% function evaluation | noise-free fitness - Fopt (-2.098800000000e+02) | best noise-free fitness - Fopt | measured fitness | best measured fitness | x1 | x2...
1 +2.076966042e+05 +2.076966042e+05 +2.074867242e+05 +2.074867242e+05 +0.0000e+00 +0.0000e+00
102 +1.986706852e+05 +1.986706852e+05 +1.984608052e+05 +1.984608052e+05 +4.7343e-01 +1.2024e-02
119 +9.503471787e+04 +9.503471787e+04 +9.482483787e+04 +9.482483787e+04 -1.3139e-01 +7.4752e-01
132 +1.307006035e+04 +1.307006035e+04 +1.286018035e+04 +1.286018035e+04 -9.9687e-03 +3.3438e-01
146 +6.326232705e+03 +6.326232705e+03 +6.116352705e+03 +6.116352705e+03 +6.4539e-01 +3.6139e-01
176 +4.527797992e+02 +4.527797992e+02 +2.428997992e+02 +2.428997992e+02 +3.2567e-01 +4.6919e-01
202 +4.010282177e+01 +4.010282177e+01 -1.697771782e+02 -1.697771782e+02 +2.6841e-01 +4.4155e-01
352 +2.060242953e+01 +2.060242953e+01 -1.892775705e+02 -1.892775705e+02 +3.7326e-01 +4.4392e-01
418 +4.569396596e+00 +4.569396596e+00 -2.053106034e+02 -2.053106034e+02 +4.0312e-01 +4.4591e-01
462 +2.059002127e+00 +2.059002127e+00 -2.078209979e+02 -2.078209979e+02 +4.0668e-01 +4.4676e-01
506 +1.507908515e+00 +1.507908515e+00 -2.083720915e+02 -2.083720915e+02 +4.0765e-01 +4.4698e-01
564 +1.190983124e+00 +1.190983124e+00 -2.086890169e+02 -2.086890169e+02 +4.2002e-01 +4.4714e-01
596 +6.472796586e-01 +6.472796586e-01 -2.092327203e+02 -2.092327203e+02 +4.1143e-01 +4.4832e-01
626 +5.669311583e-01 +5.669311583e-01 -2.093130688e+02 -2.093130688e+02 +4.3238e-01 +4.4774e-01
704 +5.195024074e-01 +5.195024074e-01 -2.093604976e+02 -2.093604976e+02 +4.2511e-01 +4.4800e-01
756 +5.019732980e-01 +5.019732980e-01 -2.093780267e+02 -2.093780267e+02 +4.3691e-01 +4.4802e-01
919 +4.969601729e-01 +4.969601729e-01 -2.093830398e+02 -2.093830398e+02 +4.4413e-01 +4.4808e-01
1187 +4.891638697e-01 +4.891638697e-01 -2.093908361e+02 -2.093908361e+02 +4.4595e-01 +4.4803e-01
1390 +4.678721104e-01 +4.678721104e-01 -2.094121279e+02 -2.094121279e+02 +4.6062e-01 +4.4800e-01
1412 +4.674882555e-01 +4.674882555e-01 -2.094125117e+02 -2.094125117e+02 +4.6092e-01 +4.4800e-01
1445 +4.517513635e-01 +4.517513635e-01 -2.094282486e+02 -2.094282486e+02 +4.7553e-01 +4.4806e-01
1479 +4.315335829e-01 +4.315335829e-01 -2.094484664e+02 -2.094484664e+02 +4.9795e-01 +4.4790e-01
1504 +4.089829076e-01 +4.089829076e-01 -2.094710171e+02 -2.094710171e+02 +5.4188e-01 +4.4817e-01
1510 +3.857945047e-01 +3.857945047e-01 -2.094942055e+02 -2.094942055e+02 +5.4183e-01 +4.4812e-01
1526 +2.987105268e-01 +2.987105268e-01 -2.095812895e+02 -2.095812895e+02 +6.4317e-01 +4.4809e-01
1533 +2.587680787e-01 +2.587680787e-01 -2.096212319e+02 -2.096212319e+02 +6.8695e-01 +4.4799e-01
1549 +1.542448184e-01 +1.542448184e-01 -2.097257552e+02 -2.097257552e+02 +8.3610e-01 +4.4791e-01
1552 +1.387689632e-01 +1.387689632e-01 -2.097412310e+02 -2.097412310e+02 +9.7856e-01 +4.4770e-01
1568 +7.886958221e-02 +7.886958221e-02 -2.098011304e+02 -2.098011304e+02 +9.5016e-01 +4.4789e-01
1584 +5.610285755e-02 +5.610285755e-02 -2.098238971e+02 -2.098238971e+02 +9.9758e-01 +4.4810e-01
1602 +4.429731758e-02 +4.429731758e-02 -2.098357027e+02 -2.098357027e+02 +1.0495e+00 +4.4787e-01
1628 +1.320765111e-02 +1.320765111e-02 -2.098667923e+02 -2.098667923e+02 +1.1779e+00 +4.4812e-01
1650 +2.338359398e-03 +2.338359398e-03 -2.098776616e+02 -2.098776616e+02 +1.1646e+00 +4.4798e-01
1782 +7.742558753e-05 +7.742558753e-05 -2.098799226e+02 -2.098799226e+02 +1.2113e+00 +4.4799e-01
1952 +4.462628789e-05 +4.462628789e-05 -2.098799554e+02 -2.098799554e+02 +1.2063e+00 +4.4799e-01
1963 +7.825225424e-06 +7.825225424e-06 -2.098799922e+02 -2.098799922e+02 +1.2056e+00 +4.4800e-01
2002 +3.417679437e-06 +3.417679437e-06 -2.098799966e+02 -2.098799966e+02 +1.2090e+00 +4.4800e-01
2090 +2.041469372e-06 +2.041469372e-06 -2.098799980e+02 -2.098799980e+02 +1.2080e+00 +4.4800e-01
2118 +1.296708035e-06 +1.296708035e-06 -2.098799987e+02 -2.098799987e+02 +1.2064e+00 +4.4800e-01
2142 +1.085288574e-06 +1.085288574e-06 -2.098799989e+02 -2.098799989e+02 +1.2062e+00 +4.4800e-01
2156 +4.855561997e-08 +4.855561997e-08 -2.098800000e+02 -2.098800000e+02 +1.2070e+00 +4.4800e-01
2278 +5.937209835e-09 +5.937209835e-09 -2.098800000e+02 -2.098800000e+02 +1.2071e+00 +4.4800e-01
% function evaluation | noise-free fitness - Fopt (-9.209000000000e+01) | best noise-free fitness - Fopt | measured fitness | best measured fitness | x1 | x2...
1 +6.430618442e+06 +6.430618442e+06 +6.430526352e+06 +6.430526352e+06 +0.0000e+00 +0.0000e+00
90 +8.364863768e+05 +8.364863768e+05 +8.363942868e+05 +8.363942868e+05 -4.6719e+00 +1.6827e+00
95 +3.250426688e+05 +3.250426688e+05 +3.249505788e+05 +3.249505788e+05 -4.3808e+00 +2.0104e+00
132 +2.356099666e+04 +2.356099666e+04 +2.346890666e+04 +2.346890666e+04 -4.0347e+00 +2.7791e+00
170 +1.688220747e+04 +1.688220747e+04 +1.679011747e+04 +1.679011747e+04 -4.0560e+00 +2.7567e+00
217 +1.340816121e+04 +1.340816121e+04 +1.331607121e+04 +1.331607121e+04 -4.1421e+00 +2.5070e+00
222 +1.418120690e+03 +1.418120690e+03 +1.326030690e+03 +1.326030690e+03 -4.0680e+00 +2.5864e+00
308 +1.087192403e+02 +1.087192403e+02 +1.662924033e+01 +1.662924033e+01 -3.7104e+00 +2.6309e+00
376 +1.971173098e+01 +1.971173098e+01 -7.237826902e+01 -7.237826902e+01 -3.6901e+00 +2.6221e+00
545 +1.840434961e+01 +1.840434961e+01 -7.368565039e+01 -7.368565039e+01 -3.5571e+00 +2.6218e+00
1280 +1.808827774e+01 +1.808827774e+01 -7.400172226e+01 -7.400172226e+01 -3.5220e+00 +2.6215e+00
1313 +1.749397514e+01 +1.749397514e+01 -7.459602486e+01 -7.459602486e+01 -3.4435e+00 +2.6218e+00
1341 +1.727302530e+01 +1.727302530e+01 -7.481697470e+01 -7.481697470e+01 -3.4046e+00 +2.6220e+00
1350 +1.626045543e+01 +1.626045543e+01 -7.582954457e+01 -7.582954457e+01 -3.1649e+00 +2.6226e+00
1351 +1.600104776e+01 +1.600104776e+01 -7.608895224e+01 -7.608895224e+01 -3.0548e+00 +2.6203e+00
1353 +1.317174146e+01 +1.317174146e+01 -7.891825854e+01 -7.891825854e+01 -2.8183e+00 +2.6207e+00
1366 +5.585301722e+00 +5.585301722e+00 -8.650469828e+01 -8.650469828e+01 -1.5160e+00 +2.6207e+00
1393 +1.443236597e-01 +1.443236597e-01 -9.194567634e+01 -9.194567634e+01 +5.6657e-01 +2.6213e+00
1430 +7.759397062e-02 +7.759397062e-02 -9.201240603e+01 -9.201240603e+01 +8.7585e-01 +2.6213e+00
1496 +1.461533017e-03 +1.461533017e-03 -9.208853847e+01 -9.208853847e+01 +7.4044e-01 +2.6216e+00
1602 +3.473889109e-04 +3.473889109e-04 -9.208965261e+01 -9.208965261e+01 +7.2140e-01 +2.6216e+00
1782 +1.948791809e-04 +1.948791809e-04 -9.208980512e+01 -9.208980512e+01 +7.1249e-01 +2.6216e+00
1826 +9.355268332e-06 +9.355268332e-06 -9.208999064e+01 -9.208999064e+01 +7.2593e-01 +2.6216e+00
1870 +3.181665662e-06 +3.181665662e-06 -9.208999682e+01 -9.208999682e+01 +7.2431e-01 +2.6216e+00
1946 +2.319978179e-06 +2.319978179e-06 -9.208999768e+01 -9.208999768e+01 +7.2522e-01 +2.6216e+00
1980 +1.055735424e-06 +1.055735424e-06 -9.208999894e+01 -9.208999894e+01 +7.2503e-01 +2.6216e+00
1987 +3.787531000e-08 +3.787531000e-08 -9.208999996e+01 -9.208999996e+01 +7.2541e-01 +2.6216e+00
2112 +3.039943408e-09 +3.039943408e-09 -9.209000000e+01 -9.209000000e+01 +7.2562e-01 +2.6216e+00
% function evaluation | noise-free fitness - Fopt (-8.789000000000e+01) | best noise-free fitness - Fopt | measured fitness | best measured fitness | x1 | x2...
1 +1.325850294e+07 +1.325850294e+07 +1.325841505e+07 +1.325841505e+07 +0.0000e+00 +0.0000e+00
56 +1.209217564e+07 +1.209217564e+07 +1.209208775e+07 +1.209208775e+07 +2.2853e+00 +1.4977e-01
62 +7.086683034e+06 +7.086683034e+06 +7.086595144e+06 +7.086595144e+06 +1.9985e+00 +8.9686e-01
71 +4.975295215e+06 +4.975295215e+06 +4.975207325e+06 +4.975207325e+06 +1.5851e+00 +1.3679e+00
80 +8.326937727e+04 +8.326937727e+04 +8.318148727e+04 +8.318148727e+04 +2.1391e+00 +3.3587e+00
90 +6.312643210e+02 +6.312643210e+02 +5.433743210e+02 +5.433743210e+02 +2.3297e+00 +3.6692e+00
180 +6.268040193e+02 +6.268040193e+02 +5.389140193e+02 +5.389140193e+02 +8.8960e-01 +3.6692e+00
198 +3.849191074e+02 +3.849191074e+02 +2.970291074e+02 +2.970291074e+02 +1.9945e+00 +3.6656e+00
264 +2.165982797e+02 +2.165982797e+02 +1.287082797e+02 +1.287082797e+02 +1.7559e+00 +3.6602e+00
312 +1.109901417e+02 +1.109901417e+02 +2.310014168e+01 +2.310014168e+01 +1.4286e+00 +3.6561e+00
396 +2.912543737e+01 +2.912543737e+01 -5.876456263e+01 -5.876456263e+01 +1.5827e+00 +3.6509e+00
471 +1.814849389e+01 +1.814849389e+01 -6.974150611e+01 -6.974150611e+01 +1.7077e+00 +3.6419e+00
487 +4.859103710e+00 +4.859103710e+00 -8.303089629e+01 -8.303089629e+01 +1.6688e+00 +3.6473e+00
616 +3.301551947e+00 +3.301551947e+00 -8.458844805e+01 -8.458844805e+01 +1.7542e+00 +3.6445e+00
638 +3.226277975e+00 +3.226277975e+00 -8.466372203e+01 -8.466372203e+01 +1.7579e+00 +3.6466e+00
660 +2.134379813e+00 +2.134379813e+00 -8.575562019e+01 -8.575562019e+01 +1.7731e+00 +3.6458e+00
755 +2.072500034e+00 +2.072500034e+00 -8.581749997e+01 -8.581749997e+01 +1.7360e+00 +3.6455e+00
912 +2.027652465e+00 +2.027652465e+00 -8.586234753e+01 -8.586234753e+01 +1.6770e+00 +3.6456e+00
1195 +1.992291011e+00 +1.992291011e+00 -8.589770899e+01 -8.589770899e+01 +1.5483e+00 +3.6458e+00
1216 +1.769905929e+00 +1.769905929e+00 -8.612009407e+01 -8.612009407e+01 +1.4463e+00 +3.6455e+00
1235 +1.490804254e+00 +1.490804254e+00 -8.639919575e+01 -8.639919575e+01 +1.3608e+00 +3.6455e+00
1264 +1.320863066e+00 +1.320863066e+00 -8.656913693e+01 -8.656913693e+01 +1.3138e+00 +3.6455e+00
1270 +7.801754875e-01 +7.801754875e-01 -8.710982451e+01 -8.710982451e+01 +1.1358e+00 +3.6459e+00
1279 +2.130313411e-01 +2.130313411e-01 -8.767696866e+01 -8.767696866e+01 +6.7241e-01 +3.6458e+00
1301 +1.126378890e-01 +1.126378890e-01 -8.777736211e+01 -8.777736211e+01 +5.6292e-01 +3.6457e+00
1308 +8.937548972e-04 +8.937548972e-04 -8.788910625e+01 -8.788910625e+01 +2.5815e-01 +3.6456e+00
1452 +7.734569762e-04 +7.734569762e-04 -8.788922654e+01 -8.788922654e+01 +2.6463e-01 +3.6456e+00
1518 +2.731986234e-04 +2.731986234e-04 -8.788972680e+01 -8.788972680e+01 +2.2307e-01 +3.6456e+00
1567 +1.100437488e-04 +1.100437488e-04 -8.788988996e+01 -8.788988996e+01 +2.3684e-01 +3.6456e+00
1622 +8.407178345e-05 +8.407178345e-05 -8.788991593e+01 -8.788991593e+01 +2.4055e-01 +3.6456e+00
1650 +1.224855768e-05 +1.224855768e-05 -8.788998775e+01 -8.788998775e+01 +2.3587e-01 +3.6456e+00
1677 +5.805312597e-06 +5.805312597e-06 -8.788999419e+01 -8.788999419e+01 +2.4041e-01 +3.6456e+00
1738 +4.075587000e-06 +4.075587000e-06 -8.788999592e+01 -8.788999592e+01 +2.4018e-01 +3.6456e+00
1760 +6.897326159e-07 +6.897326159e-07 -8.788999931e+01 -8.788999931e+01 +2.3875e-01 +3.6456e+00
1877 +6.673799504e-07 +6.673799504e-07 -8.788999933e+01 -8.788999933e+01 +2.3985e-01 +3.6456e+00
1887 +4.136787481e-07 +4.136787481e-07 -8.788999959e+01 -8.788999959e+01 +2.3859e-01 +3.6456e+00
1927 +2.742627316e-07 +2.742627316e-07 -8.788999973e+01 -8.788999973e+01 +2.3875e-01 +3.6456e+00
1932 +7.683138392e-08 +7.683138392e-08 -8.788999992e+01 -8.788999992e+01 +2.3931e-01 +3.6456e+00
1936 +2.961741075e-09 +2.961741075e-09 -8.789000000e+01 -8.789000000e+01 +2.3924e-01 +3.6456e+00
% function evaluation | noise-free fitness - Fopt (3.201900000000e+02) | best noise-free fitness - Fopt | measured fitness | best measured fitness | x1 | x2...
1 +6.283126796e+06 +6.283126796e+06 +6.283446986e+06 +6.283446986e+06 +0.0000e+00 +0.0000e+00
2 +3.557774160e+06 +3.557774160e+06 +3.558094350e+06 +3.558094350e+06 +1.4079e+00 -4.2335e-01
3 +3.176075085e+06 +3.176075085e+06 +3.176395275e+06 +3.176395275e+06 +1.5679e+00 -4.8993e-01
4 +2.972454418e+06 +2.972454418e+06 +2.972774608e+06 +2.972774608e+06 +1.4599e+00 -5.2966e-01
8 +2.879972991e+06 +2.879972991e+06 +2.880293181e+06 +2.880293181e+06 +1.5955e+00 -5.4912e-01
9 +2.744002157e+06 +2.744002157e+06 +2.744322347e+06 +2.744322347e+06 +1.5856e+00 -5.7987e-01
15 +2.275416072e+06 +2.275416072e+06 +2.275736262e+06 +2.275736262e+06 +1.5373e+00 -7.2470e-01
25 +2.060258678e+06 +2.060258678e+06 +2.060578868e+06 +2.060578868e+06 +1.6871e+00 -8.7207e-01
32 +1.988392492e+06 +1.988392492e+06 +1.988712682e+06 +1.988712682e+06 +1.4228e+00 -9.9519e-01
48 +1.937773749e+06 +1.937773749e+06 +1.938093939e+06 +1.938093939e+06 +1.1277e+00 -1.0567e+00
53 +4.270123871e+05 +4.270123871e+05 +4.273325771e+05 +4.273325771e+05 +1.5048e+00 -1.7596e+00
83 +3.480122427e+04 +3.480122427e+04 +3.512141427e+04 +3.512141427e+04 +1.3727e+00 -2.1763e+00
94 +5.182286606e+03 +5.182286606e+03 +5.502476606e+03 +5.502476606e+03 +1.0033e+00 -2.2836e+00
108 +1.689047005e+03 +1.689047005e+03 +2.009237005e+03 +2.009237005e+03 +1.5571e+00 -2.3191e+00
130 +1.101988521e+03 +1.101988521e+03 +1.422178521e+03 +1.422178521e+03 +3.0982e+00 -2.3246e+00
202 +9.461954630e+01 +9.461954630e+01 +4.148095463e+02 +4.148095463e+02 +2.0926e+00 -2.3707e+00
211 +1.408847537e+01 +1.408847537e+01 +3.342784754e+02 +3.342784754e+02 +2.8342e+00 -2.3629e+00
217 +9.977163922e+00 +9.977163922e+00 +3.301671639e+02 +3.301671639e+02 +2.8149e+00 -2.3609e+00
270 +8.624705490e+00 +8.624705490e+00 +3.288147055e+02 +3.288147055e+02 +2.0532e+00 -2.3594e+00
952 +8.145245654e+00 +8.145245654e+00 +3.283352457e+02 +3.283352457e+02 +2.3590e+00 -2.3604e+00
956 +7.972465382e+00 +7.972465382e+00 +3.281624654e+02 +3.281624654e+02 +2.3026e+00 -2.3604e+00
960 +6.166605613e+00 +6.166605613e+00 +3.263566056e+02 +3.263566056e+02 +1.8861e+00 -2.3611e+00
971 +2.734824947e+00 +2.734824947e+00 +3.229248249e+02 +3.229248249e+02 +1.5504e-01 -2.3623e+00
993 +2.004614528e+00 +2.004614528e+00 +3.221946145e+02 +3.221946145e+02 +3.6408e-01 -2.3596e+00
1012 +1.816078759e+00 +1.816078759e+00 +3.220060788e+02 +3.220060788e+02 +7.8964e-01 -2.3609e+00
1016 +9.627215704e-01 +9.627215704e-01 +3.211527216e+02 +3.211527216e+02 -1.3626e+00 -2.3612e+00
1018 +4.759964912e-01 +4.759964912e-01 +3.206659965e+02 +3.206659965e+02 -1.1124e+00 -2.3605e+00
1056 +3.375819017e-01 +3.375819017e-01 +3.205275819e+02 +3.205275819e+02 -1.0403e+00 -2.3607e+00
1068 +3.069280078e-01 +3.069280078e-01 +3.204969280e+02 +3.204969280e+02 -9.2485e-01 -2.3611e+00
1078 +1.034678218e-01 +1.034678218e-01 +3.202934678e+02 +3.202934678e+02 -7.3419e-01 -2.3609e+00
1139 +4.400452344e-03 +4.400452344e-03 +3.201944005e+02 +3.201944005e+02 -4.4187e-01 -2.3609e+00
1188 +3.519298240e-03 +3.519298240e-03 +3.201935193e+02 +3.201935193e+02 -4.0330e-01 -2.3608e+00
1276 +3.268496983e-03 +3.268496983e-03 +3.201932685e+02 +3.201932685e+02 -3.8141e-01 -2.3608e+00
1308 +3.067558484e-03 +3.067558484e-03 +3.201930676e+02 +3.201930676e+02 -4.3342e-01 -2.3609e+00
1315 +2.258004153e-03 +2.258004153e-03 +3.201922580e+02 +3.201922580e+02 -4.3064e-01 -2.3608e+00
1320 +1.254044321e-03 +1.254044321e-03 +3.201912540e+02 +3.201912540e+02 -3.9526e-01 -2.3608e+00
1342 +8.785704827e-04 +8.785704827e-04 +3.201908786e+02 +3.201908786e+02 -4.2993e-01 -2.3608e+00
1398 +2.998172864e-04 +2.998172864e-04 +3.201902998e+02 +3.201902998e+02 -4.1492e-01 -2.3608e+00
1408 +7.793088139e-05 +7.793088139e-05 +3.201900779e+02 +3.201900779e+02 -4.4085e-01 -2.3608e+00
1430 +3.067691978e-06 +3.067691978e-06 +3.201900031e+02 +3.201900031e+02 -4.3103e-01 -2.3608e+00
1518 +1.687441511e-06 +1.687441511e-06 +3.201900017e+02 +3.201900017e+02 -4.3217e-01 -2.3608e+00
1606 +1.300579527e-06 +1.300579527e-06 +3.201900013e+02 +3.201900013e+02 -4.3390e-01 -2.3608e+00
1683 +1.098595135e-06 +1.098595135e-06 +3.201900011e+02 +3.201900011e+02 -4.3379e-01 -2.3608e+00
1694 +2.167173534e-07 +2.167173534e-07 +3.201900002e+02 +3.201900002e+02 -4.3242e-01 -2.3608e+00
1738 +1.598746167e-07 +1.598746167e-07 +3.201900002e+02 +3.201900002e+02 -4.3291e-01 -2.3608e+00
1774 +9.389026445e-08 +9.389026445e-08 +3.201900001e+02 +3.201900001e+02 -4.3300e-01 -2.3608e+00
1826 +6.156983545e-08 +6.156983545e-08 +3.201900001e+02 +3.201900001e+02 -4.3305e-01 -2.3608e+00
1834 +2.032606972e-09 +2.032606972e-09 +3.201900000e+02 +3.201900000e+02 -4.3278e-01 -2.3608e+00
% function evaluation | noise-free fitness - Fopt (-1.042400000000e+02) | best noise-free fitness - Fopt | measured fitness | best measured fitness | x1 | x2...
1 +1.523048660e+07 +1.523048660e+07 +1.523038236e+07 +1.523038236e+07 +0.0000e+00 +0.0000e+00
3 +1.407258715e+07 +1.407258715e+07 +1.407248291e+07 +1.407248291e+07 -2.1999e+00 -1.3072e-01
27 +1.242449611e+07 +1.242449611e+07 +1.242439187e+07 +1.242439187e+07 -1.6867e+00 -3.2466e-01
28 +1.207288847e+07 +1.207288847e+07 +1.207278423e+07 +1.207278423e+07 -2.1617e+00 -3.6844e-01
35 +1.060104078e+07 +1.060104078e+07 +1.060093654e+07 +1.060093654e+07 -2.1295e+00 -5.6949e-01
36 +1.031652172e+07 +1.031652172e+07 +1.031641748e+07 +1.031641748e+07 -2.3524e+00 -6.1328e-01
42 +7.552448209e+06 +7.552448209e+06 +7.552343969e+06 +7.552343969e+06 -2.0665e+00 -1.2546e+00
46 +1.949217751e+06 +1.949217751e+06 +1.949113511e+06 +1.949113511e+06 -2.1752e+00 -2.6050e+00
50 +4.548951405e+04 +4.548951405e+04 +4.538527405e+04 +4.538527405e+04 -2.3226e+00 -4.1308e+00
88 +9.244907711e+03 +9.244907711e+03 +9.140667711e+03 +9.140667711e+03 -2.8542e+00 -3.8282e+00
159 +4.081880155e+03 +4.081880155e+03 +3.977640155e+03 +3.977640155e+03 -2.7293e+00 -3.8503e+00
176 +3.109765072e+03 +3.109765072e+03 +3.005525072e+03 +3.005525072e+03 -2.3193e+00 -3.9770e+00
288 +2.422427117e+03 +2.422427117e+03 +2.318187117e+03 +2.318187117e+03 -2.8787e+00 -3.8740e+00
296 +4.329533270e+02 +4.329533270e+02 +3.287133270e+02 +3.287133270e+02 -2.4546e+00 -3.8992e+00
321 +1.688815102e+02 +1.688815102e+02 +6.464151016e+01 +6.464151016e+01 -3.0124e+00 -3.9076e+00
372 +5.769160932e+01 +5.769160932e+01 -4.654839068e+01 -4.654839068e+01 -2.0856e+00 -3.9278e+00
442 +5.296922465e+01 +5.296922465e+01 -5.127077535e+01 -5.127077535e+01 -2.2194e+00 -3.9273e+00
447 +7.026468208e+00 +7.026468208e+00 -9.721353179e+01 -9.721353179e+01 -2.3086e+00 -3.9196e+00
528 +6.187283595e+00 +6.187283595e+00 -9.805271641e+01 -9.805271641e+01 -2.1765e+00 -3.9200e+00
612 +5.678106743e+00 +5.678106743e+00 -9.856189326e+01 -9.856189326e+01 -2.0207e+00 -3.9196e+00
812 +5.061895564e+00 +5.061895564e+00 -9.917810444e+01 -9.917810444e+01 -1.9064e+00 -3.9200e+00
1217 +4.964559481e+00 +4.964559481e+00 -9.927544052e+01 -9.927544052e+01 -1.8714e+00 -3.9202e+00
1235 +4.684333878e+00 +4.684333878e+00 -9.955566612e+01 -9.955566612e+01 -1.7921e+00 -3.9202e+00
1239 +4.483432281e+00 +4.483432281e+00 -9.975656772e+01 -9.975656772e+01 -1.7028e+00 -3.9203e+00
1245 +4.210683455e+00 +4.210683455e+00 -1.000293165e+02 -1.000293165e+02 -1.6288e+00 -3.9203e+00
1258 +2.676332535e+00 +2.676332535e+00 -1.015636675e+02 -1.015636675e+02 -1.0917e+00 -3.9198e+00
1279 +8.225183175e-01 +8.225183175e-01 -1.034174817e+02 -1.034174817e+02 -5.1326e-01 -3.9197e+00
1297 +3.999003393e-01 +3.999003393e-01 -1.038400997e+02 -1.038400997e+02 -5.6410e-02 -3.9196e+00
1308 +1.681275294e-01 +1.681275294e-01 -1.040718725e+02 -1.040718725e+02 +7.4072e-01 -3.9198e+00
1334 +1.453859529e-01 +1.453859529e-01 -1.040946140e+02 -1.040946140e+02 +3.0735e-01 -3.9196e+00
1342 +1.774353371e-02 +1.774353371e-02 -1.042222565e+02 -1.042222565e+02 +3.0967e-01 -3.9199e+00
1408 +6.845166306e-04 +6.845166306e-04 -1.042393155e+02 -1.042393155e+02 +4.1866e-01 -3.9200e+00
1540 +6.011211794e-04 +6.011211794e-04 -1.042393989e+02 -1.042393989e+02 +4.1765e-01 -3.9200e+00
1591 +2.595551788e-04 +2.595551788e-04 -1.042397404e+02 -1.042397404e+02 +4.0792e-01 -3.9200e+00
1606 +2.543557192e-04 +2.543557192e-04 -1.042397456e+02 -1.042397456e+02 +3.8906e-01 -3.9200e+00
1672 +1.375401990e-04 +1.375401990e-04 -1.042398625e+02 -1.042398625e+02 +3.9921e-01 -3.9200e+00
1686 +6.832575440e-05 +6.832575440e-05 -1.042399317e+02 -1.042399317e+02 +3.9154e-01 -3.9200e+00
1738 +3.526839546e-05 +3.526839546e-05 -1.042399647e+02 -1.042399647e+02 +3.8934e-01 -3.9200e+00
1760 +2.522649186e-05 +2.522649186e-05 -1.042399748e+02 -1.042399748e+02 +3.9094e-01 -3.9200e+00
1782 +1.056573653e-05 +1.056573653e-05 -1.042399894e+02 -1.042399894e+02 +3.9177e-01 -3.9200e+00
1870 +4.938544819e-06 +4.938544819e-06 -1.042399951e+02 -1.042399951e+02 +3.9552e-01 -3.9200e+00
1892 +4.657768486e-06 +4.657768486e-06 -1.042399953e+02 -1.042399953e+02 +3.9525e-01 -3.9200e+00
1958 +5.693290177e-07 +5.693290177e-07 -1.042399994e+02 -1.042399994e+02 +3.9396e-01 -3.9200e+00
2024 +1.007939829e-07 +1.007939829e-07 -1.042399999e+02 -1.042399999e+02 +3.9457e-01 -3.9200e+00
2125 +6.974153166e-08 +6.974153166e-08 -1.042399999e+02 -1.042399999e+02 +3.9460e-01 -3.9200e+00
2178 +6.883709602e-08 +6.883709602e-08 -1.042399999e+02 -1.042399999e+02 +3.9444e-01 -3.9200e+00
2200 +3.912977320e-08 +3.912977320e-08 -1.042400000e+02 -1.042400000e+02 +3.9441e-01 -3.9200e+00
2232 +2.196813398e-09 +2.196813398e-09 -1.042400000e+02 -1.042400000e+02 +3.9440e-01 -3.9200e+00
% function evaluation | noise-free fitness - Fopt (-1.843100000000e+02) | best noise-free fitness - Fopt | measured fitness | best measured fitness | x1 | x2...
1 +5.083025585e+04 +5.083025585e+04 +5.064594585e+04 +5.064594585e+04 +0.0000e+00 +0.0000e+00
91 +2.043220433e+03 +2.043220433e+03 +1.858910433e+03 +1.858910433e+03 +9.4337e-01 +1.8253e-01
122 +1.884020859e+03 +1.884020859e+03 +1.699710859e+03 +1.699710859e+03 +2.5929e-01 +2.6775e-01
176 +6.593371312e+00 +6.593371312e+00 -1.777166287e+02 -1.777166287e+02 +1.1668e+00 +2.2223e-01
271 +4.805107329e+00 +4.805107329e+00 -1.795048927e+02 -1.795048927e+02 +1.0490e+00 +2.2675e-01
465 +1.457259674e+00 +1.457259674e+00 -1.828527403e+02 -1.828527403e+02 +7.0744e-01 +2.2497e-01
518 +1.203848091e+00 +1.203848091e+00 -1.831061519e+02 -1.831061519e+02 +8.8699e-01 +2.2537e-01
550 +1.081714276e+00 +1.081714276e+00 -1.832282857e+02 -1.832282857e+02 +8.7305e-01 +2.2519e-01
593 +9.728541751e-01 +9.728541751e-01 -1.833371458e+02 -1.833371458e+02 +8.7653e-01 +2.2453e-01
623 +9.442952441e-01 +9.442952441e-01 -1.833657048e+02 -1.833657048e+02 +8.8227e-01 +2.2504e-01
1006 +8.295800066e-01 +8.295800066e-01 -1.834804200e+02 -1.834804200e+02 +9.2732e-01 +2.2503e-01
1017 +7.774725477e-01 +7.774725477e-01 -1.835325275e+02 -1.835325275e+02 +9.5696e-01 +2.2507e-01
1022 +7.137383285e-01 +7.137383285e-01 -1.835962617e+02 -1.835962617e+02 +9.6751e-01 +2.2495e-01
1024 +5.617795747e-01 +5.617795747e-01 -1.837482204e+02 -1.837482204e+02 +1.0728e+00 +2.2454e-01
1048 +1.665834613e-01 +1.665834613e-01 -1.841434165e+02 -1.841434165e+02 +1.4816e+00 +2.2496e-01
1077 +1.501309980e-01 +1.501309980e-01 -1.841598690e+02 -1.841598690e+02 +1.6190e+00 +2.2511e-01
1085 +1.339378232e-02 +1.339378232e-02 -1.842966062e+02 -1.842966062e+02 +1.7379e+00 +2.2485e-01
1178 +4.451459399e-03 +4.451459399e-03 -1.843055485e+02 -1.843055485e+02 +1.7741e+00 +2.2478e-01
1202 +3.265429235e-03 +3.265429235e-03 -1.843067346e+02 -1.843067346e+02 +1.8638e+00 +2.2475e-01
1222 +2.445101031e-03 +2.445101031e-03 -1.843075549e+02 -1.843075549e+02 +1.8863e+00 +2.2477e-01
1232 +3.304329777e-04 +3.304329777e-04 -1.843096696e+02 -1.843096696e+02 +1.8279e+00 +2.2481e-01
1276 +2.435296326e-04 +2.435296326e-04 -1.843097565e+02 -1.843097565e+02 +1.8346e+00 +2.2479e-01
1354 +2.297277354e-04 +2.297277354e-04 -1.843097703e+02 -1.843097703e+02 +1.8323e+00 +2.2479e-01
1364 +3.430751036e-05 +3.430751036e-05 -1.843099657e+02 -1.843099657e+02 +1.8405e+00 +2.2479e-01
1488 +8.423612115e-06 +8.423612115e-06 -1.843099916e+02 -1.843099916e+02 +1.8449e+00 +2.2480e-01
1496 +7.091084512e-06 +7.091084512e-06 -1.843099929e+02 -1.843099929e+02 +1.8460e+00 +2.2480e-01
1591 +5.689218199e-06 +5.689218199e-06 -1.843099943e+02 -1.843099943e+02 +1.8427e+00 +2.2480e-01
1596 +4.765838327e-06 +4.765838327e-06 -1.843099952e+02 -1.843099952e+02 +1.8410e+00 +2.2480e-01
1606 +1.821694610e-06 +1.821694610e-06 -1.843099982e+02 -1.843099982e+02 +1.8445e+00 +2.2480e-01
1647 +1.396382743e-07 +1.396382743e-07 -1.843099999e+02 -1.843099999e+02 +1.8429e+00 +2.2480e-01
1716 +9.153978908e-09 +9.153978908e-09 -1.843100000e+02 -1.843100000e+02 +1.8432e+00 +2.2480e-01
% function evaluation | noise-free fitness - Fopt (5.684000000000e+01) | best noise-free fitness - Fopt | measured fitness | best measured fitness | x1 | x2...
1 +7.061712558e+06 +7.061712558e+06 +7.061769398e+06 +7.061769398e+06 +0.0000e+00 +0.0000e+00
2 +5.896946727e+05 +5.896946727e+05 +5.897515127e+05 +5.897515127e+05 +1.1088e+00 -1.6833e+00
5 +5.081250356e+05 +5.081250356e+05 +5.081818756e+05 +5.081818756e+05 +1.2482e+00 -1.7804e+00
24 +1.483279093e+05 +1.483279093e+05 +1.483847493e+05 +1.483847493e+05 +1.0691e+00 -2.1212e+00
48 +1.144567409e+05 +1.144567409e+05 +1.145135809e+05 +1.145135809e+05 +8.7600e-01 -2.1959e+00
50 +4.766586650e+03 +4.766586650e+03 +4.823426650e+03 +4.823426650e+03 +1.0005e+00 -2.4538e+00
60 +3.678178530e+03 +3.678178530e+03 +3.735018530e+03 +3.735018530e+03 +8.9932e-01 -2.4664e+00
61 +2.510021464e+01 +2.510021464e+01 +8.194021464e+01 +8.194021464e+01 +2.1343e+00 -2.5244e+00
276 +6.527714985e+00 +6.527714985e+00 +6.336771498e+01 +6.336771498e+01 +1.6428e+00 -2.5267e+00
344 +4.800978545e+00 +4.800978545e+00 +6.164097854e+01 +6.164097854e+01 +1.8578e+00 -2.5271e+00
365 +2.427255963e+00 +2.427255963e+00 +5.926725596e+01 +5.926725596e+01 +1.4738e+00 -2.5275e+00
400 +1.581414216e+00 +1.581414216e+00 +5.842141422e+01 +5.842141422e+01 +1.5854e+00 -2.5282e+00
462 +1.512079487e+00 +1.512079487e+00 +5.835207949e+01 +5.835207949e+01 +1.5503e+00 -2.5281e+00
506 +1.405598897e+00 +1.405598897e+00 +5.824559890e+01 +5.824559890e+01 +1.5704e+00 -2.5283e+00
575 +1.274831075e+00 +1.274831075e+00 +5.811483107e+01 +5.811483107e+01 +1.4426e+00 -2.5280e+00
580 +1.081890243e+00 +1.081890243e+00 +5.792189024e+01 +5.792189024e+01 +1.5512e+00 -2.5287e+00
652 +1.035874091e+00 +1.035874091e+00 +5.787587409e+01 +5.787587409e+01 +1.5420e+00 -2.5288e+00
660 +9.604040858e-01 +9.604040858e-01 +5.780040409e+01 +5.780040409e+01 +1.5006e+00 -2.5291e+00
692 +7.810819755e-01 +7.810819755e-01 +5.762108198e+01 +5.762108198e+01 +1.4582e+00 -2.5286e+00
716 +6.775420307e-01 +6.775420307e-01 +5.751754203e+01 +5.751754203e+01 +1.3249e+00 -2.5284e+00
726 +6.408084815e-01 +6.408084815e-01 +5.748080848e+01 +5.748080848e+01 +1.4023e+00 -2.5287e+00
736 +5.508909102e-01 +5.508909102e-01 +5.739089091e+01 +5.739089091e+01 +1.2278e+00 -2.5285e+00
778 +5.095351169e-01 +5.095351169e-01 +5.734953512e+01 +5.734953512e+01 +1.1637e+00 -2.5290e+00
789 +4.000432884e-01 +4.000432884e-01 +5.724004329e+01 +5.724004329e+01 +1.0154e+00 -2.5284e+00
967 +3.980329336e-01 +3.980329336e-01 +5.723803293e+01 +5.723803293e+01 +1.1112e+00 -2.5289e+00
1092 +1.901165503e-01 +1.901165503e-01 +5.703011655e+01 +5.703011655e+01 +9.8126e-01 -2.5289e+00
1109 +1.670268724e-01 +1.670268724e-01 +5.700702687e+01 +5.700702687e+01 +8.9075e-01 -2.5286e+00
1112 +1.216431636e-01 +1.216431636e-01 +5.696164316e+01 +5.696164316e+01 +8.6462e-01 -2.5289e+00
1130 +3.755760211e-02 +3.755760211e-02 +5.687755760e+01 +5.687755760e+01 +3.9642e-01 -2.5289e+00
1140 +1.609337785e-02 +1.609337785e-02 +5.685609338e+01 +5.685609338e+01 +4.3344e-01 -2.5289e+00
1144 +1.375840553e-02 +1.375840553e-02 +5.685375841e+01 +5.685375841e+01 +6.3759e-01 -2.5288e+00
1157 +2.643517931e-04 +2.643517931e-04 +5.684026435e+01 +5.684026435e+01 +5.1706e-01 -2.5288e+00
1364 +1.823578670e-05 +1.823578670e-05 +5.684001824e+01 +5.684001824e+01 +5.3661e-01 -2.5288e+00
1378 +1.456310087e-05 +1.456310087e-05 +5.684001456e+01 +5.684001456e+01 +5.3644e-01 -2.5288e+00
1546 +6.293200684e-06 +6.293200684e-06 +5.684000629e+01 +5.684000629e+01 +5.3022e-01 -2.5288e+00
1562 +5.128232914e-06 +5.128232914e-06 +5.684000513e+01 +5.684000513e+01 +5.3378e-01 -2.5288e+00
1584 +4.283650952e-06 +4.283650952e-06 +5.684000428e+01 +5.684000428e+01 +5.3229e-01 -2.5288e+00
1590 +2.434332394e-06 +2.434332394e-06 +5.684000243e+01 +5.684000243e+01 +5.3124e-01 -2.5288e+00
1628 +1.196626386e-06 +1.196626386e-06 +5.684000120e+01 +5.684000120e+01 +5.3381e-01 -2.5288e+00
1716 +1.714561790e-07 +1.714561790e-07 +5.684000017e+01 +5.684000017e+01 +5.3320e-01 -2.5288e+00
1738 +5.437083672e-08 +5.437083672e-08 +5.684000005e+01 +5.684000005e+01 +5.3256e-01 -2.5288e+00
1751 +5.093305333e-09 +5.093305333e-09 +5.684000001e+01 +5.684000001e+01 +5.3275e-01 -2.5288e+00
% function evaluation | noise-free fitness - Fopt (-1.897300000000e+02) | best noise-free fitness - Fopt | measured fitness | best measured fitness | x1 | x2...
1 +5.293160004e+05 +5.293160004e+05 +5.291262704e+05 +5.291262704e+05 +0.0000e+00 +0.0000e+00
46 +5.152390615e+05 +5.152390615e+05 +5.150493315e+05 +5.150493315e+05 +2.1705e+00 -2.3627e-02
58 +1.280065337e+05 +1.280065337e+05 +1.278168037e+05 +1.278168037e+05 +2.0937e+00 -4.2449e-01
77 +3.246756467e+03 +3.246756467e+03 +3.057026467e+03 +3.057026467e+03 +2.3898e+00 -8.4794e-01
91 +1.850871564e+03 +1.850871564e+03 +1.661141564e+03 +1.661141564e+03 +2.2273e+00 -8.2888e-01
147 +1.357339908e+03 +1.357339908e+03 +1.167609908e+03 +1.167609908e+03 +9.8025e-01 -7.4960e-01
148 +4.845066195e+01 +4.845066195e+01 -1.412793381e+02 -1.412793381e+02 +1.7836e+00 -7.9622e-01
202 +1.813837055e+01 +1.813837055e+01 -1.715916294e+02 -1.715916294e+02 +1.6836e+00 -7.8485e-01
308 +2.263464702e+00 +2.263464702e+00 -1.874665353e+02 -1.874665353e+02 +1.4024e+00 -7.9021e-01
418 +1.938555451e-01 +1.938555451e-01 -1.895361445e+02 -1.895361445e+02 +1.2985e+00 -7.8860e-01
499 +1.077768307e-01 +1.077768307e-01 -1.896222232e+02 -1.896222232e+02 +1.1579e+00 -7.8900e-01
1055 +8.678455000e-02 +8.678455000e-02 -1.896432155e+02 -1.896432155e+02 +1.1671e+00 -7.8871e-01
1061 +5.586793146e-02 +5.586793146e-02 -1.896741321e+02 -1.896741321e+02 +1.1082e+00 -7.8889e-01
1063 +4.830726517e-02 +4.830726517e-02 -1.896816927e+02 -1.896816927e+02 +1.0740e+00 -7.8892e-01
1086 +3.224785026e-02 +3.224785026e-02 -1.896977521e+02 -1.896977521e+02 +8.8802e-01 -7.8863e-01
1122 +2.334438654e-02 +2.334438654e-02 -1.897066556e+02 -1.897066556e+02 +1.0477e+00 -7.8878e-01
1125 +9.972543246e-03 +9.972543246e-03 -1.897200275e+02 -1.897200275e+02 +9.6880e-01 -7.8887e-01
1144 +2.697760932e-03 +2.697760932e-03 -1.897273022e+02 -1.897273022e+02 +8.8277e-01 -7.8875e-01
1159 +1.872915978e-03 +1.872915978e-03 -1.897281271e+02 -1.897281271e+02 +9.0452e-01 -7.8876e-01
1209 +4.925478049e-04 +4.925478049e-04 -1.897295075e+02 -1.897295075e+02 +8.8169e-01 -7.8878e-01
1298 +2.405323264e-04 +2.405323264e-04 -1.897297595e+02 -1.897297595e+02 +8.8103e-01 -7.8881e-01
1340 +2.556231266e-05 +2.556231266e-05 -1.897299744e+02 -1.897299744e+02 +8.9617e-01 -7.8880e-01
1397 +7.069023127e-06 +7.069023127e-06 -1.897299929e+02 -1.897299929e+02 +8.9152e-01 -7.8880e-01
1562 +4.571355703e-07 +4.571355703e-07 -1.897299995e+02 -1.897299995e+02 +8.9258e-01 -7.8880e-01
1700 +4.500281534e-07 +4.500281534e-07 -1.897299995e+02 -1.897299995e+02 +8.9152e-01 -7.8880e-01
1716 +2.691372742e-07 +2.691372742e-07 -1.897299997e+02 -1.897299997e+02 +8.9153e-01 -7.8880e-01
1741 +1.827957874e-07 +1.827957874e-07 -1.897299998e+02 -1.897299998e+02 +8.9242e-01 -7.8880e-01
1782 +1.422657192e-08 +1.422657192e-08 -1.897300000e+02 -1.897300000e+02 +8.9190e-01 -7.8880e-01
1804 +1.278036166e-08 +1.278036166e-08 -1.897300000e+02 -1.897300000e+02 +8.9208e-01 -7.8880e-01
1864 +1.022840479e-09 +1.022840479e-09 -1.897300000e+02 -1.897300000e+02 +8.9198e-01 -7.8880e-01
% function evaluation | noise-free fitness - Fopt (4.659700000000e+02) | best noise-free fitness - Fopt | measured fitness | best measured fitness | x1 | x2...
1 +7.741862449e+04 +7.741862449e+04 +7.788459449e+04 +7.788459449e+04 +0.0000e+00 +0.0000e+00
71 +1.422009154e+04 +1.422009154e+04 +1.468606154e+04 +1.468606154e+04 +5.0489e-01 -1.5726e-01
94 +8.816965445e+03 +8.816965445e+03 +9.282935445e+03 +9.282935445e+03 +1.4976e-01 -1.8315e-01
119 +2.494258113e+03 +2.494258113e+03 +2.960228113e+03 +2.960228113e+03 +3.9400e-01 -2.2712e-01
161 +7.459391104e+00 +7.459391104e+00 +4.734293911e+02 +4.734293911e+02 +2.8175e-01 -2.7508e-01
308 +4.813213127e+00 +4.813213127e+00 +4.707832131e+02 +4.707832131e+02 +4.1053e-03 -2.7479e-01
536 +4.591901288e+00 +4.591901288e+00 +4.705619013e+02 +4.705619013e+02 +1.4854e-01 -2.7311e-01
638 +3.600887657e+00 +3.600887657e+00 +4.695708877e+02 +4.695708877e+02 +4.2310e-03 -2.7399e-01
660 +3.358781348e+00 +3.358781348e+00 +4.693287813e+02 +4.693287813e+02 -1.0188e-02 -2.7346e-01
716 +3.085495191e+00 +3.085495191e+00 +4.690554952e+02 +4.690554952e+02 -1.1761e-01 -2.7409e-01
723 +2.914427620e+00 +2.914427620e+00 +4.688844276e+02 +4.688844276e+02 -9.2160e-02 -2.7361e-01
756 +2.715629183e+00 +2.715629183e+00 +4.686856292e+02 +4.686856292e+02 -2.0816e-01 -2.7406e-01
826 +2.506788309e+00 +2.506788309e+00 +4.684767883e+02 +4.684767883e+02 -2.0427e-01 -2.7381e-01
840 +2.238933309e+00 +2.238933309e+00 +4.682089333e+02 +4.682089333e+02 -3.2937e-01 -2.7388e-01
946 +2.132242815e+00 +2.132242815e+00 +4.681022428e+02 +4.681022428e+02 -3.5785e-01 -2.7367e-01
953 +2.025461485e+00 +2.025461485e+00 +4.679954615e+02 +4.679954615e+02 -4.9910e-01 -2.7349e-01
975 +7.045418385e-01 +7.045418385e-01 +4.666745418e+02 +4.666745418e+02 -1.5891e+00 -2.7441e-01
996 +1.653715161e-01 +1.653715161e-01 +4.661353715e+02 +4.661353715e+02 -1.6044e+00 -2.7333e-01
1003 +4.513159986e-02 +4.513159986e-02 +4.660151316e+02 +4.660151316e+02 -1.7464e+00 -2.7373e-01
1096 +3.826690648e-02 +3.826690648e-02 +4.660082669e+02 +4.660082669e+02 -1.9498e+00 -2.7380e-01
1122 +7.333225384e-03 +7.333225384e-03 +4.659773332e+02 +4.659773332e+02 -1.8778e+00 -2.7368e-01
1166 +2.473179991e-03 +2.473179991e-03 +4.659724732e+02 +4.659724732e+02 -1.9587e+00 -2.7360e-01
1232 +7.447025287e-04 +7.447025287e-04 +4.659707447e+02 +4.659707447e+02 -1.9074e+00 -2.7357e-01
1249 +1.603083039e-04 +1.603083039e-04 +4.659701603e+02 +4.659701603e+02 -1.8990e+00 -2.7360e-01
1276 +1.190249325e-04 +1.190249325e-04 +4.659701190e+02 +4.659701190e+02 -1.9008e+00 -2.7360e-01
1318 +1.907897905e-05 +1.907897905e-05 +4.659700191e+02 +4.659700191e+02 -1.9113e+00 -2.7360e-01
1342 +1.074963097e-05 +1.074963097e-05 +4.659700107e+02 +4.659700107e+02 -1.9137e+00 -2.7360e-01
1474 +4.071865817e-06 +4.071865817e-06 +4.659700041e+02 +4.659700041e+02 -1.9131e+00 -2.7360e-01
1584 +3.447804431e-06 +3.447804431e-06 +4.659700034e+02 +4.659700034e+02 -1.9129e+00 -2.7360e-01
1591 +2.761886719e-06 +2.761886719e-06 +4.659700028e+02 +4.659700028e+02 -1.9127e+00 -2.7360e-01
1592 +9.099767340e-08 +9.099767340e-08 +4.659700001e+02 +4.659700001e+02 -1.9115e+00 -2.7360e-01
1694 +6.641499795e-08 +6.641499795e-08 +4.659700001e+02 +4.659700001e+02 -1.9111e+00 -2.7360e-01
1716 +1.750589718e-08 +1.750589718e-08 +4.659700000e+02 +4.659700000e+02 -1.9111e+00 -2.7360e-01
1824 +7.040284800e-09 +7.040284800e-09 +4.659700000e+02 +4.659700000e+02 -1.9112e+00 -2.7360e-01
% function evaluation | noise-free fitness - Fopt (2.574000000000e+01) | best noise-free fitness - Fopt | measured fitness | best measured fitness | x1 | x2...
1 +3.795358786e+06 +3.795358786e+06 +3.795384526e+06 +3.795384526e+06 +0.0000e+00 +0.0000e+00
94 +1.997744273e+06 +1.997744273e+06 +1.997770013e+06 +1.997770013e+06 -3.6829e+00 +3.2786e+00
120 +5.905224652e+05 +5.905224652e+05 +5.905482052e+05 +5.905482052e+05 -5.9098e+00 +1.0723e+00
135 +4.826529092e+05 +4.826529092e+05 +4.826786492e+05 +4.826786492e+05 -3.5111e+00 +2.5623e+00
176 +2.253500358e+05 +2.253500358e+05 +2.253757758e+05 +2.253757758e+05 -5.1140e+00 +1.4245e+00
178 +3.260248533e+03 +3.260248533e+03 +3.285988533e+03 +3.285988533e+03 -5.4687e+00 +1.8377e+00
357 +7.766857162e+02 +7.766857162e+02 +8.024257162e+02 +8.024257162e+02 -4.2193e+00 +1.9225e+00
374 +2.762049722e+01 +2.762049722e+01 +5.336049722e+01 +5.336049722e+01 -4.0589e+00 +1.8929e+00
388 +8.241409530e+00 +8.241409530e+00 +3.398140953e+01 +3.398140953e+01 -3.8856e+00 +1.8970e+00
1186 +8.094691458e+00 +8.094691458e+00 +3.383469146e+01 +3.383469146e+01 -3.8675e+00 +1.8967e+00
1228 +6.706594599e+00 +6.706594599e+00 +3.244659460e+01 +3.244659460e+01 -3.6217e+00 +1.8969e+00
1301 +3.998217488e+00 +3.998217488e+00 +2.973821749e+01 +2.973821749e+01 -2.3522e+00 +1.8981e+00
1320 +3.700867509e+00 +3.700867509e+00 +2.944086751e+01 +2.944086751e+01 -2.8078e+00 +1.8968e+00
1331 +1.490494257e-01 +1.490494257e-01 +2.588904943e+01 +2.588904943e+01 -1.1015e+00 +1.8965e+00
1408 +3.564712709e-02 +3.564712709e-02 +2.577564713e+01 +2.577564713e+01 -1.0601e+00 +1.8967e+00
1434 +3.142756945e-04 +3.142756945e-04 +2.574031428e+01 +2.574031428e+01 -9.6194e-01 +1.8968e+00
1650 +2.219019422e-04 +2.219019422e-04 +2.574022190e+01 +2.574022190e+01 -9.3118e-01 +1.8968e+00
1764 +1.303648135e-05 +1.303648135e-05 +2.574001304e+01 +2.574001304e+01 -9.4344e-01 +1.8968e+00
1848 +2.845007906e-06 +2.845007906e-06 +2.574000285e+01 +2.574000285e+01 -9.4398e-01 +1.8968e+00
1884 +5.905147695e-07 +5.905147695e-07 +2.574000059e+01 +2.574000059e+01 -9.4636e-01 +1.8968e+00
1914 +1.695818455e-07 +1.695818455e-07 +2.574000017e+01 +2.574000017e+01 -9.4557e-01 +1.8968e+00
2090 +1.396508793e-07 +1.396508793e-07 +2.574000014e+01 +2.574000014e+01 -9.4530e-01 +1.8968e+00
2132 +1.479951806e-08 +1.479951806e-08 +2.574000001e+01 +2.574000001e+01 -9.4547e-01 +1.8968e+00
2174 +1.125610538e-08 +1.125610538e-08 +2.574000001e+01 +2.574000001e+01 -9.4564e-01 +1.8968e+00
2178 +8.511957361e-09 +8.511957361e-09 +2.574000001e+01 +2.574000001e+01 -9.4557e-01 +1.8968e+00
% function evaluation | noise-free fitness - Fopt (4.167000000000e+01) | best noise-free fitness - Fopt | measured fitness | best measured fitness | x1 | x2...
1 +1.168434427e+07 +1.168434427e+07 +1.168438594e+07 +1.168438594e+07 +0.0000e+00 +0.0000e+00
98 +1.942581632e+06 +1.942581632e+06 +1.942623302e+06 +1.942623302e+06 -2.7205e+00 +2.1588e+00
131 +3.169580694e+05 +3.169580694e+05 +3.169997394e+05 +3.169997394e+05 -3.7299e+00 +2.8414e+00
132 +1.813275322e+05 +1.813275322e+05 +1.813692022e+05 +1.813692022e+05 -3.1285e+00 +3.0289e+00
157 +8.789937717e+04 +8.789937717e+04 +8.794104717e+04 +8.794104717e+04 -3.0043e+00 +3.7313e+00
176 +4.171337602e+04 +4.171337602e+04 +4.175504602e+04 +4.175504602e+04 -3.0986e+00 +3.2424e+00
220 +3.279378450e+04 +3.279378450e+04 +3.283545450e+04 +3.283545450e+04 -3.2720e+00 +3.6220e+00
242 +7.170600581e+01 +7.170600581e+01 +1.133760058e+02 +1.133760058e+02 -3.2955e+00 +3.4484e+00
264 +6.995605213e+01 +6.995605213e+01 +1.116260521e+02 +1.116260521e+02 -3.2317e+00 +3.4483e+00
440 +3.578007695e+01 +3.578007695e+01 +7.745007695e+01 +7.745007695e+01 -2.8988e+00 +3.4419e+00
646 +3.392645458e+01 +3.392645458e+01 +7.559645458e+01 +7.559645458e+01 -2.7428e+00 +3.4426e+00
660 +3.360163459e+01 +3.360163459e+01 +7.527163459e+01 +7.527163459e+01 -2.7072e+00 +3.4421e+00
743 +3.241197909e+01 +3.241197909e+01 +7.408197909e+01 +7.408197909e+01 -2.5887e+00 +3.4425e+00
757 +3.233576184e+01 +3.233576184e+01 +7.400576184e+01 +7.400576184e+01 -2.5251e+00 +3.4416e+00
1052 +3.148046049e+01 +3.148046049e+01 +7.315046049e+01 +7.315046049e+01 -2.4805e+00 +3.4427e+00
1187 +3.072644716e+01 +3.072644716e+01 +7.239644716e+01 +7.239644716e+01 -2.3927e+00 +3.4427e+00
1237 +3.013642115e+01 +3.013642115e+01 +7.180642115e+01 +7.180642115e+01 -2.3376e+00 +3.4425e+00
1258 +2.921494380e+01 +2.921494380e+01 +7.088494380e+01 +7.088494380e+01 -2.2300e+00 +3.4423e+00
1267 +2.855355226e+01 +2.855355226e+01 +7.022355226e+01 +7.022355226e+01 -2.1537e+00 +3.4424e+00
1298 +2.790719768e+01 +2.790719768e+01 +6.957719768e+01 +6.957719768e+01 -2.0762e+00 +3.4424e+00
1301 +2.537384440e+01 +2.537384440e+01 +6.704384440e+01 +6.704384440e+01 -1.6954e+00 +3.4431e+00
1312 +2.499274231e+01 +2.499274231e+01 +6.666274231e+01 +6.666274231e+01 -1.6575e+00 +3.4417e+00
1322 +2.383138859e+01 +2.383138859e+01 +6.550138859e+01 +6.550138859e+01 -1.4120e+00 +3.4413e+00
1324 +1.788018881e+01 +1.788018881e+01 +5.955018881e+01 +5.955018881e+01 -8.0834e-01 +3.4425e+00
1349 +6.175053384e+00 +6.175053384e+00 +4.784505338e+01 +4.784505338e+01 +1.6906e+00 +3.4441e+00
1356 +3.301672777e+00 +3.301672777e+00 +4.497167278e+01 +4.497167278e+01 +1.9597e+00 +3.4415e+00
1370 +1.964550619e+00 +1.964550619e+00 +4.363455062e+01 +4.363455062e+01 +3.4812e+00 +3.4439e+00
1386 +2.939727328e-01 +2.939727328e-01 +4.196397273e+01 +4.196397273e+01 +3.6217e+00 +3.4429e+00
1428 +4.913418558e-02 +4.913418558e-02 +4.171913419e+01 +4.171913419e+01 +3.5292e+00 +3.4422e+00
1518 +1.752104804e-02 +1.752104804e-02 +4.168752105e+01 +4.168752105e+01 +3.4891e+00 +3.4425e+00
1550 +1.160143372e-02 +1.160143372e-02 +4.168160143e+01 +4.168160143e+01 +3.4938e+00 +3.4423e+00
1562 +2.086665152e-03 +2.086665152e-03 +4.167208667e+01 +4.167208667e+01 +3.4312e+00 +3.4424e+00
1605 +3.735514190e-04 +3.735514190e-04 +4.167037355e+01 +4.167037355e+01 +3.4334e+00 +3.4424e+00
1628 +3.481816036e-04 +3.481816036e-04 +4.167034818e+01 +4.167034818e+01 +3.4282e+00 +3.4424e+00
1709 +3.144799534e-04 +3.144799534e-04 +4.167031448e+01 +4.167031448e+01 +3.4135e+00 +3.4424e+00
1716 +6.778729160e-05 +6.778729160e-05 +4.167006779e+01 +4.167006779e+01 +3.4085e+00 +3.4424e+00
1825 +8.850052666e-06 +8.850052666e-06 +4.167000885e+01 +4.167000885e+01 +3.4165e+00 +3.4424e+00
1914 +2.927884424e-06 +2.927884424e-06 +4.167000293e+01 +4.167000293e+01 +3.4121e+00 +3.4424e+00
2046 +9.955049691e-07 +9.955049691e-07 +4.167000100e+01 +4.167000100e+01 +3.4143e+00 +3.4424e+00
2074 +5.263431788e-07 +5.263431788e-07 +4.167000053e+01 +4.167000053e+01 +3.4129e+00 +3.4424e+00
2090 +3.052679318e-07 +3.052679318e-07 +4.167000031e+01 +4.167000031e+01 +3.4141e+00 +3.4424e+00
2178 +1.523642652e-07 +1.523642652e-07 +4.167000015e+01 +4.167000015e+01 +3.4135e+00 +3.4424e+00
2266 +3.190971398e-08 +3.190971398e-08 +4.167000003e+01 +4.167000003e+01 +3.4135e+00 +3.4424e+00
2303 +1.809771533e-08 +1.809771533e-08 +4.167000002e+01 +4.167000002e+01 +3.4137e+00 +3.4424e+00
2332 +1.124277560e-08 +1.124277560e-08 +4.167000001e+01 +4.167000001e+01 +3.4137e+00 +3.4424e+00
2354 +9.726754513e-09 +9.726754513e-09 +4.167000001e+01 +4.167000001e+01 +3.4136e+00 +3.4424e+00
% function evaluation | noise-free fitness - Fopt (-1.909500000000e+02) | best noise-free fitness - Fopt | measured fitness | best measured fitness | x1 | x2...
1 +8.090424180e+06 +8.090424180e+06 +8.090233230e+06 +8.090233230e+06 +0.0000e+00 +0.0000e+00
24 +7.471278414e+06 +7.471278414e+06 +7.471087464e+06 +7.471087464e+06 -4.8652e-01 -1.8841e-01
31 +7.410505230e+06 +7.410505230e+06 +7.410314280e+06 +7.410314280e+06 -6.2372e-01 -2.0615e-01
49 +3.684825185e+05 +3.684825185e+05 +3.682915685e+05 +3.682915685e+05 -7.5724e-01 -2.2658e+00
69 +5.683322828e+04 +5.683322828e+04 +5.664227828e+04 +5.664227828e+04 -2.8738e-01 -2.5908e+00
80 +1.568927987e+04 +1.568927987e+04 +1.549832987e+04 +1.549832987e+04 -2.8238e-01 -2.7012e+00
114 +3.740075368e+03 +3.740075368e+03 +3.549125368e+03 +3.549125368e+03 +2.5994e-02 -2.7653e+00
220 +2.166967576e+02 +2.166967576e+02 +2.574675761e+01 +2.574675761e+01 -7.1172e-01 -2.8439e+00
291 +2.445883802e+01 +2.445883802e+01 -1.664911620e+02 -1.664911620e+02 -7.3998e-01 -2.8254e+00
338 +2.239966694e+01 +2.239966694e+01 -1.685503331e+02 -1.685503331e+02 -8.4925e-01 -2.8336e+00
368 +1.685865180e+01 +1.685865180e+01 -1.740913482e+02 -1.740913482e+02 -8.3485e-01 -2.8331e+00
418 +9.824553971e+00 +9.824553971e+00 -1.811254460e+02 -1.811254460e+02 -7.7954e-01 -2.8269e+00
513 +9.407542355e+00 +9.407542355e+00 -1.815424576e+02 -1.815424576e+02 -8.1167e-01 -2.8272e+00
538 +7.857286161e+00 +7.857286161e+00 -1.830927138e+02 -1.830927138e+02 -7.1249e-01 -2.8318e+00
562 +3.266002886e+00 +3.266002886e+00 -1.876839971e+02 -1.876839971e+02 -7.5671e-01 -2.8297e+00
701 +3.191915562e+00 +3.191915562e+00 -1.877580844e+02 -1.877580844e+02 -7.7122e-01 -2.8295e+00
734 +3.095776349e+00 +3.095776349e+00 -1.878542237e+02 -1.878542237e+02 -7.8762e-01 -2.8296e+00
879 +3.041131761e+00 +3.041131761e+00 -1.879088682e+02 -1.879088682e+02 -7.9918e-01 -2.8297e+00
888 +2.954640218e+00 +2.954640218e+00 -1.879953598e+02 -1.879953598e+02 -8.2741e-01 -2.8299e+00
938 +2.936916391e+00 +2.936916391e+00 -1.880130836e+02 -1.880130836e+02 -8.2418e-01 -2.8294e+00
1055 +2.875820820e+00 +2.875820820e+00 -1.880741792e+02 -1.880741792e+02 -8.3314e-01 -2.8297e+00
1085 +2.810452459e+00 +2.810452459e+00 -1.881395475e+02 -1.881395475e+02 -8.4939e-01 -2.8297e+00
1148 +2.743970863e+00 +2.743970863e+00 -1.882060291e+02 -1.882060291e+02 -8.6373e-01 -2.8295e+00
1236 +2.654864448e+00 +2.654864448e+00 -1.882951356e+02 -1.882951356e+02 -8.8517e-01 -2.8297e+00
1247 +2.518376336e+00 +2.518376336e+00 -1.884316237e+02 -1.884316237e+02 -9.4420e-01 -2.8293e+00
1268 +2.474849174e+00 +2.474849174e+00 -1.884751508e+02 -1.884751508e+02 -9.4969e-01 -2.8294e+00
1273 +2.448498320e+00 +2.448498320e+00 -1.885015017e+02 -1.885015017e+02 -9.4424e-01 -2.8295e+00
1282 +2.383258163e+00 +2.383258163e+00 -1.885667418e+02 -1.885667418e+02 -9.6715e-01 -2.8297e+00
1348 +2.338918569e+00 +2.338918569e+00 -1.886110814e+02 -1.886110814e+02 -9.8205e-01 -2.8296e+00
1379 +2.260241084e+00 +2.260241084e+00 -1.886897589e+02 -1.886897589e+02 -1.0484e+00 -2.8299e+00
1390 +2.232339078e+00 +2.232339078e+00 -1.887176609e+02 -1.887176609e+02 -1.0338e+00 -2.8295e+00
1392 +2.158305672e+00 +2.158305672e+00 -1.887916943e+02 -1.887916943e+02 -1.0927e+00 -2.8298e+00
1415 +2.028721957e+00 +2.028721957e+00 -1.889212780e+02 -1.889212780e+02 -1.2054e+00 -2.8296e+00
1418 +1.993619645e+00 +1.993619645e+00 -1.889563804e+02 -1.889563804e+02 -1.2728e+00 -2.8296e+00
1435 +1.921169413e+00 +1.921169413e+00 -1.890288306e+02 -1.890288306e+02 -1.3771e+00 -2.8298e+00
1443 +1.450081433e+00 +1.450081433e+00 -1.894999186e+02 -1.894999186e+02 -1.5339e+00 -2.8295e+00
1458 +8.496517956e-01 +8.496517956e-01 -1.901003482e+02 -1.901003482e+02 -1.7849e+00 -2.8291e+00
1479 +3.955996464e-01 +3.955996464e-01 -1.905544004e+02 -1.905544004e+02 -2.1181e+00 -2.8299e+00
1487 +3.547632681e-01 +3.547632681e-01 -1.905952367e+02 -1.905952367e+02 -2.2635e+00 -2.8291e+00
1496 +2.912753090e-01 +2.912753090e-01 -1.906587247e+02 -1.906587247e+02 -2.1495e+00 -2.8294e+00
1502 +1.108312859e-01 +1.108312859e-01 -1.908391687e+02 -1.908391687e+02 -2.4194e+00 -2.8293e+00
1517 +6.030430565e-02 +6.030430565e-02 -1.908896957e+02 -1.908896957e+02 -2.5459e+00 -2.8298e+00
1518 +5.949108515e-02 +5.949108515e-02 -1.908905089e+02 -1.908905089e+02 -2.5808e+00 -2.8299e+00
1527 +5.212647068e-02 +5.212647068e-02 -1.908978735e+02 -1.908978735e+02 -2.4408e+00 -2.8297e+00
1538 +1.799297619e-02 +1.799297619e-02 -1.909320070e+02 -1.909320070e+02 -2.7473e+00 -2.8297e+00
1606 +1.688733556e-02 +1.688733556e-02 -1.909331127e+02 -1.909331127e+02 -2.5454e+00 -2.8295e+00
1628 +2.171355476e-03 +2.171355476e-03 -1.909478286e+02 -1.909478286e+02 -2.6408e+00 -2.8296e+00
1639 +1.807302239e-03 +1.807302239e-03 -1.909481927e+02 -1.909481927e+02 -2.6603e+00 -2.8296e+00
1650 +1.271620283e-03 +1.271620283e-03 -1.909487284e+02 -1.909487284e+02 -2.6176e+00 -2.8296e+00
1693 +4.007586993e-04 +4.007586993e-04 -1.909495992e+02 -1.909495992e+02 -2.6316e+00 -2.8296e+00
1694 +3.246805728e-04 +3.246805728e-04 -1.909496753e+02 -1.909496753e+02 -2.6456e+00 -2.8296e+00
1756 +5.571360100e-05 +5.571360100e-05 -1.909499443e+02 -1.909499443e+02 -2.6499e+00 -2.8296e+00
1774 +2.994218599e-05 +2.994218599e-05 -1.909499701e+02 -1.909499701e+02 -2.6429e+00 -2.8296e+00
1851 +3.145552455e-06 +3.145552455e-06 -1.909499969e+02 -1.909499969e+02 -2.6417e+00 -2.8296e+00
1892 +1.275390474e-06 +1.275390474e-06 -1.909499987e+02 -1.909499987e+02 -2.6429e+00 -2.8296e+00
2071 +9.115319415e-07 +9.115319415e-07 -1.909499991e+02 -1.909499991e+02 -2.6437e+00 -2.8296e+00
2134 +8.891905736e-07 +8.891905736e-07 -1.909499991e+02 -1.909499991e+02 -2.6439e+00 -2.8296e+00
2156 +5.566304537e-07 +5.566304537e-07 -1.909499994e+02 -1.909499994e+02 -2.6426e+00 -2.8296e+00
2181 +1.882145568e-07 +1.882145568e-07 -1.909499998e+02 -1.909499998e+02 -2.6428e+00 -2.8296e+00
2190 +1.111096140e-07 +1.111096140e-07 -1.909499999e+02 -1.909499999e+02 -2.6429e+00 -2.8296e+00
2200 +5.822474236e-08 +5.822474236e-08 -1.909499999e+02 -1.909499999e+02 -2.6431e+00 -2.8296e+00
2249 +4.495839789e-08 +4.495839789e-08 -1.909500000e+02 -1.909500000e+02 -2.6432e+00 -2.8296e+00
2266 +3.674131221e-09 +3.674131221e-09 -1.909500000e+02 -1.909500000e+02 -2.6432e+00 -2.8296e+00
% function evaluation | noise-free fitness - Fopt (1.370000000000e+00) | best noise-free fitness - Fopt | measured fitness | best measured fitness | x1 | x2...
1 +4.062581704e+06 +4.062581704e+06 +4.062583074e+06 +4.062583074e+06 +0.0000e+00 +0.0000e+00
69 +1.830760534e+06 +1.830760534e+06 +1.830761904e+06 +1.830761904e+06 +5.5041e-01 +7.4011e-01
71 +1.268608274e+06 +1.268608274e+06 +1.268609644e+06 +1.268609644e+06 -8.5995e-01 +9.0398e-01
72 +3.980343984e+05 +3.980343984e+05 +3.980357684e+05 +3.980357684e+05 +2.8182e-01 +1.3028e+00
105 +1.337505856e+05 +1.337505856e+05 +1.337519556e+05 +1.337519556e+05 +4.4627e-01 +1.6373e+00
132 +8.088092906e+02 +8.088092906e+02 +8.101792906e+02 +8.101792906e+02 -2.6268e-02 +1.9641e+00
154 +6.024029275e+01 +6.024029275e+01 +6.161029275e+01 +6.161029275e+01 -3.7911e-02 +1.9847e+00
214 +3.679512271e+01 +3.679512271e+01 +3.816512271e+01 +3.816512271e+01 -1.9249e-01 +1.9878e+00
264 +2.390079287e+01 +2.390079287e+01 +2.527079287e+01 +2.527079287e+01 -2.5101e-01 +1.9951e+00
330 +1.890475306e+01 +1.890475306e+01 +2.027475306e+01 +2.027475306e+01 -1.8698e-01 +1.9938e+00
457 +1.516594496e+01 +1.516594496e+01 +1.653594496e+01 +1.653594496e+01 -1.5920e-01 +1.9918e+00
1139 +1.490378854e+01 +1.490378854e+01 +1.627378854e+01 +1.627378854e+01 -1.2910e-01 +1.9921e+00
1150 +1.469054955e+01 +1.469054955e+01 +1.606054955e+01 +1.606054955e+01 -1.0264e-01 +1.9921e+00
1154 +1.441383304e+01 +1.441383304e+01 +1.578383304e+01 +1.578383304e+01 -4.8822e-02 +1.9924e+00
1170 +1.392901241e+01 +1.392901241e+01 +1.529901241e+01 +1.529901241e+01 -1.1996e-03 +1.9923e+00
1171 +1.338373682e+01 +1.338373682e+01 +1.475373682e+01 +1.475373682e+01 +1.3271e-01 +1.9928e+00
1192 +1.302463161e+01 +1.302463161e+01 +1.439463161e+01 +1.439463161e+01 +1.4851e-01 +1.9926e+00
1194 +1.212123866e+01 +1.212123866e+01 +1.349123866e+01 +1.349123866e+01 +2.2786e-01 +1.9918e+00
1195 +1.140486357e+01 +1.140486357e+01 +1.277486357e+01 +1.277486357e+01 +3.2300e-01 +1.9922e+00
1197 +8.508009784e+00 +8.508009784e+00 +9.878009784e+00 +9.878009784e+00 +7.3308e-01 +1.9919e+00
1214 +7.408604983e+00 +7.408604983e+00 +8.778604983e+00 +8.778604983e+00 +1.2037e+00 +1.9931e+00
1239 +5.986608343e+00 +5.986608343e+00 +7.356608343e+00 +7.356608343e+00 +1.4747e+00 +1.9930e+00
1240 +4.755631461e+00 +4.755631461e+00 +6.125631461e+00 +6.125631461e+00 +1.7417e+00 +1.9929e+00
1244 +3.384275790e+00 +3.384275790e+00 +4.754275790e+00 +4.754275790e+00 +2.1385e+00 +1.9913e+00
1257 +2.810567408e+00 +2.810567408e+00 +4.180567408e+00 +4.180567408e+00 +2.6193e+00 +1.9932e+00
1264 +8.451806970e-01 +8.451806970e-01 +2.215180697e+00 +2.215180697e+00 +3.4910e+00 +1.9911e+00
1271 +4.687352980e-01 +4.687352980e-01 +1.838735298e+00 +1.838735298e+00 +3.4562e+00 +1.9914e+00
1273 +2.724595289e-01 +2.724595289e-01 +1.642459529e+00 +1.642459529e+00 +3.4247e+00 +1.9924e+00
1276 +2.223509479e-01 +2.223509479e-01 +1.592350948e+00 +1.592350948e+00 +3.3558e+00 +1.9917e+00
1298 +5.551609507e-02 +5.551609507e-02 +1.425516095e+00 +1.425516095e+00 +3.4948e+00 +1.9919e+00
1330 +1.274480100e-02 +1.274480100e-02 +1.382744801e+00 +1.382744801e+00 +3.7220e+00 +1.9921e+00
1430 +2.361227198e-03 +2.361227198e-03 +1.372361227e+00 +1.372361227e+00 +3.6809e+00 +1.9920e+00
1452 +1.215646108e-03 +1.215646108e-03 +1.371215646e+00 +1.371215646e+00 +3.7434e+00 +1.9920e+00
1518 +5.261865215e-05 +5.261865215e-05 +1.370052619e+00 +1.370052619e+00 +3.7170e+00 +1.9920e+00
1623 +5.201299952e-05 +5.201299952e-05 +1.370052013e+00 +1.370052013e+00 +3.7217e+00 +1.9920e+00
1672 +1.373567481e-05 +1.373567481e-05 +1.370013736e+00 +1.370013736e+00 +3.7251e+00 +1.9920e+00
1737 +9.671371860e-06 +9.671371860e-06 +1.370009671e+00 +1.370009671e+00 +3.7240e+00 +1.9920e+00
1738 +8.921017414e-06 +8.921017414e-06 +1.370008921e+00 +1.370008921e+00 +3.7233e+00 +1.9920e+00
1760 +3.798339664e-06 +3.798339664e-06 +1.370003798e+00 +1.370003798e+00 +3.7221e+00 +1.9920e+00
1804 +7.444619881e-07 +7.444619881e-07 +1.370000744e+00 +1.370000744e+00 +3.7225e+00 +1.9920e+00
1826 +4.352577212e-07 +4.352577212e-07 +1.370000435e+00 +1.370000435e+00 +3.7211e+00 +1.9920e+00
1870 +1.734036561e-07 +1.734036561e-07 +1.370000173e+00 +1.370000173e+00 +3.7220e+00 +1.9920e+00
1892 +3.620167321e-08 +3.620167321e-08 +1.370000036e+00 +1.370000036e+00 +3.7216e+00 +1.9920e+00
1914 +3.227388934e-08 +3.227388934e-08 +1.370000032e+00 +1.370000032e+00 +3.7217e+00 +1.9920e+00
1936 +1.027287189e-08 +1.027287189e-08 +1.370000010e+00 +1.370000010e+00 +3.7216e+00 +1.9920e+00
2002 +4.766745221e-09 +4.766745221e-09 +1.370000005e+00 +1.370000005e+00 +3.7217e+00 +1.9920e+00
% function evaluation | noise-free fitness - Fopt (-1.645800000000e+02) | best noise-free fitness - Fopt | measured fitness | best measured fitness | x1 | x2...
1 +1.079402142e+03 +1.079402142e+03 +9.148221419e+02 +9.148221419e+02 +0.0000e+00 +0.0000e+00
88 +8.764325940e+02 +8.764325940e+02 +7.118525940e+02 +7.118525940e+02 +2.8789e+00 -7.7432e-03
176 +2.440108385e+02 +2.440108385e+02 +7.943083845e+01 +7.943083845e+01 +2.5154e+00 -5.0943e-02
222 +9.752074582e+01 +9.752074582e+01 -6.705925418e+01 -6.705925418e+01 +3.5943e+00 -4.5471e-02
407 +4.395946285e+01 +4.395946285e+01 -1.206205371e+02 -1.206205371e+02 +2.5506e+00 -2.9891e-02
438 +9.658584992e+00 +9.658584992e+00 -1.549214150e+02 -1.549214150e+02 +2.2924e+00 -3.5349e-02
474 +9.504508576e+00 +9.504508576e+00 -1.550754914e+02 -1.550754914e+02 +2.2341e+00 -3.5243e-02
509 +7.029428298e+00 +7.029428298e+00 -1.575505717e+02 -1.575505717e+02 +1.5824e+00 -3.6741e-02
594 +6.480609358e+00 +6.480609358e+00 -1.580993906e+02 -1.580993906e+02 +1.5117e+00 -3.5415e-02
643 +3.330267456e+00 +3.330267456e+00 -1.612497325e+02 -1.612497325e+02 +7.9321e-01 -3.7080e-02
717 +2.048725060e+00 +2.048725060e+00 -1.625312749e+02 -1.625312749e+02 -1.6237e-01 -3.4775e-02
764 +1.296277091e+00 +1.296277091e+00 -1.632837229e+02 -1.632837229e+02 -1.1533e+00 -3.7114e-02
1047 +1.269331593e+00 +1.269331593e+00 -1.633106684e+02 -1.633106684e+02 +1.4694e-01 -3.6587e-02
1049 +1.225735721e+00 +1.225735721e+00 -1.633542643e+02 -1.633542643e+02 -1.5383e-01 -3.5130e-02
1054 +4.767277515e-01 +4.767277515e-01 -1.641032722e+02 -1.641032722e+02 -2.8821e-01 -3.5610e-02
1067 +4.051190392e-01 +4.051190392e-01 -1.641748810e+02 -1.641748810e+02 -2.5454e-01 -3.6177e-02
1081 +3.634511155e-01 +3.634511155e-01 -1.642165489e+02 -1.642165489e+02 -6.2347e-01 -3.6525e-02
1091 +2.787571666e-01 +2.787571666e-01 -1.643012428e+02 -1.643012428e+02 -4.5571e-01 -3.5629e-02
1093 +8.941954492e-02 +8.941954492e-02 -1.644905805e+02 -1.644905805e+02 -5.8058e-01 -3.6183e-02
1113 +6.652898672e-02 +6.652898672e-02 -1.645134710e+02 -1.645134710e+02 -6.7730e-01 -3.5789e-02
1166 +4.217256938e-02 +4.217256938e-02 -1.645378274e+02 -1.645378274e+02 -9.9030e-01 -3.5904e-02
1188 +3.147944049e-02 +3.147944049e-02 -1.645485206e+02 -1.645485206e+02 -9.8921e-01 -3.6026e-02
1202 +2.976307196e-02 +2.976307196e-02 -1.645502369e+02 -1.645502369e+02 -7.2441e-01 -3.5855e-02
1210 +2.838170585e-02 +2.838170585e-02 -1.645516183e+02 -1.645516183e+02 -9.6328e-01 -3.6079e-02
1232 +1.106155347e-02 +1.106155347e-02 -1.645689384e+02 -1.645689384e+02 -9.2770e-01 -3.6023e-02
1254 +8.907677986e-03 +8.907677986e-03 -1.645710923e+02 -1.645710923e+02 -9.0799e-01 -3.6049e-02
1276 +3.093450378e-03 +3.093450378e-03 -1.645769065e+02 -1.645769065e+02 -8.6766e-01 -3.6030e-02
1305 +1.563438585e-03 +1.563438585e-03 -1.645784366e+02 -1.645784366e+02 -8.5700e-01 -3.5986e-02
1328 +2.039163788e-04 +2.039163788e-04 -1.645797961e+02 -1.645797961e+02 -8.1261e-01 -3.6010e-02
1499 +8.740240204e-05 +8.740240204e-05 -1.645799126e+02 -1.645799126e+02 -8.1775e-01 -3.6008e-02
1518 +2.166077132e-05 +2.166077132e-05 -1.645799783e+02 -1.645799783e+02 -8.2259e-01 -3.5995e-02
1540 +6.071055054e-06 +6.071055054e-06 -1.645799939e+02 -1.645799939e+02 -8.2138e-01 -3.5998e-02
1688 +1.634964178e-06 +1.634964178e-06 -1.645799984e+02 -1.645799984e+02 -8.2185e-01 -3.5999e-02
1738 +1.359241026e-06 +1.359241026e-06 -1.645799986e+02 -1.645799986e+02 -8.2170e-01 -3.5999e-02
1760 +2.377580870e-07 +2.377580870e-07 -1.645799998e+02 -1.645799998e+02 -8.2226e-01 -3.6000e-02
1870 +6.565943522e-08 +6.565943522e-08 -1.645799999e+02 -1.645799999e+02 -8.2239e-01 -3.6000e-02
1914 +4.526467023e-08 +4.526467023e-08 -1.645800000e+02 -1.645800000e+02 -8.2240e-01 -3.6000e-02
2005 +9.758963415e-09 +9.758963415e-09 -1.645800000e+02 -1.645800000e+02 -8.2249e-01 -3.6000e-02
% function evaluation | noise-free fitness - Fopt (-1.803800000000e+02) | best noise-free fitness - Fopt | measured fitness | best measured fitness | x1 | x2...
1 +1.185471483e+07 +1.185471483e+07 +1.185453445e+07 +1.185453445e+07 +0.0000e+00 +0.0000e+00
91 +1.053838734e+07 +1.053838734e+07 +1.053820696e+07 +1.053820696e+07 -1.0683e+00 +1.7675e-01
96 +1.017438017e+07 +1.017438017e+07 +1.017419979e+07 +1.017419979e+07 -1.2272e+00 +2.2744e-01
97 +9.667358451e+06 +9.667358451e+06 +9.667178071e+06 +9.667178071e+06 -9.9134e-01 +2.9973e-01
108 +3.662097050e+05 +3.662097050e+05 +3.660293250e+05 +3.660293250e+05 -8.1250e-01 +2.8069e+00
118 +6.756305069e+04 +6.756305069e+04 +6.738267069e+04 +6.738267069e+04 -1.0540e+00 +3.7231e+00
120 +5.950983819e+03 +5.950983819e+03 +5.770603819e+03 +5.770603819e+03 -1.1922e+00 +3.5454e+00
218 +3.510583199e+03 +3.510583199e+03 +3.330203199e+03 +3.330203199e+03 -9.3637e-01 +3.5200e+00
220 +2.939255403e+02 +2.939255403e+02 +1.135455403e+02 +1.135455403e+02 -8.5278e-01 +3.4825e+00
257 +2.594053904e+02 +2.594053904e+02 +7.902539041e+01 +7.902539041e+01 -4.7071e-01 +3.4494e+00
290 +2.405419150e+02 +2.405419150e+02 +6.016191499e+01 +6.016191499e+01 -6.8730e-01 +3.4801e+00
330 +1.098901643e+02 +1.098901643e+02 -7.048983573e+01 -7.048983573e+01 -8.6437e-01 +3.4543e+00
360 +1.379051783e+01 +1.379051783e+01 -1.665894822e+02 -1.665894822e+02 -9.3373e-01 +3.4624e+00
537 +1.031073532e+01 +1.031073532e+01 -1.700692647e+02 -1.700692647e+02 -6.1344e-01 +3.4652e+00
572 +9.820397378e+00 +9.820397378e+00 -1.705596026e+02 -1.705596026e+02 -7.3897e-01 +3.4654e+00
638 +9.577198162e+00 +9.577198162e+00 -1.708028018e+02 -1.708028018e+02 -7.1451e-01 +3.4649e+00
858 +9.523962803e+00 +9.523962803e+00 -1.708560372e+02 -1.708560372e+02 -7.2309e-01 +3.4649e+00
1221 +9.327323144e+00 +9.327323144e+00 -1.710526769e+02 -1.710526769e+02 -7.6699e-01 +3.4646e+00
1235 +9.037933319e+00 +9.037933319e+00 -1.713420667e+02 -1.713420667e+02 -8.2073e-01 +3.4648e+00
1268 +8.736321828e+00 +8.736321828e+00 -1.716436782e+02 -1.716436782e+02 -9.2690e-01 +3.4652e+00
1282 +8.114257334e+00 +8.114257334e+00 -1.722657427e+02 -1.722657427e+02 -1.1167e+00 +3.4652e+00
1302 +3.979139922e+00 +3.979139922e+00 -1.764008601e+02 -1.764008601e+02 -1.9521e+00 +3.4654e+00
1333 +3.835219899e+00 +3.835219899e+00 -1.765447801e+02 -1.765447801e+02 -1.9282e+00 +3.4651e+00
1334 +8.087611000e-01 +8.087611000e-01 -1.795712389e+02 -1.795712389e+02 -2.9491e+00 +3.4648e+00
1350 +7.019529013e-01 +7.019529013e-01 -1.796780471e+02 -1.796780471e+02 -4.7711e+00 +3.4647e+00
1364 +4.037520618e-01 +4.037520618e-01 -1.799762479e+02 -1.799762479e+02 -3.3112e+00 +3.4647e+00
1386 +1.271307140e-01 +1.271307140e-01 -1.802528693e+02 -1.802528693e+02 -3.7342e+00 +3.4645e+00
1408 +1.578043262e-03 +1.578043262e-03 -1.803784220e+02 -1.803784220e+02 -3.9061e+00 +3.4648e+00
1558 +4.141286781e-04 +4.141286781e-04 -1.803795859e+02 -1.803795859e+02 -3.9132e+00 +3.4648e+00
1662 +1.126945460e-05 +1.126945460e-05 -1.803799887e+02 -1.803799887e+02 -3.8910e+00 +3.4648e+00
1756 +7.282784225e-06 +7.282784225e-06 -1.803799927e+02 -1.803799927e+02 -3.8920e+00 +3.4648e+00
1914 +4.677364217e-06 +4.677364217e-06 -1.803799953e+02 -1.803799953e+02 -3.8921e+00 +3.4648e+00
1921 +3.098923031e-06 +3.098923031e-06 -1.803799969e+02 -1.803799969e+02 -3.8946e+00 +3.4648e+00
1935 +1.140782530e-06 +1.140782530e-06 -1.803799989e+02 -1.803799989e+02 -3.8938e+00 +3.4648e+00
2002 +1.017577063e-06 +1.017577063e-06 -1.803799990e+02 -1.803799990e+02 -3.8932e+00 +3.4648e+00
2046 +1.629424276e-07 +1.629424276e-07 -1.803799998e+02 -1.803799998e+02 -3.8928e+00 +3.4648e+00
2090 +5.463579100e-08 +5.463579100e-08 -1.803799999e+02 -1.803799999e+02 -3.8926e+00 +3.4648e+00
2140 +1.655877213e-08 +1.655877213e-08 -1.803800000e+02 -1.803800000e+02 -3.8927e+00 +3.4648e+00
2235 +6.012157883e-09 +6.012157883e-09 -1.803800000e+02 -1.803800000e+02 -3.8929e+00 +3.4648e+00
