% function evaluation | noise-free fitness - Fopt (7.948000000000e+01) | best noise-free fitness - Fopt | measured fitness | best measured fitness | x1 | x2...
1 +1.926270080e+00 +1.926270080e+00 +8.140627008e+01 +8.140627008e+01 +0.0000e+00 +0.0000e+00 +0.0000e+00
74 +1.799185894e+00 +1.799185894e+00 +8.127918589e+01 +8.127918589e+01 -5.8926e-01 -1.6653e+00 +1.8790e-01
88 +1.766905188e+00 +1.766905188e+00 +8.124690519e+01 +8.124690519e+01 -5.0837e-01 -1.5587e+00 +2.8890e-01
94 +1.608554416e+00 +1.608554416e+00 +8.108855442e+01 +8.108855442e+01 -5.1465e-03 -1.9699e+00 -1.6625e+00
99 +5.594472425e-01 +5.594472425e-01 +8.003944724e+01 +8.003944724e+01 -3.3577e-01 -1.4266e+00 -3.4955e-01
100 +8.245473241e-02 +8.245473241e-02 +7.956245473e+01 +7.956245473e+01 +3.8277e-01 -1.3327e+00 -5.3798e-01
220 +7.411699976e-02 +7.411699976e-02 +7.955411700e+01 +7.955411700e+01 +1.9915e-01 -9.0754e-01 -8.1942e-01
226 +5.333467112e-02 +5.333467112e-02 +7.953333467e+01 +7.953333467e+01 +1.9346e-01 -9.7380e-01 -5.9624e-01
242 +1.913141307e-02 +1.913141307e-02 +7.949913141e+01 +7.949913141e+01 +2.7170e-01 -1.0198e+00 -7.2503e-01
351 +1.632624768e-02 +1.632624768e-02 +7.949632625e+01 +7.949632625e+01 +1.7050e-01 -1.1919e+00 -6.3277e-01
352 +1.095847287e-02 +1.095847287e-02 +7.949095847e+01 +7.949095847e+01 +2.7973e-01 -1.1481e+00 -6.2322e-01
396 +9.961467682e-03 +9.961467682e-03 +7.948996147e+01 +7.948996147e+01 +2.9969e-01 -1.0874e+00 -6.6975e-01
440 +7.389521614e-03 +7.389521614e-03 +7.948738952e+01 +7.948738952e+01 +2.3941e-01 -1.0796e+00 -6.8854e-01
459 +2.527909307e-03 +2.527909307e-03 +7.948252791e+01 +7.948252791e+01 +2.9844e-01 -1.1413e+00 -7.3835e-01
510 +2.117552305e-03 +2.117552305e-03 +7.948211755e+01 +7.948211755e+01 +2.6250e-01 -1.1262e+00 -7.5698e-01
550 +1.147588806e-03 +1.147588806e-03 +7.948114759e+01 +7.948114759e+01 +2.3078e-01 -1.1311e+00 -7.2371e-01
594 +1.475410004e-04 +1.475410004e-04 +7.948014754e+01 +7.948014754e+01 +2.4330e-01 -1.1546e+00 -7.1676e-01
616 +3.563515314e-05 +3.563515314e-05 +7.948003564e+01 +7.948003564e+01 +2.5395e-01 -1.1549e+00 -7.1845e-01
733 +7.959923209e-07 +7.959923209e-07 +7.948000080e+01 +7.948000080e+01 +2.5192e-01 -1.1567e+00 -7.2409e-01
932 +3.190925497e-07 +3.190925497e-07 +7.948000032e+01 +7.948000032e+01 +2.5278e-01 -1.1572e+00 -7.2358e-01
946 +3.082664648e-07 +3.082664648e-07 +7.948000031e+01 +7.948000031e+01 +2.5237e-01 -1.1568e+00 -7.2364e-01
990 +2.918272344e-07 +2.918272344e-07 +7.948000029e+01 +7.948000029e+01 +2.5270e-01 -1.1564e+00 -7.2365e-01
1034 +8.526831152e-08 +8.526831152e-08 +7.948000009e+01 +7.948000009e+01 +2.5282e-01 -1.1565e+00 -7.2396e-01
1056 +3.421780548e-08 +3.421780548e-08 +7.948000003e+01 +7.948000003e+01 +2.5298e-01 -1.1568e+00 -7.2396e-01
1088 +3.188472419e-08 +3.188472419e-08 +7.948000003e+01 +7.948000003e+01 +2.5264e-01 -1.1568e+00 -7.2391e-01
1100 +2.352899742e-08 +2.352899742e-08 +7.948000002e+01 +7.948000002e+01 +2.5267e-01 -1.1569e+00 -7.2399e-01
1166 +2.007394073e-08 +2.007394073e-08 +7.948000002e+01 +7.948000002e+01 +2.5271e-01 -1.1568e+00 -7.2411e-01
1254 +5.024176630e-09 +5.024176630e-09 +7.948000001e+01 +7.948000001e+01 +2.5280e-01 -1.1567e+00 -7.2399e-01
% function evaluation | noise-free fitness - Fopt (3.944800000000e+02) | best noise-free fitness - Fopt | measured fitness | best measured fitness | x1 | x2...
1 +3.801018048e+01 +3.801018048e+01 +4.324901805e+02 +4.324901805e+02 +0.0000e+00 +0.0000e+00 +0.0000e+00
91 +3.200189859e+01 +3.200189859e+01 +4.264818986e+02 +4.264818986e+02 +9.3778e-01 -3.1603e-01 -2.3932e+00
116 +3.138968808e+01 +3.138968808e+01 +4.258696881e+02 +4.258696881e+02 +6.9042e-01 -3.3798e-02 -2.3285e+00
131 +2.935185807e+01 +2.935185807e+01 +4.238318581e+02 +4.238318581e+02 +1.2933e+00 -1.5704e+00 -2.9930e+00
136 +1.816846484e+01 +1.816846484e+01 +4.126484648e+02 +4.126484648e+02 +3.2290e-01 -2.3723e+00 -4.0865e+00
160 +1.609912460e+01 +1.609912460e+01 +4.105791246e+02 +4.105791246e+02 +4.1527e-02 -3.6388e+00 -3.9289e+00
171 +1.363278339e+01 +1.363278339e+01 +4.081127834e+02 +4.081127834e+02 -5.7140e-01 -3.4204e+00 -2.2914e+00
176 +1.185139927e+01 +1.185139927e+01 +4.063313993e+02 +4.063313993e+02 -4.9232e-01 -3.3678e+00 -3.6537e+00
180 +7.717827260e+00 +7.717827260e+00 +4.021978273e+02 +4.021978273e+02 -4.6594e+00 -2.0823e+00 -1.2557e+00
189 +5.337203458e+00 +5.337203458e+00 +3.998172035e+02 +3.998172035e+02 -2.2321e+00 -4.4753e+00 -3.5813e+00
198 +3.896147163e+00 +3.896147163e+00 +3.983761472e+02 +3.983761472e+02 -2.0192e+00 -2.5251e+00 -4.2834e+00
201 +2.072414266e+00 +2.072414266e+00 +3.965524143e+02 +3.965524143e+02 -2.6452e+00 -2.1820e+00 -3.7909e+00
242 +1.304504341e+00 +1.304504341e+00 +3.957845043e+02 +3.957845043e+02 -3.3509e+00 -2.7294e+00 -4.7918e+00
258 +1.265614422e+00 +1.265614422e+00 +3.957456144e+02 +3.957456144e+02 -3.5964e+00 -3.1863e+00 -4.8449e+00
286 +2.259458294e-01 +2.259458294e-01 +3.947059458e+02 +3.947059458e+02 -3.6599e+00 -2.6656e+00 -4.1466e+00
308 +1.496471773e-01 +1.496471773e-01 +3.946296472e+02 +3.946296472e+02 -4.2374e+00 -2.9924e+00 -3.9584e+00
330 +7.707413837e-02 +7.707413837e-02 +3.945570741e+02 +3.945570741e+02 -4.1224e+00 -2.8042e+00 -3.9419e+00
402 +3.692992606e-02 +3.692992606e-02 +3.945169299e+02 +3.945169299e+02 -3.8506e+00 -2.7331e+00 -3.9019e+00
412 +2.367740649e-02 +2.367740649e-02 +3.945036774e+02 +3.945036774e+02 -3.9570e+00 -2.7518e+00 -3.8347e+00
484 +1.435421409e-02 +1.435421409e-02 +3.944943542e+02 +3.944943542e+02 -3.8090e+00 -2.8753e+00 -3.8807e+00
528 +7.893619166e-03 +7.893619166e-03 +3.944878936e+02 +3.944878936e+02 -3.9457e+00 -2.8585e+00 -3.8705e+00
603 +2.495649573e-03 +2.495649573e-03 +3.944824956e+02 +3.944824956e+02 -3.8521e+00 -2.8764e+00 -3.8148e+00
616 +8.358018202e-04 +8.358018202e-04 +3.944808358e+02 +3.944808358e+02 -3.8767e+00 -2.8713e+00 -3.8029e+00
682 +7.305441168e-04 +7.305441168e-04 +3.944807305e+02 +3.944807305e+02 -3.9149e+00 -2.8704e+00 -3.8100e+00
726 +4.317249787e-04 +4.317249787e-04 +3.944804317e+02 +3.944804317e+02 -3.8957e+00 -2.8845e+00 -3.7827e+00
770 +1.923155669e-04 +1.923155669e-04 +3.944801923e+02 +3.944801923e+02 -3.9028e+00 -2.9026e+00 -3.7975e+00
821 +9.937927729e-05 +9.937927729e-05 +3.944800994e+02 +3.944800994e+02 -3.9054e+00 -2.8954e+00 -3.7975e+00
855 +7.913061654e-05 +7.913061654e-05 +3.944800791e+02 +3.944800791e+02 -3.9053e+00 -2.8894e+00 -3.7968e+00
858 +6.856486357e-05 +6.856486357e-05 +3.944800686e+02 +3.944800686e+02 -3.8946e+00 -2.8853e+00 -3.7971e+00
915 +2.254083023e-05 +2.254083023e-05 +3.944800225e+02 +3.944800225e+02 -3.8940e+00 -2.8912e+00 -3.8008e+00
990 +1.386052321e-05 +1.386052321e-05 +3.944800139e+02 +3.944800139e+02 -3.8949e+00 -2.8894e+00 -3.8015e+00
1031 +1.227852715e-05 +1.227852715e-05 +3.944800123e+02 +3.944800123e+02 -3.9004e+00 -2.8888e+00 -3.8000e+00
1094 +1.075143007e-05 +1.075143007e-05 +3.944800108e+02 +3.944800108e+02 -3.9010e+00 -2.8884e+00 -3.8028e+00
1100 +1.167081848e-06 +1.167081848e-06 +3.944800012e+02 +3.944800012e+02 -3.8985e+00 -2.8893e+00 -3.8026e+00
1128 +7.877808912e-07 +7.877808912e-07 +3.944800008e+02 +3.944800008e+02 -3.8984e+00 -2.8908e+00 -3.8032e+00
1144 +4.898794828e-07 +4.898794828e-07 +3.944800005e+02 +3.944800005e+02 -3.8984e+00 -2.8903e+00 -3.8031e+00
1166 +3.416542427e-07 +3.416542427e-07 +3.944800003e+02 +3.944800003e+02 -3.8982e+00 -2.8908e+00 -3.8020e+00
1210 +2.028094741e-07 +2.028094741e-07 +3.944800002e+02 +3.944800002e+02 -3.8981e+00 -2.8901e+00 -3.8025e+00
1241 +1.751232048e-07 +1.751232048e-07 +3.944800002e+02 +3.944800002e+02 -3.8983e+00 -2.8900e+00 -3.8023e+00
1254 +1.254970812e-07 +1.254970812e-07 +3.944800001e+02 +3.944800001e+02 -3.8983e+00 -2.8907e+00 -3.8024e+00
1298 +8.818460628e-08 +8.818460628e-08 +3.944800001e+02 +3.944800001e+02 -3.8981e+00 -2.8903e+00 -3.8025e+00
1324 +9.773089005e-09 +9.773089005e-09 +3.944800000e+02 +3.944800000e+02 -3.8984e+00 -2.8905e+00 -3.8023e+00
% function evaluation | noise-free fitness - Fopt (-2.471100000000e+02) | best noise-free fitness - Fopt | measured fitness | best measured fitness | x1 | x2...
1 +1.494689024e+01 +1.494689024e+01 -2.321631098e+02 -2.321631098e+02 +0.0000e+00 +0.0000e+00 +0.0000e+00
134 +1.277336782e+01 +1.277336782e+01 -2.343366322e+02 -2.343366322e+02 -2.4228e+00 -2.8840e+00 +4.7079e-01
176 +1.199575536e+01 +1.199575536e+01 -2.351142446e+02 -2.351142446e+02 -3.5491e+00 -3.0424e+00 +4.9200e-01
180 +5.445073368e+00 +5.445073368e+00 -2.416649266e+02 -2.416649266e+02 -3.8638e+00 -2.0308e+00 -2.0451e-02
213 +2.660456657e+00 +2.660456657e+00 -2.444495433e+02 -2.444495433e+02 -4.4036e+00 -1.2397e+00 -1.1519e+00
224 +1.115228823e+00 +1.115228823e+00 -2.459947712e+02 -2.459947712e+02 -3.7700e+00 +1.1581e-01 +3.6084e-01
418 +3.604678073e-01 +3.604678073e-01 -2.467495322e+02 -2.467495322e+02 -3.7042e+00 +1.2573e-01 -1.2791e+00
450 +3.408437499e-01 +3.408437499e-01 -2.467691563e+02 -2.467691563e+02 -3.4188e+00 -1.8301e-01 -9.0940e-01
462 +1.337630979e-01 +1.337630979e-01 -2.469762369e+02 -2.469762369e+02 -3.6957e+00 -8.8033e-02 -8.8718e-01
506 +8.142760503e-02 +8.142760503e-02 -2.470285724e+02 -2.470285724e+02 -3.5663e+00 +2.8098e-01 -5.4462e-01
522 +2.176842953e-02 +2.176842953e-02 -2.470882316e+02 -2.470882316e+02 -3.6864e+00 +1.7635e-01 -5.9896e-01
572 +8.568317771e-03 +8.568317771e-03 -2.471014317e+02 -2.471014317e+02 -3.8181e+00 +1.5063e-01 -6.1761e-01
682 +4.334157118e-03 +4.334157118e-03 -2.471056658e+02 -2.471056658e+02 -3.8417e+00 +1.8167e-01 -6.4654e-01
726 +1.994872065e-03 +1.994872065e-03 -2.471080051e+02 -2.471080051e+02 -3.7665e+00 +1.9337e-01 -6.6152e-01
748 +9.162930655e-04 +9.162930655e-04 -2.471090837e+02 -2.471090837e+02 -3.7922e+00 +1.7849e-01 -7.0755e-01
814 +1.851833863e-04 +1.851833863e-04 -2.471098148e+02 -2.471098148e+02 -3.8002e+00 +2.0179e-01 -6.7778e-01
861 +1.194725042e-04 +1.194725042e-04 -2.471098805e+02 -2.471098805e+02 -3.8024e+00 +1.9876e-01 -6.8204e-01
924 +2.260025551e-05 +2.260025551e-05 -2.471099774e+02 -2.471099774e+02 -3.8026e+00 +2.0524e-01 -6.9193e-01
1019 +1.429194887e-05 +1.429194887e-05 -2.471099857e+02 -2.471099857e+02 -3.7998e+00 +2.0204e-01 -6.8788e-01
1034 +4.814155403e-06 +4.814155403e-06 -2.471099952e+02 -2.471099952e+02 -3.7994e+00 +2.0317e-01 -6.8926e-01
1091 +2.978359873e-06 +2.978359873e-06 -2.471099970e+02 -2.471099970e+02 -3.7967e+00 +2.0343e-01 -6.9147e-01
1131 +8.901376134e-07 +8.901376134e-07 -2.471099991e+02 -2.471099991e+02 -3.7986e+00 +2.0238e-01 -6.9078e-01
1213 +8.252091561e-07 +8.252091561e-07 -2.471099992e+02 -2.471099992e+02 -3.7985e+00 +2.0285e-01 -6.9203e-01
1241 +5.644828320e-07 +5.644828320e-07 -2.471099994e+02 -2.471099994e+02 -3.7979e+00 +2.0270e-01 -6.9102e-01
1254 +2.645618338e-07 +2.645618338e-07 -2.471099997e+02 -2.471099997e+02 -3.7986e+00 +2.0364e-01 -6.9103e-01
1298 +7.365946431e-08 +7.365946431e-08 -2.471099999e+02 -2.471099999e+02 -3.7986e+00 +2.0341e-01 -6.9119e-01
1342 +1.955783091e-08 +1.955783091e-08 -2.471100000e+02 -2.471100000e+02 -3.7985e+00 +2.0324e-01 -6.9109e-01
1474 +1.569134156e-08 +1.569134156e-08 -2.471100000e+02 -2.471100000e+02 -3.7984e+00 +2.0321e-01 -6.9132e-01
1485 +3.833804385e-09 +3.833804385e-09 -2.471100000e+02 -2.471100000e+02 -3.7984e+00 +2.0320e-01 -6.9125e-01
% function evaluation | noise-free fitness - Fopt (-1.520400000000e+02) | best noise-free fitness - Fopt | measured fitness | best measured fitness | x1 | x2...
1 +1.750322688e+01 +1.750322688e+01 -1.345367731e+02 -1.345367731e+02 +0.0000e+00 +0.0000e+00 +0.0000e+00
79 +1.576384465e+01 +1.576384465e+01 -1.362761553e+02 -1.362761553e+02 +3.9553e-01 +7.5201e-01 -6.8239e-02
90 +1.127035497e+01 +1.127035497e+01 -1.407696450e+02 -1.407696450e+02 +7.4966e-01 +8.6213e-01 -7.7509e-01
99 +1.023815651e+01 +1.023815651e+01 -1.418018435e+02 -1.418018435e+02 +1.1430e+00 +4.0390e-01 -1.2399e+00
102 +5.741318812e+00 +5.741318812e+00 -1.462986812e+02 -1.462986812e+02 -1.2549e-01 +5.1433e-01 -1.7126e+00
105 +5.454587703e+00 +5.454587703e+00 -1.465854123e+02 -1.465854123e+02 +2.7393e-01 +9.0870e-01 -1.7121e+00
112 +3.283361043e+00 +3.283361043e+00 -1.487566390e+02 -1.487566390e+02 +9.2604e-01 +1.1576e-01 -3.5400e+00
118 +2.334438913e+00 +2.334438913e+00 -1.497055611e+02 -1.497055611e+02 +4.4549e-01 +7.4734e-02 -3.8474e+00
125 +1.467822956e+00 +1.467822956e+00 -1.505721770e+02 -1.505721770e+02 +7.5564e-01 +8.0723e-01 -4.1278e+00
131 +4.914594829e-01 +4.914594829e-01 -1.515485405e+02 -1.515485405e+02 -6.4323e-01 +1.6251e+00 -4.4812e+00
198 +4.849214727e-01 +4.849214727e-01 -1.515550785e+02 -1.515550785e+02 -9.4237e-01 +1.2541e+00 -3.9111e+00
220 +2.826942786e-01 +2.826942786e-01 -1.517573057e+02 -1.517573057e+02 -7.8685e-01 +1.4243e+00 -3.8123e+00
229 +2.579206464e-02 +2.579206464e-02 -1.520142079e+02 -1.520142079e+02 -3.1442e-01 +1.4045e+00 -4.0771e+00
286 +2.211214567e-02 +2.211214567e-02 -1.520178879e+02 -1.520178879e+02 -1.9529e-01 +1.5358e+00 -3.8581e+00
352 +2.089664905e-02 +2.089664905e-02 -1.520191034e+02 -1.520191034e+02 -1.4346e-01 +1.4986e+00 -3.9285e+00
364 +1.319986599e-02 +1.319986599e-02 -1.520268001e+02 -1.520268001e+02 -2.3481e-01 +1.4763e+00 -4.0218e+00
396 +2.972809328e-03 +2.972809328e-03 -1.520370272e+02 -1.520370272e+02 -2.3686e-01 +1.4609e+00 -3.8985e+00
440 +2.702227723e-03 +2.702227723e-03 -1.520372978e+02 -1.520372978e+02 -2.2248e-01 +1.3981e+00 -3.9302e+00
462 +1.327557567e-03 +1.327557567e-03 -1.520386724e+02 -1.520386724e+02 -2.6893e-01 +1.3948e+00 -3.9030e+00
528 +2.975161669e-04 +2.975161669e-04 -1.520397025e+02 -1.520397025e+02 -2.6636e-01 +1.4175e+00 -3.9089e+00
572 +2.859751038e-04 +2.859751038e-04 -1.520397140e+02 -1.520397140e+02 -2.6370e-01 +1.4305e+00 -3.9096e+00
638 +4.844471906e-05 +4.844471906e-05 -1.520399516e+02 -1.520399516e+02 -2.6414e-01 +1.4296e+00 -3.9276e+00
660 +2.943923189e-05 +2.943923189e-05 -1.520399706e+02 -1.520399706e+02 -2.6551e-01 +1.4256e+00 -3.9199e+00
748 +2.157003638e-05 +2.157003638e-05 -1.520399784e+02 -1.520399784e+02 -2.6526e-01 +1.4278e+00 -3.9266e+00
751 +1.207566919e-05 +1.207566919e-05 -1.520399879e+02 -1.520399879e+02 -2.6944e-01 +1.4216e+00 -3.9259e+00
770 +8.350334213e-06 +8.350334213e-06 -1.520399916e+02 -1.520399916e+02 -2.6798e-01 +1.4235e+00 -3.9275e+00
880 +1.953819663e-06 +1.953819663e-06 -1.520399980e+02 -1.520399980e+02 -2.6741e-01 +1.4238e+00 -3.9262e+00
968 +1.849603933e-06 +1.849603933e-06 -1.520399982e+02 -1.520399982e+02 -2.6834e-01 +1.4247e+00 -3.9249e+00
990 +1.236157544e-06 +1.236157544e-06 -1.520399988e+02 -1.520399988e+02 -2.6708e-01 +1.4251e+00 -3.9247e+00
1012 +6.473466669e-07 +6.473466669e-07 -1.520399994e+02 -1.520399994e+02 -2.6775e-01 +1.4245e+00 -3.9251e+00
1056 +3.466922465e-07 +3.466922465e-07 -1.520399997e+02 -1.520399997e+02 -2.6771e-01 +1.4243e+00 -3.9247e+00
1078 +1.346883778e-07 +1.346883778e-07 -1.520399999e+02 -1.520399999e+02 -2.6735e-01 +1.4238e+00 -3.9245e+00
1129 +8.153293152e-08 +8.153293152e-08 -1.520399999e+02 -1.520399999e+02 -2.6716e-01 +1.4239e+00 -3.9250e+00
1144 +7.269093771e-08 +7.269093771e-08 -1.520399999e+02 -1.520399999e+02 -2.6746e-01 +1.4240e+00 -3.9249e+00
1166 +2.508753028e-08 +2.508753028e-08 -1.520400000e+02 -1.520400000e+02 -2.6731e-01 +1.4241e+00 -3.9248e+00
1206 +2.132824761e-08 +2.132824761e-08 -1.520400000e+02 -1.520400000e+02 -2.6720e-01 +1.4241e+00 -3.9247e+00
1210 +8.460602885e-09 +8.460602885e-09 -1.520400000e+02 -1.520400000e+02 -2.6715e-01 +1.4240e+00 -3.9249e+00
% function evaluation | noise-free fitness - Fopt (-2.525000000000e+01) | best noise-free fitness - Fopt | measured fitness | best measured fitness | x1 | x2...
1 +1.548831296e+01 +1.548831296e+01 -9.761687040e+00 -9.761687040e+00 +0.0000e+00 +0.0000e+00 +0.0000e+00
68 +1.499166493e+01 +1.499166493e+01 -1.025833507e+01 -1.025833507e+01 +1.0231e-01 -3.4422e-01 -1.1867e-01
81 +1.072029270e+01 +1.072029270e+01 -1.452970730e+01 -1.452970730e+01 +8.3612e-01 -5.5879e-01 -1.6628e-01
96 +9.521398083e+00 +9.521398083e+00 -1.572860192e+01 -1.572860192e+01 +1.9534e+00 -1.5373e+00 +7.7063e-03
98 +3.027355120e+00 +3.027355120e+00 -2.222264488e+01 -2.222264488e+01 +3.0595e+00 -1.5718e-01 +2.4649e-02
105 +2.083340937e+00 +2.083340937e+00 -2.316665906e+01 -2.316665906e+01 +3.4349e+00 -6.1735e-01 -7.2716e-01
189 +1.002736358e+00 +1.002736358e+00 -2.424726364e+01 -2.424726364e+01 +3.7656e+00 +1.1615e+00 -5.8322e-01
215 +6.041231248e-01 +6.041231248e-01 -2.464587688e+01 -2.464587688e+01 +3.7695e+00 +4.6314e-01 -6.7967e-01
217 +5.923296759e-01 +5.923296759e-01 -2.465767032e+01 -2.465767032e+01 +4.3567e+00 +5.5251e-01 -1.6073e+00
220 +2.424407865e-01 +2.424407865e-01 -2.500755921e+01 -2.500755921e+01 +3.8488e+00 +7.2153e-01 -9.9726e-01
352 +1.728639150e-01 +1.728639150e-01 -2.507713609e+01 -2.507713609e+01 +3.4617e+00 +9.4598e-01 -1.6517e+00
354 +1.495199850e-01 +1.495199850e-01 -2.510048001e+01 -2.510048001e+01 +3.4521e+00 +9.7408e-01 -1.3303e+00
370 +1.397094439e-01 +1.397094439e-01 -2.511029056e+01 -2.511029056e+01 +3.4956e+00 +8.6761e-01 -1.1541e+00
374 +7.175121602e-02 +7.175121602e-02 -2.517824878e+01 -2.517824878e+01 +3.3637e+00 +5.6640e-01 -1.3569e+00
396 +3.012554679e-03 +3.012554679e-03 -2.524698745e+01 -2.524698745e+01 +3.5804e+00 +6.7056e-01 -1.4462e+00
616 +6.137957801e-04 +6.137957801e-04 -2.524938620e+01 -2.524938620e+01 +3.6375e+00 +6.4126e-01 -1.4148e+00
811 +2.182854755e-04 +2.182854755e-04 -2.524978171e+01 -2.524978171e+01 +3.6247e+00 +6.4579e-01 -1.4212e+00
848 +1.497657558e-04 +1.497657558e-04 -2.524985023e+01 -2.524985023e+01 +3.6138e+00 +6.4280e-01 -1.4312e+00
858 +7.650685991e-05 +7.650685991e-05 -2.524992349e+01 -2.524992349e+01 +3.6178e+00 +6.3972e-01 -1.4283e+00
880 +4.749348825e-07 +4.749348825e-07 -2.524999953e+01 -2.524999953e+01 +3.6143e+00 +6.3461e-01 -1.4219e+00
1205 +2.778000407e-07 +2.778000407e-07 -2.524999972e+01 -2.524999972e+01 +3.6143e+00 +6.3471e-01 -1.4218e+00
1230 +3.113221680e-08 +3.113221680e-08 -2.524999997e+01 -2.524999997e+01 +3.6145e+00 +6.3517e-01 -1.4215e+00
1364 +3.051112785e-08 +3.051112785e-08 -2.524999997e+01 -2.524999997e+01 +3.6144e+00 +6.3518e-01 -1.4214e+00
1386 +1.100756464e-08 +1.100756464e-08 -2.524999999e+01 -2.524999999e+01 +3.6145e+00 +6.3523e-01 -1.4216e+00
1392 +8.071683766e-09 +8.071683766e-09 -2.524999999e+01 -2.524999999e+01 +3.6145e+00 +6.3520e-01 -1.4217e+00
% function evaluation | noise-free fitness - Fopt (8.790000000000e+01) | best noise-free fitness - Fopt | measured fitness | best measured fitness | x1 | x2...
1 +1.260319488e+01 +1.260319488e+01 +1.005031949e+02 +1.005031949e+02 +0.0000e+00 +0.0000e+00 +0.0000e+00
162 +1.157359389e+01 +1.157359389e+01 +9.947359389e+01 +9.947359389e+01 -8.4979e-02 -2.2326e+00 +1.5571e+00
173 +4.976717454e+00 +4.976717454e+00 +9.287671745e+01 +9.287671745e+01 -1.5504e+00 -4.8405e-02 +3.8004e-01
190 +4.591796085e+00 +4.591796085e+00 +9.249179608e+01 +9.249179608e+01 -2.1437e+00 -3.1202e+00 -8.1640e-01
198 +2.377942184e+00 +2.377942184e+00 +9.027794218e+01 +9.027794218e+01 -1.6705e+00 -1.9520e+00 +3.3051e-01
207 +6.784222917e-01 +6.784222917e-01 +8.857842229e+01 +8.857842229e+01 -3.4071e+00 -2.3691e+00 +3.1085e-01
264 +2.551538051e-01 +2.551538051e-01 +8.815515381e+01 +8.815515381e+01 -2.8932e+00 -2.0015e+00 +3.4019e-01
374 +1.287832276e-01 +1.287832276e-01 +8.802878323e+01 +8.802878323e+01 -3.1709e+00 -1.4265e+00 +5.9358e-01
377 +1.126374453e-01 +1.126374453e-01 +8.801263745e+01 +8.801263745e+01 -3.1604e+00 -1.3234e+00 +4.8370e-01
418 +1.083735309e-01 +1.083735309e-01 +8.800837353e+01 +8.800837353e+01 -3.3153e+00 -1.7448e+00 +5.1500e-01
436 +9.491555199e-02 +9.491555199e-02 +8.799491555e+01 +8.799491555e+01 -3.1909e+00 -1.4970e+00 +5.6540e-01
446 +1.983747646e-02 +1.983747646e-02 +8.791983748e+01 +8.791983748e+01 -3.1161e+00 -1.7139e+00 +2.6635e-01
506 +4.220670103e-03 +4.220670103e-03 +8.790422067e+01 +8.790422067e+01 -3.1180e+00 -1.5487e+00 +2.4316e-01
704 +2.040295479e-03 +2.040295479e-03 +8.790204030e+01 +8.790204030e+01 -3.1435e+00 -1.5917e+00 +3.0818e-01
848 +1.986303303e-03 +1.986303303e-03 +8.790198630e+01 +8.790198630e+01 -3.1276e+00 -1.6006e+00 +2.8255e-01
880 +8.417780282e-04 +8.417780282e-04 +8.790084178e+01 +8.790084178e+01 -3.1714e+00 -1.5817e+00 +2.4183e-01
902 +3.964377635e-04 +3.964377635e-04 +8.790039644e+01 +8.790039644e+01 -3.1622e+00 -1.6007e+00 +2.7712e-01
905 +1.658007574e-04 +1.658007574e-04 +8.790016580e+01 +8.790016580e+01 -3.1748e+00 -1.5902e+00 +2.6461e-01
1032 +1.298680752e-04 +1.298680752e-04 +8.790012987e+01 +8.790012987e+01 -3.1770e+00 -1.5818e+00 +2.7443e-01
1070 +4.871427971e-05 +4.871427971e-05 +8.790004871e+01 +8.790004871e+01 -3.1660e+00 -1.5812e+00 +2.6354e-01
1144 +4.527432608e-05 +4.527432608e-05 +8.790004527e+01 +8.790004527e+01 -3.1722e+00 -1.5826e+00 +2.7385e-01
1149 +2.579476345e-05 +2.579476345e-05 +8.790002579e+01 +8.790002579e+01 -3.1666e+00 -1.5857e+00 +2.6658e-01
1166 +1.204108510e-05 +1.204108510e-05 +8.790001204e+01 +8.790001204e+01 -3.1691e+00 -1.5816e+00 +2.7236e-01
1188 +2.948651570e-06 +2.948651570e-06 +8.790000295e+01 +8.790000295e+01 -3.1663e+00 -1.5835e+00 +2.7175e-01
1280 +1.923762852e-06 +1.923762852e-06 +8.790000192e+01 +8.790000192e+01 -3.1670e+00 -1.5813e+00 +2.6983e-01
1287 +9.115571942e-07 +9.115571942e-07 +8.790000091e+01 +8.790000091e+01 -3.1655e+00 -1.5821e+00 +2.7014e-01
1320 +2.611602667e-07 +2.611602667e-07 +8.790000026e+01 +8.790000026e+01 -3.1665e+00 -1.5825e+00 +2.7087e-01
1386 +1.647289594e-07 +1.647289594e-07 +8.790000016e+01 +8.790000016e+01 -3.1660e+00 -1.5822e+00 +2.7045e-01
1448 +1.125851838e-07 +1.125851838e-07 +8.790000011e+01 +8.790000011e+01 -3.1663e+00 -1.5823e+00 +2.7011e-01
1449 +9.840329085e-08 +9.840329085e-08 +8.790000010e+01 +8.790000010e+01 -3.1666e+00 -1.5824e+00 +2.7019e-01
1474 +6.729973734e-08 +6.729973734e-08 +8.790000007e+01 +8.790000007e+01 -3.1666e+00 -1.5825e+00 +2.7024e-01
1517 +1.734520083e-08 +1.734520083e-08 +8.790000002e+01 +8.790000002e+01 -3.1664e+00 -1.5825e+00 +2.7043e-01
1518 +1.154631946e-08 +1.154631946e-08 +8.790000001e+01 +8.790000001e+01 -3.1664e+00 -1.5824e+00 +2.7030e-01
1540 +5.548457693e-09 +5.548457693e-09 +8.790000001e+01 +8.790000001e+01 -3.1665e+00 -1.5824e+00 +2.7044e-01
% function evaluation | noise-free fitness - Fopt (2.199800000000e+02) | best noise-free fitness - Fopt | measured fitness | best measured fitness | x1 | x2...
1 +1.523081856e+01 +1.523081856e+01 +2.352108186e+02 +2.352108186e+02 +0.0000e+00 +0.0000e+00 +0.0000e+00
94 +1.085099117e+01 +1.085099117e+01 +2.308309912e+02 +2.308309912e+02 -4.8015e-01 -1.8886e+00 +2.0437e+00
95 +9.019699203e+00 +9.019699203e+00 +2.289996992e+02 +2.289996992e+02 -7.7788e-01 -1.6961e+00 +1.0129e+00
117 +6.701363397e+00 +6.701363397e+00 +2.266813634e+02 +2.266813634e+02 +7.0998e-01 -1.2071e+00 +9.5478e-02
118 +4.610552679e+00 +4.610552679e+00 +2.245905527e+02 +2.245905527e+02 +6.5822e-01 -1.6549e+00 +1.2705e-02
132 +3.523921047e+00 +3.523921047e+00 +2.235039210e+02 +2.235039210e+02 +1.5523e-02 -2.7114e+00 +9.7299e-01
137 +2.864728308e+00 +2.864728308e+00 +2.228447283e+02 +2.228447283e+02 -3.7790e-01 -4.5620e+00 +2.6757e-01
140 +1.872498815e+00 +1.872498815e+00 +2.218524988e+02 +2.218524988e+02 +4.0730e-01 -2.5411e+00 -2.2647e-01
144 +1.020797419e+00 +1.020797419e+00 +2.210007974e+02 +2.210007974e+02 +1.0580e+00 -2.9901e+00 -8.6383e-01
152 +2.157728847e-01 +2.157728847e-01 +2.201957729e+02 +2.201957729e+02 +1.0617e+00 -3.3531e+00 +1.9407e-02
242 +1.540531989e-01 +1.540531989e-01 +2.201340532e+02 +2.201340532e+02 +7.0850e-01 -3.6689e+00 -4.0846e-01
280 +9.051168103e-02 +9.051168103e-02 +2.200705117e+02 +2.200705117e+02 +7.8851e-01 -3.8291e+00 -4.8033e-02
286 +7.324791115e-02 +7.324791115e-02 +2.200532479e+02 +2.200532479e+02 +1.1418e+00 -3.5576e+00 -6.0476e-02
330 +6.049078218e-02 +6.049078218e-02 +2.200404908e+02 +2.200404908e+02 +8.2257e-01 -3.6523e+00 -1.3746e-01
352 +9.518400641e-03 +9.518400641e-03 +2.199895184e+02 +2.199895184e+02 +9.9357e-01 -3.7290e+00 -1.2294e-01
374 +5.552510772e-03 +5.552510772e-03 +2.199855525e+02 +2.199855525e+02 +1.0942e+00 -3.8009e+00 -2.1035e-01
385 +4.431014206e-03 +4.431014206e-03 +2.199844310e+02 +2.199844310e+02 +1.0540e+00 -3.7006e+00 -2.3497e-01
446 +3.616124656e-03 +3.616124656e-03 +2.199836161e+02 +2.199836161e+02 +1.0245e+00 -3.7036e+00 -1.8240e-01
465 +5.498415067e-04 +5.498415067e-04 +2.199805498e+02 +2.199805498e+02 +1.0330e+00 -3.7631e+00 -2.2998e-01
528 +5.153787118e-04 +5.153787118e-04 +2.199805154e+02 +2.199805154e+02 +1.0399e+00 -3.7552e+00 -1.8553e-01
550 +2.836390725e-04 +2.836390725e-04 +2.199802836e+02 +2.199802836e+02 +1.0294e+00 -3.7417e+00 -2.0349e-01
552 +1.347570378e-05 +1.347570378e-05 +2.199800135e+02 +2.199800135e+02 +1.0302e+00 -3.7562e+00 -2.0743e-01
814 +3.793290716e-06 +3.793290716e-06 +2.199800038e+02 +2.199800038e+02 +1.0341e+00 -3.7587e+00 -2.0571e-01
858 +2.661097966e-06 +2.661097966e-06 +2.199800027e+02 +2.199800027e+02 +1.0343e+00 -3.7590e+00 -2.0739e-01
929 +1.453820346e-06 +1.453820346e-06 +2.199800015e+02 +2.199800015e+02 +1.0347e+00 -3.7571e+00 -2.0732e-01
968 +4.825863869e-07 +4.825863869e-07 +2.199800005e+02 +2.199800005e+02 +1.0342e+00 -3.7573e+00 -2.0738e-01
1012 +3.902274557e-07 +3.902274557e-07 +2.199800004e+02 +2.199800004e+02 +1.0339e+00 -3.7581e+00 -2.0690e-01
1078 +2.189740371e-07 +2.189740371e-07 +2.199800002e+02 +2.199800002e+02 +1.0340e+00 -3.7578e+00 -2.0744e-01
1122 +5.331034458e-08 +5.331034458e-08 +2.199800001e+02 +2.199800001e+02 +1.0337e+00 -3.7575e+00 -2.0736e-01
1144 +1.876961164e-08 +1.876961164e-08 +2.199800000e+02 +2.199800000e+02 +1.0336e+00 -3.7576e+00 -2.0732e-01
1166 +1.492898605e-08 +1.492898605e-08 +2.199800000e+02 +2.199800000e+02 +1.0336e+00 -3.7575e+00 -2.0727e-01
1184 +2.224084028e-09 +2.224084028e-09 +2.199800000e+02 +2.199800000e+02 +1.0336e+00 -3.7576e+00 -2.0724e-01
% function evaluation | noise-free fitness - Fopt (-2.784000000000e+01) | best noise-free fitness - Fopt | measured fitness | best measured fitness | x1 | x2...
1 +6.179761280e+00 +6.179761280e+00 -2.166023872e+01 -2.166023872e+01 +0.0000e+00 +0.0000e+00 +0.0000e+00
132 +6.089757365e+00 +6.089757365e+00 -2.175024263e+01 -2.175024263e+01 +9.5171e-01 +2.5938e+00 -1.0479e+00
135 +2.990147788e+00 +2.990147788e+00 -2.484985221e+01 -2.484985221e+01 -3.6059e-01 +3.4158e+00 -2.0142e-01
198 +1.316756426e+00 +1.316756426e+00 -2.652324357e+01 -2.652324357e+01 +7.4544e-01 +2.4412e+00 +5.9682e-01
222 +1.051239358e-01 +1.051239358e-01 -2.773487606e+01 -2.773487606e+01 -5.7741e-01 +2.0964e+00 +1.0903e+00
242 +4.532582699e-02 +4.532582699e-02 -2.779467417e+01 -2.779467417e+01 -1.8919e-01 +2.0647e+00 +1.1474e+00
330 +8.870319363e-03 +8.870319363e-03 -2.783112968e+01 -2.783112968e+01 -3.2706e-01 +2.2800e+00 +1.1260e+00
528 +5.662545469e-03 +5.662545469e-03 -2.783433745e+01 -2.783433745e+01 -3.3974e-01 +2.1844e+00 +1.0763e+00
572 +2.852075580e-04 +2.852075580e-04 -2.783971479e+01 -2.783971479e+01 -2.8530e-01 +2.2206e+00 +1.0693e+00
836 +1.423349549e-04 +1.423349549e-04 -2.783985767e+01 -2.783985767e+01 -2.7647e-01 +2.2262e+00 +1.0505e+00
869 +1.160821406e-04 +1.160821406e-04 -2.783988392e+01 -2.783988392e+01 -2.7530e-01 +2.2292e+00 +1.0610e+00
880 +5.141353827e-05 +5.141353827e-05 -2.783994859e+01 -2.783994859e+01 -2.8241e-01 +2.2253e+00 +1.0572e+00
1012 +4.563774613e-05 +4.563774613e-05 -2.783995436e+01 -2.783995436e+01 -2.8643e-01 +2.2323e+00 +1.0502e+00
1034 +1.776437745e-05 +1.776437745e-05 -2.783998224e+01 -2.783998224e+01 -2.8780e-01 +2.2343e+00 +1.0587e+00
1118 +7.769807233e-06 +7.769807233e-06 -2.783999223e+01 -2.783999223e+01 -2.8604e-01 +2.2296e+00 +1.0560e+00
1144 +5.837771077e-06 +5.837771077e-06 -2.783999416e+01 -2.783999416e+01 -2.8491e-01 +2.2306e+00 +1.0587e+00
1210 +1.474452123e-06 +1.474452123e-06 -2.783999853e+01 -2.783999853e+01 -2.8593e-01 +2.2321e+00 +1.0564e+00
1220 +1.143709728e-06 +1.143709728e-06 -2.783999886e+01 -2.783999886e+01 -2.8387e-01 +2.2325e+00 +1.0566e+00
1341 +9.439049400e-07 +9.439049400e-07 -2.783999906e+01 -2.783999906e+01 -2.8471e-01 +2.2317e+00 +1.0559e+00
1342 +4.480810780e-07 +4.480810780e-07 -2.783999955e+01 -2.783999955e+01 -2.8523e-01 +2.2317e+00 +1.0572e+00
1408 +1.421112827e-07 +1.421112827e-07 -2.783999986e+01 -2.783999986e+01 -2.8474e-01 +2.2323e+00 +1.0570e+00
1474 +1.317016931e-07 +1.317016931e-07 -2.783999987e+01 -2.783999987e+01 -2.8467e-01 +2.2318e+00 +1.0571e+00
1540 +1.047772784e-07 +1.047772784e-07 -2.783999990e+01 -2.783999990e+01 -2.8508e-01 +2.2321e+00 +1.0569e+00
1544 +6.603607972e-08 +6.603607972e-08 -2.783999993e+01 -2.783999993e+01 -2.8482e-01 +2.2317e+00 +1.0568e+00
1584 +4.055926084e-08 +4.055926084e-08 -2.783999996e+01 -2.783999996e+01 -2.8477e-01 +2.2321e+00 +1.0567e+00
1606 +1.901325319e-08 +1.901325319e-08 -2.783999998e+01 -2.783999998e+01 -2.8487e-01 +2.2319e+00 +1.0567e+00
1637 +1.257818028e-08 +1.257818028e-08 -2.783999999e+01 -2.783999999e+01 -2.8491e-01 +2.2320e+00 +1.0568e+00
1655 +8.395137030e-09 +8.395137030e-09 -2.783999999e+01 -2.783999999e+01 -2.8475e-01 +2.2319e+00 +1.0568e+00
% function evaluation | noise-free fitness - Fopt (2.027000000000e+01) | best noise-free fitness - Fopt | measured fitness | best measured fitness | x1 | x2...
1 +2.235283520e+01 +2.235283520e+01 +4.262283520e+01 +4.262283520e+01 +0.0000e+00 +0.0000e+00 +0.0000e+00
132 +2.029462622e+01 +2.029462622e+01 +4.056462622e+01 +4.056462622e+01 +2.1619e+00 +3.1756e+00 -2.3994e+00
143 +1.316957629e+01 +1.316957629e+01 +3.343957629e+01 +3.343957629e+01 +1.5120e+00 +1.5683e+00 -5.3604e+00
157 +9.310799634e+00 +9.310799634e+00 +2.958079963e+01 +2.958079963e+01 +3.9461e+00 +9.0006e-01 -5.5498e+00
170 +8.899604064e+00 +8.899604064e+00 +2.916960406e+01 +2.916960406e+01 +3.9831e+00 +1.7098e+00 -3.4240e+00
173 +3.235724678e+00 +3.235724678e+00 +2.350572468e+01 +2.350572468e+01 +3.4930e+00 +4.7982e-01 -4.1379e+00
300 +2.017823803e+00 +2.017823803e+00 +2.228782380e+01 +2.228782380e+01 +2.6952e+00 -5.1483e-01 -4.6926e+00
317 +1.450079109e+00 +1.450079109e+00 +2.172007911e+01 +2.172007911e+01 +3.9877e+00 -8.5618e-01 -4.1356e+00
318 +8.282743143e-01 +8.282743143e-01 +2.109827431e+01 +2.109827431e+01 +3.5005e+00 -1.2426e+00 -4.2213e+00
330 +5.143218128e-01 +5.143218128e-01 +2.078432181e+01 +2.078432181e+01 +3.2479e+00 -1.2768e+00 -4.1163e+00
374 +3.401084637e-01 +3.401084637e-01 +2.061010846e+01 +2.061010846e+01 +2.4999e+00 -8.9454e-01 -3.5362e+00
453 +5.000594526e-02 +5.000594526e-02 +2.032000595e+01 +2.032000595e+01 +2.8478e+00 -1.2440e+00 -3.4420e+00
472 +1.377748690e-02 +1.377748690e-02 +2.028377749e+01 +2.028377749e+01 +3.1371e+00 -1.1196e+00 -3.5034e+00
528 +6.538571892e-03 +6.538571892e-03 +2.027653857e+01 +2.027653857e+01 +3.0625e+00 -1.1542e+00 -3.5165e+00
638 +4.448592682e-03 +4.448592682e-03 +2.027444859e+01 +2.027444859e+01 +3.0977e+00 -1.1092e+00 -3.4437e+00
726 +3.147844517e-03 +3.147844517e-03 +2.027314784e+01 +2.027314784e+01 +2.9931e+00 -1.1076e+00 -3.4904e+00
809 +2.342378536e-03 +2.342378536e-03 +2.027234238e+01 +2.027234238e+01 +3.0207e+00 -1.1638e+00 -3.4423e+00
824 +5.181173706e-04 +5.181173706e-04 +2.027051812e+01 +2.027051812e+01 +3.0268e+00 -1.1002e+00 -3.4649e+00
858 +3.522755653e-04 +3.522755653e-04 +2.027035228e+01 +2.027035228e+01 +3.0198e+00 -1.1242e+00 -3.4638e+00
902 +3.214034954e-05 +3.214034954e-05 +2.027003214e+01 +2.027003214e+01 +3.0309e+00 -1.1225e+00 -3.4485e+00
946 +5.596216845e-06 +5.596216845e-06 +2.027000560e+01 +2.027000560e+01 +3.0328e+00 -1.1154e+00 -3.4508e+00
1100 +4.804174857e-06 +4.804174857e-06 +2.027000480e+01 +2.027000480e+01 +3.0334e+00 -1.1188e+00 -3.4523e+00
1144 +1.159628734e-06 +1.159628734e-06 +2.027000116e+01 +2.027000116e+01 +3.0330e+00 -1.1176e+00 -3.4516e+00
1166 +7.702860430e-07 +7.702860430e-07 +2.027000077e+01 +2.027000077e+01 +3.0320e+00 -1.1178e+00 -3.4520e+00
1196 +1.708828385e-07 +1.708828385e-07 +2.027000017e+01 +2.027000017e+01 +3.0324e+00 -1.1175e+00 -3.4511e+00
1276 +9.685752644e-08 +9.685752644e-08 +2.027000010e+01 +2.027000010e+01 +3.0322e+00 -1.1178e+00 -3.4512e+00
1364 +6.952950216e-08 +6.952950216e-08 +2.027000007e+01 +2.027000007e+01 +3.0322e+00 -1.1175e+00 -3.4512e+00
1377 +5.929859626e-08 +5.929859626e-08 +2.027000006e+01 +2.027000006e+01 +3.0322e+00 -1.1176e+00 -3.4513e+00
1408 +4.868773829e-09 +4.868773829e-09 +2.027000000e+01 +2.027000000e+01 +3.0321e+00 -1.1176e+00 -3.4512e+00
% function evaluation | noise-free fitness - Fopt (9.302900000000e+02) | best noise-free fitness - Fopt | measured fitness | best measured fitness | x1 | x2...
1 +1.602589440e+01 +1.602589440e+01 +9.463158944e+02 +9.463158944e+02 +0.0000e+00 +0.0000e+00 +0.0000e+00
117 +1.238766384e+01 +1.238766384e+01 +9.426776638e+02 +9.426776638e+02 +6.1051e-01 +1.1731e+00 -1.9519e+00
119 +1.013882154e+01 +1.013882154e+01 +9.404288215e+02 +9.404288215e+02 -4.3716e+00 -4.1899e-01 -2.0341e+00
124 +8.716154928e+00 +8.716154928e+00 +9.390061549e+02 +9.390061549e+02 -1.4715e+00 +1.2564e+00 -1.6832e+00
131 +7.637219816e+00 +7.637219816e+00 +9.379272198e+02 +9.379272198e+02 -2.2346e+00 +9.9295e-01 -1.7619e+00
132 +6.116245293e+00 +6.116245293e+00 +9.364062453e+02 +9.364062453e+02 -2.2988e+00 +1.0766e+00 -2.4659e+00
143 +1.576434871e+00 +1.576434871e+00 +9.318664349e+02 +9.318664349e+02 -2.0073e+00 -5.7053e-02 -4.1451e+00
308 +1.315932455e+00 +1.315932455e+00 +9.316059325e+02 +9.316059325e+02 -2.1288e+00 -7.3304e-02 -3.7788e+00
311 +6.362353018e-01 +6.362353018e-01 +9.309262353e+02 +9.309262353e+02 -1.8690e+00 -5.9943e-01 -4.1014e+00
325 +5.991200234e-01 +5.991200234e-01 +9.308891200e+02 +9.308891200e+02 -1.1551e+00 -1.6524e+00 -3.3124e+00
330 +3.758173500e-01 +3.758173500e-01 +9.306658174e+02 +9.306658174e+02 -2.1296e+00 -7.2499e-01 -3.4578e+00
418 +1.266135807e-01 +1.266135807e-01 +9.304166136e+02 +9.304166136e+02 -1.7322e+00 -1.3064e+00 -3.7379e+00
433 +9.571051679e-02 +9.571051679e-02 +9.303857105e+02 +9.303857105e+02 -1.7137e+00 -7.7100e-01 -3.4674e+00
550 +2.940211195e-02 +2.940211195e-02 +9.303194021e+02 +9.303194021e+02 -1.4859e+00 -1.0564e+00 -3.6080e+00
655 +2.608150909e-02 +2.608150909e-02 +9.303160815e+02 +9.303160815e+02 -1.6116e+00 -9.0282e-01 -3.5068e+00
660 +2.017823911e-02 +2.017823911e-02 +9.303101782e+02 +9.303101782e+02 -1.5329e+00 -9.5599e-01 -3.4743e+00
681 +9.922985736e-03 +9.922985736e-03 +9.302999230e+02 +9.302999230e+02 -1.5819e+00 -9.7559e-01 -3.5268e+00
704 +3.865908804e-03 +3.865908804e-03 +9.302938659e+02 +9.302938659e+02 -1.5703e+00 -1.0354e+00 -3.4800e+00
712 +3.389265245e-03 +3.389265245e-03 +9.302933893e+02 +9.302933893e+02 -1.6154e+00 -1.0835e+00 -3.5570e+00
726 +2.337454924e-03 +2.337454924e-03 +9.302923375e+02 +9.302923375e+02 -1.6643e+00 -1.0576e+00 -3.5224e+00
754 +2.848885518e-04 +2.848885518e-04 +9.302902849e+02 +9.302902849e+02 -1.6205e+00 -1.0601e+00 -3.4860e+00
770 +2.288810535e-04 +2.288810535e-04 +9.302902289e+02 +9.302902289e+02 -1.6333e+00 -1.0603e+00 -3.4948e+00
924 +6.842270204e-05 +6.842270204e-05 +9.302900684e+02 +9.302900684e+02 -1.6157e+00 -1.0582e+00 -3.5052e+00
955 +5.769482641e-05 +5.769482641e-05 +9.302900577e+02 +9.302900577e+02 -1.6273e+00 -1.0620e+00 -3.4989e+00
990 +4.428127033e-05 +4.428127033e-05 +9.302900443e+02 +9.302900443e+02 -1.6148e+00 -1.0668e+00 -3.5017e+00
1004 +2.737183752e-05 +2.737183752e-05 +9.302900274e+02 +9.302900274e+02 -1.6256e+00 -1.0644e+00 -3.5002e+00
1006 +1.874481347e-05 +1.874481347e-05 +9.302900187e+02 +9.302900187e+02 -1.6248e+00 -1.0625e+00 -3.5020e+00
1034 +7.820457654e-06 +7.820457654e-06 +9.302900078e+02 +9.302900078e+02 -1.6195e+00 -1.0650e+00 -3.5047e+00
1071 +3.420707571e-06 +3.420707571e-06 +9.302900034e+02 +9.302900034e+02 -1.6223e+00 -1.0644e+00 -3.5034e+00
1156 +7.411000524e-07 +7.411000524e-07 +9.302900007e+02 +9.302900007e+02 -1.6210e+00 -1.0648e+00 -3.5023e+00
1173 +6.470289691e-07 +6.470289691e-07 +9.302900006e+02 +9.302900006e+02 -1.6210e+00 -1.0647e+00 -3.5027e+00
1195 +4.579000006e-07 +4.579000006e-07 +9.302900005e+02 +9.302900005e+02 -1.6210e+00 -1.0646e+00 -3.5027e+00
1200 +1.903115390e-07 +1.903115390e-07 +9.302900002e+02 +9.302900002e+02 -1.6212e+00 -1.0638e+00 -3.5025e+00
1298 +1.576172508e-07 +1.576172508e-07 +9.302900002e+02 +9.302900002e+02 -1.6210e+00 -1.0640e+00 -3.5027e+00
1320 +1.416908617e-07 +1.416908617e-07 +9.302900001e+02 +9.302900001e+02 -1.6211e+00 -1.0638e+00 -3.5022e+00
1368 +1.000535121e-08 +1.000535121e-08 +9.302900000e+02 +9.302900000e+02 -1.6207e+00 -1.0641e+00 -3.5024e+00
1540 +4.229946171e-09 +4.229946171e-09 +9.302900000e+02 +9.302900000e+02 -1.6208e+00 -1.0640e+00 -3.5024e+00
% function evaluation | noise-free fitness - Fopt (7.786100000000e+02) | best noise-free fitness - Fopt | measured fitness | best measured fitness | x1 | x2...
1 +3.742419584e+01 +3.742419584e+01 +8.160341958e+02 +8.160341958e+02 +0.0000e+00 +0.0000e+00 +0.0000e+00
2 +3.642814934e+01 +3.642814934e+01 +8.150381493e+02 +8.150381493e+02 -4.3793e-02 +6.6429e-01 -4.2688e+00
3 +3.578978933e+01 +3.578978933e+01 +8.143997893e+02 +8.143997893e+02 -3.2014e-01 +8.0854e-01 -4.2919e+00
8 +3.538891189e+01 +3.538891189e+01 +8.139989119e+02 +8.139989119e+02 -3.4765e-01 +7.7248e-01 -4.3345e+00
9 +3.404582387e+01 +3.404582387e+01 +8.126558239e+02 +8.126558239e+02 -3.8351e-01 +6.1577e-01 -4.4389e+00
25 +3.237431707e+01 +3.237431707e+01 +8.109843171e+02 +8.109843171e+02 -6.0763e-01 +5.5800e-01 -4.5410e+00
36 +3.155487213e+01 +3.155487213e+01 +8.101648721e+02 +8.101648721e+02 -3.7744e-01 +3.1527e-01 -4.4517e+00
39 +3.003359077e+01 +3.003359077e+01 +8.086435908e+02 +8.086435908e+02 -6.0136e-01 +4.2530e-01 -4.1209e+00
47 +2.792964017e+01 +2.792964017e+01 +8.065396402e+02 +8.065396402e+02 -1.1003e+00 +4.7203e-01 -4.2959e+00
60 +2.685116101e+01 +2.685116101e+01 +8.054611610e+02 +8.054611610e+02 -8.0183e-01 +5.1423e-02 -4.5011e+00
69 +2.371469257e+01 +2.371469257e+01 +8.023246926e+02 +8.023246926e+02 -2.9110e+00 +4.6307e-01 -4.9901e+00
71 +1.950040786e+01 +1.950040786e+01 +7.981104079e+02 +7.981104079e+02 -1.8557e+00 -1.4841e-01 -4.3186e+00
72 +1.885934321e+01 +1.885934321e+01 +7.974693432e+02 +7.974693432e+02 -1.5700e+00 -3.3376e-01 -4.1256e+00
91 +1.603590420e+01 +1.603590420e+01 +7.946459042e+02 +7.946459042e+02 -2.3111e+00 -2.4490e-01 -3.8384e+00
92 +1.505938368e+01 +1.505938368e+01 +7.936693837e+02 +7.936693837e+02 -1.9388e+00 -4.2974e-01 -2.8574e+00
112 +4.267034328e+00 +4.267034328e+00 +7.828770343e+02 +7.828770343e+02 -3.1039e+00 -2.5798e+00 -4.3427e+00
123 +3.935251984e+00 +3.935251984e+00 +7.825452520e+02 +7.825452520e+02 -4.2398e+00 -2.1107e+00 -3.7843e+00
134 +2.430145415e+00 +2.430145415e+00 +7.810401454e+02 +7.810401454e+02 -3.9155e+00 -4.0884e+00 -4.3904e+00
144 +1.751080088e+00 +1.751080088e+00 +7.803610801e+02 +7.803610801e+02 -3.4710e+00 -2.5535e+00 -2.7020e+00
160 +1.575683954e+00 +1.575683954e+00 +7.801856840e+02 +7.801856840e+02 -4.5785e+00 -3.4373e+00 -1.9219e+00
249 +1.341211094e+00 +1.341211094e+00 +7.799512111e+02 +7.799512111e+02 -3.2170e+00 -3.9425e+00 -1.8849e+00
251 +1.218786893e+00 +1.218786893e+00 +7.798287869e+02 +7.798287869e+02 -2.9029e+00 -3.5942e+00 -3.4095e+00
257 +7.282388260e-01 +7.282388260e-01 +7.793382388e+02 +7.793382388e+02 -4.4425e+00 -3.6768e+00 -3.4380e+00
264 +5.099038390e-01 +5.099038390e-01 +7.791199038e+02 +7.791199038e+02 -3.1393e+00 -3.6661e+00 -2.9368e+00
396 +1.863733244e-01 +1.863733244e-01 +7.787963733e+02 +7.787963733e+02 -4.1033e+00 -4.1360e+00 -2.9637e+00
418 +6.317946730e-02 +6.317946730e-02 +7.786731795e+02 +7.786731795e+02 -3.8508e+00 -4.0575e+00 -2.7874e+00
462 +1.121484687e-02 +1.121484687e-02 +7.786212148e+02 +7.786212148e+02 -3.9157e+00 -3.8086e+00 -2.9230e+00
616 +4.100040137e-03 +4.100040137e-03 +7.786141000e+02 +7.786141000e+02 -3.8225e+00 -3.8518e+00 -2.9102e+00
693 +2.864467919e-03 +2.864467919e-03 +7.786128645e+02 +7.786128645e+02 -3.8225e+00 -3.8109e+00 -2.8054e+00
704 +8.838838129e-04 +8.838838129e-04 +7.786108839e+02 +7.786108839e+02 -3.8196e+00 -3.7910e+00 -2.8641e+00
814 +2.961517364e-04 +2.961517364e-04 +7.786102962e+02 +7.786102962e+02 -3.8439e+00 -3.8176e+00 -2.8445e+00
878 +8.183487171e-05 +8.183487171e-05 +7.786100818e+02 +7.786100818e+02 -3.8294e+00 -3.8194e+00 -2.8497e+00
944 +2.304004295e-05 +2.304004295e-05 +7.786100230e+02 +7.786100230e+02 -3.8295e+00 -3.8192e+00 -2.8601e+00
1003 +6.010950756e-06 +6.010950756e-06 +7.786100060e+02 +7.786100060e+02 -3.8335e+00 -3.8148e+00 -2.8564e+00
1100 +3.292884003e-06 +3.292884003e-06 +7.786100033e+02 +7.786100033e+02 -3.8310e+00 -3.8171e+00 -2.8573e+00
1254 +1.558115400e-06 +1.558115400e-06 +7.786100016e+02 +7.786100016e+02 -3.8327e+00 -3.8160e+00 -2.8566e+00
1330 +1.275136356e-06 +1.275136356e-06 +7.786100013e+02 +7.786100013e+02 -3.8318e+00 -3.8170e+00 -2.8580e+00
1342 +1.958950406e-07 +1.958950406e-07 +7.786100002e+02 +7.786100002e+02 -3.8326e+00 -3.8167e+00 -2.8580e+00
1421 +1.623120625e-07 +1.623120625e-07 +7.786100002e+02 +7.786100002e+02 -3.8329e+00 -3.8170e+00 -2.8579e+00
1452 +1.475362978e-07 +1.475362978e-07 +7.786100001e+02 +7.786100001e+02 -3.8329e+00 -3.8170e+00 -2.8579e+00
1474 +2.539400157e-08 +2.539400157e-08 +7.786100000e+02 +7.786100000e+02 -3.8329e+00 -3.8167e+00 -2.8577e+00
1562 +1.713374331e-09 +1.713374331e-09 +7.786100000e+02 +7.786100000e+02 -3.8328e+00 -3.8168e+00 -2.8576e+00
% function evaluation | noise-free fitness - Fopt (-2.051000000000e+01) | best noise-free fitness - Fopt | measured fitness | best measured fitness | x1 | x2...
1 +2.135115008e+01 +2.135115008e+01 +8.411500800e-01 +8.411500800e-01 +0.0000e+00 +0.0000e+00 +0.0000e+00
127 +1.956573800e+01 +1.956573800e+01 -9.442619962e-01 -9.442619962e-01 -2.6162e+00 -2.4914e+00 +2.4568e+00
136 +9.760968969e+00 +9.760968969e+00 -1.074903103e+01 -1.074903103e+01 -5.2059e+00 +4.1974e+00 +1.5928e+00
138 +7.268509158e+00 +7.268509158e+00 -1.324149084e+01 -1.324149084e+01 -2.7905e+00 -6.0319e-01 +1.6447e+00
154 +3.485205212e+00 +3.485205212e+00 -1.702479479e+01 -1.702479479e+01 -4.2363e+00 +6.0598e-01 +1.4959e+00
201 +3.364721037e+00 +3.364721037e+00 -1.714527896e+01 -1.714527896e+01 -4.8555e+00 +1.9786e+00 +1.4992e+00
264 +1.607713609e+00 +1.607713609e+00 -1.890228639e+01 -1.890228639e+01 -3.4204e+00 +8.4463e-01 +1.8125e+00
305 +2.496652187e-01 +2.496652187e-01 -2.026033478e+01 -2.026033478e+01 -3.1391e+00 +2.1571e+00 +2.8997e+00
308 +1.605251436e-01 +1.605251436e-01 -2.034947486e+01 -2.034947486e+01 -3.4032e+00 +1.9819e+00 +2.1782e+00
402 +1.456678606e-01 +1.456678606e-01 -2.036433214e+01 -2.036433214e+01 -3.2807e+00 +1.7591e+00 +2.2034e+00
501 +6.666548521e-02 +6.666548521e-02 -2.044333451e+01 -2.044333451e+01 -3.3237e+00 +1.9150e+00 +2.3094e+00
528 +1.043969103e-02 +1.043969103e-02 -2.049956031e+01 -2.049956031e+01 -3.4480e+00 +1.8229e+00 +2.5960e+00
682 +2.495327025e-03 +2.495327025e-03 -2.050750467e+01 -2.050750467e+01 -3.4124e+00 +1.8752e+00 +2.5569e+00
704 +1.482572238e-03 +1.482572238e-03 -2.050851743e+01 -2.050851743e+01 -3.3884e+00 +1.8381e+00 +2.5611e+00
814 +2.806524440e-04 +2.806524440e-04 -2.050971935e+01 -2.050971935e+01 -3.3526e+00 +1.8543e+00 +2.5595e+00
906 +2.457145635e-04 +2.457145635e-04 -2.050975429e+01 -2.050975429e+01 -3.3652e+00 +1.8749e+00 +2.5735e+00
924 +9.639275563e-05 +9.639275563e-05 -2.050990361e+01 -2.050990361e+01 -3.3680e+00 +1.8640e+00 +2.5679e+00
946 +3.769301673e-05 +3.769301673e-05 -2.050996231e+01 -2.050996231e+01 -3.3671e+00 +1.8663e+00 +2.5553e+00
1012 +1.169427471e-05 +1.169427471e-05 -2.050998831e+01 -2.050998831e+01 -3.3651e+00 +1.8698e+00 +2.5588e+00
1078 +6.607492544e-06 +6.607492544e-06 -2.050999339e+01 -2.050999339e+01 -3.3653e+00 +1.8679e+00 +2.5613e+00
1094 +3.050066578e-06 +3.050066578e-06 -2.050999695e+01 -2.050999695e+01 -3.3643e+00 +1.8674e+00 +2.5586e+00
1122 +2.480763534e-06 +2.480763534e-06 -2.050999752e+01 -2.050999752e+01 -3.3645e+00 +1.8676e+00 +2.5592e+00
1177 +1.370573759e-06 +1.370573759e-06 -2.050999863e+01 -2.050999863e+01 -3.3638e+00 +1.8667e+00 +2.5592e+00
1311 +1.133680254e-06 +1.133680254e-06 -2.050999887e+01 -2.050999887e+01 -3.3639e+00 +1.8671e+00 +2.5608e+00
1320 +6.430536246e-07 +6.430536246e-07 -2.050999936e+01 -2.050999936e+01 -3.3628e+00 +1.8677e+00 +2.5605e+00
1342 +4.250331358e-07 +4.250331358e-07 -2.050999957e+01 -2.050999957e+01 -3.3631e+00 +1.8671e+00 +2.5594e+00
1371 +6.420920684e-08 +6.420920684e-08 -2.050999994e+01 -2.050999994e+01 -3.3630e+00 +1.8671e+00 +2.5601e+00
1491 +3.260231196e-08 +3.260231196e-08 -2.050999997e+01 -2.050999997e+01 -3.3634e+00 +1.8672e+00 +2.5600e+00
1518 +1.504477964e-08 +1.504477964e-08 -2.050999998e+01 -2.050999998e+01 -3.3633e+00 +1.8673e+00 +2.5601e+00
1540 +1.079332890e-08 +1.079332890e-08 -2.050999999e+01 -2.050999999e+01 -3.3632e+00 +1.8671e+00 +2.5600e+00
1628 +7.160956272e-09 +7.160956272e-09 -2.050999999e+01 -2.050999999e+01 -3.3632e+00 +1.8671e+00 +2.5599e+00
% function evaluation | noise-free fitness - Fopt (-1.000000000000e+03) | best noise-free fitness - Fopt | measured fitness | best measured fitness | x1 | x2...
1 +1.951587200e+01 +1.951587200e+01 -9.804841280e+02 -9.804841280e+02 +0.0000e+00 +0.0000e+00 +0.0000e+00
2 +1.684534559e+01 +1.684534559e+01 -9.831546544e+02 -9.831546544e+02 -8.2250e-01 +4.8502e+00 -3.4388e+00
10 +1.657584019e+01 +1.657584019e+01 -9.834241598e+02 -9.834241598e+02 -7.2905e-01 +4.9508e+00 -3.2784e+00
26 +1.557164736e+01 +1.557164736e+01 -9.844283526e+02 -9.844283526e+02 -7.1464e-01 +4.7669e+00 -3.2662e+00
46 +1.174777314e+01 +1.174777314e+01 -9.882522269e+02 -9.882522269e+02 -3.5941e-01 +4.3291e+00 -3.4081e+00
70 +9.021792322e+00 +9.021792322e+00 -9.909782077e+02 -9.909782077e+02 +9.2304e-01 +4.9813e+00 -3.2141e+00
74 +7.567682424e+00 +7.567682424e+00 -9.924323176e+02 -9.924323176e+02 +3.5207e-01 +4.1579e+00 -3.3064e+00
79 +6.642702328e+00 +6.642702328e+00 -9.933572977e+02 -9.933572977e+02 +9.4522e-01 +4.5079e+00 -3.0638e+00
93 +5.483891454e-01 +5.483891454e-01 -9.994516109e+02 -9.994516109e+02 +2.2697e+00 +3.0996e+00 -3.0242e+00
136 +2.193432099e-01 +2.193432099e-01 -9.997806568e+02 -9.997806568e+02 +2.7321e+00 +2.0795e+00 -2.9220e+00
208 +1.679728751e-01 +1.679728751e-01 -9.998320271e+02 -9.998320271e+02 +2.7572e+00 +2.1813e+00 -2.8147e+00
220 +1.447255718e-01 +1.447255718e-01 -9.998552744e+02 -9.998552744e+02 +2.5919e+00 +2.6977e+00 -2.6474e+00
235 +1.077872730e-02 +1.077872730e-02 -9.999892213e+02 -9.999892213e+02 +2.3975e+00 +2.3560e+00 -2.7218e+00
440 +5.101551311e-03 +5.101551311e-03 -9.999948984e+02 -9.999948984e+02 +2.3876e+00 +2.3638e+00 -2.8644e+00
462 +3.554184570e-03 +3.554184570e-03 -9.999964458e+02 -9.999964458e+02 +2.3834e+00 +2.3952e+00 -2.8625e+00
506 +2.445121427e-03 +2.445121427e-03 -9.999975549e+02 -9.999975549e+02 +2.4098e+00 +2.4423e+00 -2.8440e+00
526 +5.556380135e-04 +5.556380135e-04 -9.999994444e+02 -9.999994444e+02 +2.4311e+00 +2.4094e+00 -2.8271e+00
572 +3.671314756e-04 +3.671314756e-04 -9.999996329e+02 -9.999996329e+02 +2.4274e+00 +2.4119e+00 -2.8232e+00
579 +1.636947009e-04 +1.636947009e-04 -9.999998363e+02 -9.999998363e+02 +2.4032e+00 +2.4091e+00 -2.8180e+00
589 +1.318974142e-04 +1.318974142e-04 -9.999998681e+02 -9.999998681e+02 +2.4243e+00 +2.4008e+00 -2.8112e+00
704 +3.518640960e-05 +3.518640960e-05 -9.999999648e+02 -9.999999648e+02 +2.4165e+00 +2.4069e+00 -2.8167e+00
726 +1.614396808e-05 +1.614396808e-05 -9.999999839e+02 -9.999999839e+02 +2.4153e+00 +2.4071e+00 -2.8148e+00
748 +4.668745419e-06 +4.668745419e-06 -9.999999953e+02 -9.999999953e+02 +2.4142e+00 +2.4027e+00 -2.8122e+00
781 +4.006479571e-06 +4.006479571e-06 -9.999999960e+02 -9.999999960e+02 +2.4123e+00 +2.4038e+00 -2.8109e+00
792 +3.701829314e-06 +3.701829314e-06 -9.999999963e+02 -9.999999963e+02 +2.4139e+00 +2.4036e+00 -2.8105e+00
836 +2.903367204e-06 +2.903367204e-06 -9.999999971e+02 -9.999999971e+02 +2.4129e+00 +2.4050e+00 -2.8104e+00
845 +2.697982609e-06 +2.697982609e-06 -9.999999973e+02 -9.999999973e+02 +2.4142e+00 +2.4044e+00 -2.8105e+00
858 +1.318525847e-06 +1.318525847e-06 -9.999999987e+02 -9.999999987e+02 +2.4147e+00 +2.4048e+00 -2.8119e+00
880 +1.053429060e-06 +1.053429060e-06 -9.999999989e+02 -9.999999989e+02 +2.4143e+00 +2.4042e+00 -2.8124e+00
921 +4.005734127e-07 +4.005734127e-07 -9.999999996e+02 -9.999999996e+02 +2.4135e+00 +2.4043e+00 -2.8117e+00
924 +2.749723080e-07 +2.749723080e-07 -9.999999997e+02 -9.999999997e+02 +2.4132e+00 +2.4045e+00 -2.8118e+00
968 +1.696621439e-07 +1.696621439e-07 -9.999999998e+02 -9.999999998e+02 +2.4140e+00 +2.4049e+00 -2.8118e+00
986 +8.055098988e-08 +8.055098988e-08 -9.999999999e+02 -9.999999999e+02 +2.4136e+00 +2.4047e+00 -2.8117e+00
1012 +4.420712685e-09 +4.420712685e-09 -1.000000000e+03 -1.000000000e+03 +2.4136e+00 +2.4049e+00 -2.8120e+00
% function evaluation | noise-free fitness - Fopt (-1.730800000000e+02) | best noise-free fitness - Fopt | measured fitness | best measured fitness | x1 | x2...
1 +2.759479168e+01 +2.759479168e+01 -1.454852083e+02 -1.454852083e+02 +0.0000e+00 +0.0000e+00 +0.0000e+00
2 +2.703574010e+01 +2.703574010e+01 -1.460442599e+02 -1.460442599e+02 +2.1764e-01 -4.4549e+00 -2.1979e+00
3 +2.559666291e+01 +2.559666291e+01 -1.474833371e+02 -1.474833371e+02 +2.9331e-01 -4.3494e+00 -1.9135e+00
5 +2.456671722e+01 +2.456671722e+01 -1.485132828e+02 -1.485132828e+02 +7.3351e-02 -4.5714e+00 -1.9557e+00
8 +2.340827969e+01 +2.340827969e+01 -1.496717203e+02 -1.496717203e+02 +1.2325e-01 -4.4242e+00 -1.7486e+00
9 +2.205717020e+01 +2.205717020e+01 -1.510228298e+02 -1.510228298e+02 -9.7212e-02 -4.3530e+00 -1.8088e+00
34 +2.151903585e+01 +2.151903585e+01 -1.515609642e+02 -1.515609642e+02 -1.6436e-01 -4.2704e+00 -1.8164e+00
37 +2.105143850e+01 +2.105143850e+01 -1.520285615e+02 -1.520285615e+02 +6.7619e-02 -4.5376e+00 -1.3617e+00
41 +2.028968664e+01 +2.028968664e+01 -1.527903134e+02 -1.527903134e+02 -1.4643e-01 -4.2124e+00 -1.5970e+00
54 +1.923214297e+01 +1.923214297e+01 -1.538478570e+02 -1.538478570e+02 -6.9748e-01 -4.1505e+00 -2.0168e+00
61 +1.881216256e+01 +1.881216256e+01 -1.542678374e+02 -1.542678374e+02 -3.9234e-02 -4.3551e+00 -1.1257e+00
74 +1.496764337e+01 +1.496764337e+01 -1.581123566e+02 -1.581123566e+02 -6.4496e-01 -4.5583e+00 -1.0780e+00
81 +1.293078766e+01 +1.293078766e+01 -1.601492123e+02 -1.601492123e+02 -3.9896e-01 -4.2872e+00 -2.4495e-01
96 +5.748952184e+00 +5.748952184e+00 -1.673310478e+02 -1.673310478e+02 -1.4147e+00 -4.0104e+00 +3.5033e-01
115 +1.881289059e+00 +1.881289059e+00 -1.711987109e+02 -1.711987109e+02 -3.6000e+00 -4.1146e+00 +2.4873e+00
154 +2.121119665e-01 +2.121119665e-01 -1.728678880e+02 -1.728678880e+02 -3.6213e+00 -4.0725e+00 +1.2175e+00
229 +7.976408161e-02 +7.976408161e-02 -1.730002359e+02 -1.730002359e+02 -3.6636e+00 -3.8880e+00 +1.1741e+00
352 +4.135971188e-02 +4.135971188e-02 -1.730386403e+02 -1.730386403e+02 -3.5910e+00 -3.7930e+00 +1.3002e+00
396 +1.709254852e-02 +1.709254852e-02 -1.730629075e+02 -1.730629075e+02 -3.5016e+00 -3.6549e+00 +1.2558e+00
440 +1.349141956e-02 +1.349141956e-02 -1.730665086e+02 -1.730665086e+02 -3.5445e+00 -3.6991e+00 +1.1851e+00
462 +7.012451486e-03 +7.012451486e-03 -1.730729875e+02 -1.730729875e+02 -3.6069e+00 -3.6940e+00 +1.1977e+00
484 +6.829325392e-03 +6.829325392e-03 -1.730731707e+02 -1.730731707e+02 -3.6086e+00 -3.6907e+00 +1.1875e+00
506 +6.488793566e-03 +6.488793566e-03 -1.730735112e+02 -1.730735112e+02 -3.6220e+00 -3.6690e+00 +1.1545e+00
528 +5.581082741e-03 +5.581082741e-03 -1.730744189e+02 -1.730744189e+02 -3.6035e+00 -3.6852e+00 +1.2043e+00
550 +2.506053145e-03 +2.506053145e-03 -1.730774939e+02 -1.730774939e+02 -3.6238e+00 -3.6514e+00 +1.1811e+00
562 +8.353547303e-04 +8.353547303e-04 -1.730791646e+02 -1.730791646e+02 -3.6095e+00 -3.6327e+00 +1.1924e+00
594 +3.065338809e-04 +3.065338809e-04 -1.730796935e+02 -1.730796935e+02 -3.6307e+00 -3.6207e+00 +1.2173e+00
638 +2.910529424e-04 +2.910529424e-04 -1.730797089e+02 -1.730797089e+02 -3.6173e+00 -3.6290e+00 +1.2123e+00
660 +2.296164702e-04 +2.296164702e-04 -1.730797704e+02 -1.730797704e+02 -3.6287e+00 -3.6173e+00 +1.2035e+00
704 +6.759695120e-05 +6.759695120e-05 -1.730799324e+02 -1.730799324e+02 -3.6090e+00 -3.6145e+00 +1.2109e+00
726 +1.690211710e-05 +1.690211710e-05 -1.730799831e+02 -1.730799831e+02 -3.6128e+00 -3.6118e+00 +1.2105e+00
756 +7.265992764e-06 +7.265992764e-06 -1.730799927e+02 -1.730799927e+02 -3.6190e+00 -3.6115e+00 +1.2097e+00
962 +1.044881373e-06 +1.044881373e-06 -1.730799990e+02 -1.730799990e+02 -3.6162e+00 -3.6121e+00 +1.2104e+00
1056 +2.876513747e-07 +2.876513747e-07 -1.730799997e+02 -1.730799997e+02 -3.6166e+00 -3.6115e+00 +1.2111e+00
1165 +2.222760997e-07 +2.222760997e-07 -1.730799998e+02 -1.730799998e+02 -3.6173e+00 -3.6121e+00 +1.2112e+00
1188 +4.192793313e-08 +4.192793313e-08 -1.730800000e+02 -1.730800000e+02 -3.6169e+00 -3.6122e+00 +1.2111e+00
2620 +3.961565653e-08 +3.961565653e-08 -1.730800000e+02 -1.730800000e+02 -3.6168e+00 -3.6121e+00 +1.2113e+00
2686 +3.678820804e-08 +3.678820804e-08 -1.730800000e+02 -1.730800000e+02 -3.6168e+00 -3.6121e+00 +1.2114e+00
2706 +3.515356184e-08 +3.515356184e-08 -1.730800000e+02 -1.730800000e+02 -3.6168e+00 -3.6118e+00 +1.2112e+00
2730 +1.678137096e-08 +1.678137096e-08 -1.730800000e+02 -1.730800000e+02 -3.6169e+00 -3.6121e+00 +1.2112e+00
2752 +8.132900575e-09 +8.132900575e-09 -1.730800000e+02 -1.730800000e+02 -3.6167e+00 -3.6120e+00 +1.2113e+00
% function evaluation | noise-free fitness - Fopt (5.309000000000e+01) | best noise-free fitness - Fopt | measured fitness | best measured fitness | x1 | x2...
1 +1.511276416e+01 +1.511276416e+01 +6.820276416e+01 +6.820276416e+01 +0.0000e+00 +0.0000e+00 +0.0000e+00
91 +1.357754446e+01 +1.357754446e+01 +6.666754446e+01 +6.666754446e+01 -4.9192e-01 -3.4288e-02 -6.1445e-02
92 +1.167372594e+01 +1.167372594e+01 +6.476372594e+01 +6.476372594e+01 -3.5616e-01 -3.2161e-01 -3.9386e-01
104 +5.483708976e+00 +5.483708976e+00 +5.857370898e+01 +5.857370898e+01 -3.0383e-02 -1.7067e+00 -5.2628e-01
114 +4.780018082e-01 +4.780018082e-01 +5.356800181e+01 +5.356800181e+01 -1.0878e+00 -3.0493e+00 -9.0452e-01
132 +4.101206082e-01 +4.101206082e-01 +5.350012061e+01 +5.350012061e+01 -1.4291e+00 -4.1685e+00 -5.2801e-01
184 +2.885351727e-01 +2.885351727e-01 +5.337853517e+01 +5.337853517e+01 -1.2829e+00 -3.2873e+00 -1.0508e+00
342 +2.830758167e-01 +2.830758167e-01 +5.337307582e+01 +5.337307582e+01 -1.0298e+00 -3.4004e+00 -8.5626e-01
352 +1.090278923e-01 +1.090278923e-01 +5.319902789e+01 +5.319902789e+01 -1.1622e+00 -3.4801e+00 -6.1329e-01
593 +8.964385354e-02 +8.964385354e-02 +5.317964385e+01 +5.317964385e+01 -1.6942e+00 -3.5164e+00 -4.0628e-01
616 +5.286551104e-02 +5.286551104e-02 +5.314286551e+01 +5.314286551e+01 -1.6053e+00 -3.7230e+00 -5.5436e-01
638 +1.484372229e-02 +1.484372229e-02 +5.310484372e+01 +5.310484372e+01 -1.4875e+00 -3.6576e+00 -6.4282e-01
660 +1.102696498e-02 +1.102696498e-02 +5.310102696e+01 +5.310102696e+01 -1.4969e+00 -3.5651e+00 -7.2248e-01
674 +8.115280386e-03 +8.115280386e-03 +5.309811528e+01 +5.309811528e+01 -1.5489e+00 -3.5200e+00 -5.5835e-01
726 +2.635600400e-03 +2.635600400e-03 +5.309263560e+01 +5.309263560e+01 -1.4934e+00 -3.5310e+00 -6.7213e-01
748 +3.685923701e-04 +3.685923701e-04 +5.309036859e+01 +5.309036859e+01 -1.4742e+00 -3.5235e+00 -6.2093e-01
874 +3.628359668e-04 +3.628359668e-04 +5.309036284e+01 +5.309036284e+01 -1.4929e+00 -3.5220e+00 -6.3099e-01
880 +1.736331364e-04 +1.736331364e-04 +5.309017363e+01 +5.309017363e+01 -1.4954e+00 -3.5302e+00 -6.2878e-01
924 +2.531968568e-05 +2.531968568e-05 +5.309002532e+01 +5.309002532e+01 -1.4883e+00 -3.5417e+00 -6.2428e-01
1047 +1.805190396e-05 +1.805190396e-05 +5.309001805e+01 +5.309001805e+01 -1.4914e+00 -3.5370e+00 -6.2228e-01
1078 +1.222567361e-05 +1.222567361e-05 +5.309001223e+01 +5.309001223e+01 -1.4906e+00 -3.5369e+00 -6.2102e-01
1144 +3.727980292e-06 +3.727980292e-06 +5.309000373e+01 +5.309000373e+01 -1.4887e+00 -3.5387e+00 -6.2116e-01
1219 +1.981737618e-06 +1.981737618e-06 +5.309000198e+01 +5.309000198e+01 -1.4866e+00 -3.5388e+00 -6.2118e-01
1276 +7.919259915e-07 +7.919259915e-07 +5.309000079e+01 +5.309000079e+01 -1.4874e+00 -3.5376e+00 -6.2073e-01
1298 +4.568802936e-07 +4.568802936e-07 +5.309000046e+01 +5.309000046e+01 -1.4874e+00 -3.5379e+00 -6.2106e-01
1320 +7.621762421e-08 +7.621762421e-08 +5.309000008e+01 +5.309000008e+01 -1.4873e+00 -3.5377e+00 -6.2184e-01
1430 +7.557939341e-08 +7.557939341e-08 +5.309000008e+01 +5.309000008e+01 -1.4873e+00 -3.5378e+00 -6.2150e-01
1474 +5.337049203e-08 +5.337049203e-08 +5.309000005e+01 +5.309000005e+01 -1.4872e+00 -3.5377e+00 -6.2182e-01
1494 +3.953840633e-08 +3.953840633e-08 +5.309000004e+01 +5.309000004e+01 -1.4871e+00 -3.5376e+00 -6.2141e-01
1496 +1.645030778e-08 +1.645030778e-08 +5.309000002e+01 +5.309000002e+01 -1.4872e+00 -3.5377e+00 -6.2165e-01
1540 +5.892111687e-09 +5.892111687e-09 +5.309000001e+01 +5.309000001e+01 -1.4872e+00 -3.5375e+00 -6.2163e-01
