% function evaluation | noise-free fitness - Fopt (1.000000000000e+03) | best noise-free fitness - Fopt | measured fitness | best measured fitness | x1 | x2...
1 +1.647212407e+03 +1.647212407e+03 +2.647212407e+03 +2.647212407e+03
645 +1.609153165e+03 +1.609153165e+03 +2.609153165e+03 +2.609153165e+03
686 +1.555873921e+03 +1.555873921e+03 +2.555873921e+03 +2.555873921e+03
691 +1.527084044e+03 +1.527084044e+03 +2.527084044e+03 +2.527084044e+03
696 +1.447287075e+03 +1.447287075e+03 +2.447287075e+03 +2.447287075e+03
732 +1.382594026e+03 +1.382594026e+03 +2.382594026e+03 +2.382594026e+03
759 +1.358681152e+03 +1.358681152e+03 +2.358681152e+03 +2.358681152e+03
778 +1.315711382e+03 +1.315711382e+03 +2.315711382e+03 +2.315711382e+03
800 +1.272820974e+03 +1.272820974e+03 +2.272820974e+03 +2.272820974e+03
805 +1.246351698e+03 +1.246351698e+03 +2.246351698e+03 +2.246351698e+03
814 +1.191196210e+03 +1.191196210e+03 +2.191196210e+03 +2.191196210e+03
817 +1.110450990e+03 +1.110450990e+03 +2.110450990e+03 +2.110450990e+03
850 +1.095676341e+03 +1.095676341e+03 +2.095676341e+03 +2.095676341e+03
877 +1.014534672e+03 +1.014534672e+03 +2.014534672e+03 +2.014534672e+03
908 +9.792604589e+02 +9.792604589e+02 +1.979260459e+03 +1.979260459e+03
910 +9.691730569e+02 +9.691730569e+02 +1.969173057e+03 +1.969173057e+03
972 +9.337960406e+02 +9.337960406e+02 +1.933796041e+03 +1.933796041e+03
990 +8.530595457e+02 +8.530595457e+02 +1.853059546e+03 +1.853059546e+03
1012 +8.459069669e+02 +8.459069669e+02 +1.845906967e+03 +1.845906967e+03
1044 +8.264711973e+02 +8.264711973e+02 +1.826471197e+03 +1.826471197e+03
1056 +7.664492860e+02 +7.664492860e+02 +1.766449286e+03 +1.766449286e+03
1077 +7.210010286e+02 +7.210010286e+02 +1.721001029e+03 +1.721001029e+03
1099 +6.838540796e+02 +6.838540796e+02 +1.683854080e+03 +1.683854080e+03
1100 +6.624367542e+02 +6.624367542e+02 +1.662436754e+03 +1.662436754e+03
1122 +6.601666509e+02 +6.601666509e+02 +1.660166651e+03 +1.660166651e+03
1175 +6.272301238e+02 +6.272301238e+02 +1.627230124e+03 +1.627230124e+03
1232 +5.986183762e+02 +5.986183762e+02 +1.598618376e+03 +1.598618376e+03
1276 +5.768786702e+02 +5.768786702e+02 +1.576878670e+03 +1.576878670e+03
1286 +5.297340757e+02 +5.297340757e+02 +1.529734076e+03 +1.529734076e+03
1289 +4.963291594e+02 +4.963291594e+02 +1.496329159e+03 +1.496329159e+03
1386 +4.805143743e+02 +4.805143743e+02 +1.480514374e+03 +1.480514374e+03
1470 +4.453818069e+02 +4.453818069e+02 +1.445381807e+03 +1.445381807e+03
1823 +4.235277151e+02 +4.235277151e+02 +1.423527715e+03 +1.423527715e+03
1917 +4.107854514e+02 +4.107854514e+02 +1.410785451e+03 +1.410785451e+03
1958 +3.849719364e+02 +3.849719364e+02 +1.384971936e+03 +1.384971936e+03
2133 +3.670882037e+02 +3.670882037e+02 +1.367088204e+03 +1.367088204e+03
3805 +3.609152178e+02 +3.609152178e+02 +1.360915218e+03 +1.360915218e+03
3881 +3.466391133e+02 +3.466391133e+02 +1.346639113e+03 +1.346639113e+03
5144 +3.339500712e+02 +3.339500712e+02 +1.333950071e+03 +1.333950071e+03
5268 +3.218610294e+02 +3.218610294e+02 +1.321861029e+03 +1.321861029e+03
7678 +3.125917369e+02 +3.125917369e+02 +1.312591737e+03 +1.312591737e+03
7876 +2.874402680e+02 +2.874402680e+02 +1.287440268e+03 +1.287440268e+03
7898 +2.627806855e+02 +2.627806855e+02 +1.262780686e+03 +1.262780686e+03
8184 +2.484909763e+02 +2.484909763e+02 +1.248490976e+03 +1.248490976e+03
8206 +2.432894607e+02 +2.432894607e+02 +1.243289461e+03 +1.243289461e+03
8228 +2.366623813e+02 +2.366623813e+02 +1.236662381e+03 +1.236662381e+03
8250 +2.341852409e+02 +2.341852409e+02 +1.234185241e+03 +1.234185241e+03
8294 +2.247248256e+02 +2.247248256e+02 +1.224724826e+03 +1.224724826e+03
8316 +1.964740278e+02 +1.964740278e+02 +1.196474028e+03 +1.196474028e+03
8338 +1.885229321e+02 +1.885229321e+02 +1.188522932e+03 +1.188522932e+03
8426 +1.821586011e+02 +1.821586011e+02 +1.182158601e+03 +1.182158601e+03
8448 +1.698408687e+02 +1.698408687e+02 +1.169840869e+03 +1.169840869e+03
8602 +1.591820128e+02 +1.591820128e+02 +1.159182013e+03 +1.159182013e+03
8866 +1.546122118e+02 +1.546122118e+02 +1.154612212e+03 +1.154612212e+03
8910 +1.502865924e+02 +1.502865924e+02 +1.150286592e+03 +1.150286592e+03
8932 +1.443980452e+02 +1.443980452e+02 +1.144398045e+03 +1.144398045e+03
8954 +1.410421358e+02 +1.410421358e+02 +1.141042136e+03 +1.141042136e+03
9020 +1.357283103e+02 +1.357283103e+02 +1.135728310e+03 +1.135728310e+03
9042 +1.325137544e+02 +1.325137544e+02 +1.132513754e+03 +1.132513754e+03
9086 +1.302728829e+02 +1.302728829e+02 +1.130272883e+03 +1.130272883e+03
9236 +1.284489387e+02 +1.284489387e+02 +1.128448939e+03 +1.128448939e+03
9262 +1.245573979e+02 +1.245573979e+02 +1.124557398e+03 +1.124557398e+03
9306 +1.216627997e+02 +1.216627997e+02 +1.121662800e+03 +1.121662800e+03
9460 +1.197250654e+02 +1.197250654e+02 +1.119725065e+03 +1.119725065e+03
9548 +1.168337326e+02 +1.168337326e+02 +1.116833733e+03 +1.116833733e+03
9680 +1.141546206e+02 +1.141546206e+02 +1.114154621e+03 +1.114154621e+03
9922 +1.118104750e+02 +1.118104750e+02 +1.111810475e+03 +1.111810475e+03
10186 +1.096450823e+02 +1.096450823e+02 +1.109645082e+03 +1.109645082e+03
% function evaluation | noise-free fitness - Fopt (7.003000000000e+01) | best noise-free fitness - Fopt | measured fitness | best measured fitness | x1 | x2...
1 +1.788306963e+03 +1.788306963e+03 +1.858336963e+03 +1.858336963e+03
742 +1.717040149e+03 +1.717040149e+03 +1.787070149e+03 +1.787070149e+03
781 +1.693997182e+03 +1.693997182e+03 +1.764027182e+03 +1.764027182e+03
823 +1.618116127e+03 +1.618116127e+03 +1.688146127e+03 +1.688146127e+03
853 +1.569692188e+03 +1.569692188e+03 +1.639722188e+03 +1.639722188e+03
863 +1.444202481e+03 +1.444202481e+03 +1.514232481e+03 +1.514232481e+03
933 +1.364155025e+03 +1.364155025e+03 +1.434185025e+03 +1.434185025e+03
950 +1.320651672e+03 +1.320651672e+03 +1.390681672e+03 +1.390681672e+03
962 +1.306648983e+03 +1.306648983e+03 +1.376678983e+03 +1.376678983e+03
971 +1.277563725e+03 +1.277563725e+03 +1.347593725e+03 +1.347593725e+03
1003 +1.200659866e+03 +1.200659866e+03 +1.270689866e+03 +1.270689866e+03
1034 +1.160848702e+03 +1.160848702e+03 +1.230878702e+03 +1.230878702e+03
1045 +1.141472794e+03 +1.141472794e+03 +1.211502794e+03 +1.211502794e+03
1094 +1.104509991e+03 +1.104509991e+03 +1.174539991e+03 +1.174539991e+03
1100 +1.051878714e+03 +1.051878714e+03 +1.121908714e+03 +1.121908714e+03
1122 +1.038011899e+03 +1.038011899e+03 +1.108041899e+03 +1.108041899e+03
1127 +9.495914209e+02 +9.495914209e+02 +1.019621421e+03 +1.019621421e+03
1149 +8.846030142e+02 +8.846030142e+02 +9.546330142e+02 +9.546330142e+02
1212 +8.450422971e+02 +8.450422971e+02 +9.150722971e+02 +9.150722971e+02
1221 +7.673858137e+02 +7.673858137e+02 +8.374158137e+02 +8.374158137e+02
1276 +7.495865390e+02 +7.495865390e+02 +8.196165390e+02 +8.196165390e+02
1320 +7.352559660e+02 +7.352559660e+02 +8.052859660e+02 +8.052859660e+02
1401 +6.870327196e+02 +6.870327196e+02 +7.570627196e+02 +7.570627196e+02
1430 +6.436611182e+02 +6.436611182e+02 +7.136911182e+02 +7.136911182e+02
1518 +6.095946772e+02 +6.095946772e+02 +6.796246772e+02 +6.796246772e+02
1650 +5.755741952e+02 +5.755741952e+02 +6.456041952e+02 +6.456041952e+02
1672 +5.670307620e+02 +5.670307620e+02 +6.370607620e+02 +6.370607620e+02
1740 +5.168788801e+02 +5.168788801e+02 +5.869088801e+02 +5.869088801e+02
1826 +4.705414492e+02 +4.705414492e+02 +5.405714492e+02 +5.405714492e+02
2589 +4.651828943e+02 +4.651828943e+02 +5.352128943e+02 +5.352128943e+02
2662 +4.461493305e+02 +4.461493305e+02 +5.161793305e+02 +5.161793305e+02
2718 +4.017167733e+02 +4.017167733e+02 +4.717467733e+02 +4.717467733e+02
2904 +3.777800515e+02 +3.777800515e+02 +4.478100515e+02 +4.478100515e+02
3030 +2.950060355e+02 +2.950060355e+02 +3.650360355e+02 +3.650360355e+02
7348 +2.767340080e+02 +2.767340080e+02 +3.467640080e+02 +3.467640080e+02
7568 +2.679850291e+02 +2.679850291e+02 +3.380150291e+02 +3.380150291e+02
7590 +2.531145520e+02 +2.531145520e+02 +3.231445520e+02 +3.231445520e+02
7766 +2.359610007e+02 +2.359610007e+02 +3.059910007e+02 +3.059910007e+02
7788 +2.260209701e+02 +2.260209701e+02 +2.960509701e+02 +2.960509701e+02
7810 +2.175110648e+02 +2.175110648e+02 +2.875410648e+02 +2.875410648e+02
7832 +1.930697953e+02 +1.930697953e+02 +2.630997953e+02 +2.630997953e+02
7854 +1.832764195e+02 +1.832764195e+02 +2.533064195e+02 +2.533064195e+02
8008 +1.772811279e+02 +1.772811279e+02 +2.473111279e+02 +2.473111279e+02
8096 +1.641038551e+02 +1.641038551e+02 +2.341338551e+02 +2.341338551e+02
8140 +1.591572651e+02 +1.591572651e+02 +2.291872651e+02 +2.291872651e+02
8162 +1.540817564e+02 +1.540817564e+02 +2.241117564e+02 +2.241117564e+02
8184 +1.447438318e+02 +1.447438318e+02 +2.147738318e+02 +2.147738318e+02
8228 +1.359269099e+02 +1.359269099e+02 +2.059569099e+02 +2.059569099e+02
8250 +1.300476389e+02 +1.300476389e+02 +2.000776389e+02 +2.000776389e+02
8272 +1.199371544e+02 +1.199371544e+02 +1.899671544e+02 +1.899671544e+02
8360 +1.157219382e+02 +1.157219382e+02 +1.857519382e+02 +1.857519382e+02
8404 +1.136330293e+02 +1.136330293e+02 +1.836630293e+02 +1.836630293e+02
8580 +1.083645966e+02 +1.083645966e+02 +1.783945966e+02 +1.783945966e+02
8756 +1.067765443e+02 +1.067765443e+02 +1.768065443e+02 +1.768065443e+02
8800 +1.041799973e+02 +1.041799973e+02 +1.742099973e+02 +1.742099973e+02
8844 +1.000925742e+02 +1.000925742e+02 +1.701225742e+02 +1.701225742e+02
8866 +9.544989541e+01 +9.544989541e+01 +1.654798954e+02 +1.654798954e+02
8932 +9.326639686e+01 +9.326639686e+01 +1.632963969e+02 +1.632963969e+02
9064 +8.981775338e+01 +8.981775338e+01 +1.598477534e+02 +1.598477534e+02
9108 +8.876765990e+01 +8.876765990e+01 +1.587976599e+02 +1.587976599e+02
9262 +8.609729247e+01 +8.609729247e+01 +1.561272925e+02 +1.561272925e+02
9284 +8.503438127e+01 +8.503438127e+01 +1.550643813e+02 +1.550643813e+02
9416 +8.280469059e+01 +8.280469059e+01 +1.528346906e+02 +1.528346906e+02
9680 +8.097178018e+01 +8.097178018e+01 +1.510017802e+02 +1.510017802e+02
9834 +7.939981650e+01 +7.939981650e+01 +1.494298165e+02 +1.494298165e+02
10274 +7.743703862e+01 +7.743703862e+01 +1.474670386e+02 +1.474670386e+02
13046 +7.585562539e+01 +7.585562539e+01 +1.458856254e+02 +1.458856254e+02
% function evaluation | noise-free fitness - Fopt (-4.822000000000e+01) | best noise-free fitness - Fopt | measured fitness | best measured fitness | x1 | x2...
1 +1.224588598e+03 +1.224588598e+03 +1.176368598e+03 +1.176368598e+03
557 +1.086901912e+03 +1.086901912e+03 +1.038681912e+03 +1.038681912e+03
603 +1.019121664e+03 +1.019121664e+03 +9.709016643e+02 +9.709016643e+02
638 +9.424755632e+02 +9.424755632e+02 +8.942555632e+02 +8.942555632e+02
650 +9.138724825e+02 +9.138724825e+02 +8.656524825e+02 +8.656524825e+02
674 +9.077987793e+02 +9.077987793e+02 +8.595787793e+02 +8.595787793e+02
703 +8.384293599e+02 +8.384293599e+02 +7.902093599e+02 +7.902093599e+02
706 +7.964456796e+02 +7.964456796e+02 +7.482256796e+02 +7.482256796e+02
748 +7.364320141e+02 +7.364320141e+02 +6.882120141e+02 +6.882120141e+02
772 +7.151348732e+02 +7.151348732e+02 +6.669148732e+02 +6.669148732e+02
814 +6.499521009e+02 +6.499521009e+02 +6.017321009e+02 +6.017321009e+02
858 +5.610296679e+02 +5.610296679e+02 +5.128096679e+02 +5.128096679e+02
902 +5.457597726e+02 +5.457597726e+02 +4.975397726e+02 +4.975397726e+02
1012 +4.506841958e+02 +4.506841958e+02 +4.024641958e+02 +4.024641958e+02
1144 +4.404648472e+02 +4.404648472e+02 +3.922448472e+02 +3.922448472e+02
1166 +4.294606787e+02 +4.294606787e+02 +3.812406787e+02 +3.812406787e+02
1356 +4.229516081e+02 +4.229516081e+02 +3.747316081e+02 +3.747316081e+02
1927 +4.160905595e+02 +4.160905595e+02 +3.678705595e+02 +3.678705595e+02
2281 +3.947093368e+02 +3.947093368e+02 +3.464893368e+02 +3.464893368e+02
2473 +3.719131825e+02 +3.719131825e+02 +3.236931825e+02 +3.236931825e+02
2646 +3.487032967e+02 +3.487032967e+02 +3.004832967e+02 +3.004832967e+02
3399 +3.380510388e+02 +3.380510388e+02 +2.898310388e+02 +2.898310388e+02
3936 +2.721176929e+02 +2.721176929e+02 +2.238976929e+02 +2.238976929e+02
7744 +2.658782243e+02 +2.658782243e+02 +2.176582243e+02 +2.176582243e+02
7942 +2.492829048e+02 +2.492829048e+02 +2.010629048e+02 +2.010629048e+02
7953 +2.439139462e+02 +2.439139462e+02 +1.956939462e+02 +1.956939462e+02
7964 +2.209159850e+02 +2.209159850e+02 +1.726959850e+02 +1.726959850e+02
7986 +2.115426534e+02 +2.115426534e+02 +1.633226534e+02 +1.633226534e+02
8030 +2.031974918e+02 +2.031974918e+02 +1.549774918e+02 +1.549774918e+02
8074 +1.915710844e+02 +1.915710844e+02 +1.433510844e+02 +1.433510844e+02
8118 +1.834377077e+02 +1.834377077e+02 +1.352177077e+02 +1.352177077e+02
8162 +1.754918604e+02 +1.754918604e+02 +1.272718604e+02 +1.272718604e+02
8184 +1.704027990e+02 +1.704027990e+02 +1.221827990e+02 +1.221827990e+02
8206 +1.641533827e+02 +1.641533827e+02 +1.159333827e+02 +1.159333827e+02
8250 +1.556243492e+02 +1.556243492e+02 +1.074043492e+02 +1.074043492e+02
8404 +1.423923003e+02 +1.423923003e+02 +9.417230031e+01 +9.417230031e+01
8470 +1.367256076e+02 +1.367256076e+02 +8.850560762e+01 +8.850560762e+01
8514 +1.272625194e+02 +1.272625194e+02 +7.904251940e+01 +7.904251940e+01
8602 +1.218441716e+02 +1.218441716e+02 +7.362417165e+01 +7.362417165e+01
8646 +1.193269050e+02 +1.193269050e+02 +7.110690498e+01 +7.110690498e+01
8668 +1.153709330e+02 +1.153709330e+02 +6.715093304e+01 +6.715093304e+01
8690 +1.093296501e+02 +1.093296501e+02 +6.110965006e+01 +6.110965006e+01
8822 +1.067185654e+02 +1.067185654e+02 +5.849856539e+01 +5.849856539e+01
8866 +1.016737301e+02 +1.016737301e+02 +5.345373010e+01 +5.345373010e+01
8910 +9.875968507e+01 +9.875968507e+01 +5.053968507e+01 +5.053968507e+01
8932 +9.657630219e+01 +9.657630219e+01 +4.835630219e+01 +4.835630219e+01
9042 +9.435906275e+01 +9.435906275e+01 +4.613906275e+01 +4.613906275e+01
9086 +9.304456258e+01 +9.304456258e+01 +4.482456258e+01 +4.482456258e+01
9218 +8.865279250e+01 +8.865279250e+01 +4.043279250e+01 +4.043279250e+01
9394 +8.690067408e+01 +8.690067408e+01 +3.868067408e+01 +3.868067408e+01
9636 +8.451081699e+01 +8.451081699e+01 +3.629081699e+01 +3.629081699e+01
9680 +8.300126903e+01 +8.300126903e+01 +3.478126903e+01 +3.478126903e+01
10010 +8.115673154e+01 +8.115673154e+01 +3.293673154e+01 +3.293673154e+01
10450 +7.938665132e+01 +7.938665132e+01 +3.116665132e+01 +3.116665132e+01
11880 +7.759608609e+01 +7.759608609e+01 +2.937608609e+01 +2.937608609e+01
% function evaluation | noise-free fitness - Fopt (2.547000000000e+01) | best noise-free fitness - Fopt | measured fitness | best measured fitness | x1 | x2...
1 +1.654844505e+03 +1.654844505e+03 +1.680314505e+03 +1.680314505e+03
620 +1.539166729e+03 +1.539166729e+03 +1.564636729e+03 +1.564636729e+03
650 +1.430837297e+03 +1.430837297e+03 +1.456307297e+03 +1.456307297e+03
691 +1.367435752e+03 +1.367435752e+03 +1.392905752e+03 +1.392905752e+03
726 +1.317277187e+03 +1.317277187e+03 +1.342747187e+03 +1.342747187e+03
728 +1.270308203e+03 +1.270308203e+03 +1.295778203e+03 +1.295778203e+03
730 +1.184515931e+03 +1.184515931e+03 +1.209985931e+03 +1.209985931e+03
748 +1.170190974e+03 +1.170190974e+03 +1.195660974e+03 +1.195660974e+03
755 +1.063199658e+03 +1.063199658e+03 +1.088669658e+03 +1.088669658e+03
792 +9.291452303e+02 +9.291452303e+02 +9.546152303e+02 +9.546152303e+02
836 +8.217839523e+02 +8.217839523e+02 +8.472539523e+02 +8.472539523e+02
858 +7.634419253e+02 +7.634419253e+02 +7.889119253e+02 +7.889119253e+02
880 +7.366579204e+02 +7.366579204e+02 +7.621279204e+02 +7.621279204e+02
924 +6.467408205e+02 +6.467408205e+02 +6.722108205e+02 +6.722108205e+02
946 +6.167765238e+02 +6.167765238e+02 +6.422465238e+02 +6.422465238e+02
968 +5.687095248e+02 +5.687095248e+02 +5.941795248e+02 +5.941795248e+02
1122 +5.243099172e+02 +5.243099172e+02 +5.497799172e+02 +5.497799172e+02
1188 +4.853664033e+02 +4.853664033e+02 +5.108364033e+02 +5.108364033e+02
1532 +4.404298593e+02 +4.404298593e+02 +4.658998593e+02 +4.658998593e+02
1650 +4.350141968e+02 +4.350141968e+02 +4.604841968e+02 +4.604841968e+02
1694 +4.060331677e+02 +4.060331677e+02 +4.315031677e+02 +4.315031677e+02
2016 +3.909977404e+02 +3.909977404e+02 +4.164677404e+02 +4.164677404e+02
2023 +3.757812683e+02 +3.757812683e+02 +4.012512683e+02 +4.012512683e+02
2050 +3.637781599e+02 +3.637781599e+02 +3.892481599e+02 +3.892481599e+02
2659 +3.572296644e+02 +3.572296644e+02 +3.826996644e+02 +3.826996644e+02
3577 +3.540927801e+02 +3.540927801e+02 +3.795627801e+02 +3.795627801e+02
4051 +3.408411472e+02 +3.408411472e+02 +3.663111472e+02 +3.663111472e+02
4227 +3.190329937e+02 +3.190329937e+02 +3.445029937e+02 +3.445029937e+02
4692 +2.971026984e+02 +2.971026984e+02 +3.225726984e+02 +3.225726984e+02
4708 +2.916709345e+02 +2.916709345e+02 +3.171409345e+02 +3.171409345e+02
4796 +2.812968277e+02 +2.812968277e+02 +3.067668277e+02 +3.067668277e+02
4840 +2.709067124e+02 +2.709067124e+02 +2.963767124e+02 +2.963767124e+02
4906 +2.571435379e+02 +2.571435379e+02 +2.826135379e+02 +2.826135379e+02
4928 +2.214166339e+02 +2.214166339e+02 +2.468866339e+02 +2.468866339e+02
4972 +1.948698950e+02 +1.948698950e+02 +2.203398950e+02 +2.203398950e+02
4994 +1.895795397e+02 +1.895795397e+02 +2.150495397e+02 +2.150495397e+02
5126 +1.785474236e+02 +1.785474236e+02 +2.040174236e+02 +2.040174236e+02
5148 +1.689893926e+02 +1.689893926e+02 +1.944593926e+02 +1.944593926e+02
5170 +1.608597001e+02 +1.608597001e+02 +1.863297001e+02 +1.863297001e+02
5214 +1.518628517e+02 +1.518628517e+02 +1.773328517e+02 +1.773328517e+02
5236 +1.425681604e+02 +1.425681604e+02 +1.680381604e+02 +1.680381604e+02
5390 +1.404155029e+02 +1.404155029e+02 +1.658855029e+02 +1.658855029e+02
5412 +1.348160584e+02 +1.348160584e+02 +1.602860584e+02 +1.602860584e+02
5500 +1.290429068e+02 +1.290429068e+02 +1.545129068e+02 +1.545129068e+02
5522 +1.266626266e+02 +1.266626266e+02 +1.521326266e+02 +1.521326266e+02
5566 +1.198424309e+02 +1.198424309e+02 +1.453124309e+02 +1.453124309e+02
5588 +1.139277397e+02 +1.139277397e+02 +1.393977397e+02 +1.393977397e+02
5676 +1.112345673e+02 +1.112345673e+02 +1.367045673e+02 +1.367045673e+02
5698 +1.072742694e+02 +1.072742694e+02 +1.327442694e+02 +1.327442694e+02
5742 +1.051775906e+02 +1.051775906e+02 +1.306475906e+02 +1.306475906e+02
5764 +1.028557437e+02 +1.028557437e+02 +1.283257437e+02 +1.283257437e+02
5830 +1.020533543e+02 +1.020533543e+02 +1.275233543e+02 +1.275233543e+02
5852 +9.817789637e+01 +9.817789637e+01 +1.236478964e+02 +1.236478964e+02
5874 +9.706724207e+01 +9.706724207e+01 +1.225372421e+02 +1.225372421e+02
5896 +9.280840314e+01 +9.280840314e+01 +1.182784031e+02 +1.182784031e+02
5940 +9.032792849e+01 +9.032792849e+01 +1.157979285e+02 +1.157979285e+02
5962 +8.871390122e+01 +8.871390122e+01 +1.141839012e+02 +1.141839012e+02
6006 +8.633588000e+01 +8.633588000e+01 +1.118058800e+02 +1.118058800e+02
6028 +8.490654693e+01 +8.490654693e+01 +1.103765469e+02 +1.103765469e+02
6072 +8.211374991e+01 +8.211374991e+01 +1.075837499e+02 +1.075837499e+02
6094 +8.000890311e+01 +8.000890311e+01 +1.054789031e+02 +1.054789031e+02
6226 +7.805814330e+01 +7.805814330e+01 +1.035281433e+02 +1.035281433e+02
6307 +7.740020744e+01 +7.740020744e+01 +1.028702074e+02 +1.028702074e+02
6336 +7.568460026e+01 +7.568460026e+01 +1.011546003e+02 +1.011546003e+02
6380 +7.406464994e+01 +7.406464994e+01 +9.953464994e+01 +9.953464994e+01
6446 +7.181062775e+01 +7.181062775e+01 +9.728062775e+01 +9.728062775e+01
6578 +6.986346410e+01 +6.986346410e+01 +9.533346410e+01 +9.533346410e+01
6666 +6.909629786e+01 +6.909629786e+01 +9.456629786e+01 +9.456629786e+01
6732 +6.707519868e+01 +6.707519868e+01 +9.254519868e+01 +9.254519868e+01
6886 +6.525612776e+01 +6.525612776e+01 +9.072612776e+01 +9.072612776e+01
6974 +6.448048833e+01 +6.448048833e+01 +8.995048833e+01 +8.995048833e+01
7260 +6.299335103e+01 +6.299335103e+01 +8.846335103e+01 +8.846335103e+01
7656 +6.165536758e+01 +6.165536758e+01 +8.712536758e+01 +8.712536758e+01
8624 +6.021996670e+01 +6.021996670e+01 +8.568996670e+01 +8.568996670e+01
8954 +5.883341086e+01 +5.883341086e+01 +8.430341086e+01 +8.430341086e+01
% function evaluation | noise-free fitness - Fopt (-1.008100000000e+02) | best noise-free fitness - Fopt | measured fitness | best measured fitness | x1 | x2...
1 +1.231981217e+03 +1.231981217e+03 +1.131171217e+03 +1.131171217e+03
822 +1.200812190e+03 +1.200812190e+03 +1.100002190e+03 +1.100002190e+03
904 +1.166074039e+03 +1.166074039e+03 +1.065264039e+03 +1.065264039e+03
905 +1.097482401e+03 +1.097482401e+03 +9.966724007e+02 +9.966724007e+02
924 +1.087405163e+03 +1.087405163e+03 +9.865951630e+02 +9.865951630e+02
941 +1.059393869e+03 +1.059393869e+03 +9.585838688e+02 +9.585838688e+02
942 +1.000588979e+03 +1.000588979e+03 +8.997789792e+02 +8.997789792e+02
950 +9.795978025e+02 +9.795978025e+02 +8.787878025e+02 +8.787878025e+02
967 +9.736778626e+02 +9.736778626e+02 +8.728678626e+02 +8.728678626e+02
994 +9.369752082e+02 +9.369752082e+02 +8.361652082e+02 +8.361652082e+02
998 +8.341082130e+02 +8.341082130e+02 +7.332982130e+02 +7.332982130e+02
1017 +8.071741118e+02 +8.071741118e+02 +7.063641118e+02 +7.063641118e+02
1034 +7.557171329e+02 +7.557171329e+02 +6.549071329e+02 +6.549071329e+02
1093 +7.233665774e+02 +7.233665774e+02 +6.225565774e+02 +6.225565774e+02
1113 +6.477109270e+02 +6.477109270e+02 +5.469009270e+02 +5.469009270e+02
1220 +6.351672007e+02 +6.351672007e+02 +5.343572007e+02 +5.343572007e+02
1221 +5.882341568e+02 +5.882341568e+02 +4.874241568e+02 +4.874241568e+02
1257 +5.604736238e+02 +5.604736238e+02 +4.596636238e+02 +4.596636238e+02
1265 +5.054450563e+02 +5.054450563e+02 +4.046350563e+02 +4.046350563e+02
1320 +4.807863300e+02 +4.807863300e+02 +3.799763300e+02 +3.799763300e+02
1423 +4.728976892e+02 +4.728976892e+02 +3.720876892e+02 +3.720876892e+02
1487 +4.469628423e+02 +4.469628423e+02 +3.461528423e+02 +3.461528423e+02
1606 +4.175330160e+02 +4.175330160e+02 +3.167230160e+02 +3.167230160e+02
1922 +3.727804891e+02 +3.727804891e+02 +2.719704891e+02 +2.719704891e+02
2322 +3.603591958e+02 +3.603591958e+02 +2.595491958e+02 +2.595491958e+02
3760 +3.426064220e+02 +3.426064220e+02 +2.417964220e+02 +2.417964220e+02
3778 +3.386604965e+02 +3.386604965e+02 +2.378504965e+02 +2.378504965e+02
3965 +3.206863155e+02 +3.206863155e+02 +2.198763155e+02 +2.198763155e+02
4994 +3.079119225e+02 +3.079119225e+02 +2.071019225e+02 +2.071019225e+02
5456 +2.836823085e+02 +2.836823085e+02 +1.828723085e+02 +1.828723085e+02
5588 +2.723646273e+02 +2.723646273e+02 +1.715546273e+02 +1.715546273e+02
5597 +2.365135402e+02 +2.365135402e+02 +1.357035402e+02 +1.357035402e+02
5610 +2.205202413e+02 +2.205202413e+02 +1.197102413e+02 +1.197102413e+02
5676 +2.012878849e+02 +2.012878849e+02 +1.004778849e+02 +1.004778849e+02
5698 +1.961776721e+02 +1.961776721e+02 +9.536767206e+01 +9.536767206e+01
5742 +1.914971347e+02 +1.914971347e+02 +9.068713469e+01 +9.068713469e+01
5874 +1.879264020e+02 +1.879264020e+02 +8.711640205e+01 +8.711640205e+01
5962 +1.823440021e+02 +1.823440021e+02 +8.153400211e+01 +8.153400211e+01
6028 +1.776584560e+02 +1.776584560e+02 +7.684845604e+01 +7.684845604e+01
6050 +1.665867865e+02 +1.665867865e+02 +6.577678646e+01 +6.577678646e+01
6160 +1.625739359e+02 +1.625739359e+02 +6.176393593e+01 +6.176393593e+01
6223 +1.586379584e+02 +1.586379584e+02 +5.782795842e+01 +5.782795842e+01
6248 +1.532723005e+02 +1.532723005e+02 +5.246230053e+01 +5.246230053e+01
6270 +1.508212732e+02 +1.508212732e+02 +5.001127324e+01 +5.001127324e+01
6314 +1.448151674e+02 +1.448151674e+02 +4.400516739e+01 +4.400516739e+01
6336 +1.364649935e+02 +1.364649935e+02 +3.565499345e+01 +3.565499345e+01
6358 +1.345682608e+02 +1.345682608e+02 +3.375826084e+01 +3.375826084e+01
6380 +1.307407759e+02 +1.307407759e+02 +2.993077588e+01 +2.993077588e+01
6402 +1.233318334e+02 +1.233318334e+02 +2.252183342e+01 +2.252183342e+01
6424 +1.206082113e+02 +1.206082113e+02 +1.979821133e+01 +1.979821133e+01
6490 +1.198068577e+02 +1.198068577e+02 +1.899685772e+01 +1.899685772e+01
6512 +1.174783206e+02 +1.174783206e+02 +1.666832059e+01 +1.666832059e+01
6732 +1.143490013e+02 +1.143490013e+02 +1.353900132e+01 +1.353900132e+01
6754 +1.067704117e+02 +1.067704117e+02 +5.960411714e+00 +5.960411714e+00
6886 +1.035404563e+02 +1.035404563e+02 +2.730456349e+00 +2.730456349e+00
6908 +1.000954972e+02 +1.000954972e+02 -7.145028121e-01 -7.145028121e-01
6930 +9.638110915e+01 +9.638110915e+01 -4.428890852e+00 -4.428890852e+00
7260 +9.301607358e+01 +9.301607358e+01 -7.793926419e+00 -7.793926419e+00
7304 +9.045480474e+01 +9.045480474e+01 -1.035519526e+01 -1.035519526e+01
7436 +8.790834426e+01 +8.790834426e+01 -1.290165574e+01 -1.290165574e+01
7480 +8.706142934e+01 +8.706142934e+01 -1.374857066e+01 -1.374857066e+01
7568 +8.421020546e+01 +8.421020546e+01 -1.659979454e+01 -1.659979454e+01
7766 +8.295205273e+01 +8.295205273e+01 -1.785794727e+01 -1.785794727e+01
8024 +8.124679708e+01 +8.124679708e+01 -1.956320292e+01 -1.956320292e+01
8250 +7.927489060e+01 +7.927489060e+01 -2.153510940e+01 -2.153510940e+01
8404 +7.725654049e+01 +7.725654049e+01 -2.355345951e+01 -2.355345951e+01
8536 +7.585024798e+01 +7.585024798e+01 -2.495975202e+01 -2.495975202e+01
9020 +7.411512442e+01 +7.411512442e+01 -2.669487558e+01 -2.669487558e+01
% function evaluation | noise-free fitness - Fopt (-3.496000000000e+01) | best noise-free fitness - Fopt | measured fitness | best measured fitness | x1 | x2...
1 +1.366444230e+03 +1.366444230e+03 +1.331484230e+03 +1.331484230e+03
928 +1.333362207e+03 +1.333362207e+03 +1.298402207e+03 +1.298402207e+03
948 +1.314729475e+03 +1.314729475e+03 +1.279769475e+03 +1.279769475e+03
957 +1.202306472e+03 +1.202306472e+03 +1.167346472e+03 +1.167346472e+03
970 +1.183898868e+03 +1.183898868e+03 +1.148938868e+03 +1.148938868e+03
984 +1.162456863e+03 +1.162456863e+03 +1.127496863e+03 +1.127496863e+03
990 +1.069610360e+03 +1.069610360e+03 +1.034650360e+03 +1.034650360e+03
1048 +1.036512122e+03 +1.036512122e+03 +1.001552122e+03 +1.001552122e+03
1056 +8.893014488e+02 +8.893014488e+02 +8.543414488e+02 +8.543414488e+02
1118 +8.060128907e+02 +8.060128907e+02 +7.710528907e+02 +7.710528907e+02
1144 +7.470363753e+02 +7.470363753e+02 +7.120763753e+02 +7.120763753e+02
1166 +6.096472764e+02 +6.096472764e+02 +5.746872764e+02 +5.746872764e+02
1401 +5.804154984e+02 +5.804154984e+02 +5.454554984e+02 +5.454554984e+02
1408 +5.310070054e+02 +5.310070054e+02 +4.960470054e+02 +4.960470054e+02
1507 +4.966866059e+02 +4.966866059e+02 +4.617266059e+02 +4.617266059e+02
1540 +4.866663174e+02 +4.866663174e+02 +4.517063174e+02 +4.517063174e+02
1630 +4.722612946e+02 +4.722612946e+02 +4.373012946e+02 +4.373012946e+02
1656 +4.614466519e+02 +4.614466519e+02 +4.264866519e+02 +4.264866519e+02
1672 +4.495557363e+02 +4.495557363e+02 +4.145957363e+02 +4.145957363e+02
1694 +4.163511461e+02 +4.163511461e+02 +3.813911461e+02 +3.813911461e+02
2319 +3.608573196e+02 +3.608573196e+02 +3.258973196e+02 +3.258973196e+02
3996 +3.497011959e+02 +3.497011959e+02 +3.147411959e+02 +3.147411959e+02
4840 +3.331980528e+02 +3.331980528e+02 +2.982380528e+02 +2.982380528e+02
5346 +3.181932658e+02 +3.181932658e+02 +2.832332658e+02 +2.832332658e+02
5654 +2.990705293e+02 +2.990705293e+02 +2.641105293e+02 +2.641105293e+02
5676 +2.666320051e+02 +2.666320051e+02 +2.316720051e+02 +2.316720051e+02
5720 +2.573035663e+02 +2.573035663e+02 +2.223435663e+02 +2.223435663e+02
5786 +2.351637874e+02 +2.351637874e+02 +2.002037874e+02 +2.002037874e+02
5808 +2.239345803e+02 +2.239345803e+02 +1.889745803e+02 +1.889745803e+02
5830 +2.122030023e+02 +2.122030023e+02 +1.772430023e+02 +1.772430023e+02
6120 +1.952185031e+02 +1.952185031e+02 +1.602585031e+02 +1.602585031e+02
6182 +1.942853462e+02 +1.942853462e+02 +1.593253462e+02 +1.593253462e+02
6226 +1.826665200e+02 +1.826665200e+02 +1.477065200e+02 +1.477065200e+02
6424 +1.784179878e+02 +1.784179878e+02 +1.434579878e+02 +1.434579878e+02
6446 +1.688877466e+02 +1.688877466e+02 +1.339277466e+02 +1.339277466e+02
6468 +1.618462232e+02 +1.618462232e+02 +1.268862232e+02 +1.268862232e+02
6534 +1.538393249e+02 +1.538393249e+02 +1.188793249e+02 +1.188793249e+02
6622 +1.495236529e+02 +1.495236529e+02 +1.145636529e+02 +1.145636529e+02
6644 +1.356682010e+02 +1.356682010e+02 +1.007082010e+02 +1.007082010e+02
6666 +1.325050224e+02 +1.325050224e+02 +9.754502237e+01 +9.754502237e+01
6732 +1.287067500e+02 +1.287067500e+02 +9.374675004e+01 +9.374675004e+01
6754 +1.194837799e+02 +1.194837799e+02 +8.452377987e+01 +8.452377987e+01
6776 +1.137797210e+02 +1.137797210e+02 +7.881972104e+01 +7.881972104e+01
6798 +1.094741242e+02 +1.094741242e+02 +7.451412420e+01 +7.451412420e+01
6864 +1.060579326e+02 +1.060579326e+02 +7.109793257e+01 +7.109793257e+01
7018 +1.043886643e+02 +1.043886643e+02 +6.942866434e+01 +6.942866434e+01
7084 +1.007409115e+02 +1.007409115e+02 +6.578091154e+01 +6.578091154e+01
7106 +9.922580982e+01 +9.922580982e+01 +6.426580982e+01 +6.426580982e+01
7150 +9.710811515e+01 +9.710811515e+01 +6.214811515e+01 +6.214811515e+01
7223 +9.493726587e+01 +9.493726587e+01 +5.997726587e+01 +5.997726587e+01
7326 +9.092659194e+01 +9.092659194e+01 +5.596659194e+01 +5.596659194e+01
7414 +8.692517683e+01 +8.692517683e+01 +5.196517683e+01 +5.196517683e+01
7568 +8.482538637e+01 +8.482538637e+01 +4.986538637e+01 +4.986538637e+01
7612 +8.264020507e+01 +8.264020507e+01 +4.768020507e+01 +4.768020507e+01
7788 +8.070151416e+01 +8.070151416e+01 +4.574151416e+01 +4.574151416e+01
8008 +7.934886667e+01 +7.934886667e+01 +4.438886667e+01 +4.438886667e+01
8250 +7.761698395e+01 +7.761698395e+01 +4.265698395e+01 +4.265698395e+01
8778 +7.581442173e+01 +7.581442173e+01 +4.085442173e+01 +4.085442173e+01
9812 +7.413083032e+01 +7.413083032e+01 +3.917083032e+01 +3.917083032e+01
% function evaluation | noise-free fitness - Fopt (-2.727900000000e+02) | best noise-free fitness - Fopt | measured fitness | best measured fitness | x1 | x2...
1 +1.319161194e+03 +1.319161194e+03 +1.046371194e+03 +1.046371194e+03
922 +1.311928241e+03 +1.311928241e+03 +1.039138241e+03 +1.039138241e+03
955 +1.229552141e+03 +1.229552141e+03 +9.567621410e+02 +9.567621410e+02
980 +1.171351853e+03 +1.171351853e+03 +8.985618526e+02 +8.985618526e+02
985 +1.140018807e+03 +1.140018807e+03 +8.672288072e+02 +8.672288072e+02
1002 +1.036221030e+03 +1.036221030e+03 +7.634310298e+02 +7.634310298e+02
1026 +1.020869043e+03 +1.020869043e+03 +7.480790430e+02 +7.480790430e+02
1058 +9.961048380e+02 +9.961048380e+02 +7.233148380e+02 +7.233148380e+02
1100 +9.598264183e+02 +9.598264183e+02 +6.870364183e+02 +6.870364183e+02
1122 +8.625918249e+02 +8.625918249e+02 +5.898018249e+02 +5.898018249e+02
1133 +8.249428706e+02 +8.249428706e+02 +5.521528706e+02 +5.521528706e+02
1155 +7.884496127e+02 +7.884496127e+02 +5.156596127e+02 +5.156596127e+02
1188 +7.315532361e+02 +7.315532361e+02 +4.587632361e+02 +4.587632361e+02
1241 +7.166263714e+02 +7.166263714e+02 +4.438363714e+02 +4.438363714e+02
1298 +7.019782186e+02 +7.019782186e+02 +4.291882186e+02 +4.291882186e+02
1320 +6.843884304e+02 +6.843884304e+02 +4.115984304e+02 +4.115984304e+02
1349 +6.751557738e+02 +6.751557738e+02 +4.023657738e+02 +4.023657738e+02
1364 +6.054025704e+02 +6.054025704e+02 +3.326125704e+02 +3.326125704e+02
1419 +5.745708830e+02 +5.745708830e+02 +3.017808830e+02 +3.017808830e+02
1474 +5.541231223e+02 +5.541231223e+02 +2.813331223e+02 +2.813331223e+02
1496 +5.312728601e+02 +5.312728601e+02 +2.584828601e+02 +2.584828601e+02
1593 +5.097395540e+02 +5.097395540e+02 +2.369495540e+02 +2.369495540e+02
1674 +5.006353810e+02 +5.006353810e+02 +2.278453810e+02 +2.278453810e+02
1680 +4.529698564e+02 +4.529698564e+02 +1.801798564e+02 +1.801798564e+02
1896 +4.322458924e+02 +4.322458924e+02 +1.594558924e+02 +1.594558924e+02
1989 +4.238425434e+02 +4.238425434e+02 +1.510525434e+02 +1.510525434e+02
2009 +4.074187309e+02 +4.074187309e+02 +1.346287309e+02 +1.346287309e+02
2244 +3.969962155e+02 +3.969962155e+02 +1.242062155e+02 +1.242062155e+02
2347 +3.810672981e+02 +3.810672981e+02 +1.082772981e+02 +1.082772981e+02
2420 +3.735470377e+02 +3.735470377e+02 +1.007570377e+02 +1.007570377e+02
2474 +3.709244137e+02 +3.709244137e+02 +9.813441373e+01 +9.813441373e+01
3488 +3.539614054e+02 +3.539614054e+02 +8.117140544e+01 +8.117140544e+01
3649 +3.425833457e+02 +3.425833457e+02 +6.979334565e+01 +6.979334565e+01
4180 +3.268213048e+02 +3.268213048e+02 +5.403130478e+01 +5.403130478e+01
4686 +3.000427989e+02 +3.000427989e+02 +2.725279888e+01 +2.725279888e+01
4972 +2.845273272e+02 +2.845273272e+02 +1.173732722e+01 +1.173732722e+01
5302 +2.741963515e+02 +2.741963515e+02 +1.406351462e+00 +1.406351462e+00
5478 +2.232675984e+02 +2.232675984e+02 -4.952240163e+01 -4.952240163e+01
5588 +1.860085432e+02 +1.860085432e+02 -8.678145676e+01 -8.678145676e+01
5610 +1.735393346e+02 +1.735393346e+02 -9.925066536e+01 -9.925066536e+01
5676 +1.639439172e+02 +1.639439172e+02 -1.088460828e+02 -1.088460828e+02
5940 +1.540248348e+02 +1.540248348e+02 -1.187651652e+02 -1.187651652e+02
5984 +1.411037627e+02 +1.411037627e+02 -1.316862373e+02 -1.316862373e+02
6006 +1.330008644e+02 +1.330008644e+02 -1.397891356e+02 -1.397891356e+02
6050 +1.310287847e+02 +1.310287847e+02 -1.417612153e+02 -1.417612153e+02
6182 +1.261408781e+02 +1.261408781e+02 -1.466491219e+02 -1.466491219e+02
6204 +1.191319972e+02 +1.191319972e+02 -1.536580028e+02 -1.536580028e+02
6270 +1.130536036e+02 +1.130536036e+02 -1.597363964e+02 -1.597363964e+02
6292 +1.115108727e+02 +1.115108727e+02 -1.612791273e+02 -1.612791273e+02
6314 +1.093434851e+02 +1.093434851e+02 -1.634465149e+02 -1.634465149e+02
6358 +1.069708416e+02 +1.069708416e+02 -1.658191584e+02 -1.658191584e+02
6490 +1.011420257e+02 +1.011420257e+02 -1.716479743e+02 -1.716479743e+02
6556 +9.944133117e+01 +9.944133117e+01 -1.733486688e+02 -1.733486688e+02
6578 +9.545722132e+01 +9.545722132e+01 -1.773327787e+02 -1.773327787e+02
6666 +9.261889033e+01 +9.261889033e+01 -1.801711097e+02 -1.801711097e+02
6710 +8.936924099e+01 +8.936924099e+01 -1.834207590e+02 -1.834207590e+02
6754 +8.791193931e+01 +8.791193931e+01 -1.848780607e+02 -1.848780607e+02
6798 +8.686461169e+01 +8.686461169e+01 -1.859253883e+02 -1.859253883e+02
6930 +8.506124077e+01 +8.506124077e+01 -1.877287592e+02 -1.877287592e+02
7018 +8.311793286e+01 +8.311793286e+01 -1.896720671e+02 -1.896720671e+02
7128 +8.056968019e+01 +8.056968019e+01 -1.922203198e+02 -1.922203198e+02
7238 +7.893562124e+01 +7.893562124e+01 -1.938543788e+02 -1.938543788e+02
7458 +7.755068747e+01 +7.755068747e+01 -1.952393125e+02 -1.952393125e+02
7832 +7.579274262e+01 +7.579274262e+01 -1.969972574e+02 -1.969972574e+02
8316 +7.399645801e+01 +7.399645801e+01 -1.987935420e+02 -1.987935420e+02
8624 +7.243408178e+01 +7.243408178e+01 -2.003559182e+02 -2.003559182e+02
11308 +7.079272479e+01 +7.079272479e+01 -2.019972752e+02 -2.019972752e+02
% function evaluation | noise-free fitness - Fopt (1.410200000000e+02) | best noise-free fitness - Fopt | measured fitness | best measured fitness | x1 | x2...
1 +2.104332724e+03 +2.104332724e+03 +2.245352724e+03 +2.245352724e+03
990 +2.076859940e+03 +2.076859940e+03 +2.217879940e+03 +2.217879940e+03
1015 +2.027683576e+03 +2.027683576e+03 +2.168703576e+03 +2.168703576e+03
1044 +1.968276226e+03 +1.968276226e+03 +2.109296226e+03 +2.109296226e+03
1064 +1.939351225e+03 +1.939351225e+03 +2.080371225e+03 +2.080371225e+03
1081 +1.841665374e+03 +1.841665374e+03 +1.982685374e+03 +1.982685374e+03
1133 +1.776478469e+03 +1.776478469e+03 +1.917498469e+03 +1.917498469e+03
1160 +1.709930470e+03 +1.709930470e+03 +1.850950470e+03 +1.850950470e+03
1184 +1.639885456e+03 +1.639885456e+03 +1.780905456e+03 +1.780905456e+03
1219 +1.620547915e+03 +1.620547915e+03 +1.761567915e+03 +1.761567915e+03
1223 +1.577301238e+03 +1.577301238e+03 +1.718321238e+03 +1.718321238e+03
1231 +1.513887260e+03 +1.513887260e+03 +1.654907260e+03 +1.654907260e+03
1238 +1.509722477e+03 +1.509722477e+03 +1.650742477e+03 +1.650742477e+03
1261 +1.451501290e+03 +1.451501290e+03 +1.592521290e+03 +1.592521290e+03
1269 +1.400768054e+03 +1.400768054e+03 +1.541788054e+03 +1.541788054e+03
1317 +1.371277161e+03 +1.371277161e+03 +1.512297161e+03 +1.512297161e+03
1322 +1.256196797e+03 +1.256196797e+03 +1.397216797e+03 +1.397216797e+03
1340 +1.222637065e+03 +1.222637065e+03 +1.363657065e+03 +1.363657065e+03
1367 +1.171901561e+03 +1.171901561e+03 +1.312921561e+03 +1.312921561e+03
1424 +1.135668033e+03 +1.135668033e+03 +1.276688033e+03 +1.276688033e+03
1441 +1.085253477e+03 +1.085253477e+03 +1.226273477e+03 +1.226273477e+03
1444 +1.043435254e+03 +1.043435254e+03 +1.184455254e+03 +1.184455254e+03
1492 +1.015400961e+03 +1.015400961e+03 +1.156420961e+03 +1.156420961e+03
1516 +9.693029561e+02 +9.693029561e+02 +1.110322956e+03 +1.110322956e+03
1520 +9.287798933e+02 +9.287798933e+02 +1.069799893e+03 +1.069799893e+03
1575 +8.362612813e+02 +8.362612813e+02 +9.772812813e+02 +9.772812813e+02
1628 +7.608354797e+02 +7.608354797e+02 +9.018554797e+02 +9.018554797e+02
1693 +7.311655324e+02 +7.311655324e+02 +8.721855324e+02 +8.721855324e+02
1782 +7.003992757e+02 +7.003992757e+02 +8.414192757e+02 +8.414192757e+02
1800 +6.873293497e+02 +6.873293497e+02 +8.283493497e+02 +8.283493497e+02
1913 +6.718413423e+02 +6.718413423e+02 +8.128613423e+02 +8.128613423e+02
1955 +6.053494383e+02 +6.053494383e+02 +7.463694383e+02 +7.463694383e+02
1977 +5.871892095e+02 +5.871892095e+02 +7.282092095e+02 +7.282092095e+02
2002 +5.436575533e+02 +5.436575533e+02 +6.846775533e+02 +6.846775533e+02
2112 +5.307573567e+02 +5.307573567e+02 +6.717773567e+02 +6.717773567e+02
2150 +5.231799177e+02 +5.231799177e+02 +6.641999177e+02 +6.641999177e+02
2166 +5.017639207e+02 +5.017639207e+02 +6.427839207e+02 +6.427839207e+02
2233 +4.932146383e+02 +4.932146383e+02 +6.342346383e+02 +6.342346383e+02
2317 +4.860322094e+02 +4.860322094e+02 +6.270522094e+02 +6.270522094e+02
2503 +4.744768412e+02 +4.744768412e+02 +6.154968412e+02 +6.154968412e+02
2596 +4.647594308e+02 +4.647594308e+02 +6.057794308e+02 +6.057794308e+02
2788 +4.567298121e+02 +4.567298121e+02 +5.977498121e+02 +5.977498121e+02
2966 +4.322724547e+02 +4.322724547e+02 +5.732924547e+02 +5.732924547e+02
3275 +4.253986759e+02 +4.253986759e+02 +5.664186759e+02 +5.664186759e+02
3366 +3.834683760e+02 +3.834683760e+02 +5.244883760e+02 +5.244883760e+02
3604 +3.714015203e+02 +3.714015203e+02 +5.124215203e+02 +5.124215203e+02
3966 +3.494590624e+02 +3.494590624e+02 +4.904790624e+02 +4.904790624e+02
6265 +3.408550192e+02 +3.408550192e+02 +4.818750192e+02 +4.818750192e+02
6360 +3.059400149e+02 +3.059400149e+02 +4.469600149e+02 +4.469600149e+02
6468 +2.975131121e+02 +2.975131121e+02 +4.385331121e+02 +4.385331121e+02
6490 +2.841229913e+02 +2.841229913e+02 +4.251429913e+02 +4.251429913e+02
6603 +2.794553920e+02 +2.794553920e+02 +4.204753920e+02 +4.204753920e+02
6622 +2.572013686e+02 +2.572013686e+02 +3.982213686e+02 +3.982213686e+02
6842 +2.361315781e+02 +2.361315781e+02 +3.771515781e+02 +3.771515781e+02
6864 +2.270344346e+02 +2.270344346e+02 +3.680544346e+02 +3.680544346e+02
6886 +2.119806076e+02 +2.119806076e+02 +3.530006076e+02 +3.530006076e+02
6908 +1.958998783e+02 +1.958998783e+02 +3.369198783e+02 +3.369198783e+02
6930 +1.938888949e+02 +1.938888949e+02 +3.349088949e+02 +3.349088949e+02
7091 +1.834407999e+02 +1.834407999e+02 +3.244607999e+02 +3.244607999e+02
7194 +1.787004029e+02 +1.787004029e+02 +3.197204029e+02 +3.197204029e+02
7216 +1.748926694e+02 +1.748926694e+02 +3.159126694e+02 +3.159126694e+02
7238 +1.698794287e+02 +1.698794287e+02 +3.108994287e+02 +3.108994287e+02
7304 +1.673639677e+02 +1.673639677e+02 +3.083839677e+02 +3.083839677e+02
7348 +1.561139778e+02 +1.561139778e+02 +2.971339778e+02 +2.971339778e+02
7360 +1.502125927e+02 +1.502125927e+02 +2.912325927e+02 +2.912325927e+02
7370 +1.440168194e+02 +1.440168194e+02 +2.850368194e+02 +2.850368194e+02
7436 +1.408079085e+02 +1.408079085e+02 +2.818279085e+02 +2.818279085e+02
7458 +1.362123773e+02 +1.362123773e+02 +2.772323773e+02 +2.772323773e+02
7766 +1.270602283e+02 +1.270602283e+02 +2.680802283e+02 +2.680802283e+02
7796 +1.238576724e+02 +1.238576724e+02 +2.648776724e+02 +2.648776724e+02
7854 +1.210835765e+02 +1.210835765e+02 +2.621035765e+02 +2.621035765e+02
7876 +1.185438122e+02 +1.185438122e+02 +2.595638122e+02 +2.595638122e+02
7898 +1.156297333e+02 +1.156297333e+02 +2.566497333e+02 +2.566497333e+02
7920 +1.086754565e+02 +1.086754565e+02 +2.496954565e+02 +2.496954565e+02
7964 +1.062559618e+02 +1.062559618e+02 +2.472759618e+02 +2.472759618e+02
7986 +1.030600675e+02 +1.030600675e+02 +2.440800675e+02 +2.440800675e+02
8008 +9.919578989e+01 +9.919578989e+01 +2.402157899e+02 +2.402157899e+02
8074 +9.534442562e+01 +9.534442562e+01 +2.363644256e+02 +2.363644256e+02
8118 +9.264255820e+01 +9.264255820e+01 +2.336625582e+02 +2.336625582e+02
8206 +9.049201071e+01 +9.049201071e+01 +2.315120107e+02 +2.315120107e+02
8228 +8.667528092e+01 +8.667528092e+01 +2.276952809e+02 +2.276952809e+02
8272 +8.358143419e+01 +8.358143419e+01 +2.246014342e+02 +2.246014342e+02
8316 +8.167085191e+01 +8.167085191e+01 +2.226908519e+02 +2.226908519e+02
8360 +8.122016638e+01 +8.122016638e+01 +2.222401664e+02 +2.222401664e+02
8426 +7.785890587e+01 +7.785890587e+01 +2.188789059e+02 +2.188789059e+02
8448 +7.570071267e+01 +7.570071267e+01 +2.167207127e+02 +2.167207127e+02
8734 +7.397153766e+01 +7.397153766e+01 +2.149915377e+02 +2.149915377e+02
8800 +7.202184769e+01 +7.202184769e+01 +2.130418477e+02 +2.130418477e+02
8910 +7.068556109e+01 +7.068556109e+01 +2.117055611e+02 +2.117055611e+02
9020 +6.884590735e+01 +6.884590735e+01 +2.098659074e+02 +2.098659074e+02
9482 +6.759847742e+01 +6.759847742e+01 +2.086184774e+02 +2.086184774e+02
10362 +6.606756779e+01 +6.606756779e+01 +2.070875678e+02 +2.070875678e+02
% function evaluation | noise-free fitness - Fopt (8.113000000000e+01) | best noise-free fitness - Fopt | measured fitness | best measured fitness | x1 | x2...
1 +1.336346931e+03 +1.336346931e+03 +1.417476931e+03 +1.417476931e+03
728 +1.307617371e+03 +1.307617371e+03 +1.388747371e+03 +1.388747371e+03
753 +1.263655143e+03 +1.263655143e+03 +1.344785143e+03 +1.344785143e+03
773 +1.190769750e+03 +1.190769750e+03 +1.271899750e+03 +1.271899750e+03
797 +1.153403320e+03 +1.153403320e+03 +1.234533320e+03 +1.234533320e+03
820 +1.121471726e+03 +1.121471726e+03 +1.202601726e+03 +1.202601726e+03
843 +1.087609894e+03 +1.087609894e+03 +1.168739894e+03 +1.168739894e+03
858 +1.033172671e+03 +1.033172671e+03 +1.114302671e+03 +1.114302671e+03
863 +1.017422569e+03 +1.017422569e+03 +1.098552569e+03 +1.098552569e+03
866 +9.893230581e+02 +9.893230581e+02 +1.070453058e+03 +1.070453058e+03
905 +9.764514926e+02 +9.764514926e+02 +1.057581493e+03 +1.057581493e+03
907 +9.152567728e+02 +9.152567728e+02 +9.963867728e+02 +9.963867728e+02
946 +8.126457623e+02 +8.126457623e+02 +8.937757623e+02 +8.937757623e+02
968 +7.416917587e+02 +7.416917587e+02 +8.228217587e+02 +8.228217587e+02
1020 +6.673674515e+02 +6.673674515e+02 +7.484974515e+02 +7.484974515e+02
1034 +6.516525919e+02 +6.516525919e+02 +7.327825919e+02 +7.327825919e+02
1100 +6.381018655e+02 +6.381018655e+02 +7.192318655e+02 +7.192318655e+02
1152 +6.291372250e+02 +6.291372250e+02 +7.102672250e+02 +7.102672250e+02
1153 +5.963944755e+02 +5.963944755e+02 +6.775244755e+02 +6.775244755e+02
1188 +5.494502017e+02 +5.494502017e+02 +6.305802017e+02 +6.305802017e+02
1267 +4.971165157e+02 +4.971165157e+02 +5.782465157e+02 +5.782465157e+02
1386 +4.799428320e+02 +4.799428320e+02 +5.610728320e+02 +5.610728320e+02
1415 +4.616502872e+02 +4.616502872e+02 +5.427802872e+02 +5.427802872e+02
1448 +4.259443939e+02 +4.259443939e+02 +5.070743939e+02 +5.070743939e+02
1760 +4.160551279e+02 +4.160551279e+02 +4.971851279e+02 +4.971851279e+02
1782 +3.948453589e+02 +3.948453589e+02 +4.759753589e+02 +4.759753589e+02
1931 +3.822634071e+02 +3.822634071e+02 +4.633934071e+02 +4.633934071e+02
2519 +3.619465504e+02 +3.619465504e+02 +4.430765504e+02 +4.430765504e+02
2624 +3.469386780e+02 +3.469386780e+02 +4.280686780e+02 +4.280686780e+02
3432 +3.435361579e+02 +3.435361579e+02 +4.246661579e+02 +4.246661579e+02
3520 +3.308539881e+02 +3.308539881e+02 +4.119839881e+02 +4.119839881e+02
3531 +3.174026956e+02 +3.174026956e+02 +3.985326956e+02 +3.985326956e+02
3806 +2.904045348e+02 +2.904045348e+02 +3.715345348e+02 +3.715345348e+02
3828 +2.684267512e+02 +2.684267512e+02 +3.495567512e+02 +3.495567512e+02
3850 +2.574622893e+02 +2.574622893e+02 +3.385922893e+02 +3.385922893e+02
3872 +2.300036930e+02 +2.300036930e+02 +3.111336930e+02 +3.111336930e+02
4180 +2.289871983e+02 +2.289871983e+02 +3.101171983e+02 +3.101171983e+02
4202 +2.191895426e+02 +2.191895426e+02 +3.003195426e+02 +3.003195426e+02
4224 +2.029336376e+02 +2.029336376e+02 +2.840636376e+02 +2.840636376e+02
4274 +1.978655682e+02 +1.978655682e+02 +2.789955682e+02 +2.789955682e+02
4290 +1.876063019e+02 +1.876063019e+02 +2.687363019e+02 +2.687363019e+02
4334 +1.762207333e+02 +1.762207333e+02 +2.573507333e+02 +2.573507333e+02
4444 +1.671777579e+02 +1.671777579e+02 +2.483077579e+02 +2.483077579e+02
4466 +1.596727839e+02 +1.596727839e+02 +2.408027839e+02 +2.408027839e+02
4488 +1.575038267e+02 +1.575038267e+02 +2.386338267e+02 +2.386338267e+02
4554 +1.526904667e+02 +1.526904667e+02 +2.338204667e+02 +2.338204667e+02
4576 +1.492264606e+02 +1.492264606e+02 +2.303564606e+02 +2.303564606e+02
4598 +1.369997654e+02 +1.369997654e+02 +2.181297654e+02 +2.181297654e+02
4620 +1.334006902e+02 +1.334006902e+02 +2.145306902e+02 +2.145306902e+02
4642 +1.273059070e+02 +1.273059070e+02 +2.084359070e+02 +2.084359070e+02
4686 +1.220014358e+02 +1.220014358e+02 +2.031314358e+02 +2.031314358e+02
4708 +1.192937605e+02 +1.192937605e+02 +2.004237605e+02 +2.004237605e+02
4796 +1.153312158e+02 +1.153312158e+02 +1.964612158e+02 +1.964612158e+02
4818 +1.134168546e+02 +1.134168546e+02 +1.945468546e+02 +1.945468546e+02
4840 +1.049605555e+02 +1.049605555e+02 +1.860905555e+02 +1.860905555e+02
4862 +9.932373628e+01 +9.932373628e+01 +1.804537363e+02 +1.804537363e+02
4906 +9.381071596e+01 +9.381071596e+01 +1.749407160e+02 +1.749407160e+02
5016 +9.218137145e+01 +9.218137145e+01 +1.733113715e+02 +1.733113715e+02
5038 +8.983359098e+01 +8.983359098e+01 +1.709635910e+02 +1.709635910e+02
5060 +8.764649292e+01 +8.764649292e+01 +1.687764929e+02 +1.687764929e+02
5082 +8.641833026e+01 +8.641833026e+01 +1.675483303e+02 +1.675483303e+02
5258 +8.291425995e+01 +8.291425995e+01 +1.640442600e+02 +1.640442600e+02
5280 +8.043513801e+01 +8.043513801e+01 +1.615651380e+02 +1.615651380e+02
5302 +7.915829410e+01 +7.915829410e+01 +1.602882941e+02 +1.602882941e+02
5412 +7.754359764e+01 +7.754359764e+01 +1.586735976e+02 +1.586735976e+02
5588 +7.583278157e+01 +7.583278157e+01 +1.569627816e+02 +1.569627816e+02
5676 +7.387790819e+01 +7.387790819e+01 +1.550079082e+02 +1.550079082e+02
6116 +7.233199978e+01 +7.233199978e+01 +1.534619998e+02 +1.534619998e+02
6710 +7.079350834e+01 +7.079350834e+01 +1.519235083e+02 +1.519235083e+02
% function evaluation | noise-free fitness - Fopt (1.049200000000e+02) | best noise-free fitness - Fopt | measured fitness | best measured fitness | x1 | x2...
1 +1.653996792e+03 +1.653996792e+03 +1.758916792e+03 +1.758916792e+03
628 +1.600961584e+03 +1.600961584e+03 +1.705881584e+03 +1.705881584e+03
646 +1.498161823e+03 +1.498161823e+03 +1.603081823e+03 +1.603081823e+03
649 +1.426593800e+03 +1.426593800e+03 +1.531513800e+03 +1.531513800e+03
662 +1.392492971e+03 +1.392492971e+03 +1.497412971e+03 +1.497412971e+03
700 +1.369444703e+03 +1.369444703e+03 +1.474364703e+03 +1.474364703e+03
706 +1.323733522e+03 +1.323733522e+03 +1.428653522e+03 +1.428653522e+03
709 +1.298988216e+03 +1.298988216e+03 +1.403908216e+03 +1.403908216e+03
714 +1.230632890e+03 +1.230632890e+03 +1.335552890e+03 +1.335552890e+03
728 +1.194481446e+03 +1.194481446e+03 +1.299401446e+03 +1.299401446e+03
735 +1.168436314e+03 +1.168436314e+03 +1.273356314e+03 +1.273356314e+03
738 +1.136087738e+03 +1.136087738e+03 +1.241007738e+03 +1.241007738e+03
748 +1.099681852e+03 +1.099681852e+03 +1.204601852e+03 +1.204601852e+03
750 +1.018415847e+03 +1.018415847e+03 +1.123335847e+03 +1.123335847e+03
753 +8.954234026e+02 +8.954234026e+02 +1.000343403e+03 +1.000343403e+03
814 +8.904685438e+02 +8.904685438e+02 +9.953885438e+02 +9.953885438e+02
839 +8.642484632e+02 +8.642484632e+02 +9.691684632e+02 +9.691684632e+02
880 +8.463088089e+02 +8.463088089e+02 +9.512288089e+02 +9.512288089e+02
945 +8.254995897e+02 +8.254995897e+02 +9.304195897e+02 +9.304195897e+02
968 +7.847686173e+02 +7.847686173e+02 +8.896886173e+02 +8.896886173e+02
990 +7.565970336e+02 +7.565970336e+02 +8.615170336e+02 +8.615170336e+02
1007 +7.374817749e+02 +7.374817749e+02 +8.424017749e+02 +8.424017749e+02
1091 +6.897246987e+02 +6.897246987e+02 +7.946446987e+02 +7.946446987e+02
1100 +6.556759696e+02 +6.556759696e+02 +7.605959696e+02 +7.605959696e+02
1122 +6.315164276e+02 +6.315164276e+02 +7.364364276e+02 +7.364364276e+02
1144 +6.262985114e+02 +6.262985114e+02 +7.312185114e+02 +7.312185114e+02
1148 +5.499890995e+02 +5.499890995e+02 +6.549090995e+02 +6.549090995e+02
1232 +5.202137354e+02 +5.202137354e+02 +6.251337354e+02 +6.251337354e+02
1367 +4.601712512e+02 +4.601712512e+02 +5.650912512e+02 +5.650912512e+02
1848 +4.125968795e+02 +4.125968795e+02 +5.175168795e+02 +5.175168795e+02
2196 +3.997315889e+02 +3.997315889e+02 +5.046515889e+02 +5.046515889e+02
2615 +3.162427182e+02 +3.162427182e+02 +4.211627182e+02 +4.211627182e+02
5060 +2.965427220e+02 +2.965427220e+02 +4.014627220e+02 +4.014627220e+02
5104 +2.855560103e+02 +2.855560103e+02 +3.904760103e+02 +3.904760103e+02
5126 +2.760807185e+02 +2.760807185e+02 +3.810007185e+02 +3.810007185e+02
5874 +2.713887392e+02 +2.713887392e+02 +3.763087392e+02 +3.763087392e+02
5918 +2.454027053e+02 +2.454027053e+02 +3.503227053e+02 +3.503227053e+02
5984 +2.136353780e+02 +2.136353780e+02 +3.185553780e+02 +3.185553780e+02
6160 +1.812218637e+02 +1.812218637e+02 +2.861418637e+02 +2.861418637e+02
6292 +1.645364815e+02 +1.645364815e+02 +2.694564815e+02 +2.694564815e+02
6314 +1.568748069e+02 +1.568748069e+02 +2.617948069e+02 +2.617948069e+02
6402 +1.531432489e+02 +1.531432489e+02 +2.580632489e+02 +2.580632489e+02
6490 +1.512165705e+02 +1.512165705e+02 +2.561365705e+02 +2.561365705e+02
6512 +1.471505401e+02 +1.471505401e+02 +2.520705401e+02 +2.520705401e+02
6534 +1.408627512e+02 +1.408627512e+02 +2.457827512e+02 +2.457827512e+02
6578 +1.319237268e+02 +1.319237268e+02 +2.368437268e+02 +2.368437268e+02
6600 +1.197489616e+02 +1.197489616e+02 +2.246689616e+02 +2.246689616e+02
6798 +1.153981162e+02 +1.153981162e+02 +2.203181162e+02 +2.203181162e+02
6820 +1.133951594e+02 +1.133951594e+02 +2.183151594e+02 +2.183151594e+02
6886 +1.083626550e+02 +1.083626550e+02 +2.132826550e+02 +2.132826550e+02
6908 +1.062115879e+02 +1.062115879e+02 +2.111315879e+02 +2.111315879e+02
6952 +1.030938881e+02 +1.030938881e+02 +2.080138881e+02 +2.080138881e+02
6974 +1.016388816e+02 +1.016388816e+02 +2.065588816e+02 +2.065588816e+02
7106 +9.567860226e+01 +9.567860226e+01 +2.005986023e+02 +2.005986023e+02
7238 +9.360857049e+01 +9.360857049e+01 +1.985285705e+02 +1.985285705e+02
7282 +9.154272026e+01 +9.154272026e+01 +1.964627203e+02 +1.964627203e+02
7304 +8.485305413e+01 +8.485305413e+01 +1.897730541e+02 +1.897730541e+02
7348 +8.155120246e+01 +8.155120246e+01 +1.864712025e+02 +1.864712025e+02
7370 +7.723951574e+01 +7.723951574e+01 +1.821595157e+02 +1.821595157e+02
7414 +7.472522163e+01 +7.472522163e+01 +1.796452216e+02 +1.796452216e+02
7502 +7.348527603e+01 +7.348527603e+01 +1.784052760e+02 +1.784052760e+02
7546 +7.214624993e+01 +7.214624993e+01 +1.770662499e+02 +1.770662499e+02
7854 +6.989512261e+01 +6.989512261e+01 +1.748151226e+02 +1.748151226e+02
7876 +6.883820379e+01 +6.883820379e+01 +1.737582038e+02 +1.737582038e+02
8250 +6.756082407e+01 +6.756082407e+01 +1.724808241e+02 +1.724808241e+02
8624 +6.597827007e+01 +6.597827007e+01 +1.708982701e+02 +1.708982701e+02
% function evaluation | noise-free fitness - Fopt (3.029000000000e+01) | best noise-free fitness - Fopt | measured fitness | best measured fitness | x1 | x2...
1 +1.632845059e+03 +1.632845059e+03 +1.663135059e+03 +1.663135059e+03
550 +1.612996098e+03 +1.612996098e+03 +1.643286098e+03 +1.643286098e+03
574 +1.553495345e+03 +1.553495345e+03 +1.583785345e+03 +1.583785345e+03
577 +1.546367219e+03 +1.546367219e+03 +1.576657219e+03 +1.576657219e+03
587 +1.507271819e+03 +1.507271819e+03 +1.537561819e+03 +1.537561819e+03
601 +1.394296912e+03 +1.394296912e+03 +1.424586912e+03 +1.424586912e+03
620 +1.378158914e+03 +1.378158914e+03 +1.408448914e+03 +1.408448914e+03
640 +1.265782778e+03 +1.265782778e+03 +1.296072778e+03 +1.296072778e+03
652 +1.113853442e+03 +1.113853442e+03 +1.144143442e+03 +1.144143442e+03
704 +1.048217708e+03 +1.048217708e+03 +1.078507708e+03 +1.078507708e+03
713 +1.020685069e+03 +1.020685069e+03 +1.050975069e+03 +1.050975069e+03
726 +9.971637972e+02 +9.971637972e+02 +1.027453797e+03 +1.027453797e+03
748 +9.315502076e+02 +9.315502076e+02 +9.618402076e+02 +9.618402076e+02
770 +9.097295089e+02 +9.097295089e+02 +9.400195089e+02 +9.400195089e+02
792 +8.442068487e+02 +8.442068487e+02 +8.744968487e+02 +8.744968487e+02
832 +7.995348445e+02 +7.995348445e+02 +8.298248445e+02 +8.298248445e+02
836 +7.250240962e+02 +7.250240962e+02 +7.553140962e+02 +7.553140962e+02
839 +7.054833465e+02 +7.054833465e+02 +7.357733465e+02 +7.357733465e+02
879 +6.358084022e+02 +6.358084022e+02 +6.660984022e+02 +6.660984022e+02
924 +6.137190484e+02 +6.137190484e+02 +6.440090484e+02 +6.440090484e+02
934 +5.828374683e+02 +5.828374683e+02 +6.131274683e+02 +6.131274683e+02
990 +5.717342264e+02 +5.717342264e+02 +6.020242264e+02 +6.020242264e+02
1012 +5.302981266e+02 +5.302981266e+02 +5.605881266e+02 +5.605881266e+02
1034 +5.187883978e+02 +5.187883978e+02 +5.490783978e+02 +5.490783978e+02
1056 +4.871918780e+02 +4.871918780e+02 +5.174818780e+02 +5.174818780e+02
1100 +4.393301563e+02 +4.393301563e+02 +4.696201563e+02 +4.696201563e+02
1210 +4.135625448e+02 +4.135625448e+02 +4.438525448e+02 +4.438525448e+02
1518 +3.753733786e+02 +3.753733786e+02 +4.056633786e+02 +4.056633786e+02
2328 +3.710065225e+02 +3.710065225e+02 +4.012965225e+02 +4.012965225e+02
2508 +3.154341409e+02 +3.154341409e+02 +3.457241409e+02 +3.457241409e+02
3230 +3.022346783e+02 +3.022346783e+02 +3.325246783e+02 +3.325246783e+02
4322 +2.947767784e+02 +2.947767784e+02 +3.250667784e+02 +3.250667784e+02
4488 +2.804516835e+02 +2.804516835e+02 +3.107416835e+02 +3.107416835e+02
4642 +2.653168255e+02 +2.653168255e+02 +2.956068255e+02 +2.956068255e+02
4730 +2.616746493e+02 +2.616746493e+02 +2.919646493e+02 +2.919646493e+02
4774 +2.412710274e+02 +2.412710274e+02 +2.715610274e+02 +2.715610274e+02
4796 +2.346831882e+02 +2.346831882e+02 +2.649731882e+02 +2.649731882e+02
4818 +2.324288423e+02 +2.324288423e+02 +2.627188423e+02 +2.627188423e+02
4840 +2.226959720e+02 +2.226959720e+02 +2.529859720e+02 +2.529859720e+02
4994 +2.171525385e+02 +2.171525385e+02 +2.474425385e+02 +2.474425385e+02
5258 +2.107435091e+02 +2.107435091e+02 +2.410335091e+02 +2.410335091e+02
5297 +2.033729244e+02 +2.033729244e+02 +2.336629244e+02 +2.336629244e+02
5302 +1.890151487e+02 +1.890151487e+02 +2.193051487e+02 +2.193051487e+02
5390 +1.777646331e+02 +1.777646331e+02 +2.080546331e+02 +2.080546331e+02
5500 +1.607481578e+02 +1.607481578e+02 +1.910381578e+02 +1.910381578e+02
5632 +1.581138318e+02 +1.581138318e+02 +1.884038318e+02 +1.884038318e+02
5654 +1.508739485e+02 +1.508739485e+02 +1.811639485e+02 +1.811639485e+02
5676 +1.437166687e+02 +1.437166687e+02 +1.740066687e+02 +1.740066687e+02
5720 +1.392822066e+02 +1.392822066e+02 +1.695722066e+02 +1.695722066e+02
5742 +1.355781977e+02 +1.355781977e+02 +1.658681977e+02 +1.658681977e+02
5764 +1.299832840e+02 +1.299832840e+02 +1.602732840e+02 +1.602732840e+02
5874 +1.253183110e+02 +1.253183110e+02 +1.556083110e+02 +1.556083110e+02
5896 +1.222037262e+02 +1.222037262e+02 +1.524937262e+02 +1.524937262e+02
5940 +1.169834387e+02 +1.169834387e+02 +1.472734387e+02 +1.472734387e+02
5962 +1.136885594e+02 +1.136885594e+02 +1.439785594e+02 +1.439785594e+02
6006 +1.044096528e+02 +1.044096528e+02 +1.346996528e+02 +1.346996528e+02
6182 +9.884752399e+01 +9.884752399e+01 +1.291375240e+02 +1.291375240e+02
6204 +9.313325262e+01 +9.313325262e+01 +1.234232526e+02 +1.234232526e+02
6226 +9.002678797e+01 +9.002678797e+01 +1.203167880e+02 +1.203167880e+02
6248 +8.477199435e+01 +8.477199435e+01 +1.150619944e+02 +1.150619944e+02
6358 +8.282239236e+01 +8.282239236e+01 +1.131123924e+02 +1.131123924e+02
6446 +7.854390878e+01 +7.854390878e+01 +1.088339088e+02 +1.088339088e+02
6468 +7.737123478e+01 +7.737123478e+01 +1.076612348e+02 +1.076612348e+02
6556 +7.473257814e+01 +7.473257814e+01 +1.050225781e+02 +1.050225781e+02
6578 +7.323021602e+01 +7.323021602e+01 +1.035202160e+02 +1.035202160e+02
6600 +6.826698578e+01 +6.826698578e+01 +9.855698578e+01 +9.855698578e+01
6644 +6.654102998e+01 +6.654102998e+01 +9.683102998e+01 +9.683102998e+01
6666 +6.505904611e+01 +6.505904611e+01 +9.534904611e+01 +9.534904611e+01
6710 +6.251726085e+01 +6.251726085e+01 +9.280726085e+01 +9.280726085e+01
6842 +5.996659608e+01 +5.996659608e+01 +9.025659608e+01 +9.025659608e+01
6864 +5.639595783e+01 +5.639595783e+01 +8.668595783e+01 +8.668595783e+01
6930 +5.445475060e+01 +5.445475060e+01 +8.474475060e+01 +8.474475060e+01
7106 +5.169226653e+01 +5.169226653e+01 +8.198226653e+01 +8.198226653e+01
7172 +5.123327913e+01 +5.123327913e+01 +8.152327913e+01 +8.152327913e+01
7216 +4.962695488e+01 +4.962695488e+01 +7.991695488e+01 +7.991695488e+01
7238 +4.879535657e+01 +4.879535657e+01 +7.908535657e+01 +7.908535657e+01
7282 +4.686944847e+01 +4.686944847e+01 +7.715944847e+01 +7.715944847e+01
7304 +4.652036918e+01 +4.652036918e+01 +7.681036918e+01 +7.681036918e+01
7348 +4.510381689e+01 +4.510381689e+01 +7.539381689e+01 +7.539381689e+01
7480 +4.421311917e+01 +4.421311917e+01 +7.450311917e+01 +7.450311917e+01
7524 +4.324244296e+01 +4.324244296e+01 +7.353244296e+01 +7.353244296e+01
7612 +4.222012402e+01 +4.222012402e+01 +7.251012402e+01 +7.251012402e+01
7678 +4.126734864e+01 +4.126734864e+01 +7.155734864e+01 +7.155734864e+01
7766 +4.071223951e+01 +4.071223951e+01 +7.100223951e+01 +7.100223951e+01
7942 +3.980603142e+01 +3.980603142e+01 +7.009603142e+01 +7.009603142e+01
8756 +3.889743914e+01 +3.889743914e+01 +6.918743914e+01 +6.918743914e+01
% function evaluation | noise-free fitness - Fopt (1.210500000000e+02) | best noise-free fitness - Fopt | measured fitness | best measured fitness | x1 | x2...
1 +1.390291702e+03 +1.390291702e+03 +1.511341702e+03 +1.511341702e+03
343 +1.337857692e+03 +1.337857692e+03 +1.458907692e+03 +1.458907692e+03
401 +1.209858776e+03 +1.209858776e+03 +1.330908776e+03 +1.330908776e+03
435 +1.190082428e+03 +1.190082428e+03 +1.311132428e+03 +1.311132428e+03
447 +1.106295281e+03 +1.106295281e+03 +1.227345281e+03 +1.227345281e+03
513 +1.030081108e+03 +1.030081108e+03 +1.151131108e+03 +1.151131108e+03
535 +9.574267793e+02 +9.574267793e+02 +1.078476779e+03 +1.078476779e+03
554 +9.498114531e+02 +9.498114531e+02 +1.070861453e+03 +1.070861453e+03
558 +9.092936610e+02 +9.092936610e+02 +1.030343661e+03 +1.030343661e+03
565 +8.556835418e+02 +8.556835418e+02 +9.767335418e+02 +9.767335418e+02
575 +8.044061387e+02 +8.044061387e+02 +9.254561387e+02 +9.254561387e+02
602 +7.844947234e+02 +7.844947234e+02 +9.055447234e+02 +9.055447234e+02
612 +7.401099313e+02 +7.401099313e+02 +8.611599313e+02 +8.611599313e+02
660 +6.804659037e+02 +6.804659037e+02 +8.015159037e+02 +8.015159037e+02
704 +6.638882599e+02 +6.638882599e+02 +7.849382599e+02 +7.849382599e+02
732 +6.246950977e+02 +6.246950977e+02 +7.457450977e+02 +7.457450977e+02
765 +5.764573065e+02 +5.764573065e+02 +6.975073065e+02 +6.975073065e+02
816 +5.424017364e+02 +5.424017364e+02 +6.634517364e+02 +6.634517364e+02
858 +5.142369012e+02 +5.142369012e+02 +6.352869012e+02 +6.352869012e+02
861 +4.901969425e+02 +4.901969425e+02 +6.112469425e+02 +6.112469425e+02
884 +4.723304509e+02 +4.723304509e+02 +5.933804509e+02 +5.933804509e+02
973 +4.156238142e+02 +4.156238142e+02 +5.366738142e+02 +5.366738142e+02
1824 +4.036752938e+02 +4.036752938e+02 +5.247252938e+02 +5.247252938e+02
1892 +3.958455227e+02 +3.958455227e+02 +5.168955227e+02 +5.168955227e+02
2297 +3.856673511e+02 +3.856673511e+02 +5.067173511e+02 +5.067173511e+02
2954 +3.753849819e+02 +3.753849819e+02 +4.964349819e+02 +4.964349819e+02
2990 +3.586535285e+02 +3.586535285e+02 +4.797035285e+02 +4.797035285e+02
3340 +3.376595244e+02 +3.376595244e+02 +4.587095244e+02 +4.587095244e+02
4089 +3.275296048e+02 +3.275296048e+02 +4.485796048e+02 +4.485796048e+02
4164 +2.950279634e+02 +2.950279634e+02 +4.160779634e+02 +4.160779634e+02
5016 +2.806974880e+02 +2.806974880e+02 +4.017474880e+02 +4.017474880e+02
5390 +2.642123441e+02 +2.642123441e+02 +3.852623441e+02 +3.852623441e+02
5478 +2.540702690e+02 +2.540702690e+02 +3.751202690e+02 +3.751202690e+02
5500 +2.390509013e+02 +2.390509013e+02 +3.601009013e+02 +3.601009013e+02
5522 +2.222228854e+02 +2.222228854e+02 +3.432728854e+02 +3.432728854e+02
5544 +1.997395447e+02 +1.997395447e+02 +3.207895447e+02 +3.207895447e+02
5676 +1.960363134e+02 +1.960363134e+02 +3.170863134e+02 +3.170863134e+02
5698 +1.792513062e+02 +1.792513062e+02 +3.003013062e+02 +3.003013062e+02
5786 +1.723104471e+02 +1.723104471e+02 +2.933604471e+02 +2.933604471e+02
5808 +1.663301305e+02 +1.663301305e+02 +2.873801305e+02 +2.873801305e+02
5830 +1.604169269e+02 +1.604169269e+02 +2.814669269e+02 +2.814669269e+02
5852 +1.571289751e+02 +1.571289751e+02 +2.781789751e+02 +2.781789751e+02
5962 +1.539137464e+02 +1.539137464e+02 +2.749637464e+02 +2.749637464e+02
6006 +1.489275740e+02 +1.489275740e+02 +2.699775740e+02 +2.699775740e+02
6072 +1.459025477e+02 +1.459025477e+02 +2.669525477e+02 +2.669525477e+02
6094 +1.433274487e+02 +1.433274487e+02 +2.643774487e+02 +2.643774487e+02
6160 +1.404023938e+02 +1.404023938e+02 +2.614523938e+02 +2.614523938e+02
6182 +1.365209522e+02 +1.365209522e+02 +2.575709522e+02 +2.575709522e+02
6204 +1.343341599e+02 +1.343341599e+02 +2.553841599e+02 +2.553841599e+02
6270 +1.306220579e+02 +1.306220579e+02 +2.516720579e+02 +2.516720579e+02
6314 +1.282824944e+02 +1.282824944e+02 +2.493324944e+02 +2.493324944e+02
6336 +1.248654906e+02 +1.248654906e+02 +2.459154906e+02 +2.459154906e+02
6358 +1.218442109e+02 +1.218442109e+02 +2.428942109e+02 +2.428942109e+02
6380 +1.195788032e+02 +1.195788032e+02 +2.406288032e+02 +2.406288032e+02
6446 +1.170965114e+02 +1.170965114e+02 +2.381465114e+02 +2.381465114e+02
6512 +1.142735119e+02 +1.142735119e+02 +2.353235119e+02 +2.353235119e+02
6534 +1.112244303e+02 +1.112244303e+02 +2.322744303e+02 +2.322744303e+02
6556 +1.076414528e+02 +1.076414528e+02 +2.286914528e+02 +2.286914528e+02
6600 +1.049406076e+02 +1.049406076e+02 +2.259906076e+02 +2.259906076e+02
6622 +1.044995944e+02 +1.044995944e+02 +2.255495944e+02 +2.255495944e+02
6688 +1.013159861e+02 +1.013159861e+02 +2.223659861e+02 +2.223659861e+02
6754 +9.983180390e+01 +9.983180390e+01 +2.208818039e+02 +2.208818039e+02
6842 +9.603452494e+01 +9.603452494e+01 +2.170845249e+02 +2.170845249e+02
6900 +9.512676271e+01 +9.512676271e+01 +2.161767627e+02 +2.161767627e+02
6952 +9.263655865e+01 +9.263655865e+01 +2.136865587e+02 +2.136865587e+02
6974 +9.029698453e+01 +9.029698453e+01 +2.113469845e+02 +2.113469845e+02
7040 +8.696270663e+01 +8.696270663e+01 +2.080127066e+02 +2.080127066e+02
7084 +8.501323647e+01 +8.501323647e+01 +2.060632365e+02 +2.060632365e+02
7150 +8.234486578e+01 +8.234486578e+01 +2.033948658e+02 +2.033948658e+02
7194 +8.039272190e+01 +8.039272190e+01 +2.014427219e+02 +2.014427219e+02
7348 +7.850621628e+01 +7.850621628e+01 +1.995562163e+02 +1.995562163e+02
7392 +7.632598225e+01 +7.632598225e+01 +1.973759822e+02 +1.973759822e+02
7634 +7.528194091e+01 +7.528194091e+01 +1.963319409e+02 +1.963319409e+02
7656 +7.405946588e+01 +7.405946588e+01 +1.951094659e+02 +1.951094659e+02
7810 +7.200529204e+01 +7.200529204e+01 +1.930552920e+02 +1.930552920e+02
8096 +7.067474166e+01 +7.067474166e+01 +1.917247417e+02 +1.917247417e+02
8316 +6.894768054e+01 +6.894768054e+01 +1.899976805e+02 +1.899976805e+02
8492 +6.755656525e+01 +6.755656525e+01 +1.886065652e+02 +1.886065652e+02
9636 +6.603683388e+01 +6.603683388e+01 +1.870868339e+02 +1.870868339e+02
% function evaluation | noise-free fitness - Fopt (-1.033000000000e+01) | best noise-free fitness - Fopt | measured fitness | best measured fitness | x1 | x2...
1 +1.867898024e+03 +1.867898024e+03 +1.857568024e+03 +1.857568024e+03
606 +1.815619113e+03 +1.815619113e+03 +1.805289113e+03 +1.805289113e+03
616 +1.769329794e+03 +1.769329794e+03 +1.758999794e+03 +1.758999794e+03
621 +1.618226522e+03 +1.618226522e+03 +1.607896522e+03 +1.607896522e+03
645 +1.533157814e+03 +1.533157814e+03 +1.522827814e+03 +1.522827814e+03
663 +1.331478489e+03 +1.331478489e+03 +1.321148489e+03 +1.321148489e+03
704 +1.249288326e+03 +1.249288326e+03 +1.238958326e+03 +1.238958326e+03
707 +1.142300439e+03 +1.142300439e+03 +1.131970439e+03 +1.131970439e+03
754 +1.070783858e+03 +1.070783858e+03 +1.060453858e+03 +1.060453858e+03
774 +9.424347266e+02 +9.424347266e+02 +9.321047266e+02 +9.321047266e+02
776 +9.095143685e+02 +9.095143685e+02 +8.991843685e+02 +8.991843685e+02
794 +8.606876076e+02 +8.606876076e+02 +8.503576076e+02 +8.503576076e+02
814 +8.268910892e+02 +8.268910892e+02 +8.165610892e+02 +8.165610892e+02
880 +8.058228693e+02 +8.058228693e+02 +7.954928693e+02 +7.954928693e+02
902 +7.481988145e+02 +7.481988145e+02 +7.378688145e+02 +7.378688145e+02
924 +6.751768075e+02 +6.751768075e+02 +6.648468075e+02 +6.648468075e+02
946 +6.134471493e+02 +6.134471493e+02 +6.031171493e+02 +6.031171493e+02
1034 +5.635718956e+02 +5.635718956e+02 +5.532418956e+02 +5.532418956e+02
1056 +5.591596711e+02 +5.591596711e+02 +5.488296711e+02 +5.488296711e+02
1188 +5.021405115e+02 +5.021405115e+02 +4.918105115e+02 +4.918105115e+02
1276 +4.910578028e+02 +4.910578028e+02 +4.807278028e+02 +4.807278028e+02
1352 +4.855324017e+02 +4.855324017e+02 +4.752024017e+02 +4.752024017e+02
1374 +4.777749604e+02 +4.777749604e+02 +4.674449604e+02 +4.674449604e+02
1438 +4.656279754e+02 +4.656279754e+02 +4.552979754e+02 +4.552979754e+02
1447 +4.262755232e+02 +4.262755232e+02 +4.159455232e+02 +4.159455232e+02
1582 +3.969771682e+02 +3.969771682e+02 +3.866471682e+02 +3.866471682e+02
2398 +3.780144807e+02 +3.780144807e+02 +3.676844807e+02 +3.676844807e+02
2617 +3.517299144e+02 +3.517299144e+02 +3.413999144e+02 +3.413999144e+02
3806 +3.137124382e+02 +3.137124382e+02 +3.033824382e+02 +3.033824382e+02
8976 +2.925512618e+02 +2.925512618e+02 +2.822212618e+02 +2.822212618e+02
8998 +2.646767347e+02 +2.646767347e+02 +2.543467347e+02 +2.543467347e+02
9020 +2.616740120e+02 +2.616740120e+02 +2.513440120e+02 +2.513440120e+02
9042 +2.435299043e+02 +2.435299043e+02 +2.331999043e+02 +2.331999043e+02
9196 +2.373862460e+02 +2.373862460e+02 +2.270562460e+02 +2.270562460e+02
9262 +2.261990466e+02 +2.261990466e+02 +2.158690466e+02 +2.158690466e+02
9272 +2.176626668e+02 +2.176626668e+02 +2.073326668e+02 +2.073326668e+02
9284 +1.961669094e+02 +1.961669094e+02 +1.858369094e+02 +1.858369094e+02
9394 +1.919256603e+02 +1.919256603e+02 +1.815956603e+02 +1.815956603e+02
9416 +1.895310333e+02 +1.895310333e+02 +1.792010333e+02 +1.792010333e+02
9477 +1.757941972e+02 +1.757941972e+02 +1.654641972e+02 +1.654641972e+02
9504 +1.724685380e+02 +1.724685380e+02 +1.621385380e+02 +1.621385380e+02
9526 +1.653051157e+02 +1.653051157e+02 +1.549751157e+02 +1.549751157e+02
9680 +1.594646477e+02 +1.594646477e+02 +1.491346477e+02 +1.491346477e+02
9702 +1.529185180e+02 +1.529185180e+02 +1.425885180e+02 +1.425885180e+02
9746 +1.396943068e+02 +1.396943068e+02 +1.293643068e+02 +1.293643068e+02
9768 +1.344749011e+02 +1.344749011e+02 +1.241449011e+02 +1.241449011e+02
10142 +1.313279416e+02 +1.313279416e+02 +1.209979416e+02 +1.209979416e+02
10164 +1.266546009e+02 +1.266546009e+02 +1.163246009e+02 +1.163246009e+02
10274 +1.241823643e+02 +1.241823643e+02 +1.138523643e+02 +1.138523643e+02
10384 +1.225049781e+02 +1.225049781e+02 +1.121749781e+02 +1.121749781e+02
10406 +1.170230213e+02 +1.170230213e+02 +1.066930213e+02 +1.066930213e+02
10428 +1.135103389e+02 +1.135103389e+02 +1.031803389e+02 +1.031803389e+02
10450 +1.103346404e+02 +1.103346404e+02 +1.000046404e+02 +1.000046404e+02
10472 +1.096117032e+02 +1.096117032e+02 +9.928170322e+01 +9.928170322e+01
10538 +1.049252718e+02 +1.049252718e+02 +9.459527181e+01 +9.459527181e+01
10604 +1.046369722e+02 +1.046369722e+02 +9.430697216e+01 +9.430697216e+01
10780 +1.020500568e+02 +1.020500568e+02 +9.172005678e+01 +9.172005678e+01
10890 +9.976541638e+01 +9.976541638e+01 +8.943541638e+01 +8.943541638e+01
10912 +9.762366201e+01 +9.762366201e+01 +8.729366201e+01 +8.729366201e+01
11132 +9.545229292e+01 +9.545229292e+01 +8.512229292e+01 +8.512229292e+01
11198 +9.313873008e+01 +9.313873008e+01 +8.280873008e+01 +8.280873008e+01
11330 +9.110763754e+01 +9.110763754e+01 +8.077763754e+01 +8.077763754e+01
11506 +8.903738837e+01 +8.903738837e+01 +7.870738837e+01 +7.870738837e+01
11968 +8.703961448e+01 +8.703961448e+01 +7.670961448e+01 +7.670961448e+01
12782 +8.506290654e+01 +8.506290654e+01 +7.473290654e+01 +7.473290654e+01
% function evaluation | noise-free fitness - Fopt (-6.846000000000e+01) | best noise-free fitness - Fopt | measured fitness | best measured fitness | x1 | x2...
1 +2.368102566e+03 +2.368102566e+03 +2.299642566e+03 +2.299642566e+03
490 +2.328290589e+03 +2.328290589e+03 +2.259830589e+03 +2.259830589e+03
518 +2.240910824e+03 +2.240910824e+03 +2.172450824e+03 +2.172450824e+03
528 +2.167020638e+03 +2.167020638e+03 +2.098560638e+03 +2.098560638e+03
532 +2.032270546e+03 +2.032270546e+03 +1.963810546e+03 +1.963810546e+03
565 +1.968822126e+03 +1.968822126e+03 +1.900362126e+03 +1.900362126e+03
571 +1.782204145e+03 +1.782204145e+03 +1.713744145e+03 +1.713744145e+03
572 +1.757580089e+03 +1.757580089e+03 +1.689120089e+03 +1.689120089e+03
578 +1.734946607e+03 +1.734946607e+03 +1.666486607e+03 +1.666486607e+03
594 +1.692453051e+03 +1.692453051e+03 +1.623993051e+03 +1.623993051e+03
606 +1.523425531e+03 +1.523425531e+03 +1.454965531e+03 +1.454965531e+03
616 +1.415932589e+03 +1.415932589e+03 +1.347472589e+03 +1.347472589e+03
638 +1.290431157e+03 +1.290431157e+03 +1.221971157e+03 +1.221971157e+03
660 +1.286436168e+03 +1.286436168e+03 +1.217976168e+03 +1.217976168e+03
678 +1.257109064e+03 +1.257109064e+03 +1.188649064e+03 +1.188649064e+03
682 +1.162912431e+03 +1.162912431e+03 +1.094452431e+03 +1.094452431e+03
709 +1.041130152e+03 +1.041130152e+03 +9.726701520e+02 +9.726701520e+02
748 +9.498136315e+02 +9.498136315e+02 +8.813536315e+02 +8.813536315e+02
770 +8.159373771e+02 +8.159373771e+02 +7.474773771e+02 +7.474773771e+02
828 +7.571099345e+02 +7.571099345e+02 +6.886499345e+02 +6.886499345e+02
836 +6.775743306e+02 +6.775743306e+02 +6.091143306e+02 +6.091143306e+02
927 +6.292520454e+02 +6.292520454e+02 +5.607920454e+02 +5.607920454e+02
954 +5.952378771e+02 +5.952378771e+02 +5.267778771e+02 +5.267778771e+02
968 +5.669878732e+02 +5.669878732e+02 +4.985278732e+02 +4.985278732e+02
1010 +5.212678284e+02 +5.212678284e+02 +4.528078284e+02 +4.528078284e+02
1078 +5.058099860e+02 +5.058099860e+02 +4.373499860e+02 +4.373499860e+02
1144 +4.646780069e+02 +4.646780069e+02 +3.962180069e+02 +3.962180069e+02
1323 +4.516642014e+02 +4.516642014e+02 +3.832042014e+02 +3.832042014e+02
1374 +4.177107438e+02 +4.177107438e+02 +3.492507438e+02 +3.492507438e+02
1452 +3.902830354e+02 +3.902830354e+02 +3.218230354e+02 +3.218230354e+02
1834 +3.466532111e+02 +3.466532111e+02 +2.781932111e+02 +2.781932111e+02
4064 +3.367374972e+02 +3.367374972e+02 +2.682774972e+02 +2.682774972e+02
4136 +3.297478780e+02 +3.297478780e+02 +2.612878780e+02 +2.612878780e+02
4158 +3.125770951e+02 +3.125770951e+02 +2.441170951e+02 +2.441170951e+02
4180 +2.699257450e+02 +2.699257450e+02 +2.014657450e+02 +2.014657450e+02
4481 +2.670275596e+02 +2.670275596e+02 +1.985675596e+02 +1.985675596e+02
4554 +2.483122525e+02 +2.483122525e+02 +1.798522525e+02 +1.798522525e+02
4576 +2.380887215e+02 +2.380887215e+02 +1.696287215e+02 +1.696287215e+02
4598 +2.305358514e+02 +2.305358514e+02 +1.620758514e+02 +1.620758514e+02
4620 +2.230509691e+02 +2.230509691e+02 +1.545909691e+02 +1.545909691e+02
4664 +2.043439668e+02 +2.043439668e+02 +1.358839668e+02 +1.358839668e+02
4708 +2.004827467e+02 +2.004827467e+02 +1.320227467e+02 +1.320227467e+02
4730 +1.944093766e+02 +1.944093766e+02 +1.259493766e+02 +1.259493766e+02
4796 +1.852322919e+02 +1.852322919e+02 +1.167722919e+02 +1.167722919e+02
4884 +1.793320215e+02 +1.793320215e+02 +1.108720215e+02 +1.108720215e+02
5082 +1.677708547e+02 +1.677708547e+02 +9.931085474e+01 +9.931085474e+01
5104 +1.630711007e+02 +1.630711007e+02 +9.461110065e+01 +9.461110065e+01
5126 +1.604151289e+02 +1.604151289e+02 +9.195512887e+01 +9.195512887e+01
5192 +1.558164226e+02 +1.558164226e+02 +8.735642257e+01 +8.735642257e+01
5214 +1.502360946e+02 +1.502360946e+02 +8.177609457e+01 +8.177609457e+01
5236 +1.466059303e+02 +1.466059303e+02 +7.814593032e+01 +7.814593032e+01
5302 +1.436894428e+02 +1.436894428e+02 +7.522944285e+01 +7.522944285e+01
5324 +1.387965143e+02 +1.387965143e+02 +7.033651432e+01 +7.033651432e+01
5368 +1.363342328e+02 +1.363342328e+02 +6.787423278e+01 +6.787423278e+01
5390 +1.322920344e+02 +1.322920344e+02 +6.383203441e+01 +6.383203441e+01
5412 +1.286823919e+02 +1.286823919e+02 +6.022239189e+01 +6.022239189e+01
5544 +1.250525813e+02 +1.250525813e+02 +5.659258130e+01 +5.659258130e+01
5566 +1.215648066e+02 +1.215648066e+02 +5.310480661e+01 +5.310480661e+01
5610 +1.196331065e+02 +1.196331065e+02 +5.117310650e+01 +5.117310650e+01
5808 +1.158914074e+02 +1.158914074e+02 +4.743140736e+01 +4.743140736e+01
5852 +1.141873296e+02 +1.141873296e+02 +4.572732965e+01 +4.572732965e+01
5940 +1.117089998e+02 +1.117089998e+02 +4.324899977e+01 +4.324899977e+01
6094 +1.083718833e+02 +1.083718833e+02 +3.991188326e+01 +3.991188326e+01
6182 +1.069930948e+02 +1.069930948e+02 +3.853309480e+01 +3.853309480e+01
6292 +1.040865700e+02 +1.040865700e+02 +3.562656999e+01 +3.562656999e+01
6380 +1.023212418e+02 +1.023212418e+02 +3.386124183e+01 +3.386124183e+01
6556 +9.982943949e+01 +9.982943949e+01 +3.136943949e+01 +3.136943949e+01
6688 +9.716941909e+01 +9.716941909e+01 +2.870941909e+01 +2.870941909e+01
6754 +9.478425530e+01 +9.478425530e+01 +2.632425530e+01 +2.632425530e+01
6864 +9.267387638e+01 +9.267387638e+01 +2.421387638e+01 +2.421387638e+01
6996 +9.089031759e+01 +9.089031759e+01 +2.243031759e+01 +2.243031759e+01
7106 +8.903690604e+01 +8.903690604e+01 +2.057690604e+01 +2.057690604e+01
7326 +8.704006370e+01 +8.704006370e+01 +1.858006370e+01 +1.858006370e+01
7656 +8.500944609e+01 +8.500944609e+01 +1.654944609e+01 +1.654944609e+01
7986 +8.306245921e+01 +8.306245921e+01 +1.460245921e+01 +1.460245921e+01
8206 +8.128198821e+01 +8.128198821e+01 +1.282198821e+01 +1.282198821e+01
8492 +7.919078756e+01 +7.919078756e+01 +1.073078756e+01 +1.073078756e+01
14058 +7.762463746e+01 +7.762463746e+01 +9.164637464e+00 +9.164637464e+00
% function evaluation | noise-free fitness - Fopt (-1.314900000000e+02) | best noise-free fitness - Fopt | measured fitness | best measured fitness | x1 | x2...
1 +1.647047479e+03 +1.647047479e+03 +1.515557479e+03 +1.515557479e+03
800 +1.569075123e+03 +1.569075123e+03 +1.437585123e+03 +1.437585123e+03
840 +1.493830054e+03 +1.493830054e+03 +1.362340054e+03 +1.362340054e+03
877 +1.441262702e+03 +1.441262702e+03 +1.309772702e+03 +1.309772702e+03
910 +1.410177506e+03 +1.410177506e+03 +1.278687506e+03 +1.278687506e+03
914 +1.364813123e+03 +1.364813123e+03 +1.233323123e+03 +1.233323123e+03
920 +1.346100095e+03 +1.346100095e+03 +1.214610095e+03 +1.214610095e+03
929 +1.311575639e+03 +1.311575639e+03 +1.180085639e+03 +1.180085639e+03
931 +1.277561887e+03 +1.277561887e+03 +1.146071887e+03 +1.146071887e+03
973 +1.242281126e+03 +1.242281126e+03 +1.110791126e+03 +1.110791126e+03
1016 +1.171327187e+03 +1.171327187e+03 +1.039837187e+03 +1.039837187e+03
1062 +1.087852968e+03 +1.087852968e+03 +9.563629681e+02 +9.563629681e+02
1125 +1.025456748e+03 +1.025456748e+03 +8.939667476e+02 +8.939667476e+02
1127 +9.656680464e+02 +9.656680464e+02 +8.341780464e+02 +8.341780464e+02
1150 +9.210581438e+02 +9.210581438e+02 +7.895681438e+02 +7.895681438e+02
1166 +9.028809379e+02 +9.028809379e+02 +7.713909379e+02 +7.713909379e+02
1188 +8.381297435e+02 +8.381297435e+02 +7.066397435e+02 +7.066397435e+02
1232 +7.732640479e+02 +7.732640479e+02 +6.417740479e+02 +6.417740479e+02
1276 +6.960004274e+02 +6.960004274e+02 +5.645104274e+02 +5.645104274e+02
1298 +6.413648017e+02 +6.413648017e+02 +5.098748017e+02 +5.098748017e+02
1357 +6.251090321e+02 +6.251090321e+02 +4.936190321e+02 +4.936190321e+02
1386 +6.023348029e+02 +6.023348029e+02 +4.708448029e+02 +4.708448029e+02
1562 +5.758873461e+02 +5.758873461e+02 +4.443973461e+02 +4.443973461e+02
1584 +5.693091664e+02 +5.693091664e+02 +4.378191664e+02 +4.378191664e+02
1589 +5.274521445e+02 +5.274521445e+02 +3.959621445e+02 +3.959621445e+02
1628 +4.724114569e+02 +4.724114569e+02 +3.409214569e+02 +3.409214569e+02
1716 +4.538126677e+02 +4.538126677e+02 +3.223226677e+02 +3.223226677e+02
1927 +4.296139397e+02 +4.296139397e+02 +2.981239397e+02 +2.981239397e+02
2169 +3.971760099e+02 +3.971760099e+02 +2.656860099e+02 +2.656860099e+02
2363 +3.760007938e+02 +3.760007938e+02 +2.445107938e+02 +2.445107938e+02
2680 +3.499438124e+02 +3.499438124e+02 +2.184538124e+02 +2.184538124e+02
3139 +3.240744804e+02 +3.240744804e+02 +1.925844804e+02 +1.925844804e+02
4224 +3.189188232e+02 +3.189188232e+02 +1.874288232e+02 +1.874288232e+02
4302 +2.956862288e+02 +2.956862288e+02 +1.641962288e+02 +1.641962288e+02
4400 +2.636668155e+02 +2.636668155e+02 +1.321768155e+02 +1.321768155e+02
4620 +2.602265537e+02 +2.602265537e+02 +1.287365537e+02 +1.287365537e+02
4664 +2.300456961e+02 +2.300456961e+02 +9.855569610e+01 +9.855569610e+01
4686 +1.971714524e+02 +1.971714524e+02 +6.568145241e+01 +6.568145241e+01
5192 +1.870858597e+02 +1.870858597e+02 +5.559585972e+01 +5.559585972e+01
5214 +1.846425112e+02 +1.846425112e+02 +5.315251117e+01 +5.315251117e+01
5258 +1.585825948e+02 +1.585825948e+02 +2.709259476e+01 +2.709259476e+01
5280 +1.579989297e+02 +1.579989297e+02 +2.650892965e+01 +2.650892965e+01
5302 +1.463569850e+02 +1.463569850e+02 +1.486698499e+01 +1.486698499e+01
5434 +1.428477736e+02 +1.428477736e+02 +1.135777357e+01 +1.135777357e+01
5456 +1.353739150e+02 +1.353739150e+02 +3.883914962e+00 +3.883914962e+00
5478 +1.328965640e+02 +1.328965640e+02 +1.406564041e+00 +1.406564041e+00
5588 +1.262063571e+02 +1.262063571e+02 -5.283642867e+00 -5.283642867e+00
5610 +1.188146305e+02 +1.188146305e+02 -1.267536947e+01 -1.267536947e+01
5632 +1.127978981e+02 +1.127978981e+02 -1.869210188e+01 -1.869210188e+01
5654 +1.121325744e+02 +1.121325744e+02 -1.935742560e+01 -1.935742560e+01
5698 +1.076866940e+02 +1.076866940e+02 -2.380330599e+01 -2.380330599e+01
5759 +9.697250665e+01 +9.697250665e+01 -3.451749335e+01 -3.451749335e+01
5830 +9.067703441e+01 +9.067703441e+01 -4.081296559e+01 -4.081296559e+01
6006 +8.726883499e+01 +8.726883499e+01 -4.422116501e+01 -4.422116501e+01
6028 +8.588098354e+01 +8.588098354e+01 -4.560901646e+01 -4.560901646e+01
6160 +8.331808409e+01 +8.331808409e+01 -4.817191591e+01 -4.817191591e+01
6182 +8.248508838e+01 +8.248508838e+01 -4.900491162e+01 -4.900491162e+01
6204 +8.109453868e+01 +8.109453868e+01 -5.039546132e+01 -5.039546132e+01
6336 +7.889122312e+01 +7.889122312e+01 -5.259877688e+01 -5.259877688e+01
6512 +7.758829565e+01 +7.758829565e+01 -5.390170435e+01 -5.390170435e+01
6710 +7.584681084e+01 +7.584681084e+01 -5.564318916e+01 -5.564318916e+01
7392 +7.410617040e+01 +7.410617040e+01 -5.738382960e+01 -5.738382960e+01
