% function evaluation | noise-free fitness - Fopt (9.294000000000e+01) | best noise-free fitness - Fopt | measured fitness | best measured fitness | x1 | x2...
1 +7.430863548e+00 +7.430863548e+00 +1.003708635e+02 +1.003708635e+02 +0.0000e+00 +0.0000e+00
128 +2.403662360e+00 +2.403662360e+00 +9.534366236e+01 +9.534366236e+01 -1.3808e+00 +2.3428e+00
204 +6.009155901e-01 +6.009155901e-01 +9.354091559e+01 +9.354091559e+01 +5.0034e-01 -1.1878e-01
332 +4.006497153e-01 +4.006497153e-01 +9.334064972e+01 +9.334064972e+01 -2.6765e-01 +6.6359e-01
354 +3.655600902e-02 +3.655600902e-02 +9.297655601e+01 +9.297655601e+01 -2.4343e-01 +7.0633e-01
442 +2.068633887e-02 +2.068633887e-02 +9.296068634e+01 +9.296068634e+01 -3.2205e-01 +8.5920e-01
508 +1.683498053e-02 +1.683498053e-02 +9.295683498e+01 +9.295683498e+01 -3.8325e-01 +8.4529e-01
% function evaluation | noise-free fitness - Fopt (3.535000000000e+01) | best noise-free fitness - Fopt | measured fitness | best measured fitness | x1 | x2...
1 +5.392902533e+00 +5.392902533e+00 +4.074290253e+01 +4.074290253e+01 +0.0000e+00 +0.0000e+00
121 +3.708886717e+00 +3.708886717e+00 +3.905888672e+01 +3.905888672e+01 +3.5530e-01 -5.0074e-01
156 +2.792089887e+00 +2.792089887e+00 +3.814208989e+01 +3.814208989e+01 +5.2441e-01 -2.5480e-01
207 +2.642512041e+00 +2.642512041e+00 +3.799251204e+01 +3.799251204e+01 +7.4499e-01 +5.8575e-01
213 +6.170689391e-01 +6.170689391e-01 +3.596706894e+01 +3.596706894e+01 +1.6064e+00 +9.8102e-01
515 +6.019305555e-01 +6.019305555e-01 +3.595193056e+01 +3.595193056e+01 +1.1983e+00 +1.0488e+00
528 +2.906577273e-01 +2.906577273e-01 +3.564065773e+01 +3.564065773e+01 +1.6146e+00 +1.5170e+00
545 +1.116835955e-01 +1.116835955e-01 +3.546168360e+01 +3.546168360e+01 +1.5070e+00 +1.1537e+00
703 +3.260153181e-02 +3.260153181e-02 +3.538260153e+01 +3.538260153e+01 +1.7099e+00 +1.3773e+00
732 +1.534437970e-02 +1.534437970e-02 +3.536534438e+01 +3.536534438e+01 +1.6747e+00 +1.4999e+00
781 +2.408626329e-07 +2.408626329e-07 +3.535000024e+01 +3.535000024e+01 +1.7611e+00 +1.5109e+00
% function evaluation | noise-free fitness - Fopt (3.820000000000e+00) | best noise-free fitness - Fopt | measured fitness | best measured fitness | x1 | x2...
1 +1.230906606e+03 +1.230906606e+03 +1.234726606e+03 +1.234726606e+03 +0.0000e+00 +0.0000e+00
70 +7.281296397e+01 +7.281296397e+01 +7.663296397e+01 +7.663296397e+01 +4.5599e+00 -1.2809e+00
76 +5.122905424e-01 +5.122905424e-01 +4.332290542e+00 +4.332290542e+00 +3.6000e+00 -7.9089e-01
% function evaluation | noise-free fitness - Fopt (2.175000000000e+01) | best noise-free fitness - Fopt | measured fitness | best measured fitness | x1 | x2...
1 +2.211572817e+02 +2.211572817e+02 +2.429072817e+02 +2.429072817e+02 +0.0000e+00 +0.0000e+00
95 +1.536500756e+02 +1.536500756e+02 +1.754000756e+02 +1.754000756e+02 +4.0602e+00 +3.8056e+00
104 +9.953017622e+01 +9.953017622e+01 +1.212801762e+02 +1.212801762e+02 +3.3128e+00 +3.6904e+00
117 +6.102613933e+01 +6.102613933e+01 +8.277613933e+01 +8.277613933e+01 +4.6404e+00 +2.0849e+00
121 +1.705941962e+01 +1.705941962e+01 +3.880941962e+01 +3.880941962e+01 +8.1743e-01 +4.1286e+00
124 +1.088957196e+01 +1.088957196e+01 +3.263957196e+01 +3.263957196e+01 +1.6262e+00 +2.9846e+00
134 +6.866839111e+00 +6.866839111e+00 +2.861683911e+01 +2.861683911e+01 +1.4183e+00 +3.3291e+00
144 +6.245688546e+00 +6.245688546e+00 +2.799568855e+01 +2.799568855e+01 +2.3832e+00 +3.0402e+00
149 +5.915735173e+00 +5.915735173e+00 +2.766573517e+01 +2.766573517e+01 +1.0980e+00 +2.9853e+00
178 +2.929797354e+00 +2.929797354e+00 +2.467979735e+01 +2.467979735e+01 +1.8178e+00 +2.9307e+00
561 +2.318679374e+00 +2.318679374e+00 +2.406867937e+01 +2.406867937e+01 +4.1485e+00 +1.1171e+00
570 +1.535814456e+00 +1.535814456e+00 +2.328581446e+01 +2.328581446e+01 +3.9783e+00 +9.8590e-01
576 +9.754008090e-08 +9.754008090e-08 +2.175000010e+01 +2.175000010e+01 +3.7767e+00 +9.0216e-01
843 +9.409369639e-08 +9.409369639e-08 +2.175000009e+01 +2.175000009e+01 +3.7597e+00 +8.7872e-01
% function evaluation | noise-free fitness - Fopt (6.479000000000e+01) | best noise-free fitness - Fopt | measured fitness | best measured fitness | x1 | x2...
1 +5.431733498e+02 +5.431733498e+02 +6.079633498e+02 +6.079633498e+02 +0.0000e+00 +0.0000e+00
2 +3.383984971e+02 +3.383984971e+02 +4.031884971e+02 +4.031884971e+02 -2.5828e-01 -5.1876e-01
3 +3.248525145e+02 +3.248525145e+02 +3.896425145e+02 +3.896425145e+02 -3.5581e-01 -2.8740e-01
28 +3.050744967e+02 +3.050744967e+02 +3.698644967e+02 +3.698644967e+02 -7.4151e-01 -3.4308e-01
31 +2.511404613e+02 +2.511404613e+02 +3.159304613e+02 +3.159304613e+02 -4.1791e-01 -6.7432e-01
39 +2.452783687e+02 +2.452783687e+02 +3.100683687e+02 +3.100683687e+02 -5.0874e-01 -6.3794e-01
46 +1.484608092e+02 +1.484608092e+02 +2.132508092e+02 +2.132508092e+02 -1.1293e+00 -5.5308e-01
55 +6.962590899e+01 +6.962590899e+01 +1.344159090e+02 +1.344159090e+02 -1.7484e+00 -6.6836e-01
73 +1.956962335e+01 +1.956962335e+01 +8.435962335e+01 +8.435962335e+01 -3.1415e+00 -1.6284e+00
75 +9.659087416e+00 +9.659087416e+00 +7.444908742e+01 +7.444908742e+01 -1.4129e+00 -1.9500e+00
80 +6.303766521e-01 +6.303766521e-01 +6.542037665e+01 +6.542037665e+01 -2.1904e+00 -1.5622e+00
88 +1.054211535e-01 +1.054211535e-01 +6.489542115e+01 +6.489542115e+01 -2.0940e+00 -1.8765e+00
% function evaluation | noise-free fitness - Fopt (-6.173000000000e+01) | best noise-free fitness - Fopt | measured fitness | best measured fitness | x1 | x2...
1 +2.299077405e+01 +2.299077405e+01 -3.873922595e+01 -3.873922595e+01 +0.0000e+00 +0.0000e+00
25 +1.159537912e+01 +1.159537912e+01 -5.013462088e+01 -5.013462088e+01 -1.8660e-01 -4.8100e-01
164 +1.083739571e+01 +1.083739571e+01 -5.089260429e+01 -5.089260429e+01 +1.0793e+00 -1.4717e+00
167 +8.522856263e+00 +8.522856263e+00 -5.320714374e+01 -5.320714374e+01 +6.7873e-01 -2.4844e-01
222 +4.554176846e+00 +4.554176846e+00 -5.717582315e+01 -5.717582315e+01 -3.6060e-02 -1.1287e+00
227 +1.867167220e+00 +1.867167220e+00 -5.986283278e+01 -5.986283278e+01 -6.1000e-02 -2.0451e+00
276 +1.745186140e-01 +1.745186140e-01 -6.155548139e+01 -6.155548139e+01 -9.8787e-01 -2.7752e+00
305 +2.666397952e-02 +2.666397952e-02 -6.170333602e+01 -6.170333602e+01 -1.4685e+00 -3.2551e+00
973 +2.177096325e-02 +2.177096325e-02 -6.170822904e+01 -6.170822904e+01 -1.2816e+00 -3.0418e+00
% function evaluation | noise-free fitness - Fopt (-2.930000000000e+00) | best noise-free fitness - Fopt | measured fitness | best measured fitness | x1 | x2...
1 +3.140591843e+02 +3.140591843e+02 +3.111291843e+02 +3.111291843e+02 +0.0000e+00 +0.0000e+00
2 +1.027861764e+01 +1.027861764e+01 +7.348617637e+00 +7.348617637e+00 +1.8077e+00 -1.8493e+00
4 +3.617870782e+00 +3.617870782e+00 +6.878707818e-01 +6.878707818e-01 +1.9511e+00 -1.9129e+00
367 +2.035052315e+00 +2.035052315e+00 -8.949476852e-01 -8.949476852e-01 +2.1412e+00 -1.3044e+00
658 +2.261169239e-01 +2.261169239e-01 -2.703883076e+00 -2.703883076e+00 +2.5844e+00 +2.7210e+00
% function evaluation | noise-free fitness - Fopt (1.398800000000e+02) | best noise-free fitness - Fopt | measured fitness | best measured fitness | x1 | x2...
1 +4.943309890e+02 +4.943309890e+02 +6.342109890e+02 +6.342109890e+02 +0.0000e+00 +0.0000e+00
26 +9.847968028e+01 +9.847968028e+01 +2.383596803e+02 +2.383596803e+02 -6.0248e-01 +1.3387e+00
49 +1.114024556e+00 +1.114024556e+00 +1.409940246e+02 +1.409940246e+02 -2.6551e-01 +2.6014e+00
162 +1.061577174e+00 +1.061577174e+00 +1.409415772e+02 +1.409415772e+02 +1.2164e+00 +2.4403e+00
206 +9.847968028e-01 +9.847968028e-01 +1.408647968e+02 +1.408647968e+02 +2.2410e+00 +2.5938e+00
213 +3.650956572e-02 +3.650956572e-02 +1.399165096e+02 +1.399165096e+02 +1.6432e+00 +2.4580e+00
% function evaluation | noise-free fitness - Fopt (-2.290200000000e+02) | best noise-free fitness - Fopt | measured fitness | best measured fitness | x1 | x2...
1 +2.903202444e+00 +2.903202444e+00 -2.261167976e+02 -2.261167976e+02 +0.0000e+00 +0.0000e+00
47 +8.145604322e-01 +8.145604322e-01 -2.282054396e+02 -2.282054396e+02 -1.1798e+00 -4.0865e-01
52 +4.968543957e-01 +4.968543957e-01 -2.285231456e+02 -2.285231456e+02 -2.0312e+00 -4.9274e-01
66 +2.008480865e-01 +2.008480865e-01 -2.288191519e+02 -2.288191519e+02 -1.7267e+00 -3.2214e-01
% function evaluation | noise-free fitness - Fopt (6.198000000000e+01) | best noise-free fitness - Fopt | measured fitness | best measured fitness | x1 | x2...
1 +4.459819074e+01 +4.459819074e+01 +1.065781907e+02 +1.065781907e+02 +0.0000e+00 +0.0000e+00
25 +3.619574417e+01 +3.619574417e+01 +9.817574417e+01 +9.817574417e+01 +4.6965e-01 +2.2136e+00
104 +1.424963673e+01 +1.424963673e+01 +7.622963673e+01 +7.622963673e+01 -1.9538e+00 +1.1936e+00
111 +6.052641189e+00 +6.052641189e+00 +6.803264119e+01 +6.803264119e+01 +1.0126e-02 +9.2183e-01
320 +1.836315912e+00 +1.836315912e+00 +6.381631591e+01 +6.381631591e+01 +7.0390e-01 +8.7429e-01
357 +6.765455856e-01 +6.765455856e-01 +6.265654559e+01 +6.265654559e+01 +1.9777e+00 +1.3590e+00
492 +2.706182342e-02 +2.706182342e-02 +6.200706182e+01 +6.200706182e+01 +3.5043e+00 +1.1129e+00
% function evaluation | noise-free fitness - Fopt (-2.359000000000e+01) | best noise-free fitness - Fopt | measured fitness | best measured fitness | x1 | x2...
1 +4.817951666e+02 +4.817951666e+02 +4.582051666e+02 +4.582051666e+02 +0.0000e+00 +0.0000e+00
47 +1.249637019e+01 +1.249637019e+01 -1.109362981e+01 -1.109362981e+01 +1.1183e+00 +3.1836e+00
165 +8.077957297e+00 +8.077957297e+00 -1.551204270e+01 -1.551204270e+01 -2.1498e+00 +5.9768e-01
199 +1.132209063e+00 +1.132209063e+00 -2.245779094e+01 -2.245779094e+01 -3.1793e+00 +4.5080e-01
% function evaluation | noise-free fitness - Fopt (-1.214300000000e+02) | best noise-free fitness - Fopt | measured fitness | best measured fitness | x1 | x2...
1 +1.068860155e+03 +1.068860155e+03 +9.474301549e+02 +9.474301549e+02 +0.0000e+00 +0.0000e+00
97 +1.011654984e+03 +1.011654984e+03 +8.902249845e+02 +8.902249845e+02 +1.3352e+00 -2.0810e+00
99 +1.513090861e+01 +1.513090861e+01 -1.062990914e+02 -1.062990914e+02 +5.7405e+00 -3.0489e+00
142 +4.774696839e+00 +4.774696839e+00 -1.166553032e+02 -1.166553032e+02 +5.5994e+00 -1.1602e+00
423 +4.596087340e+00 +4.596087340e+00 -1.168339127e+02 -1.168339127e+02 +5.4251e+00 -4.5787e-01
429 +4.080684913e+00 +4.080684913e+00 -1.173493151e+02 -1.173493151e+02 +5.0574e+00 -3.3179e-01
450 +3.765855460e+00 +3.765855460e+00 -1.176641445e+02 -1.176641445e+02 +4.2335e+00 +6.9565e-01
466 +2.759626399e-01 +2.759626399e-01 -1.211540374e+02 -1.211540374e+02 +3.8517e+00 +1.6117e+00
813 +4.077388767e-02 +4.077388767e-02 -1.213892261e+02 -1.213892261e+02 +3.2709e+00 +3.3132e+00
1220 +2.129783212e-07 +2.129783212e-07 -1.214299998e+02 -1.214299998e+02 +3.4367e+00 +2.9298e+00
% function evaluation | noise-free fitness - Fopt (-3.364000000000e+01) | best noise-free fitness - Fopt | measured fitness | best measured fitness | x1 | x2...
1 +3.810056473e+02 +3.810056473e+02 +3.473656473e+02 +3.473656473e+02 +0.0000e+00 +0.0000e+00
49 +1.190805850e+02 +1.190805850e+02 +8.544058505e+01 +8.544058505e+01 +7.8564e-01 +6.4359e-01
73 +6.838174882e+01 +6.838174882e+01 +3.474174882e+01 +3.474174882e+01 -3.4048e+00 +3.5786e+00
144 +4.622614070e+01 +4.622614070e+01 +1.258614070e+01 +1.258614070e+01 +4.8711e-01 +3.4393e+00
161 +1.155653517e+01 +1.155653517e+01 -2.208346483e+01 -2.208346483e+01 +4.6459e-01 +3.2291e+00
313 +4.382853399e+00 +4.382853399e+00 -2.925714660e+01 -2.925714660e+01 -9.2236e-01 +3.1704e+00
414 +3.758527380e+00 +3.758527380e+00 -2.988147262e+01 -2.988147262e+01 -2.4793e+00 +4.0377e+00
434 +9.396318451e-01 +9.396318451e-01 -3.270036815e+01 -3.270036815e+01 -1.4958e-01 +2.9386e+00
660 +2.349079613e-01 +2.349079613e-01 -3.340509204e+01 -3.340509204e+01 +2.3626e+00 +1.4793e+00
% function evaluation | noise-free fitness - Fopt (-5.323000000000e+01) | best noise-free fitness - Fopt | measured fitness | best measured fitness | x1 | x2...
1 +4.609922103e+01 +4.609922103e+01 -7.130778968e+00 -7.130778968e+00 +0.0000e+00 +0.0000e+00
26 +2.392025790e+00 +2.392025790e+00 -5.083797421e+01 -5.083797421e+01 +2.1600e+00 +2.0820e+00
302 +2.118726978e+00 +2.118726978e+00 -5.111127302e+01 -5.111127302e+01 -1.1375e+00 -4.1905e+00
376 +1.683268587e+00 +1.683268587e+00 -5.154673141e+01 -5.154673141e+01 -3.1182e-01 -2.4282e+00
381 +5.980064474e-01 +5.980064474e-01 -5.263199355e+01 -5.263199355e+01 -5.9718e-01 -2.7870e+00
387 +1.495016118e-01 +1.495016118e-01 -5.308049839e+01 -5.308049839e+01 -2.7130e-01 -2.1688e+00
1024 +2.392025790e-02 +2.392025790e-02 -5.320607974e+01 -5.320607974e+01 +6.5414e-02 -1.6284e+00
% function evaluation | noise-free fitness - Fopt (-3.280000000000e+01) | best noise-free fitness - Fopt | measured fitness | best measured fitness | x1 | x2...
1 +6.461911431e+01 +6.461911431e+01 +3.181911431e+01 +3.181911431e+01 +0.0000e+00 +0.0000e+00
25 +4.910846037e+01 +4.910846037e+01 +1.630846037e+01 +1.630846037e+01 +1.8112e+00 +5.2126e-01
73 +2.584764572e+00 +2.584764572e+00 -3.021523543e+01 -3.021523543e+01 +2.9859e+00 +6.5270e-02
210 +1.125581018e+00 +1.125581018e+00 -3.167441898e+01 -3.167441898e+01 +1.1445e+00 -5.2287e-01
371 +1.005255684e+00 +1.005255684e+00 -3.179474432e+01 -3.179474432e+01 +8.9990e-02 -9.4290e-01
375 +1.242324503e-01 +1.242324503e-01 -3.267576755e+01 -3.267576755e+01 +1.2342e+00 -4.4839e-01
1004 +4.045221423e-02 +4.045221423e-02 -3.275954779e+01 -3.275954779e+01 +2.7217e+00 +1.4163e-01
