% function evaluation | noise-free fitness - Fopt (-9.210000000000e+00) | best noise-free fitness - Fopt | measured fitness | best measured fitness | x1 | x2...
1 +2.043476306e+02 +2.043476306e+02 +1.951376306e+02 +1.951376306e+02 +0.0000e+00 +0.0000e+00 +0.0000e+00 +0.0000e+00 +0.0000e+00 +0.0000e+00 +0.0000e+00 +0.0000e+00 +0.0000e+00 +0.0000e+00
185 +1.956169700e+02 +1.956169700e+02 +1.864069700e+02 +1.864069700e+02 -7.9590e-01 +1.3079e+00 +4.9926e+00 -1.9126e+00 -3.7526e-01 +2.5313e+00 -2.2185e+00 -2.5650e-01 +2.1226e+00 +1.1111e+00
200 +1.846641476e+02 +1.846641476e+02 +1.754541476e+02 +1.754541476e+02 -1.1683e+00 +2.0601e+00 +6.1779e+00 -2.0855e+00 -5.9459e-01 +2.4442e+00 -9.6338e-01 +8.9845e-01 +1.5861e+00 +9.2897e-01
217 +1.756202581e+02 +1.756202581e+02 +1.664102581e+02 +1.664102581e+02 -2.1667e-01 +1.1197e+00 +4.4140e+00 -3.2315e-01 -3.2253e-01 +3.3310e+00 -2.1617e+00 -3.4662e-01 +4.1303e+00 +1.1905e+00
223 +1.637651998e+02 +1.637651998e+02 +1.545551998e+02 +1.545551998e+02 -7.6929e-01 +6.0169e-01 +4.7275e+00 -5.0805e-01 -1.9349e+00 +1.8294e+00 -2.0491e+00 +1.1566e+00 +3.7583e+00 +4.6965e-01
227 +1.396977847e+02 +1.396977847e+02 +1.304877847e+02 +1.304877847e+02 -2.9982e-01 +7.2023e-01 +2.7853e+00 -2.8479e+00 -4.0618e-02 +3.0946e+00 -1.9632e+00 +9.6070e-01 +2.5271e+00 -3.8061e+00
254 +1.344778145e+02 +1.344778145e+02 +1.252678145e+02 +1.252678145e+02 -8.8186e-01 +9.9686e-01 +3.3512e+00 +3.4166e-01 -1.6183e+00 +4.0418e+00 -8.4962e-01 +1.6115e+00 +8.0368e+00 +3.2079e-02
267 +1.092513299e+02 +1.092513299e+02 +1.000413299e+02 +1.000413299e+02 -7.4986e-01 -2.9287e-01 +4.6042e+00 -1.6796e-02 -1.4272e+00 +5.3910e+00 -1.1391e+00 -8.0039e-01 +4.3114e+00 -4.3344e+00
290 +7.143188131e+01 +7.143188131e+01 +6.222188131e+01 +6.222188131e+01 -2.9515e+00 +2.1174e+00 +5.2356e+00 +3.6154e-01 -2.3861e+00 +3.3331e+00 +1.1323e+00 +5.2062e+00 +5.3181e+00 -3.1452e+00
310 +5.048986472e+01 +5.048986472e+01 +4.127986472e+01 +4.127986472e+01 +1.1932e+00 +8.7911e-01 +3.0706e+00 -8.8904e-01 -2.8426e+00 +2.1019e+00 +5.2078e+00 +3.4927e+00 +8.8094e+00 -7.2533e+00
322 +4.818313019e+01 +4.818313019e+01 +3.897313019e+01 +3.897313019e+01 -3.8205e+00 +4.9365e+00 +6.5378e+00 +1.4395e+00 -4.3821e+00 +5.1603e+00 +2.4799e-01 +3.8130e+00 +4.9073e+00 -9.0250e+00
352 +4.593688155e+01 +4.593688155e+01 +3.672688155e+01 +3.672688155e+01 -2.3552e+00 +2.3461e+00 +4.6769e+00 +6.0754e-01 -2.4735e+00 +4.6914e+00 +2.0061e+00 +4.4802e+00 +6.1857e+00 -8.4734e+00
358 +4.368146419e+01 +4.368146419e+01 +3.447146419e+01 +3.447146419e+01 -2.9768e+00 -3.5063e-01 +4.9661e+00 -1.9761e-01 -6.2836e+00 +7.3157e+00 +2.6422e+00 +9.1230e+00 +4.1482e+00 -1.0442e+01
374 +3.910490902e+01 +3.910490902e+01 +2.989490902e+01 +2.989490902e+01 -4.4974e+00 +2.5157e+00 +6.2759e+00 +9.9276e-01 -2.9798e+00 +5.6957e+00 +3.4055e+00 +4.2087e+00 +9.1814e+00 -8.1263e+00
377 +3.209910093e+01 +3.209910093e+01 +2.288910093e+01 +2.288910093e+01 -1.6202e+00 -1.7694e+00 +4.3712e+00 +2.0468e+00 -5.7834e+00 +2.4054e+00 +5.7353e+00 +5.0412e+00 +6.9830e+00 -8.4313e+00
379 +2.994527713e+01 +2.994527713e+01 +2.073527713e+01 +2.073527713e+01 -5.7211e+00 +5.0301e+00 +7.4224e+00 +2.8625e+00 -1.1176e+00 +7.3130e+00 +5.3612e+00 +5.5113e+00 +4.6082e+00 -4.9218e+00
389 +2.832123031e+01 +2.832123031e+01 +1.911123031e+01 +1.911123031e+01 -3.1127e+00 +5.0254e+00 +6.9691e+00 +2.4141e-01 -6.8955e+00 +7.5238e+00 +6.4633e+00 +3.3392e+00 +1.2593e+01 -9.4777e+00
393 +2.119532644e+01 +2.119532644e+01 +1.198532644e+01 +1.198532644e+01 -3.0373e+00 +3.6441e+00 +4.0338e+00 +4.5351e-01 -9.0879e+00 +6.9319e+00 +7.2745e+00 +5.1946e+00 +1.6278e+01 -2.0664e+01
404 +2.070758605e+01 +2.070758605e+01 +1.149758605e+01 +1.149758605e+01 -3.3915e+00 +1.1339e+00 +1.0651e+01 +3.0619e+00 -3.8689e+00 +1.0278e+01 +6.6205e+00 +8.7789e+00 +1.2743e+01 -2.6168e+01
418 +1.892294986e+01 +1.892294986e+01 +9.712949859e+00 +9.712949859e+00 -3.1259e+00 +2.6997e+00 +6.6686e+00 +1.3674e+00 -6.6137e+00 +8.5310e+00 +6.4613e+00 +7.6506e+00 +1.1704e+01 -1.5688e+01
427 +1.293187659e+01 +1.293187659e+01 +3.721876593e+00 +3.721876593e+00 +1.2014e+00 +5.3183e+00 +6.9490e+00 +1.8237e+00 -9.4268e+00 +9.9612e+00 +1.3927e+01 +4.6180e+00 +1.4668e+01 -1.5032e+01
452 +1.079151700e+01 +1.079151700e+01 +1.581517002e+00 +1.581517002e+00 +3.5196e+00 +3.3290e+00 +1.6536e+01 +1.6799e+00 -1.1515e+01 +1.2794e+01 +6.6567e+00 +1.5303e+01 +1.3884e+01 -1.5180e+01
453 +8.793575091e+00 +8.793575091e+00 -4.164249090e-01 -4.164249090e-01 -2.6703e-01 +4.7334e+00 +8.8214e+00 +3.5229e+00 -9.0047e+00 +9.6775e+00 +1.1716e+01 +1.5348e+01 +1.2623e+01 -1.2125e+01
469 +5.117106996e+00 +5.117106996e+00 -4.092893004e+00 -4.092893004e+00 -1.1711e-01 +9.4030e+00 +8.0732e+00 +6.6551e+00 -1.2348e+01 +1.2760e+01 +1.2098e+01 +1.1267e+01 +1.4203e+01 -7.7521e+00
478 +2.769000480e+00 +2.769000480e+00 -6.440999520e+00 -6.440999520e+00 +7.5529e+00 +2.8561e+00 +1.2693e+01 +6.1915e+00 -1.5717e+01 +5.1422e+00 +1.3341e+01 +2.0287e+01 +2.9692e+01 -1.8558e+01
491 +1.409564650e+00 +1.409564650e+00 -7.800435350e+00 -7.800435350e+00 +1.3616e+01 +4.5989e+00 +1.0131e+01 +1.0087e+01 -1.3283e+01 +4.7519e+00 +1.8535e+01 +1.3671e+01 +2.0828e+01 -1.9752e+01
506 +4.031881467e-01 +4.031881467e-01 -8.806811853e+00 -8.806811853e+00 +4.5968e+00 +6.0907e+00 +1.1486e+01 +5.4429e+00 -1.0969e+01 +7.2739e+00 +1.4021e+01 +1.4768e+01 +2.0977e+01 -1.5876e+01
515 +0.000000000e+00 +0.000000000e+00 -9.210000000e+00 -9.210000000e+00 +7.4640e+00 +6.3530e+00 +1.0716e+01 +6.2893e+00 -5.6399e+00 +6.3687e+00 +1.3519e+01 +5.6372e+00 +2.0011e+01 -1.6181e+01
% function evaluation | noise-free fitness - Fopt (6.559900000000e+02) | best noise-free fitness - Fopt | measured fitness | best measured fitness | x1 | x2...
1 +2.043476306e+02 +2.043476306e+02 +8.603376306e+02 +8.603376306e+02 +0.0000e+00 +0.0000e+00 +0.0000e+00 +0.0000e+00 +0.0000e+00 +0.0000e+00 +0.0000e+00 +0.0000e+00 +0.0000e+00 +0.0000e+00
136 +2.005298132e+02 +2.005298132e+02 +8.565198132e+02 +8.565198132e+02 +4.6450e-02 +2.9820e+00 +1.2453e+00 +2.5916e+00 -5.4029e+00 +4.6903e+00 -2.5214e+00 -3.8397e+00 -1.1485e+00 -9.4825e-01
158 +1.962364729e+02 +1.962364729e+02 +8.522264729e+02 +8.522264729e+02 +1.5910e-01 +3.1975e+00 +2.6409e+00 +2.9055e+00 -4.3567e+00 +3.8334e+00 -1.4027e+00 -4.7840e+00 -3.3638e+00 -8.0053e-01
159 +1.908107567e+02 +1.908107567e+02 +8.468007567e+02 +8.468007567e+02 -4.3051e-01 +2.5151e+00 +1.3858e+00 +1.9965e+00 -5.8050e+00 +3.7792e+00 -3.4992e+00 -3.9878e+00 -1.3548e+00 -1.2069e+00
168 +1.749017904e+02 +1.749017904e+02 +8.308917904e+02 +8.308917904e+02 +5.5061e-01 +2.3042e+00 +1.0737e+00 +2.9810e+00 -5.0739e+00 +3.0095e+00 -3.0004e+00 -3.5472e+00 -1.6607e+00 -1.8623e+00
180 +1.536103859e+02 +1.536103859e+02 +8.096003859e+02 +8.096003859e+02 -3.9388e-02 +3.7532e+00 +5.4978e-01 +3.5714e+00 -5.4468e+00 +3.1992e+00 -3.7026e+00 -2.7613e+00 -4.5604e+00 -1.0489e+00
209 +1.511934957e+02 +1.511934957e+02 +8.071834957e+02 +8.071834957e+02 +8.2658e-01 +3.7808e+00 +1.2825e+00 +1.9744e+00 -5.7617e+00 +2.2028e+00 -3.7977e+00 -3.4829e+00 -3.8351e+00 -2.2658e+00
212 +1.451823568e+02 +1.451823568e+02 +8.011723568e+02 +8.011723568e+02 -7.6722e-01 +3.6406e+00 +6.2029e-01 +3.0145e+00 -6.8205e+00 +3.5632e+00 -2.6192e+00 -4.0145e+00 -3.7307e+00 -4.1091e+00
222 +1.393756961e+02 +1.393756961e+02 +7.953656961e+02 +7.953656961e+02 +9.1829e-01 +1.6171e+00 +3.8093e-01 +3.4826e+00 -5.8160e+00 +2.5067e+00 -1.0302e+00 -1.5605e+00 -1.1551e+00 -6.0883e+00
225 +1.282153989e+02 +1.282153989e+02 +7.842053989e+02 +7.842053989e+02 +1.2134e+00 +2.2430e+00 +1.1567e+00 +2.5799e+00 -5.5137e+00 +1.2132e+00 -3.0351e+00 -3.3280e+00 -2.7277e+00 -4.9378e+00
226 +1.094504144e+02 +1.094504144e+02 +7.654404144e+02 +7.654404144e+02 -1.3433e-01 +2.2044e+00 +1.0779e+00 +3.6534e+00 -5.6182e+00 +2.4833e+00 -4.3342e+00 -3.6721e+00 -5.5198e+00 -7.4137e+00
256 +1.017867173e+02 +1.017867173e+02 +7.577767173e+02 +7.577767173e+02 +1.9691e+00 +3.4532e+00 +7.8898e-01 +4.1587e+00 -4.7724e+00 +3.8306e+00 -4.5866e+00 +3.3362e-01 -4.1892e+00 -4.2170e+00
272 +9.159530582e+01 +9.159530582e+01 +7.475853058e+02 +7.475853058e+02 +2.8092e-01 +4.7617e+00 +4.5346e-01 +3.4260e+00 -7.1034e+00 +1.8285e+00 -5.9702e+00 -1.2120e+00 -1.1925e+01 -6.3690e+00
290 +8.939944419e+01 +8.939944419e+01 +7.453894442e+02 +7.453894442e+02 -2.6916e-01 +1.4741e+00 +1.3225e+00 +4.7144e+00 -5.2268e+00 +1.5766e+00 -5.1824e+00 -1.8345e+00 -8.8056e+00 -6.5833e+00
295 +7.677905931e+01 +7.677905931e+01 +7.327690593e+02 +7.327690593e+02 +1.0164e-01 +1.8160e+00 +1.2943e+00 +3.6376e+00 -4.7931e+00 -3.1263e+00 -7.8242e+00 +2.8655e-01 -4.7657e+00 -3.7737e+00
314 +6.128452597e+01 +6.128452597e+01 +7.172745260e+02 +7.172745260e+02 -1.4966e+00 -7.0146e-01 +1.4537e+00 +6.0143e+00 -5.2751e+00 -2.6548e+00 -4.9273e+00 +4.4903e-02 -1.5015e+01 -8.6826e+00
315 +5.629809289e+01 +5.629809289e+01 +7.122880929e+02 +7.122880929e+02 +1.2446e+00 +3.2867e+00 +3.4821e+00 +4.3412e+00 -3.2793e+00 -3.5703e+00 -6.7096e+00 +2.2734e+00 -8.0922e+00 -7.9994e+00
337 +4.782519334e+01 +4.782519334e+01 +7.038151933e+02 +7.038151933e+02 -1.5233e-01 +1.7015e-01 +6.2849e-01 +7.7977e+00 -3.0428e+00 -4.4230e+00 -6.9172e+00 +2.5038e+00 -1.5793e+01 -4.5877e+00
352 +4.521285824e+01 +4.521285824e+01 +7.012028582e+02 +7.012028582e+02 -3.2667e+00 +1.7051e+00 +1.2862e+00 +5.3998e+00 -6.7071e+00 -3.3675e+00 -5.2156e+00 +3.0094e+00 -1.1212e+01 -9.3435e+00
354 +4.347744094e+01 +4.347744094e+01 +6.994674409e+02 +6.994674409e+02 -2.6554e+00 -1.3931e+00 -2.5325e+00 +3.1509e+00 -1.0351e+01 -2.2834e+00 -2.1344e+00 +5.8083e+00 -1.8021e+01 -1.3435e+01
364 +2.579585816e+01 +2.579585816e+01 +6.817858582e+02 +6.817858582e+02 +2.1509e-01 +2.4674e+00 -1.0261e-01 +5.3428e+00 -3.9098e+00 -5.7231e+00 -5.2913e+00 +4.9727e+00 -1.2823e+01 -1.2263e+01
378 +1.813971056e+01 +1.813971056e+01 +6.741297106e+02 +6.741297106e+02 +5.5194e+00 +3.2285e+00 -4.9656e-01 +7.3579e+00 -1.0507e+01 -6.2628e+00 -1.1723e+01 +1.5244e+01 -1.3232e+01 -1.7475e+01
380 +1.006004461e+01 +1.006004461e+01 +6.660500446e+02 +6.660500446e+02 +1.0558e-01 -3.3559e+00 -3.1762e+00 +5.7098e+00 -1.5287e+01 -1.8537e+01 -9.2667e+00 +5.2453e+00 -2.9552e+01 -1.1871e+01
420 +6.533486657e+00 +6.533486657e+00 +6.625234867e+02 +6.625234867e+02 +7.6496e+00 +5.8641e-02 -1.0540e+01 +8.5049e+00 -6.0397e+00 -1.8620e+01 -1.0314e+01 +2.4103e+01 -2.5572e+01 -2.0111e+01
462 +4.285395130e+00 +4.285395130e+00 +6.602753951e+02 +6.602753951e+02 +9.5285e+00 -2.7585e+00 -4.7610e+00 +4.5397e+00 -1.0290e+01 -1.5285e+01 -1.2300e+01 +2.0686e+01 -2.1955e+01 -2.5362e+01
464 +0.000000000e+00 +0.000000000e+00 +6.559900000e+02 +6.559900000e+02 +7.3041e+00 -8.9258e+00 -1.2716e+01 +6.1549e+00 -7.5002e+00 -1.2766e+01 -2.9241e+01 +2.7783e+01 -2.6781e+01 -3.2567e+01
% function evaluation | noise-free fitness - Fopt (6.671000000000e+01) | best noise-free fitness - Fopt | measured fitness | best measured fitness | x1 | x2...
1 +2.043476306e+02 +2.043476306e+02 +2.710576306e+02 +2.710576306e+02 +0.0000e+00 +0.0000e+00 +0.0000e+00 +0.0000e+00 +0.0000e+00 +0.0000e+00 +0.0000e+00 +0.0000e+00 +0.0000e+00 +0.0000e+00
2 +1.499224508e+02 +1.499224508e+02 +2.166324508e+02 +2.166324508e+02 +7.9512e-02 -5.4452e+00 +3.0999e-01 -3.4809e-02 -1.2454e+00 -1.3223e+00 -5.0219e-02 -7.5075e-01 +3.3070e+00 -1.9587e+00
4 +1.463811308e+02 +1.463811308e+02 +2.130911308e+02 +2.130911308e+02 -8.7425e-02 -5.6082e+00 +2.5251e-01 -1.1233e-01 -1.4979e+00 -1.3306e+00 -2.5390e-01 -9.0317e-01 +3.4037e+00 -1.9752e+00
26 +1.419283190e+02 +1.419283190e+02 +2.086383190e+02 +2.086383190e+02 +6.4132e-02 -5.5120e+00 +2.6477e-01 -6.5397e-03 -1.4883e+00 -1.2571e+00 -4.8654e-01 -9.6347e-01 +3.3859e+00 -2.2608e+00
51 +1.410642452e+02 +1.410642452e+02 +2.077742452e+02 +2.077742452e+02 +2.0790e-02 -5.6770e+00 +2.1068e-01 -5.2761e-02 -1.5789e+00 -9.3256e-01 -2.0387e-01 -9.6501e-01 +3.7365e+00 -2.0608e+00
70 +1.350771711e+02 +1.350771711e+02 +2.017871711e+02 +2.017871711e+02 -1.2222e-01 -5.7625e+00 +1.0977e-01 +2.4521e-02 -1.4824e+00 -1.1610e+00 -3.9138e-01 -1.1158e+00 +3.8030e+00 -2.4917e+00
90 +1.233196055e+02 +1.233196055e+02 +1.900296055e+02 +1.900296055e+02 +3.7635e-01 -6.1854e+00 +1.2880e-01 +1.9996e-01 -1.5225e+00 -1.0339e+00 -4.0249e-01 -1.0422e+00 +4.4139e+00 -3.1919e+00
116 +1.222483762e+02 +1.222483762e+02 +1.889583762e+02 +1.889583762e+02 +2.5268e-01 -6.5820e+00 +4.9008e-01 -1.2132e-01 -2.2042e+00 -1.0634e+00 -4.9489e-01 -1.1059e+00 +4.5478e+00 -3.0523e+00
123 +1.194918694e+02 +1.194918694e+02 +1.862018694e+02 +1.862018694e+02 +9.8703e-02 -5.5596e+00 +1.6691e-01 +5.6660e-01 -1.9677e+00 -1.2083e+00 -1.9234e-01 -7.5857e-01 +4.7379e+00 -3.4297e+00
139 +1.118546223e+02 +1.118546223e+02 +1.785646223e+02 +1.785646223e+02 -3.8313e-01 -5.8590e+00 +8.6189e-02 -2.3643e-02 -1.7113e+00 -8.1679e-01 -8.8963e-01 -1.4801e+00 +5.5936e+00 -3.2305e+00
157 +1.053911334e+02 +1.053911334e+02 +1.721011334e+02 +1.721011334e+02 +1.0004e-01 -5.5370e+00 +3.4684e-02 +4.2830e-01 -1.1606e+00 -8.2988e-01 -5.4374e-01 -1.1474e+00 +5.8632e+00 -4.3371e+00
167 +9.814134255e+01 +9.814134255e+01 +1.648513425e+02 +1.648513425e+02 +4.7616e-02 -6.0572e+00 +4.3479e-01 +6.9114e-01 -2.3306e+00 -1.4719e+00 -3.9918e-01 -1.2129e+00 +5.5164e+00 -5.1929e+00
182 +9.298117474e+01 +9.298117474e+01 +1.596911747e+02 +1.596911747e+02 -7.1171e-01 -6.6523e+00 -6.9086e-01 +4.7251e-01 -2.4546e+00 -1.1959e-01 -9.3209e-01 -1.3262e+00 +4.4470e+00 -4.8918e+00
192 +9.111483714e+01 +9.111483714e+01 +1.578248371e+02 +1.578248371e+02 +9.4028e-01 -5.1268e+00 -6.1259e-01 +1.5091e-01 -2.9128e+00 -5.8494e-01 -9.0680e-01 -1.2416e+00 +6.0207e+00 -5.9005e+00
208 +8.015501537e+01 +8.015501537e+01 +1.468650154e+02 +1.468650154e+02 +3.9044e-02 -5.8439e+00 -6.0336e-01 +8.5976e-01 -1.3399e+00 +1.4849e-01 -1.4280e+00 -2.5541e+00 +6.5337e+00 -5.9727e+00
224 +7.142975878e+01 +7.142975878e+01 +1.381397588e+02 +1.381397588e+02 +1.0632e-01 -6.1716e+00 -6.6823e-01 +2.6184e+00 -1.9194e+00 -2.1904e-01 -7.1062e-01 -3.8776e+00 +6.8359e+00 -6.7736e+00
232 +6.861845260e+01 +6.861845260e+01 +1.353284526e+02 +1.353284526e+02 -1.3046e+00 -4.4680e+00 -2.0310e+00 +1.6083e+00 -1.8125e+00 +1.4433e-01 -7.9338e-01 -3.9773e+00 +7.4246e+00 -8.4715e+00
266 +5.234448878e+01 +5.234448878e+01 +1.190544888e+02 +1.190544888e+02 +9.4163e-02 -6.4720e+00 -9.1766e-01 -7.5562e-01 -1.1958e+00 +1.4573e+00 -3.9824e+00 -5.5363e+00 +8.8411e+00 -5.1016e+00
268 +4.879406146e+01 +4.879406146e+01 +1.155040615e+02 +1.155040615e+02 -1.2835e+00 -6.9113e+00 -7.8898e-01 +4.2007e+00 -2.2685e+00 +2.6625e+00 -2.4334e+00 -3.5960e+00 +9.8690e+00 -6.6847e+00
291 +4.745205214e+01 +4.745205214e+01 +1.141620521e+02 +1.141620521e+02 -1.9064e-01 -6.8236e+00 -2.2438e+00 +5.4515e+00 -1.6786e+00 -8.4153e-01 -3.3175e+00 -5.0376e+00 +1.1557e+01 -1.1921e+01
295 +3.274061336e+01 +3.274061336e+01 +9.945061336e+01 +9.945061336e+01 +5.1877e-01 -8.0111e+00 -1.6966e+00 +2.2474e+00 -3.2048e+00 +2.0710e+00 -4.9441e+00 -7.4802e+00 +1.2080e+01 -1.0277e+01
323 +2.528425095e+01 +2.528425095e+01 +9.199425095e+01 +9.199425095e+01 +1.9129e-02 -8.6548e+00 -2.2127e+00 +7.7991e+00 -1.6571e+00 +3.3955e+00 -4.8820e+00 -8.7636e+00 +6.8786e+00 -8.4752e+00
332 +2.374766030e+01 +2.374766030e+01 +9.045766030e+01 +9.045766030e+01 -2.3283e+00 -6.2032e+00 -5.7657e+00 +5.5415e+00 -1.3316e+00 +3.8190e+00 -3.5729e+00 -8.4751e+00 +1.2571e+01 -2.0715e+01
337 +1.948781020e+01 +1.948781020e+01 +8.619781020e+01 +8.619781020e+01 -4.5951e+00 -3.9696e+00 -6.0862e+00 +5.7960e+00 +6.6624e-01 +4.7180e+00 -4.7906e+00 -8.0894e+00 +1.7729e+01 -1.5384e+01
351 +1.230221770e+01 +1.230221770e+01 +7.901221770e+01 +7.901221770e+01 -1.3413e+00 -9.0113e+00 -8.8091e-01 +6.1348e+00 -4.3630e+00 +5.9485e+00 -5.0487e+00 -7.3059e+00 +2.0604e+01 -1.4880e+01
363 +8.158269678e+00 +8.158269678e+00 +7.486826968e+01 +7.486826968e+01 -2.0302e+00 -5.3839e+00 -2.6237e+00 +1.2419e+01 -4.5599e+00 +7.8567e+00 -5.9248e+00 -9.0571e+00 +2.3324e+01 -1.6047e+01
371 +4.078978577e+00 +4.078978577e+00 +7.078897858e+01 +7.078897858e+01 -9.2102e-01 -7.1134e+00 -5.8456e+00 +6.4936e+00 -6.4502e+00 +5.4349e+00 -6.4043e+00 -7.6643e+00 +3.0273e+01 -1.4508e+01
418 +2.713316395e+00 +2.713316395e+00 +6.942331639e+01 +6.942331639e+01 -2.2867e+00 -5.3381e+00 -7.5428e+00 +9.6901e+00 -9.2193e+00 +1.1852e+01 -1.2086e+01 -9.5194e+00 +1.7228e+01 -1.5589e+01
427 +1.505258084e+00 +1.505258084e+00 +6.821525808e+01 +6.821525808e+01 -3.8988e+00 -4.6871e+00 -9.2342e+00 +1.5738e+01 -2.4504e+01 +1.4177e+01 -1.4439e+01 -1.0690e+01 +1.6380e+01 -1.7674e+01
443 +1.319049978e-01 +1.319049978e-01 +6.684190500e+01 +6.684190500e+01 -1.0828e+01 -4.8979e+00 -7.4007e+00 +1.5053e+01 -1.6259e+01 +8.9019e+00 -1.4204e+01 -8.5614e+00 +1.3844e+01 -2.4889e+01
462 +0.000000000e+00 +0.000000000e+00 +6.671000000e+01 +6.671000000e+01 -5.3766e+00 -6.8082e+00 -1.2740e+01 +1.1171e+01 -1.3117e+01 +1.2816e+01 -1.0114e+01 -8.7235e+00 +2.0005e+01 -1.5059e+01
% function evaluation | noise-free fitness - Fopt (9.416700000000e+02) | best noise-free fitness - Fopt | measured fitness | best measured fitness | x1 | x2...
1 +2.043476306e+02 +2.043476306e+02 +1.146017631e+03 +1.146017631e+03 +0.0000e+00 +0.0000e+00 +0.0000e+00 +0.0000e+00 +0.0000e+00 +0.0000e+00 +0.0000e+00 +0.0000e+00 +0.0000e+00 +0.0000e+00
143 +2.033113758e+02 +2.033113758e+02 +1.144981376e+03 +1.144981376e+03 -1.3547e+00 +1.4622e+00 -1.2529e+00 -4.2852e-01 -1.4225e+00 -2.2215e+00 -6.0398e-01 +1.5702e+00 -1.6875e+00 -1.2316e+00
157 +1.978713202e+02 +1.978713202e+02 +1.139541320e+03 +1.139541320e+03 -2.2222e+00 +6.0307e-01 -1.0863e+00 -1.1245e+00 -5.3830e-01 -3.0328e+00 -3.3497e-01 +2.6523e+00 -4.6154e-01 -1.4789e+00
159 +1.876102910e+02 +1.876102910e+02 +1.129280291e+03 +1.129280291e+03 -1.5882e-01 +3.7959e-01 -1.3465e+00 -8.0051e-02 -6.7462e-01 -1.8473e+00 -1.6656e-01 +1.6801e+00 -1.9972e+00 -3.5734e+00
172 +1.836361687e+02 +1.836361687e+02 +1.125306169e+03 +1.125306169e+03 -1.5175e+00 +1.8441e+00 -2.0453e+00 -8.0003e-01 -1.4003e+00 -2.6714e+00 +7.0847e-01 +3.1568e+00 -1.7828e+00 -4.9230e+00
181 +1.746696940e+02 +1.746696940e+02 +1.116339694e+03 +1.116339694e+03 +6.4805e-01 +1.5809e+00 -2.5086e+00 -2.3516e-01 -1.2392e+00 -2.8008e+00 +3.5960e-01 +2.1075e+00 -1.4105e+00 -4.8769e+00
182 +1.649271824e+02 +1.649271824e+02 +1.106597182e+03 +1.106597182e+03 -1.6427e+00 +1.2510e+00 -1.1781e+00 -8.1859e-01 -8.8270e-01 -9.8305e-01 -1.0760e+00 +2.1602e+00 +2.2455e-01 -4.3350e+00
186 +1.604906325e+02 +1.604906325e+02 +1.102160632e+03 +1.102160632e+03 -1.5421e+00 +1.6196e+00 -1.0252e-01 -7.7178e-01 -1.1560e+00 -3.4894e+00 -3.8628e-02 +1.6243e+00 -3.9250e-01 -4.3081e+00
208 +1.524286421e+02 +1.524286421e+02 +1.094098642e+03 +1.094098642e+03 -1.3010e+00 -3.1889e-01 -1.9007e+00 -6.1728e-01 -1.5786e+00 -2.0231e+00 +1.6407e-01 -6.2120e-01 -1.2811e+00 -7.2517e+00
220 +1.494828709e+02 +1.494828709e+02 +1.091152871e+03 +1.091152871e+03 -1.0817e+00 +8.6677e-01 -1.5354e+00 -7.1104e-01 -1.3518e+00 -2.5593e+00 -8.2821e-01 +9.5068e-01 -2.7232e-01 -5.2064e+00
223 +1.379341979e+02 +1.379341979e+02 +1.079604198e+03 +1.079604198e+03 -1.5587e+00 +2.0439e-01 +2.3585e-01 -1.2659e-01 +3.5392e-02 -3.2740e+00 -1.7511e+00 -3.2049e-02 -6.4447e-01 -5.9571e+00
237 +1.241010624e+02 +1.241010624e+02 +1.065771062e+03 +1.065771062e+03 -1.4439e+00 +2.3545e+00 -2.8133e+00 +3.0153e-01 -3.1823e+00 -4.3803e+00 +3.4267e-01 -7.1958e-01 +1.1064e+00 -7.4884e+00
244 +1.166089926e+02 +1.166089926e+02 +1.058278993e+03 +1.058278993e+03 -1.0120e+00 +2.5367e-01 -1.9681e-01 +6.8466e-01 +3.9099e-02 -3.6965e+00 +8.5784e-01 -4.6779e+00 -1.7178e-01 -6.4616e+00
245 +8.603457923e+01 +8.603457923e+01 +1.027704579e+03 +1.027704579e+03 -2.5918e+00 +1.6060e+00 -9.1343e-01 +9.6769e-01 +2.3632e-01 -4.7151e+00 -1.4760e+00 -3.4613e+00 +6.2437e+00 -3.4632e+00
251 +6.668911814e+01 +6.668911814e+01 +1.008359118e+03 +1.008359118e+03 -1.4832e+00 +1.3069e+00 -1.2119e+00 -4.4442e-02 -3.5005e+00 -2.5093e+00 -3.1429e+00 -3.5652e+00 +4.5542e+00 -6.4754e+00
268 +6.364465516e+01 +6.364465516e+01 +1.005314655e+03 +1.005314655e+03 -2.8149e+00 +1.7981e+00 -7.6847e-01 -1.5014e+00 +1.2911e-01 -2.6042e+00 -3.6711e+00 -7.2043e+00 +5.1252e+00 -6.4399e+00
269 +6.144549300e+01 +6.144549300e+01 +1.003115493e+03 +1.003115493e+03 -5.2625e+00 -1.4328e+00 -6.8661e-01 +9.1598e-01 -1.6048e+00 -3.8205e-01 -2.3047e+00 -5.3531e+00 +9.0717e+00 -8.8155e+00
270 +4.878316511e+01 +4.878316511e+01 +9.904531651e+02 +9.904531651e+02 -6.2322e+00 +1.0875e+00 -1.6524e-01 +1.2066e+00 -2.6117e+00 -5.3019e+00 -5.6007e+00 -4.3600e+00 +3.2371e+00 -5.0031e+00
297 +4.751916564e+01 +4.751916564e+01 +9.891891656e+02 +9.891891656e+02 -5.6332e+00 -9.9453e-03 +7.3782e-01 -2.3873e+00 +1.4865e+00 -6.8845e+00 -7.8140e+00 -1.1737e+01 +1.0734e+01 -9.4568e+00
308 +4.175498120e+01 +4.175498120e+01 +9.834249812e+02 +9.834249812e+02 -4.3198e+00 +8.4740e-01 -1.1609e-01 +1.4648e+00 -4.7938e-01 -3.6663e+00 -5.0600e+00 -6.0221e+00 +8.9886e+00 -8.3014e+00
310 +3.444224823e+01 +3.444224823e+01 +9.761122482e+02 +9.761122482e+02 -3.5673e+00 +1.1351e+00 -3.0895e+00 +1.3183e+00 -6.4289e+00 -3.9817e+00 -7.5044e+00 -1.0044e+01 +1.1393e+01 -2.1169e+01
329 +3.315248968e+01 +3.315248968e+01 +9.748224897e+02 +9.748224897e+02 -7.5160e-01 +1.4154e+00 -9.6593e-01 +1.9261e+00 -6.4174e+00 -5.5599e+00 -4.1287e+00 -7.2464e+00 +9.4763e+00 -1.3654e+01
330 +3.174567827e+01 +3.174567827e+01 +9.734156783e+02 +9.734156783e+02 -3.6996e+00 +8.4523e-01 -6.5956e-02 +2.9882e-01 -3.4485e+00 -5.5264e+00 -6.1265e+00 -1.0126e+01 +9.1679e+00 -1.7687e+01
348 +2.869052718e+01 +2.869052718e+01 +9.703605272e+02 +9.703605272e+02 -5.0522e+00 +1.1813e-01 -1.8537e+00 +5.7882e-02 -5.7995e+00 -5.5847e+00 -5.5668e+00 -1.1727e+01 +1.0649e+01 -1.6918e+01
356 +1.987181349e+01 +1.987181349e+01 +9.615418135e+02 +9.615418135e+02 -6.0035e+00 -3.8750e+00 -4.6306e+00 +3.9074e+00 -7.9239e+00 -6.0640e+00 -1.0759e+01 -1.1848e+01 +1.8418e+01 -2.8555e+01
376 +1.420255440e+01 +1.420255440e+01 +9.558725544e+02 +9.558725544e+02 -8.8336e+00 -3.5566e+00 +2.8124e+00 +5.9258e+00 -4.6797e+00 -2.8302e+00 -1.5489e+01 -1.1054e+01 +2.1030e+01 -2.6038e+01
384 +7.221976283e+00 +7.221976283e+00 +9.488919763e+02 +9.488919763e+02 -3.5437e+00 -5.8159e+00 +1.5436e+00 +1.2843e+01 -5.9379e+00 -7.1055e+00 -1.1861e+01 -2.0840e+01 +3.4962e+01 -1.1095e+01
398 +2.743652202e+00 +2.743652202e+00 +9.444136522e+02 +9.444136522e+02 -9.6470e+00 -4.3448e+00 +1.3271e+01 +6.8803e+00 -4.3181e+00 -8.5548e+00 -1.2780e+01 -2.6796e+01 +3.3174e+01 -4.8371e+01
420 +1.929728120e+00 +1.929728120e+00 +9.435997281e+02 +9.435997281e+02 -4.6074e+00 -3.8098e+00 +1.5018e+01 +1.1348e+01 -8.8864e+00 -1.1898e+01 -9.3068e+00 -3.3806e+01 +3.7980e+01 -8.8640e+01
435 +0.000000000e+00 +0.000000000e+00 +9.416700000e+02 +9.416700000e+02 -1.4916e+01 -1.3774e+01 +1.0153e+01 +1.7131e+01 -1.1403e+01 -1.3025e+01 -1.2991e+01 -2.1117e+01 +2.1408e+01 -2.8530e+01
% function evaluation | noise-free fitness - Fopt (-3.745000000000e+01) | best noise-free fitness - Fopt | measured fitness | best measured fitness | x1 | x2...
1 +2.043476306e+02 +2.043476306e+02 +1.668976306e+02 +1.668976306e+02 +0.0000e+00 +0.0000e+00 +0.0000e+00 +0.0000e+00 +0.0000e+00 +0.0000e+00 +0.0000e+00 +0.0000e+00 +0.0000e+00 +0.0000e+00
113 +2.018944072e+02 +2.018944072e+02 +1.644444072e+02 +1.644444072e+02 +4.2693e+00 +2.5645e+00 -2.8591e+00 -1.9247e+00 +9.0643e-02 +1.6897e+00 -1.4610e+00 -4.2452e+00 -5.2788e+00 +1.1878e+00
126 +1.989242240e+02 +1.989242240e+02 +1.614742240e+02 +1.614742240e+02 +4.7696e+00 +2.4510e+00 -2.8778e+00 -1.0288e+00 -7.3594e-01 +1.6026e+00 -1.6525e+00 -4.1883e+00 -5.3994e+00 +1.6633e+00
136 +1.904457483e+02 +1.904457483e+02 +1.529957483e+02 +1.529957483e+02 +4.6307e+00 +2.4747e+00 -2.5860e+00 -1.5470e+00 -5.8478e-01 +1.9297e+00 -1.5571e+00 -5.3094e+00 -5.4123e+00 +1.7652e+00
147 +1.849715245e+02 +1.849715245e+02 +1.475215245e+02 +1.475215245e+02 +4.7932e+00 +2.7065e+00 -2.9247e+00 -1.6534e+00 -1.7167e-01 +1.7627e+00 -1.1869e+00 -4.0329e+00 -4.4076e+00 +2.1051e+00
159 +1.611918944e+02 +1.611918944e+02 +1.237418944e+02 +1.237418944e+02 +5.4969e+00 +2.7746e+00 -2.8979e+00 -1.0759e+00 -1.9570e-01 +2.7885e+00 -1.2535e+00 -4.8132e+00 -4.0556e+00 +3.4886e+00
179 +1.568584426e+02 +1.568584426e+02 +1.194084426e+02 +1.194084426e+02 +5.3974e+00 +3.0808e+00 -3.3579e+00 -7.4051e-01 +3.0160e-02 +2.7663e+00 -6.3262e-01 -4.7421e+00 -3.7147e+00 +3.5928e+00
182 +1.477718140e+02 +1.477718140e+02 +1.103218140e+02 +1.103218140e+02 +6.2900e+00 +2.9525e+00 -3.7559e+00 -1.6888e+00 +5.4728e-01 +2.4745e+00 -1.2204e+00 -4.7902e+00 -3.8789e+00 +5.7330e+00
201 +1.402053316e+02 +1.402053316e+02 +1.027553316e+02 +1.027553316e+02 +4.1685e+00 +3.4782e+00 -3.1443e+00 -2.7655e+00 -6.2875e-01 +1.9704e+00 -1.1880e+00 -4.6064e+00 -3.3790e+00 +6.2867e+00
237 +1.327311499e+02 +1.327311499e+02 +9.528114994e+01 +9.528114994e+01 +4.5487e+00 +3.3749e+00 -1.7479e+00 -2.1156e+00 -2.0581e-02 +2.6678e+00 -1.8499e-01 -4.3197e+00 -3.0501e+00 +7.0950e+00
247 +1.269797061e+02 +1.269797061e+02 +8.952970612e+01 +8.952970612e+01 +6.6371e+00 +2.6968e+00 -4.2507e+00 -1.4076e+00 -1.1935e+00 +2.7613e+00 +3.3164e-01 -5.4332e+00 -2.8175e+00 +8.5811e+00
260 +1.228951843e+02 +1.228951843e+02 +8.544518432e+01 +8.544518432e+01 +6.2959e+00 +4.3969e+00 -3.5857e+00 -1.6653e+00 -7.1355e-01 +3.5139e+00 +4.5860e-01 -4.1501e+00 -2.3835e+00 +5.5084e+00
273 +1.115536040e+02 +1.115536040e+02 +7.410360404e+01 +7.410360404e+01 +4.8058e+00 +4.7616e+00 -4.0304e+00 -4.2484e+00 -6.2109e-01 +1.3716e+00 -8.5915e-01 -3.7100e+00 +5.8097e-01 +9.6975e+00
297 +9.607093571e+01 +9.607093571e+01 +5.862093571e+01 +5.862093571e+01 +5.2628e+00 +5.6063e+00 -4.2004e+00 -3.3756e+00 -1.9172e+00 +1.8733e+00 +8.8381e-02 -5.0287e+00 +5.2977e-01 +9.6301e+00
298 +9.480125455e+01 +9.480125455e+01 +5.735125455e+01 +5.735125455e+01 +4.4939e+00 +3.3096e+00 -3.8150e+00 -9.2173e-01 -2.8362e+00 +2.0952e+00 +4.1080e-04 -6.3398e+00 +1.2603e+00 +9.0240e+00
310 +9.263289033e+01 +9.263289033e+01 +5.518289033e+01 +5.518289033e+01 +5.3836e+00 +4.9718e+00 -3.8386e+00 -2.4103e+00 -2.7070e+00 +2.6537e+00 -1.1406e+00 -7.1931e+00 +1.2598e+00 +9.7881e+00
311 +8.116571090e+01 +8.116571090e+01 +4.371571090e+01 +4.371571090e+01 +6.2593e+00 +3.8689e+00 -4.3815e+00 -2.1776e-01 -5.0367e+00 +1.2490e+00 +5.0128e-01 -5.0722e+00 +2.4956e+00 +6.6574e+00
314 +7.901741511e+01 +7.901741511e+01 +4.156741511e+01 +4.156741511e+01 +4.3533e+00 +1.3441e+00 -1.8637e+00 -2.0275e+00 -2.5470e+00 +3.4292e+00 -4.7469e-01 -5.0356e+00 +2.6864e+00 +8.0114e+00
315 +6.634303317e+01 +6.634303317e+01 +2.889303317e+01 +2.889303317e+01 +3.8409e+00 +3.4455e+00 -5.2160e+00 -8.7713e-01 -4.7057e+00 +1.4475e+00 +8.8192e-01 -4.9080e+00 +4.4833e+00 +1.3200e+01
321 +6.039913651e+01 +6.039913651e+01 +2.294913651e+01 +2.294913651e+01 +5.5928e+00 +3.2563e+00 -3.1650e+00 -1.3688e+00 -4.4492e+00 +2.2505e+00 -3.4013e-01 -4.9160e+00 +5.9279e+00 +1.3786e+01
341 +5.689844956e+01 +5.689844956e+01 +1.944844956e+01 +1.944844956e+01 +5.2729e+00 +4.0204e+00 -1.1678e+00 -2.4168e+00 -2.7409e+00 +5.3948e-01 +1.2377e+00 -5.4504e+00 +5.1924e+00 +1.0610e+01
346 +5.487701434e+01 +5.487701434e+01 +1.742701434e+01 +1.742701434e+01 +7.9061e+00 +5.1432e+00 -2.0897e+00 -2.5371e-01 -2.9602e+00 +3.1539e+00 +5.8025e-01 -5.6439e+00 +5.6651e+00 +9.9012e+00
360 +4.900362465e+01 +4.900362465e+01 +1.155362465e+01 +1.155362465e+01 +6.7000e+00 +3.5200e+00 -1.7264e+00 -1.0850e+00 -4.9138e+00 +4.1644e+00 -2.1256e-01 -7.2245e+00 +5.6436e+00 +9.5051e+00
363 +4.442444558e+01 +4.442444558e+01 +6.974445582e+00 +6.974445582e+00 +4.2186e+00 +3.3245e+00 -5.2380e-01 -3.1585e-01 -8.0288e+00 +2.8845e+00 +1.8609e+00 -7.9428e+00 +8.6682e+00 +1.1550e+01
380 +3.999975644e+01 +3.999975644e+01 +2.549756437e+00 +2.549756437e+00 +2.8771e+00 +2.1800e+00 -5.5883e+00 -3.0969e+00 -8.3384e+00 +1.5295e+00 +5.3148e+00 -8.5781e+00 +1.1298e+01 +7.9727e+00
384 +3.866280317e+01 +3.866280317e+01 +1.212803168e+00 +1.212803168e+00 +7.3909e+00 +3.5027e+00 -2.3377e+00 +2.2282e+00 -5.3530e+00 +2.5190e+00 +5.9839e+00 -1.0240e+01 +1.3940e+01 +8.9834e+00
406 +2.628728840e+01 +2.628728840e+01 -1.116271160e+01 -1.116271160e+01 +9.2128e+00 +2.4190e+00 +1.2516e+00 +1.8134e+00 -9.2280e+00 +4.4374e+00 +5.6160e+00 -1.0675e+01 +6.6420e+00 +1.8451e+01
424 +2.148170027e+01 +2.148170027e+01 -1.596829973e+01 -1.596829973e+01 +1.0097e+01 +4.8433e+00 -2.2599e-01 -1.9493e+00 -8.3454e+00 +3.3334e+00 +5.0282e+00 -6.9305e+00 +1.6892e+01 +1.2538e+01
464 +2.117582280e+01 +2.117582280e+01 -1.627417720e+01 -1.627417720e+01 +5.5015e+00 +7.4036e+00 +3.4843e+00 +3.6554e+00 -6.4947e+00 +5.9620e+00 +9.3772e+00 -1.5343e+01 +9.1132e+00 +2.1315e+01
466 +9.397583331e+00 +9.397583331e+00 -2.805241667e+01 -2.805241667e+01 +8.8772e+00 +6.4149e-01 +7.4344e+00 -3.2509e+00 -1.0997e+01 +7.8209e+00 +6.4921e+00 -9.3945e+00 +2.8859e+01 +6.8244e+00
481 +8.529754943e+00 +8.529754943e+00 -2.892024506e+01 -2.892024506e+01 +4.9376e+00 +5.7406e+00 +4.7392e+00 -6.1647e+00 -1.0742e+01 +2.7649e+00 +6.9798e+00 -9.2196e+00 +2.5022e+01 +6.3935e+00
488 +5.277312209e+00 +5.277312209e+00 -3.217268779e+01 -3.217268779e+01 +6.4421e+00 +9.8405e+00 +1.8363e+00 -5.5586e+00 -1.0897e+01 +7.3341e+00 +1.1269e+01 -1.4302e+01 +4.0669e+01 +8.0509e+00
505 +0.000000000e+00 +0.000000000e+00 -3.745000000e+01 -3.745000000e+01 +6.0307e+00 +5.0047e+00 +5.9018e+00 -7.6757e+00 -1.6069e+01 +5.5193e+00 +1.0807e+01 -8.3238e+00 +9.2065e+00 +1.7039e+01
% function evaluation | noise-free fitness - Fopt (3.680300000000e+02) | best noise-free fitness - Fopt | measured fitness | best measured fitness | x1 | x2...
1 +2.043476306e+02 +2.043476306e+02 +5.723776306e+02 +5.723776306e+02 +0.0000e+00 +0.0000e+00 +0.0000e+00 +0.0000e+00 +0.0000e+00 +0.0000e+00 +0.0000e+00 +0.0000e+00 +0.0000e+00 +0.0000e+00
2 +1.631709942e+02 +1.631709942e+02 +5.312009942e+02 +5.312009942e+02 -1.6283e+00 -3.8510e+00 +2.2579e+00 -1.1008e+00 -7.3616e-01 -1.4745e+00 +1.1461e+00 +2.3147e+00 -2.8681e+00 -2.0314e+00
10 +1.614231412e+02 +1.614231412e+02 +5.294531412e+02 +5.294531412e+02 -1.7413e+00 -3.8883e+00 +2.2153e+00 -1.3602e+00 -8.1625e-01 -1.3880e+00 +1.1478e+00 +2.3762e+00 -2.9477e+00 -2.0120e+00
24 +1.568611169e+02 +1.568611169e+02 +5.248911169e+02 +5.248911169e+02 -1.8402e+00 -3.9786e+00 +2.2171e+00 -1.0861e+00 -8.2139e-01 -1.7336e+00 +1.1196e+00 +2.5241e+00 -3.2654e+00 -1.9658e+00
48 +1.547218876e+02 +1.547218876e+02 +5.227518876e+02 +5.227518876e+02 -1.8101e+00 -3.9359e+00 +1.9120e+00 -1.3135e+00 -7.6108e-01 -1.7358e+00 +1.1493e+00 +2.5081e+00 -3.6353e+00 -2.0160e+00
68 +1.500745444e+02 +1.500745444e+02 +5.181045444e+02 +5.181045444e+02 -1.5296e+00 -3.8356e+00 +2.2226e+00 -1.0079e+00 -9.1943e-01 -1.8688e+00 +1.4953e+00 +3.2927e+00 -3.9140e+00 -2.4348e+00
82 +1.471862819e+02 +1.471862819e+02 +5.152162819e+02 +5.152162819e+02 -1.3497e+00 -3.9708e+00 +1.9599e+00 -1.1161e+00 -7.8489e-01 -1.5182e+00 +1.4825e+00 +2.6042e+00 -3.5929e+00 -1.2943e+00
98 +1.398008173e+02 +1.398008173e+02 +5.078308173e+02 +5.078308173e+02 -1.6611e+00 -3.9215e+00 +1.7641e+00 -1.2406e+00 -7.6642e-01 -1.7162e+00 +1.4919e+00 +2.4580e+00 -3.9260e+00 -8.1525e-01
113 +1.367138847e+02 +1.367138847e+02 +5.047438847e+02 +5.047438847e+02 -1.6053e+00 -3.5313e+00 +2.1788e+00 -8.1935e-01 -5.9274e-01 -2.3578e+00 +2.0479e+00 +2.9103e+00 -3.9172e+00 -1.1337e+00
117 +1.325018699e+02 +1.325018699e+02 +5.005318699e+02 +5.005318699e+02 -1.5062e+00 -3.4552e+00 +2.2731e+00 -1.1910e+00 -1.1423e+00 -2.0957e+00 +1.7315e+00 +2.8895e+00 -4.4067e+00 -1.0669e+00
120 +1.300377809e+02 +1.300377809e+02 +4.980677809e+02 +4.980677809e+02 -1.5815e+00 -2.9754e+00 +2.2215e+00 -9.2058e-01 -7.1065e-01 -2.2912e+00 +1.8888e+00 +3.0022e+00 -5.2270e+00 -1.2493e+00
135 +1.212573178e+02 +1.212573178e+02 +4.892873178e+02 +4.892873178e+02 -9.1325e-01 -3.1012e+00 +2.0810e+00 -1.1583e+00 -1.0081e+00 -1.6382e+00 +1.5093e+00 +4.3746e+00 -3.0869e+00 +6.3814e-01
136 +1.150337637e+02 +1.150337637e+02 +4.830637637e+02 +4.830637637e+02 -2.5072e+00 -3.1570e+00 +3.2531e+00 -1.3779e+00 +5.8262e-01 -1.4653e+00 +2.6035e+00 +4.4529e+00 -3.8002e+00 +2.4863e-01
147 +1.127760679e+02 +1.127760679e+02 +4.808060679e+02 +4.808060679e+02 -2.7851e+00 -3.4318e+00 +7.8962e-01 -1.4165e+00 -9.4463e-01 -1.2247e+00 +3.0254e+00 +4.8307e+00 -5.5685e+00 -8.7601e-01
157 +9.843283181e+01 +9.843283181e+01 +4.664628318e+02 +4.664628318e+02 -2.1718e+00 -3.7990e+00 +1.5839e+00 -2.1359e+00 -6.5965e-01 -2.4501e+00 +8.7798e-01 +5.0544e+00 -5.3199e+00 +8.1893e-01
158 +9.373719961e+01 +9.373719961e+01 +4.617671996e+02 +4.617671996e+02 -2.7695e+00 -1.9823e+00 +3.8900e+00 -2.0289e+00 -1.1765e+00 -1.5627e+00 +2.3060e+00 +4.0976e+00 -5.4765e+00 +1.1550e+00
181 +7.823867004e+01 +7.823867004e+01 +4.462686700e+02 +4.462686700e+02 -1.3273e+00 -3.1497e+00 +1.8566e+00 -1.4286e+00 +7.3710e-01 -2.1525e+00 +2.6257e+00 +5.5988e+00 -4.4158e+00 +3.2503e+00
186 +7.298109638e+01 +7.298109638e+01 +4.410110964e+02 +4.410110964e+02 -2.6023e+00 -2.7620e+00 +2.6090e+00 -1.9851e+00 -7.2674e-01 -2.9192e-01 +2.0761e+00 +6.2546e+00 -4.8310e+00 +3.6482e+00
192 +6.216843448e+01 +6.216843448e+01 +4.301984345e+02 +4.301984345e+02 -1.2431e+00 -4.4285e+00 +2.5910e+00 -8.2568e-01 -2.5764e+00 -1.7777e+00 +4.1674e+00 +5.6961e+00 -9.5718e+00 +2.7527e+00
200 +5.398992743e+01 +5.398992743e+01 +4.220199274e+02 +4.220199274e+02 -1.9629e+00 -3.1630e+00 +3.0792e-01 -1.5682e+00 -8.1207e-01 -2.0692e+00 +2.5927e+00 +5.7204e+00 -7.4342e+00 +6.5394e+00
203 +4.928317996e+01 +4.928317996e+01 +4.173131800e+02 +4.173131800e+02 -3.8574e+00 -5.8962e-01 +1.3536e+00 -7.7273e-01 -1.5951e+00 -3.1375e+00 +2.6115e+00 +7.7654e+00 -7.0908e+00 +9.9838e+00
207 +4.039527582e+01 +4.039527582e+01 +4.084252758e+02 +4.084252758e+02 -6.8207e-01 -3.2623e+00 +1.0203e+00 -2.0162e+00 -2.8622e+00 -4.8137e+00 +2.6376e+00 +4.4691e+00 -5.8650e+00 +7.6271e+00
223 +3.555824296e+01 +3.555824296e+01 +4.035882430e+02 +4.035882430e+02 -1.5153e+00 -9.5034e-01 +4.0300e+00 -4.9764e+00 -3.4963e+00 -2.1369e+00 +2.6946e+00 +6.4854e+00 -7.0470e+00 +5.0011e+00
229 +3.425987895e+01 +3.425987895e+01 +4.022898790e+02 +4.022898790e+02 -4.4605e+00 -5.3951e+00 +1.8392e+00 -1.0087e+00 -6.8395e-01 -5.0488e+00 +4.0265e+00 +4.4461e+00 -5.5085e+00 +1.2014e+01
238 +2.419512168e+01 +2.419512168e+01 +3.922251217e+02 +3.922251217e+02 -2.3598e+00 -2.8560e+00 +3.0297e+00 -2.5528e+00 -1.3246e+00 -5.7120e+00 +5.5353e+00 +7.3631e+00 -1.4140e+01 +8.3143e+00
244 +7.468180190e+00 +7.468180190e+00 +3.754981802e+02 +3.754981802e+02 -2.2378e+00 -5.7892e+00 +3.9965e+00 -3.5927e+00 -5.0651e+00 -5.3444e+00 +5.1002e+00 +5.7617e+00 -1.8568e+01 +5.5786e+00
293 +4.548197564e+00 +4.548197564e+00 +3.725781976e+02 +3.725781976e+02 -9.7857e-01 -5.5836e+00 +4.6842e+00 -6.0300e+00 -5.7459e+00 -7.6118e+00 +1.0695e+01 +7.3828e+00 -2.4337e+01 +2.4752e+01
305 +1.790068897e+00 +1.790068897e+00 +3.698200689e+02 +3.698200689e+02 -3.6913e+00 -4.6273e+00 +7.3025e+00 -7.9382e+00 -1.1340e+01 -9.6196e+00 +8.2933e+00 +1.2871e+01 -9.0671e+00 +1.8425e+01
311 +0.000000000e+00 +0.000000000e+00 +3.680300000e+02 +3.680300000e+02 -7.2824e+00 -5.7541e+00 +5.0433e+00 -1.5594e+01 -1.1444e+01 -5.1524e+00 +1.1811e+01 +1.2386e+01 -1.8131e+01 +6.7323e+00
% function evaluation | noise-free fitness - Fopt (1.426000000000e+01) | best noise-free fitness - Fopt | measured fitness | best measured fitness | x1 | x2...
1 +2.043476306e+02 +2.043476306e+02 +2.186076306e+02 +2.186076306e+02 +0.0000e+00 +0.0000e+00 +0.0000e+00 +0.0000e+00 +0.0000e+00 +0.0000e+00 +0.0000e+00 +0.0000e+00 +0.0000e+00 +0.0000e+00
2 +1.642987162e+02 +1.642987162e+02 +1.785587162e+02 +1.785587162e+02 +1.6056e+00 -6.6951e-01 -2.4926e-01 -2.6828e+00 +1.0230e+00 +6.8404e-01 +6.3975e-02 -5.7870e-01 +1.8446e+00 -2.8733e+00
3 +1.612589295e+02 +1.612589295e+02 +1.755189295e+02 +1.755189295e+02 +1.8713e+00 -4.3994e-01 -1.8761e-01 -2.9207e+00 +1.2561e+00 +5.5027e-01 -1.4780e-01 -4.1377e-01 +2.0694e+00 -2.7051e+00
36 +1.552863659e+02 +1.552863659e+02 +1.695463659e+02 +1.695463659e+02 +1.7852e+00 -3.6721e-01 +2.0539e-01 -2.7391e+00 +1.0954e+00 +6.2219e-01 -3.8925e-01 -1.7450e-01 +2.1154e+00 -2.9652e+00
46 +1.529095477e+02 +1.529095477e+02 +1.671695477e+02 +1.671695477e+02 +1.8862e+00 -3.1254e-01 -5.9214e-02 -3.0425e+00 +8.3760e-01 +3.3034e-01 -2.5917e-01 -3.1847e-01 +2.1637e+00 -3.0971e+00
68 +1.509331940e+02 +1.509331940e+02 +1.651931940e+02 +1.651931940e+02 +1.9697e+00 -4.1639e-01 -1.6451e-01 -2.9107e+00 +9.1693e-01 +5.2184e-01 -1.3510e-01 -1.5994e-01 +2.3211e+00 -3.2773e+00
90 +1.414450585e+02 +1.414450585e+02 +1.557050585e+02 +1.557050585e+02 +1.8690e+00 -2.6107e-01 +3.7354e-01 -2.8763e+00 +6.5564e-01 +5.5222e-01 -5.0880e-01 -2.2413e-02 +2.2931e+00 -3.8378e+00
113 +1.303239460e+02 +1.303239460e+02 +1.445839460e+02 +1.445839460e+02 +1.6418e+00 -4.0252e-01 +5.8748e-01 -3.4841e+00 +3.4781e-01 +4.8154e-01 -1.0741e+00 -2.3272e-01 +2.5543e+00 -4.3746e+00
140 +1.222734734e+02 +1.222734734e+02 +1.365334734e+02 +1.365334734e+02 +2.0986e+00 -1.1501e-01 +6.2912e-01 -3.3525e+00 +2.1703e-01 -1.9192e-01 -4.0377e-01 -1.5675e-02 +2.8548e+00 -4.7882e+00
156 +1.109184155e+02 +1.109184155e+02 +1.251784155e+02 +1.251784155e+02 +1.2442e+00 -2.5148e-01 +2.0847e-01 -2.8628e+00 -1.4803e+00 -6.6705e-01 -1.1901e+00 +9.1259e-01 +2.8150e+00 -4.6688e+00
185 +1.048015085e+02 +1.048015085e+02 +1.190615085e+02 +1.190615085e+02 +2.4558e+00 -9.2770e-01 -9.9027e-02 -2.1022e+00 -1.1124e+00 -3.6378e-01 -2.0220e+00 +7.2688e-01 +3.3295e+00 -7.5207e+00
187 +1.019870790e+02 +1.019870790e+02 +1.162470790e+02 +1.162470790e+02 +1.3119e+00 -4.3540e-01 +1.7116e+00 -4.3324e+00 -4.1746e-01 -1.2503e-01 -1.3072e+00 +1.7911e+00 +2.7131e+00 -5.8526e+00
202 +8.884901672e+01 +8.884901672e+01 +1.031090167e+02 +1.031090167e+02 +1.3912e+00 -1.3238e+00 +2.9365e-01 -3.8570e+00 -5.4292e-02 -1.7929e+00 -1.8404e+00 +1.4406e+00 +4.2938e+00 -6.4325e+00
213 +8.316289681e+01 +8.316289681e+01 +9.742289681e+01 +9.742289681e+01 +1.4791e+00 -8.8158e-01 -7.1846e-01 -3.5433e+00 +8.4406e-01 -1.1924e+00 -2.4325e+00 +3.1019e+00 +4.2087e+00 -5.6134e+00
219 +7.749323949e+01 +7.749323949e+01 +9.175323949e+01 +9.175323949e+01 +9.6847e-01 -1.2613e-02 +3.6704e-01 -3.8032e+00 -1.1001e+00 -5.7947e-01 -3.2410e+00 +1.3672e+00 +5.1213e+00 -5.9899e+00
224 +7.408546425e+01 +7.408546425e+01 +8.834546425e+01 +8.834546425e+01 +2.1539e+00 -1.0369e+00 -2.5125e-02 -4.5971e+00 -4.7072e-01 +6.4670e-02 -2.0205e+00 +3.6506e+00 +4.8103e+00 -5.8254e+00
238 +6.880706619e+01 +6.880706619e+01 +8.306706619e+01 +8.306706619e+01 +2.5470e+00 +1.4777e+00 +6.9197e-01 -5.4550e+00 +3.4313e-01 -8.8955e-02 -1.5719e+00 +3.9675e+00 +8.9365e+00 -5.6596e+00
245 +6.465970092e+01 +6.465970092e+01 +7.891970092e+01 +7.891970092e+01 +2.6327e+00 +1.1898e+00 +2.9396e+00 -6.1491e+00 +5.9289e-01 -4.0448e+00 -3.1019e+00 +6.4144e-01 +5.0487e+00 -9.2912e+00
253 +6.436513917e+01 +6.436513917e+01 +7.862513917e+01 +7.862513917e+01 +3.9600e-01 -7.3398e-01 +2.9951e+00 -4.1600e+00 -2.5827e+00 -8.0366e-01 -2.7386e+00 +2.5149e+00 +5.2080e+00 -9.5030e+00
254 +5.386289726e+01 +5.386289726e+01 +6.812289726e+01 +6.812289726e+01 +1.7137e+00 -7.5558e-01 +1.5413e-01 -2.3407e+00 -6.7928e-01 -3.5261e+00 -4.2109e+00 +5.6667e+00 +3.9218e+00 -5.8114e+00
257 +5.110541243e+01 +5.110541243e+01 +6.536541243e+01 +6.536541243e+01 +3.5995e+00 -9.6243e-01 +1.3076e+00 -6.6287e+00 -3.0506e+00 -1.2647e+00 -3.0540e+00 +4.4948e+00 +4.3626e+00 -6.5797e+00
261 +5.000287473e+01 +5.000287473e+01 +6.426287473e+01 +6.426287473e+01 +1.5090e+00 -4.5028e-01 +6.5590e-01 -3.3729e+00 -3.7652e+00 -2.4519e+00 -2.1340e+00 +4.5288e+00 +5.3724e+00 -1.0044e+01
269 +4.287685518e+01 +4.287685518e+01 +5.713685518e+01 +5.713685518e+01 +1.6684e+00 -2.1222e+00 +3.7918e+00 -3.4461e+00 -4.4682e+00 -1.2328e+00 -5.9919e+00 +3.3377e+00 +5.6123e+00 -6.5416e+00
276 +2.583036400e+01 +2.583036400e+01 +4.009036400e+01 +4.009036400e+01 +1.3652e+00 +1.7475e-01 +2.8912e+00 -3.4393e+00 -4.2556e+00 -3.0488e+00 -7.5577e+00 +6.5662e+00 +5.8474e+00 -1.0141e+01
330 +2.045572490e+01 +2.045572490e+01 +3.471572490e+01 +3.471572490e+01 +3.6935e+00 -1.7275e+00 +2.4944e+00 -3.7756e+00 -5.3235e+00 -4.7890e+00 -4.3786e+00 +8.5313e+00 +6.3177e+00 -1.0686e+01
332 +1.566947240e+01 +1.566947240e+01 +2.992947240e+01 +2.992947240e+01 +2.2010e+00 -3.4152e-01 +4.6693e+00 -2.4842e+00 -5.1394e+00 -7.8798e+00 -7.5737e+00 +1.1742e+01 +5.0554e+00 -1.5497e+01
339 +1.365525379e+01 +1.365525379e+01 +2.791525379e+01 +2.791525379e+01 +4.8677e+00 -2.6205e+00 +2.7935e+00 -5.5940e+00 -6.2585e+00 -6.9888e+00 -8.0677e+00 +9.4440e+00 +9.5496e+00 -1.0102e+01
372 +9.168837129e+00 +9.168837129e+00 +2.342883713e+01 +2.342883713e+01 +3.8703e+00 -7.2010e-01 +4.6095e+00 -6.1064e+00 -5.1057e+00 -1.0068e+01 -8.8991e+00 +1.2405e+01 +8.3889e+00 -1.0963e+01
418 +6.655229412e+00 +6.655229412e+00 +2.091522941e+01 +2.091522941e+01 +2.4378e+00 +1.8309e+00 +5.0356e+00 -5.3437e+00 -1.0993e+01 -9.0601e+00 -1.3938e+01 +1.4031e+01 +9.3310e+00 -1.3402e+01
424 +6.505316902e+00 +6.505316902e+00 +2.076531690e+01 +2.076531690e+01 +2.0028e+00 +6.1486e+00 +5.0267e+00 -5.8851e+00 -3.7392e+00 -1.4053e+01 -1.7720e+01 +1.4191e+01 +7.0827e+00 -1.1046e+01
427 +5.149061695e+00 +5.149061695e+00 +1.940906169e+01 +1.940906169e+01 +1.5712e+00 +4.9520e+00 +4.0059e+00 -1.0209e+01 -1.6103e+01 -1.1367e+01 -1.3804e+01 +2.1218e+01 +9.7026e+00 -1.8257e+01
442 +1.606056535e+00 +1.606056535e+00 +1.586605653e+01 +1.586605653e+01 +3.3939e+00 +5.1962e+00 +6.8630e+00 -5.6750e+00 -9.6463e+00 -1.1667e+01 -1.6222e+01 +1.1146e+01 +1.5368e+01 -1.5443e+01
464 +1.544727059e+00 +1.544727059e+00 +1.580472706e+01 +1.580472706e+01 +7.8076e+00 +9.7824e+00 +4.0740e+00 -9.5314e+00 -1.2623e+01 -1.4894e+01 -8.1597e+00 +1.3931e+01 +9.9838e+00 -1.2788e+01
465 +6.934402811e-01 +6.934402811e-01 +1.495344028e+01 +1.495344028e+01 +4.6073e+00 +5.8077e+00 +5.4499e+00 -4.8604e+00 -1.2420e+01 -1.2493e+01 -1.4556e+01 +2.4209e+01 +1.7250e+01 -9.4739e+00
469 +0.000000000e+00 +0.000000000e+00 +1.426000000e+01 +1.426000000e+01 +7.2893e+00 +8.9485e+00 +1.0246e+01 -1.3322e+01 -1.0123e+01 -1.2717e+01 -1.1165e+01 +2.4330e+01 +5.7816e+00 -2.6183e+01
% function evaluation | noise-free fitness - Fopt (6.240000000000e+01) | best noise-free fitness - Fopt | measured fitness | best measured fitness | x1 | x2...
1 +2.043476306e+02 +2.043476306e+02 +2.667476306e+02 +2.667476306e+02 +0.0000e+00 +0.0000e+00 +0.0000e+00 +0.0000e+00 +0.0000e+00 +0.0000e+00 +0.0000e+00 +0.0000e+00 +0.0000e+00 +0.0000e+00
119 +2.035379053e+02 +2.035379053e+02 +2.659379053e+02 +2.659379053e+02 +2.8785e+00 +2.0863e+00 +1.9707e+00 -2.2635e-01 -2.3928e-01 -1.5690e+00 -2.4139e+00 +4.5904e+00 -1.2281e+00 +1.4099e+00
141 +1.968609299e+02 +1.968609299e+02 +2.592609299e+02 +2.592609299e+02 +2.8316e+00 +2.3609e+00 +1.7363e+00 -4.9339e-01 -4.8274e-01 -1.1434e+00 -1.5356e+00 +4.2433e+00 -1.6338e+00 +5.5472e-01
156 +1.853769863e+02 +1.853769863e+02 +2.477769863e+02 +2.477769863e+02 +2.8179e+00 +2.9524e+00 +1.0167e+00 -6.2294e-01 -9.4437e-01 -1.4746e+00 -2.1685e+00 +4.7174e+00 -1.1519e+00 +1.8455e-01
182 +1.813592321e+02 +1.813592321e+02 +2.437592321e+02 +2.437592321e+02 +3.3868e+00 +3.0528e+00 +2.3592e+00 +7.7734e-01 -7.7519e-01 -8.2001e-01 -2.3879e+00 +5.9050e+00 -7.9799e-01 -1.0335e-02
190 +1.693176666e+02 +1.693176666e+02 +2.317176666e+02 +2.317176666e+02 +3.6466e+00 +3.1330e+00 +1.1796e+00 -3.1789e-01 -1.7598e+00 -1.2485e+00 -9.0503e-01 +4.1393e+00 -1.8240e-01 -1.4044e-01
200 +1.349816405e+02 +1.349816405e+02 +1.973816405e+02 +1.973816405e+02 +1.8811e+00 +5.0474e+00 +2.7470e+00 -9.0784e-01 -9.2880e-01 -2.2095e+00 +4.7270e-01 +4.5499e+00 +6.0214e-01 -2.2908e+00
222 +1.192085894e+02 +1.192085894e+02 +1.816085894e+02 +1.816085894e+02 +4.0882e+00 +3.2410e+00 +2.6137e+00 -4.1774e+00 -2.4790e+00 -1.5458e+00 -2.1266e+00 +6.0941e+00 +2.8476e+00 -3.5620e+00
233 +1.104950312e+02 +1.104950312e+02 +1.728950312e+02 +1.728950312e+02 +2.6437e+00 +3.3689e+00 +3.1058e+00 -5.6473e-01 -1.3984e+00 -1.4729e+00 +2.7643e+00 +5.6942e+00 +2.7160e+00 -2.0237e+00
247 +8.896512177e+01 +8.896512177e+01 +1.513651218e+02 +1.513651218e+02 +2.7465e+00 +3.0732e+00 +2.1246e+00 -8.1880e-02 +4.0303e-01 -1.1672e-01 +2.2657e+00 +6.8479e+00 +3.1949e+00 -4.7862e+00
252 +7.736779588e+01 +7.736779588e+01 +1.397677959e+02 +1.397677959e+02 +2.5926e+00 +4.1687e+00 +3.6309e+00 +1.8578e+00 -1.9401e-02 -2.9221e+00 +2.2611e+00 +3.9335e+00 +5.1788e+00 -3.7713e+00
274 +6.467510466e+01 +6.467510466e+01 +1.270751047e+02 +1.270751047e+02 +4.0960e+00 +4.2188e+00 +2.6810e+00 -3.8217e-01 -1.3247e+00 -3.9498e+00 +2.2636e+00 +6.3656e+00 +1.2324e+01 -3.8349e+00
286 +6.126010510e+01 +6.126010510e+01 +1.236601051e+02 +1.236601051e+02 +3.7813e+00 +3.5177e+00 +6.9615e-01 -3.8394e-01 -1.3820e+00 -2.9601e+00 +4.2333e+00 +4.4890e+00 +7.8717e+00 -3.6995e+00
289 +5.961841819e+01 +5.961841819e+01 +1.220184182e+02 +1.220184182e+02 +4.0988e+00 +2.3897e+00 -9.3648e-01 -1.4456e+00 -4.7991e+00 -1.8566e+00 +9.0657e+00 +1.1925e+00 +1.8756e+01 -6.5823e+00
305 +5.205858886e+01 +5.205858886e+01 +1.144585889e+02 +1.144585889e+02 +4.6681e+00 +7.5909e+00 +3.7042e+00 -4.0735e+00 -7.7036e-01 -3.9361e+00 +4.5549e+00 +7.1102e+00 +1.3001e+01 -5.9453e+00
308 +5.006738022e+01 +5.006738022e+01 +1.124673802e+02 +1.124673802e+02 +6.6002e+00 +4.2100e+00 +2.5301e+00 -2.7125e+00 -1.9033e+00 -3.0888e+00 +5.6406e+00 +4.2686e+00 +1.0955e+01 -6.0303e+00
325 +4.648403396e+01 +4.648403396e+01 +1.088840340e+02 +1.088840340e+02 +1.0966e+01 -6.4978e-01 +9.5094e-01 +3.4479e+00 -1.2782e+00 -3.9327e+00 +2.4740e+00 +1.0522e+01 +1.3506e+01 -1.2326e+01
330 +3.871994061e+01 +3.871994061e+01 +1.011199406e+02 +1.011199406e+02 +1.0301e+01 +3.8395e+00 +4.2216e+00 -2.4553e+00 -2.9240e+00 -5.4350e+00 +5.3748e+00 +7.7323e+00 +1.5375e+01 -8.3514e+00
356 +2.910426333e+01 +2.910426333e+01 +9.150426333e+01 +9.150426333e+01 +1.2388e+01 +8.4079e+00 -1.7200e+00 -5.9694e+00 -1.2084e+01 -5.0887e+00 +7.0439e+00 +1.0108e+01 +2.3618e+01 -2.1696e+01
377 +2.859730122e+01 +2.859730122e+01 +9.099730122e+01 +9.099730122e+01 +9.1313e+00 +3.4151e+00 +4.1082e+00 +1.0533e+00 -3.9743e+00 -1.2203e+01 +1.3155e+01 +1.4759e+01 +3.0997e+01 -1.1662e+01
393 +6.049568240e+00 +6.049568240e+00 +6.844956824e+01 +6.844956824e+01 +1.4295e+01 +2.8072e+00 -3.0712e+00 +5.3101e+00 -1.1031e+01 -1.9326e+01 +1.6136e+01 +1.2232e+01 +3.0099e+01 -1.3866e+01
462 +5.799782222e+00 +5.799782222e+00 +6.819978222e+01 +6.819978222e+01 +1.0627e+01 +1.2210e+01 -3.6500e+00 +3.3532e+00 -9.4925e+00 -8.5020e+00 +1.5793e+01 +2.2811e+01 +2.3191e+01 -1.7148e+01
470 +0.000000000e+00 +0.000000000e+00 +6.240000000e+01 +6.240000000e+01 +8.0374e+00 +1.5263e+01 -1.1346e+01 +1.1484e+01 -1.5443e+01 -1.2002e+01 +1.2007e+01 +1.3020e+01 +3.5657e+01 -1.3551e+01
% function evaluation | noise-free fitness - Fopt (1.145900000000e+02) | best noise-free fitness - Fopt | measured fitness | best measured fitness | x1 | x2...
1 +2.043476306e+02 +2.043476306e+02 +3.189376306e+02 +3.189376306e+02 +0.0000e+00 +0.0000e+00 +0.0000e+00 +0.0000e+00 +0.0000e+00 +0.0000e+00 +0.0000e+00 +0.0000e+00 +0.0000e+00 +0.0000e+00
2 +1.722130437e+02 +1.722130437e+02 +2.868030437e+02 +2.868030437e+02 -5.4645e-01 +4.8975e-01 +4.5660e-01 -2.4492e+00 -1.3174e-01 -2.3436e+00 +4.4140e+00 +8.6356e-01 -2.9442e+00 -3.6955e+00
8 +1.695217644e+02 +1.695217644e+02 +2.841117644e+02 +2.841117644e+02 -4.7647e-01 +4.1428e-01 +4.3898e-01 -2.5429e+00 -1.2395e-01 -2.5687e+00 +4.3248e+00 +7.9352e-01 -2.8132e+00 -3.7983e+00
32 +1.659474349e+02 +1.659474349e+02 +2.805374349e+02 +2.805374349e+02 -6.1809e-01 +5.6383e-01 +4.1728e-01 -2.5003e+00 -2.5242e-01 -2.4602e+00 +4.3460e+00 +8.1436e-01 -2.6633e+00 -4.0380e+00
90 +1.599217953e+02 +1.599217953e+02 +2.745117953e+02 +2.745117953e+02 -5.4786e-01 +4.6376e-01 +3.8696e-01 -2.5699e+00 -4.7477e-01 -2.5698e+00 +4.6402e+00 +4.3710e-01 -2.3494e+00 -3.9376e+00
103 +1.566244266e+02 +1.566244266e+02 +2.712144266e+02 +2.712144266e+02 -4.0875e-01 +1.6626e-01 +1.7897e-01 -2.6080e+00 -1.6935e-01 -2.4899e+00 +4.2732e+00 +6.5257e-01 -1.9971e+00 -4.3567e+00
114 +1.503121992e+02 +1.503121992e+02 +2.649021992e+02 +2.649021992e+02 -5.1229e-01 +1.3311e-01 +4.9521e-01 -2.5529e+00 -4.7223e-01 -2.6588e+00 +4.4339e+00 +2.2636e-02 -2.1435e+00 -4.5303e+00
138 +1.437972948e+02 +1.437972948e+02 +2.583872948e+02 +2.583872948e+02 -7.8871e-01 -9.6549e-01 +3.8638e-01 -2.9834e+00 -4.6700e-01 -2.4380e+00 +4.6739e+00 +2.7529e-01 -9.5770e-01 -4.2897e+00
168 +1.389723207e+02 +1.389723207e+02 +2.535623207e+02 +2.535623207e+02 -3.7318e-02 +5.2818e-01 -3.1862e-01 -2.8706e+00 -4.9228e-01 -2.8486e+00 +4.3599e+00 -4.6041e-01 -7.0555e-01 -4.2532e+00
175 +1.353512362e+02 +1.353512362e+02 +2.499412362e+02 +2.499412362e+02 -5.9465e-01 -5.4709e-01 -1.3883e-01 -2.5890e+00 -1.0139e+00 -3.0743e+00 +4.5878e+00 -2.8478e-01 -1.5813e+00 -4.8414e+00
187 +1.326071020e+02 +1.326071020e+02 +2.471971020e+02 +2.471971020e+02 -1.2983e+00 +1.0264e+00 +1.4503e+00 -3.2526e+00 -3.8081e-01 -2.8569e+00 +4.5190e+00 -9.4424e-01 -8.7413e-01 -5.6992e+00
188 +1.296041746e+02 +1.296041746e+02 +2.441941746e+02 +2.441941746e+02 -5.4226e-01 -3.2712e-01 +3.2171e-01 -3.2312e+00 -9.6221e-01 -2.5308e+00 +4.7000e+00 +9.5833e-01 +4.4346e-01 -5.8984e+00
189 +1.268206083e+02 +1.268206083e+02 +2.414106083e+02 +2.414106083e+02 -4.3480e-01 -4.8206e-01 -7.1395e-02 -1.5342e+00 -5.7532e-01 -3.4099e+00 +4.7944e+00 +3.2947e-01 -5.7837e-01 -5.8133e+00
200 +1.192556140e+02 +1.192556140e+02 +2.338456140e+02 +2.338456140e+02 -1.0329e+00 -1.8864e+00 +1.9457e-01 -3.0501e+00 -6.0163e-01 -3.7807e+00 +4.6517e+00 -6.6264e-01 -2.9784e-01 -5.7522e+00
208 +1.121071808e+02 +1.121071808e+02 +2.266971808e+02 +2.266971808e+02 -3.3388e-01 -7.4094e-01 +2.9139e-01 -2.0562e+00 -1.0070e+00 -2.6017e+00 +5.1624e+00 -5.5159e-01 +9.2978e-01 -5.5204e+00
229 +9.740150743e+01 +9.740150743e+01 +2.119915074e+02 +2.119915074e+02 +8.9596e-01 -2.1119e-01 -6.8151e-03 -2.7123e+00 -7.7382e-01 -4.7765e+00 +4.7188e+00 -1.2667e+00 +1.8839e+00 -5.5573e+00
245 +9.409195227e+01 +9.409195227e+01 +2.086819523e+02 +2.086819523e+02 -1.9850e+00 +9.8797e-02 -1.3525e-01 -3.9487e+00 -1.0660e+00 -3.1352e+00 +4.8676e+00 -1.4552e+00 +2.7289e+00 -8.3475e+00
247 +8.241641285e+01 +8.241641285e+01 +1.970064129e+02 +1.970064129e+02 -7.6310e-01 -1.3194e+00 +8.5629e-01 -2.9110e+00 -5.8737e-01 -3.4107e+00 +5.6655e+00 -1.6748e+00 +3.8777e+00 -7.6856e+00
256 +7.723492511e+01 +7.723492511e+01 +1.918249251e+02 +1.918249251e+02 +3.0253e-01 -1.2383e+00 -1.4355e-02 -2.9890e+00 -7.9269e-01 -4.2595e+00 +6.0676e+00 -3.1170e+00 +2.9478e+00 -5.7328e+00
270 +6.074351107e+01 +6.074351107e+01 +1.753335111e+02 +1.753335111e+02 -9.7774e-01 +9.4595e-01 +6.6165e-01 -4.2555e+00 -1.9718e+00 -4.8315e+00 +4.6371e+00 -3.8856e+00 +4.7080e+00 -7.4352e+00
289 +4.600065378e+01 +4.600065378e+01 +1.605906538e+02 +1.605906538e+02 -1.8785e+00 +4.0546e+00 -1.4572e+00 -2.7325e+00 -3.0882e+00 -5.7565e+00 +6.3786e+00 -4.4502e+00 +8.0318e+00 -7.4029e+00
308 +4.494665329e+01 +4.494665329e+01 +1.595366533e+02 +1.595366533e+02 -5.6076e-01 +4.9000e-01 -2.0438e-01 -2.5298e+00 -1.7584e+00 -4.9514e+00 +5.8959e+00 -5.7640e+00 +7.5349e+00 -7.3003e+00
311 +2.688633122e+01 +2.688633122e+01 +1.414763312e+02 +1.414763312e+02 -1.6773e-01 -2.6686e+00 -3.5156e+00 -2.6897e+00 -7.6108e+00 -6.6916e+00 +7.3151e+00 -6.5382e+00 +8.0399e+00 -9.2492e+00
339 +1.574946854e+01 +1.574946854e+01 +1.303394685e+02 +1.303394685e+02 -1.2580e+00 -4.0550e+00 -4.4597e+00 +2.1648e+00 -4.9300e+00 -4.0031e+00 +9.0400e+00 -7.0286e+00 +1.8198e+01 -7.3173e+00
391 +8.152081398e+00 +8.152081398e+00 +1.227420814e+02 +1.227420814e+02 -3.9701e+00 -2.6742e+00 -3.5125e+00 +4.2402e+00 -9.2341e+00 -1.3709e+01 +5.1155e+00 -9.3964e+00 +6.2450e+00 -1.1508e+01
421 +5.042640353e+00 +5.042640353e+00 +1.196326404e+02 +1.196326404e+02 -1.1761e+00 -5.4179e+00 -4.2694e+00 +5.6517e+00 -1.2942e+01 -9.5113e+00 +5.6857e+00 -1.0564e+01 +1.6870e+01 -1.5388e+01
424 +4.627061489e+00 +4.627061489e+00 +1.192170615e+02 +1.192170615e+02 -4.7533e+00 -6.5341e+00 -3.0963e+00 +6.9888e+00 -1.3777e+01 -9.1652e+00 +4.7404e+00 -1.2082e+01 +1.3932e+01 -1.7779e+01
440 +3.349669717e+00 +3.349669717e+00 +1.179396697e+02 +1.179396697e+02 -2.4836e+00 -4.6361e+00 -4.7822e+00 +5.5260e+00 -1.0736e+01 -1.0208e+01 +7.0173e+00 -1.2395e+01 +1.9213e+01 -1.5480e+01
445 +0.000000000e+00 +0.000000000e+00 +1.145900000e+02 +1.145900000e+02 -7.8020e+00 -5.4615e+00 -6.6363e+00 +1.2508e+01 -6.2533e+00 -1.3055e+01 +6.5160e+00 -1.8628e+01 +4.0267e+01 -1.4576e+01
% function evaluation | noise-free fitness - Fopt (-3.698300000000e+02) | best noise-free fitness - Fopt | measured fitness | best measured fitness | x1 | x2...
1 +2.043476306e+02 +2.043476306e+02 -1.654823694e+02 -1.654823694e+02 +0.0000e+00 +0.0000e+00 +0.0000e+00 +0.0000e+00 +0.0000e+00 +0.0000e+00 +0.0000e+00 +0.0000e+00 +0.0000e+00 +0.0000e+00
244 +1.939720596e+02 +1.939720596e+02 -1.758579404e+02 -1.758579404e+02 -3.3854e+00 +6.1456e+00 -4.2311e+00 +2.2898e-01 -7.2875e-01 +3.6174e+00 +5.6594e+00 -5.8978e+00 +1.8594e+00 -7.3009e-01
251 +1.842210376e+02 +1.842210376e+02 -1.856089624e+02 -1.856089624e+02 -1.7982e+00 +6.2773e+00 +4.1607e-01 -1.7443e+00 +5.5731e-01 +3.7940e+00 +4.6466e+00 -8.7222e+00 +1.2121e+00 +2.1152e-01
256 +1.566803400e+02 +1.566803400e+02 -2.131496600e+02 -2.131496600e+02 -1.4763e+00 +3.1152e+00 -5.2063e+00 +1.3576e+00 +3.1437e-01 +2.0219e+00 +3.1983e+00 -7.6983e+00 +2.1072e-01 +9.2636e-01
274 +1.179574806e+02 +1.179574806e+02 -2.518725194e+02 -2.518725194e+02 +3.0904e-01 +7.4687e+00 -2.7640e+00 +1.4789e+00 -8.3793e-01 +3.8707e+00 +4.0972e+00 -6.8994e+00 -2.4195e+00 +3.1176e+00
288 +8.632197684e+01 +8.632197684e+01 -2.835080232e+02 -2.835080232e+02 -4.0205e-02 +4.1376e+00 -3.8335e+00 -7.6628e-01 +1.7448e+00 +1.8075e+00 +2.5083e+00 -4.6368e+00 -4.4601e+00 +4.5859e+00
297 +7.415173854e+01 +7.415173854e+01 -2.956782615e+02 -2.956782615e+02 -4.4311e+00 +4.9875e+00 -3.4578e+00 -8.1256e-01 +2.9866e+00 -1.9285e-01 +2.3697e+00 -9.6055e+00 -6.2840e+00 +5.2590e+00
321 +6.322339178e+01 +6.322339178e+01 -3.066066082e+02 -3.066066082e+02 -3.6247e+00 +1.8917e+00 -3.1999e+00 +2.3536e+00 +4.4995e+00 +2.5733e+00 +3.4056e+00 -1.8513e+01 -5.4495e+00 +1.6255e+01
339 +5.439951205e+01 +5.439951205e+01 -3.154304879e+02 -3.154304879e+02 -4.9610e+00 +1.9744e+00 +4.3869e+00 +2.1628e+00 +7.4714e+00 +2.4629e+00 -3.0553e+00 -2.2856e+01 -3.6390e+00 +1.5432e+01
348 +4.015064705e+01 +4.015064705e+01 -3.296793529e+02 -3.296793529e+02 -6.8880e-01 +9.3075e+00 -4.3586e+00 -2.5521e+00 +8.6501e+00 +2.1514e+00 -3.2200e+00 -1.8202e+01 -1.1449e+01 +9.9967e+00
354 +3.603215619e+01 +3.603215619e+01 -3.337978438e+02 -3.337978438e+02 +9.2977e-03 +1.4702e+01 +1.5691e+00 -4.3133e+00 +9.4580e+00 +9.3280e+00 -5.0107e+00 -4.0748e+01 -6.4405e+00 +8.7308e+00
364 +3.014595127e+01 +3.014595127e+01 -3.396840487e+02 -3.396840487e+02 -5.3874e+00 +7.6802e+00 -5.9060e-01 +2.4437e+00 +1.1563e+01 +1.1841e+01 -1.2765e+00 -1.5301e+01 -1.2640e+01 +1.6956e+01
374 +2.229605641e+01 +2.229605641e+01 -3.475339436e+02 -3.475339436e+02 -1.9295e+00 +7.1761e+00 -3.6306e+00 -8.0299e-01 +6.4138e+00 +7.4579e+00 -4.0436e+00 -1.8814e+01 -9.1346e+00 +1.5891e+01
377 +1.648003539e+01 +1.648003539e+01 -3.533499646e+02 -3.533499646e+02 +1.1792e+00 +8.4168e+00 -9.5330e+00 +2.1879e-01 +9.4133e+00 +1.2772e+01 -9.2338e+00 -3.9827e+01 -1.0170e+01 +5.7509e+00
404 +1.112806713e+01 +1.112806713e+01 -3.587019329e+02 -3.587019329e+02 -1.0040e+01 +6.0270e+00 -5.2973e-02 +3.6651e+00 +9.4209e+00 +2.0109e+01 -9.6890e+00 -1.5861e+01 -3.5126e+01 +2.5130e+01
415 +7.540230986e+00 +7.540230986e+00 -3.622897690e+02 -3.622897690e+02 -6.6104e+00 +9.8966e+00 -5.7071e+00 +5.9342e+00 +5.3466e+00 +2.1189e+01 -3.3755e+00 -1.2872e+01 -1.2509e+01 +2.1038e+01
425 +1.637493881e+00 +1.637493881e+00 -3.681925061e+02 -3.681925061e+02 -4.9965e+00 +1.2341e+01 -4.5874e+00 +4.5610e+00 +5.7612e+00 +1.9754e+01 -1.0707e+01 -2.4434e+01 -2.9143e+01 +5.9374e+00
481 +1.391993444e+00 +1.391993444e+00 -3.684380066e+02 -3.684380066e+02 -3.6080e+00 +1.2382e+01 -7.2180e+00 +1.0087e+01 +5.9936e+00 +1.0524e+01 -9.0204e+00 -2.9154e+01 -2.6464e+01 +1.1018e+01
486 +1.115498601e+00 +1.115498601e+00 -3.687145014e+02 -3.687145014e+02 -3.8845e+00 +1.4190e+01 -3.6255e+01 +6.8393e+00 +1.1507e+01 +1.0717e+01 -1.3207e+01 -2.3537e+01 -3.1603e+01 +3.8077e+01
487 +3.405139841e-01 +3.405139841e-01 -3.694894860e+02 -3.694894860e+02 -4.6595e+00 +1.2366e+01 -2.5681e+01 +6.9535e+00 +1.6138e+01 +9.1269e+00 -1.0523e+01 -3.7268e+01 -3.9851e+01 +7.9019e+00
494 +5.172643538e-02 +5.172643538e-02 -3.697782736e+02 -3.697782736e+02 -7.4411e+00 +1.7894e+01 -1.9154e+01 +8.9657e+00 +1.6847e+01 +2.6116e+01 -4.9889e+00 -3.8664e+01 -8.0470e+00 +6.3407e+01
498 +0.000000000e+00 +0.000000000e+00 -3.698300000e+02 -3.698300000e+02 -8.1284e+00 +2.0030e+01 -1.8283e+01 +7.1335e+00 +1.4754e+01 +1.9021e+01 -1.1739e+01 -5.8717e+01 -4.7613e+01 +1.1146e+01
% function evaluation | noise-free fitness - Fopt (1.531800000000e+02) | best noise-free fitness - Fopt | measured fitness | best measured fitness | x1 | x2...
1 +2.043476306e+02 +2.043476306e+02 +3.575276306e+02 +3.575276306e+02 +0.0000e+00 +0.0000e+00 +0.0000e+00 +0.0000e+00 +0.0000e+00 +0.0000e+00 +0.0000e+00 +0.0000e+00 +0.0000e+00 +0.0000e+00
156 +2.039748032e+02 +2.039748032e+02 +3.571548032e+02 +3.571548032e+02 +1.4600e+00 -4.2465e+00 -1.9918e+00 +1.7435e+00 -2.8495e+00 -2.4048e+00 +1.7823e+00 -2.5967e+00 -2.3595e+00 -1.6399e+00
183 +1.982399222e+02 +1.982399222e+02 +3.514199222e+02 +3.514199222e+02 +2.1299e+00 -3.6781e+00 -1.6797e+00 +2.7243e+00 -1.8555e+00 -2.0208e+00 +2.8159e+00 -2.9731e+00 -2.2426e+00 -8.2160e-01
203 +1.945254288e+02 +1.945254288e+02 +3.477054288e+02 +3.477054288e+02 +1.8730e+00 -4.5286e+00 -1.9005e+00 +2.4873e+00 -1.8672e+00 -2.6424e+00 +1.1637e+00 -2.2055e+00 -2.5092e+00 -3.0179e-01
209 +1.722787090e+02 +1.722787090e+02 +3.254587090e+02 +3.254587090e+02 +1.3183e+00 -4.8060e+00 -1.3712e+00 +3.0648e+00 -2.7651e+00 -2.3209e+00 +2.8920e+00 -1.8563e+00 -1.6401e+00 +1.4512e+00
240 +1.614799359e+02 +1.614799359e+02 +3.146599359e+02 +3.146599359e+02 +2.1689e+00 -3.8510e+00 -2.7989e+00 +4.3914e+00 -2.4113e+00 -2.7460e+00 +3.5842e+00 -3.0645e+00 -2.3633e+00 +2.7113e+00
245 +1.492361593e+02 +1.492361593e+02 +3.024161593e+02 +3.024161593e+02 +3.2152e+00 -3.5064e+00 -2.4219e+00 +3.7321e+00 -4.3430e+00 -3.2494e+00 +3.4108e+00 -3.3942e+00 -3.2673e+00 +3.0180e+00
251 +1.330636021e+02 +1.330636021e+02 +2.862436021e+02 +2.862436021e+02 +1.1492e+00 -4.4927e+00 -1.1949e+00 +3.6084e+00 -3.0579e+00 -3.2921e+00 +3.3484e+00 -2.2109e+00 -2.7313e+00 +6.7965e+00
258 +1.314655478e+02 +1.314655478e+02 +2.846455478e+02 +2.846455478e+02 +5.2562e-01 -1.2393e+00 -9.7185e-01 +3.1273e+00 -3.6138e+00 -2.6793e+00 +4.0707e+00 -3.4647e+00 -3.6006e+00 +4.9443e+00
259 +1.214720359e+02 +1.214720359e+02 +2.746520359e+02 +2.746520359e+02 +1.8224e+00 -7.7754e-01 -1.7338e+00 +2.6760e+00 -2.8260e+00 -2.3339e+00 +2.1137e+00 -8.6208e-01 -3.8841e+00 +4.8730e+00
268 +1.164597399e+02 +1.164597399e+02 +2.696397399e+02 +2.696397399e+02 +1.5033e+00 -2.6575e+00 -1.8600e+00 +4.3352e+00 -5.3330e+00 -2.0010e+00 +4.2342e+00 +9.9780e-01 -8.8256e-01 +8.4295e+00
281 +9.242965514e+01 +9.242965514e+01 +2.456096551e+02 +2.456096551e+02 +6.6802e-02 -3.1462e+00 -8.5325e-02 +1.9003e-01 -4.8898e+00 -3.4834e+00 +9.4876e+00 -8.2634e-01 -6.3372e+00 +9.6706e+00
292 +8.895530613e+01 +8.895530613e+01 +2.421353061e+02 +2.421353061e+02 -8.5867e-01 -7.7505e-01 -2.6332e+00 +1.7797e+00 -4.8979e+00 -1.4835e+00 +6.1807e-01 +3.6609e+00 -4.0786e+00 +1.0768e+01
310 +8.558161790e+01 +8.558161790e+01 +2.387616179e+02 +2.387616179e+02 -1.9308e+00 -1.1771e+00 -8.8412e-01 +2.3090e+00 -4.4001e+00 +1.3645e+00 +4.9906e+00 +2.1682e-01 -4.0122e+00 +8.1808e+00
317 +6.818623417e+01 +6.818623417e+01 +2.213662342e+02 +2.213662342e+02 +2.9438e+00 +4.2929e+00 -3.3640e-01 -9.2028e-01 -3.9752e+00 -1.0871e+00 +3.2046e+00 +4.2497e+00 -5.1193e+00 +8.0514e+00
336 +5.843706708e+01 +5.843706708e+01 +2.116170671e+02 +2.116170671e+02 +1.2932e+00 -1.6743e+00 -3.6030e+00 +2.1922e+00 -5.3122e+00 +5.2160e+00 +8.7766e+00 -4.3962e-01 -5.8813e+00 +1.1126e+01
350 +5.113202363e+01 +5.113202363e+01 +2.043120236e+02 +2.043120236e+02 +1.4336e+00 +4.2341e+00 -2.5486e+00 +2.0696e+00 -4.7234e+00 +9.0085e-01 +1.2519e+01 +5.7536e+00 -4.8944e+00 +1.4011e+01
355 +4.110830299e+01 +4.110830299e+01 +1.942883030e+02 +1.942883030e+02 -4.8037e-02 +3.5296e-02 -2.1786e+00 +1.3558e-01 -2.2722e+00 +3.2759e+00 +7.1404e+00 +9.6318e+00 -5.5848e+00 +1.9453e+01
358 +3.070411295e+01 +3.070411295e+01 +1.838841130e+02 +1.838841130e+02 +2.2635e+00 -6.6823e-01 -1.2530e+00 -2.2518e+00 -3.7234e+00 +3.8173e+00 +5.4277e+00 +4.5998e+00 -6.8555e+00 +1.3918e+01
388 +2.915997814e+01 +2.915997814e+01 +1.823399781e+02 +1.823399781e+02 -8.0945e-01 +4.3374e+00 -6.1733e+00 -3.8364e+00 -4.9031e+00 +2.6957e+00 +4.9498e+00 +1.5979e+01 -6.7145e+00 +8.6415e+00
403 +2.795876176e+01 +2.795876176e+01 +1.811387618e+02 +1.811387618e+02 +2.6074e+00 -5.8151e+00 -6.2337e+00 -5.7712e+00 -2.5312e+00 +3.1056e-01 +1.7480e+01 +1.7220e+01 -4.7619e+00 +1.5931e+01
428 +1.616813249e+01 +1.616813249e+01 +1.693481325e+02 +1.693481325e+02 +1.7302e+00 -2.8779e+00 -5.9939e+00 -6.0320e+00 -5.2066e+00 +2.2757e+00 +9.9467e+00 +4.9388e+00 -1.5345e+01 +2.1986e+01
439 +1.112223557e+01 +1.112223557e+01 +1.643022356e+02 +1.643022356e+02 +7.4004e-01 -2.2381e+00 -3.0246e+00 -5.9100e+00 -1.0371e+01 +7.6069e+00 +8.6366e+00 +1.4672e+01 -9.6801e+00 +1.6607e+01
462 +6.291682822e+00 +6.291682822e+00 +1.594716828e+02 +1.594716828e+02 +3.7757e+00 -3.5408e+00 -5.1390e+00 -3.5227e+00 -9.6400e+00 +9.2708e+00 +1.4959e+01 +2.2281e+01 -1.6376e+01 +1.3184e+01
484 +1.863668606e+00 +1.863668606e+00 +1.550436686e+02 +1.550436686e+02 +4.3432e+00 -4.0656e+00 -7.1704e+00 -8.3191e+00 -1.2109e+01 +1.1737e+01 +1.3153e+01 +1.6339e+01 -2.0513e+01 +1.8061e+01
488 +1.449347232e+00 +1.449347232e+00 +1.546293472e+02 +1.546293472e+02 +5.4747e+00 -7.7760e+00 -4.1311e+00 -1.6467e+01 -1.3046e+01 +9.1766e+00 +2.6960e+01 +1.6953e+01 -3.6385e+01 +1.0785e+01
489 +0.000000000e+00 +0.000000000e+00 +1.531800000e+02 +1.531800000e+02 +5.3021e+00 -6.6992e+00 -1.4808e+01 -1.4168e+01 -1.0462e+01 +1.1067e+01 +1.3551e+01 +3.3108e+01 -2.1079e+01 +2.2069e+01
% function evaluation | noise-free fitness - Fopt (-7.088000000000e+02) | best noise-free fitness - Fopt | measured fitness | best measured fitness | x1 | x2...
1 +2.043476306e+02 +2.043476306e+02 -5.044523694e+02 -5.044523694e+02 +0.0000e+00 +0.0000e+00 +0.0000e+00 +0.0000e+00 +0.0000e+00 +0.0000e+00 +0.0000e+00 +0.0000e+00 +0.0000e+00 +0.0000e+00
2 +1.982284139e+02 +1.982284139e+02 -5.105715861e+02 -5.105715861e+02 +2.5153e+00 -3.6628e-01 +2.4394e+00 +1.0557e+00 +1.1372e+00 -4.6976e+00 -2.6096e+00 -2.4967e+00 -4.2455e+00 +2.0191e+00
12 +1.943255730e+02 +1.943255730e+02 -5.144744270e+02 -5.144744270e+02 +2.5297e+00 -5.0361e-01 +2.4853e+00 +1.1720e+00 +1.1143e+00 -4.5523e+00 -2.9159e+00 -2.5174e+00 -4.3239e+00 +1.6546e+00
90 +1.889615154e+02 +1.889615154e+02 -5.198384846e+02 -5.198384846e+02 +2.6661e+00 -4.3473e-01 +2.5363e+00 +1.3646e+00 +1.0564e+00 -4.7535e+00 -2.6459e+00 -2.8095e+00 -4.4427e+00 +1.4496e+00
106 +1.859461466e+02 +1.859461466e+02 -5.228538534e+02 -5.228538534e+02 +2.4211e+00 -2.9071e-01 +2.4497e+00 +1.3785e+00 +1.1970e+00 -4.5957e+00 -2.7970e+00 -2.7220e+00 -4.5886e+00 +1.2287e+00
128 +1.793107715e+02 +1.793107715e+02 -5.294892285e+02 -5.294892285e+02 +2.4660e+00 -6.9582e-01 +2.6009e+00 +1.3315e+00 +1.2527e+00 -4.3297e+00 -2.5375e+00 -2.8862e+00 -4.4027e+00 +8.1417e-01
135 +1.776963991e+02 +1.776963991e+02 -5.311036009e+02 -5.311036009e+02 +2.7837e+00 -3.5022e-01 +2.1937e+00 +1.1492e+00 +1.5108e+00 -4.0538e+00 -2.8391e+00 -2.7023e+00 -4.6717e+00 +5.9816e-01
141 +1.735480008e+02 +1.735480008e+02 -5.352519992e+02 -5.352519992e+02 +2.2100e+00 -1.1500e+00 +2.0497e+00 +1.3975e+00 +1.6101e+00 -4.0393e+00 -2.6937e+00 -2.8001e+00 -4.5260e+00 +4.1952e-01
157 +1.669964164e+02 +1.669964164e+02 -5.418035836e+02 -5.418035836e+02 +2.3502e+00 -7.2608e-01 +1.9750e+00 +1.2311e+00 +2.1534e+00 -4.3040e+00 -2.5715e+00 -3.3707e+00 -4.5247e+00 +1.0110e-01
182 +1.652680407e+02 +1.652680407e+02 -5.435319593e+02 -5.435319593e+02 +2.6185e+00 -1.2093e+00 +1.6716e+00 +1.4612e+00 +1.4897e+00 -4.7588e+00 -3.1191e+00 -2.7573e+00 -5.1355e+00 -6.3918e-01
192 +1.556867015e+02 +1.556867015e+02 -5.531132985e+02 -5.531132985e+02 +2.9427e+00 -1.1204e+00 +1.8420e+00 +7.2619e-01 +4.2250e-01 -4.2746e+00 -2.6808e+00 -4.1445e+00 -5.3383e+00 -8.5901e-01
200 +1.467128782e+02 +1.467128782e+02 -5.620871218e+02 -5.620871218e+02 +3.1753e+00 -1.9192e+00 +2.3543e+00 +1.6699e+00 +1.7249e+00 -3.9653e+00 -2.5711e+00 -3.5553e+00 -5.1911e+00 -1.2165e+00
207 +1.426012767e+02 +1.426012767e+02 -5.661987233e+02 -5.661987233e+02 +2.0854e+00 -1.1152e+00 +2.2368e+00 +1.0667e+00 +1.7170e+00 -3.0229e+00 -2.4834e+00 -4.3370e+00 -4.5086e+00 -1.3067e+00
222 +1.255305847e+02 +1.255305847e+02 -5.832694153e+02 -5.832694153e+02 +1.6191e+00 -1.4323e+00 +2.0911e+00 +4.2405e-03 +2.1218e+00 -4.4991e+00 -2.7847e+00 -2.8096e+00 -5.3480e+00 -4.2723e+00
225 +1.170179274e+02 +1.170179274e+02 -5.917820726e+02 -5.917820726e+02 +2.0297e+00 -9.0391e-01 +2.5537e+00 +1.0949e+00 +2.0599e+00 -4.8798e+00 -2.7764e+00 -5.1575e+00 -4.3377e+00 -4.2706e+00
247 +1.059821268e+02 +1.059821268e+02 -6.028178732e+02 -6.028178732e+02 +1.5446e+00 -1.4109e+00 +2.5432e+00 -2.7513e-01 +3.9047e+00 -3.3037e+00 -2.9141e+00 -5.4086e+00 -4.0812e+00 -4.7399e+00
260 +9.212943829e+01 +9.212943829e+01 -6.166705617e+02 -6.166705617e+02 +2.5126e+00 -2.3396e+00 +2.6759e+00 +1.5234e+00 +2.6228e+00 -3.0145e+00 -1.8657e+00 -5.4250e+00 -4.6734e+00 -6.5654e+00
301 +8.726000069e+01 +8.726000069e+01 -6.215399993e+02 -6.215399993e+02 +7.2740e-01 +2.3614e-01 +4.1168e+00 +3.4838e+00 +2.5388e+00 -3.9730e+00 +7.2876e-01 -7.2025e+00 -6.5494e+00 -3.8891e+00
305 +8.585831612e+01 +8.585831612e+01 -6.229416839e+02 -6.229416839e+02 +1.0449e+00 -2.0540e+00 +3.5823e+00 +2.6947e+00 +2.4096e+00 -1.9927e+00 -1.4216e+00 -7.2328e+00 -4.1563e+00 -5.7096e+00
308 +8.493515739e+01 +8.493515739e+01 -6.238648426e+02 -6.238648426e+02 +9.8738e-01 -2.0254e+00 +3.4071e+00 +2.3547e+00 +2.5850e+00 -2.6784e+00 -1.9879e+00 -6.3221e+00 -5.3087e+00 -5.5995e+00
317 +6.788527167e+01 +6.788527167e+01 -6.409147283e+02 -6.409147283e+02 +1.3182e+00 -1.5317e+00 +6.3792e+00 +9.7988e-01 +2.4549e+00 -9.5778e-01 +7.4235e-01 -4.9715e+00 -5.9159e+00 -7.7808e+00
336 +6.633750376e+01 +6.633750376e+01 -6.424624962e+02 -6.424624962e+02 +1.9873e+00 -1.7649e+00 +4.0318e+00 +1.5226e+00 +6.9393e+00 +1.9875e-01 -1.2070e+00 -7.3098e+00 -5.1432e+00 -2.1945e+01
357 +5.886697157e+01 +5.886697157e+01 -6.499330284e+02 -6.499330284e+02 -4.8225e-01 -5.0432e+00 +3.0478e+00 +1.0298e+00 +4.0908e+00 +1.5557e+00 -9.5297e-01 -9.9982e+00 -1.1226e+01 -9.3162e+00
368 +5.204895156e+01 +5.204895156e+01 -6.567510484e+02 -6.567510484e+02 +1.4610e+00 -3.8931e+00 +8.4658e+00 +2.4667e+00 +6.2656e+00 +5.2281e-01 +3.8681e+00 -3.3966e+00 -3.9997e+00 -1.9441e+01
374 +4.838691852e+01 +4.838691852e+01 -6.604130815e+02 -6.604130815e+02 +6.0766e-01 -3.3595e+00 +4.5076e+00 +2.2145e+00 +5.6186e+00 +9.5140e-01 +8.4451e-01 -5.6576e+00 -6.9917e+00 -1.3245e+01
382 +4.720065112e+01 +4.720065112e+01 -6.615993489e+02 -6.615993489e+02 +1.8611e+00 -6.0262e+00 +9.0753e+00 +3.1193e+00 +9.9942e+00 +3.5305e+00 +1.5137e+00 -3.3453e+00 -4.3665e+00 -1.4925e+01
393 +3.446121270e+01 +3.446121270e+01 -6.743387873e+02 -6.743387873e+02 +2.3276e+00 -8.3825e+00 +2.0724e+00 +1.4199e+00 +4.6032e+00 +2.4072e+00 +4.1134e+00 -5.5443e+00 -7.2636e+00 -1.6257e+01
399 +2.327973105e+01 +2.327973105e+01 -6.855202690e+02 -6.855202690e+02 -5.6705e-01 -5.0786e+00 +8.1973e+00 +5.4177e+00 +6.3779e+00 +6.4305e+00 +9.3959e-01 -6.9110e+00 -7.6166e+00 -1.5372e+01
418 +1.818921712e+01 +1.818921712e+01 -6.906107829e+02 -6.906107829e+02 -9.2615e-01 -4.6755e+00 +6.0850e+00 +5.4694e+00 +6.1175e+00 +4.5494e+00 +2.3982e+00 -6.5994e+00 -7.1109e+00 -1.3820e+01
429 +1.632527446e+01 +1.632527446e+01 -6.924747255e+02 -6.924747255e+02 -4.2827e-01 -2.0144e+00 +5.4233e+00 +5.7411e+00 +7.6611e+00 +5.7073e+00 +5.4108e+00 -3.6826e+00 -1.2296e+01 -1.5943e+01
432 +1.502227910e+01 +1.502227910e+01 -6.937777209e+02 -6.937777209e+02 +1.2863e+00 -5.4454e+00 +6.4460e+00 +5.6237e+00 +8.4834e+00 +6.3332e+00 +3.1179e+00 -8.9943e+00 -7.8276e+00 -2.9076e+01
443 +8.157302693e+00 +8.157302693e+00 -7.006426973e+02 -7.006426973e+02 +2.5425e+00 -9.7489e+00 +7.7341e+00 +6.3227e+00 +1.1766e+01 +5.5132e+00 +4.8924e+00 -4.9808e+00 -7.7968e+00 -4.3075e+01
449 +5.048361268e+00 +5.048361268e+00 -7.037516387e+02 -7.037516387e+02 -1.0688e+00 -4.9554e+00 +1.0415e+01 +1.0008e+01 +4.6192e+00 +1.8610e+01 +5.2311e+00 -5.8690e+00 -7.6335e+00 -2.5305e+01
462 +4.616106726e+00 +4.616106726e+00 -7.041838933e+02 -7.041838933e+02 -3.8389e-01 -5.9504e+00 +7.4927e+00 +6.8358e+00 +9.0938e+00 +9.3338e+00 +5.3311e+00 -8.4973e+00 -8.7925e+00 -2.6438e+01
468 +1.480451326e+00 +1.480451326e+00 -7.073195487e+02 -7.073195487e+02 -4.3320e+00 -5.6483e+00 +4.5130e+00 +5.5455e+00 +8.3422e+00 +9.0822e+00 +1.0445e+01 -1.0614e+01 -8.7851e+00 -4.8598e+01
512 +6.468525513e-01 +6.468525513e-01 -7.081531474e+02 -7.081531474e+02 -5.8643e+00 -4.8575e+00 +8.9288e+00 +7.9120e+00 +4.8337e+00 +1.7934e+01 +8.8728e+00 -1.6953e+01 -8.1293e+00 -3.4523e+01
550 +0.000000000e+00 +0.000000000e+00 -7.088000000e+02 -7.088000000e+02 -5.7554e+00 -7.6438e+00 +9.7980e+00 +1.2065e+01 +1.0116e+01 +1.6972e+01 +1.4431e+01 -1.7074e+01 -9.1959e+00 -3.7485e+01
% function evaluation | noise-free fitness - Fopt (8.793000000000e+01) | best noise-free fitness - Fopt | measured fitness | best measured fitness | x1 | x2...
1 +2.043476306e+02 +2.043476306e+02 +2.922776306e+02 +2.922776306e+02 +0.0000e+00 +0.0000e+00 +0.0000e+00 +0.0000e+00 +0.0000e+00 +0.0000e+00 +0.0000e+00 +0.0000e+00 +0.0000e+00 +0.0000e+00
2 +1.845363165e+02 +1.845363165e+02 +2.724663165e+02 +2.724663165e+02 +7.3003e-01 -5.4490e-01 +3.4629e-01 +3.2186e+00 -1.4157e+00 +1.4603e+00 -1.4602e+00 +3.3541e-01 -5.0189e+00 -1.7805e+00
41 +1.814181925e+02 +1.814181925e+02 +2.693481925e+02 +2.693481925e+02 +7.9737e-01 -6.9818e-01 +4.7966e-01 +3.4102e+00 -1.3676e+00 +1.6291e+00 -1.4208e+00 +2.0112e-01 -5.0161e+00 -1.6475e+00
71 +1.772269458e+02 +1.772269458e+02 +2.651569458e+02 +2.651569458e+02 +6.5583e-01 -6.1611e-01 +3.8144e-02 +3.5630e+00 -1.0914e+00 +1.9841e+00 -1.0340e+00 +2.6309e-01 -4.8381e+00 -1.5528e+00
108 +1.737494332e+02 +1.737494332e+02 +2.616794332e+02 +2.616794332e+02 +9.1071e-01 -9.1584e-01 +5.2916e-01 +2.9331e+00 -1.2190e+00 +1.7792e+00 -8.4973e-01 -8.4145e-02 -4.9953e+00 -1.2806e+00
112 +1.682895026e+02 +1.682895026e+02 +2.562195026e+02 +2.562195026e+02 +7.9230e-01 -6.6011e-01 +2.3429e-01 +3.4488e+00 -1.0791e+00 +1.8622e+00 -9.7582e-01 -1.9473e-01 -4.9108e+00 -9.2715e-01
136 +1.632196238e+02 +1.632196238e+02 +2.511496238e+02 +2.511496238e+02 +1.1631e+00 -8.6390e-01 +3.5320e-01 +3.2131e+00 -6.7221e-01 +2.3419e+00 -9.5892e-01 -4.2689e-01 -4.9936e+00 -8.5704e-01
160 +1.588354056e+02 +1.588354056e+02 +2.467654056e+02 +2.467654056e+02 +6.2658e-01 -6.3947e-01 +8.0510e-01 +3.3433e+00 -6.6133e-01 +2.2134e+00 -1.0457e+00 -8.2770e-01 -5.4701e+00 -5.0839e-01
162 +1.578296168e+02 +1.578296168e+02 +2.457596168e+02 +2.457596168e+02 +8.8916e-01 -5.7264e-01 +3.4522e-01 +3.0354e+00 -1.1952e+00 +1.8510e+00 -1.4022e+00 -1.0458e+00 -4.9455e+00 -9.7398e-02
178 +1.497157310e+02 +1.497157310e+02 +2.376457310e+02 +2.376457310e+02 +1.1556e+00 -2.2826e-01 +1.0036e+00 +3.7953e+00 -1.5957e+00 +2.3146e+00 -8.7517e-01 -1.2781e+00 -5.0314e+00 +1.0776e-01
196 +1.417421682e+02 +1.417421682e+02 +2.296721682e+02 +2.296721682e+02 +1.1143e+00 -5.9085e-01 +3.9683e-01 +3.5335e+00 -1.4064e+00 +1.3825e+00 -1.0867e+00 -2.0313e+00 -5.4714e+00 +8.4019e-01
202 +1.340889038e+02 +1.340889038e+02 +2.220189038e+02 +2.220189038e+02 +1.0746e+00 -4.9260e-01 -1.1591e-02 +2.8174e+00 -1.0475e+00 +2.3444e+00 -9.9907e-01 -2.1792e+00 -5.2673e+00 +1.1081e+00
204 +1.225948889e+02 +1.225948889e+02 +2.105248889e+02 +2.105248889e+02 +6.0799e-01 -1.0028e+00 +1.1838e-01 +3.3517e+00 -1.2385e+00 +2.4524e+00 -7.1226e-01 -3.0637e+00 -4.6093e+00 +1.9300e+00
222 +1.138694791e+02 +1.138694791e+02 +2.017994791e+02 +2.017994791e+02 +4.9739e-01 +2.9118e-01 +3.8370e-01 +3.4367e+00 -1.6742e+00 +2.4398e+00 -6.3126e-01 -2.7514e+00 -5.5985e+00 +2.6454e+00
246 +1.009894018e+02 +1.009894018e+02 +1.889194018e+02 +1.889194018e+02 +6.0463e-01 +9.1124e-01 -1.2166e+00 +2.6852e+00 -9.1844e-01 +3.4523e+00 -1.9473e-01 -4.1604e+00 -4.5890e+00 +2.4343e+00
251 +9.375892990e+01 +9.375892990e+01 +1.816889299e+02 +1.816889299e+02 -1.9102e-01 +1.1366e+00 +3.8435e-02 +2.6686e+00 -8.3228e-01 +2.5532e+00 -1.9206e-01 -4.4717e+00 -6.2662e+00 +3.2138e+00
252 +8.654655272e+01 +8.654655272e+01 +1.744765527e+02 +1.744765527e+02 +3.9807e-01 -2.2821e-01 -6.8238e-01 +4.7014e+00 -2.2675e+00 +2.9740e+00 -6.5056e-01 -4.6602e+00 -5.5349e+00 +3.8422e+00
253 +7.098801780e+01 +7.098801780e+01 +1.589180178e+02 +1.589180178e+02 -3.3164e-01 +1.6438e+00 +2.8731e-01 +4.0555e+00 -2.2133e-01 +3.3643e+00 -8.2721e-01 -4.6167e+00 -4.9077e+00 +5.8377e+00
269 +5.814781254e+01 +5.814781254e+01 +1.460778125e+02 +1.460778125e+02 +1.2228e+00 +1.2814e+00 +1.0850e+00 +3.6625e+00 -5.7869e-02 +3.6870e+00 +1.1773e+00 -6.4764e+00 -5.8489e+00 +7.2299e+00
297 +5.753005718e+01 +5.753005718e+01 +1.454600572e+02 +1.454600572e+02 -7.9250e-01 +4.5128e-02 -1.0499e+00 +7.9632e-01 -7.1840e-01 +6.9820e+00 +2.0311e+00 -7.5511e+00 -6.8594e+00 +7.8525e+00
313 +5.252963067e+01 +5.252963067e+01 +1.404596307e+02 +1.404596307e+02 +2.6796e+00 -7.1659e-01 -4.1214e-01 +2.6876e+00 -1.5735e+00 +6.5574e+00 +2.9825e+00 -4.9310e+00 -4.7259e+00 +5.6289e+00
314 +2.619530748e+01 +2.619530748e+01 +1.141253075e+02 +1.141253075e+02 +2.1195e-01 +2.5335e+00 -3.0555e+00 +5.9808e+00 +1.0313e+00 +6.4758e+00 +4.6008e+00 -4.6527e+00 -1.0247e+01 +1.5120e+01
358 +2.469237639e+01 +2.469237639e+01 +1.126223764e+02 +1.126223764e+02 +2.1470e+00 +2.7939e+00 -1.0781e+00 +8.6475e+00 +1.4272e+00 +9.1947e+00 +7.5881e+00 -4.5819e+00 -1.1011e+01 +1.9537e+01
367 +1.793034784e+01 +1.793034784e+01 +1.058603478e+02 +1.058603478e+02 +3.1921e+00 -5.3453e-01 -2.2681e+00 +6.1308e+00 +6.5130e+00 +3.7709e+00 +5.1107e+00 -1.3363e+01 -7.3469e+00 +4.4124e+01
381 +1.247861299e+01 +1.247861299e+01 +1.004086130e+02 +1.004086130e+02 +4.0796e+00 -1.4060e+00 -7.8724e+00 +3.9870e+00 +4.6039e+00 +8.6489e+00 +9.6809e+00 -1.9724e+01 -7.4575e+00 +2.7805e+01
409 +4.383261723e+00 +4.383261723e+00 +9.231326172e+01 +9.231326172e+01 +3.6666e+00 +1.0324e+01 -3.1716e+00 +5.8964e+00 +5.9371e+00 +1.5138e+01 +1.3613e+01 -1.9469e+01 -8.2369e+00 +2.9976e+01
418 +6.727050407e-01 +6.727050407e-01 +8.860270504e+01 +8.860270504e+01 +4.3273e+00 +5.0842e+00 -5.1607e+00 +6.4689e+00 +6.1142e+00 +1.5648e+01 +1.3770e+01 -1.6462e+01 -1.1524e+01 +4.5845e+01
440 +0.000000000e+00 +0.000000000e+00 +8.793000000e+01 +8.793000000e+01 +6.4091e+00 +6.1509e+00 -6.9655e+00 +1.0040e+01 +7.6826e+00 +1.9806e+01 +2.3486e+01 -3.2501e+01 -1.2128e+01 +5.2284e+01
% function evaluation | noise-free fitness - Fopt (3.370000000000e+01) | best noise-free fitness - Fopt | measured fitness | best measured fitness | x1 | x2...
1 +2.043476306e+02 +2.043476306e+02 +2.380476306e+02 +2.380476306e+02 +0.0000e+00 +0.0000e+00 +0.0000e+00 +0.0000e+00 +0.0000e+00 +0.0000e+00 +0.0000e+00 +0.0000e+00 +0.0000e+00 +0.0000e+00
2 +1.181625498e+02 +1.181625498e+02 +1.518625498e+02 +1.518625498e+02 +1.8447e+00 +5.3188e+00 +2.0704e+00 +1.6788e+00 -2.5659e+00 +2.2308e+00 -1.7041e+00 +2.4720e-01 -2.7677e+00 +3.5431e+00
4 +1.148040447e+02 +1.148040447e+02 +1.485040447e+02 +1.485040447e+02 +1.8504e+00 +5.2148e+00 +2.3041e+00 +2.0242e+00 -2.5530e+00 +2.1154e+00 -1.7055e+00 +1.1752e-01 -3.2147e+00 +3.6201e+00
46 +1.096686607e+02 +1.096686607e+02 +1.433686607e+02 +1.433686607e+02 +1.4965e+00 +5.2383e+00 +1.9084e+00 +2.0082e+00 -2.6888e+00 +2.2977e+00 -1.8317e+00 +3.1816e-01 -3.1402e+00 +3.8113e+00
53 +1.074665668e+02 +1.074665668e+02 +1.411665668e+02 +1.411665668e+02 +1.5660e+00 +5.1164e+00 +2.0843e+00 +1.8607e+00 -2.5229e+00 +2.1353e+00 -1.9332e+00 +3.0209e-01 -3.3908e+00 +3.9726e+00
72 +1.054551594e+02 +1.054551594e+02 +1.391551594e+02 +1.391551594e+02 +1.2233e+00 +4.9163e+00 +2.1876e+00 +2.0288e+00 -2.9465e+00 +2.1185e+00 -1.7082e+00 +5.4873e-01 -3.2486e+00 +4.0861e+00
74 +1.037252461e+02 +1.037252461e+02 +1.374252461e+02 +1.374252461e+02 +1.5540e+00 +5.0741e+00 +2.3668e+00 +2.1905e+00 -2.5795e+00 +2.1146e+00 -2.0499e+00 +3.2183e-01 -3.4660e+00 +4.1891e+00
96 +9.971785298e+01 +9.971785298e+01 +1.334178530e+02 +1.334178530e+02 +1.1424e+00 +5.2145e+00 +2.1911e+00 +2.4626e+00 -2.9352e+00 +2.2836e+00 -1.7486e+00 +4.3550e-01 -3.4555e+00 +4.3808e+00
100 +9.725792514e+01 +9.725792514e+01 +1.309579251e+02 +1.309579251e+02 +1.8050e+00 +5.2734e+00 +2.2106e+00 +2.0824e+00 -2.7809e+00 +2.2591e+00 -1.6277e+00 +9.9921e-01 -3.5407e+00 +4.4822e+00
116 +9.468224387e+01 +9.468224387e+01 +1.283822439e+02 +1.283822439e+02 +1.7671e+00 +5.3281e+00 +1.9595e+00 +2.1807e+00 -2.8770e+00 +2.2394e+00 -2.0339e+00 +1.7852e-01 -3.6049e+00 +4.9069e+00
117 +8.834762434e+01 +8.834762434e+01 +1.220476243e+02 +1.220476243e+02 +1.2959e+00 +5.5168e+00 +2.5368e+00 +1.9842e+00 -2.7249e+00 +2.1348e+00 -2.5257e+00 +7.0294e-02 -4.3322e+00 +4.9854e+00
135 +8.626583300e+01 +8.626583300e+01 +1.199658330e+02 +1.199658330e+02 +1.0562e+00 +5.3041e+00 +2.8982e+00 +2.0358e+00 -3.0958e+00 +2.6024e+00 -2.3233e+00 +6.7303e-01 -3.9190e+00 +5.8764e+00
141 +8.221503952e+01 +8.221503952e+01 +1.159150395e+02 +1.159150395e+02 +1.4512e+00 +5.4158e+00 +1.7869e+00 +2.0283e+00 -3.1418e+00 +2.1143e+00 -2.5393e+00 +6.0859e-01 -4.4855e+00 +4.9232e+00
148 +8.006352036e+01 +8.006352036e+01 +1.137635204e+02 +1.137635204e+02 +1.5071e+00 +5.6039e+00 +3.0736e+00 +2.6058e+00 -2.1710e+00 +3.2537e+00 -2.3360e+00 +6.8562e-01 -4.6702e+00 +6.4347e+00
162 +6.911490372e+01 +6.911490372e+01 +1.028149037e+02 +1.028149037e+02 +5.7107e-01 +4.8294e+00 +2.4378e+00 +2.9765e+00 -2.5675e+00 +3.1870e+00 -3.7375e+00 +1.3361e+00 -4.2963e+00 +5.1071e+00
184 +6.304579698e+01 +6.304579698e+01 +9.674579698e+01 +9.674579698e+01 +1.2567e-01 +5.3488e+00 +9.4786e-01 +3.0862e+00 -2.4974e+00 +3.5247e+00 -1.8097e+00 +2.1974e+00 -6.6965e+00 +5.5733e+00
185 +5.989790898e+01 +5.989790898e+01 +9.359790898e+01 +9.359790898e+01 +1.9660e+00 +5.4898e+00 +2.5511e+00 +4.4512e+00 -4.0005e+00 +3.0939e+00 -3.4801e+00 +1.9756e+00 -4.4399e+00 +5.6990e+00
202 +5.015045728e+01 +5.015045728e+01 +8.385045728e+01 +8.385045728e+01 +9.4370e-01 +6.3410e+00 +7.8436e-01 +4.9213e+00 -4.4772e+00 +1.4483e+00 -3.9734e+00 +2.4304e+00 -5.9560e+00 +7.5926e+00
232 +4.934018472e+01 +4.934018472e+01 +8.304018472e+01 +8.304018472e+01 +6.3517e-01 +5.8019e+00 +1.0949e+00 +4.4161e+00 -3.6442e+00 +3.2948e+00 -8.1882e+00 +1.2669e+00 -6.6299e+00 +1.0727e+01
236 +4.632010366e+01 +4.632010366e+01 +8.002010366e+01 +8.002010366e+01 +3.3154e+00 +6.0829e+00 +1.4955e+00 +5.4213e+00 -4.4337e+00 +1.3676e+00 -7.2682e+00 +2.9083e+00 -7.4377e+00 +7.5724e+00
244 +4.365407176e+01 +4.365407176e+01 +7.735407176e+01 +7.735407176e+01 +4.7541e-01 +5.0959e+00 +3.4891e+00 +5.7458e+00 -2.7212e+00 +5.1340e-01 -4.6654e+00 +5.1321e+00 -8.2688e+00 +7.2701e+00
251 +3.774943538e+01 +3.774943538e+01 +7.144943538e+01 +7.144943538e+01 -5.9849e-01 +5.4471e+00 +1.9948e+00 +1.0952e+01 -5.1183e+00 +3.3203e+00 -3.0579e+00 +3.8942e+00 -1.0172e+01 +1.1902e+01
254 +3.209888586e+01 +3.209888586e+01 +6.579888586e+01 +6.579888586e+01 +2.4478e+00 +3.9401e+00 +5.5228e-01 +7.6632e+00 -5.5825e+00 +1.4318e+00 -9.5220e+00 +4.8003e+00 -6.6551e+00 +9.9915e+00
257 +2.724590422e+01 +2.724590422e+01 +6.094590422e+01 +6.094590422e+01 -5.9291e-01 +5.0832e+00 +3.4888e+00 +3.4621e+00 -5.2490e+00 +3.5071e+00 -9.2158e+00 +5.2274e+00 -6.6540e+00 +1.2824e+01
270 +2.247689772e+01 +2.247689772e+01 +5.617689772e+01 +5.617689772e+01 +2.5300e+00 +4.3044e+00 +1.9968e+00 +9.7654e+00 -4.1457e+00 +6.0601e+00 -7.0157e+00 +6.2768e+00 -1.0880e+01 +1.6823e+01
276 +1.853578970e+01 +1.853578970e+01 +5.223578970e+01 +5.223578970e+01 +1.6089e-02 +6.7681e+00 +1.9000e+00 +5.3791e+00 -7.9051e+00 +5.8401e+00 -5.5906e+00 +4.6648e+00 -1.0259e+01 +5.0691e+00
286 +1.719812324e+01 +1.719812324e+01 +5.089812324e+01 +5.089812324e+01 -9.9126e-02 +5.4698e+00 +1.9541e+00 +7.6319e+00 -5.8410e+00 +4.8060e+00 -6.3107e+00 +6.8544e+00 -9.2541e+00 +1.2904e+01
301 +1.074891797e+01 +1.074891797e+01 +4.444891797e+01 +4.444891797e+01 -3.5593e+00 +4.5887e+00 -5.0150e-01 +1.7541e+01 -4.5425e+00 +5.0216e+00 -8.6389e+00 +8.5886e+00 -6.8830e+00 +7.6322e+00
304 +5.076631083e+00 +5.076631083e+00 +3.877663108e+01 +3.877663108e+01 -4.8079e+00 +5.4609e+00 -2.5512e+00 +1.2916e+01 -6.9020e+00 +4.7775e+00 -8.3692e+00 +8.5665e+00 -7.7181e+00 +7.8991e+00
349 +3.366784190e+00 +3.366784190e+00 +3.706678419e+01 +3.706678419e+01 -7.4384e+00 +5.1289e+00 -8.6219e+00 +2.2483e+01 -3.7900e+00 +1.6447e+01 -8.7318e+00 +1.2517e+01 -2.1661e+01 +9.5500e+00
350 +3.298771854e+00 +3.298771854e+00 +3.699877185e+01 +3.699877185e+01 -2.1527e+00 +7.1173e+00 -4.7293e+00 +1.3811e+01 -5.0249e+00 +5.9503e+00 -1.2388e+01 +1.3571e+01 -1.6972e+01 +1.0073e+01
352 +2.682406712e+00 +2.682406712e+00 +3.638240671e+01 +3.638240671e+01 -4.0356e+00 +5.9056e+00 -3.9701e+00 +1.5831e+01 -5.4609e+00 +1.1117e+01 -8.9420e+00 +1.2832e+01 -1.5167e+01 +1.6303e+01
382 +0.000000000e+00 +0.000000000e+00 +3.370000000e+01 +3.370000000e+01 -9.0864e+00 +5.5935e+00 -9.1946e+00 +8.9021e+00 -1.1599e+01 +1.8312e+01 -1.1842e+01 +9.3758e+00 -5.0467e+00 +2.3841e+01
% function evaluation | noise-free fitness - Fopt (-1.618300000000e+02) | best noise-free fitness - Fopt | measured fitness | best measured fitness | x1 | x2...
1 +2.043476306e+02 +2.043476306e+02 +4.251763061e+01 +4.251763061e+01 +0.0000e+00 +0.0000e+00 +0.0000e+00 +0.0000e+00 +0.0000e+00 +0.0000e+00 +0.0000e+00 +0.0000e+00 +0.0000e+00 +0.0000e+00
160 +1.957739590e+02 +1.957739590e+02 +3.394395904e+01 +3.394395904e+01 -1.3033e+00 -3.5041e-01 +1.3038e+00 -3.7771e+00 +4.6976e-01 -2.7205e+00 +1.3939e+00 +8.9568e-01 +4.1401e-01 +2.5275e+00
180 +1.819820821e+02 +1.819820821e+02 +2.015208211e+01 +2.015208211e+01 -2.2528e-01 -7.0504e-01 +2.2661e+00 -4.4311e+00 +1.6918e+00 -2.3490e+00 +1.4290e+00 -1.3814e+00 +2.1140e+00 +3.5738e+00
192 +1.678897508e+02 +1.678897508e+02 +6.059750821e+00 +6.059750821e+00 -6.2969e-01 +3.0742e-01 +3.7873e+00 -4.3446e+00 -4.8240e-01 -3.2188e+00 +2.7026e+00 -4.4905e-01 -1.3829e+00 +4.4444e+00
202 +1.590670908e+02 +1.590670908e+02 -2.762909157e+00 -2.762909157e+00 -1.6625e+00 +1.1480e+00 +3.1618e+00 -3.3108e+00 +1.2361e+00 -3.0846e+00 +2.1113e+00 -1.7763e+00 +3.7790e-01 +5.1027e+00
225 +1.353819573e+02 +1.353819573e+02 -2.644804274e+01 -2.644804274e+01 -6.7776e-01 -2.8774e+00 +4.8162e-01 -4.2959e+00 +2.2525e+00 -1.6212e+00 +2.6063e+00 -3.6270e+00 -4.4756e-01 +5.1198e+00
245 +1.008026607e+02 +1.008026607e+02 -6.102733927e+01 -6.102733927e+01 -1.4487e+00 -7.6302e-01 +5.4516e-01 -4.0735e+00 +2.0663e+00 +2.1580e-01 -2.4571e-01 -1.8206e+00 -3.4401e+00 +6.5366e+00
267 +6.325696576e+01 +6.325696576e+01 -9.857303424e+01 -9.857303424e+01 -2.3142e+00 -2.6825e+00 +2.6871e+00 -5.4084e+00 +1.6926e+00 -2.3133e+00 -4.4958e+00 -6.5312e+00 -6.1778e+00 +1.1356e+01
297 +4.997655242e+01 +4.997655242e+01 -1.118534476e+02 -1.118534476e+02 -2.0926e-01 -1.0157e+00 +5.8525e+00 -4.5530e+00 +5.4869e+00 -1.0609e-01 -5.8152e+00 -7.8841e+00 -6.8717e+00 +7.0737e+00
314 +4.196167691e+01 +4.196167691e+01 -1.198683231e+02 -1.198683231e+02 -2.6742e+00 -3.6845e+00 +3.0358e+00 -8.2616e+00 +4.0773e+00 +1.5365e+00 -7.3844e+00 -1.2418e+01 -9.2931e+00 +6.7078e+00
358 +3.995291420e+01 +3.995291420e+01 -1.218770858e+02 -1.218770858e+02 -3.5998e+00 -3.8145e+00 -3.0384e+00 -8.7968e+00 +1.5828e+00 +9.9649e-01 -6.8724e+00 -1.0582e+01 -2.4498e+01 +7.3261e+00
367 +3.715955731e+01 +3.715955731e+01 -1.246704427e+02 -1.246704427e+02 -3.2972e-01 +3.6412e+00 +5.8828e+00 -7.9097e+00 +4.6625e+00 +2.6127e+00 -4.3403e+00 -1.1395e+01 -2.1007e+01 +5.0479e+00
385 +2.624120457e+01 +2.624120457e+01 -1.355887954e+02 -1.355887954e+02 -3.1404e-01 +8.3717e+00 +1.7953e+00 -9.6141e+00 +5.5984e+00 +2.1562e+00 -1.0784e+01 -1.2214e+01 -1.9359e+01 +1.7746e+01
396 +2.367963666e+01 +2.367963666e+01 -1.381503633e+02 -1.381503633e+02 -7.5081e-01 +4.1642e+00 +1.3785e+00 -7.8261e+00 +5.4254e+00 +2.8544e+00 -7.4931e+00 -1.3039e+01 -1.3525e+01 +1.3228e+01
400 +2.034016205e+01 +2.034016205e+01 -1.414898379e+02 -1.414898379e+02 +5.4028e-01 +8.6898e+00 +2.5269e+00 -9.1717e+00 +9.1059e+00 +4.8357e+00 -1.8520e+01 -2.4844e+01 -8.9352e+00 +4.8346e+00
412 +1.974062037e+01 +1.974062037e+01 -1.420893796e+02 -1.420893796e+02 +2.0253e+00 -2.3372e+00 -5.5347e+00 -1.1306e+01 +1.0698e+01 +4.0987e+00 -1.3096e+01 -2.2123e+01 -1.1767e+01 +1.7265e+01
413 +1.893203562e+01 +1.893203562e+01 -1.428979644e+02 -1.428979644e+02 -6.3459e-01 +4.2245e+00 +3.1320e+00 -9.3305e+00 +6.9776e+00 +5.3071e+00 -1.0980e+01 -6.3418e+00 -8.4920e+00 +1.7269e+01
418 +1.352339094e+01 +1.352339094e+01 -1.483066091e+02 -1.483066091e+02 -4.8486e-01 +5.5856e+00 +4.0030e-01 -8.4699e+00 +7.7455e+00 +5.2435e+00 -1.1992e+01 -1.9219e+01 -9.3063e+00 +1.4258e+01
422 +6.418275433e+00 +6.418275433e+00 -1.554117246e+02 -1.554117246e+02 +1.4183e+00 +8.2074e+00 -7.4581e+00 -1.2784e+01 +9.3627e+00 +9.6099e+00 -1.3289e+01 -3.7396e+01 -1.0434e+01 +1.8108e+01
452 +3.661917137e+00 +3.661917137e+00 -1.581680829e+02 -1.581680829e+02 -1.3381e+00 +8.5004e+00 -8.2859e+00 -5.6461e+00 +1.1289e+01 +8.5417e+00 -2.4324e+01 -3.8424e+01 -1.5078e+01 +2.1880e+01
462 +2.207738427e+00 +2.207738427e+00 -1.596222616e+02 -1.596222616e+02 -2.7923e+00 +1.2877e+01 -7.6701e+00 -6.8423e+00 +5.3627e+00 +1.0620e+01 -1.8499e+01 -2.4073e+01 -1.7992e+01 +2.4976e+01
483 +0.000000000e+00 +0.000000000e+00 -1.618300000e+02 -1.618300000e+02 -1.3202e+01 +9.4474e+00 -1.4168e+01 -1.7234e+01 +6.4632e+00 +1.0666e+01 -3.1956e+01 -3.4191e+01 -2.0405e+01 +1.5750e+01
