% function evaluation | noise-free fitness - Fopt (7.627000000000e+01) | best noise-free fitness - Fopt | measured fitness | best measured fitness | x1 | x2...
1 +1.557434152e+05 +1.557434152e+05 +1.558196852e+05 +1.558196852e+05 +0.0000e+00 +0.0000e+00 +0.0000e+00 +0.0000e+00 +0.0000e+00 +0.0000e+00 +0.0000e+00 +0.0000e+00 +0.0000e+00 +0.0000e+00
135 +7.087093756e+04 +7.087093756e+04 +7.094720756e+04 +7.094720756e+04 +3.2395e+00 -3.5428e-01 +3.8623e-01 +1.8869e+00 +2.4056e+00 -6.9157e+00 +2.2088e+00 -5.2095e+00 -9.9454e-01 -1.3941e+00
136 +2.432634802e+02 +2.432634802e+02 +3.195334802e+02 +3.195334802e+02 +3.0952e+00 -3.0074e-01 +4.2372e-01 +1.7043e+00 +2.5816e+00 -6.3979e+00 +1.7800e+00 -4.4135e+00 -1.3918e+00 -1.9782e+00
158 +1.507731065e+02 +1.507731065e+02 +2.270431065e+02 +2.270431065e+02 +3.3469e+00 -6.0610e-01 +8.1833e-01 +1.5957e+00 +2.3933e+00 -6.3840e+00 +2.5620e+00 -4.8493e+00 -1.0530e+00 -1.7176e+00
161 +1.273869051e+02 +1.273869051e+02 +2.036569051e+02 +2.036569051e+02 +2.6094e+00 -1.9936e-01 +5.0745e-01 +2.1538e+00 +2.5425e+00 -7.1132e+00 +1.6088e+00 -4.9289e+00 -1.3559e-01 -1.2473e+00
396 +1.185709371e+02 +1.185709371e+02 +1.948409371e+02 +1.948409371e+02 +2.1423e+00 -5.9505e-01 +7.3078e-01 +1.7112e+00 +2.3907e+00 -6.2849e+00 +2.0887e+00 -4.7953e+00 -7.0769e-01 -1.5944e+00
519 +1.062076150e+02 +1.062076150e+02 +1.824776150e+02 +1.824776150e+02 +1.5155e+00 -4.2333e-01 +4.1004e-01 +1.7013e+00 +2.4983e+00 -6.4766e+00 +2.2723e+00 -4.4344e+00 -5.8414e-01 -1.1449e+00
905 +1.046749770e+02 +1.046749770e+02 +1.809449770e+02 +1.809449770e+02 +1.1111e+00 -5.5596e-01 +5.5125e-01 +1.7113e+00 +2.4457e+00 -6.1221e+00 +2.1950e+00 -4.8630e+00 -5.1153e-01 -1.0916e+00
1914 +1.019298612e+02 +1.019298612e+02 +1.781998612e+02 +1.781998612e+02 +1.7995e+00 -8.2534e-01 +9.0788e-01 +1.3662e+00 +2.0260e+00 -6.6581e+00 +1.8031e+00 -4.6153e+00 -3.7202e-01 -1.1081e+00
2209 +9.864847329e+01 +9.864847329e+01 +1.749184733e+02 +1.749184733e+02 +1.6000e+00 -7.1678e-01 +5.5960e-01 +1.4677e+00 +2.0546e+00 -6.6700e+00 +1.9035e+00 -4.1157e+00 -4.9703e-01 -8.5811e-01
2222 +9.661749999e+01 +9.661749999e+01 +1.728875000e+02 +1.728875000e+02 +1.6644e+00 -7.7444e-01 +7.2708e-01 +1.4977e+00 +1.9723e+00 -6.6462e+00 +1.8437e+00 -4.2307e+00 -5.1461e-01 -9.7738e-01
2235 +9.493442316e+01 +9.493442316e+01 +1.712044232e+02 +1.712044232e+02 +1.6379e+00 -6.7688e-01 +7.2429e-01 +1.4304e+00 +1.9684e+00 -6.6297e+00 +1.9020e+00 -4.1724e+00 -5.0444e-01 -9.1244e-01
2644 +9.312002114e+01 +9.312002114e+01 +1.693900211e+02 +1.693900211e+02 +1.5142e+00 -6.6431e-01 +6.9508e-01 +1.4279e+00 +1.9990e+00 -6.4743e+00 +1.7900e+00 -4.1572e+00 -5.1773e-01 -1.0279e+00
14852 +9.119395802e+01 +9.119395802e+01 +1.674639580e+02 +1.674639580e+02 +1.3533e+00 -8.0667e-01 +6.3564e-01 +1.4100e+00 +2.0080e+00 -6.4485e+00 +1.7648e+00 -4.0949e+00 -4.7621e-01 -1.0405e+00
26085 +8.909725300e+01 +8.909725300e+01 +1.653672530e+02 +1.653672530e+02 +1.0194e+00 -8.1565e-01 +6.2328e-01 +1.3489e+00 +2.0076e+00 -6.3043e+00 +1.7644e+00 -4.0521e+00 -4.9598e-01 -1.0314e+00
33942 +8.709494522e+01 +8.709494522e+01 +1.633649452e+02 +1.633649452e+02 +5.8408e-01 -8.1717e-01 +6.2012e-01 +1.3437e+00 +2.0065e+00 -6.1414e+00 +1.7636e+00 -4.0232e+00 -4.9725e-01 -1.0276e+00
43794 +8.510833030e+01 +8.510833030e+01 +1.613783303e+02 +1.613783303e+02 +1.1384e-01 -8.1647e-01 +6.1688e-01 +1.3533e+00 +2.0071e+00 -5.9579e+00 +1.7655e+00 -4.0009e+00 -4.9871e-01 -1.0244e+00
61061 +8.317474753e+01 +8.317474753e+01 +1.594447475e+02 +1.594447475e+02 -3.2192e-01 -8.1743e-01 +5.9721e-01 +1.3464e+00 +2.0056e+00 -5.8733e+00 +1.7650e+00 -3.8877e+00 -4.9910e-01 -1.0224e+00
72583 +8.127325567e+01 +8.127325567e+01 +1.575432557e+02 +1.575432557e+02 -8.2878e-01 -8.1736e-01 +5.9507e-01 +1.3323e+00 +2.0056e+00 -5.8631e+00 +1.7647e+00 -3.7529e+00 -4.9892e-01 -1.0222e+00
107589 +7.943258853e+01 +7.943258853e+01 +1.557025885e+02 +1.557025885e+02 -1.3328e+00 -8.1760e-01 +5.9536e-01 +1.1094e+00 +2.0056e+00 -5.8599e+00 +1.7649e+00 -3.5346e+00 -4.9929e-01 -1.0221e+00
% function evaluation | noise-free fitness - Fopt (-2.255000000000e+01) | best noise-free fitness - Fopt | measured fitness | best measured fitness | x1 | x2...
1 +2.457636689e+04 +2.457636689e+04 +2.455381689e+04 +2.455381689e+04 +0.0000e+00 +0.0000e+00 +0.0000e+00 +0.0000e+00 +0.0000e+00 +0.0000e+00 +0.0000e+00 +0.0000e+00 +0.0000e+00 +0.0000e+00
163 +2.070609631e+03 +2.070609631e+03 +2.048059631e+03 +2.048059631e+03 -2.5151e-02 +2.2981e+00 +2.7411e+00 -8.0521e-01 +5.8019e+00 +1.9103e-01 -1.1487e+00 -1.0941e+00 -2.3412e+00 -3.2843e-01
198 +1.256698583e+03 +1.256698583e+03 +1.234148583e+03 +1.234148583e+03 -1.0343e+00 +2.6502e+00 +2.3752e+00 -9.2796e-01 +5.2720e+00 +1.7757e-01 -2.2282e+00 -1.3212e+00 -2.4796e+00 -3.5877e-01
220 +1.823407989e+02 +1.823407989e+02 +1.597907989e+02 +1.597907989e+02 -9.5802e-01 +2.5143e+00 +2.7437e+00 -9.6033e-01 +5.6611e+00 +2.1752e-01 -2.1208e+00 -9.1228e-01 -2.1557e+00 -3.6901e-01
229 +9.859090505e+01 +9.859090505e+01 +7.604090505e+01 +7.604090505e+01 -1.1979e+00 +1.9927e+00 +3.6853e+00 -1.5671e+00 +4.8078e+00 -4.0078e-01 -2.2463e+00 -1.3448e+00 -1.8308e+00 -9.6357e-01
346 +8.761614587e+01 +8.761614587e+01 +6.506614587e+01 +6.506614587e+01 -1.5701e+00 +2.6789e+00 +2.6234e+00 +4.4367e-01 +4.0301e+00 -1.0767e+00 -4.0873e+00 -9.7388e-01 -1.9796e+00 -1.6467e+00
23119 +8.677895986e+01 +8.677895986e+01 +6.422895986e+01 +6.422895986e+01 -2.4263e+00 +1.9773e+00 +2.3248e+00 -4.3405e-01 +7.6496e+00 -6.8386e-01 -3.6125e+00 -4.2502e+00 +1.3658e+00 -1.1741e+00
23513 +8.509809912e+01 +8.509809912e+01 +6.254809912e+01 +6.254809912e+01 -2.4230e+00 +1.9769e+00 +2.3299e+00 -4.3221e-01 +7.4857e+00 -6.7870e-01 -3.6121e+00 -3.8031e+00 +1.0713e+00 -1.1891e+00
23534 +8.299133216e+01 +8.299133216e+01 +6.044133216e+01 +6.044133216e+01 -2.4212e+00 +1.9730e+00 +2.3255e+00 -4.3171e-01 +7.3064e+00 -6.7705e-01 -3.6121e+00 -4.4792e+00 +9.8316e-01 -1.1820e+00
23636 +8.032844845e+01 +8.032844845e+01 +5.777844845e+01 +5.777844845e+01 -2.4246e+00 +1.9724e+00 +2.3257e+00 -4.3972e-01 +7.0487e+00 -6.8196e-01 -3.6108e+00 -4.5912e+00 +8.3497e-01 -1.1528e+00
24182 +7.934152946e+01 +7.934152946e+01 +5.679152946e+01 +5.679152946e+01 -2.4225e+00 +1.9693e+00 +2.3570e+00 -4.3791e-01 +6.9024e+00 -6.7826e-01 -3.6181e+00 -5.0169e+00 +8.9089e-01 -1.1571e+00
24349 +7.722636988e+01 +7.722636988e+01 +5.467636988e+01 +5.467636988e+01 -2.4266e+00 +1.9694e+00 +2.3460e+00 -4.3894e-01 +6.8304e+00 -6.7612e-01 -3.6154e+00 -4.2680e+00 +1.0154e+00 -1.1361e+00
24563 +7.497946413e+01 +7.497946413e+01 +5.242946413e+01 +5.242946413e+01 -2.4267e+00 +1.9713e+00 +2.3321e+00 -4.3197e-01 +6.6155e+00 -6.7038e-01 -3.6169e+00 -3.9631e+00 +9.7865e-01 -1.1157e+00
24694 +7.399917930e+01 +7.399917930e+01 +5.144917930e+01 +5.144917930e+01 -2.4277e+00 +1.9719e+00 +2.3244e+00 -4.3083e-01 +6.4404e+00 -6.6976e-01 -3.6192e+00 -3.9237e+00 +9.5422e-01 -1.1078e+00
24733 +7.233795048e+01 +7.233795048e+01 +4.978795048e+01 +4.978795048e+01 -2.4246e+00 +1.9681e+00 +2.3167e+00 -4.4205e-01 +6.3052e+00 -6.6839e-01 -3.6191e+00 -4.3077e+00 +9.3230e-01 -1.1143e+00
25062 +7.000659425e+01 +7.000659425e+01 +4.745659425e+01 +4.745659425e+01 -2.4249e+00 +1.9617e+00 +2.3182e+00 -4.4043e-01 +6.1063e+00 -6.7334e-01 -3.6185e+00 -3.0739e+00 +9.0034e-01 -1.1092e+00
25112 +6.857454199e+01 +6.857454199e+01 +4.602454199e+01 +4.602454199e+01 -2.4244e+00 +1.9676e+00 +2.3135e+00 -4.6392e-01 +5.8656e+00 -6.6433e-01 -3.6207e+00 -2.8818e+00 +7.2115e-01 -1.1189e+00
25162 +6.724663208e+01 +6.724663208e+01 +4.469663208e+01 +4.469663208e+01 -2.4193e+00 +1.9729e+00 +2.3104e+00 -4.5511e-01 +5.6860e+00 -6.6077e-01 -3.6219e+00 -3.4390e+00 +6.9623e-01 -1.0974e+00
25206 +6.512218190e+01 +6.512218190e+01 +4.257218190e+01 +4.257218190e+01 -2.4248e+00 +1.9642e+00 +2.3052e+00 -4.4901e-01 +5.5157e+00 -6.6789e-01 -3.6202e+00 -2.8135e+00 +5.5776e-01 -1.0769e+00
25238 +6.450820743e+01 +6.450820743e+01 +4.195820743e+01 +4.195820743e+01 -2.4219e+00 +1.9678e+00 +2.3080e+00 -4.5967e-01 +5.5699e+00 -6.6799e-01 -3.6189e+00 -3.4033e+00 +7.2868e-01 -1.0709e+00
25603 +6.281712275e+01 +6.281712275e+01 +4.026712275e+01 +4.026712275e+01 -2.4169e+00 +1.9623e+00 +2.3384e+00 -4.4722e-01 +5.2780e+00 -6.6155e-01 -3.6207e+00 -3.2901e+00 +3.3176e-01 -1.0880e+00
26293 +6.072235453e+01 +6.072235453e+01 +3.817235453e+01 +3.817235453e+01 -2.4179e+00 +1.9561e+00 +2.3276e+00 -4.6157e-01 +4.7883e+00 -6.5744e-01 -3.6282e+00 -2.8148e+00 +6.3306e-01 -1.0596e+00
28047 +6.013299242e+01 +6.013299242e+01 +3.758299242e+01 +3.758299242e+01 -2.4255e+00 +1.9641e+00 +2.2303e+00 -4.4547e-01 +4.9359e+00 -6.7270e-01 -3.6256e+00 -3.5185e+00 +8.0918e-01 -1.0004e+00
28817 +5.879054434e+01 +5.879054434e+01 +3.624054434e+01 +3.624054434e+01 -2.4261e+00 +1.9543e+00 +2.2331e+00 -4.4580e-01 +4.6772e+00 -6.6826e-01 -3.6251e+00 -3.5091e+00 +7.8743e-01 -9.9403e-01
29427 +5.740670700e+01 +5.740670700e+01 +3.485670700e+01 +3.485670700e+01 -2.4223e+00 +1.9527e+00 +2.2297e+00 -4.4801e-01 +4.4763e+00 -6.6665e-01 -3.6252e+00 -3.6032e+00 +7.6829e-01 -9.8822e-01
29841 +5.604696740e+01 +5.604696740e+01 +3.349696740e+01 +3.349696740e+01 -2.4192e+00 +1.9525e+00 +2.2178e+00 -4.5679e-01 +4.2641e+00 -6.6707e-01 -3.6257e+00 -3.6929e+00 +7.1590e-01 -9.8326e-01
30282 +5.493637021e+01 +5.493637021e+01 +3.238637021e+01 +3.238637021e+01 -2.4168e+00 +1.9513e+00 +2.2325e+00 -4.6355e-01 +4.0587e+00 -6.6795e-01 -3.6256e+00 -3.6876e+00 +7.0752e-01 -9.7030e-01
30978 +5.362290728e+01 +5.362290728e+01 +3.107290728e+01 +3.107290728e+01 -2.4141e+00 +1.9499e+00 +2.2252e+00 -4.6341e-01 +3.7912e+00 -6.6909e-01 -3.6249e+00 -3.7724e+00 +7.1815e-01 -9.4460e-01
31469 +5.238371611e+01 +5.238371611e+01 +2.983371611e+01 +2.983371611e+01 -2.4146e+00 +1.9375e+00 +2.2516e+00 -4.7411e-01 +3.6788e+00 -6.6983e-01 -3.6257e+00 -3.9920e+00 +8.6283e-01 -9.4675e-01
32334 +5.110364478e+01 +5.110364478e+01 +2.855364478e+01 +2.855364478e+01 -2.4145e+00 +1.9392e+00 +2.2411e+00 -5.0026e-01 +3.5547e+00 -6.7113e-01 -3.6254e+00 -3.8593e+00 +1.0061e+00 -9.3889e-01
33004 +5.007787856e+01 +5.007787856e+01 +2.752787856e+01 +2.752787856e+01 -2.4100e+00 +1.9371e+00 +2.2445e+00 -5.1085e-01 +3.3127e+00 -6.6683e-01 -3.6276e+00 -3.8039e+00 +1.0844e+00 -9.3598e-01
36845 +4.897135210e+01 +4.897135210e+01 +2.642135210e+01 +2.642135210e+01 -2.4067e+00 +1.9325e+00 +2.2427e+00 -5.6743e-01 +3.0193e+00 -6.6819e-01 -3.6271e+00 -3.8377e+00 +1.3281e+00 -9.3903e-01
43339 +4.786276044e+01 +4.786276044e+01 +2.531276044e+01 +2.531276044e+01 -2.4039e+00 +1.9270e+00 +2.2551e+00 -6.5656e-01 +2.5635e+00 -6.6834e-01 -3.6242e+00 -4.0947e+00 +1.6008e+00 -9.3537e-01
54207 +4.677098785e+01 +4.677098785e+01 +2.422098785e+01 +2.422098785e+01 -2.4020e+00 +1.9311e+00 +2.2481e+00 -7.6466e-01 +2.4725e+00 -6.9184e-01 -3.6184e+00 -4.1063e+00 +1.9598e+00 -9.3274e-01
71135 +4.569601902e+01 +4.569601902e+01 +2.314601902e+01 +2.314601902e+01 -2.3972e+00 +1.9316e+00 +2.2517e+00 -9.4188e-01 +2.4520e+00 -7.8989e-01 -3.6022e+00 -4.0407e+00 +1.8716e+00 -9.3264e-01
89839 +4.466239750e+01 +4.466239750e+01 +2.211239750e+01 +2.211239750e+01 -2.3970e+00 +1.9324e+00 +2.2549e+00 -1.1315e+00 +2.4531e+00 -7.9657e-01 -3.5535e+00 -4.0911e+00 +1.8895e+00 -9.2553e-01
109286 +4.365054654e+01 +4.365054654e+01 +2.110054654e+01 +2.110054654e+01 -2.3966e+00 +1.9326e+00 +2.2566e+00 -1.3279e+00 +2.4197e+00 -7.9648e-01 -3.5034e+00 -4.1119e+00 +1.8957e+00 -9.2517e-01
% function evaluation | noise-free fitness - Fopt (1.366000000000e+01) | best noise-free fitness - Fopt | measured fitness | best measured fitness | x1 | x2...
1 +3.519875254e+06 +3.519875254e+06 +3.519888914e+06 +3.519888914e+06 +0.0000e+00 +0.0000e+00 +0.0000e+00 +0.0000e+00 +0.0000e+00 +0.0000e+00 +0.0000e+00 +0.0000e+00 +0.0000e+00 +0.0000e+00
2 +1.084874971e+05 +1.084874971e+05 +1.085011571e+05 +1.085011571e+05 +7.7558e-01 -7.6931e-01 -1.7802e+00 +1.9610e+00 -1.6778e+00 -8.5045e-02 +2.0052e+00 -6.9377e-01 +2.6372e+00 +9.3537e-01
5 +4.098910561e+04 +4.098910561e+04 +4.100276561e+04 +4.100276561e+04 +9.2541e-01 -7.6588e-01 -1.8424e+00 +2.0039e+00 -1.6854e+00 -1.2641e-01 +2.0680e+00 -7.9280e-01 +2.7102e+00 +1.0819e+00
7 +1.583906352e+04 +1.583906352e+04 +1.585272352e+04 +1.585272352e+04 +9.4806e-01 -9.4104e-01 -1.9115e+00 +2.1065e+00 -1.5392e+00 -1.5815e-01 +2.2109e+00 -6.7059e-01 +2.6542e+00 +1.0043e+00
8 +9.925640338e+03 +9.925640338e+03 +9.939300338e+03 +9.939300338e+03 +1.0755e+00 -7.9486e-01 -1.9049e+00 +2.0876e+00 -1.4562e+00 -2.6127e-01 +2.0651e+00 -7.4064e-01 +2.9237e+00 +1.0749e+00
26 +3.888795035e+03 +3.888795035e+03 +3.902455035e+03 +3.902455035e+03 +9.4847e-01 -8.7272e-01 -1.9374e+00 +2.1462e+00 -1.4418e+00 -2.0286e-01 +2.1850e+00 -5.5934e-01 +2.7465e+00 +1.0793e+00
30 +6.540960600e+01 +6.540960600e+01 +7.906960600e+01 +7.906960600e+01 +9.1106e-01 -8.1569e-01 -1.9588e+00 +2.0572e+00 -1.4490e+00 -4.6623e-01 +2.0886e+00 -8.3663e-01 +2.8112e+00 +8.5931e-01
276 +5.894710934e+01 +5.894710934e+01 +7.260710934e+01 +7.260710934e+01 +9.8527e-01 -6.2221e-01 -1.8486e+00 +2.0989e+00 -1.4233e+00 -4.0802e-01 +2.0608e+00 -1.1154e+00 +2.7912e+00 +6.3873e-01
528 +5.784178413e+01 +5.784178413e+01 +7.150178413e+01 +7.150178413e+01 +9.5448e-01 -6.9817e-01 -1.5991e+00 +2.0890e+00 -1.3689e+00 -3.8824e-01 +2.1800e+00 -1.2488e+00 +2.9046e+00 +6.9825e-01
539 +5.544841474e+01 +5.544841474e+01 +6.910841474e+01 +6.910841474e+01 +1.0318e+00 -7.3354e-01 -1.4151e+00 +2.1019e+00 -1.2593e+00 -3.4096e-01 +2.2622e+00 -1.3796e+00 +2.8214e+00 +6.6839e-01
1454 +5.474911077e+01 +5.474911077e+01 +6.840911077e+01 +6.840911077e+01 +8.4298e-01 -6.9361e-01 -1.3972e+00 +2.0400e+00 -1.4780e+00 -5.9733e-01 +2.2079e+00 -1.3320e+00 +3.0993e+00 +5.5331e-01
1736 +5.347573627e+01 +5.347573627e+01 +6.713573627e+01 +6.713573627e+01 +8.2386e-01 -6.4047e-01 -1.4973e+00 +2.0237e+00 -1.4803e+00 -6.9202e-01 +2.1636e+00 -1.3409e+00 +3.0819e+00 +2.4493e-01
1843 +5.088190295e+01 +5.088190295e+01 +6.454190295e+01 +6.454190295e+01 +8.6196e-01 -6.1513e-01 -1.3549e+00 +2.0165e+00 -1.4744e+00 -7.6930e-01 +2.1453e+00 -1.3681e+00 +3.0185e+00 +2.5830e-01
7207 +5.009967924e+01 +5.009967924e+01 +6.375967924e+01 +6.375967924e+01 +7.3577e-01 -6.1220e-01 -1.3514e+00 +2.0263e+00 -1.5099e+00 -6.8050e-01 +2.1691e+00 -1.4281e+00 +2.8556e+00 +3.0729e-01
11823 +4.896350076e+01 +4.896350076e+01 +6.262350076e+01 +6.262350076e+01 +7.3976e-01 -6.0391e-01 -1.3626e+00 +2.0221e+00 -1.5058e+00 -6.7955e-01 +2.1761e+00 -1.4402e+00 +2.7567e+00 +2.2870e-01
15660 +4.786045554e+01 +4.786045554e+01 +6.152045554e+01 +6.152045554e+01 +7.4198e-01 -6.0698e-01 -1.3628e+00 +2.0230e+00 -1.5107e+00 -6.7427e-01 +2.1757e+00 -1.4605e+00 +2.5100e+00 +1.7925e-01
19413 +4.677053507e+01 +4.677053507e+01 +6.043053507e+01 +6.043053507e+01 +7.4460e-01 -6.1356e-01 -1.3644e+00 +2.0221e+00 -1.5126e+00 -6.8486e-01 +2.1755e+00 -1.4486e+00 +2.2247e+00 +1.0911e-01
24178 +4.570068544e+01 +4.570068544e+01 +5.936068544e+01 +5.936068544e+01 +7.4481e-01 -6.0795e-01 -1.3610e+00 +2.0237e+00 -1.5118e+00 -6.8801e-01 +2.1753e+00 -1.4499e+00 +1.9775e+00 +3.6454e-02
27946 +4.462918326e+01 +4.462918326e+01 +5.828918326e+01 +5.828918326e+01 +7.4463e-01 -6.0492e-01 -1.3613e+00 +2.0242e+00 -1.5125e+00 -6.8910e-01 +2.1753e+00 -1.4503e+00 +1.6993e+00 -3.7527e-02
31625 +4.362213598e+01 +4.362213598e+01 +5.728213598e+01 +5.728213598e+01 +7.4454e-01 -6.0391e-01 -1.3640e+00 +2.0238e+00 -1.5127e+00 -6.8824e-01 +2.1753e+00 -1.4501e+00 +1.4166e+00 -1.0775e-01
35754 +4.264873039e+01 +4.264873039e+01 +5.630873039e+01 +5.630873039e+01 +7.4364e-01 -6.0195e-01 -1.3538e+00 +2.0238e+00 -1.5127e+00 -6.9033e-01 +2.1753e+00 -1.4469e+00 +1.0926e+00 -1.7769e-01
53907 +4.168687254e+01 +4.168687254e+01 +5.534687254e+01 +5.534687254e+01 +7.4345e-01 -6.0020e-01 -1.3548e+00 +2.0223e+00 -1.5046e+00 -6.9588e-01 +2.1755e+00 -1.4509e+00 +6.4603e-01 -3.0976e-01
65809 +4.072901319e+01 +4.072901319e+01 +5.438901319e+01 +5.438901319e+01 +6.9358e-01 -5.9978e-01 -1.3535e+00 +2.0227e+00 -1.5026e+00 -7.0618e-01 +2.1759e+00 -1.5270e+00 +5.5991e-01 -4.1117e-01
73240 +3.979981112e+01 +3.979981112e+01 +5.345981112e+01 +5.345981112e+01 +6.7243e-01 -5.9987e-01 -1.3524e+00 +2.0234e+00 -1.4973e+00 -7.0781e-01 +2.1759e+00 -1.6421e+00 +5.4625e-01 -4.9913e-01
81282 +3.890075923e+01 +3.890075923e+01 +5.256075923e+01 +5.256075923e+01 +6.7346e-01 -5.9977e-01 -1.3520e+00 +2.0244e+00 -1.4979e+00 -7.0772e-01 +2.1760e+00 -1.7766e+00 +5.4447e-01 -5.8647e-01
90413 +3.801271830e+01 +3.801271830e+01 +5.167271830e+01 +5.167271830e+01 +6.7219e-01 -5.9970e-01 -1.3514e+00 +2.0249e+00 -1.4967e+00 -7.0796e-01 +2.1760e+00 -1.9243e+00 +5.4253e-01 -6.8366e-01
101317 +3.715336374e+01 +3.715336374e+01 +5.081336374e+01 +5.081336374e+01 +6.7134e-01 -5.9968e-01 -1.3514e+00 +2.0251e+00 -1.4965e+00 -7.0789e-01 +2.1759e+00 -2.0882e+00 +5.4167e-01 -7.8990e-01
% function evaluation | noise-free fitness - Fopt (9.378400000000e+02) | best noise-free fitness - Fopt | measured fitness | best measured fitness | x1 | x2...
1 +6.003504301e+06 +6.003504301e+06 +6.004442141e+06 +6.004442141e+06 +0.0000e+00 +0.0000e+00 +0.0000e+00 +0.0000e+00 +0.0000e+00 +0.0000e+00 +0.0000e+00 +0.0000e+00 +0.0000e+00 +0.0000e+00
2 +1.794487109e+04 +1.794487109e+04 +1.888271109e+04 +1.888271109e+04 -3.2596e+00 +9.2261e-01 +1.3234e+00 +3.1939e+00 +1.1727e+00 -1.0707e+00 -9.6828e-02 -1.4264e+00 -1.5965e+00 +1.4704e+00
13 +1.081335216e+03 +1.081335216e+03 +2.019175216e+03 +2.019175216e+03 -3.3249e+00 +1.0604e+00 +1.4135e+00 +3.0449e+00 +1.2575e+00 -1.1992e+00 -1.2727e-01 -1.5449e+00 -1.7164e+00 +1.4846e+00
32 +2.071038666e+02 +2.071038666e+02 +1.144943867e+03 +1.144943867e+03 -3.3566e+00 +1.0362e+00 +1.3410e+00 +3.0867e+00 +1.1002e+00 -9.1395e-01 -1.9762e-01 -1.3701e+00 -1.4873e+00 +1.5230e+00
66 +1.797816062e+02 +1.797816062e+02 +1.117621606e+03 +1.117621606e+03 -3.4892e+00 +9.7645e-01 +1.3631e+00 +3.2046e+00 +1.0548e+00 -1.0703e+00 -5.1732e-02 -1.4270e+00 -1.6394e+00 +1.6490e+00
71 +1.347881987e+02 +1.347881987e+02 +1.072628199e+03 +1.072628199e+03 -3.8843e+00 +8.7998e-01 +1.5184e+00 +3.3899e+00 +8.9292e-01 -1.2895e+00 -5.1739e-02 -1.3740e+00 -1.6769e+00 +1.7953e+00
132 +1.006882252e+02 +1.006882252e+02 +1.038528225e+03 +1.038528225e+03 -3.5363e+00 +9.9654e-01 +1.5424e+00 +3.0820e+00 +1.0836e+00 -1.0931e+00 -6.9204e-02 -1.3389e+00 -1.7312e+00 +1.6657e+00
1019 +9.567833794e+01 +9.567833794e+01 +1.033518338e+03 +1.033518338e+03 -3.4540e+00 +1.1882e+00 +1.0521e+00 +2.6369e+00 +6.0013e-01 -1.1863e+00 -6.3514e-01 -1.3320e+00 -1.9259e+00 +1.9532e+00
1172 +9.386146957e+01 +9.386146957e+01 +1.031701470e+03 +1.031701470e+03 -3.4471e+00 +1.3011e+00 +1.1360e+00 +2.7495e+00 +5.6986e-01 -1.0692e+00 -5.2652e-01 -1.1789e+00 -1.9938e+00 +2.1390e+00
13242 +9.321377184e+01 +9.321377184e+01 +1.031053772e+03 +1.031053772e+03 -3.5351e+00 +9.1698e-01 +1.1620e+00 +2.5689e+00 +6.7389e-01 -9.9407e-01 -6.7747e-01 -1.1431e+00 -1.9490e+00 +2.2635e+00
18793 +9.119590749e+01 +9.119590749e+01 +1.029035907e+03 +1.029035907e+03 -3.5206e+00 +9.1501e-01 +1.1677e+00 +2.5704e+00 +6.4554e-01 -9.8891e-01 -1.4941e+00 -1.1350e+00 -1.9022e+00 +2.2612e+00
36900 +8.911944732e+01 +8.911944732e+01 +1.026959447e+03 +1.026959447e+03 -3.4833e+00 +9.1416e-01 +1.1753e+00 +2.5591e+00 +5.6739e-01 -9.5703e-01 -1.4976e+00 -1.1211e+00 -1.7447e+00 +2.2610e+00
48913 +8.709168155e+01 +8.709168155e+01 +1.024931682e+03 +1.024931682e+03 -3.4387e+00 +9.1296e-01 +1.1758e+00 +2.5624e+00 +5.4459e-01 -7.6341e-01 -1.5046e+00 -1.1060e+00 -1.7449e+00 +2.2609e+00
61968 +8.511108344e+01 +8.511108344e+01 +1.022951083e+03 +1.022951083e+03 -3.3913e+00 +9.1361e-01 +1.1754e+00 +2.5551e+00 +5.2995e-01 -5.4928e-01 -1.5225e+00 -1.0769e+00 -1.7448e+00 +2.2595e+00
72747 +8.316595262e+01 +8.316595262e+01 +1.021005953e+03 +1.021005953e+03 -3.3909e+00 +9.1212e-01 +1.1756e+00 +2.5548e+00 +5.2781e-01 -3.4267e-01 -1.5347e+00 -1.0143e+00 -1.7422e+00 +2.2588e+00
85744 +8.128249940e+01 +8.128249940e+01 +1.019122499e+03 +1.019122499e+03 -3.3845e+00 +9.1706e-01 +1.1765e+00 +2.5430e+00 +5.2874e-01 -1.5705e-01 -1.4919e+00 -9.5359e-01 -1.7416e+00 +2.2578e+00
99350 +7.943104039e+01 +7.943104039e+01 +1.017271040e+03 +1.017271040e+03 -3.3849e+00 +9.1812e-01 +1.1769e+00 +2.5312e+00 +5.2889e-01 +5.0561e-02 -1.4910e+00 -8.8412e-01 -1.7424e+00 +2.2577e+00
% function evaluation | noise-free fitness - Fopt (-7.872000000000e+01) | best noise-free fitness - Fopt | measured fitness | best measured fitness | x1 | x2...
1 +1.588635920e+05 +1.588635920e+05 +1.587848720e+05 +1.587848720e+05 +0.0000e+00 +0.0000e+00 +0.0000e+00 +0.0000e+00 +0.0000e+00 +0.0000e+00 +0.0000e+00 +0.0000e+00 +0.0000e+00 +0.0000e+00
204 +5.605151420e+04 +5.605151420e+04 +5.597279420e+04 +5.597279420e+04 +8.4789e-01 -1.0411e+00 -5.7738e-01 -2.9128e-01 -3.4414e-01 -6.5708e-01 -1.0990e+00 +1.1381e+00 -2.8283e+00 +1.1368e+00
222 +1.187718774e+04 +1.187718774e+04 +1.179846774e+04 +1.179846774e+04 +1.5701e+00 -1.6780e+00 -9.5124e-01 -1.0430e+00 -1.0164e+00 -1.0952e+00 -1.1180e+00 +3.5034e-01 -2.2120e+00 +1.5848e+00
227 +1.172845831e+02 +1.172845831e+02 +3.856458311e+01 +3.856458311e+01 +7.8778e-01 -1.9967e+00 -7.3280e-01 -1.5686e-01 -6.3676e-01 +4.2425e-02 +5.7982e-02 +1.4056e+00 -2.3178e+00 +1.4312e+00
286 +8.889330691e+01 +8.889330691e+01 +1.017330691e+01 +1.017330691e+01 +9.7831e-01 -1.7396e+00 -1.0415e+00 -3.3140e-01 -5.9512e-01 +1.9919e-01 -6.4305e-01 +8.6163e-01 -1.8720e+00 +2.1520e+00
% function evaluation | noise-free fitness - Fopt (-6.949000000000e+01) | best noise-free fitness - Fopt | measured fitness | best measured fitness | x1 | x2...
1 +3.245719248e+05 +3.245719248e+05 +3.245024348e+05 +3.245024348e+05 +0.0000e+00 +0.0000e+00 +0.0000e+00 +0.0000e+00 +0.0000e+00 +0.0000e+00 +0.0000e+00 +0.0000e+00 +0.0000e+00 +0.0000e+00
2 +1.309073902e+05 +1.309073902e+05 +1.308379002e+05 +1.308379002e+05 -2.1312e+00 -7.2768e-01 +3.2657e+00 -1.9132e+00 -1.3322e+00 +2.5356e+00 -2.2838e+00 +1.5686e+00 +9.4818e-02 -1.0482e+00
3 +1.025058189e+05 +1.025058189e+05 +1.024363289e+05 +1.024363289e+05 -2.0214e+00 -6.4843e-01 +3.3152e+00 -1.9469e+00 -1.4434e+00 +2.4831e+00 -2.2839e+00 +1.5126e+00 +3.1792e-01 -1.1846e+00
9 +1.000005580e+05 +1.000005580e+05 +9.993106796e+04 +9.993106796e+04 -1.9739e+00 -6.1735e-01 +3.0557e+00 -1.8450e+00 -1.4293e+00 +2.4366e+00 -2.1210e+00 +1.4873e+00 +3.1004e-01 -9.7895e-01
10 +5.489330050e+04 +5.489330050e+04 +5.482381050e+04 +5.482381050e+04 -1.9993e+00 -5.8223e-01 +3.2548e+00 -1.9383e+00 -1.3692e+00 +2.5034e+00 -2.4520e+00 +1.6558e+00 +8.0664e-02 -1.1755e+00
14 +3.911424511e+04 +3.911424511e+04 +3.904475511e+04 +3.904475511e+04 -1.9591e+00 -6.1435e-01 +3.3186e+00 -1.9988e+00 -1.4331e+00 +2.3379e+00 -2.4963e+00 +1.7548e+00 +3.0065e-01 -1.2738e+00
16 +1.283099841e+03 +1.283099841e+03 +1.213609841e+03 +1.213609841e+03 -1.9040e+00 -4.8131e-01 +3.4799e+00 -1.9780e+00 -1.3641e+00 +2.1927e+00 -2.3214e+00 +1.5846e+00 +2.7568e-01 -1.0521e+00
44 +3.991966024e+02 +3.991966024e+02 +3.297066024e+02 +3.297066024e+02 -2.0396e+00 -4.0216e-01 +3.3035e+00 -1.9412e+00 -1.4250e+00 +2.3037e+00 -2.3067e+00 +1.6956e+00 +1.7862e-01 -1.1121e+00
47 +2.838919006e+02 +2.838919006e+02 +2.144019006e+02 +2.144019006e+02 -2.1363e+00 -4.6318e-01 +3.1571e+00 -1.9311e+00 -1.3488e+00 +2.3823e+00 -2.4394e+00 +1.8406e+00 +5.2548e-01 -1.0884e+00
56 +8.882591504e+01 +8.882591504e+01 +1.933591504e+01 +1.933591504e+01 -2.1740e+00 -4.0577e-01 +3.0602e+00 -1.7477e+00 -1.4558e+00 +2.3368e+00 -2.4596e+00 +1.8491e+00 +2.2778e-01 -9.9409e-01
142 +8.651793523e+01 +8.651793523e+01 +1.702793523e+01 +1.702793523e+01 -2.1343e+00 -3.6455e-01 +3.3699e+00 -1.8921e+00 -1.4526e+00 +2.0607e+00 -2.3587e+00 +1.6849e+00 +2.3620e-01 -1.3260e+00
166 +8.168344490e+01 +8.168344490e+01 +1.219344490e+01 +1.219344490e+01 -2.2474e+00 -3.8919e-01 +3.1993e+00 -1.8695e+00 -1.3690e+00 +2.0311e+00 -2.3103e+00 +1.8066e+00 +1.5801e-01 -1.2199e+00
563 +8.095086588e+01 +8.095086588e+01 +1.146086588e+01 +1.146086588e+01 -1.6955e+00 -6.3532e-01 +3.1332e+00 -1.8282e+00 -1.2673e+00 +2.0002e+00 -2.3386e+00 +2.0821e+00 +5.6792e-01 -8.8913e-01
748 +7.741591926e+01 +7.741591926e+01 +7.925919259e+00 +7.925919259e+00 -1.7634e+00 -6.3173e-01 +3.1636e+00 -1.7332e+00 -1.1130e+00 +1.8029e+00 -2.1205e+00 +2.1369e+00 +5.9446e-01 -1.0384e+00
905 +7.548785205e+01 +7.548785205e+01 +5.997852048e+00 +5.997852048e+00 -1.7179e+00 -6.0326e-01 +3.1125e+00 -1.6920e+00 -9.2993e-01 +1.4670e+00 -2.0419e+00 +2.2606e+00 +4.4772e-01 -1.3374e+00
1095 +7.371093130e+01 +7.371093130e+01 +4.220931297e+00 +4.220931297e+00 -1.6393e+00 -6.1309e-01 +2.9666e+00 -1.6300e+00 -8.4045e-01 +1.6875e+00 -2.1643e+00 +2.3810e+00 +3.4590e-01 -1.2225e+00
20090 +7.237761785e+01 +7.237761785e+01 +2.887617848e+00 +2.887617848e+00 -1.6079e+00 -6.9755e-01 +3.3693e+00 -1.7517e+00 +1.2400e+00 +1.1760e+00 -1.8100e+00 +2.4480e+00 +7.2830e-01 -2.0649e+00
24703 +7.077077661e+01 +7.077077661e+01 +1.280776612e+00 +1.280776612e+00 -1.5964e+00 -6.9724e-01 +3.2835e+00 -1.7375e+00 +1.6713e+00 +1.1651e+00 -1.8126e+00 +2.4436e+00 +7.2835e-01 -2.0643e+00
30852 +6.917389961e+01 +6.917389961e+01 -3.161003877e-01 -3.161003877e-01 -1.5706e+00 -6.9732e-01 +3.1984e+00 -1.7280e+00 +2.2209e+00 +1.1691e+00 -1.8089e+00 +2.4265e+00 +7.2766e-01 -2.0633e+00
35708 +6.760246041e+01 +6.760246041e+01 -1.887539590e+00 -1.887539590e+00 -1.2723e+00 -6.9763e-01 +3.1430e+00 -1.6947e+00 +2.4034e+00 +1.1525e+00 -1.7950e+00 +2.4178e+00 +7.2622e-01 -2.0619e+00
39116 +6.606688635e+01 +6.606688635e+01 -3.423113647e+00 -3.423113647e+00 -5.9355e-01 -6.9779e-01 +3.0511e+00 -1.6763e+00 +2.4984e+00 +1.1389e+00 -1.7940e+00 +2.4133e+00 +7.2695e-01 -2.0657e+00
55178 +6.456523074e+01 +6.456523074e+01 -4.924769259e+00 -4.924769259e+00 -3.9048e-01 -6.9632e-01 +2.9317e+00 -1.6757e+00 +2.7275e+00 +1.0233e+00 -1.8221e+00 +2.3961e+00 +7.2105e-01 -2.0646e+00
63081 +6.308083394e+01 +6.308083394e+01 -6.409166058e+00 -6.409166058e+00 -3.9036e-01 -6.9636e-01 +2.8063e+00 -1.6745e+00 +2.7182e+00 +7.8228e-01 -1.8220e+00 +2.3984e+00 +7.1961e-01 -2.0647e+00
71420 +6.160608487e+01 +6.160608487e+01 -7.883915126e+00 -7.883915126e+00 -3.8864e-01 -6.9632e-01 +2.6875e+00 -1.6528e+00 +2.7283e+00 +5.3545e-01 -1.8204e+00 +2.3951e+00 +7.1978e-01 -2.0648e+00
82726 +6.025470163e+01 +6.025470163e+01 -9.235298367e+00 -9.235298367e+00 -3.8789e-01 -6.9647e-01 +2.5768e+00 -1.6129e+00 +2.7342e+00 +3.0249e-01 -1.8228e+00 +2.3955e+00 +7.1978e-01 -2.0646e+00
91625 +5.887399140e+01 +5.887399140e+01 -1.061600860e+01 -1.061600860e+01 -3.8568e-01 -6.9636e-01 +2.4505e+00 -1.6187e+00 +2.7363e+00 +5.9640e-02 -1.8231e+00 +2.3933e+00 +7.1996e-01 -2.0649e+00
101697 +5.753308057e+01 +5.753308057e+01 -1.195691943e+01 -1.195691943e+01 -3.8582e-01 -6.9628e-01 +2.3224e+00 -1.6165e+00 +2.7327e+00 -1.8918e-01 -1.8232e+00 +2.3931e+00 +7.1996e-01 -2.0650e+00
% function evaluation | noise-free fitness - Fopt (-2.718000000000e+01) | best noise-free fitness - Fopt | measured fitness | best measured fitness | x1 | x2...
1 +2.519330767e+07 +2.519330767e+07 +2.519328049e+07 +2.519328049e+07 +0.0000e+00 +0.0000e+00 +0.0000e+00 +0.0000e+00 +0.0000e+00 +0.0000e+00 +0.0000e+00 +0.0000e+00 +0.0000e+00 +0.0000e+00
2 +1.839169816e+07 +1.839169816e+07 +1.839167098e+07 +1.839167098e+07 -1.7646e+00 +8.2795e-01 +2.5959e+00 -5.8620e-03 +3.3681e+00 -8.7736e-01 -2.7894e+00 +2.5562e+00 -3.0523e+00 -3.3892e+00
3 +1.727479108e+07 +1.727479108e+07 +1.727476390e+07 +1.727476390e+07 -1.5682e+00 +6.6780e-01 +2.6811e+00 +7.2824e-02 +3.5298e+00 -9.2302e-01 -2.8868e+00 +2.5210e+00 -3.1505e+00 -3.6108e+00
8 +1.693385263e+07 +1.693385263e+07 +1.693382545e+07 +1.693382545e+07 -1.8426e+00 +8.5197e-01 +2.6108e+00 +1.3696e-01 +3.3429e+00 -1.0545e+00 -2.9947e+00 +2.6688e+00 -2.9662e+00 -3.4535e+00
20 +1.640979914e+07 +1.640979914e+07 +1.640977196e+07 +1.640977196e+07 -1.8079e+00 +5.2954e-01 +2.6656e+00 -1.1369e-01 +3.6014e+00 -9.4381e-01 -2.9611e+00 +2.6807e+00 -3.0998e+00 -3.1926e+00
48 +1.546313209e+07 +1.546313209e+07 +1.546310491e+07 +1.546310491e+07 -1.7804e+00 +4.7711e-01 +2.8381e+00 +1.5992e-01 +3.4831e+00 -8.8795e-01 -2.9641e+00 +2.5553e+00 -2.8843e+00 -3.3721e+00
70 +1.504160727e+07 +1.504160727e+07 +1.504158009e+07 +1.504158009e+07 -1.6093e+00 +4.9151e-01 +2.8672e+00 +1.4212e-01 +3.5860e+00 -9.8376e-01 -2.9539e+00 +2.6004e+00 -2.9551e+00 -3.2788e+00
74 +1.448534231e+07 +1.448534231e+07 +1.448531513e+07 +1.448531513e+07 -1.6447e+00 +6.4995e-01 +2.7786e+00 +1.6229e-01 +3.6557e+00 -1.0564e+00 -3.0872e+00 +2.7151e+00 -2.7671e+00 -3.2384e+00
90 +1.366868227e+07 +1.366868227e+07 +1.366865509e+07 +1.366865509e+07 -1.6188e+00 +6.0546e-01 +3.0397e+00 +2.3577e-01 +3.5486e+00 -1.1310e+00 -3.1162e+00 +2.6438e+00 -2.8765e+00 -3.2901e+00
94 +1.245027085e+07 +1.245027085e+07 +1.245024367e+07 +1.245024367e+07 -1.8842e+00 +2.1203e-01 +3.0093e+00 +2.0958e-01 +3.6096e+00 -1.0790e+00 -3.0911e+00 +2.5283e+00 -2.7745e+00 -3.3517e+00
100 +1.194729051e+07 +1.194729051e+07 +1.194726333e+07 +1.194726333e+07 -1.7131e+00 +3.9006e-01 +2.8397e+00 +3.8722e-02 +3.7173e+00 -1.1815e+00 -3.2632e+00 +2.5778e+00 -2.6549e+00 -3.4458e+00
118 +1.153768597e+07 +1.153768597e+07 +1.153765879e+07 +1.153765879e+07 -2.0043e+00 +2.7464e-01 +3.0956e+00 -2.8047e-02 +3.8372e+00 -1.1443e+00 -3.0362e+00 +2.6395e+00 -2.6677e+00 -3.4627e+00
125 +9.454793736e+06 +9.454793736e+06 +9.454766556e+06 +9.454766556e+06 -1.6440e+00 +2.2347e-01 +2.7594e+00 +1.6370e-03 +3.6400e+00 -1.6239e+00 -2.9482e+00 +2.6161e+00 -2.4063e+00 -3.2605e+00
137 +9.024437369e+06 +9.024437369e+06 +9.024410189e+06 +9.024410189e+06 -1.9577e+00 +1.3774e-01 +3.1436e+00 +1.6667e-01 +3.8336e+00 -1.4819e+00 -3.4197e+00 +2.2598e+00 -2.6975e+00 -3.4448e+00
142 +8.805498091e+06 +8.805498091e+06 +8.805470911e+06 +8.805470911e+06 -1.8930e+00 -1.3879e-01 +3.2506e+00 +2.5528e-01 +4.2109e+00 -1.2569e+00 -2.8588e+00 +2.4344e+00 -2.4200e+00 -3.2349e+00
157 +7.360105831e+06 +7.360105831e+06 +7.360078651e+06 +7.360078651e+06 -1.7894e+00 -2.0245e-01 +3.3864e+00 +3.2621e-01 +3.7040e+00 -1.3692e+00 -3.0210e+00 +2.7343e+00 -2.2060e+00 -3.2949e+00
167 +6.937737498e+06 +6.937737498e+06 +6.937710318e+06 +6.937710318e+06 -1.8026e+00 -3.7039e-01 +3.3440e+00 +2.9048e-01 +4.1078e+00 -1.2087e+00 -3.1680e+00 +1.8484e+00 -2.0781e+00 -3.0747e+00
172 +6.235211665e+06 +6.235211665e+06 +6.235184485e+06 +6.235184485e+06 -2.1885e+00 -2.2278e-01 +3.8709e+00 +5.8450e-01 +4.4002e+00 -1.4205e+00 -3.1966e+00 +2.5641e+00 -2.3690e+00 -3.4286e+00
193 +5.507686973e+06 +5.507686973e+06 +5.507659793e+06 +5.507659793e+06 -2.5384e+00 +4.8871e-02 +3.5753e+00 +2.5282e-01 +4.7371e+00 -1.8995e+00 -3.1306e+00 +2.5141e+00 -2.2267e+00 -3.6550e+00
196 +4.462653860e+06 +4.462653860e+06 +4.462626680e+06 +4.462626680e+06 -2.1142e+00 -8.0362e-01 +3.4033e+00 +2.5526e-01 +4.4654e+00 -1.4868e+00 -3.7244e+00 +2.4793e+00 -1.9677e+00 -2.5376e+00
202 +4.271355313e+06 +4.271355313e+06 +4.271328133e+06 +4.271328133e+06 -1.8544e+00 +2.1300e-01 +4.1886e+00 +2.4348e-01 +3.9856e+00 -2.4093e+00 -3.1805e+00 +2.2059e+00 -2.4109e+00 -3.4623e+00
207 +4.196650095e+06 +4.196650095e+06 +4.196622915e+06 +4.196622915e+06 -2.2760e+00 +1.0412e-01 +3.2536e+00 +1.9716e-01 +3.8225e+00 -1.9057e+00 -4.0101e+00 +1.8624e+00 -1.3741e+00 -3.2694e+00
210 +2.927275133e+06 +2.927275133e+06 +2.927247953e+06 +2.927247953e+06 -1.6550e+00 -9.3210e-01 +4.1437e+00 -1.0940e-01 +3.8832e+00 -1.8931e+00 -3.1916e+00 +1.8617e+00 -1.7645e+00 -3.6174e+00
212 +1.077843731e+06 +1.077843731e+06 +1.077816551e+06 +1.077816551e+06 -1.7144e+00 -2.7420e-01 +4.0662e+00 -3.9018e-01 +3.8989e+00 -2.7165e+00 -3.8863e+00 +2.3269e+00 -1.4531e+00 -3.8645e+00
236 +1.972455978e+05 +1.972455978e+05 +1.972184178e+05 +1.972184178e+05 -1.7084e+00 -1.1856e+00 +4.7161e+00 -4.3381e-01 +3.5489e+00 -2.8843e+00 -3.2257e+00 +1.4387e+00 -1.2214e+00 -3.0970e+00
244 +1.145422085e+02 +1.145422085e+02 +8.736220852e+01 +8.736220852e+01 -2.1849e+00 -1.7376e+00 +3.6149e+00 +1.1223e-01 +4.3844e+00 -2.7588e+00 -2.5083e+00 +2.3428e+00 +5.5830e-01 -3.8506e+00
308 +8.089466474e+01 +8.089466474e+01 +5.371466474e+01 +5.371466474e+01 -1.7721e+00 -5.5047e-01 +4.0386e+00 -6.5363e-02 +4.7857e+00 -4.1252e+00 -3.0947e+00 +1.7142e+00 -9.8985e-01 -3.0850e+00
% function evaluation | noise-free fitness - Fopt (-6.968800000000e+02) | best noise-free fitness - Fopt | measured fitness | best measured fitness | x1 | x2...
1 +1.877028118e+07 +1.877028118e+07 +1.876958430e+07 +1.876958430e+07 +0.0000e+00 +0.0000e+00 +0.0000e+00 +0.0000e+00 +0.0000e+00 +0.0000e+00 +0.0000e+00 +0.0000e+00 +0.0000e+00 +0.0000e+00
208 +1.203212885e+07 +1.203212885e+07 +1.203143197e+07 +1.203143197e+07 -4.1714e-01 -7.8955e+00 +3.2426e+00 +2.5418e+00 +8.0161e-02 -2.0307e+00 -1.5467e+00 +9.5213e-01 -1.4527e+00 -8.7220e-01
224 +2.792294198e+06 +2.792294198e+06 +2.791597318e+06 +2.791597318e+06 +1.3129e+00 -8.1723e+00 +6.2951e-01 +1.8288e+00 -3.6490e-01 -2.7165e+00 -3.1706e+00 +8.9486e-01 -2.5098e+00 +6.3255e-01
259 +2.700291124e+06 +2.700291124e+06 +2.699594244e+06 +2.699594244e+06 -3.8710e-02 -7.1054e+00 +2.5612e-01 +3.3094e+00 +4.7988e-01 -1.9776e+00 -3.9253e+00 +2.5788e+00 -3.9060e+00 +1.1112e-01
262 +2.330896600e+06 +2.330896600e+06 +2.330199720e+06 +2.330199720e+06 +9.1507e-01 -7.7530e+00 +2.7188e-01 +3.8157e-02 -3.8776e-01 -2.7678e+00 -3.0887e+00 -4.4487e-02 -2.9594e+00 -1.6324e+00
270 +8.399017641e+04 +8.399017641e+04 +8.329329641e+04 +8.329329641e+04 +9.6696e-01 -7.2196e+00 +1.1794e-02 +2.1778e+00 -1.6942e+00 -1.6740e+00 -1.0894e+00 +1.2251e+00 -5.1332e+00 +8.1269e-01
276 +2.862138786e+04 +2.862138786e+04 +2.792450786e+04 +2.792450786e+04 +1.8133e+00 -1.0165e+01 -3.6042e-01 +2.9271e+00 -1.1645e+00 -2.8466e+00 -4.9751e+00 +7.6163e-01 -2.1243e+00 -1.5283e+00
299 +3.805389698e+03 +3.805389698e+03 +3.108509698e+03 +3.108509698e+03 +4.9652e-01 -1.0200e+01 +7.0991e-02 +2.6759e+00 -1.6892e+00 -3.8763e+00 -4.3853e+00 +6.9072e-01 -5.0315e+00 -6.7411e-01
374 +4.609428445e+02 +4.609428445e+02 -2.359371555e+02 -2.359371555e+02 +6.5797e-01 -9.2280e+00 +8.1432e-01 +3.0508e+00 -2.4022e+00 -2.0810e+00 -4.3441e+00 -7.8131e-01 -3.4431e+00 +1.4322e-01
761 +1.960154765e+02 +1.960154765e+02 -5.008645235e+02 -5.008645235e+02 -2.2912e+00 -8.9859e+00 +7.6330e-01 +5.1762e-01 -2.2595e-01 -1.2001e+00 -8.1739e+00 -1.3389e+00 -4.4639e+00 -1.5681e+00
858 +1.628276778e+02 +1.628276778e+02 -5.340523222e+02 -5.340523222e+02 -1.7700e+00 -8.4341e+00 +3.4165e-01 +2.1715e+00 -2.3349e+00 -2.8040e+00 -6.7911e+00 -1.6821e+00 -4.7893e+00 -2.1506e+00
91967 +1.621376898e+02 +1.621376898e+02 -5.347423102e+02 -5.347423102e+02 -1.6886e+00 -1.0302e+01 +1.2558e+00 +1.9045e+00 -3.5453e+00 -2.8919e+00 -6.4841e+00 -2.7505e+00 -3.1834e+00 +2.4333e+00
102760 +1.584876351e+02 +1.584876351e+02 -5.383923649e+02 -5.383923649e+02 -1.6874e+00 -1.0302e+01 +1.2557e+00 +1.9044e+00 -3.5437e+00 -2.8924e+00 -6.3363e+00 -2.5446e+00 -3.1835e+00 +2.4448e+00
% function evaluation | noise-free fitness - Fopt (-4.895300000000e+02) | best noise-free fitness - Fopt | measured fitness | best measured fitness | x1 | x2...
1 +5.568600780e+05 +5.568600780e+05 +5.563705480e+05 +5.563705480e+05 +0.0000e+00 +0.0000e+00 +0.0000e+00 +0.0000e+00 +0.0000e+00 +0.0000e+00 +0.0000e+00 +0.0000e+00 +0.0000e+00 +0.0000e+00
124 +3.305940531e+05 +3.305940531e+05 +3.301045231e+05 +3.301045231e+05 -2.9583e+00 -1.4490e+00 -4.5359e+00 +3.0499e+00 +3.0178e+00 -2.1325e+00 +1.2639e+00 +1.1572e+00 +5.7962e-01 -6.4256e-01
135 +2.934280633e+05 +2.934280633e+05 +2.929385333e+05 +2.929385333e+05 -2.8380e+00 -2.2172e+00 -4.6122e+00 +3.7806e+00 +3.4450e+00 -2.2474e+00 +4.4768e-01 +7.8101e-01 +8.4500e-01 -5.9240e-01
139 +5.407224475e+04 +5.407224475e+04 +5.358271475e+04 +5.358271475e+04 -4.0910e+00 -1.5704e+00 -3.7197e+00 +3.2912e+00 +3.3853e+00 -1.8985e+00 +1.0541e+00 +3.6051e-01 +3.6845e-01 -7.6514e-01
147 +2.264308745e+04 +2.264308745e+04 +2.215355745e+04 +2.215355745e+04 -3.5193e+00 -1.4793e+00 -3.9039e+00 +3.9766e+00 +2.8248e+00 -1.6606e+00 +2.9801e-01 +7.2517e-01 +8.5685e-01 -7.9504e-01
152 +1.123613699e+04 +1.123613699e+04 +1.074660699e+04 +1.074660699e+04 -3.4085e+00 -1.9019e+00 -4.5826e+00 +3.3466e+00 +2.6668e+00 -1.6019e+00 +1.8255e+00 +1.0792e+00 +1.3699e+00 +1.6048e-01
153 +5.621359874e+02 +5.621359874e+02 +7.260598743e+01 +7.260598743e+01 -3.4827e+00 -1.1718e+00 -4.9543e+00 +2.8094e+00 +2.7727e+00 -2.1721e+00 +1.3849e+00 +7.8552e-01 +2.2114e-01 -3.8705e-01
198 +4.426455033e+02 +4.426455033e+02 -4.688449670e+01 -4.688449670e+01 -3.6350e+00 -1.6433e+00 -4.7887e+00 +2.9455e+00 +2.4309e+00 -1.8306e+00 +1.8008e+00 +1.0981e+00 +5.9704e-01 -1.1185e-01
203 +1.975908896e+02 +1.975908896e+02 -2.919391104e+02 -2.919391104e+02 -3.7558e+00 -1.6152e+00 -5.1332e+00 +3.7188e+00 +1.9129e+00 -1.6700e+00 +1.4540e+00 +7.7321e-01 +7.2693e-01 -1.0356e+00
302 +1.843604577e+02 +1.843604577e+02 -3.051695423e+02 -3.051695423e+02 -3.1364e+00 -2.1826e+00 -4.6967e+00 +2.4526e+00 +1.6575e+00 -7.8170e-01 +2.5920e+00 +1.4603e+00 +1.2728e+00 +6.3331e-01
418 +1.370694403e+02 +1.370694403e+02 -3.524605597e+02 -3.524605597e+02 -2.6220e+00 -1.8412e+00 -4.8812e+00 +1.4184e+00 +1.4463e+00 -1.5413e+00 +1.5466e+00 +1.9970e+00 -7.1109e-01 +5.1947e-01
726 +1.261039535e+02 +1.261039535e+02 -3.634260465e+02 -3.634260465e+02 -2.6580e+00 -2.0900e+00 -4.0851e+00 +1.4977e+00 +3.9546e-01 -1.7140e+00 +2.0298e+00 +1.6394e+00 -6.6135e-01 -1.7314e-02
23984 +1.257897056e+02 +1.257897056e+02 -3.637402944e+02 -3.637402944e+02 -2.8166e+00 -2.0691e+00 -3.2725e+00 +1.3381e+00 +1.7914e-01 -2.0610e+00 +2.6122e+00 +1.4811e+00 -6.9869e-01 -7.8142e-02
26116 +1.229822268e+02 +1.229822268e+02 -3.665477732e+02 -3.665477732e+02 -2.8187e+00 -2.0693e+00 -2.9688e+00 +1.2400e+00 +1.8175e-01 -2.0610e+00 +2.6054e+00 +1.4814e+00 -6.9717e-01 -7.8388e-02
29325 +1.200563071e+02 +1.200563071e+02 -3.694736929e+02 -3.694736929e+02 -2.8140e+00 -2.0219e+00 -2.7116e+00 +1.1221e+00 +1.8301e-01 -2.0624e+00 +2.6169e+00 +1.4813e+00 -7.0220e-01 -7.9633e-02
33043 +1.174893169e+02 +1.174893169e+02 -3.720406831e+02 -3.720406831e+02 -2.8056e+00 -2.0148e+00 -2.3972e+00 +1.0236e+00 +1.7975e-01 -2.0627e+00 +2.5964e+00 +1.4802e+00 -6.9919e-01 -8.3400e-02
36963 +1.147896737e+02 +1.147896737e+02 -3.747403263e+02 -3.747403263e+02 -2.8002e+00 -2.0022e+00 -2.0059e+00 +8.8566e-01 +1.7941e-01 -2.0627e+00 +2.5929e+00 +1.4795e+00 -7.0066e-01 -8.2899e-02
48239 +1.122012299e+02 +1.122012299e+02 -3.773287701e+02 -3.773287701e+02 -2.7977e+00 -2.0002e+00 -1.4627e+00 +7.1022e-01 +1.8112e-01 -2.0627e+00 +2.5840e+00 +1.4798e+00 -7.0234e-01 -8.2826e-02
62719 +1.096327522e+02 +1.096327522e+02 -3.798972478e+02 -3.798972478e+02 -2.7961e+00 -1.9997e+00 -1.2160e+00 +4.9628e-01 +7.8494e-02 -2.0625e+00 +2.5796e+00 +1.4799e+00 -7.0228e-01 -8.2669e-02
73108 +1.071500672e+02 +1.071500672e+02 -3.823799328e+02 -3.823799328e+02 -2.7965e+00 -1.9996e+00 -1.2170e+00 +3.0258e-01 -6.3151e-02 -2.0624e+00 +2.5709e+00 +1.4799e+00 -7.0224e-01 -8.2689e-02
85345 +1.047117932e+02 +1.047117932e+02 -3.848182068e+02 -3.848182068e+02 -2.7979e+00 -1.9996e+00 -1.2014e+00 +9.1029e-02 -1.7966e-01 -2.0627e+00 +2.5129e+00 +1.4796e+00 -7.0223e-01 -8.2685e-02
98862 +1.023239046e+02 +1.023239046e+02 -3.872060954e+02 -3.872060954e+02 -2.7980e+00 -1.9996e+00 -1.2088e+00 -1.3478e-01 -2.0015e-01 -2.0626e+00 +2.2878e+00 +1.4795e+00 -7.0223e-01 -8.2685e-02
% function evaluation | noise-free fitness - Fopt (-4.004000000000e+01) | best noise-free fitness - Fopt | measured fitness | best measured fitness | x1 | x2...
1 +1.172182459e+07 +1.172182459e+07 +1.172178455e+07 +1.172178455e+07 +0.0000e+00 +0.0000e+00 +0.0000e+00 +0.0000e+00 +0.0000e+00 +0.0000e+00 +0.0000e+00 +0.0000e+00 +0.0000e+00 +0.0000e+00
161 +1.140668366e+07 +1.140668366e+07 +1.140664362e+07 +1.140664362e+07 +5.8204e-01 -2.0673e-01 +4.3827e+00 -2.3516e+00 +1.4281e+00 +3.0294e+00 -1.1516e-01 +1.8716e+00 -5.7894e-01 -8.6073e-01
164 +1.002864260e+07 +1.002864260e+07 +1.002860256e+07 +1.002860256e+07 +6.8207e-01 -1.4160e-01 +4.5227e+00 -2.1181e+00 +1.5358e+00 +3.3321e+00 -3.9278e-01 +1.3341e+00 -6.5462e-01 -1.2413e+00
178 +8.225843682e+06 +8.225843682e+06 +8.225803642e+06 +8.225803642e+06 +5.4452e-01 -4.0902e-01 +4.6174e+00 -2.2892e+00 +1.1316e+00 +3.3847e+00 -3.9336e-01 +9.5612e-01 -7.4445e-01 -8.7200e-01
179 +6.962467644e+06 +6.962467644e+06 +6.962427604e+06 +6.962427604e+06 +5.1278e-01 -1.9011e+00 +4.2843e+00 -2.2246e+00 +1.6610e+00 +3.1223e+00 +1.9209e-02 +2.0313e+00 -7.7844e-01 -8.9191e-01
201 +3.388544526e+06 +3.388544526e+06 +3.388504486e+06 +3.388504486e+06 -4.8363e-01 -1.5197e+00 +4.3411e+00 -2.2670e+00 +1.2706e+00 +4.1122e+00 +4.6033e-03 +1.6225e+00 -5.1711e-01 -6.1350e-01
222 +3.068794885e+06 +3.068794885e+06 +3.068754845e+06 +3.068754845e+06 -1.1419e+00 -9.6821e-01 +3.6892e+00 -2.4356e+00 +1.6146e+00 +3.7874e+00 -5.3581e-01 +2.2401e+00 -4.8001e-01 -1.6155e+00
232 +2.927463333e+06 +2.927463333e+06 +2.927423293e+06 +2.927423293e+06 -1.0986e+00 -1.1222e+00 +4.3013e+00 -2.7188e+00 +1.6694e+00 +3.6892e+00 -1.8362e-01 +1.4791e+00 -1.7669e-01 -3.8082e-01
235 +2.670149428e+06 +2.670149428e+06 +2.670109388e+06 +2.670109388e+06 -9.5516e-01 -2.0404e+00 +4.5152e+00 -2.3125e+00 +1.4294e+00 +3.0718e+00 -3.1216e-01 +1.4585e+00 -1.2691e-01 -1.0064e+00
244 +5.470852905e+05 +5.470852905e+05 +5.470452505e+05 +5.470452505e+05 -7.7405e-01 -2.3730e+00 +4.0197e+00 -2.1086e+00 +1.7364e+00 +4.0677e+00 +4.2292e-02 +1.3233e+00 +8.5076e-01 -5.5459e-01
248 +5.163305331e+02 +5.163305331e+02 +4.762905331e+02 +4.762905331e+02 -2.1063e+00 -1.8617e+00 +3.8429e+00 -2.4229e+00 +1.9002e+00 +5.0097e+00 -5.3123e-01 +1.4893e+00 +7.3696e-02 -1.0241e+00
313 +3.629887892e+02 +3.629887892e+02 +3.229487892e+02 +3.229487892e+02 -1.4143e+00 -7.9699e-01 +2.9819e+00 -2.8882e+00 +1.2107e+00 +6.2352e+00 -3.0924e-01 +1.0250e+00 -7.2321e-02 -6.4954e-01
324 +1.716884263e+02 +1.716884263e+02 +1.316484263e+02 +1.316484263e+02 -9.7999e-01 -2.1594e+00 +2.4828e+00 -3.1550e+00 +6.7386e-01 +4.5429e+00 -4.6831e-03 +1.5097e+00 +1.1440e+00 -8.0456e-01
484 +1.661290514e+02 +1.661290514e+02 +1.260890514e+02 +1.260890514e+02 -1.1298e+00 -2.8021e+00 +3.0544e+00 -2.8649e+00 +1.8667e+00 +4.7544e+00 -5.1598e-02 +1.0105e+00 -3.6281e-01 -6.0895e-01
528 +1.049716978e+02 +1.049716978e+02 +6.493169778e+01 +6.493169778e+01 -1.2181e+00 -2.4903e+00 +3.2095e+00 -2.9280e+00 +1.8050e+00 +4.8469e+00 -3.2285e-01 +1.0537e+00 -3.6218e-02 -7.3252e-01
704 +9.911304293e+01 +9.911304293e+01 +5.907304293e+01 +5.907304293e+01 -9.6795e-01 -2.8891e+00 +2.4676e+00 -2.7544e+00 +1.8556e+00 +4.8037e+00 +2.5355e-01 +1.6231e+00 -5.1080e-02 -9.1320e-01
739 +9.762389272e+01 +9.762389272e+01 +5.758389272e+01 +5.758389272e+01 -1.7897e+00 -3.1866e+00 +2.4635e+00 -2.6493e+00 +1.6901e+00 +4.3030e+00 +2.5214e-01 +2.0440e+00 -1.6501e-01 -4.7563e-02
33357 +9.549168694e+01 +9.549168694e+01 +5.545168694e+01 +5.545168694e+01 +1.0483e-01 -3.8014e+00 +2.0984e+00 -2.7881e+00 +2.0204e+00 +4.4980e+00 +3.1727e-01 +1.3070e+00 +4.2412e-01 -1.1783e+00
39533 +9.331383188e+01 +9.331383188e+01 +5.327383188e+01 +5.327383188e+01 +1.0421e-01 -3.7986e+00 +1.9618e+00 -2.7866e+00 +2.0206e+00 +4.4960e+00 +3.1380e-01 +1.3057e+00 +4.2693e-01 -1.0824e+00
44180 +9.118620878e+01 +9.118620878e+01 +5.114620878e+01 +5.114620878e+01 +1.0464e-01 -3.7881e+00 +1.8210e+00 -2.7866e+00 +2.0207e+00 +4.4959e+00 +3.1431e-01 +1.3051e+00 +4.2577e-01 -9.9642e-01
48624 +8.908962109e+01 +8.908962109e+01 +4.904962109e+01 +4.904962109e+01 +1.0535e-01 -3.7872e+00 +1.6887e+00 -2.7866e+00 +2.0205e+00 +4.4960e+00 +3.1454e-01 +1.3034e+00 +4.2779e-01 -8.9580e-01
53606 +8.706294864e+01 +8.706294864e+01 +4.702294864e+01 +4.702294864e+01 +1.0518e-01 -3.7827e+00 +1.5533e+00 -2.7866e+00 +2.0204e+00 +4.4957e+00 +3.1462e-01 +1.3054e+00 +4.3030e-01 -8.0258e-01
57955 +8.509243593e+01 +8.509243593e+01 +4.505243593e+01 +4.505243593e+01 +1.0529e-01 -3.7809e+00 +1.4157e+00 -2.7870e+00 +2.0206e+00 +4.4958e+00 +3.1443e-01 +1.3078e+00 +4.2985e-01 -7.0734e-01
63133 +8.311388618e+01 +8.311388618e+01 +4.307388618e+01 +4.307388618e+01 +1.0460e-01 -3.7783e+00 +1.2753e+00 -2.7864e+00 +2.0208e+00 +4.4954e+00 +3.1518e-01 +1.3079e+00 +4.2963e-01 -6.0505e-01
69747 +8.126870886e+01 +8.126870886e+01 +4.122870886e+01 +4.122870886e+01 +1.0296e-01 -3.7791e+00 +1.1415e+00 -2.7870e+00 +2.0213e+00 +4.4957e+00 +3.1502e-01 +1.3079e+00 +4.2839e-01 -4.9999e-01
74887 +7.940601675e+01 +7.940601675e+01 +3.936601675e+01 +3.936601675e+01 +1.0295e-01 -3.7788e+00 +9.9465e-01 -2.7871e+00 +2.0214e+00 +4.4961e+00 +3.1518e-01 +1.3076e+00 +4.2749e-01 -3.9078e-01
80606 +7.761677597e+01 +7.761677597e+01 +3.757677597e+01 +3.757677597e+01 +1.0214e-01 -3.7793e+00 +8.4171e-01 -2.7870e+00 +2.0213e+00 +4.4952e+00 +3.1523e-01 +1.3076e+00 +4.2731e-01 -2.7540e-01
87344 +7.585480521e+01 +7.585480521e+01 +3.581480521e+01 +3.581480521e+01 +1.0294e-01 -3.7797e+00 +6.7280e-01 -2.7869e+00 +2.0213e+00 +4.4955e+00 +3.1523e-01 +1.3076e+00 +4.2757e-01 -1.4993e-01
97360 +7.413066939e+01 +7.413066939e+01 +3.409066939e+01 +3.409066939e+01 +1.0292e-01 -3.7794e+00 +5.0128e-01 -2.7869e+00 +2.0213e+00 +4.4951e+00 +3.1522e-01 +1.3077e+00 +4.2761e-01 -2.1614e-02
108803 +7.243197086e+01 +7.243197086e+01 +3.239197086e+01 +3.239197086e+01 +1.0290e-01 -3.7794e+00 +3.1808e-01 -2.7869e+00 +2.0213e+00 +4.4948e+00 +3.1521e-01 +1.3077e+00 +4.2760e-01 +1.1542e-01
% function evaluation | noise-free fitness - Fopt (-1.038100000000e+02) | best noise-free fitness - Fopt | measured fitness | best measured fitness | x1 | x2...
1 +1.464740923e+06 +1.464740923e+06 +1.464637113e+06 +1.464637113e+06 +0.0000e+00 +0.0000e+00 +0.0000e+00 +0.0000e+00 +0.0000e+00 +0.0000e+00 +0.0000e+00 +0.0000e+00 +0.0000e+00 +0.0000e+00
2 +3.392439603e+05 +3.392439603e+05 +3.391401503e+05 +3.391401503e+05 -2.1713e-02 +1.9569e+00 -6.1821e-01 +6.4429e+00 +1.4216e+00 +3.3996e+00 -1.5047e+00 -6.5883e+00 +2.6291e+00 +1.8934e+00
3 +1.963291367e+05 +1.963291367e+05 +1.962253267e+05 +1.962253267e+05 +7.5277e-02 +2.0073e+00 -6.6360e-01 +6.3119e+00 +1.6254e+00 +3.2078e+00 -1.4027e+00 -6.8497e+00 +2.6684e+00 +1.9072e+00
10 +1.485940154e+05 +1.485940154e+05 +1.484902054e+05 +1.484902054e+05 +2.8814e-01 +2.0329e+00 -7.4099e-01 +6.6114e+00 +1.5164e+00 +3.3233e+00 -1.4058e+00 -6.7547e+00 +2.7197e+00 +1.8475e+00
24 +1.025051035e+05 +1.025051035e+05 +1.024012935e+05 +1.024012935e+05 +3.9353e-01 +2.0505e+00 -5.5899e-01 +6.4324e+00 +1.4911e+00 +3.2443e+00 -1.3618e+00 -6.6428e+00 +2.6846e+00 +1.7538e+00
32 +9.696475534e+04 +9.696475534e+04 +9.686094534e+04 +9.686094534e+04 +4.2805e-01 +2.0525e+00 -6.1913e-01 +6.2016e+00 +1.6075e+00 +3.3894e+00 -1.3159e+00 -6.7851e+00 +2.7200e+00 +1.8342e+00
46 +1.074991869e+04 +1.074991869e+04 +1.064610869e+04 +1.064610869e+04 +5.7210e-01 +2.2193e+00 -4.8112e-01 +6.5447e+00 +1.5776e+00 +3.2000e+00 -1.6408e+00 -6.6739e+00 +2.4910e+00 +1.5782e+00
51 +1.832459169e+02 +1.832459169e+02 +7.943591689e+01 +7.943591689e+01 +1.6437e-01 +2.2385e+00 -6.7703e-01 +6.2476e+00 +1.1881e+00 +3.3396e+00 -1.2780e+00 -7.0657e+00 +2.7778e+00 +1.5823e+00
103 +1.807333120e+02 +1.807333120e+02 +7.692331201e+01 +7.692331201e+01 -7.6355e-02 +2.5479e+00 -5.5064e-01 +6.6063e+00 +1.2224e+00 +3.0481e+00 -1.5578e+00 -6.4213e+00 +2.7882e+00 +1.1740e+00
7379 +1.776250471e+02 +1.776250471e+02 +7.381504707e+01 +7.381504707e+01 +3.6488e-01 +2.1508e+00 -9.1513e-01 +6.3510e+00 +1.8219e+00 +3.0710e+00 -1.5115e+00 -7.2040e+00 +2.3894e+00 +8.9310e-01
7774 +1.736698229e+02 +1.736698229e+02 +6.985982286e+01 +6.985982286e+01 +3.6411e-01 +2.1440e+00 -9.2062e-01 +6.3611e+00 +1.8375e+00 +2.7833e+00 -1.4885e+00 -7.1998e+00 +2.3957e+00 +8.8922e-01
8728 +1.698075194e+02 +1.698075194e+02 +6.599751943e+01 +6.599751943e+01 +3.5696e-01 +2.1437e+00 -9.2390e-01 +6.3575e+00 +1.8528e+00 +2.4994e+00 -1.4989e+00 -7.1948e+00 +2.4026e+00 +8.9697e-01
9427 +1.659025431e+02 +1.659025431e+02 +6.209254312e+01 +6.209254312e+01 +3.5729e-01 +2.1416e+00 -9.3708e-01 +6.3423e+00 +1.8644e+00 +2.1806e+00 -1.5106e+00 -7.1717e+00 +2.3959e+00 +9.1887e-01
10130 +1.615800255e+02 +1.615800255e+02 +5.777002551e+01 +5.777002551e+01 +3.5497e-01 +2.1375e+00 -9.3584e-01 +6.3338e+00 +1.8595e+00 +1.7194e+00 -1.5873e+00 -7.1295e+00 +2.3853e+00 +9.4601e-01
11533 +1.581822567e+02 +1.581822567e+02 +5.437225673e+01 +5.437225673e+01 +3.4531e-01 +2.1375e+00 -9.1405e-01 +6.3583e+00 +1.8678e+00 +1.3377e+00 -1.5579e+00 -7.1091e+00 +2.3805e+00 +9.8054e-01
13806 +1.548670572e+02 +1.548670572e+02 +5.105705721e+01 +5.105705721e+01 +3.3219e-01 +2.1375e+00 -9.3435e-01 +6.3676e+00 +1.8615e+00 +1.0270e+00 -1.5016e+00 -7.0470e+00 +2.3782e+00 +9.7048e-01
14843 +1.511503762e+02 +1.511503762e+02 +4.734037616e+01 +4.734037616e+01 +3.3298e-01 +2.1367e+00 -9.3446e-01 +6.3761e+00 +1.8656e+00 +6.1733e-01 -1.5135e+00 -7.0107e+00 +2.3858e+00 +9.8644e-01
15899 +1.476197939e+02 +1.476197939e+02 +4.380979395e+01 +4.380979395e+01 +3.3216e-01 +2.1365e+00 -9.3104e-01 +6.3726e+00 +1.8659e+00 +2.9249e-01 -1.5114e+00 -6.9531e+00 +2.3875e+00 +9.8436e-01
16917 +1.443390641e+02 +1.443390641e+02 +4.052906414e+01 +4.052906414e+01 +3.3048e-01 +2.1352e+00 -9.2799e-01 +6.3542e+00 +1.8671e+00 +4.1455e-03 -1.5059e+00 -6.9005e+00 +2.3860e+00 +9.8515e-01
18715 +1.410664817e+02 +1.410664817e+02 +3.725648166e+01 +3.725648166e+01 +3.3163e-01 +2.1364e+00 -9.2528e-01 +6.3453e+00 +1.8677e+00 -3.7351e-01 -1.5229e+00 -6.8353e+00 +2.3909e+00 +9.8195e-01
22758 +1.380196957e+02 +1.380196957e+02 +3.420969569e+01 +3.420969569e+01 +3.3042e-01 +2.1358e+00 -8.9815e-01 +6.3450e+00 +1.8672e+00 -8.2077e-01 -1.5242e+00 -6.7508e+00 +2.3937e+00 +9.7151e-01
27752 +1.348440712e+02 +1.348440712e+02 +3.103407124e+01 +3.103407124e+01 +3.3033e-01 +2.1361e+00 -9.0561e-01 +6.3375e+00 +1.8680e+00 -1.3720e+00 -1.5113e+00 -6.6533e+00 +2.3936e+00 +9.7189e-01
29708 +1.317967261e+02 +1.317967261e+02 +2.798672611e+01 +2.798672611e+01 +3.3534e-01 +2.1349e+00 -9.0231e-01 +6.3279e+00 +1.8682e+00 -1.7560e+00 -1.5071e+00 -6.5822e+00 +2.3958e+00 +9.7399e-01
32021 +1.288027779e+02 +1.288027779e+02 +2.499277791e+01 +2.499277791e+01 +3.3651e-01 +2.1350e+00 -8.9036e-01 +6.2850e+00 +1.8708e+00 -2.0764e+00 -1.4747e+00 -6.4978e+00 +2.3958e+00 +9.7744e-01
37531 +1.257740237e+02 +1.257740237e+02 +2.196402369e+01 +2.196402369e+01 +3.3387e-01 +2.1351e+00 -8.4285e-01 +6.2012e+00 +1.8744e+00 -2.3624e+00 -1.4335e+00 -6.3948e+00 +2.3983e+00 +9.7953e-01
41477 +1.230189029e+02 +1.230189029e+02 +1.920890293e+01 +1.920890293e+01 +3.3220e-01 +2.1350e+00 -8.4343e-01 +6.0554e+00 +1.8738e+00 -2.3654e+00 -1.4316e+00 -6.3290e+00 +2.4024e+00 +9.8026e-01
44339 +1.201727171e+02 +1.201727171e+02 +1.636271712e+01 +1.636271712e+01 +3.3279e-01 +2.1350e+00 -8.4373e-01 +5.8954e+00 +1.8746e+00 -2.2937e+00 -1.4292e+00 -6.2669e+00 +2.4026e+00 +9.8603e-01
47237 +1.174426031e+02 +1.174426031e+02 +1.363260312e+01 +1.363260312e+01 +3.3322e-01 +2.1349e+00 -8.4354e-01 +5.7446e+00 +1.8745e+00 -2.2572e+00 -1.4283e+00 -6.1965e+00 +2.4022e+00 +9.8374e-01
49422 +1.147896822e+02 +1.147896822e+02 +1.097968216e+01 +1.097968216e+01 +3.3328e-01 +2.1350e+00 -8.3345e-01 +5.6019e+00 +1.8747e+00 -2.2696e+00 -1.4277e+00 -6.1251e+00 +2.4018e+00 +9.8638e-01
52123 +1.121967223e+02 +1.121967223e+02 +8.386722250e+00 +8.386722250e+00 +3.3430e-01 +2.1349e+00 -8.3417e-01 +5.4537e+00 +1.8745e+00 -2.2515e+00 -1.4288e+00 -6.0551e+00 +2.4020e+00 +9.8689e-01
54593 +1.096386535e+02 +1.096386535e+02 +5.828653467e+00 +5.828653467e+00 +3.3461e-01 +2.1350e+00 -8.0803e-01 +5.3190e+00 +1.8747e+00 -2.2573e+00 -1.4311e+00 -5.9829e+00 +2.4015e+00 +9.8807e-01
57085 +1.071505578e+02 +1.071505578e+02 +3.340557777e+00 +3.340557777e+00 +3.3440e-01 +2.1350e+00 -8.1597e-01 +5.1682e+00 +1.8745e+00 -2.2707e+00 -1.4311e+00 -5.9085e+00 +2.4011e+00 +9.8641e-01
60557 +1.046433149e+02 +1.046433149e+02 +8.333148526e-01 +8.333148526e-01 +3.3458e-01 +2.1350e+00 -8.0598e-01 +5.0211e+00 +1.8747e+00 -2.2766e+00 -1.4312e+00 -5.8321e+00 +2.4017e+00 +9.8592e-01
64163 +1.023273829e+02 +1.023273829e+02 -1.482617059e+00 -1.482617059e+00 +3.3473e-01 +2.1350e+00 -8.0749e-01 +4.8740e+00 +1.8750e+00 -2.2755e+00 -1.4312e+00 -5.7633e+00 +2.4011e+00 +9.8774e-01
68444 +9.999906170e+01 +9.999906170e+01 -3.810938299e+00 -3.810938299e+00 +3.3476e-01 +2.1350e+00 -8.0709e-01 +4.7214e+00 +1.8751e+00 -2.2817e+00 -1.4312e+00 -5.6886e+00 +2.4021e+00 +9.8782e-01
70868 +9.770063578e+01 +9.770063578e+01 -6.109364220e+00 -6.109364220e+00 +3.3517e-01 +2.1350e+00 -8.0500e-01 +4.5518e+00 +1.8752e+00 -2.2910e+00 -1.4312e+00 -5.6051e+00 +2.4038e+00 +9.8932e-01
73605 +9.546511912e+01 +9.546511912e+01 -8.344880883e+00 -8.344880883e+00 +3.3504e-01 +2.1350e+00 -7.6905e-01 +4.4240e+00 +1.8755e+00 -2.2919e+00 -1.4318e+00 -5.5392e+00 +2.4038e+00 +9.9323e-01
77216 +9.328254543e+01 +9.328254543e+01 -1.052745457e+01 -1.052745457e+01 +3.3490e-01 +2.1350e+00 -7.3669e-01 +4.2839e+00 +1.8741e+00 -2.2919e+00 -1.4316e+00 -5.4607e+00 +2.4031e+00 +9.9472e-01
80514 +9.119881105e+01 +9.119881105e+01 -1.261118895e+01 -1.261118895e+01 +3.3485e-01 +2.1351e+00 -6.6407e-01 +4.1746e+00 +1.8740e+00 -2.2925e+00 -1.4312e+00 -5.3861e+00 +2.4020e+00 +9.9332e-01
84615 +8.906744521e+01 +8.906744521e+01 -1.474255479e+01 -1.474255479e+01 +3.3491e-01 +2.1350e+00 -5.1984e-01 +4.1053e+00 +1.8735e+00 -2.2916e+00 -1.4303e+00 -5.3128e+00 +2.4009e+00 +9.9297e-01
87713 +8.705260138e+01 +8.705260138e+01 -1.675739862e+01 -1.675739862e+01 +3.3497e-01 +2.1350e+00 -3.2320e-01 +4.0792e+00 +1.8735e+00 -2.2911e+00 -1.4304e+00 -5.2474e+00 +2.4009e+00 +9.9329e-01
90909 +8.507560115e+01 +8.507560115e+01 -1.873439885e+01 -1.873439885e+01 +3.3498e-01 +2.1350e+00 -8.1657e-02 +4.0695e+00 +1.8735e+00 -2.2914e+00 -1.4303e+00 -5.1792e+00 +2.4014e+00 +9.9348e-01
94968 +8.316708642e+01 +8.316708642e+01 -2.064291358e+01 -2.064291358e+01 +3.3497e-01 +2.1350e+00 +1.8961e-01 +4.0683e+00 +1.8734e+00 -2.2913e+00 -1.4303e+00 -5.1067e+00 +2.4015e+00 +9.9343e-01
98355 +8.115781495e+01 +8.115781495e+01 -2.265218505e+01 -2.265218505e+01 +3.3497e-01 +2.1350e+00 +5.1104e-01 +4.0683e+00 +1.8734e+00 -2.2913e+00 -1.4303e+00 -5.0227e+00 +2.4015e+00 +9.9347e-01
102038 +7.942028384e+01 +7.942028384e+01 -2.438971616e+01 -2.438971616e+01 +3.3497e-01 +2.1350e+00 +7.7126e-01 +4.0667e+00 +1.8734e+00 -2.2912e+00 -1.4304e+00 -4.9521e+00 +2.4015e+00 +9.9351e-01
105340 +7.757772285e+01 +7.757772285e+01 -2.623227715e+01 -2.623227715e+01 +3.3498e-01 +2.1350e+00 +1.0570e+00 +4.0668e+00 +1.8734e+00 -2.2912e+00 -1.4304e+00 -4.8767e+00 +2.4015e+00 +9.9351e-01
109547 +7.582370988e+01 +7.582370988e+01 -2.798629012e+01 -2.798629012e+01 +3.3497e-01 +2.1350e+00 +1.3376e+00 +4.0683e+00 +1.8734e+00 -2.2912e+00 -1.4304e+00 -4.8032e+00 +2.4015e+00 +9.9351e-01
% function evaluation | noise-free fitness - Fopt (-2.380000000000e+01) | best noise-free fitness - Fopt | measured fitness | best measured fitness | x1 | x2...
1 +1.728506011e+07 +1.728506011e+07 +1.728503631e+07 +1.728503631e+07 +0.0000e+00 +0.0000e+00 +0.0000e+00 +0.0000e+00 +0.0000e+00 +0.0000e+00 +0.0000e+00 +0.0000e+00 +0.0000e+00 +0.0000e+00
166 +1.542307327e+07 +1.542307327e+07 +1.542304947e+07 +1.542304947e+07 -3.2517e+00 -7.9442e-01 +2.9501e+00 -1.1405e+00 +2.1964e+00 +4.3269e+00 +3.7032e+00 -1.4961e-01 -3.1563e-01 +1.7868e+00
183 +1.229526592e+07 +1.229526592e+07 +1.229524212e+07 +1.229524212e+07 -2.1916e+00 -2.2854e+00 +2.9737e+00 -1.4852e+00 +1.2642e+00 +5.0543e+00 +3.2020e+00 +9.3277e-02 -2.4904e-01 +8.8174e-01
189 +8.516244856e+06 +8.516244856e+06 +8.516221056e+06 +8.516221056e+06 -3.2962e+00 -1.3048e+00 +2.9265e+00 -1.2031e+00 +3.3079e+00 +4.4358e+00 +3.6765e+00 -6.0353e-01 -1.6659e-01 +1.8907e+00
201 +3.424698601e+06 +3.424698601e+06 +3.424674801e+06 +3.424674801e+06 -2.0792e+00 -1.9934e+00 +4.3847e+00 -2.0962e+00 +2.1672e+00 +4.5113e+00 +3.6341e+00 -7.3128e-01 +5.7335e-01 -4.5215e-02
224 +1.007554731e+04 +1.007554731e+04 +1.005174731e+04 +1.005174731e+04 -2.4636e+00 -1.1592e+00 +4.7960e+00 -2.4328e+00 +6.9491e+00 +4.8686e+00 +3.1636e+00 +1.4766e+00 +1.9694e+00 +2.6793e-01
239 +9.476450624e+02 +9.476450624e+02 +9.238450624e+02 +9.238450624e+02 -2.8109e+00 -2.5356e+00 +5.4057e+00 -1.7592e+00 +5.4558e+00 +3.9618e+00 +2.9201e+00 +2.6969e-01 +1.4442e+00 +8.2966e-01
257 +1.901730195e+02 +1.901730195e+02 +1.663730195e+02 +1.663730195e+02 -3.1240e+00 -1.7037e+00 +6.3419e+00 -2.8408e+00 +5.8194e+00 +5.4878e+00 +3.7801e+00 -7.9713e-01 +1.0092e+00 +3.0863e+00
% function evaluation | noise-free fitness - Fopt (7.459000000000e+01) | best noise-free fitness - Fopt | measured fitness | best measured fitness | x1 | x2...
1 +4.973545023e+06 +4.973545023e+06 +4.973619613e+06 +4.973619613e+06 +0.0000e+00 +0.0000e+00 +0.0000e+00 +0.0000e+00 +0.0000e+00 +0.0000e+00 +0.0000e+00 +0.0000e+00 +0.0000e+00 +0.0000e+00
2 +4.724899358e+06 +4.724899358e+06 +4.724973948e+06 +4.724973948e+06 -4.6534e+00 -1.0847e+00 -1.9956e+00 -8.7951e-01 -9.9392e-01 +6.3237e-01 -2.2532e+00 +6.3592e-02 -8.3659e-01 -1.7206e-01
7 +4.584580963e+06 +4.584580963e+06 +4.584655553e+06 +4.584655553e+06 -4.8735e+00 -1.2845e+00 -2.0825e+00 -7.9375e-01 -9.7009e-01 +7.1713e-01 -2.2784e+00 +1.0978e-01 -7.3027e-01 -2.2984e-01
20 +4.411150109e+06 +4.411150109e+06 +4.411224699e+06 +4.411224699e+06 -4.7054e+00 -1.4333e+00 -2.0220e+00 -8.0723e-01 -1.0697e+00 +6.0494e-01 -2.3004e+00 +1.2446e-01 -6.0765e-01 -2.6126e-01
24 +4.185903357e+06 +4.185903357e+06 +4.185977947e+06 +4.185977947e+06 -4.7659e+00 -1.3347e+00 -1.9068e+00 -7.9601e-01 -1.1039e+00 +8.8575e-01 -2.3602e+00 -9.8235e-02 -7.1966e-01 -1.8427e-01
25 +3.936943764e+06 +3.936943764e+06 +3.937018354e+06 +3.937018354e+06 -4.8681e+00 -1.3415e+00 -1.9791e+00 -9.9796e-01 -1.2850e+00 +7.4318e-01 -2.1330e+00 +1.0130e-01 -6.8340e-01 -2.4723e-01
27 +3.801877798e+06 +3.801877798e+06 +3.801952388e+06 +3.801952388e+06 -4.8795e+00 -1.3996e+00 -2.0732e+00 -8.4261e-01 -1.3196e+00 +8.5525e-01 -2.1226e+00 -1.4225e-02 -8.3096e-01 -2.5621e-01
51 +3.383410147e+06 +3.383410147e+06 +3.383484737e+06 +3.383484737e+06 -4.8822e+00 -1.2186e+00 -1.8993e+00 -9.2549e-01 -1.4371e+00 +8.5488e-01 -2.2359e+00 -1.4944e-02 -6.5020e-01 -4.8559e-02
69 +3.233770289e+06 +3.233770289e+06 +3.233844879e+06 +3.233844879e+06 -4.7870e+00 -1.3085e+00 -2.2280e+00 -1.1086e+00 -1.5002e+00 +7.8618e-01 -2.1558e+00 +1.8220e-01 -7.0037e-01 -8.3022e-02
71 +3.007490381e+06 +3.007490381e+06 +3.007564971e+06 +3.007564971e+06 -4.7338e+00 -9.7242e-01 -2.0911e+00 -7.9412e-01 -1.1861e+00 +1.1043e+00 -2.1035e+00 +2.4391e-02 -5.0067e-01 +1.0430e-01
73 +2.814166861e+06 +2.814166861e+06 +2.814241451e+06 +2.814241451e+06 -4.9896e+00 -1.1514e+00 -2.2828e+00 -9.0779e-01 -1.5428e+00 +1.3210e+00 -2.2105e+00 +2.3075e-01 -6.3095e-01 -3.5065e-01
90 +2.608701981e+06 +2.608701981e+06 +2.608776571e+06 +2.608776571e+06 -4.9659e+00 -1.4131e+00 -2.1537e+00 -5.6485e-01 -1.8208e+00 +5.9038e-01 -1.7434e+00 +2.1332e-01 -8.3146e-01 -8.9953e-02
93 +2.485017855e+06 +2.485017855e+06 +2.485092445e+06 +2.485092445e+06 -4.9420e+00 -9.7681e-01 -2.1798e+00 -8.1505e-01 -1.5278e+00 +8.7537e-01 -1.5921e+00 +4.0868e-01 -5.3363e-01 -4.4450e-02
94 +1.744752033e+06 +1.744752033e+06 +1.744826623e+06 +1.744826623e+06 -4.8346e+00 -1.2506e+00 -2.2294e+00 -1.0131e+00 -1.7765e+00 +9.8104e-01 -2.0734e+00 +9.7079e-02 -3.5727e-01 +2.6198e-02
113 +1.074170618e+06 +1.074170618e+06 +1.074245208e+06 +1.074245208e+06 -5.3132e+00 -1.2727e+00 -2.0622e+00 -9.2375e-01 -1.7513e+00 +6.4804e-01 -1.6524e+00 -9.6214e-02 +2.2702e-01 +1.5013e-01
116 +9.180162691e+05 +9.180162691e+05 +9.180908591e+05 +9.180908591e+05 -4.5668e+00 -1.2159e+00 -2.1920e+00 -6.2363e-01 -1.8294e+00 +1.3806e+00 -1.9542e+00 +3.7217e-01 -3.3470e-01 +8.2441e-02
121 +7.254016307e+05 +7.254016307e+05 +7.254762207e+05 +7.254762207e+05 -4.9412e+00 -8.9429e-01 -2.4511e+00 -1.1281e+00 -1.5056e+00 +1.5227e+00 -1.9572e+00 -3.9903e-02 +4.2996e-01 -1.3381e-01
125 +6.381017841e+05 +6.381017841e+05 +6.381763741e+05 +6.381763741e+05 -4.5758e+00 -9.3861e-01 -1.8993e+00 -7.8331e-01 -2.0508e+00 +1.3808e+00 -2.0699e+00 -3.9149e-02 -1.8249e-01 +6.8298e-02
136 +1.429178543e+05 +1.429178543e+05 +1.429924443e+05 +1.429924443e+05 -4.5927e+00 -7.4922e-01 -2.0328e+00 -1.0402e+00 -2.3857e+00 +1.6924e+00 -1.4477e+00 +2.9008e-01 -2.1027e-01 +2.0625e-01
141 +1.358330465e+05 +1.358330465e+05 +1.359076365e+05 +1.359076365e+05 -4.9310e+00 -1.4362e+00 -2.3788e+00 -1.0203e+00 -2.3623e+00 +1.4184e+00 -1.9520e+00 +3.4041e-01 +2.4226e-01 +1.5680e-01
145 +7.456971305e+04 +7.456971305e+04 +7.464430305e+04 +7.464430305e+04 -4.6525e+00 -7.8121e-01 -2.1686e+00 -8.1287e-01 -2.3111e+00 +2.3706e+00 -2.1620e+00 -3.5710e-01 -1.4160e-01 +3.7786e-02
156 +3.255360245e+04 +3.255360245e+04 +3.262819245e+04 +3.262819245e+04 -4.5962e+00 -1.7132e+00 -2.6779e+00 -1.1110e+00 -3.0650e+00 +1.3921e+00 -1.9282e+00 +2.2503e-01 +3.7728e-01 -4.7407e-02
157 +1.859015664e+04 +1.859015664e+04 +1.866474664e+04 +1.866474664e+04 -4.0803e+00 -1.0103e+00 -2.8241e+00 -4.4233e-01 -2.1735e+00 +1.4003e+00 -1.4329e+00 +2.1113e-01 +6.1102e-01 +4.9607e-01
160 +3.346351303e+03 +3.346351303e+03 +3.420941303e+03 +3.420941303e+03 -4.2943e+00 -3.7870e-01 -1.5788e+00 -5.4153e-01 -2.8102e+00 +1.5454e+00 -1.6659e+00 +4.4227e-02 +3.6454e-01 -4.8558e-02
201 +1.525987628e+03 +1.525987628e+03 +1.600577628e+03 +1.600577628e+03 -4.1344e+00 -1.6976e-01 -2.8511e+00 -1.1609e+00 -2.1421e+00 +2.2069e+00 -1.6658e+00 +3.2864e-02 +7.3297e-01 -2.7420e-01
220 +3.097796263e+02 +3.097796263e+02 +3.843696263e+02 +3.843696263e+02 -4.4379e+00 -4.3063e-01 -2.5183e+00 -9.1337e-01 -2.3334e+00 +1.4100e+00 -1.4188e+00 +1.2679e-01 +6.5381e-01 +1.1162e-01
235 +2.506337695e+02 +2.506337695e+02 +3.252237695e+02 +3.252237695e+02 -5.1538e+00 -1.1506e+00 -2.0117e+00 -3.5835e-01 -3.1887e+00 +8.9683e-01 -9.8652e-01 -3.0741e-01 -5.1801e-01 +2.8218e-01
242 +7.621852037e+01 +7.621852037e+01 +1.508085204e+02 +1.508085204e+02 -4.9379e+00 -7.6763e-01 -2.2453e+00 -7.2677e-01 -2.4843e+00 +1.7165e+00 -1.3723e+00 +1.5628e-01 +1.9856e-01 +2.8037e-01
258 +7.200778217e+01 +7.200778217e+01 +1.465977822e+02 +1.465977822e+02 -5.6359e+00 -8.9141e-01 -2.2706e+00 -4.9366e-01 -2.1840e+00 +1.6763e+00 -8.5079e-01 +8.9785e-01 +5.1863e-01 +3.9979e-01
330 +6.402999765e+01 +6.402999765e+01 +1.386199977e+02 +1.386199977e+02 -4.8355e+00 -7.1719e-01 -1.8716e+00 -6.1168e-01 -2.2470e+00 +2.2359e+00 -1.4803e+00 +6.5846e-01 +4.1385e-01 +3.6437e-01
527 +5.990370179e+01 +5.990370179e+01 +1.344937018e+02 +1.344937018e+02 -4.4776e+00 -1.4576e+00 -2.4367e+00 -6.0303e-01 -1.8616e+00 +1.9948e+00 -1.0223e+00 +6.8215e-01 +3.0710e-01 +6.8611e-01
561 +5.528428840e+01 +5.528428840e+01 +1.298742884e+02 +1.298742884e+02 -4.8135e+00 -8.9379e-01 -2.5473e+00 -6.5420e-01 -1.9621e+00 +2.0892e+00 -1.4104e+00 +6.0986e-01 +6.4930e-01 +2.6548e-01
1449 +5.348008847e+01 +5.348008847e+01 +1.280700885e+02 +1.280700885e+02 -4.9102e+00 -1.2630e+00 -2.2501e+00 -7.0026e-01 -2.1577e+00 +1.4623e+00 -1.4054e+00 +6.1592e-01 +7.5262e-01 +5.9924e-01
8821 +5.247821126e+01 +5.247821126e+01 +1.270682113e+02 +1.270682113e+02 -4.8562e+00 -1.2754e+00 -2.3545e+00 -7.1588e-01 -2.0466e+00 +1.4848e+00 -1.2688e+00 +5.4855e-01 +7.4670e-01 +6.1347e-01
10366 +5.121814684e+01 +5.121814684e+01 +1.258081468e+02 +1.258081468e+02 -4.7230e+00 -1.2768e+00 -2.3502e+00 -7.4990e-01 -2.0480e+00 +1.4805e+00 -1.2702e+00 +5.4429e-01 +7.4555e-01 +6.0703e-01
11345 +5.010547387e+01 +5.010547387e+01 +1.246954739e+02 +1.246954739e+02 -4.6035e+00 -1.2764e+00 -2.3471e+00 -7.9606e-01 -2.0479e+00 +1.4800e+00 -1.2683e+00 +5.4231e-01 +7.4487e-01 +6.0247e-01
12707 +4.897160928e+01 +4.897160928e+01 +1.235616093e+02 +1.235616093e+02 -4.4729e+00 -1.2759e+00 -2.3470e+00 -8.3663e-01 -2.0481e+00 +1.4815e+00 -1.2683e+00 +5.4227e-01 +7.4417e-01 +5.9177e-01
14077 +4.785665185e+01 +4.785665185e+01 +1.224466519e+02 +1.224466519e+02 -4.3366e+00 -1.2754e+00 -2.3443e+00 -8.9666e-01 -2.0463e+00 +1.4834e+00 -1.2660e+00 +5.4259e-01 +7.4349e-01 +5.8983e-01
15246 +4.670571440e+01 +4.670571440e+01 +1.212957144e+02 +1.212957144e+02 -4.1763e+00 -1.2755e+00 -2.3434e+00 -9.6497e-01 -2.0438e+00 +1.4820e+00 -1.2656e+00 +5.4410e-01 +7.4199e-01 +5.9159e-01
16925 +4.570836159e+01 +4.570836159e+01 +1.202983616e+02 +1.202983616e+02 -4.0279e+00 -1.2755e+00 -2.3411e+00 -1.0217e+00 -2.0418e+00 +1.4803e+00 -1.2629e+00 +5.4527e-01 +7.4149e-01 +5.8940e-01
18795 +4.462846162e+01 +4.462846162e+01 +1.192184616e+02 +1.192184616e+02 -3.8524e+00 -1.2764e+00 -2.3403e+00 -1.1052e+00 -2.0426e+00 +1.4792e+00 -1.2630e+00 +5.4288e-01 +7.4129e-01 +5.8433e-01
20821 +4.361809967e+01 +4.361809967e+01 +1.182080997e+02 +1.182080997e+02 -3.6838e+00 -1.2756e+00 -2.3416e+00 -1.1582e+00 -2.0434e+00 +1.4752e+00 -1.2643e+00 +5.4450e-01 +7.3708e-01 +5.7965e-01
22014 +4.263034782e+01 +4.263034782e+01 +1.172203478e+02 +1.172203478e+02 -3.4964e+00 -1.2772e+00 -2.3429e+00 -1.2093e+00 -2.0431e+00 +1.4751e+00 -1.2615e+00 +5.4489e-01 +7.2736e-01 +5.7187e-01
23808 +4.166410299e+01 +4.166410299e+01 +1.162541030e+02 +1.162541030e+02 -3.3290e+00 -1.2780e+00 -2.3425e+00 -1.3067e+00 -2.0431e+00 +1.4780e+00 -1.2647e+00 +5.4670e-01 +7.2474e-01 +5.7646e-01
25516 +4.071914722e+01 +4.071914722e+01 +1.153091472e+02 +1.153091472e+02 -3.1740e+00 -1.2780e+00 -2.3423e+00 -1.3795e+00 -2.0397e+00 +1.4790e+00 -1.2656e+00 +5.4691e-01 +7.2585e-01 +5.7660e-01
27786 +3.980120579e+01 +3.980120579e+01 +1.143912058e+02 +1.143912058e+02 -3.0300e+00 -1.2777e+00 -2.3423e+00 -1.4120e+00 -2.0386e+00 +1.4784e+00 -1.2656e+00 +5.4409e-01 +7.2618e-01 +5.6479e-01
29438 +3.890439361e+01 +3.890439361e+01 +1.134943936e+02 +1.134943936e+02 -2.8956e+00 -1.2771e+00 -2.3358e+00 -1.4316e+00 -2.0364e+00 +1.4791e+00 -1.2651e+00 +5.4216e-01 +7.2658e-01 +5.5450e-01
31359 +3.801467487e+01 +3.801467487e+01 +1.126046749e+02 +1.126046749e+02 -2.7668e+00 -1.2770e+00 -2.3352e+00 -1.4803e+00 -2.0349e+00 +1.4808e+00 -1.2669e+00 +5.4099e-01 +7.2666e-01 +5.4916e-01
32394 +3.714055912e+01 +3.714055912e+01 +1.117305591e+02 +1.117305591e+02 -2.6482e+00 -1.2771e+00 -2.3346e+00 -1.5321e+00 -2.0343e+00 +1.4804e+00 -1.2682e+00 +5.4122e-01 +7.2684e-01 +5.4720e-01
33611 +3.629672041e+01 +3.629672041e+01 +1.108867204e+02 +1.108867204e+02 -2.5436e+00 -1.2780e+00 -2.3343e+00 -1.5696e+00 -2.0345e+00 +1.4796e+00 -1.2683e+00 +5.4127e-01 +7.2716e-01 +5.4151e-01
34709 +3.547552274e+01 +3.547552274e+01 +1.100655227e+02 +1.100655227e+02 -2.4340e+00 -1.2783e+00 -2.3323e+00 -1.6009e+00 -2.0336e+00 +1.4791e+00 -1.2689e+00 +5.4068e-01 +7.2712e-01 +5.3604e-01
36142 +3.466134949e+01 +3.466134949e+01 +1.092513495e+02 +1.092513495e+02 -2.3164e+00 -1.2773e+00 -2.3330e+00 -1.6271e+00 -2.0324e+00 +1.4796e+00 -1.2690e+00 +5.4023e-01 +7.2732e-01 +5.2511e-01
37498 +3.381793815e+01 +3.381793815e+01 +1.084079381e+02 +1.084079381e+02 -2.1838e+00 -1.2782e+00 -2.3315e+00 -1.6478e+00 -2.0308e+00 +1.4793e+00 -1.2683e+00 +5.3976e-01 +7.2724e-01 +5.1311e-01
39156 +3.309239240e+01 +3.309239240e+01 +1.076823924e+02 +1.076823924e+02 -2.0531e+00 -1.2784e+00 -2.3314e+00 -1.6660e+00 -2.0291e+00 +1.4790e+00 -1.2687e+00 +5.3755e-01 +7.2719e-01 +4.9992e-01
41355 +3.235012262e+01 +3.235012262e+01 +1.069401226e+02 +1.069401226e+02 -1.9223e+00 -1.2786e+00 -2.3329e+00 -1.6455e+00 -2.0288e+00 +1.4789e+00 -1.2686e+00 +5.3701e-01 +7.2736e-01 +4.7095e-01
44284 +3.162073057e+01 +3.162073057e+01 +1.062107306e+02 +1.062107306e+02 -1.7671e+00 -1.2793e+00 -2.3299e+00 -1.6517e+00 -2.0268e+00 +1.4792e+00 -1.2687e+00 +5.3640e-01 +7.2749e-01 +4.5221e-01
46692 +3.088721917e+01 +3.088721917e+01 +1.054772192e+02 +1.054772192e+02 -1.6053e+00 -1.2794e+00 -2.3292e+00 -1.6515e+00 -2.0269e+00 +1.4787e+00 -1.2679e+00 +5.3621e-01 +7.2748e-01 +4.2601e-01
50231 +3.015144095e+01 +3.015144095e+01 +1.047414410e+02 +1.047414410e+02 -1.4213e+00 -1.2795e+00 -2.3263e+00 -1.6549e+00 -2.0267e+00 +1.4795e+00 -1.2685e+00 +5.3755e-01 +7.2748e-01 +3.9808e-01
52657 +2.949620383e+01 +2.949620383e+01 +1.040862038e+02 +1.040862038e+02 -1.2505e+00 -1.2795e+00 -2.3246e+00 -1.6579e+00 -2.0265e+00 +1.4800e+00 -1.2684e+00 +5.3718e-01 +7.2741e-01 +3.7180e-01
57386 +2.883757745e+01 +2.883757745e+01 +1.034275774e+02 +1.034275774e+02 -1.0289e+00 -1.2796e+00 -2.3222e+00 -1.6632e+00 -2.0261e+00 +1.4798e+00 -1.2697e+00 +5.3527e-01 +7.2737e-01 +3.3933e-01
73456 +2.818207624e+01 +2.818207624e+01 +1.027720762e+02 +1.027720762e+02 -6.6764e-01 -1.2804e+00 -2.3246e+00 -1.6712e+00 -2.0243e+00 +1.4798e+00 -1.2698e+00 +5.2915e-01 +7.2790e-01 +2.8141e-01
76922 +2.753674619e+01 +2.753674619e+01 +1.021267462e+02 +1.021267462e+02 -6.4607e-01 -1.2794e+00 -2.3165e+00 -1.7032e+00 -2.0233e+00 +1.4797e+00 -1.2707e+00 +4.0351e-01 +7.2839e-01 +2.6903e-01
79588 +2.690161102e+01 +2.690161102e+01 +1.014916110e+02 +1.014916110e+02 -6.5799e-01 -1.2791e+00 -2.3098e+00 -1.7225e+00 -2.0230e+00 +1.4794e+00 -1.2724e+00 +2.7289e-01 +7.2855e-01 +2.5497e-01
81386 +2.630150394e+01 +2.630150394e+01 +1.008915039e+02 +1.008915039e+02 -6.4788e-01 -1.2796e+00 -2.3049e+00 -1.7405e+00 -2.0230e+00 +1.4794e+00 -1.2742e+00 +1.4885e-01 +7.2822e-01 +2.3836e-01
84357 +2.569823224e+01 +2.569823224e+01 +1.002882322e+02 +1.002882322e+02 -6.5574e-01 -1.2803e+00 -2.2990e+00 -1.7650e+00 -2.0225e+00 +1.4797e+00 -1.2730e+00 +1.3531e-02 +7.2804e-01 +2.2282e-01
88600 +2.511534127e+01 +2.511534127e+01 +9.970534127e+01 +9.970534127e+01 -6.5368e-01 -1.2808e+00 -2.2943e+00 -1.8010e+00 -2.0225e+00 +1.4797e+00 -1.2709e+00 -1.2143e-01 +7.2797e-01 +2.0736e-01
91791 +2.448871969e+01 +2.448871969e+01 +9.907871969e+01 +9.907871969e+01 -6.4589e-01 -1.2807e+00 -2.2968e+00 -1.8882e+00 -2.0224e+00 +1.4796e+00 -1.2692e+00 -2.6038e-01 +7.2805e-01 +2.0106e-01
95925 +2.398427691e+01 +2.398427691e+01 +9.857427691e+01 +9.857427691e+01 -6.4072e-01 -1.2808e+00 -2.2950e+00 -1.9514e+00 -2.0228e+00 +1.4795e+00 -1.2694e+00 -3.8496e-01 +7.2826e-01 +1.9332e-01
102398 +2.343990961e+01 +2.343990961e+01 +9.802990961e+01 +9.802990961e+01 -6.4074e-01 -1.2813e+00 -2.2946e+00 -2.0300e+00 -2.0226e+00 +1.4795e+00 -1.2692e+00 -5.7006e-01 +7.2817e-01 +1.7924e-01
% function evaluation | noise-free fitness - Fopt (2.225900000000e+02) | best noise-free fitness - Fopt | measured fitness | best measured fitness | x1 | x2...
1 +1.000611718e+07 +1.000611718e+07 +1.000633977e+07 +1.000633977e+07 +0.0000e+00 +0.0000e+00 +0.0000e+00 +0.0000e+00 +0.0000e+00 +0.0000e+00 +0.0000e+00 +0.0000e+00 +0.0000e+00 +0.0000e+00
2 +2.105617650e+06 +2.105617650e+06 +2.105840240e+06 +2.105840240e+06 +3.8957e+00 -4.4412e+00 +2.7323e+00 -8.1266e-01 -4.3254e-01 +1.0198e+00 -8.0218e-01 +6.0739e+00 -3.8046e+00 +3.4197e-01
3 +1.962542079e+06 +1.962542079e+06 +1.962764669e+06 +1.962764669e+06 +3.9160e+00 -4.5203e+00 +2.5097e+00 -8.9116e-01 -4.3197e-01 +1.0107e+00 -6.9637e-01 +6.0068e+00 -3.9864e+00 +4.3965e-01
26 +1.873936385e+06 +1.873936385e+06 +1.874158975e+06 +1.874158975e+06 +4.0427e+00 -4.5277e+00 +2.3816e+00 -8.7643e-01 -3.8881e-01 +7.9168e-01 -1.0801e+00 +5.9880e+00 -4.0079e+00 +9.9334e-02
32 +1.761638114e+06 +1.761638114e+06 +1.761860704e+06 +1.761860704e+06 +3.9246e+00 -4.2342e+00 +2.3898e+00 -8.8937e-01 -6.8518e-01 +9.4767e-01 -7.9545e-01 +6.0725e+00 -4.1262e+00 +2.1422e-01
41 +1.482916168e+06 +1.482916168e+06 +1.483138758e+06 +1.483138758e+06 +4.0164e+00 -4.3390e+00 +2.6671e+00 -7.2283e-01 -3.9362e-01 +1.0025e+00 -7.3805e-01 +5.9211e+00 -4.1226e+00 +2.2224e-02
48 +1.049247806e+06 +1.049247806e+06 +1.049470396e+06 +1.049470396e+06 +4.1564e+00 -4.5002e+00 +2.6646e+00 -7.2826e-01 -4.2785e-01 +8.7592e-01 -7.7257e-01 +6.0433e+00 -4.2774e+00 +1.3573e-01
56 +9.078726449e+05 +9.078726449e+05 +9.080952349e+05 +9.080952349e+05 +3.9630e+00 -4.3557e+00 +2.7109e+00 -7.1952e-01 -3.5812e-01 +8.7167e-01 -5.5900e-01 +5.8427e+00 -4.2532e+00 +1.4024e-01
68 +7.142334368e+05 +7.142334368e+05 +7.144560268e+05 +7.144560268e+05 +4.1653e+00 -4.3662e+00 +2.8767e+00 -8.4676e-01 -4.2742e-01 +8.4495e-01 -5.1365e-01 +5.7670e+00 -4.1788e+00 +7.6739e-02
73 +5.227684533e+05 +5.227684533e+05 +5.229910433e+05 +5.229910433e+05 +4.2469e+00 -4.4404e+00 +2.9079e+00 -5.9942e-01 -7.1766e-01 +8.1624e-01 -6.9907e-01 +5.7923e+00 -4.4370e+00 +1.0114e-01
98 +5.000525479e+05 +5.000525479e+05 +5.002751379e+05 +5.002751379e+05 +4.3401e+00 -4.6917e+00 +2.5879e+00 -9.8574e-01 -5.7376e-01 +5.9023e-01 -8.8370e-01 +5.7138e+00 -4.3182e+00 -6.3580e-02
100 +4.848213650e+05 +4.848213650e+05 +4.850439550e+05 +4.850439550e+05 +4.4747e+00 -3.8256e+00 +2.9207e+00 -8.0650e-01 -5.6726e-01 +1.3960e+00 -8.5425e-01 +5.7606e+00 -4.5020e+00 -4.9821e-02
106 +4.441211228e+05 +4.441211228e+05 +4.443437128e+05 +4.443437128e+05 +4.3239e+00 -3.8977e+00 +2.7336e+00 -8.8550e-01 -3.0936e-01 +7.1059e-01 -7.5740e-01 +6.0552e+00 -4.6386e+00 +1.0948e-01
107 +1.344935074e+05 +1.344935074e+05 +1.347160974e+05 +1.347160974e+05 +4.3301e+00 -4.2961e+00 +2.7299e+00 -1.0349e+00 -6.7963e-01 +9.1697e-01 -4.8759e-01 +5.9590e+00 -4.7247e+00 -3.0754e-01
115 +4.354144668e+03 +4.354144668e+03 +4.576734668e+03 +4.576734668e+03 +4.7852e+00 -4.2428e+00 +3.0208e+00 -8.0532e-01 -6.4317e-01 +7.3219e-01 -5.2284e-01 +5.5434e+00 -5.0122e+00 -1.6874e-01
142 +2.251321880e+02 +2.251321880e+02 +4.477221880e+02 +4.477221880e+02 +4.8310e+00 -3.8765e+00 +2.6451e+00 -8.4209e-01 -8.4615e-01 +8.0846e-01 -8.2282e-01 +6.2500e+00 -5.2876e+00 -7.3179e-02
224 +1.332597916e+02 +1.332597916e+02 +3.558497916e+02 +3.558497916e+02 +5.5641e+00 -4.6008e+00 +2.3929e+00 -1.6089e+00 +3.0258e-01 +4.0969e-01 -6.6495e-01 +4.6952e+00 -3.9901e+00 -2.9841e-01
242 +1.248804502e+02 +1.248804502e+02 +3.474704502e+02 +3.474704502e+02 +5.2188e+00 -4.3421e+00 +2.4232e+00 -1.2422e+00 +1.0909e-01 +1.1711e+00 -7.2641e-01 +5.2719e+00 -4.6881e+00 +1.6412e-01
36401 +1.228847010e+02 +1.228847010e+02 +3.454747010e+02 +3.454747010e+02 +4.9756e+00 -9.8721e-01 +2.6592e+00 -1.4436e+00 -2.8869e-01 +2.4627e+00 -3.5371e-01 +5.7355e+00 -4.7841e+00 -7.1902e-01
36869 +1.201630478e+02 +1.201630478e+02 +3.427530478e+02 +3.427530478e+02 +4.9771e+00 -8.5637e-01 +2.6490e+00 -1.4486e+00 -6.7646e-01 +2.4216e+00 -3.5186e-01 +5.7358e+00 -4.7840e+00 -7.2241e-01
38125 +1.173687946e+02 +1.173687946e+02 +3.399587946e+02 +3.399587946e+02 +4.9774e+00 -7.8803e-01 +2.6725e+00 -1.4588e+00 -1.2355e+00 +2.3100e+00 -3.5138e-01 +5.7372e+00 -4.7844e+00 -7.2185e-01
39483 +1.146423086e+02 +1.146423086e+02 +3.372323086e+02 +3.372323086e+02 +4.9822e+00 -9.4664e-01 +2.6865e+00 -1.4602e+00 -2.0441e+00 +2.1067e+00 -3.5001e-01 +5.7411e+00 -4.7848e+00 -7.1145e-01
43610 +1.121994929e+02 +1.121994929e+02 +3.347894929e+02 +3.347894929e+02 +4.9815e+00 -3.6468e-01 +2.6887e+00 -1.4466e+00 -2.7765e+00 +1.9943e+00 -3.4968e-01 +5.7323e+00 -4.7839e+00 -7.0696e-01
52635 +1.096433741e+02 +1.096433741e+02 +3.322333741e+02 +3.322333741e+02 +4.9788e+00 -5.0750e-01 +2.6787e+00 -1.4336e+00 -3.6520e+00 +1.7151e+00 -3.4991e-01 +5.7200e+00 -4.7835e+00 -6.5647e-01
66613 +1.071442760e+02 +1.071442760e+02 +3.297342760e+02 +3.297342760e+02 +4.9782e+00 -4.6315e-01 +2.6776e+00 -1.4316e+00 -3.5784e+00 +1.5403e+00 -3.5002e-01 +5.6541e+00 -4.7835e+00 -4.2622e-01
76089 +1.046965195e+02 +1.046965195e+02 +3.272865195e+02 +3.272865195e+02 +4.9778e+00 -4.2775e-01 +2.6801e+00 -1.4277e+00 -3.4234e+00 +1.5210e+00 -3.5070e-01 +5.5520e+00 -4.7837e+00 -2.1221e-01
86706 +1.023210488e+02 +1.023210488e+02 +3.249110488e+02 +3.249110488e+02 +4.9777e+00 -4.5796e-01 +2.6801e+00 -1.4264e+00 -3.4197e+00 +1.5234e+00 -3.5003e-01 +5.4419e+00 -4.7836e+00 -1.2254e-02
98025 +9.999682460e+01 +9.999682460e+01 +3.225868246e+02 +3.225868246e+02 +4.9775e+00 -4.6599e-01 +2.6799e+00 -1.4252e+00 -3.4078e+00 +1.5265e+00 -3.4977e-01 +5.3305e+00 -4.7836e+00 +1.9080e-01
109951 +9.766964568e+01 +9.766964568e+01 +3.202596457e+02 +3.202596457e+02 +4.9776e+00 -4.6649e-01 +2.6801e+00 -1.4245e+00 -3.4078e+00 +1.5264e+00 -3.4975e-01 +5.2177e+00 -4.7836e+00 +3.9681e-01
% function evaluation | noise-free fitness - Fopt (-2.977700000000e+02) | best noise-free fitness - Fopt | measured fitness | best measured fitness | x1 | x2...
1 +9.278942073e+06 +9.278942073e+06 +9.278644303e+06 +9.278644303e+06 +0.0000e+00 +0.0000e+00 +0.0000e+00 +0.0000e+00 +0.0000e+00 +0.0000e+00 +0.0000e+00 +0.0000e+00 +0.0000e+00 +0.0000e+00
158 +8.453437242e+06 +8.453437242e+06 +8.453139472e+06 +8.453139472e+06 +2.6791e+00 -1.7560e+00 -2.1584e+00 +1.6168e+00 -1.3693e-01 +4.4376e+00 +1.5858e+00 -2.5408e+00 +2.6060e+00 +4.7989e+00
180 +7.679311194e+06 +7.679311194e+06 +7.679013424e+06 +7.679013424e+06 +1.4198e+00 -1.1843e+00 -2.5538e-01 +1.8265e+00 -2.5390e+00 +4.3551e+00 +2.0811e+00 -1.1966e+00 +1.8404e+00 +5.7431e+00
183 +4.948745808e+06 +4.948745808e+06 +4.948448038e+06 +4.948448038e+06 +2.4879e+00 -1.5840e+00 -1.5275e+00 +2.0284e+00 -1.7551e+00 +4.3101e+00 +2.3048e+00 -2.4070e+00 +1.7006e+00 +5.8939e+00
190 +2.041074091e+06 +2.041074091e+06 +2.040776321e+06 +2.040776321e+06 +1.8236e+00 -1.5973e+00 -2.8363e+00 +9.8100e-01 -2.1309e+00 +3.7615e+00 +6.5121e-01 -2.8924e+00 +3.5146e+00 +4.3402e+00
194 +1.985658859e+06 +1.985658859e+06 +1.985361089e+06 +1.985361089e+06 +2.3395e+00 -1.4004e+00 -1.4623e+00 +2.9481e+00 -1.1440e+00 +3.7008e+00 +2.0440e+00 -4.1569e+00 +1.3751e+00 +5.7530e+00
200 +1.439954493e+05 +1.439954493e+05 +1.436976793e+05 +1.436976793e+05 +2.6193e+00 -2.7267e+00 -3.3105e+00 +2.2690e+00 -2.1029e+00 +3.5904e+00 +1.2169e+00 -6.5606e+00 +3.4797e+00 +4.8567e+00
206 +6.664518151e+04 +6.664518151e+04 +6.634741151e+04 +6.634741151e+04 +3.0181e+00 -8.0675e-01 -2.5287e+00 +2.0970e+00 -2.1887e+00 +4.9532e+00 +1.9267e+00 -6.2153e+00 +1.6510e+00 +7.3112e+00
210 +1.162363338e+04 +1.162363338e+04 +1.132586338e+04 +1.132586338e+04 +2.0767e+00 -4.9246e-01 -1.9719e+00 +2.6751e+00 -1.7750e+00 +5.9824e+00 +2.2001e+00 -6.6260e+00 +2.1428e+00 +6.8355e+00
213 +5.853511544e+02 +5.853511544e+02 +2.875811544e+02 +2.875811544e+02 +1.9943e+00 -1.5031e+00 -2.5495e+00 +2.6742e+00 -2.3636e+00 +4.1379e+00 +1.4782e+00 -5.5000e+00 +2.8777e+00 +5.7436e+00
220 +3.343635570e+02 +3.343635570e+02 +3.659355698e+01 +3.659355698e+01 +2.3935e+00 -1.3891e+00 -2.4649e+00 +2.3896e+00 -2.1572e+00 +4.7085e+00 +1.8367e+00 -5.6826e+00 +2.3368e+00 +5.9040e+00
