% function evaluation | noise-free fitness - Fopt (-4.620900000000e+02) | best noise-free fitness - Fopt | measured fitness | best measured fitness | x1 | x2...
1 +1.181909657e+02 +1.181909657e+02 -3.438990343e+02 -3.438990343e+02 +0.0000e+00 +0.0000e+00 +0.0000e+00 +0.0000e+00 +0.0000e+00
202 +1.043366649e+02 +1.043366649e+02 -3.577533351e+02 -3.577533351e+02 +1.3791e+00 -1.7643e+00 +2.2907e+00 +7.0628e-01 +9.8948e-01
264 +9.692527814e+01 +9.692527814e+01 -3.651647219e+02 -3.651647219e+02 -7.2347e-01 -7.9814e-01 +1.6630e+00 -3.7084e-01 +6.9468e-01
290 +4.887808004e+01 +4.887808004e+01 -4.132119200e+02 -4.132119200e+02 +1.3717e+00 -1.3645e+00 +2.1919e+00 -3.7348e-01 +2.0022e+00
402 +4.445110061e+01 +4.445110061e+01 -4.176388994e+02 -4.176388994e+02 +1.3500e+00 +7.3658e-02 +6.8018e-01 +6.7706e-01 +2.4171e+00
596 +4.295358610e+01 +4.295358610e+01 -4.191364139e+02 -4.191364139e+02 +1.4186e+00 -1.5520e-02 +8.9344e-01 +3.1931e-01 +1.9550e+00
616 +4.157543336e+01 +4.157543336e+01 -4.205145666e+02 -4.205145666e+02 +2.9186e-01 +7.8615e-01 +1.2011e+00 +2.4298e-01 +1.9228e+00
684 +3.939499837e+01 +3.939499837e+01 -4.226950016e+02 -4.226950016e+02 +5.2041e-01 +1.5192e+00 +5.8052e-01 +9.9138e-01 +2.2618e+00
711 +3.662331079e+01 +3.662331079e+01 -4.254666892e+02 -4.254666892e+02 +9.3983e-01 +9.6228e-01 +2.3179e+00 +1.0916e+00 +1.9808e+00
744 +2.067217595e+01 +2.067217595e+01 -4.414178240e+02 -4.414178240e+02 +1.2732e+00 +2.2184e+00 +1.5635e+00 +6.0960e-01 +2.0029e+00
1379 +1.593038013e+01 +1.593038013e+01 -4.461596199e+02 -4.461596199e+02 +1.4134e+00 +3.9121e+00 +2.1793e+00 +7.5899e-01 +1.5653e+00
1586 +1.176671298e+01 +1.176671298e+01 -4.503232870e+02 -4.503232870e+02 +3.6224e-01 +3.1116e+00 +1.5818e+00 +1.1947e+00 +2.0200e+00
1965 +6.868779562e+00 +6.868779562e+00 -4.552212204e+02 -4.552212204e+02 +2.3468e+00 +2.9840e+00 +1.6610e+00 +7.6955e-01 +1.9808e+00
21567 +5.166601165e+00 +5.166601165e+00 -4.569233988e+02 -4.569233988e+02 +2.3061e+00 +2.3429e+00 +1.6341e+00 +2.8991e-01 +1.9783e+00
21702 +4.285932185e+00 +4.285932185e+00 -4.578040678e+02 -4.578040678e+02 +1.3511e+00 +2.3043e+00 +1.6303e+00 +3.2689e-01 +1.9806e+00
21922 +4.176606921e+00 +4.176606921e+00 -4.579133931e+02 -4.579133931e+02 +1.3550e+00 +2.3030e+00 +1.6295e+00 +3.1626e-01 +1.9837e+00
21944 +4.127183975e+00 +4.127183975e+00 -4.579628160e+02 -4.579628160e+02 +1.3609e+00 +2.3072e+00 +1.6242e+00 +3.2180e-01 +1.9876e+00
22076 +4.039753119e+00 +4.039753119e+00 -4.580502469e+02 -4.580502469e+02 +1.3387e+00 +2.3030e+00 +1.6121e+00 +3.1509e-01 +1.9895e+00
22670 +3.981026185e+00 +3.981026185e+00 -4.581089738e+02 -4.581089738e+02 +1.3446e+00 +2.3000e+00 +1.6163e+00 +3.2063e-01 +1.9898e+00
% function evaluation | noise-free fitness - Fopt (7.766000000000e+01) | best noise-free fitness - Fopt | measured fitness | best measured fitness | x1 | x2...
1 +1.918840342e+02 +1.918840342e+02 +2.695440342e+02 +2.695440342e+02 +0.0000e+00 +0.0000e+00 +0.0000e+00 +0.0000e+00 +0.0000e+00
237 +1.763830248e+02 +1.763830248e+02 +2.540430248e+02 +2.540430248e+02 -3.6349e+00 +3.0415e+00 -2.6814e+00 +1.5003e+00 +1.4935e+00
286 +1.628760758e+02 +1.628760758e+02 +2.405360758e+02 +2.405360758e+02 -4.0525e+00 +2.9928e+00 -2.6131e+00 +1.3306e+00 +1.4556e+00
294 +1.177078204e+02 +1.177078204e+02 +1.953678204e+02 +1.953678204e+02 -3.7267e+00 +2.7926e+00 -1.3410e+00 +2.9377e+00 +1.7935e+00
486 +1.174832737e+02 +1.174832737e+02 +1.951432737e+02 +1.951432737e+02 -3.7544e+00 +3.0456e+00 -1.4557e+00 +2.4132e+00 +1.7984e+00
489 +1.140634871e+02 +1.140634871e+02 +1.917234871e+02 +1.917234871e+02 -3.8866e+00 +2.5825e+00 -1.5747e+00 +4.1465e+00 +2.1464e+00
557 +1.119726642e+02 +1.119726642e+02 +1.896326642e+02 +1.896326642e+02 -3.7286e+00 +2.3978e+00 -1.0876e+00 +3.5421e+00 +2.5182e+00
575 +1.089305384e+02 +1.089305384e+02 +1.865905384e+02 +1.865905384e+02 -4.0908e+00 +2.8036e+00 -1.6122e+00 +3.2514e+00 +1.7146e+00
614 +1.043004046e+02 +1.043004046e+02 +1.819604046e+02 +1.819604046e+02 -4.0051e+00 +2.3714e+00 -9.3229e-01 +3.7100e+00 +1.6565e+00
681 +9.897821074e+01 +9.897821074e+01 +1.766382107e+02 +1.766382107e+02 -3.4742e+00 +2.2024e+00 -1.0629e+00 +2.5469e+00 +2.4593e+00
684 +9.445087539e+01 +9.445087539e+01 +1.721108754e+02 +1.721108754e+02 -2.7900e+00 +2.2590e+00 -3.6078e-01 +2.9979e+00 +1.4026e+00
692 +9.221751734e+01 +9.221751734e+01 +1.698775173e+02 +1.698775173e+02 -2.9602e+00 +2.1492e+00 -1.4430e+00 +3.7443e+00 +1.8099e+00
704 +8.259322760e+01 +8.259322760e+01 +1.602532276e+02 +1.602532276e+02 -3.0944e+00 +2.3222e+00 -9.7227e-01 +2.8891e+00 +1.7921e+00
784 +7.211554962e+01 +7.211554962e+01 +1.497755496e+02 +1.497755496e+02 -2.5531e+00 +2.1566e+00 +5.6248e-01 +2.8852e+00 +1.5746e+00
792 +6.791119881e+01 +6.791119881e+01 +1.455711988e+02 +1.455711988e+02 -2.6238e+00 +2.0198e+00 +2.1698e-01 +3.4167e+00 +1.8407e+00
880 +5.281708969e+01 +5.281708969e+01 +1.304770897e+02 +1.304770897e+02 -1.5665e+00 +1.4390e+00 +1.7929e-01 +3.8246e+00 +1.7974e+00
938 +4.681405885e+01 +4.681405885e+01 +1.244740588e+02 +1.244740588e+02 -6.0601e-01 +1.1413e+00 +1.6951e-01 +3.3561e+00 +1.8425e+00
955 +3.732279751e+01 +3.732279751e+01 +1.149827975e+02 +1.149827975e+02 +5.8672e-01 +7.8342e-01 +1.1626e+00 +3.0098e+00 +1.4837e+00
997 +3.535717582e+01 +3.535717582e+01 +1.130171758e+02 +1.130171758e+02 -6.4228e-01 +1.2137e+00 +8.4080e-01 +2.9037e+00 +2.1317e+00
1094 +3.060273558e+01 +3.060273558e+01 +1.082627356e+02 +1.082627356e+02 -1.6148e+00 +6.1794e-01 +7.2899e-01 +2.9341e+00 +2.2015e+00
1141 +2.247837896e+01 +2.247837896e+01 +1.001383790e+02 +1.001383790e+02 -6.6541e-01 +7.9389e-01 +8.1244e-01 +3.3287e+00 +2.1247e+00
1457 +1.627352742e+01 +1.627352742e+01 +9.393352742e+01 +9.393352742e+01 +1.4076e+00 +6.4817e-01 +5.5223e-01 +3.3296e+00 +2.1211e+00
1637 +1.537551870e+01 +1.537551870e+01 +9.303551870e+01 +9.303551870e+01 +1.4352e+00 +5.5800e-01 +7.6073e-01 +3.2687e+00 +2.1754e+00
1711 +1.323542234e+01 +1.323542234e+01 +9.089542234e+01 +9.089542234e+01 +1.3238e+00 +6.4471e-01 +7.0176e-01 +3.3709e+00 +2.4434e+00
1830 +1.220297596e+01 +1.220297596e+01 +8.986297596e+01 +8.986297596e+01 +1.4169e+00 +7.3537e-01 +6.9923e-01 +3.3481e+00 +2.4110e+00
1892 +9.862352305e+00 +9.862352305e+00 +8.752235231e+01 +8.752235231e+01 +1.4259e+00 +6.3575e-01 +6.5047e-01 +3.3255e+00 +2.4304e+00
1914 +7.433736329e+00 +7.433736329e+00 +8.509373633e+01 +8.509373633e+01 +1.4174e+00 +6.5073e-01 +7.1550e-01 +3.3244e+00 +2.4613e+00
2139 +7.305531869e+00 +7.305531869e+00 +8.496553187e+01 +8.496553187e+01 +1.4162e+00 +6.4595e-01 +6.9403e-01 +3.3102e+00 +2.4627e+00
2156 +7.213799196e+00 +7.213799196e+00 +8.487379920e+01 +8.487379920e+01 +1.4071e+00 +6.3268e-01 +6.7994e-01 +3.3165e+00 +2.4577e+00
2481 +6.813322301e+00 +6.813322301e+00 +8.447332230e+01 +8.447332230e+01 +1.4140e+00 +6.6375e-01 +6.7266e-01 +3.3206e+00 +2.4618e+00
2496 +6.587050253e+00 +6.587050253e+00 +8.424705025e+01 +8.424705025e+01 +1.3908e+00 +6.8760e-01 +6.6850e-01 +3.3198e+00 +2.4600e+00
2535 +6.273033257e+00 +6.273033257e+00 +8.393303326e+01 +8.393303326e+01 +1.4158e+00 +7.2993e-01 +6.7614e-01 +3.3182e+00 +2.4647e+00
2576 +6.040245816e+00 +6.040245816e+00 +8.370024582e+01 +8.370024582e+01 +1.4044e+00 +7.4665e-01 +6.8569e-01 +3.3240e+00 +2.4607e+00
2750 +6.002414101e+00 +6.002414101e+00 +8.366241410e+01 +8.366241410e+01 +1.4022e+00 +7.6050e-01 +6.7667e-01 +3.3211e+00 +2.4606e+00
6448 +5.779683057e+00 +5.779683057e+00 +8.343968306e+01 +8.343968306e+01 +1.3542e+00 -1.2373e-01 +6.8485e-01 +3.3198e+00 +2.1661e+00
6675 +5.726843195e+00 +5.726843195e+00 +8.338684320e+01 +8.338684320e+01 +1.3916e+00 -1.1103e-01 +7.3748e-01 +3.3360e+00 +2.1591e+00
6690 +5.271022629e+00 +5.271022629e+00 +8.293102263e+01 +8.293102263e+01 +1.3880e+00 -1.2978e-01 +7.2258e-01 +3.3230e+00 +2.1602e+00
6709 +4.405142948e+00 +4.405142948e+00 +8.206514295e+01 +8.206514295e+01 +1.3990e+00 -9.4954e-02 +6.8523e-01 +3.3299e+00 +2.1582e+00
6763 +4.332570334e+00 +4.332570334e+00 +8.199257033e+01 +8.199257033e+01 +1.3870e+00 -4.3321e-02 +6.8276e-01 +3.3314e+00 +2.1463e+00
6811 +4.133007408e+00 +4.133007408e+00 +8.179300741e+01 +8.179300741e+01 +1.4100e+00 -4.8959e-02 +6.8462e-01 +3.3302e+00 +2.1574e+00
6926 +4.040317277e+00 +4.040317277e+00 +8.170031728e+01 +8.170031728e+01 +1.4107e+00 -4.1535e-02 +6.7433e-01 +3.3276e+00 +2.1545e+00
7328 +3.980178580e+00 +3.980178580e+00 +8.164017858e+01 +8.164017858e+01 +1.4018e+00 -3.5627e-02 +6.7529e-01 +3.3234e+00 +2.1542e+00
% function evaluation | noise-free fitness - Fopt (1.156800000000e+02) | best noise-free fitness - Fopt | measured fitness | best measured fitness | x1 | x2...
1 +2.457187506e+02 +2.457187506e+02 +3.613987506e+02 +3.613987506e+02 +0.0000e+00 +0.0000e+00 +0.0000e+00 +0.0000e+00 +0.0000e+00
135 +2.393272664e+02 +2.393272664e+02 +3.550072664e+02 +3.550072664e+02 -4.0661e+00 +3.9164e+00 -8.9466e-01 +2.2165e+00 +6.3674e-02
139 +1.972396645e+02 +1.972396645e+02 +3.129196645e+02 +3.129196645e+02 -4.1670e+00 +3.4670e+00 -2.2383e-01 +2.9066e+00 +4.2549e-01
140 +1.840277010e+02 +1.840277010e+02 +2.997077010e+02 +2.997077010e+02 -4.1006e+00 +3.2844e+00 -3.9536e-01 +2.2511e+00 +6.1402e-01
168 +1.511853732e+02 +1.511853732e+02 +2.668653732e+02 +2.668653732e+02 -4.4452e+00 +3.5958e+00 +2.9192e-01 +3.2535e+00 +2.0424e+00
170 +1.358211145e+02 +1.358211145e+02 +2.515011145e+02 +2.515011145e+02 -4.1574e+00 +2.9875e+00 -1.8449e+00 +3.2161e+00 +2.7143e+00
174 +1.258533667e+02 +1.258533667e+02 +2.415333667e+02 +2.415333667e+02 -4.3069e+00 +2.9756e+00 -5.8325e-01 +2.9286e+00 +2.8523e+00
176 +1.139987801e+02 +1.139987801e+02 +2.296787801e+02 +2.296787801e+02 -4.1519e+00 +3.4822e+00 -8.7983e-01 +2.8923e+00 +2.4177e+00
288 +1.095608053e+02 +1.095608053e+02 +2.252408053e+02 +2.252408053e+02 -3.8294e+00 +3.4361e+00 -4.5977e-01 +3.1734e+00 +2.8321e+00
303 +1.027743381e+02 +1.027743381e+02 +2.184543381e+02 +2.184543381e+02 -4.1660e+00 +2.7295e+00 -1.0711e+00 +3.5991e+00 +2.9162e+00
326 +1.018062661e+02 +1.018062661e+02 +2.174862661e+02 +2.174862661e+02 -4.1739e+00 +3.1090e+00 -3.7988e-01 +4.0230e+00 +2.6503e+00
371 +9.294203346e+01 +9.294203346e+01 +2.086220335e+02 +2.086220335e+02 -4.0559e+00 +2.8729e+00 -1.2616e+00 +2.9347e+00 +3.6047e+00
434 +8.991389000e+01 +8.991389000e+01 +2.055938900e+02 +2.055938900e+02 -4.1305e+00 +2.8510e+00 -2.6384e-01 +3.0391e+00 +3.6489e+00
550 +7.749322925e+01 +7.749322925e+01 +1.931732293e+02 +1.931732293e+02 -4.0563e+00 +2.7977e+00 -8.7637e-01 +3.1053e+00 +2.9889e+00
572 +6.816358685e+01 +6.816358685e+01 +1.838435869e+02 +1.838435869e+02 -4.1540e+00 +2.7509e+00 -8.5019e-01 +3.1173e+00 +3.2784e+00
760 +6.223164039e+01 +6.223164039e+01 +1.779116404e+02 +1.779116404e+02 -4.0933e+00 +1.1790e+00 -3.4260e-01 +3.0067e+00 +3.5175e+00
890 +6.000830652e+01 +6.000830652e+01 +1.756883065e+02 +1.756883065e+02 -4.1692e+00 +3.0568e-01 -2.1292e-01 +3.0566e+00 +3.6951e+00
983 +5.743135191e+01 +5.743135191e+01 +1.731113519e+02 +1.731113519e+02 -3.1871e+00 -1.7949e-01 +4.1741e-01 +2.2734e+00 +3.2682e+00
1019 +4.486434707e+01 +4.486434707e+01 +1.605443471e+02 +1.605443471e+02 -3.0300e+00 -3.3200e-01 -1.5453e-01 +3.0623e+00 +2.9172e+00
1323 +4.155443914e+01 +4.155443914e+01 +1.572344391e+02 +1.572344391e+02 -1.3352e-01 -9.0450e-01 -1.3300e+00 +2.2486e+00 +3.3533e+00
1471 +3.504541618e+01 +3.504541618e+01 +1.507254162e+02 +1.507254162e+02 -6.1591e-01 -1.0206e+00 -3.9977e-01 +2.7811e+00 +3.5761e+00
1523 +3.386160021e+01 +3.386160021e+01 +1.495416002e+02 +1.495416002e+02 +9.6752e-02 +4.0065e-01 -7.9397e-01 +3.9887e+00 +3.3744e+00
1558 +2.424783054e+01 +2.424783054e+01 +1.399278305e+02 +1.399278305e+02 +4.0280e-01 -8.4130e-01 -4.3333e-01 +3.4835e+00 +3.6102e+00
1676 +1.614789054e+01 +1.614789054e+01 +1.318278905e+02 +1.318278905e+02 +1.1160e+00 -1.0550e+00 -8.2559e-01 +4.0031e+00 +3.3279e+00
2162 +1.371675130e+01 +1.371675130e+01 +1.293967513e+02 +1.293967513e+02 +1.9569e-01 -1.7973e+00 -2.5143e-01 +2.7265e+00 +3.2780e+00
2291 +1.009127478e+01 +1.009127478e+01 +1.257712748e+02 +1.257712748e+02 +3.2286e-01 -9.9212e-01 -3.9292e-01 +2.7028e+00 +3.2743e+00
2617 +9.243068949e+00 +9.243068949e+00 +1.249230689e+02 +1.249230689e+02 +1.1781e-01 -2.5124e-01 -3.0225e-01 +3.0855e+00 +3.2927e+00
6470 +7.512298115e+00 +7.512298115e+00 +1.231922981e+02 +1.231922981e+02 +1.8489e-01 -9.2794e-01 -3.3268e-01 +3.0847e+00 +3.2899e+00
6673 +7.283544973e+00 +7.283544973e+00 +1.229635450e+02 +1.229635450e+02 +2.1656e-01 -9.2621e-01 -3.5614e-01 +3.0853e+00 +3.2904e+00
6690 +7.094437469e+00 +7.094437469e+00 +1.227744375e+02 +1.227744375e+02 +1.2219e-01 -9.6723e-01 -3.5021e-01 +3.0925e+00 +3.2970e+00
6734 +6.637670617e+00 +6.637670617e+00 +1.223176706e+02 +1.223176706e+02 +1.6133e-01 -9.7883e-01 -3.2718e-01 +3.0897e+00 +3.2883e+00
6756 +6.155178361e+00 +6.155178361e+00 +1.218351784e+02 +1.218351784e+02 +1.9929e-01 -9.8581e-01 -3.3318e-01 +3.0836e+00 +3.2945e+00
6888 +5.996370523e+00 +5.996370523e+00 +1.216763705e+02 +1.216763705e+02 +2.1792e-01 -9.8253e-01 -3.4903e-01 +3.0929e+00 +3.2945e+00
17412 +5.740764214e+00 +5.740764214e+00 +1.214207642e+02 +1.214207642e+02 +1.1900e+00 -9.8566e-01 -4.0657e-01 +3.1071e+00 +3.3184e+00
17938 +3.821773174e+00 +3.821773174e+00 +1.195017732e+02 +1.195017732e+02 +1.2159e+00 -1.0014e+00 -3.7653e-01 +3.1161e+00 +3.5955e+00
17950 +3.100825070e+00 +3.100825070e+00 +1.187808251e+02 +1.187808251e+02 +1.1901e+00 -1.0238e+00 -3.7064e-01 +3.1057e+00 +3.6051e+00
% function evaluation | noise-free fitness - Fopt (-3.710000000000e+00) | best noise-free fitness - Fopt | measured fitness | best measured fitness | x1 | x2...
1 +2.580895641e+02 +2.580895641e+02 +2.543795641e+02 +2.543795641e+02 +0.0000e+00 +0.0000e+00 +0.0000e+00 +0.0000e+00 +0.0000e+00
134 +2.348932237e+02 +2.348932237e+02 +2.311832237e+02 +2.311832237e+02 -1.0609e+00 +2.3294e+00 +7.3127e-01 +5.1960e-01 +1.3707e-01
164 +2.094160672e+02 +2.094160672e+02 +2.057060672e+02 +2.057060672e+02 -1.1054e+00 +3.0808e+00 +1.9250e+00 +1.3105e+00 +4.8703e-01
182 +1.905960875e+02 +1.905960875e+02 +1.868860875e+02 +1.868860875e+02 -2.0475e+00 +2.1450e+00 -5.3052e-01 +1.2333e+00 +6.2927e-01
196 +1.874876342e+02 +1.874876342e+02 +1.837776342e+02 +1.837776342e+02 -1.7221e+00 +1.3113e+00 +1.8786e+00 +1.6006e+00 +6.0136e-01
226 +1.844866615e+02 +1.844866615e+02 +1.807766615e+02 +1.807766615e+02 -8.3352e-01 +7.7010e-01 -5.3070e-01 +2.8534e-01 +1.5930e+00
232 +1.769706861e+02 +1.769706861e+02 +1.732606861e+02 +1.732606861e+02 -8.6963e-01 +1.4376e+00 +1.6898e+00 +2.4548e-01 +1.2638e+00
250 +1.570364698e+02 +1.570364698e+02 +1.533264698e+02 +1.533264698e+02 -8.3561e-01 +3.9601e-01 +2.0791e-01 +2.7320e-01 +2.2249e+00
256 +1.399325277e+02 +1.399325277e+02 +1.362225277e+02 +1.362225277e+02 -1.2619e+00 +6.7800e-01 -7.2865e-01 +1.5473e+00 +2.4788e+00
257 +1.172714393e+02 +1.172714393e+02 +1.135614393e+02 +1.135614393e+02 -1.0391e+00 +9.9731e-01 -3.2024e-01 +4.1262e+00 +2.9989e+00
280 +9.067086761e+01 +9.067086761e+01 +8.696086761e+01 +8.696086761e+01 -2.1053e+00 -1.5757e+00 -8.2120e-03 +2.6769e+00 +2.3462e+00
297 +8.665485275e+01 +8.665485275e+01 +8.294485275e+01 +8.294485275e+01 -1.9973e+00 -1.8823e+00 +1.6543e-01 +2.2259e+00 +3.1202e+00
439 +5.958482496e+01 +5.958482496e+01 +5.587482496e+01 +5.587482496e+01 -8.0496e-01 -2.4238e+00 +1.5901e+00 +3.2943e+00 +2.8136e+00
575 +3.183694869e+01 +3.183694869e+01 +2.812694869e+01 +2.812694869e+01 +1.0517e+00 -1.4607e+00 +1.3595e+00 +3.8393e+00 +2.3931e+00
707 +2.518702223e+01 +2.518702223e+01 +2.147702223e+01 +2.147702223e+01 +1.3318e+00 -1.4501e+00 +1.8992e+00 +3.9219e+00 +2.2110e+00
741 +2.188360448e+01 +2.188360448e+01 +1.817360448e+01 +1.817360448e+01 +9.6001e-01 -1.6349e+00 +1.1235e+00 +3.8165e+00 +3.1896e+00
748 +2.099505314e+01 +2.099505314e+01 +1.728505314e+01 +1.728505314e+01 +1.2411e+00 -1.5888e+00 +1.2649e+00 +3.4731e+00 +3.0652e+00
860 +9.050255026e+00 +9.050255026e+00 +5.340255026e+00 +5.340255026e+00 +1.0314e+00 -2.3085e+00 +1.2007e+00 +3.5356e+00 +3.1473e+00
1568 +8.807708052e+00 +8.807708052e+00 +5.097708052e+00 +5.097708052e+00 +1.2260e+00 -1.5187e+00 +1.2509e+00 +3.4977e+00 +3.1446e+00
1636 +7.668318869e+00 +7.668318869e+00 +3.958318869e+00 +3.958318869e+00 +1.1794e+00 -1.5476e+00 +1.1817e+00 +3.5093e+00 +3.1414e+00
1819 +7.561101760e+00 +7.561101760e+00 +3.851101760e+00 +3.851101760e+00 +1.1602e+00 -1.5457e+00 +1.1655e+00 +3.5107e+00 +3.1500e+00
1864 +7.308738881e+00 +7.308738881e+00 +3.598738881e+00 +3.598738881e+00 +1.1703e+00 -1.5102e+00 +1.2050e+00 +3.5027e+00 +3.1451e+00
1909 +7.192007205e+00 +7.192007205e+00 +3.482007205e+00 +3.482007205e+00 +1.1605e+00 -1.4984e+00 +1.1703e+00 +3.5043e+00 +3.1473e+00
2034 +7.066916025e+00 +7.066916025e+00 +3.356916025e+00 +3.356916025e+00 +1.1743e+00 -1.4870e+00 +1.1732e+00 +3.5012e+00 +3.1510e+00
13719 +6.395938571e+00 +6.395938571e+00 +2.685938571e+00 +2.685938571e+00 +2.1827e+00 -1.4788e+00 +1.2157e+00 +3.9213e+00 +2.8261e+00
13846 +5.069735603e+00 +5.069735603e+00 +1.359735603e+00 +1.359735603e+00 +2.0891e+00 -1.5121e+00 +1.2048e+00 +3.8945e+00 +2.8378e+00
13888 +4.905225390e+00 +4.905225390e+00 +1.195225390e+00 +1.195225390e+00 +2.1425e+00 -1.5357e+00 +1.2078e+00 +3.9091e+00 +2.8544e+00
13910 +4.865343351e+00 +4.865343351e+00 +1.155343351e+00 +1.155343351e+00 +2.1587e+00 -1.5368e+00 +1.1955e+00 +3.9116e+00 +2.8477e+00
13952 +4.360772978e+00 +4.360772978e+00 +6.507729781e-01 +6.507729781e-01 +2.1155e+00 -1.5061e+00 +1.1666e+00 +3.9165e+00 +2.8480e+00
13976 +4.171635045e+00 +4.171635045e+00 +4.616350453e-01 +4.616350453e-01 +2.1377e+00 -1.4983e+00 +1.1766e+00 +3.9093e+00 +2.8416e+00
14152 +4.096377769e+00 +4.096377769e+00 +3.863777686e-01 +3.863777686e-01 +2.1350e+00 -1.4893e+00 +1.1790e+00 +3.9132e+00 +2.8412e+00
14174 +4.055616765e+00 +4.055616765e+00 +3.456167651e-01 +3.456167651e-01 +2.1304e+00 -1.4858e+00 +1.1795e+00 +3.9115e+00 +2.8401e+00
14350 +3.980948857e+00 +3.980948857e+00 +2.709488569e-01 +2.709488569e-01 +2.1237e+00 -1.4744e+00 +1.1877e+00 +3.9108e+00 +2.8425e+00
26236 +3.710381008e+00 +3.710381008e+00 +3.810084950e-04 +3.810084950e-04 +2.1223e+00 -1.5134e+00 +1.1718e+00 +3.9124e+00 +3.1375e+00
% function evaluation | noise-free fitness - Fopt (1.321800000000e+02) | best noise-free fitness - Fopt | measured fitness | best measured fitness | x1 | x2...
1 +1.867275087e+02 +1.867275087e+02 +3.189075087e+02 +3.189075087e+02 +0.0000e+00 +0.0000e+00 +0.0000e+00 +0.0000e+00 +0.0000e+00
135 +1.721504540e+02 +1.721504540e+02 +3.043304540e+02 +3.043304540e+02 -1.7603e+00 -1.2796e+00 +2.6081e+00 +1.1148e+00 +1.3564e+00
162 +1.479127400e+02 +1.479127400e+02 +2.800927400e+02 +2.800927400e+02 -3.7594e+00 -7.1743e-02 +2.1384e+00 -1.2016e+00 +6.7372e-01
219 +1.240586272e+02 +1.240586272e+02 +2.562386272e+02 +2.562386272e+02 -2.2960e+00 -3.0605e+00 +2.1942e+00 -2.7984e+00 +1.5089e+00
235 +9.596394008e+01 +9.596394008e+01 +2.281439401e+02 +2.281439401e+02 -2.6408e+00 +3.7290e-01 +2.2323e+00 -1.9818e+00 +1.7171e+00
406 +8.641716877e+01 +8.641716877e+01 +2.185971688e+02 +2.185971688e+02 -1.5841e+00 +9.4443e-01 +2.4374e+00 -2.8730e+00 +2.6034e+00
484 +6.714506992e+01 +6.714506992e+01 +1.993250699e+02 +1.993250699e+02 -2.6769e+00 +8.2833e-01 +1.8938e+00 -2.2708e+00 +2.4659e+00
514 +6.320933903e+01 +6.320933903e+01 +1.953893390e+02 +1.953893390e+02 -1.3856e+00 -9.6067e-01 +3.1059e+00 -1.5114e+00 +1.7695e+00
572 +5.696887608e+01 +5.696887608e+01 +1.891488761e+02 +1.891488761e+02 -2.5542e+00 +7.2974e-01 +2.6707e+00 -1.9799e+00 +2.1467e+00
760 +5.193083727e+01 +5.193083727e+01 +1.841108373e+02 +1.841108373e+02 -1.5143e+00 +3.5952e+00 +2.8432e+00 -1.5055e+00 +2.5667e+00
789 +5.024744565e+01 +5.024744565e+01 +1.824274457e+02 +1.824274457e+02 -1.6400e-01 +1.6521e+00 +2.8160e+00 -1.5780e+00 +2.3460e+00
801 +3.252911613e+01 +3.252911613e+01 +1.647091161e+02 +1.647091161e+02 -1.6235e-02 +2.3742e+00 +2.9011e+00 -2.3866e+00 +1.8319e+00
1181 +3.098888186e+01 +3.098888186e+01 +1.631688819e+02 +1.631688819e+02 -7.5565e-02 +2.1992e+00 +3.3832e+00 -2.3894e+00 +2.2304e+00
1186 +2.628039459e+01 +2.628039459e+01 +1.584603946e+02 +1.584603946e+02 +6.1489e-01 +1.4171e+00 +3.3625e+00 -2.0160e+00 +1.7697e+00
1323 +2.378037060e+01 +2.378037060e+01 +1.559603706e+02 +1.559603706e+02 +1.7837e+00 +2.0663e+00 +2.8457e+00 -1.5555e+00 +2.2591e+00
1340 +1.949175427e+01 +1.949175427e+01 +1.516717543e+02 +1.516717543e+02 +2.0236e+00 +2.3280e+00 +2.9170e+00 -1.9116e+00 +2.2224e+00
1357 +1.433065267e+01 +1.433065267e+01 +1.465106527e+02 +1.465106527e+02 +2.7582e+00 +1.5434e+00 +2.7499e+00 -1.5152e+00 +2.5168e+00
1491 +1.257271903e+01 +1.257271903e+01 +1.447527190e+02 +1.447527190e+02 +1.6698e+00 +2.2770e+00 +2.8327e+00 -2.4194e+00 +2.1953e+00
2120 +1.162379513e+01 +1.162379513e+01 +1.438037951e+02 +1.438037951e+02 +1.8438e+00 +6.3431e-01 +2.8802e+00 -2.3486e+00 +2.2106e+00
2816 +1.072372393e+01 +1.072372393e+01 +1.429037239e+02 +1.429037239e+02 +1.6743e+00 +2.2471e+00 +2.8875e+00 -1.5368e+00 +2.1719e+00
3018 +1.008585930e+01 +1.008585930e+01 +1.422658593e+02 +1.422658593e+02 +1.7419e+00 +2.2801e+00 +2.8816e+00 -1.5014e+00 +2.1657e+00
3102 +9.940979557e+00 +9.940979557e+00 +1.421209796e+02 +1.421209796e+02 +1.7157e+00 +2.2326e+00 +2.8917e+00 -1.5409e+00 +2.1891e+00
3111 +9.268642021e+00 +9.268642021e+00 +1.414486420e+02 +1.414486420e+02 +1.7380e+00 +2.2581e+00 +2.9097e+00 -1.5287e+00 +2.1807e+00
3124 +9.034908221e+00 +9.034908221e+00 +1.412149082e+02 +1.412149082e+02 +1.7196e+00 +2.2606e+00 +2.8810e+00 -1.5229e+00 +2.1852e+00
3143 +8.539200728e+00 +8.539200728e+00 +1.407192007e+02 +1.407192007e+02 +1.7460e+00 +2.2772e+00 +2.8830e+00 -1.5218e+00 +2.1847e+00
3168 +8.201970527e+00 +8.201970527e+00 +1.403819705e+02 +1.403819705e+02 +1.7689e+00 +2.2913e+00 +2.8748e+00 -1.5270e+00 +2.1846e+00
3190 +8.120458769e+00 +8.120458769e+00 +1.403004588e+02 +1.403004588e+02 +1.7968e+00 +2.2767e+00 +2.8791e+00 -1.5206e+00 +2.1826e+00
6938 +7.926736698e+00 +7.926736698e+00 +1.401067367e+02 +1.401067367e+02 +3.7325e+00 +1.5102e+00 +2.8105e+00 -1.9510e+00 +1.8351e+00
6954 +7.704650282e+00 +7.704650282e+00 +1.398846503e+02 +1.398846503e+02 +3.7005e+00 +1.4922e+00 +2.8225e+00 -1.9299e+00 +1.7921e+00
7020 +6.881851923e+00 +6.881851923e+00 +1.390618519e+02 +1.390618519e+02 +3.6758e+00 +1.4873e+00 +2.8328e+00 -1.9532e+00 +1.8131e+00
7152 +6.423199610e+00 +6.423199610e+00 +1.386031996e+02 +1.386031996e+02 +3.6890e+00 +1.5069e+00 +2.8403e+00 -1.9660e+00 +1.8132e+00
7174 +5.671744846e+00 +5.671744846e+00 +1.378517448e+02 +1.378517448e+02 +3.7250e+00 +1.4969e+00 +2.8490e+00 -1.9527e+00 +1.8047e+00
7196 +5.606160665e+00 +5.606160665e+00 +1.377861607e+02 +1.377861607e+02 +3.7271e+00 +1.4858e+00 +2.8409e+00 -1.9567e+00 +1.7997e+00
7364 +5.259941729e+00 +5.259941729e+00 +1.374399417e+02 +1.374399417e+02 +3.7619e+00 +1.4694e+00 +2.8642e+00 -1.9691e+00 +1.7929e+00
7376 +5.151903936e+00 +5.151903936e+00 +1.373319039e+02 +1.373319039e+02 +3.7518e+00 +1.4705e+00 +2.8572e+00 -1.9697e+00 +1.7986e+00
7394 +5.088242987e+00 +5.088242987e+00 +1.372682430e+02 +1.372682430e+02 +3.7517e+00 +1.4694e+00 +2.8577e+00 -1.9647e+00 +1.8032e+00
7460 +5.001032352e+00 +5.001032352e+00 +1.371810324e+02 +1.371810324e+02 +3.7565e+00 +1.4858e+00 +2.8662e+00 -1.9622e+00 +1.8058e+00
% function evaluation | noise-free fitness - Fopt (6.438000000000e+01) | best noise-free fitness - Fopt | measured fitness | best measured fitness | x1 | x2...
1 +3.005416784e+02 +3.005416784e+02 +3.649216784e+02 +3.649216784e+02 +0.0000e+00 +0.0000e+00 +0.0000e+00 +0.0000e+00 +0.0000e+00
214 +2.788262077e+02 +2.788262077e+02 +3.432062077e+02 +3.432062077e+02 -2.7915e+00 -3.9987e+00 -2.5464e+00 -1.9174e+00 +2.2400e+00
230 +2.601951407e+02 +2.601951407e+02 +3.245751407e+02 +3.245751407e+02 -3.3013e+00 -3.6060e+00 -1.9206e+00 -1.9889e+00 +2.8244e+00
316 +2.503697248e+02 +2.503697248e+02 +3.147497248e+02 +3.147497248e+02 -2.5879e+00 -5.1967e+00 -1.6876e+00 -3.6752e+00 +3.1639e+00
336 +2.119312657e+02 +2.119312657e+02 +2.763112657e+02 +2.763112657e+02 -8.7170e-01 -2.9392e+00 -2.2517e+00 -3.7637e+00 +2.0802e+00
380 +1.964804360e+02 +1.964804360e+02 +2.608604360e+02 +2.608604360e+02 -1.3960e+00 -3.7976e+00 -2.3868e-01 -2.5124e+00 +2.6309e+00
406 +1.890832831e+02 +1.890832831e+02 +2.534632831e+02 +2.534632831e+02 -2.2323e+00 -3.4240e+00 -6.9369e-01 -2.5249e+00 +2.2556e+00
412 +1.791732216e+02 +1.791732216e+02 +2.435532216e+02 +2.435532216e+02 -2.0468e+00 -2.5657e+00 -7.1308e-01 -4.7273e+00 +2.7845e+00
414 +1.723213340e+02 +1.723213340e+02 +2.367013340e+02 +2.367013340e+02 -2.0374e+00 -2.8257e+00 -3.1956e-01 -4.1981e+00 +3.1963e+00
418 +1.573647475e+02 +1.573647475e+02 +2.217447475e+02 +2.217447475e+02 -2.0152e+00 -3.0726e+00 -8.7018e-01 -4.1413e+00 +2.9213e+00
440 +1.440399592e+02 +1.440399592e+02 +2.084199592e+02 +2.084199592e+02 -2.2460e+00 -3.4620e+00 -7.2212e-03 -4.1334e+00 +3.3939e+00
447 +1.311258353e+02 +1.311258353e+02 +1.955058353e+02 +1.955058353e+02 -1.8997e+00 -2.3628e+00 +2.5371e-01 -4.5925e+00 +3.4222e+00
482 +1.227215512e+02 +1.227215512e+02 +1.871015512e+02 +1.871015512e+02 -2.3354e+00 -3.1588e+00 +1.7853e+00 -4.0800e+00 +3.5119e+00
511 +1.156608397e+02 +1.156608397e+02 +1.800408397e+02 +1.800408397e+02 -1.2771e-01 -1.0016e+00 +2.0522e+00 -5.1702e+00 +2.7798e+00
528 +1.118197983e+02 +1.118197983e+02 +1.761997983e+02 +1.761997983e+02 -1.0328e+00 -1.2960e+00 +1.1060e+00 -4.5637e+00 +2.6223e+00
542 +1.041643243e+02 +1.041643243e+02 +1.685443243e+02 +1.685443243e+02 -1.9174e+00 -2.2045e+00 +1.8544e+00 -5.1326e+00 +3.3790e+00
554 +8.270447067e+01 +8.270447067e+01 +1.470844707e+02 +1.470844707e+02 -7.0905e-01 +7.7531e-01 +9.9124e-01 -4.0249e+00 +2.6883e+00
594 +7.612121012e+01 +7.612121012e+01 +1.405012101e+02 +1.405012101e+02 -8.1956e-01 -1.5886e-01 +8.1860e-01 -3.2375e+00 +2.9667e+00
596 +6.279345274e+01 +6.279345274e+01 +1.271734527e+02 +1.271734527e+02 +1.8498e-01 -2.5681e-01 +2.2514e+00 -4.1101e+00 +3.6383e+00
703 +4.932790595e+01 +4.932790595e+01 +1.137079060e+02 +1.137079060e+02 +3.2640e-01 +1.7772e+00 +1.7346e+00 -3.7049e+00 +2.7498e+00
799 +4.471498942e+01 +4.471498942e+01 +1.090949894e+02 +1.090949894e+02 +9.0774e-01 +1.5796e-01 +2.3848e+00 -4.5615e+00 +3.5895e+00
857 +3.589391840e+01 +3.589391840e+01 +1.002739184e+02 +1.002739184e+02 +1.1207e+00 +1.7615e-01 +1.3030e+00 -3.9909e+00 +3.3789e+00
899 +2.778037358e+01 +2.778037358e+01 +9.216037358e+01 +9.216037358e+01 +1.1736e+00 +2.0369e-01 +1.7000e+00 -4.0444e+00 +3.0206e+00
1359 +2.472162363e+01 +2.472162363e+01 +8.910162363e+01 +8.910162363e+01 +1.1196e+00 +2.0997e-01 +1.8163e+00 -3.6471e+00 +3.3849e+00
1378 +2.328443243e+01 +2.328443243e+01 +8.766443243e+01 +8.766443243e+01 +9.9008e-01 +2.3280e-01 +1.7488e+00 -3.2124e+00 +3.6799e+00
1829 +1.891110721e+01 +1.891110721e+01 +8.329110721e+01 +8.329110721e+01 +1.1361e+00 +8.9123e-01 +1.6831e+00 -3.2061e+00 +3.3852e+00
1862 +1.686393073e+01 +1.686393073e+01 +8.124393073e+01 +8.124393073e+01 +1.0796e+00 +9.7919e-01 +1.6811e+00 -3.1886e+00 +3.3730e+00
3256 +1.658975407e+01 +1.658975407e+01 +8.096975407e+01 +8.096975407e+01 +1.1590e+00 +9.8477e-01 +1.7079e+00 -4.0532e+00 +3.3692e+00
3371 +1.612703088e+01 +1.612703088e+01 +8.050703088e+01 +8.050703088e+01 +1.1273e+00 +9.8451e-01 +1.7198e+00 -4.0515e+00 +3.3712e+00
12212 +1.533661083e+01 +1.533661083e+01 +7.971661083e+01 +7.971661083e+01 +2.1623e+00 +3.1822e+00 +2.3063e+00 -4.0678e+00 +3.4226e+00
13029 +1.247503564e+01 +1.247503564e+01 +7.685503564e+01 +7.685503564e+01 +2.0920e+00 +4.0006e+00 +1.7734e+00 -3.2952e+00 +3.3874e+00
13239 +7.648778729e+00 +7.648778729e+00 +7.202877873e+01 +7.202877873e+01 +2.0096e+00 +3.2071e+00 +1.8322e+00 -3.6538e+00 +3.6609e+00
13466 +4.130354468e+00 +4.130354468e+00 +6.851035447e+01 +6.851035447e+01 +2.0742e+00 +3.2361e+00 +1.7816e+00 -3.6236e+00 +3.6799e+00
13533 +3.195945438e+00 +3.195945438e+00 +6.757594544e+01 +6.757594544e+01 +2.0488e+00 +3.2536e+00 +1.7778e+00 -3.6296e+00 +3.6830e+00
13914 +3.091382887e+00 +3.091382887e+00 +6.747138289e+01 +6.747138289e+01 +2.0417e+00 +3.2792e+00 +1.7171e+00 -4.0555e+00 +3.6814e+00
14248 +3.080090542e+00 +3.080090542e+00 +6.746009054e+01 +6.746009054e+01 +2.0427e+00 +3.2576e+00 +1.7105e+00 -4.0566e+00 +3.6802e+00
14352 +3.018537864e+00 +3.018537864e+00 +6.739853786e+01 +6.739853786e+01 +2.0464e+00 +3.2590e+00 +1.7177e+00 -4.0551e+00 +3.6814e+00
% function evaluation | noise-free fitness - Fopt (2.824800000000e+02) | best noise-free fitness - Fopt | measured fitness | best measured fitness | x1 | x2...
1 +1.960923970e+02 +1.960923970e+02 +4.785723970e+02 +4.785723970e+02 +0.0000e+00 +0.0000e+00 +0.0000e+00 +0.0000e+00 +0.0000e+00
212 +1.923259198e+02 +1.923259198e+02 +4.748059198e+02 +4.748059198e+02 +4.9175e-01 -7.5027e-01 -2.8671e+00 -1.7715e+00 +2.6868e+00
254 +1.626456031e+02 +1.626456031e+02 +4.451256031e+02 +4.451256031e+02 -4.7975e+00 -2.8060e+00 -3.2341e+00 +9.7522e-01 +3.1121e+00
256 +1.312200337e+02 +1.312200337e+02 +4.137000337e+02 +4.137000337e+02 -8.3093e-01 -4.8938e+00 -2.4545e+00 +5.8965e-02 +2.9594e+00
278 +1.238502872e+02 +1.238502872e+02 +4.063302872e+02 +4.063302872e+02 +2.8376e-01 -1.3554e+00 -2.3696e+00 +1.1661e+00 +2.9944e+00
297 +4.846888170e+01 +4.846888170e+01 +3.309488817e+02 +3.309488817e+02 +5.2861e-01 -4.6868e+00 -1.0912e+00 +1.1075e+00 +2.0464e+00
484 +3.523253903e+01 +3.523253903e+01 +3.177125390e+02 +3.177125390e+02 -5.6845e-01 -3.3344e+00 +1.6167e-01 +1.9779e+00 +2.0664e+00
721 +3.191095282e+01 +3.191095282e+01 +3.143909528e+02 +3.143909528e+02 -2.5951e-01 -4.0275e+00 +7.2761e-01 +1.6102e+00 +2.6079e+00
909 +2.651889126e+01 +2.651889126e+01 +3.089988913e+02 +3.089988913e+02 +4.6935e-01 -3.5052e+00 +1.1254e+00 +1.6586e+00 +3.1890e+00
916 +2.616385341e+01 +2.616385341e+01 +3.086438534e+02 +3.086438534e+02 +1.4767e+00 -3.5355e+00 +1.0698e+00 +1.6214e+00 +2.5784e+00
928 +2.169744242e+01 +2.169744242e+01 +3.041774424e+02 +3.041774424e+02 +4.0579e-01 -3.2778e+00 +6.5482e-01 +1.5592e+00 +2.9754e+00
1017 +2.055498301e+01 +2.055498301e+01 +3.030349830e+02 +3.030349830e+02 +5.1420e-01 -3.4177e+00 +7.5662e-01 +1.5157e+00 +2.6074e+00
1051 +1.809479918e+01 +1.809479918e+01 +3.005747992e+02 +3.005747992e+02 +1.3170e+00 -3.4167e+00 +1.2040e+00 +1.5097e+00 +2.4961e+00
1078 +1.460094943e+01 +1.460094943e+01 +2.970809494e+02 +2.970809494e+02 +1.3613e+00 -3.3110e+00 +1.1268e+00 +1.5521e+00 +2.5892e+00
1124 +9.074185925e+00 +9.074185925e+00 +2.915541859e+02 +2.915541859e+02 +1.4390e+00 -3.3325e+00 +1.1579e+00 +1.1719e+00 +2.5596e+00
1408 +6.433162646e+00 +6.433162646e+00 +2.889131626e+02 +2.889131626e+02 +5.4290e-01 -3.4547e+00 +1.1735e+00 +1.5405e+00 +2.9040e+00
1507 +6.076737700e+00 +6.076737700e+00 +2.885567377e+02 +2.885567377e+02 +5.7256e-01 -3.3902e+00 +1.1443e+00 +1.5595e+00 +2.8985e+00
1552 +3.184220502e+00 +3.184220502e+00 +2.856642205e+02 +2.856642205e+02 +5.2143e-01 -3.3661e+00 +1.1630e+00 +1.5420e+00 +2.9251e+00
2109 +3.160737660e+00 +3.160737660e+00 +2.856407377e+02 +2.856407377e+02 +5.0372e-01 -3.3687e+00 +1.1867e+00 +1.5443e+00 +2.9228e+00
2200 +3.058123067e+00 +3.058123067e+00 +2.855381231e+02 +2.855381231e+02 +5.2373e-01 -3.3652e+00 +1.1911e+00 +1.5412e+00 +2.9190e+00
2222 +3.000465491e+00 +3.000465491e+00 +2.854804655e+02 +2.854804655e+02 +5.1961e-01 -3.3567e+00 +1.1814e+00 +1.5452e+00 +2.9173e+00
% function evaluation | noise-free fitness - Fopt (4.826100000000e+02) | best noise-free fitness - Fopt | measured fitness | best measured fitness | x1 | x2...
1 +1.430388634e+02 +1.430388634e+02 +6.256488634e+02 +6.256488634e+02 +0.0000e+00 +0.0000e+00 +0.0000e+00 +0.0000e+00 +0.0000e+00
2 +1.227727891e+02 +1.227727891e+02 +6.053827891e+02 +6.053827891e+02 -6.4301e-02 -8.0353e-01 +1.1191e-01 -7.8761e-01 +1.2509e+00
3 +1.188057022e+02 +1.188057022e+02 +6.014157022e+02 +6.014157022e+02 -5.5729e-02 -1.0844e+00 +3.4177e-02 -8.3102e-01 +1.3405e+00
5 +1.048603116e+02 +1.048603116e+02 +5.874703116e+02 +5.874703116e+02 -1.1254e-01 -1.1058e+00 +1.4777e-01 -7.8856e-01 +1.2702e+00
9 +9.270871910e+01 +9.270871910e+01 +5.753187191e+02 +5.753187191e+02 +7.0145e-02 -1.1126e+00 +2.6847e-01 -7.1353e-01 +1.2525e+00
24 +9.050157607e+01 +9.050157607e+01 +5.731115761e+02 +5.731115761e+02 +2.6041e-03 -1.0964e+00 +9.6708e-02 -9.8329e-01 +1.2793e+00
64 +8.874994142e+01 +8.874994142e+01 +5.713599414e+02 +5.713599414e+02 -1.0623e-01 -1.0320e+00 +2.9222e-01 -8.8060e-01 +1.2848e+00
76 +7.983954969e+01 +7.983954969e+01 +5.624495497e+02 +5.624495497e+02 -1.6361e-01 -1.1446e+00 +2.0505e-01 -1.2291e+00 +1.3004e+00
95 +7.714153623e+01 +7.714153623e+01 +5.597515362e+02 +5.597515362e+02 -1.6533e-01 -1.0635e+00 +2.5989e-01 -9.5365e-01 +1.2201e+00
99 +6.538200284e+01 +6.538200284e+01 +5.479920028e+02 +5.479920028e+02 -2.0323e-01 -1.0490e+00 +3.6162e-01 -1.0204e+00 +1.2666e+00
110 +6.255790645e+01 +6.255790645e+01 +5.451679065e+02 +5.451679065e+02 -1.2948e-01 -1.1199e+00 +3.2367e-01 -1.0035e+00 +1.2542e+00
261 +5.168009988e+01 +5.168009988e+01 +5.342900999e+02 +5.342900999e+02 -1.5183e-01 -1.2702e+00 +8.3510e-01 -1.2097e+00 +1.2796e+00
342 +5.076563695e+01 +5.076563695e+01 +5.333756369e+02 +5.333756369e+02 -2.4499e-01 -1.1134e+00 +7.9688e-01 -1.2018e+00 +1.2772e+00
580 +4.881941375e+01 +4.881941375e+01 +5.314294137e+02 +5.314294137e+02 -1.6605e-01 -1.1963e+00 +7.4242e-01 -1.8091e+00 +1.2875e+00
623 +4.358902975e+01 +4.358902975e+01 +5.261990297e+02 +5.261990297e+02 -1.7094e-01 -1.1903e+00 +7.6077e-01 -1.8405e+00 +1.2863e+00
635 +4.175571460e+01 +4.175571460e+01 +5.243657146e+02 +5.243657146e+02 -2.1053e-01 -1.1148e+00 +8.9610e-01 -1.9010e+00 +1.2517e+00
638 +3.863141659e+01 +3.863141659e+01 +5.212414166e+02 +5.212414166e+02 -1.7405e-01 -1.1919e+00 +8.4396e-01 -1.8701e+00 +1.2813e+00
682 +3.726134484e+01 +3.726134484e+01 +5.198713448e+02 +5.198713448e+02 -1.7078e-01 -1.1607e+00 +8.4267e-01 -1.9055e+00 +1.2737e+00
728 +3.300081150e+01 +3.300081150e+01 +5.156108115e+02 +5.156108115e+02 -1.8083e-01 -1.1547e+00 +8.0486e-01 -2.1497e+00 +1.2925e+00
890 +3.190136137e+01 +3.190136137e+01 +5.145113614e+02 +5.145113614e+02 -2.2067e-01 -1.1692e+00 +8.2874e-01 -2.1654e+00 +1.2779e+00
1056 +3.150745139e+01 +3.150745139e+01 +5.141174514e+02 +5.141174514e+02 -1.9851e-01 -1.1545e+00 +8.4608e-01 -2.1523e+00 +1.2800e+00
1364 +3.090044407e+01 +3.090044407e+01 +5.135104441e+02 +5.135104441e+02 -2.1425e-01 -1.1855e+00 +8.3380e-01 -2.1455e+00 +1.2868e+00
3977 +2.178474241e+01 +2.178474241e+01 +5.043947424e+02 +5.043947424e+02 -1.8535e-01 +3.7230e+00 +8.6160e-01 -3.1080e+00 +1.2669e+00
4159 +1.067758080e+01 +1.067758080e+01 +4.932875808e+02 +4.932875808e+02 -1.2345e+00 +2.5221e+00 +7.3837e-01 -2.6089e+00 +9.6865e-01
4229 +7.238543486e+00 +7.238543486e+00 +4.898485435e+02 +4.898485435e+02 -2.5084e-01 +2.5508e+00 +7.3661e-01 -3.0300e+00 +1.2631e+00
5345 +7.066640016e+00 +7.066640016e+00 +4.896766400e+02 +4.896766400e+02 -1.1670e+00 +3.3650e+00 +8.1347e-01 -2.6135e+00 +1.2890e+00
14050 +6.366273237e+00 +6.366273237e+00 +4.889762732e+02 +4.889762732e+02 -2.2990e-01 +1.6981e+00 +8.2258e-01 -2.6168e+00 +9.7470e-01
14066 +5.914814050e+00 +5.914814050e+00 +4.885248140e+02 +4.885248140e+02 -2.3841e-01 +1.7641e+00 +8.1215e-01 -2.6283e+00 +9.7994e-01
14088 +5.111265381e+00 +5.111265381e+00 +4.877212654e+02 +4.877212654e+02 -2.0241e-01 +1.7595e+00 +8.2299e-01 -2.6082e+00 +9.8029e-01
14374 +4.990351077e+00 +4.990351077e+00 +4.876003511e+02 +4.876003511e+02 -2.1319e-01 +1.7456e+00 +8.3186e-01 -2.6063e+00 +9.7940e-01
22144 +4.561439477e+00 +4.561439477e+00 +4.871714395e+02 +4.871714395e+02 -2.1064e-01 +2.5758e+00 +8.0110e-01 -3.4693e+00 +9.8186e-01
22386 +4.094505210e+00 +4.094505210e+00 +4.867045052e+02 +4.867045052e+02 -2.0685e-01 +2.5541e+00 +8.2261e-01 -3.4557e+00 +9.8532e-01
22539 +4.055416482e+00 +4.055416482e+00 +4.866654165e+02 +4.866654165e+02 -2.1529e-01 +2.5399e+00 +8.2880e-01 -3.4544e+00 +9.7727e-01
23134 +3.980463403e+00 +3.980463403e+00 +4.865904634e+02 +4.865904634e+02 -2.1473e-01 +2.5515e+00 +8.2612e-01 -3.4580e+00 +9.7935e-01
26656 +2.944599657e+00 +2.944599657e+00 +4.855545997e+02 +4.855545997e+02 +7.6531e-01 +1.7193e+00 +8.6731e-01 -3.0584e+00 +1.2860e+00
26868 +2.874499119e+00 +2.874499119e+00 +4.854844991e+02 +4.854844991e+02 +7.2687e-01 +1.7357e+00 +8.1537e-01 -3.0645e+00 +1.2880e+00
26898 +2.778348207e+00 +2.778348207e+00 +4.853883482e+02 +4.853883482e+02 +7.4848e-01 +1.7173e+00 +8.3767e-01 -3.0609e+00 +1.2869e+00
26942 +2.683920949e+00 +2.683920949e+00 +4.852939209e+02 +4.852939209e+02 +7.5242e-01 +1.7180e+00 +8.2357e-01 -3.0613e+00 +1.2861e+00
26950 +2.346491504e+00 +2.346491504e+00 +4.849564915e+02 +4.849564915e+02 +7.6590e-01 +1.7496e+00 +8.2974e-01 -3.0658e+00 +1.2901e+00
26964 +2.178009254e+00 +2.178009254e+00 +4.847880093e+02 +4.847880093e+02 +7.6702e-01 +1.7326e+00 +8.2651e-01 -3.0483e+00 +1.2852e+00
27099 +2.100811668e+00 +2.100811668e+00 +4.847108117e+02 +4.847108117e+02 +7.7714e-01 +1.7339e+00 +8.2794e-01 -3.0453e+00 +1.2897e+00
27129 +2.087703296e+00 +2.087703296e+00 +4.846977033e+02 +4.846977033e+02 +7.7859e-01 +1.7391e+00 +8.2106e-01 -3.0568e+00 +1.2861e+00
27272 +2.025236484e+00 +2.025236484e+00 +4.846352365e+02 +4.846352365e+02 +7.7590e-01 +1.7505e+00 +8.2896e-01 -3.0523e+00 +1.2868e+00
27624 +1.993982523e+00 +1.993982523e+00 +4.846039825e+02 +4.846039825e+02 +7.7881e-01 +1.7455e+00 +8.2673e-01 -3.0514e+00 +1.2890e+00
% function evaluation | noise-free fitness - Fopt (7.177000000000e+01) | best noise-free fitness - Fopt | measured fitness | best measured fitness | x1 | x2...
1 +9.181556655e+01 +9.181556655e+01 +1.635855666e+02 +1.635855666e+02 +0.0000e+00 +0.0000e+00 +0.0000e+00 +0.0000e+00 +0.0000e+00
101 +9.086018403e+01 +9.086018403e+01 +1.626301840e+02 +1.626301840e+02 +7.7226e-02 +4.9725e+00 -6.9053e-01 +9.7938e-01 +1.2987e+00
105 +8.719986171e+01 +8.719986171e+01 +1.589698617e+02 +1.589698617e+02 -5.5877e-01 +4.1004e+00 -3.0881e-01 +4.7788e-01 +1.2150e+00
117 +7.776350069e+01 +7.776350069e+01 +1.495335007e+02 +1.495335007e+02 +3.9012e-01 +4.9217e+00 -4.7632e-01 +4.2158e-01 +1.0567e+00
125 +6.682697334e+01 +6.682697334e+01 +1.385969733e+02 +1.385969733e+02 +7.7082e-02 +4.1020e+00 -8.3053e-01 +3.7102e-01 +8.6971e-01
227 +6.271187144e+01 +6.271187144e+01 +1.344818714e+02 +1.344818714e+02 -8.4300e-01 +4.9602e+00 -8.1192e-01 +1.1674e+00 +7.4347e-01
284 +5.170879792e+01 +5.170879792e+01 +1.234787979e+02 +1.234787979e+02 -6.8138e-01 +4.6875e+00 -1.6919e-01 +8.7480e-01 +1.4077e+00
461 +5.027704224e+01 +5.027704224e+01 +1.220470422e+02 +1.220470422e+02 -7.2643e-01 +4.6209e+00 -1.7391e-01 +7.9543e-01 +1.4102e+00
512 +4.568427334e+01 +4.568427334e+01 +1.174542733e+02 +1.174542733e+02 -7.4304e-01 +4.8095e+00 +3.4491e-01 +1.2941e+00 +7.7308e-01
3262 +3.904733508e+01 +3.904733508e+01 +1.108173351e+02 +1.108173351e+02 +1.4877e-01 -2.1681e-01 +7.7365e-01 +1.6886e+00 +1.4592e+00
3354 +3.250488447e+01 +3.250488447e+01 +1.042748845e+02 +1.042748845e+02 -6.4148e-01 -5.3598e-01 +7.6255e-01 +7.9375e-01 +1.1213e+00
3507 +3.092569519e+01 +3.092569519e+01 +1.026956952e+02 +1.026956952e+02 -6.9487e-01 -4.7986e-01 +8.6267e-01 +8.8515e-01 +1.4283e+00
3709 +2.848987775e+01 +2.848987775e+01 +1.002598777e+02 +1.002598777e+02 -7.5253e-01 -4.1996e-01 +8.2753e-01 +7.8619e-01 +1.4121e+00
3918 +2.778534026e+01 +2.778534026e+01 +9.955534026e+01 +9.955534026e+01 -7.1470e-01 -5.2185e-01 +8.6065e-01 +8.0518e-01 +1.1060e+00
4072 +2.706241183e+01 +2.706241183e+01 +9.883241183e+01 +9.883241183e+01 -7.2636e-01 -5.2181e-01 +8.8562e-01 +8.0593e-01 +1.4131e+00
4338 +2.671185373e+01 +2.671185373e+01 +9.848185373e+01 +9.848185373e+01 -7.6299e-01 -5.3331e-01 +8.3238e-01 +8.1438e-01 +1.4173e+00
4424 +2.616833485e+01 +2.616833485e+01 +9.793833485e+01 +9.793833485e+01 -7.4055e-01 -5.1281e-01 +8.7407e-01 +8.1079e-01 +1.4256e+00
7037 +1.158868956e+01 +1.158868956e+01 +8.335868956e+01 +8.335868956e+01 +1.4517e+00 +9.8276e-01 +8.2297e-01 +7.8166e-01 +1.1141e+00
7404 +1.096211328e+01 +1.096211328e+01 +8.273211328e+01 +8.273211328e+01 +1.2575e+00 +1.0345e+00 +7.7213e-01 +7.8217e-01 +1.1213e+00
7484 +9.874711668e+00 +9.874711668e+00 +8.164471167e+01 +8.164471167e+01 +1.3868e+00 +9.7804e-01 +9.0618e-01 +8.1912e-01 +1.1339e+00
7531 +8.984798574e+00 +8.984798574e+00 +8.075479857e+01 +8.075479857e+01 +1.3337e+00 +9.9261e-01 +8.1678e-01 +8.3905e-01 +1.1071e+00
7532 +8.392758794e+00 +8.392758794e+00 +8.016275879e+01 +8.016275879e+01 +1.3291e+00 +1.0386e+00 +8.6634e-01 +8.0735e-01 +1.1146e+00
7572 +7.408603673e+00 +7.408603673e+00 +7.917860367e+01 +7.917860367e+01 +1.2967e+00 +9.9072e-01 +8.1802e-01 +8.0837e-01 +1.1176e+00
7726 +7.234612047e+00 +7.234612047e+00 +7.900461205e+01 +7.900461205e+01 +1.2946e+00 +9.9253e-01 +8.7234e-01 +8.1219e-01 +1.1142e+00
7792 +7.053588191e+00 +7.053588191e+00 +7.882358819e+01 +7.882358819e+01 +1.2822e+00 +9.9964e-01 +8.5091e-01 +8.0760e-01 +1.1198e+00
10414 +6.376666413e+00 +6.376666413e+00 +7.814666641e+01 +7.814666641e+01 +3.1550e+00 +1.8292e+00 +8.3912e-01 +8.4629e-01 +1.1489e+00
10508 +6.030365820e+00 +6.030365820e+00 +7.780036582e+01 +7.780036582e+01 +3.1631e+00 +1.7586e+00 +7.8461e-01 +4.1931e-01 +1.1107e+00
10541 +4.188930066e+00 +4.188930066e+00 +7.595893007e+01 +7.595893007e+01 +3.1727e+00 +1.7788e+00 +9.1918e-01 +4.0147e-01 +1.4176e+00
11452 +3.322875960e+00 +3.322875960e+00 +7.509287596e+01 +7.509287596e+01 +3.1484e+00 +1.7600e+00 +8.7458e-01 +7.8859e-01 +1.4218e+00
11649 +3.214820667e+00 +3.214820667e+00 +7.498482067e+01 +7.498482067e+01 +3.1570e+00 +1.7744e+00 +8.7900e-01 +7.9683e-01 +1.4089e+00
11670 +2.492698304e+00 +2.492698304e+00 +7.426269830e+01 +7.426269830e+01 +3.1601e+00 +1.7581e+00 +8.4992e-01 +8.0177e-01 +1.4215e+00
12199 +2.291076675e+00 +2.291076675e+00 +7.406107667e+01 +7.406107667e+01 +3.1403e+00 +1.7920e+00 +8.6070e-01 +8.2179e-01 +1.4253e+00
12222 +2.191289433e+00 +2.191289433e+00 +7.396128943e+01 +7.396128943e+01 +3.1443e+00 +1.7805e+00 +8.5923e-01 +8.0603e-01 +1.4258e+00
12254 +1.975287795e+00 +1.975287795e+00 +7.374528780e+01 +7.374528780e+01 +3.1621e+00 +1.8014e+00 +8.7087e-01 +8.1258e-01 +1.4188e+00
12370 +1.880276749e+00 +1.880276749e+00 +7.365027675e+01 +7.365027675e+01 +3.1577e+00 +1.7913e+00 +8.3797e-01 +8.1213e-01 +1.4217e+00
12425 +1.680860107e+00 +1.680860107e+00 +7.345086011e+01 +7.345086011e+01 +3.1697e+00 +1.7910e+00 +8.6145e-01 +8.0954e-01 +1.4293e+00
12457 +1.613014322e+00 +1.613014322e+00 +7.338301432e+01 +7.338301432e+01 +3.1828e+00 +1.7980e+00 +8.5618e-01 +8.0133e-01 +1.4221e+00
12468 +1.527768018e+00 +1.527768018e+00 +7.329776802e+01 +7.329776802e+01 +3.1936e+00 +1.7982e+00 +8.5787e-01 +8.0318e-01 +1.4177e+00
12515 +1.484856922e+00 +1.484856922e+00 +7.325485692e+01 +7.325485692e+01 +3.1910e+00 +1.7898e+00 +8.3844e-01 +8.1769e-01 +1.4190e+00
12524 +1.477586332e+00 +1.477586332e+00 +7.324758633e+01 +7.324758633e+01 +3.1946e+00 +1.7939e+00 +8.5640e-01 +8.2162e-01 +1.4183e+00
12540 +1.222530305e+00 +1.222530305e+00 +7.299253031e+01 +7.299253031e+01 +3.2146e+00 +1.7890e+00 +8.7077e-01 +8.1742e-01 +1.4243e+00
12579 +1.155792099e+00 +1.155792099e+00 +7.292579210e+01 +7.292579210e+01 +3.2091e+00 +1.7910e+00 +8.6139e-01 +8.1260e-01 +1.4230e+00
12656 +1.144749579e+00 +1.144749579e+00 +7.291474958e+01 +7.291474958e+01 +3.2063e+00 +1.8026e+00 +8.4654e-01 +8.0912e-01 +1.4242e+00
12667 +1.119811457e+00 +1.119811457e+00 +7.288981146e+01 +7.288981146e+01 +3.2247e+00 +1.7954e+00 +8.5785e-01 +8.1067e-01 +1.4214e+00
12695 +1.041745581e+00 +1.041745581e+00 +7.281174558e+01 +7.281174558e+01 +3.2132e+00 +1.7945e+00 +8.4654e-01 +8.1242e-01 +1.4257e+00
12857 +1.017964018e+00 +1.017964018e+00 +7.278796402e+01 +7.278796402e+01 +3.2216e+00 +1.7977e+00 +8.5260e-01 +8.1650e-01 +1.4274e+00
12999 +9.979065579e-01 +9.979065579e-01 +7.276790656e+01 +7.276790656e+01 +3.2219e+00 +1.7948e+00 +8.4982e-01 +8.1279e-01 +1.4279e+00
% function evaluation | noise-free fitness - Fopt (8.448800000000e+02) | best noise-free fitness - Fopt | measured fitness | best measured fitness | x1 | x2...
1 +2.296446648e+02 +2.296446648e+02 +1.074524665e+03 +1.074524665e+03 +0.0000e+00 +0.0000e+00 +0.0000e+00 +0.0000e+00 +0.0000e+00
96 +2.237676340e+02 +2.237676340e+02 +1.068647634e+03 +1.068647634e+03 -1.6038e-01 -5.0677e+00 +1.1259e+00 +8.0440e-01 +3.2532e-01
113 +2.024744462e+02 +2.024744462e+02 +1.047354446e+03 +1.047354446e+03 +9.6006e-02 -5.2106e+00 +1.8229e+00 +4.7204e-01 +4.3764e-01
119 +1.964391170e+02 +1.964391170e+02 +1.041319117e+03 +1.041319117e+03 +7.8896e-01 -5.0125e+00 +1.6156e+00 -3.3729e-01 +9.1383e-01
120 +1.842886512e+02 +1.842886512e+02 +1.029168651e+03 +1.029168651e+03 -7.0048e-02 -3.8554e+00 +1.2531e+00 +1.1183e+00 +2.0008e-01
122 +1.810104187e+02 +1.810104187e+02 +1.025890419e+03 +1.025890419e+03 -2.0704e-01 -5.1561e+00 +1.1304e+00 +1.1546e+00 +1.2507e+00
132 +1.741764519e+02 +1.741764519e+02 +1.019056452e+03 +1.019056452e+03 +1.1833e-01 -4.8936e+00 +1.5896e+00 +6.1367e-01 +6.7036e-01
134 +1.160010987e+02 +1.160010987e+02 +9.608810987e+02 +9.608810987e+02 -7.5120e-03 -2.5726e+00 +1.0356e+00 +5.4932e-01 +1.8482e+00
156 +1.007122050e+02 +1.007122050e+02 +9.455922050e+02 +9.455922050e+02 +1.9280e-02 -3.8031e+00 +7.8814e-01 +2.5288e-01 +2.1674e+00
161 +5.806098815e+01 +5.806098815e+01 +9.029409881e+02 +9.029409881e+02 +1.1613e+00 -1.8435e+00 +2.2679e+00 +6.9186e-01 +2.1766e+00
223 +5.204347835e+01 +5.204347835e+01 +8.969234783e+02 +8.969234783e+02 +1.5707e-01 -8.6725e-01 +1.3143e+00 +4.2494e-01 +2.7325e+00
253 +4.059886260e+01 +4.059886260e+01 +8.854788626e+02 +8.854788626e+02 +6.2458e-01 +1.1877e+00 +2.4370e+00 +6.7972e-01 +3.0726e+00
374 +3.730737714e+01 +3.730737714e+01 +8.821873771e+02 +8.821873771e+02 +1.8525e-01 -3.8582e-01 +2.7720e+00 +3.0861e-01 +2.6920e+00
388 +3.607771502e+01 +3.607771502e+01 +8.809577150e+02 +8.809577150e+02 +2.6787e-01 -9.2522e-01 +2.4632e+00 -7.0730e-02 +3.3044e+00
464 +2.623262980e+01 +2.623262980e+01 +8.711126298e+02 +8.711126298e+02 +1.2571e+00 +7.0521e-01 +2.5123e+00 +7.5475e-01 +3.3247e+00
1117 +2.099036686e+01 +2.099036686e+01 +8.658703669e+02 +8.658703669e+02 -7.7976e-01 +1.2489e+00 +2.9879e+00 +2.8761e-01 +3.0778e+00
1496 +2.043738522e+01 +2.043738522e+01 +8.653173852e+02 +8.653173852e+02 -8.3054e-01 +1.1608e+00 +2.9574e+00 +2.6495e-01 +3.3423e+00
1523 +1.923099226e+01 +1.923099226e+01 +8.641109923e+02 +8.641109923e+02 -8.2751e-01 +1.2298e+00 +2.9926e+00 +2.6740e-01 +3.3472e+00
1545 +1.863562407e+01 +1.863562407e+01 +8.635156241e+02 +8.635156241e+02 -8.2946e-01 +1.3249e+00 +2.9425e+00 +2.7742e-01 +3.3610e+00
1630 +1.835229175e+01 +1.835229175e+01 +8.632322918e+02 +8.632322918e+02 -8.2165e-01 +1.2717e+00 +2.9633e+00 +2.8125e-01 +3.3628e+00
1640 +1.800932085e+01 +1.800932085e+01 +8.628893208e+02 +8.628893208e+02 -7.9863e-01 +1.3302e+00 +2.9892e+00 +2.8597e-01 +3.3630e+00
4688 +1.695527568e+01 +1.695527568e+01 +8.618352757e+02 +8.618352757e+02 +2.0771e+00 +6.2111e-01 +2.9755e+00 +7.3888e-01 +2.6381e+00
4751 +1.626308291e+01 +1.626308291e+01 +8.611430829e+02 +8.611430829e+02 +2.2268e+00 +4.3926e-01 +3.5727e+00 +1.1340e+00 +2.6863e+00
5147 +1.364099240e+01 +1.364099240e+01 +8.585209924e+02 +8.585209924e+02 +2.1751e+00 +5.3809e-01 +3.6275e+00 +7.1967e-01 +2.6576e+00
5255 +7.605283183e+00 +7.605283183e+00 +8.524852832e+02 +8.524852832e+02 +2.1597e+00 +4.9301e-01 +3.5501e+00 +7.1189e-01 +2.6990e+00
5527 +7.383348063e+00 +7.383348063e+00 +8.522633481e+02 +8.522633481e+02 +2.1797e+00 +4.9795e-01 +3.5802e+00 +7.0331e-01 +2.6994e+00
5543 +7.038833222e+00 +7.038833222e+00 +8.519188332e+02 +8.519188332e+02 +2.1668e+00 +5.2584e-01 +3.5797e+00 +7.3558e-01 +2.6972e+00
5546 +6.560433591e+00 +6.560433591e+00 +8.514404336e+02 +8.514404336e+02 +2.1732e+00 +5.1717e-01 +3.5756e+00 +7.1305e-01 +2.6894e+00
5634 +6.406605448e+00 +6.406605448e+00 +8.512866054e+02 +8.512866054e+02 +2.1637e+00 +5.0871e-01 +3.5628e+00 +7.1804e-01 +2.6684e+00
5700 +6.245502798e+00 +6.245502798e+00 +8.511255028e+02 +8.511255028e+02 +2.1651e+00 +5.0761e-01 +3.5650e+00 +7.2749e-01 +2.6745e+00
5714 +6.075372705e+00 +6.075372705e+00 +8.509553727e+02 +8.509553727e+02 +2.1601e+00 +5.0681e-01 +3.5841e+00 +7.2037e-01 +2.6728e+00
5832 +6.014119562e+00 +6.014119562e+00 +8.508941196e+02 +8.508941196e+02 +2.1566e+00 +4.9396e-01 +3.5774e+00 +7.2453e-01 +2.6771e+00
% function evaluation | noise-free fitness - Fopt (-4.222000000000e+01) | best noise-free fitness - Fopt | measured fitness | best measured fitness | x1 | x2...
1 +1.518624990e+02 +1.518624990e+02 +1.096424990e+02 +1.096424990e+02 +0.0000e+00 +0.0000e+00 +0.0000e+00 +0.0000e+00 +0.0000e+00
162 +1.308031092e+02 +1.308031092e+02 +8.858310923e+01 +8.858310923e+01 -6.4220e-01 -4.5833e-01 -1.3301e+00 -1.6030e+00 +1.9204e+00
165 +1.199321778e+02 +1.199321778e+02 +7.771217775e+01 +7.771217775e+01 -5.3238e-01 -9.4564e-01 -1.7900e+00 -1.7946e+00 +2.1083e+00
203 +1.171781678e+02 +1.171781678e+02 +7.495816779e+01 +7.495816779e+01 -1.2122e+00 -9.9439e-02 -7.7926e-01 -5.6312e-01 +1.0179e+00
336 +1.099706116e+02 +1.099706116e+02 +6.775061165e+01 +6.775061165e+01 -2.5912e+00 -9.1539e-02 -3.5795e-01 -1.5509e+00 +1.9429e+00
354 +1.078153124e+02 +1.078153124e+02 +6.559531237e+01 +6.559531237e+01 -2.5494e+00 -9.9872e-01 -8.5102e-01 -9.6500e-01 +1.3482e+00
365 +1.030865830e+02 +1.030865830e+02 +6.086658296e+01 +6.086658296e+01 -2.7696e+00 -6.6267e-01 -3.6997e-01 -1.4225e+00 +1.4615e+00
379 +1.020568095e+02 +1.020568095e+02 +5.983680949e+01 +5.983680949e+01 -1.9430e+00 -9.4753e-01 +7.1404e-02 -7.6475e-01 +1.7663e+00
396 +9.325972171e+01 +9.325972171e+01 +5.103972171e+01 +5.103972171e+01 -2.1502e+00 -6.0513e-01 -3.8275e-01 -1.0518e+00 +1.9064e+00
403 +7.808670893e+01 +7.808670893e+01 +3.586670893e+01 +3.586670893e+01 -1.4603e+00 -4.3049e-01 +5.0895e-01 -1.0060e+00 +2.2280e+00
445 +7.102852450e+01 +7.102852450e+01 +2.880852450e+01 +2.880852450e+01 -1.5844e+00 -3.2690e-01 +8.6696e-01 -1.0284e+00 +1.8112e+00
461 +6.429770908e+01 +6.429770908e+01 +2.207770908e+01 +2.207770908e+01 -1.7026e+00 -1.6538e+00 -2.7366e-01 -7.7022e-01 +1.4703e+00
484 +5.917872811e+01 +5.917872811e+01 +1.695872811e+01 +1.695872811e+01 -1.6056e+00 -8.8877e-01 +5.1370e-01 -3.8402e-01 +1.5732e+00
504 +5.809526216e+01 +5.809526216e+01 +1.587526216e+01 +1.587526216e+01 -2.3250e+00 -8.9770e-01 +3.6484e-01 +1.6869e-01 +1.4185e+00
601 +5.483294222e+01 +5.483294222e+01 +1.261294222e+01 +1.261294222e+01 -1.4804e+00 -1.0675e+00 +9.1530e-01 +3.6177e-01 +1.8798e+00
641 +4.235374817e+01 +4.235374817e+01 +1.337481685e-01 +1.337481685e-01 -1.6062e+00 -7.7635e-01 +2.0162e+00 -3.6569e-01 +2.1382e+00
686 +3.441682495e+01 +3.441682495e+01 -7.803175045e+00 -7.803175045e+00 -3.3898e-01 -8.5216e-01 +1.4085e+00 -7.6318e-01 +1.8060e+00
743 +3.384309423e+01 +3.384309423e+01 -8.376905774e+00 -8.376905774e+00 -2.2216e-01 -9.3542e-01 +1.9386e+00 +5.4616e-01 +2.2289e+00
924 +2.951971369e+01 +2.951971369e+01 -1.270028631e+01 -1.270028631e+01 -3.2865e-01 -8.7290e-01 +1.4324e+00 +9.6225e-02 +1.5292e+00
1188 +2.518088286e+01 +2.518088286e+01 -1.703911714e+01 -1.703911714e+01 -3.8801e-01 -8.6359e-01 +1.4971e+00 +1.3116e-01 +1.8861e+00
1320 +2.477137064e+01 +2.477137064e+01 -1.744862936e+01 -1.744862936e+01 -3.4186e-01 -9.5059e-01 +1.4467e+00 +1.0121e-01 +1.8782e+00
1496 +2.373117233e+01 +2.373117233e+01 -1.848882767e+01 -1.848882767e+01 -3.8505e-01 -9.7952e-01 +1.4051e+00 +1.1803e-01 +1.8750e+00
1736 +2.334679349e+01 +2.334679349e+01 -1.887320651e+01 -1.887320651e+01 -3.9120e-01 -9.3666e-01 +1.4474e+00 +1.3447e-01 +1.8826e+00
1760 +2.279268196e+01 +2.279268196e+01 -1.942731804e+01 -1.942731804e+01 -4.5981e-01 -9.3039e-01 +1.4147e+00 +1.4078e-01 +1.8649e+00
1892 +2.229220047e+01 +2.229220047e+01 -1.992779953e+01 -1.992779953e+01 -4.1068e-01 -9.3717e-01 +1.4215e+00 +1.3942e-01 +1.8641e+00
4407 +1.825644266e+01 +1.825644266e+01 -2.396355734e+01 -2.396355734e+01 -1.8921e-01 -3.3270e+00 +1.3983e+00 -2.1362e-01 +2.2105e+00
4457 +1.607482204e+01 +1.607482204e+01 -2.614517796e+01 -2.614517796e+01 -3.2930e-01 -3.3378e+00 +1.4275e+00 -3.2524e-01 +1.8980e+00
4712 +1.134817962e+01 +1.134817962e+01 -3.087182038e+01 -3.087182038e+01 -2.5351e-01 -3.0910e+00 +1.3835e+00 -3.2346e-01 +2.1666e+00
5526 +1.041994722e+01 +1.041994722e+01 -3.180005278e+01 -3.180005278e+01 +5.2345e-01 -3.9074e+00 +1.4158e+00 -7.7492e-01 +2.2059e+00
5822 +1.012365493e+01 +1.012365493e+01 -3.209634507e+01 -3.209634507e+01 +5.0229e-01 -3.8976e+00 +1.3778e+00 -7.4610e-01 +2.1588e+00
5863 +9.729382843e+00 +9.729382843e+00 -3.249061716e+01 -3.249061716e+01 +5.9999e-01 -3.8910e+00 +1.4868e+00 -7.2851e-01 +2.1553e+00
5876 +8.173172784e+00 +8.173172784e+00 -3.404682722e+01 -3.404682722e+01 +5.8945e-01 -3.9207e+00 +1.4651e+00 -7.3667e-01 +2.1485e+00
5964 +7.675875680e+00 +7.675875680e+00 -3.454412432e+01 -3.454412432e+01 +5.7229e-01 -3.9557e+00 +1.4473e+00 -7.3627e-01 +2.1490e+00
5985 +7.292091340e+00 +7.292091340e+00 -3.492790866e+01 -3.492790866e+01 +5.9293e-01 -3.9752e+00 +1.3930e+00 -7.2770e-01 +2.1676e+00
6096 +6.951500656e+00 +6.951500656e+00 -3.526849934e+01 -3.526849934e+01 +5.9103e-01 -3.9841e+00 +1.4237e+00 -7.4636e-01 +2.1628e+00
6161 +6.373739388e+00 +6.373739388e+00 -3.584626061e+01 -3.584626061e+01 +6.0987e-01 -3.9354e+00 +1.4013e+00 -7.4338e-01 +2.1727e+00
6220 +6.304946544e+00 +6.304946544e+00 -3.591505346e+01 -3.591505346e+01 +5.7830e-01 -3.9635e+00 +1.4403e+00 -7.4491e-01 +2.1731e+00
6255 +6.129288779e+00 +6.129288779e+00 -3.609071122e+01 -3.609071122e+01 +5.6895e-01 -3.9569e+00 +1.4142e+00 -7.4739e-01 +2.1735e+00
6349 +6.020993448e+00 +6.020993448e+00 -3.619900655e+01 -3.619900655e+01 +5.8108e-01 -3.9509e+00 +1.4083e+00 -7.4519e-01 +2.1727e+00
13155 +3.804970233e+00 +3.804970233e+00 -3.841502977e+01 -3.841502977e+01 +5.5051e-01 -3.1317e+00 +1.3855e+00 +1.4513e-01 +2.1728e+00
13467 +3.588154181e+00 +3.588154181e+00 -3.863184582e+01 -3.863184582e+01 +5.6771e-01 -3.1658e+00 +1.3918e+00 +1.4071e-01 +2.1664e+00
13470 +3.546998352e+00 +3.546998352e+00 -3.867300165e+01 -3.867300165e+01 +5.8473e-01 -3.1572e+00 +1.3924e+00 +1.4159e-01 +2.1633e+00
13498 +3.331984291e+00 +3.331984291e+00 -3.888801571e+01 -3.888801571e+01 +5.6874e-01 -3.1492e+00 +1.4121e+00 +1.4560e-01 +2.1679e+00
13602 +3.183021277e+00 +3.183021277e+00 -3.903697872e+01 -3.903697872e+01 +5.7559e-01 -3.1315e+00 +1.4029e+00 +1.2846e-01 +2.1688e+00
13668 +3.090028211e+00 +3.090028211e+00 -3.912997179e+01 -3.912997179e+01 +5.8046e-01 -3.1236e+00 +1.4114e+00 +1.3792e-01 +2.1664e+00
13800 +3.019257489e+00 +3.019257489e+00 -3.920074251e+01 -3.920074251e+01 +5.8290e-01 -3.1199e+00 +1.4110e+00 +1.3245e-01 +2.1716e+00
% function evaluation | noise-free fitness - Fopt (-9.179000000000e+01) | best noise-free fitness - Fopt | measured fitness | best measured fitness | x1 | x2...
1 +2.475668759e+02 +2.475668759e+02 +1.557768759e+02 +1.557768759e+02 +0.0000e+00 +0.0000e+00 +0.0000e+00 +0.0000e+00 +0.0000e+00
227 +2.226285903e+02 +2.226285903e+02 +1.308385903e+02 +1.308385903e+02 +3.4027e-01 +3.9465e+00 -1.3334e+00 +1.0750e+00 +2.0865e+00
231 +2.182519241e+02 +2.182519241e+02 +1.264619241e+02 +1.264619241e+02 -4.4768e-01 +4.5453e+00 -3.1927e+00 +9.7141e-01 +3.9185e+00
247 +2.069343561e+02 +2.069343561e+02 +1.151443561e+02 +1.151443561e+02 -3.8906e-01 +3.7762e+00 -2.3771e+00 +9.9217e-01 +3.2782e+00
273 +2.035219010e+02 +2.035219010e+02 +1.117319010e+02 +1.117319010e+02 -9.4290e-01 +3.8103e+00 -1.2154e+00 +1.5520e+00 +3.5610e+00
286 +1.870686953e+02 +1.870686953e+02 +9.527869533e+01 +9.527869533e+01 -3.9296e-01 +4.3032e+00 -2.5689e+00 +3.6608e-01 +3.3302e+00
288 +1.849713643e+02 +1.849713643e+02 +9.318136435e+01 +9.318136435e+01 -9.9828e-01 +4.3696e+00 -2.9482e+00 -3.1695e-01 +3.5526e+00
328 +1.737460911e+02 +1.737460911e+02 +8.195609107e+01 +8.195609107e+01 -1.1560e+00 +4.0280e+00 -1.2985e+00 -6.7080e-01 +3.4656e+00
330 +1.637674502e+02 +1.637674502e+02 +7.197745024e+01 +7.197745024e+01 -9.3501e-01 +4.2059e+00 -2.2806e+00 -8.5142e-01 +2.5249e+00
341 +1.083493293e+02 +1.083493293e+02 +1.655932931e+01 +1.655932931e+01 -1.6814e+00 +3.3874e+00 -1.7717e+00 -2.0465e+00 +3.9872e+00
416 +7.393038052e+01 +7.393038052e+01 -1.785961948e+01 -1.785961948e+01 -2.0938e+00 +3.9258e+00 +2.9779e+00 -1.7058e+00 +3.1506e+00
440 +6.226373713e+01 +6.226373713e+01 -2.952626287e+01 -2.952626287e+01 -9.3138e-01 +4.4178e+00 +1.3560e+00 -1.7064e+00 +3.3322e+00
503 +5.882215929e+01 +5.882215929e+01 -3.296784071e+01 -3.296784071e+01 -9.8981e-01 +4.2130e+00 +2.4276e+00 -2.1609e+00 +3.1900e+00
518 +5.291243123e+01 +5.291243123e+01 -3.887756877e+01 -3.887756877e+01 -9.9681e-01 +4.1415e+00 +1.1412e+00 -1.5866e+00 +3.1926e+00
527 +5.198884851e+01 +5.198884851e+01 -3.980115149e+01 -3.980115149e+01 -1.9674e+00 +4.5172e+00 +3.3856e+00 -8.1372e-01 +3.3412e+00
602 +5.025960239e+01 +5.025960239e+01 -4.153039761e+01 -4.153039761e+01 -1.1187e+00 +4.3030e+00 +2.6590e+00 -2.1111e+00 +3.2425e+00
730 +4.500215393e+01 +4.500215393e+01 -4.678784607e+01 -4.678784607e+01 -1.8957e+00 +3.5095e+00 +3.2287e+00 -2.0466e+00 +3.5535e+00
927 +4.054678965e+01 +4.054678965e+01 -5.124321035e+01 -5.124321035e+01 -2.0898e+00 +4.4290e+00 +2.7313e+00 -1.7164e+00 +3.6601e+00
981 +3.479059029e+01 +3.479059029e+01 -5.699940971e+01 -5.699940971e+01 -1.7374e+00 +4.3222e+00 +2.8798e+00 -8.8776e-01 +3.9521e+00
997 +3.095390102e+01 +3.095390102e+01 -6.083609898e+01 -6.083609898e+01 -2.1218e+00 +4.3536e+00 +2.8913e+00 -1.9628e+00 +3.9362e+00
1207 +3.042250969e+01 +3.042250969e+01 -6.136749031e+01 -6.136749031e+01 -1.8184e+00 +4.5259e+00 +2.8935e+00 -2.0048e+00 +3.6223e+00
1324 +2.793496139e+01 +2.793496139e+01 -6.385503861e+01 -6.385503861e+01 -1.9447e+00 +4.3293e+00 +2.8735e+00 -1.6138e+00 +4.0200e+00
1470 +2.701703272e+01 +2.701703272e+01 -6.477296728e+01 -6.477296728e+01 -1.7315e+00 +4.4135e+00 +2.8632e+00 -1.6098e+00 +3.9820e+00
1506 +2.566944841e+01 +2.566944841e+01 -6.612055159e+01 -6.612055159e+01 -1.8827e+00 +4.4218e+00 +2.8536e+00 -1.6012e+00 +3.6126e+00
1540 +2.439325780e+01 +2.439325780e+01 -6.739674220e+01 -6.739674220e+01 -1.9591e+00 +4.4002e+00 +2.8327e+00 -1.6137e+00 +3.6495e+00
1562 +2.382664135e+01 +2.382664135e+01 -6.796335865e+01 -6.796335865e+01 -1.9740e+00 +4.3928e+00 +2.8143e+00 -1.5989e+00 +3.6438e+00
1826 +2.330717743e+01 +2.330717743e+01 -6.848282257e+01 -6.848282257e+01 -1.9146e+00 +4.4154e+00 +2.8340e+00 -1.5851e+00 +3.6375e+00
2458 +2.290621759e+01 +2.290621759e+01 -6.888378241e+01 -6.888378241e+01 -1.9146e+00 +4.3774e+00 +2.8379e+00 -1.5871e+00 +3.6389e+00
4505 +2.067321513e+01 +2.067321513e+01 -7.111678487e+01 -7.111678487e+01 -2.0818e+00 +2.8762e+00 +2.4039e+00 -2.0261e+00 +3.6270e+00
4723 +2.032868435e+01 +2.032868435e+01 -7.146131565e+01 -7.146131565e+01 -1.7945e+00 +3.0808e+00 +2.9105e+00 -2.4297e+00 +3.6609e+00
4802 +1.216870654e+01 +1.216870654e+01 -7.962129346e+01 -7.962129346e+01 -1.0159e+00 +2.9072e+00 +3.4383e+00 -2.4375e+00 +3.6326e+00
5001 +1.198336316e+01 +1.198336316e+01 -7.980663684e+01 -7.980663684e+01 -9.7122e-01 +2.8706e+00 +2.8078e+00 -2.0261e+00 +3.5994e+00
5018 +1.003959510e+01 +1.003959510e+01 -8.175040490e+01 -8.175040490e+01 -9.1808e-01 +2.9222e+00 +2.8432e+00 -2.0791e+00 +3.6373e+00
5062 +8.965777813e+00 +8.965777813e+00 -8.282422219e+01 -8.282422219e+01 -9.2308e-01 +2.8771e+00 +2.8512e+00 -2.0550e+00 +3.6556e+00
5106 +8.837073352e+00 +8.837073352e+00 -8.295292665e+01 -8.295292665e+01 -8.8622e-01 +2.8800e+00 +2.8294e+00 -2.0273e+00 +3.6479e+00
5128 +8.122995019e+00 +8.122995019e+00 -8.366700498e+01 -8.366700498e+01 -9.1566e-01 +2.8610e+00 +2.8105e+00 -2.0282e+00 +3.6426e+00
5172 +7.927037421e+00 +7.927037421e+00 -8.386296258e+01 -8.386296258e+01 -9.2884e-01 +2.8834e+00 +2.8030e+00 -2.0183e+00 +3.6401e+00
5216 +7.759307373e+00 +7.759307373e+00 -8.403069263e+01 -8.403069263e+01 -9.3303e-01 +2.8909e+00 +2.8248e+00 -2.0156e+00 +3.6316e+00
5260 +7.393563288e+00 +7.393563288e+00 -8.439643671e+01 -8.439643671e+01 -9.4058e-01 +2.8946e+00 +2.8387e+00 -2.0223e+00 +3.6341e+00
5278 +7.130841371e+00 +7.130841371e+00 -8.465915863e+01 -8.465915863e+01 -9.4693e-01 +2.9267e+00 +2.8538e+00 -2.0266e+00 +3.6374e+00
5430 +7.059345226e+00 +7.059345226e+00 -8.473065477e+01 -8.473065477e+01 -9.4013e-01 +2.9271e+00 +2.8400e+00 -2.0345e+00 +3.6364e+00
16969 +6.852314133e+00 +6.852314133e+00 -8.493768587e+01 -8.493768587e+01 -1.0001e-02 +5.4657e-01 +2.8588e+00 -1.6118e+00 +3.9178e+00
17363 +6.647060502e+00 +6.647060502e+00 -8.514293950e+01 -8.514293950e+01 +1.7478e-02 +5.4697e-01 +2.7734e+00 -1.6134e+00 +3.6460e+00
17406 +6.413798625e+00 +6.413798625e+00 -8.537620138e+01 -8.537620138e+01 -3.3811e-02 +5.5406e-01 +2.7924e+00 -1.5932e+00 +3.6482e+00
17459 +6.260122176e+00 +6.260122176e+00 -8.552987782e+01 -8.552987782e+01 +1.7491e-02 +5.7367e-01 +2.8310e+00 -1.5969e+00 +3.6583e+00
17474 +5.793737956e+00 +5.793737956e+00 -8.599626204e+01 -8.599626204e+01 -2.1292e-02 +5.5618e-01 +2.8433e+00 -1.6044e+00 +3.6458e+00
17476 +5.140984500e+00 +5.140984500e+00 -8.664901550e+01 -8.664901550e+01 +1.0236e-03 +5.4363e-01 +2.8467e+00 -1.6027e+00 +3.6459e+00
17498 +4.401899364e+00 +4.401899364e+00 -8.738810064e+01 -8.738810064e+01 +1.5607e-02 +5.3569e-01 +2.8316e+00 -1.5821e+00 +3.6386e+00
17520 +4.328087931e+00 +4.328087931e+00 -8.746191207e+01 -8.746191207e+01 +4.0447e-02 +5.2654e-01 +2.8620e+00 -1.5799e+00 +3.6421e+00
17559 +4.146902985e+00 +4.146902985e+00 -8.764309702e+01 -8.764309702e+01 +4.9827e-02 +5.2446e-01 +2.8352e+00 -1.5904e+00 +3.6321e+00
17762 +4.008491168e+00 +4.008491168e+00 -8.778150883e+01 -8.778150883e+01 +4.5408e-02 +5.2192e-01 +2.8434e+00 -1.5874e+00 +3.6396e+00
18224 +3.981008560e+00 +3.981008560e+00 -8.780899144e+01 -8.780899144e+01 +5.0006e-02 +5.2358e-01 +2.8359e+00 -1.5872e+00 +3.6398e+00
% function evaluation | noise-free fitness - Fopt (-1.277000000000e+01) | best noise-free fitness - Fopt | measured fitness | best measured fitness | x1 | x2...
1 +1.267747535e+02 +1.267747535e+02 +1.140047535e+02 +1.140047535e+02 +0.0000e+00 +0.0000e+00 +0.0000e+00 +0.0000e+00 +0.0000e+00
165 +9.558845383e+01 +9.558845383e+01 +8.281845383e+01 +8.281845383e+01 +3.7451e+00 -2.8540e+00 +8.1719e-01 -9.2719e-01 +1.3028e+00
264 +8.839128002e+01 +8.839128002e+01 +7.562128002e+01 +7.562128002e+01 +3.4271e+00 -3.6094e+00 +1.6688e+00 -6.3373e-01 +9.9123e-01
269 +6.699089282e+01 +6.699089282e+01 +5.422089282e+01 +5.422089282e+01 +3.7559e+00 -4.0660e+00 +5.8997e-01 +1.7198e-01 +1.3024e+00
437 +6.567416997e+01 +6.567416997e+01 +5.290416997e+01 +5.290416997e+01 +3.5400e+00 -3.1236e+00 +1.6262e+00 +3.0561e-01 +6.6258e-01
562 +5.163201177e+01 +5.163201177e+01 +3.886201177e+01 +3.886201177e+01 +2.7679e+00 -2.3380e+00 +4.7672e-01 -1.9773e-01 +1.6263e+00
775 +4.932675077e+01 +4.932675077e+01 +3.655675077e+01 +3.655675077e+01 +2.7137e+00 -3.1579e+00 +1.6607e+00 -2.2545e-01 +1.3007e+00
823 +4.721788832e+01 +4.721788832e+01 +3.444788832e+01 +3.444788832e+01 +2.6562e+00 -2.4746e+00 +1.6222e+00 -2.0962e-01 +9.7093e-01
926 +4.221123791e+01 +4.221123791e+01 +2.944123791e+01 +2.944123791e+01 +2.6473e+00 -2.9677e+00 +1.6198e+00 -2.2154e-01 +1.3132e+00
1078 +4.145079433e+01 +4.145079433e+01 +2.868079433e+01 +2.868079433e+01 +2.7126e+00 -2.9904e+00 +1.5922e+00 -2.4281e-01 +1.3292e+00
1144 +4.068171639e+01 +4.068171639e+01 +2.791171639e+01 +2.791171639e+01 +2.6842e+00 -3.0003e+00 +1.5745e+00 -2.4306e-01 +1.3365e+00
1562 +3.980646140e+01 +3.980646140e+01 +2.703646140e+01 +2.703646140e+01 +2.6687e+00 -3.0270e+00 +1.5807e+00 -2.1722e-01 +1.3312e+00
3520 +3.236794688e+01 +3.236794688e+01 +1.959794688e+01 +1.959794688e+01 +1.7020e+00 -6.9369e-01 +1.6956e+00 +2.6183e-01 +9.0857e-01
3672 +2.460946918e+01 +2.460946918e+01 +1.183946918e+01 +1.183946918e+01 +1.6201e+00 -7.6155e-01 +1.1087e+00 -2.2189e-01 +9.8290e-01
3788 +2.369011071e+01 +2.369011071e+01 +1.092011071e+01 +1.092011071e+01 +1.8196e+00 -8.3999e-01 +1.7060e+00 +5.9576e-01 +1.6700e+00
3807 +2.109084171e+01 +2.109084171e+01 +8.320841707e+00 +8.320841707e+00 +1.6369e+00 -8.7351e-01 +1.6269e+00 +5.5812e-01 +1.6229e+00
3843 +2.051789788e+01 +2.051789788e+01 +7.747897880e+00 +7.747897880e+00 +1.8339e+00 -8.7982e-01 +1.5677e+00 +1.3688e-01 +1.3409e+00
4116 +2.009305633e+01 +2.009305633e+01 +7.323056326e+00 +7.323056326e+00 +1.7842e+00 -8.6776e-01 +1.6269e+00 +2.0989e-01 +9.5198e-01
4226 +1.973771530e+01 +1.973771530e+01 +6.967715299e+00 +6.967715299e+00 +1.7851e+00 -8.7963e-01 +1.5749e+00 +2.0492e-01 +9.4858e-01
4257 +1.893653488e+01 +1.893653488e+01 +6.166534880e+00 +6.166534880e+00 +1.7798e+00 -8.4438e-01 +1.5834e+00 +1.8205e-01 +9.4022e-01
4468 +1.859375555e+01 +1.859375555e+01 +5.823755547e+00 +5.823755547e+00 +1.7754e+00 -8.4080e-01 +1.5927e+00 +1.8465e-01 +9.4743e-01
4570 +1.810746611e+01 +1.810746611e+01 +5.337466114e+00 +5.337466114e+00 +1.7534e+00 -8.1389e-01 +1.5805e+00 +1.8974e-01 +9.5700e-01
8094 +1.595860534e+01 +1.595860534e+01 +3.188605342e+00 +3.188605342e+00 +1.6010e+00 +6.6734e-01 +1.6289e+00 -2.0203e-01 +1.0051e+00
8703 +1.335421610e+01 +1.335421610e+01 +5.842160975e-01 +5.842160975e-01 +1.7346e+00 +1.4403e+00 +1.5431e+00 +2.5078e-01 +1.3660e+00
8726 +1.131461739e+01 +1.131461739e+01 -1.455382613e+00 -1.455382613e+00 +1.5882e+00 +1.4354e+00 +1.5417e+00 -2.3831e-01 +1.3569e+00
9662 +1.067682648e+01 +1.067682648e+01 -2.093173523e+00 -2.093173523e+00 +1.7573e+00 +6.6966e-01 +1.6011e+00 +1.9905e-01 +9.4142e-01
9684 +1.011537509e+01 +1.011537509e+01 -2.654624909e+00 -2.654624909e+00 +1.7232e+00 +6.6109e-01 +1.5991e+00 +1.8897e-01 +9.4831e-01
9882 +9.991069283e+00 +9.991069283e+00 -2.778930717e+00 -2.778930717e+00 +1.7182e+00 +6.6579e-01 +1.5902e+00 +1.8501e-01 +9.5469e-01
19423 +6.743119218e+00 +6.743119218e+00 -6.026880782e+00 -6.026880782e+00 +2.6667e+00 +7.2710e-01 +1.5563e+00 +2.2082e-01 +1.3354e+00
20367 +6.295253972e+00 +6.295253972e+00 -6.474746028e+00 -6.474746028e+00 +2.6510e+00 +6.6542e-01 +1.6229e+00 +6.2752e-01 +1.3493e+00
20580 +4.495460798e+00 +4.495460798e+00 -8.274539202e+00 -8.274539202e+00 +2.6859e+00 +6.5870e-01 +1.6125e+00 +1.7894e-01 +1.3283e+00
20844 +4.329709099e+00 +4.329709099e+00 -8.440290901e+00 -8.440290901e+00 +2.6644e+00 +6.6625e-01 +1.6078e+00 +1.9125e-01 +1.3248e+00
20954 +4.264928114e+00 +4.264928114e+00 -8.505071886e+00 -8.505071886e+00 +2.6818e+00 +6.6819e-01 +1.6088e+00 +1.8746e-01 +1.3355e+00
20974 +4.087332556e+00 +4.087332556e+00 -8.682667444e+00 -8.682667444e+00 +2.6740e+00 +6.6679e-01 +1.5950e+00 +1.9497e-01 +1.3300e+00
21020 +4.059449539e+00 +4.059449539e+00 -8.710550461e+00 -8.710550461e+00 +2.6810e+00 +6.6302e-01 +1.5849e+00 +1.9043e-01 +1.3353e+00
21482 +3.980058932e+00 +3.980058932e+00 -8.789941068e+00 -8.789941068e+00 +2.6686e+00 +6.6446e-01 +1.5836e+00 +1.8864e-01 +1.3325e+00
% function evaluation | noise-free fitness - Fopt (-1.000000000000e+03) | best noise-free fitness - Fopt | measured fitness | best measured fitness | x1 | x2...
1 +1.069906532e+02 +1.069906532e+02 -8.930093468e+02 -8.930093468e+02 +0.0000e+00 +0.0000e+00 +0.0000e+00 +0.0000e+00 +0.0000e+00
340 +9.833603734e+01 +9.833603734e+01 -9.016639627e+02 -9.016639627e+02 -3.2712e-01 +3.9809e-01 +2.0914e+00 -2.0565e+00 +1.2879e+00
343 +9.726332187e+01 +9.726332187e+01 -9.027366781e+02 -9.027366781e+02 +2.3914e-01 -5.1408e-01 +1.9931e+00 -2.6200e+00 +7.3076e-01
361 +8.522501460e+01 +8.522501460e+01 -9.147749854e+02 -9.147749854e+02 +8.6589e-01 +4.9059e-01 +1.9364e+00 -2.2774e+00 +1.1260e+00
414 +8.102391771e+01 +8.102391771e+01 -9.189760823e+02 -9.189760823e+02 +7.2902e-01 -1.1044e+00 +1.5950e+00 -2.3584e+00 +6.7221e-01
422 +7.240219410e+01 +7.240219410e+01 -9.275978059e+02 -9.275978059e+02 +2.5649e-01 +2.8025e-01 -1.6816e-01 -7.2298e-01 +1.3776e+00
474 +6.255839546e+01 +6.255839546e+01 -9.374416045e+02 -9.374416045e+02 +7.5460e-01 -6.7069e-01 +2.7051e-01 -1.1176e+00 +1.3657e+00
567 +3.357257295e+01 +3.357257295e+01 -9.664274271e+02 -9.664274271e+02 -3.3865e-02 -1.3336e+00 +1.8276e+00 -3.6817e-01 +1.0501e+00
601 +3.008469446e+01 +3.008469446e+01 -9.699153055e+02 -9.699153055e+02 +1.8120e-01 -1.3436e+00 +1.9900e+00 -7.2199e-01 +7.9762e-01
911 +2.773259762e+01 +2.773259762e+01 -9.722674024e+02 -9.722674024e+02 +1.6583e-01 -1.5576e+00 +2.5649e+00 +5.5515e-01 +1.3555e+00
931 +1.949224456e+01 +1.949224456e+01 -9.805077554e+02 -9.805077554e+02 +4.7520e-02 -2.1174e+00 +2.5234e+00 +1.0084e+00 +7.5938e-01
1149 +1.247719789e+01 +1.247719789e+01 -9.875228021e+02 -9.875228021e+02 +3.7585e-02 -2.0482e+00 +1.8946e+00 +6.0753e-01 +7.5463e-01
1172 +1.190489194e+01 +1.190489194e+01 -9.880951081e+02 -9.880951081e+02 -5.5484e-02 -2.0178e+00 +1.5259e+00 +6.1997e-01 +1.3845e+00
1226 +9.789595947e+00 +9.789595947e+00 -9.902104041e+02 -9.902104041e+02 -1.8321e-02 -2.0205e+00 +1.9037e+00 +5.3420e-01 +1.4030e+00
1259 +9.435938757e+00 +9.435938757e+00 -9.905640612e+02 -9.905640612e+02 -3.9673e-02 -1.9429e+00 +2.0232e+00 +6.0683e-01 +1.3719e+00
1364 +5.784848239e+00 +5.784848239e+00 -9.942151518e+02 -9.942151518e+02 -7.3568e-03 -2.0913e+00 +2.0272e+00 +5.9820e-01 +1.3990e+00
1496 +5.332008063e+00 +5.332008063e+00 -9.946679919e+02 -9.946679919e+02 +1.8623e-02 -2.0165e+00 +1.9908e+00 +5.8805e-01 +1.3976e+00
1593 +4.958804408e+00 +4.958804408e+00 -9.950411956e+02 -9.950411956e+02 +8.0094e-03 -2.0824e+00 +1.9640e+00 +5.9105e-01 +1.4085e+00
1716 +4.876483393e+00 +4.876483393e+00 -9.951235166e+02 -9.951235166e+02 +1.2256e-02 -2.0576e+00 +1.9679e+00 +5.9013e-01 +1.4087e+00
1722 +4.710077842e+00 +4.710077842e+00 -9.952899222e+02 -9.952899222e+02 +2.3032e-03 -2.0514e+00 +1.9866e+00 +6.1638e-01 +1.4107e+00
1804 +4.677325884e+00 +4.677325884e+00 -9.953226741e+02 -9.953226741e+02 +1.5568e-02 -2.0608e+00 +1.9914e+00 +6.0257e-01 +1.4106e+00
1892 +4.502559136e+00 +4.502559136e+00 -9.954974409e+02 -9.954974409e+02 +4.4637e-03 -2.0485e+00 +1.9903e+00 +5.9873e-01 +1.4099e+00
1936 +4.431359413e+00 +4.431359413e+00 -9.955686406e+02 -9.955686406e+02 +3.7693e-03 -2.0399e+00 +1.9850e+00 +6.0910e-01 +1.4094e+00
1982 +4.284217438e+00 +4.284217438e+00 -9.957157826e+02 -9.957157826e+02 +4.7437e-03 -2.0322e+00 +1.9723e+00 +6.0418e-01 +1.4131e+00
2098 +4.250153716e+00 +4.250153716e+00 -9.957498463e+02 -9.957498463e+02 -1.2870e-04 -2.0275e+00 +1.9696e+00 +6.0760e-01 +1.4144e+00
2241 +4.166956190e+00 +4.166956190e+00 -9.958330438e+02 -9.958330438e+02 -2.2250e-03 -2.0125e+00 +1.9938e+00 +6.0444e-01 +1.4125e+00
2285 +4.053106589e+00 +4.053106589e+00 -9.959468934e+02 -9.959468934e+02 -1.7135e-03 -2.0003e+00 +1.9851e+00 +6.0371e-01 +1.4123e+00
2701 +3.980763363e+00 +3.980763363e+00 -9.960192366e+02 -9.960192366e+02 -6.5987e-03 -1.9859e+00 +1.9779e+00 +6.0364e-01 +1.4152e+00
25380 +2.254948430e+00 +2.254948430e+00 -9.977450516e+02 -9.977450516e+02 +9.7340e-01 -2.8118e+00 +1.9676e+00 +1.5494e-01 +1.1118e+00
25804 +2.062081827e+00 +2.062081827e+00 -9.979379182e+02 -9.979379182e+02 +9.7434e-01 -2.8021e+00 +1.9743e+00 +1.6323e-01 +1.1043e+00
25886 +2.029650118e+00 +2.029650118e+00 -9.979703499e+02 -9.979703499e+02 +9.8051e-01 -2.8081e+00 +1.9727e+00 +1.6221e-01 +1.1047e+00
26337 +1.993553355e+00 +1.993553355e+00 -9.980064466e+02 -9.980064466e+02 +9.8969e-01 -2.8052e+00 +1.9782e+00 +1.6169e-01 +1.1062e+00
% function evaluation | noise-free fitness - Fopt (-1.000000000000e+03) | best noise-free fitness - Fopt | measured fitness | best measured fitness | x1 | x2...
1 +1.240986520e+02 +1.240986520e+02 -8.759013480e+02 -8.759013480e+02 +0.0000e+00 +0.0000e+00 +0.0000e+00 +0.0000e+00 +0.0000e+00
2 +1.061043206e+02 +1.061043206e+02 -8.938956794e+02 -8.938956794e+02 +5.2510e-01 -3.2659e+00 -6.1823e-01 +4.1311e+00 +8.3257e-01
3 +6.345696123e+01 +6.345696123e+01 -9.365430388e+02 -9.365430388e+02 +3.5944e-01 -3.0886e+00 -5.3667e-01 +3.8970e+00 +8.0108e-01
44 +6.224543912e+01 +6.224543912e+01 -9.377545609e+02 -9.377545609e+02 +5.1971e-01 -3.1419e+00 -6.6935e-01 +3.9081e+00 +8.0354e-01
66 +5.929904538e+01 +5.929904538e+01 -9.407009546e+02 -9.407009546e+02 +4.5338e-01 -3.1316e+00 -7.0075e-01 +3.8682e+00 +8.2660e-01
71 +5.688226749e+01 +5.688226749e+01 -9.431177325e+02 -9.431177325e+02 +4.0070e-01 -2.9885e+00 -7.5688e-01 +3.8387e+00 +8.5544e-01
88 +5.428805280e+01 +5.428805280e+01 -9.457119472e+02 -9.457119472e+02 +4.4725e-01 -3.0805e+00 -7.3758e-01 +3.8795e+00 +8.0510e-01
95 +5.087724998e+01 +5.087724998e+01 -9.491227500e+02 -9.491227500e+02 +2.3251e-01 -2.9483e+00 -7.8635e-01 +3.8996e+00 +8.1867e-01
174 +5.003758978e+01 +5.003758978e+01 -9.499624102e+02 -9.499624102e+02 +3.5989e-01 -3.0038e+00 -8.2821e-01 +3.9237e+00 +8.1509e-01
176 +4.870362868e+01 +4.870362868e+01 -9.512963713e+02 -9.512963713e+02 +3.2470e-01 -3.0476e+00 -7.3055e-01 +3.9024e+00 +8.2081e-01
198 +4.688769632e+01 +4.688769632e+01 -9.531123037e+02 -9.531123037e+02 +2.8460e-01 -3.0492e+00 -7.7119e-01 +3.9032e+00 +8.2005e-01
259 +4.631673785e+01 +4.631673785e+01 -9.536832622e+02 -9.536832622e+02 +2.2215e-01 -3.0839e+00 -7.9213e-01 +3.9091e+00 +8.1636e-01
2383 +4.114317612e+01 +4.114317612e+01 -9.588568239e+02 -9.588568239e+02 +8.3041e-02 -2.5047e-01 +8.9212e-01 +1.3859e+00 +7.9157e-01
2386 +3.493771667e+01 +3.493771667e+01 -9.650622833e+02 -9.650622833e+02 +1.1461e+00 -2.8336e-03 +1.5579e+00 +2.2785e+00 -1.8008e-01
2449 +2.918974437e+01 +2.918974437e+01 -9.708102556e+02 -9.708102556e+02 +1.1579e+00 +6.5382e-01 +4.0492e-01 +3.4715e+00 -4.0627e-01
2632 +2.799588222e+01 +2.799588222e+01 -9.720041178e+02 -9.720041178e+02 +3.6906e-01 +1.2994e+00 +1.3813e+00 +3.0427e+00 +2.0643e-01
2656 +2.738993584e+01 +2.738993584e+01 -9.726100642e+02 -9.726100642e+02 +3.1658e-01 +7.7227e-01 +4.6913e-01 +3.7999e+00 +4.8976e-01
2773 +2.454778587e+01 +2.454778587e+01 -9.754522141e+02 -9.754522141e+02 +3.2621e-01 +1.9729e+00 +7.8390e-01 +3.9406e+00 +1.3968e-01
2882 +2.002117811e+01 +2.002117811e+01 -9.799788219e+02 -9.799788219e+02 +3.1390e-01 +1.4806e+00 +7.7663e-01 +3.4505e+00 +1.0031e-01
2941 +1.458784251e+01 +1.458784251e+01 -9.854121575e+02 -9.854121575e+02 +2.1741e-01 +1.4226e+00 +4.0377e-01 +3.4894e+00 +7.7350e-01
3297 +1.045878749e+01 +1.045878749e+01 -9.895412125e+02 -9.895412125e+02 +7.5628e-02 +1.3895e+00 +9.0082e-01 +3.0822e+00 +5.1648e-01
4154 +9.894631605e+00 +9.894631605e+00 -9.901053684e+02 -9.901053684e+02 +1.7722e-01 +1.5050e+00 +9.6476e-01 +3.4862e+00 +5.4047e-01
4930 +9.233772179e+00 +9.233772179e+00 -9.907662278e+02 -9.907662278e+02 +1.9641e-01 +1.3865e+00 +9.1016e-01 +3.0495e+00 +5.0423e-01
4974 +8.769738311e+00 +8.769738311e+00 -9.912302617e+02 -9.912302617e+02 +1.9474e-01 +1.4394e+00 +9.3663e-01 +3.0807e+00 +5.2250e-01
4996 +8.664134672e+00 +8.664134672e+00 -9.913358653e+02 -9.913358653e+02 +1.9286e-01 +1.4347e+00 +9.2562e-01 +3.0556e+00 +5.1832e-01
5018 +8.238890732e+00 +8.238890732e+00 -9.917611093e+02 -9.917611093e+02 +1.9396e-01 +1.4565e+00 +9.1224e-01 +3.0624e+00 +5.1781e-01
5216 +8.127503960e+00 +8.127503960e+00 -9.918724960e+02 -9.918724960e+02 +1.9243e-01 +1.4587e+00 +9.0049e-01 +3.0716e+00 +5.1150e-01
14836 +7.663914979e+00 +7.663914979e+00 -9.923360850e+02 -9.923360850e+02 +1.1959e+00 -1.6612e-01 +9.4218e-01 +3.9040e+00 +4.9203e-01
15056 +6.359597635e+00 +6.359597635e+00 -9.936404024e+02 -9.936404024e+02 +1.1538e+00 -8.5980e-02 +9.3239e-01 +3.9238e+00 +5.1762e-01
15178 +5.334021649e+00 +5.334021649e+00 -9.946659784e+02 -9.946659784e+02 +1.1933e+00 -1.2579e-01 +9.0944e-01 +3.9153e+00 +5.1066e-01
15342 +5.128077490e+00 +5.128077490e+00 -9.948719225e+02 -9.948719225e+02 +1.1552e+00 -1.4464e-01 +9.0695e-01 +3.9256e+00 +5.1212e-01
15577 +4.995260096e+00 +4.995260096e+00 -9.950047399e+02 -9.950047399e+02 +1.1759e+00 -1.4039e-01 +9.0708e-01 +3.9213e+00 +5.1471e-01
