% function evaluation | noise-free fitness - Fopt (-5.494000000000e+001) | best noise-free fitness - Fopt | measured fitness | best measured fitness | x1 | x2...
1 +3.012777594e+006 +3.012777594e+006 +3.012722654e+006 +3.012722654e+006 +0.0000e+000 +0.0000e+000
2 +2.912900868e+006 +2.912900868e+006 +2.912845928e+006 +2.912845928e+006 +3.0272e+000 -6.7684e-001
3 +2.853786665e+006 +2.853786665e+006 +2.853731725e+006 +2.853731725e+006 +3.0939e+000 -7.0433e-001
6 +2.344034552e+006 +2.344034552e+006 +2.343979612e+006 +2.343979612e+006 +2.9875e+000 -8.2651e-001
11 +2.243847432e+006 +2.243847432e+006 +2.243792492e+006 +2.243792492e+006 +3.0237e+000 -8.7771e-001
25 +2.016161631e+006 +2.016161631e+006 +2.016106691e+006 +2.016106691e+006 +3.0091e+000 -1.0838e+000
28 +1.029847739e+006 +1.029847739e+006 +1.029792799e+006 +1.029792799e+006 +2.4469e+000 -1.3808e+000
29 +8.043938455e+005 +8.043938455e+005 +8.043389055e+005 +8.043389055e+005 +2.7677e+000 -1.5173e+000
49 +1.616348132e+005 +1.616348132e+005 +1.615798732e+005 +1.615798732e+005 +2.1938e+000 -1.9206e+000
56 +4.530017386e+004 +4.530017386e+004 +4.524523386e+004 +4.524523386e+004 +1.8652e+000 -2.0695e+000
62 +2.895086025e+003 +2.895086025e+003 +2.840146025e+003 +2.840146025e+003 +2.4038e+000 -2.4575e+000
110 +1.401931000e+003 +1.401931000e+003 +1.346991000e+003 +1.346991000e+003 +2.7981e+000 -2.5239e+000
118 +3.063083175e+002 +3.063083175e+002 +2.513683175e+002 +2.513683175e+002 +2.6802e+000 -2.4445e+000
145 +1.462537353e+002 +1.462537353e+002 +9.131373526e+001 +9.131373526e+001 +1.7116e+000 -2.2409e+000
342 +1.002077288e+002 +1.002077288e+002 +4.526772878e+001 +4.526772878e+001 +7.0589e+000 -3.4058e+000
351 +6.087062474e+001 +6.087062474e+001 +5.930624739e+000 +5.930624739e+000 +5.5644e+000 -3.0883e+000
% function evaluation | noise-free fitness - Fopt (5.913000000000e+001) | best noise-free fitness - Fopt | measured fitness | best measured fitness | x1 | x2...
1 +8.442491678e+002 +8.442491678e+002 +9.033791678e+002 +9.033791678e+002 +0.0000e+000 +0.0000e+000
132 +2.021351848e+002 +2.021351848e+002 +2.612651848e+002 +2.612651848e+002 -1.3446e+000 +1.2563e+000
182 +2.252643918e+001 +2.252643918e+001 +8.165643918e+001 +8.165643918e+001 -1.7266e+000 +1.6214e+000
255 +2.082389023e+000 +2.082389023e+000 +6.121238902e+001 +6.121238902e+001 -1.1878e+000 +1.1313e+000
728 +1.953351123e+000 +1.953351123e+000 +6.108335112e+001 +6.108335112e+001 -1.2945e+000 +1.2294e+000
734 +1.928589918e+000 +1.928589918e+000 +6.105858992e+001 +6.105858992e+001 -1.3112e+000 +1.2448e+000
% function evaluation | noise-free fitness - Fopt (-4.915300000000e+002) | best noise-free fitness - Fopt | measured fitness | best measured fitness | x1 | x2...
1 +3.132814721e+005 +3.132814721e+005 +3.127899421e+005 +3.127899421e+005 +0.0000e+000 +0.0000e+000
68 +1.031522620e+005 +1.031522620e+005 +1.026607320e+005 +1.026607320e+005 -4.5848e-001 -7.9340e-001
72 +2.531349042e+003 +2.531349042e+003 +2.039819042e+003 +2.039819042e+003 -1.1858e+000 +2.1823e-001
191 +3.547462453e+002 +3.547462453e+002 -1.367837547e+002 -1.367837547e+002 -1.5761e+000 +4.7967e-001
217 +1.699152680e+002 +1.699152680e+002 -3.216147320e+002 -3.216147320e+002 -7.5805e-001 -1.8662e-001
281 +1.425888255e+001 +1.425888255e+001 -4.772711175e+002 -4.772711175e+002 -2.4506e+000 +1.1237e+000
453 +1.122542468e+001 +1.122542468e+001 -4.803045753e+002 -4.803045753e+002 -2.3642e+000 +1.0619e+000
882 +1.009864540e+001 +1.009864540e+001 -4.814313546e+002 -4.814313546e+002 -2.4883e+000 +1.1552e+000
1032 +9.949833833e+000 +9.949833833e+000 -4.815801662e+002 -4.815801662e+002 -2.4725e+000 +1.1431e+000
34327 +9.770786363e+000 +9.770786363e+000 -4.817592136e+002 -4.817592136e+002 -2.4522e+000 +1.1275e+000
56506 +9.549586953e+000 +9.549586953e+000 -4.819804130e+002 -4.819804130e+002 -2.4269e+000 +1.1081e+000
78494 +9.331697721e+000 +9.331697721e+000 -4.821983023e+002 -4.821983023e+002 -2.4015e+000 +1.0886e+000
% function evaluation | noise-free fitness - Fopt (-1.702000000000e+002) | best noise-free fitness - Fopt | measured fitness | best measured fitness | x1 | x2...
1 +7.988631075e+006 +7.988631075e+006 +7.988460875e+006 +7.988460875e+006 +0.0000e+000 +0.0000e+000
2 +5.126208653e+005 +5.126208653e+005 +5.124506653e+005 +5.124506653e+005 -2.0601e+000 -9.7124e-001
3 +5.009357809e+005 +5.009357809e+005 +5.007655809e+005 +5.007655809e+005 -2.0123e+000 -1.0530e+000
6 +4.317874552e+005 +4.317874552e+005 +4.316172552e+005 +4.316172552e+005 -2.2743e+000 -9.9904e-001
26 +3.386709415e+005 +3.386709415e+005 +3.385007415e+005 +3.385007415e+005 -2.1873e+000 -1.1412e+000
48 +1.994428044e+004 +1.994428044e+004 +1.977408044e+004 +1.977408044e+004 -2.3291e+000 -1.5391e+000
71 +2.114859539e+002 +2.114859539e+002 +4.128595389e+001 +4.128595389e+001 -1.8433e+000 -2.1287e+000
132 +5.822040232e+000 +5.822040232e+000 -1.643779598e+002 -1.643779598e+002 -2.3034e+000 -1.7496e+000
198 +2.839253448e+000 +2.839253448e+000 -1.673607466e+002 -1.673607466e+002 -2.2923e+000 -1.7569e+000
282 +2.347527495e+000 +2.347527495e+000 -1.678524725e+002 -1.678524725e+002 -2.3239e+000 -1.7314e+000
286 +2.175134106e+000 +2.175134106e+000 -1.680248659e+002 -1.680248659e+002 -2.3166e+000 -1.7366e+000
87054 +2.137960037e+000 +2.137960037e+000 -1.680620400e+002 -1.680620400e+002 -2.3347e+000 -1.7224e+000
% function evaluation | noise-free fitness - Fopt (-4.697500000000e+002) | best noise-free fitness - Fopt | measured fitness | best measured fitness | x1 | x2...
1 +8.560436696e+006 +8.560436696e+006 +8.559966946e+006 +8.559966946e+006 +0.0000e+000 +0.0000e+000
46 +6.605994069e+006 +6.605994069e+006 +6.605524319e+006 +6.605524319e+006 +3.2670e+000 -5.3761e+000
53 +5.391866949e+006 +5.391866949e+006 +5.391397199e+006 +5.391397199e+006 +3.4791e+000 -5.0892e+000
69 +5.104082442e+006 +5.104082442e+006 +5.103612692e+006 +5.103612692e+006 +3.3774e+000 -5.0223e+000
81 +3.647732148e+006 +3.647732148e+006 +3.647262398e+006 +3.647262398e+006 +3.1860e+000 -4.5660e+000
93 +4.250544035e+005 +4.250544035e+005 +4.245846535e+005 +4.245846535e+005 +3.2390e+000 -3.4283e+000
102 +2.858580707e+005 +2.858580707e+005 +2.853883207e+005 +2.853883207e+005 +3.2088e+000 -3.2766e+000
104 +4.787581733e+004 +4.787581733e+004 +4.740606733e+004 +4.740606733e+004 +3.2818e+000 -2.9277e+000
112 +1.613890731e+004 +1.613890731e+004 +1.566915731e+004 +1.566915731e+004 +4.3878e+000 -2.7457e+000
132 +1.544653830e+004 +1.544653830e+004 +1.497678830e+004 +1.497678830e+004 +2.9362e+000 -2.6100e+000
143 +1.277842344e+003 +1.277842344e+003 +8.080923441e+002 +8.080923441e+002 +2.7738e+000 -2.7115e+000
208 +2.672820917e+001 +2.672820917e+001 -4.430217908e+002 -4.430217908e+002 +3.8486e+000 -2.6614e+000
216 +1.177358125e+001 +1.177358125e+001 -4.579764188e+002 -4.579764188e+002 +3.4421e+000 -2.6980e+000
264 +9.894235320e+000 +9.894235320e+000 -4.598557647e+002 -4.598557647e+002 +3.1847e+000 -2.7181e+000
763 +6.355789078e+000 +6.355789078e+000 -4.633942109e+002 -4.633942109e+002 +2.3893e+000 -2.7802e+000
836 +5.059630835e+000 +5.059630835e+000 -4.646903692e+002 -4.646903692e+002 +2.1524e+000 -2.7995e+000
906 +3.335148007e+000 +3.335148007e+000 -4.664148520e+002 -4.664148520e+002 +1.9035e+000 -2.8185e+000
1339 +2.244039305e+000 +2.244039305e+000 -4.675059607e+002 -4.675059607e+002 +9.0482e-001 -2.8990e+000
1450 +2.048258725e+000 +2.048258725e+000 -4.677017413e+002 -4.677017413e+002 +1.4726e+000 -2.8530e+000
1561 +1.716966438e+000 +1.716966438e+000 -4.680330336e+002 -4.680330336e+002 +1.1448e+000 -2.8783e+000
32842 +1.680717279e+000 +1.680717279e+000 -4.680692827e+002 -4.680692827e+002 +1.2002e+000 -2.8744e+000
33457 +1.656487795e+000 +1.656487795e+000 -4.680935122e+002 -4.680935122e+002 +1.1927e+000 -2.8750e+000
34182 +1.621321630e+000 +1.621321630e+000 -4.681286784e+002 -4.681286784e+002 +1.1820e+000 -2.8758e+000
34636 +1.579778226e+000 +1.579778226e+000 -4.681702218e+002 -4.681702218e+002 +1.1699e+000 -2.8768e+000
35124 +1.540015644e+000 +1.540015644e+000 -4.682099844e+002 -4.682099844e+002 +1.1586e+000 -2.8776e+000
35325 +1.506931724e+000 +1.506931724e+000 -4.682430683e+002 -4.682430683e+002 +1.1500e+000 -2.8783e+000
35611 +1.476285236e+000 +1.476285236e+000 -4.682737148e+002 -4.682737148e+002 +1.1405e+000 -2.8792e+000
35745 +1.415288106e+000 +1.415288106e+000 -4.683347119e+002 -4.683347119e+002 +1.1229e+000 -2.8804e+000
35812 +1.388554307e+000 +1.388554307e+000 -4.683614457e+002 -4.683614457e+002 +1.1197e+000 -2.8807e+000
35941 +1.357034686e+000 +1.357034686e+000 -4.683929653e+002 -4.683929653e+002 +1.1092e+000 -2.8815e+000
36453 +1.343484298e+000 +1.343484298e+000 -4.684065157e+002 -4.684065157e+002 +1.1084e+000 -2.8817e+000
36597 +1.315600976e+000 +1.315600976e+000 -4.684343990e+002 -4.684343990e+002 +1.1018e+000 -2.8822e+000
36965 +1.276644824e+000 +1.276644824e+000 -4.684733552e+002 -4.684733552e+002 +1.0921e+000 -2.8830e+000
37125 +1.249888129e+000 +1.249888129e+000 -4.685001119e+002 -4.685001119e+002 +1.0854e+000 -2.8834e+000
37479 +1.227272143e+000 +1.227272143e+000 -4.685227279e+002 -4.685227279e+002 +1.0800e+000 -2.8839e+000
37669 +1.194972874e+000 +1.194972874e+000 -4.685550271e+002 -4.685550271e+002 +1.0725e+000 -2.8845e+000
37793 +1.157282285e+000 +1.157282285e+000 -4.685927177e+002 -4.685927177e+002 +1.0576e+000 -2.8855e+000
37865 +1.142011232e+000 +1.142011232e+000 -4.686079888e+002 -4.686079888e+002 +1.0587e+000 -2.8856e+000
38283 +1.114516322e+000 +1.114516322e+000 -4.686354837e+002 -4.686354837e+002 +1.0525e+000 -2.8861e+000
38617 +1.095675727e+000 +1.095675727e+000 -4.686543243e+002 -4.686543243e+002 +1.0453e+000 -2.8865e+000
38791 +1.065644755e+000 +1.065644755e+000 -4.686843552e+002 -4.686843552e+002 +1.0402e+000 -2.8871e+000
38925 +1.009444606e+000 +1.009444606e+000 -4.687405554e+002 -4.687405554e+002 +1.0257e+000 -2.8882e+000
38980 +9.878136418e-001 +9.878136418e-001 -4.687621864e+002 -4.687621864e+002 +1.0199e+000 -2.8886e+000
39427 +9.656882859e-001 +9.656882859e-001 -4.687843117e+002 -4.687843117e+002 +1.0128e+000 -2.8893e+000
39450 +9.291687163e-001 +9.291687163e-001 -4.688208313e+002 -4.688208313e+002 +1.0039e+000 -2.8899e+000
40677 +9.095390148e-001 +9.095390148e-001 -4.688404610e+002 -4.688404610e+002 +9.9829e-001 -2.8904e+000
40837 +8.909273320e-001 +8.909273320e-001 -4.688590727e+002 -4.688590727e+002 +9.9204e-001 -2.8909e+000
40894 +8.683104893e-001 +8.683104893e-001 -4.688816895e+002 -4.688816895e+002 +9.8515e-001 -2.8914e+000
41560 +8.496348773e-001 +8.496348773e-001 -4.689003651e+002 -4.689003651e+002 +9.8042e-001 -2.8918e+000
41996 +8.292701143e-001 +8.292701143e-001 -4.689207299e+002 -4.689207299e+002 +9.7397e-001 -2.8923e+000
42116 +8.104977784e-001 +8.104977784e-001 -4.689395022e+002 -4.689395022e+002 +9.6681e-001 -2.8929e+000
42132 +7.705937328e-001 +7.705937328e-001 -4.689794063e+002 -4.689794063e+002 +9.5409e-001 -2.8939e+000
42159 +7.572026989e-001 +7.572026989e-001 -4.689927973e+002 -4.689927973e+002 +9.4361e-001 -2.8945e+000
42170 +7.405435590e-001 +7.405435590e-001 -4.690094564e+002 -4.690094564e+002 +9.4270e-001 -2.8947e+000
42207 +7.190833828e-001 +7.190833828e-001 -4.690309166e+002 -4.690309166e+002 +9.3090e-001 -2.8958e+000
42539 +6.993501870e-001 +6.993501870e-001 -4.690506498e+002 -4.690506498e+002 +9.2664e-001 -2.8960e+000
42634 +6.780064625e-001 +6.780064625e-001 -4.690719935e+002 -4.690719935e+002 +9.1749e-001 -2.8967e+000
43797 +6.757285702e-001 +6.757285702e-001 -4.690742714e+002 -4.690742714e+002 +9.1645e-001 -2.8968e+000
44291 +6.590932023e-001 +6.590932023e-001 -4.690909068e+002 -4.690909068e+002 +9.0861e-001 -2.8975e+000
44388 +6.439804261e-001 +6.439804261e-001 -4.691060196e+002 -4.691060196e+002 +9.0034e-001 -2.8981e+000
45611 +6.304512977e-001 +6.304512977e-001 -4.691195487e+002 -4.691195487e+002 +8.9386e-001 -2.8986e+000
46258 +6.081185023e-001 +6.081185023e-001 -4.691418815e+002 -4.691418815e+002 +8.7825e-001 -2.8999e+000
46302 +5.987678546e-001 +5.987678546e-001 -4.691512321e+002 -4.691512321e+002 +8.7422e-001 -2.9002e+000
46698 +5.867718313e-001 +5.867718313e-001 -4.691632282e+002 -4.691632282e+002 +8.6622e-001 -2.9008e+000
47656 +5.752172302e-001 +5.752172302e-001 -4.691747828e+002 -4.691747828e+002 +8.5878e-001 -2.9014e+000
48773 +5.622151882e-001 +5.622151882e-001 -4.691877848e+002 -4.691877848e+002 +8.4820e-001 -2.9022e+000
50737 +5.494978235e-001 +5.494978235e-001 -4.692005022e+002 -4.692005022e+002 +8.3639e-001 -2.9032e+000
52531 +5.369861388e-001 +5.369861388e-001 -4.692130139e+002 -4.692130139e+002 +8.2187e-001 -2.9043e+000
54711 +5.245930622e-001 +5.245930622e-001 -4.692254069e+002 -4.692254069e+002 +8.0579e-001 -2.9056e+000
59899 +5.128494787e-001 +5.128494787e-001 -4.692371505e+002 -4.692371505e+002 +7.8401e-001 -2.9073e+000
71077 +5.011393929e-001 +5.011393929e-001 -4.692488606e+002 -4.692488606e+002 +7.4992e-001 -2.9100e+000
% function evaluation | noise-free fitness - Fopt (1.832700000000e+002) | best noise-free fitness - Fopt | measured fitness | best measured fitness | x1 | x2...
1 +4.931112896e+006 +4.931112896e+006 +4.931296166e+006 +4.931296166e+006 +0.0000e+000 +0.0000e+000
2 +3.772174005e+006 +3.772174005e+006 +3.772357275e+006 +3.772357275e+006 -3.8672e+000 -2.2566e+000
3 +2.140798503e+006 +2.140798503e+006 +2.140981773e+006 +2.140981773e+006 -3.5114e+000 -2.0237e+000
25 +2.071000234e+006 +2.071000234e+006 +2.071183504e+006 +2.071183504e+006 -3.4393e+000 -2.0050e+000
29 +1.873580271e+006 +1.873580271e+006 +1.873763541e+006 +1.873763541e+006 -3.3272e+000 -1.7802e+000
33 +1.357273559e+006 +1.357273559e+006 +1.357456829e+006 +1.357456829e+006 -3.8062e+000 -1.1418e+000
48 +2.069832829e+005 +2.069832829e+005 +2.071665529e+005 +2.071665529e+005 -3.1442e+000 -8.9564e-001
49 +1.249823103e+005 +1.249823103e+005 +1.251655803e+005 +1.251655803e+005 -3.9584e+000 -4.1558e-002
56 +2.587198575e+003 +2.587198575e+003 +2.770468575e+003 +2.770468575e+003 -3.2757e+000 -2.2287e-001
65 +1.401662505e+002 +1.401662505e+002 +3.234362505e+002 +3.234362505e+002 -3.5550e+000 +6.5742e-002
295 +7.085037464e+000 +7.085037464e+000 +1.903550375e+002 +1.903550375e+002 -4.1745e+000 +6.1903e-001
67330 +7.070542764e+000 +7.070542764e+000 +1.903405428e+002 +1.903405428e+002 -4.3967e+000 +8.0980e-001
% function evaluation | noise-free fitness - Fopt (-1.000000000000e+003) | best noise-free fitness - Fopt | measured fitness | best measured fitness | x1 | x2...
1 +1.199272262e+006 +1.199272262e+006 +1.198272262e+006 +1.198272262e+006 +0.0000e+000 +0.0000e+000
68 +3.907587871e+005 +3.907587871e+005 +3.897587871e+005 +3.897587871e+005 -2.1492e+000 +4.3735e+000
85 +3.261884061e+005 +3.261884061e+005 +3.251884061e+005 +3.251884061e+005 -2.3236e+000 +4.7347e+000
110 +3.646328654e+004 +3.646328654e+004 +3.546328654e+004 +3.546328654e+004 -3.2038e+000 +5.0172e+000
125 +1.569184312e+003 +1.569184312e+003 +5.691843118e+002 +5.691843118e+002 -2.9066e+000 +4.8647e+000
182 +3.948278829e+002 +3.948278829e+002 -6.051721171e+002 -6.051721171e+002 -2.3277e+000 +3.2651e+000
220 +1.152118619e+002 +1.152118619e+002 -8.847881381e+002 -8.847881381e+002 -2.5864e+000 +3.9239e+000
454 +3.384307716e+001 +3.384307716e+001 -9.661569228e+002 -9.661569228e+002 -2.7368e+000 +4.3040e+000
1029 +3.245948127e+001 +3.245948127e+001 -9.675405187e+002 -9.675405187e+002 -2.9277e+000 +4.8064e+000
1056 +3.211801166e+001 +3.211801166e+001 -9.678819883e+002 -9.678819883e+002 -2.9166e+000 +4.7769e+000
14088 +3.162190469e+001 +3.162190469e+001 -9.683780953e+002 -9.683780953e+002 -2.9017e+000 +4.7363e+000
31177 +3.090202702e+001 +3.090202702e+001 -9.690979730e+002 -9.690979730e+002 -2.8737e+000 +4.6617e+000
50058 +3.019883660e+001 +3.019883660e+001 -9.698011634e+002 -9.698011634e+002 -2.8458e+000 +4.5875e+000
67447 +2.949825741e+001 +2.949825741e+001 -9.705017426e+002 -9.705017426e+002 -2.8173e+000 +4.5118e+000
87532 +2.883912047e+001 +2.883912047e+001 -9.711608795e+002 -9.711608795e+002 -2.7902e+000 +4.4395e+000
% function evaluation | noise-free fitness - Fopt (-5.658000000000e+001) | best noise-free fitness - Fopt | measured fitness | best measured fitness | x1 | x2...
1 +2.561374063e+006 +2.561374063e+006 +2.561317483e+006 +2.561317483e+006 +0.0000e+000 +0.0000e+000
34 +2.195921828e+006 +2.195921828e+006 +2.195865248e+006 +2.195865248e+006 -1.2581e+000 +1.2516e+000
48 +2.047552672e+006 +2.047552672e+006 +2.047496092e+006 +2.047496092e+006 -1.6364e+000 +1.6131e+000
51 +3.219441240e+005 +3.219441240e+005 +3.218875440e+005 +3.218875440e+005 -2.1298e+000 +1.1051e+000
57 +3.376098767e+004 +3.376098767e+004 +3.370440767e+004 +3.370440767e+004 -2.7402e+000 +1.1423e+000
88 +2.547254202e+004 +2.547254202e+004 +2.541596202e+004 +2.541596202e+004 -3.0698e+000 +1.4752e+000
90 +7.020397996e+002 +7.020397996e+002 +6.454597996e+002 +6.454597996e+002 -3.2179e+000 +1.3790e+000
184 +1.965224382e+002 +1.965224382e+002 +1.399424382e+002 +1.399424382e+002 -3.5990e+000 +1.8649e+000
225 +2.561556109e+001 +2.561556109e+001 -3.096443891e+001 -3.096443891e+001 -3.8842e+000 +2.1684e+000
462 +2.196653930e+001 +2.196653930e+001 -3.461346070e+001 -3.461346070e+001 -3.7334e+000 +1.9957e+000
682 +2.158389474e+001 +2.158389474e+001 -3.499610526e+001 -3.499610526e+001 -3.6928e+000 +1.9499e+000
726 +2.124693241e+001 +2.124693241e+001 -3.533306759e+001 -3.533306759e+001 -3.6869e+000 +1.9436e+000
16678 +2.089288326e+001 +2.089288326e+001 -3.568711674e+001 -3.568711674e+001 -3.6651e+000 +1.9196e+000
52038 +2.041726200e+001 +2.041726200e+001 -3.616273800e+001 -3.616273800e+001 -3.6266e+000 +1.8762e+000
% function evaluation | noise-free fitness - Fopt (-2.043700000000e+002) | best noise-free fitness - Fopt | measured fitness | best measured fitness | x1 | x2...
1 +2.496168570e+006 +2.496168570e+006 +2.495964200e+006 +2.495964200e+006 +0.0000e+000 +0.0000e+000
100 +2.254437666e+006 +2.254437666e+006 +2.254233296e+006 +2.254233296e+006 -2.1577e+000 +4.9131e+000
109 +2.225986151e+006 +2.225986151e+006 +2.225781781e+006 +2.225781781e+006 -2.2607e+000 +5.1350e+000
112 +1.440512760e+006 +1.440512760e+006 +1.440308390e+006 +1.440308390e+006 -2.4675e+000 +5.0454e+000
127 +6.156382127e+005 +6.156382127e+005 +6.154338427e+005 +6.154338427e+005 -2.8744e+000 +5.2328e+000
134 +5.666663983e+005 +5.666663983e+005 +5.664620283e+005 +5.664620283e+005 -2.5338e+000 +4.3581e+000
135 +4.114013662e+005 +4.114013662e+005 +4.111969962e+005 +4.111969962e+005 -4.7573e+000 +6.0177e+000
141 +1.054726445e+005 +1.054726445e+005 +1.052682745e+005 +1.052682745e+005 -4.1824e+000 +5.3619e+000
145 +1.874890572e+003 +1.874890572e+003 +1.670520572e+003 +1.670520572e+003 -3.8923e+000 +5.5904e+000
154 +9.580526922e+002 +9.580526922e+002 +7.536826922e+002 +7.536826922e+002 -3.7672e+000 +5.2683e+000
176 +1.068160623e+002 +1.068160623e+002 -9.755393765e+001 -9.755393765e+001 -3.8846e+000 +5.4473e+000
360 +9.534493882e+001 +9.534493882e+001 -1.090250612e+002 -1.090250612e+002 -3.8947e+000 +5.4728e+000
370 +5.269030756e+001 +5.269030756e+001 -1.516796924e+002 -1.516796924e+002 -3.8771e+000 +5.4398e+000
376 +5.220475048e+001 +5.220475048e+001 -1.521652495e+002 -1.521652495e+002 -3.9236e+000 +5.5505e+000
428 +4.617295724e+001 +4.617295724e+001 -1.581970428e+002 -1.581970428e+002 -4.3040e+000 +6.4571e+000
476 +4.020766396e+001 +4.020766396e+001 -1.641623360e+002 -1.641623360e+002 -3.9108e+000 +5.5396e+000
525 +3.612555849e+001 +3.612555849e+001 -1.682444415e+002 -1.682444415e+002 -3.9987e+000 +5.7444e+000
557 +3.425537666e+001 +3.425537666e+001 -1.701146233e+002 -1.701146233e+002 -3.8846e+000 +5.4759e+000
560 +3.375602519e+001 +3.375602519e+001 -1.706139748e+002 -1.706139748e+002 -4.0445e+000 +5.8482e+000
572 +3.105011231e+001 +3.105011231e+001 -1.733198877e+002 -1.733198877e+002 -3.9661e+000 +5.6613e+000
646 +3.052538695e+001 +3.052538695e+001 -1.738446130e+002 -1.738446130e+002 -3.8553e+000 +5.4047e+000
678 +2.804164462e+001 +2.804164462e+001 -1.763283554e+002 -1.763283554e+002 -3.8199e+000 +5.3198e+000
818 +2.709541612e+001 +2.709541612e+001 -1.772745839e+002 -1.772745839e+002 -3.8057e+000 +5.2855e+000
830 +2.600085238e+001 +2.600085238e+001 -1.783691476e+002 -1.783691476e+002 -3.7956e+000 +5.2587e+000
34071 +2.570234874e+001 +2.570234874e+001 -1.786676513e+002 -1.786676513e+002 -3.7854e+000 +5.2352e+000
50988 +2.511715710e+001 +2.511715710e+001 -1.792528429e+002 -1.792528429e+002 -3.7616e+000 +5.1789e+000
67102 +2.454703892e+001 +2.454703892e+001 -1.798229611e+002 -1.798229611e+002 -3.7376e+000 +5.1222e+000
86331 +2.398801849e+001 +2.398801849e+001 -1.803819815e+002 -1.803819815e+002 -3.7135e+000 +5.0651e+000
% function evaluation | noise-free fitness - Fopt (8.550000000000e+000) | best noise-free fitness - Fopt | measured fitness | best measured fitness | x1 | x2...
1 +1.807218413e+007 +1.807218413e+007 +1.807219268e+007 +1.807219268e+007 +0.0000e+000 +0.0000e+000
2 +1.231353586e+007 +1.231353586e+007 +1.231354441e+007 +1.231354441e+007 +7.7544e-001 -5.0305e-001
3 +1.224048218e+007 +1.224048218e+007 +1.224049073e+007 +1.224049073e+007 +7.7010e-001 -4.3021e-001
4 +1.160139212e+007 +1.160139212e+007 +1.160140067e+007 +1.160140067e+007 +8.4162e-001 -3.7068e-001
8 +1.038477763e+007 +1.038477763e+007 +1.038478618e+007 +1.038478618e+007 +1.0104e+000 -3.3086e-001
25 +8.993709754e+006 +8.993709754e+006 +8.993718304e+006 +8.993718304e+006 +1.2620e+000 -2.9136e-001
30 +8.894063444e+006 +8.894063444e+006 +8.894071994e+006 +8.894071994e+006 +1.2463e+000 -9.9394e-002
51 +7.576170287e+006 +7.576170287e+006 +7.576178837e+006 +7.576178837e+006 +1.6501e+000 -2.4097e-001
52 +6.172926264e+006 +6.172926264e+006 +6.172934814e+006 +6.172934814e+006 +1.9517e+000 -5.6882e-002
58 +4.730961263e+006 +4.730961263e+006 +4.730969813e+006 +4.730969813e+006 +2.3222e+000 -7.5571e-001
65 +2.331131488e+006 +2.331131488e+006 +2.331140038e+006 +2.331140038e+006 +2.6749e+000 -1.9698e-001
70 +1.734726110e+006 +1.734726110e+006 +1.734734660e+006 +1.734734660e+006 +3.1884e+000 -4.0395e-001
74 +5.237956576e+005 +5.237956576e+005 +5.238042076e+005 +5.238042076e+005 +3.4839e+000 +2.3685e-001
77 +2.284823382e+005 +2.284823382e+005 +2.284908882e+005 +2.284908882e+005 +3.7601e+000 +3.6451e-001
78 +6.218986799e+004 +6.218986799e+004 +6.219841799e+004 +6.219841799e+004 +4.1419e+000 -3.4131e-001
82 +6.517967358e+003 +6.517967358e+003 +6.526517358e+003 +6.526517358e+003 +4.3120e+000 -3.4397e-001
143 +4.319078623e+003 +4.319078623e+003 +4.327628623e+003 +4.327628623e+003 +4.1029e+000 +7.5457e-001
154 +3.871132064e+003 +3.871132064e+003 +3.879682064e+003 +3.879682064e+003 +4.2278e+000 +1.5624e-001
181 +2.751944815e+002 +2.751944815e+002 +2.837444815e+002 +2.837444815e+002 +4.6603e+000 -1.5813e+000
230 +9.593773609e+001 +9.593773609e+001 +1.044877361e+002 +1.044877361e+002 +4.4782e+000 -7.9832e-001
267 +7.954269735e+001 +7.954269735e+001 +8.809269735e+001 +8.809269735e+001 +3.9779e+000 +1.7006e+000
462 +6.887637603e+000 +6.887637603e+000 +1.543763760e+001 +1.543763760e+001 +4.2782e+000 +2.5054e-001
612 +5.856092453e+000 +5.856092453e+000 +1.440609245e+001 +1.440609245e+001 +4.2503e+000 +3.8093e-001
24182 +5.754045470e+000 +5.754045470e+000 +1.430404547e+001 +1.430404547e+001 +4.2665e+000 +3.0407e-001
27040 +5.623133010e+000 +5.623133010e+000 +1.417313301e+001 +1.417313301e+001 +4.2625e+000 +3.2428e-001
29685 +5.492853593e+000 +5.492853593e+000 +1.404285359e+001 +1.404285359e+001 +4.2585e+000 +3.4433e-001
32139 +5.367761806e+000 +5.367761806e+000 +1.391776181e+001 +1.391776181e+001 +4.2546e+000 +3.6406e-001
34666 +5.246742678e+000 +5.246742678e+000 +1.379674268e+001 +1.379674268e+001 +4.2512e+000 +3.8106e-001
36328 +5.126390631e+000 +5.126390631e+000 +1.367639063e+001 +1.367639063e+001 +4.2475e+000 +3.9951e-001
38426 +5.011739317e+000 +5.011739317e+000 +1.356173932e+001 +1.356173932e+001 +4.2443e+000 +4.1534e-001
39584 +4.896836779e+000 +4.896836779e+000 +1.344683678e+001 +1.344683678e+001 +4.2409e+000 +4.3191e-001
41111 +4.784409954e+000 +4.784409954e+000 +1.333440995e+001 +1.333440995e+001 +4.2377e+000 +4.4786e-001
43155 +4.675047727e+000 +4.675047727e+000 +1.322504773e+001 +1.322504773e+001 +4.2346e+000 +4.6337e-001
44486 +4.557116063e+000 +4.557116063e+000 +1.310711606e+001 +1.310711606e+001 +4.2312e+000 +4.8044e-001
46897 +4.466032294e+000 +4.466032294e+000 +1.301603229e+001 +1.301603229e+001 +4.2287e+000 +4.9319e-001
48232 +4.363591413e+000 +4.363591413e+000 +1.291359141e+001 +1.291359141e+001 +4.2257e+000 +5.0806e-001
49270 +4.264552272e+000 +4.264552272e+000 +1.281455227e+001 +1.281455227e+001 +4.2228e+000 +5.2286e-001
51884 +4.166771020e+000 +4.166771020e+000 +1.271677102e+001 +1.271677102e+001 +4.2199e+000 +5.3731e-001
52637 +4.073112043e+000 +4.073112043e+000 +1.262311204e+001 +1.262311204e+001 +4.2173e+000 +5.5018e-001
54107 +3.980309498e+000 +3.980309498e+000 +1.253030950e+001 +1.253030950e+001 +4.2144e+000 +5.6465e-001
56479 +3.890294659e+000 +3.890294659e+000 +1.244029466e+001 +1.244029466e+001 +4.2117e+000 +5.7753e-001
58994 +3.799382686e+000 +3.799382686e+000 +1.234938269e+001 +1.234938269e+001 +4.2089e+000 +5.9201e-001
60216 +3.714560005e+000 +3.714560005e+000 +1.226456001e+001 +1.226456001e+001 +4.2064e+000 +6.0425e-001
62618 +3.628851055e+000 +3.628851055e+000 +1.217885106e+001 +1.217885106e+001 +4.2035e+000 +6.1933e-001
63683 +3.544393687e+000 +3.544393687e+000 +1.209439369e+001 +1.209439369e+001 +4.2010e+000 +6.3132e-001
64902 +3.466922089e+000 +3.466922089e+000 +1.201692209e+001 +1.201692209e+001 +4.1985e+000 +6.4396e-001
67201 +3.380072382e+000 +3.380072382e+000 +1.193007238e+001 +1.193007238e+001 +4.1955e+000 +6.5908e-001
68364 +3.307010256e+000 +3.307010256e+000 +1.185701026e+001 +1.185701026e+001 +4.1930e+000 +6.7114e-001
69822 +3.234526829e+000 +3.234526829e+000 +1.178452683e+001 +1.178452683e+001 +4.1905e+000 +6.8400e-001
70598 +3.156126525e+000 +3.156126525e+000 +1.170612653e+001 +1.170612653e+001 +4.1875e+000 +6.9880e-001
72239 +3.089724430e+000 +3.089724430e+000 +1.163972443e+001 +1.163972443e+001 +4.1851e+000 +7.1058e-001
75228 +3.018967651e+000 +3.018967651e+000 +1.156896765e+001 +1.156896765e+001 +4.1824e+000 +7.2411e-001
78094 +2.950388112e+000 +2.950388112e+000 +1.150038811e+001 +1.150038811e+001 +4.1797e+000 +7.3794e-001
80564 +2.882984790e+000 +2.882984790e+000 +1.143298479e+001 +1.143298479e+001 +4.1769e+000 +7.5180e-001
82658 +2.818286661e+000 +2.818286661e+000 +1.136828666e+001 +1.136828666e+001 +4.1740e+000 +7.6578e-001
85367 +2.752778931e+000 +2.752778931e+000 +1.130277893e+001 +1.130277893e+001 +4.1709e+000 +7.8137e-001
% function evaluation | noise-free fitness - Fopt (3.258700000000e+002) | best noise-free fitness - Fopt | measured fitness | best measured fitness | x1 | x2...
1 +5.238205843e+005 +5.238205843e+005 +5.241464543e+005 +5.241464543e+005 +0.0000e+000 +0.0000e+000
70 +2.993155622e+003 +2.993155622e+003 +3.319025622e+003 +3.319025622e+003 -1.4278e+000 -7.4743e-001
206 +4.664615117e+001 +4.664615117e+001 +3.725161512e+002 +3.725161512e+002 -5.3656e-001 -7.9808e-001
276 +1.793199533e+001 +1.793199533e+001 +3.438019953e+002 +3.438019953e+002 +6.9711e-001 -7.7261e-001
396 +2.102265541e+000 +2.102265541e+000 +3.279722655e+002 +3.279722655e+002 +6.6012e-001 -7.7695e-001
616 +2.088427001e+000 +2.088427001e+000 +3.279584270e+002 +3.279584270e+002 +6.7885e-001 -7.7672e-001
1240 +2.014846586e+000 +2.014846586e+000 +3.278848466e+002 +3.278848466e+002 +7.5724e-001 -7.7568e-001
1562 +1.991977642e+000 +1.991977642e+000 +3.278619776e+002 +3.278619776e+002 +7.7448e-001 -7.7533e-001
1878 +1.885080195e+000 +1.885080195e+000 +3.277550802e+002 +3.277550802e+002 +9.0099e-001 -7.7396e-001
2021 +1.835851343e+000 +1.835851343e+000 +3.277058513e+002 +3.277058513e+002 +9.1735e-001 -7.7373e-001
2063 +1.397431569e+000 +1.397431569e+000 +3.272674316e+002 +3.272674316e+002 +1.0520e+000 -7.7206e-001
2301 +1.245274727e+000 +1.245274727e+000 +3.271152747e+002 +3.271152747e+002 +1.1793e+000 -7.7094e-001
2326 +1.207472503e+000 +1.207472503e+000 +3.270774725e+002 +3.270774725e+002 +1.0967e+000 -7.7149e-001
2389 +1.010449025e+000 +1.010449025e+000 +3.268804490e+002 +3.268804490e+002 +1.1474e+000 -7.7088e-001
2402 +9.601579630e-001 +9.601579630e-001 +3.268301580e+002 +3.268301580e+002 +1.1620e+000 -7.7042e-001
2464 +9.412866936e-001 +9.412866936e-001 +3.268112867e+002 +3.268112867e+002 +1.1647e+000 -7.7042e-001
2467 +6.648248827e-001 +6.648248827e-001 +3.265348249e+002 +3.265348249e+002 +1.2599e+000 -7.6928e-001
2532 +6.520471847e-001 +6.520471847e-001 +3.265220472e+002 +3.265220472e+002 +1.2901e+000 -7.6918e-001
2571 +5.623946219e-001 +5.623946219e-001 +3.264323946e+002 +3.264323946e+002 +1.3324e+000 -7.6857e-001
2647 +5.586975915e-001 +5.586975915e-001 +3.264286976e+002 +3.264286976e+002 +1.3890e+000 -7.6796e-001
2650 +5.473314019e-001 +5.473314019e-001 +3.264173314e+002 +3.264173314e+002 +1.3923e+000 -7.6789e-001
2759 +5.154072806e-001 +5.154072806e-001 +3.263854073e+002 +3.263854073e+002 +1.3862e+000 -7.6774e-001
2812 +4.974361784e-001 +4.974361784e-001 +3.263674362e+002 +3.263674362e+002 +1.4468e+000 -7.6710e-001
3816 +4.897357548e-001 +4.897357548e-001 +3.263597358e+002 +3.263597358e+002 +1.4622e+000 -7.6685e-001
3890 +4.755622315e-001 +4.755622315e-001 +3.263455622e+002 +3.263455622e+002 +1.4941e+000 -7.6647e-001
4013 +4.600484953e-001 +4.600484953e-001 +3.263300485e+002 +3.263300485e+002 +1.5181e+000 -7.6622e-001
4022 +4.470097320e-001 +4.470097320e-001 +3.263170097e+002 +3.263170097e+002 +1.5287e+000 -7.6606e-001
4239 +4.433996145e-001 +4.433996145e-001 +3.263133996e+002 +3.263133996e+002 +1.5384e+000 -7.6599e-001
4300 +4.349971981e-001 +4.349971981e-001 +3.263049972e+002 +3.263049972e+002 +1.5473e+000 -7.6590e-001
4336 +4.245983021e-001 +4.245983021e-001 +3.262945983e+002 +3.262945983e+002 +1.5508e+000 -7.6567e-001
4351 +4.110928353e-001 +4.110928353e-001 +3.262810928e+002 +3.262810928e+002 +1.5605e+000 -7.6554e-001
4372 +3.847550665e-001 +3.847550665e-001 +3.262547551e+002 +3.262547551e+002 +1.5724e+000 -7.6548e-001
4404 +3.754441738e-001 +3.754441738e-001 +3.262454442e+002 +3.262454442e+002 +1.5779e+000 -7.6543e-001
4411 +2.819507979e-001 +2.819507979e-001 +3.261519508e+002 +3.261519508e+002 +1.6609e+000 -7.6464e-001
4505 +2.469028546e-001 +2.469028546e-001 +3.261169029e+002 +3.261169029e+002 +1.6706e+000 -7.6444e-001
4512 +2.263451575e-001 +2.263451575e-001 +3.260963452e+002 +3.260963452e+002 +1.6657e+000 -7.6426e-001
4551 +1.794197369e-001 +1.794197369e-001 +3.260494197e+002 +3.260494197e+002 +1.7072e+000 -7.6390e-001
4562 +1.635447093e-001 +1.635447093e-001 +3.260335447e+002 +3.260335447e+002 +1.7261e+000 -7.6350e-001
4741 +1.580059337e-001 +1.580059337e-001 +3.260280059e+002 +3.260280059e+002 +1.7239e+000 -7.6360e-001
4743 +1.547272103e-001 +1.547272103e-001 +3.260247272e+002 +3.260247272e+002 +1.7282e+000 -7.6356e-001
4754 +1.492725387e-001 +1.492725387e-001 +3.260192725e+002 +3.260192725e+002 +1.7593e+000 -7.6307e-001
4760 +1.244707423e-001 +1.244707423e-001 +3.259944707e+002 +3.259944707e+002 +1.8124e+000 -7.6261e-001
4763 +1.103048647e-001 +1.103048647e-001 +3.259803049e+002 +3.259803049e+002 +1.8208e+000 -7.6242e-001
4808 +9.469366907e-002 +9.469366907e-002 +3.259646937e+002 +3.259646937e+002 +1.9140e+000 -7.6104e-001
4811 +7.225768155e-002 +7.225768155e-002 +3.259422577e+002 +3.259422577e+002 +1.9598e+000 -7.6049e-001
5126 +6.985038466e-002 +6.985038466e-002 +3.259398504e+002 +3.259398504e+002 +1.8858e+000 -7.6157e-001
5130 +6.567479529e-002 +6.567479529e-002 +3.259356748e+002 +3.259356748e+002 +1.8927e+000 -7.6149e-001
5151 +5.824645456e-002 +5.824645456e-002 +3.259282465e+002 +3.259282465e+002 +1.9160e+000 -7.6131e-001
5156 +4.096276616e-002 +4.096276616e-002 +3.259109628e+002 +3.259109628e+002 +1.9464e+000 -7.6088e-001
5230 +3.766834904e-002 +3.766834904e-002 +3.259076683e+002 +3.259076683e+002 +1.9540e+000 -7.6077e-001
5269 +2.528045851e-002 +2.528045851e-002 +3.258952805e+002 +3.258952805e+002 +2.0009e+000 -7.6027e-001
5285 +2.284196665e-002 +2.284196665e-002 +3.258928420e+002 +3.258928420e+002 +1.9900e+000 -7.6033e-001
5286 +2.230288474e-002 +2.230288474e-002 +3.258923029e+002 +3.258923029e+002 +1.9924e+000 -7.6027e-001
5377 +2.187241562e-002 +2.187241562e-002 +3.258918724e+002 +3.258918724e+002 +1.9943e+000 -7.6029e-001
5628 +1.885708938e-002 +1.885708938e-002 +3.258888571e+002 +3.258888571e+002 +2.0036e+000 -7.6013e-001
5660 +1.650683754e-002 +1.650683754e-002 +3.258865068e+002 +3.258865068e+002 +2.0124e+000 -7.6004e-001
5791 +1.565661148e-002 +1.565661148e-002 +3.258856566e+002 +3.258856566e+002 +2.0202e+000 -7.5997e-001
5826 +1.471895173e-002 +1.471895173e-002 +3.258847190e+002 +3.258847190e+002 +2.0250e+000 -7.5989e-001
5996 +1.391480676e-002 +1.391480676e-002 +3.258839148e+002 +3.258839148e+002 +2.0319e+000 -7.5980e-001
6037 +1.199106860e-002 +1.199106860e-002 +3.258819911e+002 +3.258819911e+002 +2.0540e+000 -7.5958e-001
6078 +1.077165264e-002 +1.077165264e-002 +3.258807717e+002 +3.258807717e+002 +2.0592e+000 -7.5953e-001
6110 +8.387632941e-003 +8.387632941e-003 +3.258783876e+002 +3.258783876e+002 +2.0597e+000 -7.5949e-001
6458 +8.118093551e-003 +8.118093551e-003 +3.258781181e+002 +3.258781181e+002 +2.0584e+000 -7.5946e-001
6507 +7.455418009e-003 +7.455418009e-003 +3.258774554e+002 +3.258774554e+002 +2.0610e+000 -7.5947e-001
6551 +6.921900733e-003 +6.921900733e-003 +3.258769219e+002 +3.258769219e+002 +2.0619e+000 -7.5945e-001
6564 +6.816164967e-003 +6.816164967e-003 +3.258768162e+002 +3.258768162e+002 +2.0619e+000 -7.5943e-001
6572 +6.608016903e-003 +6.608016903e-003 +3.258766080e+002 +3.258766080e+002 +2.0625e+000 -7.5942e-001
6611 +6.111848972e-003 +6.111848972e-003 +3.258761118e+002 +3.258761118e+002 +2.0646e+000 -7.5941e-001
6625 +5.117161703e-003 +5.117161703e-003 +3.258751172e+002 +3.258751172e+002 +2.0706e+000 -7.5935e-001
6726 +4.933801729e-003 +4.933801729e-003 +3.258749338e+002 +3.258749338e+002 +2.0713e+000 -7.5933e-001
6738 +4.309742843e-003 +4.309742843e-003 +3.258743097e+002 +3.258743097e+002 +2.0742e+000 -7.5929e-001
6752 +4.142859892e-003 +4.142859892e-003 +3.258741429e+002 +3.258741429e+002 +2.0767e+000 -7.5926e-001
6834 +3.760219028e-003 +3.760219028e-003 +3.258737602e+002 +3.258737602e+002 +2.0868e+000 -7.5914e-001
7024 +3.701303969e-003 +3.701303969e-003 +3.258737013e+002 +3.258737013e+002 +2.0832e+000 -7.5917e-001
7164 +3.628924378e-003 +3.628924378e-003 +3.258736289e+002 +3.258736289e+002 +2.0858e+000 -7.5914e-001
8007 +3.440536951e-003 +3.440536951e-003 +3.258734405e+002 +3.258734405e+002 +2.0916e+000 -7.5906e-001
8086 +3.346399148e-003 +3.346399148e-003 +3.258733464e+002 +3.258733464e+002 +2.0928e+000 -7.5905e-001
8146 +3.132567967e-003 +3.132567967e-003 +3.258731326e+002 +3.258731326e+002 +2.0949e+000 -7.5903e-001
8285 +2.957195543e-003 +2.957195543e-003 +3.258729572e+002 +3.258729572e+002 +2.0965e+000 -7.5901e-001
8301 +2.839617517e-003 +2.839617517e-003 +3.258728396e+002 +3.258728396e+002 +2.0982e+000 -7.5900e-001
8325 +2.716703561e-003 +2.716703561e-003 +3.258727167e+002 +3.258727167e+002 +2.0979e+000 -7.5898e-001
8354 +2.645268938e-003 +2.645268938e-003 +3.258726453e+002 +3.258726453e+002 +2.0985e+000 -7.5899e-001
8373 +2.397075335e-003 +2.397075335e-003 +3.258723971e+002 +3.258723971e+002 +2.0997e+000 -7.5897e-001
8376 +2.278296186e-003 +2.278296186e-003 +3.258722783e+002 +3.258722783e+002 +2.1009e+000 -7.5896e-001
8391 +2.147270628e-003 +2.147270628e-003 +3.258721473e+002 +3.258721473e+002 +2.1012e+000 -7.5894e-001
8456 +1.803490144e-003 +1.803490144e-003 +3.258718035e+002 +3.258718035e+002 +2.1051e+000 -7.5888e-001
8498 +1.597961649e-003 +1.597961649e-003 +3.258715980e+002 +3.258715980e+002 +2.1045e+000 -7.5891e-001
8505 +1.396899555e-003 +1.396899555e-003 +3.258713969e+002 +3.258713969e+002 +2.1070e+000 -7.5889e-001
8556 +1.338906134e-003 +1.338906134e-003 +3.258713389e+002 +3.258713389e+002 +2.1080e+000 -7.5888e-001
8560 +1.137110697e-003 +1.137110697e-003 +3.258711371e+002 +3.258711371e+002 +2.1094e+000 -7.5885e-001
8583 +1.113278093e-003 +1.113278093e-003 +3.258711133e+002 +3.258711133e+002 +2.1091e+000 -7.5885e-001
8613 +9.946375430e-004 +9.946375430e-004 +3.258709946e+002 +3.258709946e+002 +2.1121e+000 -7.5881e-001
8636 +9.397702229e-004 +9.397702229e-004 +3.258709398e+002 +3.258709398e+002 +2.1145e+000 -7.5879e-001
8665 +9.108841907e-004 +9.108841907e-004 +3.258709109e+002 +3.258709109e+002 +2.1146e+000 -7.5878e-001
9083 +8.743869773e-004 +8.743869773e-004 +3.258708744e+002 +3.258708744e+002 +2.1170e+000 -7.5876e-001
9092 +8.631101311e-004 +8.631101311e-004 +3.258708631e+002 +3.258708631e+002 +2.1178e+000 -7.5875e-001
9105 +8.361460778e-004 +8.361460778e-004 +3.258708361e+002 +3.258708361e+002 +2.1184e+000 -7.5873e-001
9156 +7.988037771e-004 +7.988037771e-004 +3.258707988e+002 +3.258707988e+002 +2.1193e+000 -7.5873e-001
9171 +7.603261106e-004 +7.603261106e-004 +3.258707603e+002 +3.258707603e+002 +2.1200e+000 -7.5872e-001
9287 +7.530515655e-004 +7.530515655e-004 +3.258707531e+002 +3.258707531e+002 +2.1212e+000 -7.5871e-001
9308 +6.938063485e-004 +6.938063485e-004 +3.258706938e+002 +3.258706938e+002 +2.1211e+000 -7.5870e-001
9410 +6.481683158e-004 +6.481683158e-004 +3.258706482e+002 +3.258706482e+002 +2.1217e+000 -7.5869e-001
9428 +6.385090365e-004 +6.385090365e-004 +3.258706385e+002 +3.258706385e+002 +2.1230e+000 -7.5869e-001
9460 +6.192320749e-004 +6.192320749e-004 +3.258706192e+002 +3.258706192e+002 +2.1222e+000 -7.5869e-001
9462 +4.959087824e-004 +4.959087824e-004 +3.258704959e+002 +3.258704959e+002 +2.1238e+000 -7.5867e-001
9529 +4.831497542e-004 +4.831497542e-004 +3.258704831e+002 +3.258704831e+002 +2.1244e+000 -7.5867e-001
9546 +4.441787607e-004 +4.441787607e-004 +3.258704442e+002 +3.258704442e+002 +2.1247e+000 -7.5865e-001
9554 +3.151951723e-004 +3.151951723e-004 +3.258703152e+002 +3.258703152e+002 +2.1272e+000 -7.5863e-001
9584 +1.720376479e-004 +1.720376479e-004 +3.258701720e+002 +3.258701720e+002 +2.1327e+000 -7.5856e-001
10541 +1.643600586e-004 +1.643600586e-004 +3.258701644e+002 +3.258701644e+002 +2.1336e+000 -7.5855e-001
10546 +1.587381664e-004 +1.587381664e-004 +3.258701587e+002 +3.258701587e+002 +2.1331e+000 -7.5855e-001
10707 +1.565340722e-004 +1.565340722e-004 +3.258701565e+002 +3.258701565e+002 +2.1332e+000 -7.5855e-001
10742 +1.476908457e-004 +1.476908457e-004 +3.258701477e+002 +3.258701477e+002 +2.1338e+000 -7.5854e-001
10766 +1.376542749e-004 +1.376542749e-004 +3.258701377e+002 +3.258701377e+002 +2.1340e+000 -7.5854e-001
10793 +1.215215678e-004 +1.215215678e-004 +3.258701215e+002 +3.258701215e+002 +2.1346e+000 -7.5853e-001
10829 +1.146946985e-004 +1.146946985e-004 +3.258701147e+002 +3.258701147e+002 +2.1356e+000 -7.5852e-001
10927 +1.086636730e-004 +1.086636730e-004 +3.258701087e+002 +3.258701087e+002 +2.1353e+000 -7.5853e-001
10964 +1.059015163e-004 +1.059015163e-004 +3.258701059e+002 +3.258701059e+002 +2.1354e+000 -7.5853e-001
10996 +1.032579396e-004 +1.032579396e-004 +3.258701033e+002 +3.258701033e+002 +2.1356e+000 -7.5853e-001
11027 +8.668791259e-005 +8.668791259e-005 +3.258700867e+002 +3.258700867e+002 +2.1366e+000 -7.5851e-001
11122 +7.711549989e-005 +7.711549989e-005 +3.258700771e+002 +3.258700771e+002 +2.1372e+000 -7.5851e-001
11246 +7.489879471e-005 +7.489879471e-005 +3.258700749e+002 +3.258700749e+002 +2.1373e+000 -7.5850e-001
11264 +7.365373989e-005 +7.365373989e-005 +3.258700737e+002 +3.258700737e+002 +2.1373e+000 -7.5850e-001
11342 +6.709229967e-005 +6.709229967e-005 +3.258700671e+002 +3.258700671e+002 +2.1376e+000 -7.5850e-001
11379 +6.409987077e-005 +6.409987077e-005 +3.258700641e+002 +3.258700641e+002 +2.1378e+000 -7.5850e-001
11403 +6.207932978e-005 +6.207932978e-005 +3.258700621e+002 +3.258700621e+002 +2.1379e+000 -7.5850e-001
11416 +5.667052460e-005 +5.667052460e-005 +3.258700567e+002 +3.258700567e+002 +2.1381e+000 -7.5849e-001
11436 +5.374512773e-005 +5.374512773e-005 +3.258700537e+002 +3.258700537e+002 +2.1386e+000 -7.5849e-001
11502 +5.085108000e-005 +5.085108000e-005 +3.258700509e+002 +3.258700509e+002 +2.1384e+000 -7.5849e-001
11604 +4.108780257e-005 +4.108780257e-005 +3.258700411e+002 +3.258700411e+002 +2.1394e+000 -7.5848e-001
11641 +3.224896182e-005 +3.224896182e-005 +3.258700322e+002 +3.258700322e+002 +2.1421e+000 -7.5845e-001
11660 +2.922995935e-005 +2.922995935e-005 +3.258700292e+002 +3.258700292e+002 +2.1405e+000 -7.5847e-001
11667 +2.804530192e-005 +2.804530192e-005 +3.258700280e+002 +3.258700280e+002 +2.1405e+000 -7.5846e-001
11668 +1.717778207e-005 +1.717778207e-005 +3.258700172e+002 +3.258700172e+002 +2.1417e+000 -7.5845e-001
11700 +1.057394735e-005 +1.057394735e-005 +3.258700106e+002 +3.258700106e+002 +2.1422e+000 -7.5844e-001
12950 +8.770125248e-006 +8.770125248e-006 +3.258700088e+002 +3.258700088e+002 +2.1424e+000 -7.5844e-001
12962 +6.563520628e-006 +6.563520628e-006 +3.258700066e+002 +3.258700066e+002 +2.1430e+000 -7.5843e-001
12998 +2.634234818e-006 +2.634234818e-006 +3.258700026e+002 +3.258700026e+002 +2.1441e+000 -7.5842e-001
% function evaluation | noise-free fitness - Fopt (-9.525000000000e+001) | best noise-free fitness - Fopt | measured fitness | best measured fitness | x1 | x2...
1 +1.194814419e+006 +1.194814419e+006 +1.194719169e+006 +1.194719169e+006 +0.0000e+000 +0.0000e+000
2 +9.017912317e+005 +9.017912317e+005 +9.016959817e+005 +9.016959817e+005 +7.3015e-001 +8.5681e-001
3 +4.762702940e+005 +4.762702940e+005 +4.761750440e+005 +4.761750440e+005 +6.3267e-001 +1.2140e+000
26 +2.573875195e+005 +2.573875195e+005 +2.572922695e+005 +2.572922695e+005 +4.0893e-001 +1.2007e+000
29 +2.396485836e+002 +2.396485836e+002 +1.443985836e+002 +1.443985836e+002 +1.7262e-001 +1.6573e+000
107 +1.726113671e+002 +1.726113671e+002 +7.736136707e+001 +7.736136707e+001 +1.0730e+000 +2.5830e+000
201 +1.180553763e+002 +1.180553763e+002 +2.280537626e+001 +2.280537626e+001 +4.5638e-001 +1.9553e+000
220 +3.828670188e+001 +3.828670188e+001 -5.696329812e+001 -5.696329812e+001 +3.0387e-001 +1.8166e+000
277 +3.506245626e+001 +3.506245626e+001 -6.018754374e+001 -6.018754374e+001 +7.0012e-001 +2.2169e+000
330 +3.365506027e+001 +3.365506027e+001 -6.159493973e+001 -6.159493973e+001 +6.3101e-001 +2.1472e+000
70538 +3.311290363e+001 +3.311290363e+001 -6.213709637e+001 -6.213709637e+001 +5.9244e-001 +2.1076e+000
% function evaluation | noise-free fitness - Fopt (4.943000000000e+001) | best noise-free fitness - Fopt | measured fitness | best measured fitness | x1 | x2...
1 +8.347944104e+006 +8.347944104e+006 +8.347993534e+006 +8.347993534e+006 +0.0000e+000 +0.0000e+000
2 +1.011667444e+006 +1.011667444e+006 +1.011716874e+006 +1.011716874e+006 -4.8186e+000 -3.6164e+000
3 +8.184160738e+005 +8.184160738e+005 +8.184655038e+005 +8.184655038e+005 -4.6833e+000 -3.6303e+000
4 +7.636806537e+005 +7.636806537e+005 +7.637300837e+005 +7.637300837e+005 -4.6609e+000 -3.6426e+000
6 +7.515997146e+005 +7.515997146e+005 +7.516491446e+005 +7.516491446e+005 -4.7572e+000 -3.6794e+000
25 +4.940277331e+005 +4.940277331e+005 +4.940771631e+005 +4.940771631e+005 -4.4791e+000 -3.8246e+000
47 +3.622268005e+005 +3.622268005e+005 +3.622762305e+005 +3.622762305e+005 -4.3105e+000 -3.9134e+000
48 +9.237113838e+004 +9.237113838e+004 +9.242056838e+004 +9.242056838e+004 -4.0711e+000 -4.1124e+000
50 +7.315205009e+002 +7.315205009e+002 +7.809505009e+002 +7.809505009e+002 -3.0266e+000 -4.0483e+000
52 +1.579494160e+002 +1.579494160e+002 +2.073794160e+002 +2.073794160e+002 -4.3586e+000 -4.5324e+000
66 +6.208415771e+001 +6.208415771e+001 +1.115141577e+002 +1.115141577e+002 -3.9059e+000 -4.3750e+000
185 +4.281264359e+001 +4.281264359e+001 +9.224264359e+001 +9.224264359e+001 -4.5785e+000 -4.5971e+000
364 +3.165296912e+001 +3.165296912e+001 +8.108296912e+001 +8.108296912e+001 -4.3376e+000 -4.5122e+000
39976 +3.161931475e+001 +3.161931475e+001 +8.104931475e+001 +8.104931475e+001 -4.4452e+000 -4.5492e+000
56635 +3.090252013e+001 +3.090252013e+001 +8.033252013e+001 +8.033252013e+001 -4.3701e+000 -4.5241e+000
73306 +3.019040989e+001 +3.019040989e+001 +7.962040989e+001 +7.962040989e+001 -4.2929e+000 -4.4984e+000
% function evaluation | noise-free fitness - Fopt (-9.772000000000e+001) | best noise-free fitness - Fopt | measured fitness | best measured fitness | x1 | x2...
1 +2.356213225e+007 +2.356213225e+007 +2.356203453e+007 +2.356203453e+007 +0.0000e+000 +0.0000e+000
78 +2.209045630e+007 +2.209045630e+007 +2.209035858e+007 +2.209035858e+007 -1.7554e+000 -1.9914e+000
86 +1.841913157e+007 +1.841913157e+007 +1.841903385e+007 +1.841903385e+007 -1.6042e+000 -2.4663e+000
92 +1.177455633e+007 +1.177455633e+007 +1.177445861e+007 +1.177445861e+007 +5.8162e-001 -1.3783e+000
101 +7.201770218e+006 +7.201770218e+006 +7.201672498e+006 +7.201672498e+006 +1.7491e+000 -1.5543e+000
117 +4.107560203e+005 +4.107560203e+005 +4.106583003e+005 +4.106583003e+005 +5.1098e+000 -2.8176e+000
143 +3.231104724e+004 +3.231104724e+004 +3.221332724e+004 +3.221332724e+004 +4.2537e+000 -2.9223e+000
151 +1.298383488e+004 +1.298383488e+004 +1.288611488e+004 +1.288611488e+004 +3.1003e+000 -3.6775e+000
242 +5.663075646e+003 +5.663075646e+003 +5.565355646e+003 +5.565355646e+003 +6.0203e+000 -1.0398e+000
308 +3.524082569e+002 +3.524082569e+002 +2.546882569e+002 +2.546882569e+002 +6.5456e+000 -4.2624e-001
500 +3.035937260e+002 +3.035937260e+002 +2.058737260e+002 +2.058737260e+002 +6.3556e+000 -6.1323e-001
572 +2.191607427e+001 +2.191607427e+001 -7.580392573e+001 -7.580392573e+001 +6.6377e+000 -3.0758e-001
830 +2.162175359e+001 +2.162175359e+001 -7.609824641e+001 -7.609824641e+001 +6.7166e+000 -2.3012e-001
% function evaluation | noise-free fitness - Fopt (-5.100000000000e+001) | best noise-free fitness - Fopt | measured fitness | best measured fitness | x1 | x2...
1 +8.882448796e+005 +8.882448796e+005 +8.881938796e+005 +8.881938796e+005 +0.0000e+000 +0.0000e+000
46 +4.976469444e+005 +4.976469444e+005 +4.975959444e+005 +4.975959444e+005 +5.3250e-001 -1.5987e+000
51 +2.973461493e+005 +2.973461493e+005 +2.972951493e+005 +2.972951493e+005 +6.5045e-001 -2.2381e+000
53 +1.383293680e+005 +1.383293680e+005 +1.382783680e+005 +1.382783680e+005 +2.5086e-001 -1.7584e+000
54 +8.058601880e+004 +8.058601880e+004 +8.053501880e+004 +8.053501880e+004 +8.5053e-002 -1.6772e+000
69 +3.284552447e+003 +3.284552447e+003 +3.233552447e+003 +3.233552447e+003 -3.0410e-001 -1.6593e+000
110 +1.894701692e+003 +1.894701692e+003 +1.843701692e+003 +1.843701692e+003 -3.0518e-001 -1.4323e+000
154 +3.540489486e+000 +3.540489486e+000 -4.745951051e+001 -4.745951051e+001 -3.2014e-001 -1.5009e+000
208 +3.101000984e+000 +3.101000984e+000 -4.789899902e+001 -4.789899902e+001 -1.0169e-001 -1.9265e+000
322 +1.180721440e+000 +1.180721440e+000 -4.981927856e+001 -4.981927856e+001 -5.9449e-002 -2.0029e+000
522 +5.400254248e-001 +5.400254248e-001 -5.045997458e+001 -5.045997458e+001 -7.4207e-002 -1.9751e+000
591 +4.824128727e-001 +4.824128727e-001 -5.051758713e+001 -5.051758713e+001 -1.2214e-001 -1.8823e+000
726 +4.510504987e-001 +4.510504987e-001 -5.054894950e+001 -5.054894950e+001 -1.3593e-001 -1.8558e+000
840 +4.117111568e-001 +4.117111568e-001 -5.058828884e+001 -5.058828884e+001 -1.2076e-001 -1.8861e+000
876 +3.899644889e-001 +3.899644889e-001 -5.061003551e+001 -5.061003551e+001 -1.1113e-001 -1.9039e+000
