% function evaluation | noise-free fitness - Fopt (1.000000000000e+03) | best noise-free fitness - Fopt | measured fitness | best measured fitness | x1 | x2...
1 +1.647212407e+03 +1.647212407e+03 +2.647212407e+03 +2.647212407e+03
604 +1.500800462e+03 +1.500800462e+03 +2.500800462e+03 +2.500800462e+03
623 +1.417421123e+03 +1.417421123e+03 +2.417421123e+03 +2.417421123e+03
640 +1.316992879e+03 +1.316992879e+03 +2.316992879e+03 +2.316992879e+03
660 +1.283032020e+03 +1.283032020e+03 +2.283032020e+03 +2.283032020e+03
675 +1.233548454e+03 +1.233548454e+03 +2.233548454e+03 +2.233548454e+03
686 +1.228569984e+03 +1.228569984e+03 +2.228569984e+03 +2.228569984e+03
690 +1.181305424e+03 +1.181305424e+03 +2.181305424e+03 +2.181305424e+03
700 +1.155043782e+03 +1.155043782e+03 +2.155043782e+03 +2.155043782e+03
704 +1.122829348e+03 +1.122829348e+03 +2.122829348e+03 +2.122829348e+03
717 +1.121217511e+03 +1.121217511e+03 +2.121217511e+03 +2.121217511e+03
726 +1.008373613e+03 +1.008373613e+03 +2.008373613e+03 +2.008373613e+03
763 +9.558673994e+02 +9.558673994e+02 +1.955867399e+03 +1.955867399e+03
770 +9.207151351e+02 +9.207151351e+02 +1.920715135e+03 +1.920715135e+03
777 +8.362362716e+02 +8.362362716e+02 +1.836236272e+03 +1.836236272e+03
792 +7.994472666e+02 +7.994472666e+02 +1.799447267e+03 +1.799447267e+03
836 +7.755976070e+02 +7.755976070e+02 +1.775597607e+03 +1.775597607e+03
902 +6.983566233e+02 +6.983566233e+02 +1.698356623e+03 +1.698356623e+03
924 +6.618127070e+02 +6.618127070e+02 +1.661812707e+03 +1.661812707e+03
1034 +6.115611417e+02 +6.115611417e+02 +1.611561142e+03 +1.611561142e+03
1122 +5.760767663e+02 +5.760767663e+02 +1.576076766e+03 +1.576076766e+03
1188 +5.530760220e+02 +5.530760220e+02 +1.553076022e+03 +1.553076022e+03
1210 +4.982853272e+02 +4.982853272e+02 +1.498285327e+03 +1.498285327e+03
1474 +4.745611585e+02 +4.745611585e+02 +1.474561159e+03 +1.474561159e+03
1698 +4.525463054e+02 +4.525463054e+02 +1.452546305e+03 +1.452546305e+03
1760 +4.031877573e+02 +4.031877573e+02 +1.403187757e+03 +1.403187757e+03
2170 +3.911327603e+02 +3.911327603e+02 +1.391132760e+03 +1.391132760e+03
2448 +3.737073353e+02 +3.737073353e+02 +1.373707335e+03 +1.373707335e+03
2620 +3.709138751e+02 +3.709138751e+02 +1.370913875e+03 +1.370913875e+03
2888 +3.493770231e+02 +3.493770231e+02 +1.349377023e+03 +1.349377023e+03
2893 +3.244659716e+02 +3.244659716e+02 +1.324465972e+03 +1.324465972e+03
2968 +3.139643831e+02 +3.139643831e+02 +1.313964383e+03 +1.313964383e+03
6144 +3.032579067e+02 +3.032579067e+02 +1.303257907e+03 +1.303257907e+03
6604 +2.949984892e+02 +2.949984892e+02 +1.294998489e+03 +1.294998489e+03
6622 +2.562896733e+02 +2.562896733e+02 +1.256289673e+03 +1.256289673e+03
6710 +2.459257619e+02 +2.459257619e+02 +1.245925762e+03 +1.245925762e+03
6732 +2.206191093e+02 +2.206191093e+02 +1.220619109e+03 +1.220619109e+03
6754 +2.048435622e+02 +2.048435622e+02 +1.204843562e+03 +1.204843562e+03
6776 +2.008962992e+02 +2.008962992e+02 +1.200896299e+03 +1.200896299e+03
6886 +1.888072466e+02 +1.888072466e+02 +1.188807247e+03 +1.188807247e+03
6908 +1.826807254e+02 +1.826807254e+02 +1.182680725e+03 +1.182680725e+03
6930 +1.682653073e+02 +1.682653073e+02 +1.168265307e+03 +1.168265307e+03
6952 +1.427191006e+02 +1.427191006e+02 +1.142719101e+03 +1.142719101e+03
7040 +1.299843364e+02 +1.299843364e+02 +1.129984336e+03 +1.129984336e+03
7106 +1.229979389e+02 +1.229979389e+02 +1.122997939e+03 +1.122997939e+03
7172 +1.172996671e+02 +1.172996671e+02 +1.117299667e+03 +1.117299667e+03
7216 +1.065281391e+02 +1.065281391e+02 +1.106528139e+03 +1.106528139e+03
7238 +1.014075045e+02 +1.014075045e+02 +1.101407505e+03 +1.101407505e+03
7282 +9.614200290e+01 +9.614200290e+01 +1.096142003e+03 +1.096142003e+03
7370 +8.766434190e+01 +8.766434190e+01 +1.087664342e+03 +1.087664342e+03
7414 +8.406571705e+01 +8.406571705e+01 +1.084065717e+03 +1.084065717e+03
7502 +8.217479543e+01 +8.217479543e+01 +1.082174795e+03 +1.082174795e+03
7524 +7.746471101e+01 +7.746471101e+01 +1.077464711e+03 +1.077464711e+03
7678 +7.475462903e+01 +7.475462903e+01 +1.074754629e+03 +1.074754629e+03
7766 +7.391481733e+01 +7.391481733e+01 +1.073914817e+03 +1.073914817e+03
7876 +7.180298523e+01 +7.180298523e+01 +1.071802985e+03 +1.071802985e+03
7898 +7.054824728e+01 +7.054824728e+01 +1.070548247e+03 +1.070548247e+03
8074 +6.856586808e+01 +6.856586808e+01 +1.068565868e+03 +1.068565868e+03
8250 +6.747575747e+01 +6.747575747e+01 +1.067475757e+03 +1.067475757e+03
8426 +6.574631426e+01 +6.574631426e+01 +1.065746314e+03 +1.065746314e+03
8668 +6.446684994e+01 +6.446684994e+01 +1.064466850e+03 +1.064466850e+03
9161 +6.306374770e+01 +6.306374770e+01 +1.063063748e+03 +1.063063748e+03
139182 +6.069503771e+01 +6.069503771e+01 +1.060695038e+03 +1.060695038e+03
139226 +6.024992541e+01 +6.024992541e+01 +1.060249925e+03 +1.060249925e+03
139358 +5.879913939e+01 +5.879913939e+01 +1.058799139e+03 +1.058799139e+03
139424 +5.751437365e+01 +5.751437365e+01 +1.057514374e+03 +1.057514374e+03
139578 +5.601142974e+01 +5.601142974e+01 +1.056011430e+03 +1.056011430e+03
139710 +5.487621988e+01 +5.487621988e+01 +1.054876220e+03 +1.054876220e+03
140062 +5.363751586e+01 +5.363751586e+01 +1.053637516e+03 +1.053637516e+03
140656 +5.245897633e+01 +5.245897633e+01 +1.052458976e+03 +1.052458976e+03
% function evaluation | noise-free fitness - Fopt (7.003000000000e+01) | best noise-free fitness - Fopt | measured fitness | best measured fitness | x1 | x2...
1 +1.788306963e+03 +1.788306963e+03 +1.858336963e+03 +1.858336963e+03
336 +1.761438562e+03 +1.761438562e+03 +1.831468562e+03 +1.831468562e+03
362 +1.737781522e+03 +1.737781522e+03 +1.807811522e+03 +1.807811522e+03
392 +1.666183478e+03 +1.666183478e+03 +1.736213478e+03 +1.736213478e+03
403 +1.635315067e+03 +1.635315067e+03 +1.705345067e+03 +1.705345067e+03
437 +1.609521787e+03 +1.609521787e+03 +1.679551787e+03 +1.679551787e+03
467 +1.551619617e+03 +1.551619617e+03 +1.621649617e+03 +1.621649617e+03
491 +1.505860263e+03 +1.505860263e+03 +1.575890263e+03 +1.575890263e+03
503 +1.465895357e+03 +1.465895357e+03 +1.535925357e+03 +1.535925357e+03
523 +1.430693774e+03 +1.430693774e+03 +1.500723774e+03 +1.500723774e+03
555 +1.406733506e+03 +1.406733506e+03 +1.476763506e+03 +1.476763506e+03
574 +1.331834328e+03 +1.331834328e+03 +1.401864328e+03 +1.401864328e+03
594 +1.304908929e+03 +1.304908929e+03 +1.374938929e+03 +1.374938929e+03
609 +1.172579787e+03 +1.172579787e+03 +1.242609787e+03 +1.242609787e+03
663 +1.115909698e+03 +1.115909698e+03 +1.185939698e+03 +1.185939698e+03
680 +1.091068561e+03 +1.091068561e+03 +1.161098561e+03 +1.161098561e+03
689 +1.047801733e+03 +1.047801733e+03 +1.117831733e+03 +1.117831733e+03
728 +9.729965368e+02 +9.729965368e+02 +1.043026537e+03 +1.043026537e+03
770 +9.526596718e+02 +9.526596718e+02 +1.022689672e+03 +1.022689672e+03
787 +9.255362468e+02 +9.255362468e+02 +9.955662468e+02 +9.955662468e+02
827 +9.114054681e+02 +9.114054681e+02 +9.814354681e+02 +9.814354681e+02
844 +8.859342288e+02 +8.859342288e+02 +9.559642288e+02 +9.559642288e+02
882 +8.139835033e+02 +8.139835033e+02 +8.840135033e+02 +8.840135033e+02
883 +7.892999342e+02 +7.892999342e+02 +8.593299342e+02 +8.593299342e+02
902 +7.628044976e+02 +7.628044976e+02 +8.328344976e+02 +8.328344976e+02
965 +7.539676860e+02 +7.539676860e+02 +8.239976860e+02 +8.239976860e+02
968 +6.905709647e+02 +6.905709647e+02 +7.606009647e+02 +7.606009647e+02
1102 +6.073844120e+02 +6.073844120e+02 +6.774144120e+02 +6.774144120e+02
1289 +5.731854942e+02 +5.731854942e+02 +6.432154942e+02 +6.432154942e+02
1320 +5.545066691e+02 +5.545066691e+02 +6.245366691e+02 +6.245366691e+02
1345 +5.413147355e+02 +5.413147355e+02 +6.113447355e+02 +6.113447355e+02
1408 +5.035137204e+02 +5.035137204e+02 +5.735437204e+02 +5.735437204e+02
1661 +4.909518358e+02 +4.909518358e+02 +5.609818358e+02 +5.609818358e+02
1710 +4.697188117e+02 +4.697188117e+02 +5.397488117e+02 +5.397488117e+02
1759 +4.619784602e+02 +4.619784602e+02 +5.320084602e+02 +5.320084602e+02
1804 +4.098060414e+02 +4.098060414e+02 +4.798360414e+02 +4.798360414e+02
1889 +3.950160003e+02 +3.950160003e+02 +4.650460003e+02 +4.650460003e+02
2452 +3.790814940e+02 +3.790814940e+02 +4.491114940e+02 +4.491114940e+02
2692 +3.696587370e+02 +3.696587370e+02 +4.396887370e+02 +4.396887370e+02
3760 +3.439059063e+02 +3.439059063e+02 +4.139359063e+02 +4.139359063e+02
5575 +3.315426823e+02 +3.315426823e+02 +4.015726823e+02 +4.015726823e+02
5896 +3.194370828e+02 +3.194370828e+02 +3.894670828e+02 +3.894670828e+02
5962 +2.646600643e+02 +2.646600643e+02 +3.346900643e+02 +3.346900643e+02
6160 +2.511840847e+02 +2.511840847e+02 +3.212140847e+02 +3.212140847e+02
6182 +2.376257903e+02 +2.376257903e+02 +3.076557903e+02 +3.076557903e+02
6248 +2.235615549e+02 +2.235615549e+02 +2.935915549e+02 +2.935915549e+02
6336 +2.038056728e+02 +2.038056728e+02 +2.738356728e+02 +2.738356728e+02
6578 +1.937040240e+02 +1.937040240e+02 +2.637340240e+02 +2.637340240e+02
6622 +1.825023042e+02 +1.825023042e+02 +2.525323042e+02 +2.525323042e+02
6666 +1.808640781e+02 +1.808640781e+02 +2.508940781e+02 +2.508940781e+02
6688 +1.700445165e+02 +1.700445165e+02 +2.400745165e+02 +2.400745165e+02
6754 +1.606719763e+02 +1.606719763e+02 +2.307019763e+02 +2.307019763e+02
6776 +1.572399811e+02 +1.572399811e+02 +2.272699811e+02 +2.272699811e+02
6820 +1.515833194e+02 +1.515833194e+02 +2.216133194e+02 +2.216133194e+02
6886 +1.447964933e+02 +1.447964933e+02 +2.148264933e+02 +2.148264933e+02
6908 +1.439727200e+02 +1.439727200e+02 +2.140027200e+02 +2.140027200e+02
6930 +1.393714422e+02 +1.393714422e+02 +2.094014422e+02 +2.094014422e+02
6952 +1.343521099e+02 +1.343521099e+02 +2.043821099e+02 +2.043821099e+02
6996 +1.271431152e+02 +1.271431152e+02 +1.971731152e+02 +1.971731152e+02
7062 +1.216372003e+02 +1.216372003e+02 +1.916672003e+02 +1.916672003e+02
7150 +1.198673665e+02 +1.198673665e+02 +1.898973665e+02 +1.898973665e+02
7216 +1.163729528e+02 +1.163729528e+02 +1.864029528e+02 +1.864029528e+02
7260 +1.148115331e+02 +1.148115331e+02 +1.848415331e+02 +1.848415331e+02
7326 +1.110727032e+02 +1.110727032e+02 +1.811027032e+02 +1.811027032e+02
7348 +1.086858448e+02 +1.086858448e+02 +1.787158448e+02 +1.787158448e+02
7370 +1.060737634e+02 +1.060737634e+02 +1.761037634e+02 +1.761037634e+02
7634 +1.037414302e+02 +1.037414302e+02 +1.737714302e+02 +1.737714302e+02
7656 +1.022144254e+02 +1.022144254e+02 +1.722444254e+02 +1.722444254e+02
7788 +9.938920250e+01 +9.938920250e+01 +1.694192025e+02 +1.694192025e+02
7920 +9.753852025e+01 +9.753852025e+01 +1.675685202e+02 +1.675685202e+02
8250 +9.495101500e+01 +9.495101500e+01 +1.649810150e+02 +1.649810150e+02
8448 +9.324860340e+01 +9.324860340e+01 +1.632786034e+02 +1.632786034e+02
9108 +9.109752329e+01 +9.109752329e+01 +1.611275233e+02 +1.611275233e+02
10472 +8.910148539e+01 +8.910148539e+01 +1.591314854e+02 +1.591314854e+02
56280 +8.594283284e+01 +8.594283284e+01 +1.559728328e+02 +1.559728328e+02
56346 +8.281339297e+01 +8.281339297e+01 +1.528433930e+02 +1.528433930e+02
56390 +8.041563281e+01 +8.041563281e+01 +1.504456328e+02 +1.504456328e+02
56412 +7.942257545e+01 +7.942257545e+01 +1.494525754e+02 +1.494525754e+02
56544 +7.246976791e+01 +7.246976791e+01 +1.424997679e+02 +1.424997679e+02
56566 +7.155906599e+01 +7.155906599e+01 +1.415890660e+02 +1.415890660e+02
56698 +6.970418046e+01 +6.970418046e+01 +1.397341805e+02 +1.397341805e+02
56786 +6.754260294e+01 +6.754260294e+01 +1.375726029e+02 +1.375726029e+02
56940 +6.596068322e+01 +6.596068322e+01 +1.359906832e+02 +1.359906832e+02
57006 +6.434229581e+01 +6.434229581e+01 +1.343722958e+02 +1.343722958e+02
57138 +6.305808606e+01 +6.305808606e+01 +1.330880861e+02 +1.330880861e+02
57226 +6.154574335e+01 +6.154574335e+01 +1.315757433e+02 +1.315757433e+02
57534 +5.980957225e+01 +5.980957225e+01 +1.298395722e+02 +1.298395722e+02
57666 +5.878678566e+01 +5.878678566e+01 +1.288167857e+02 +1.288167857e+02
58260 +5.753890408e+01 +5.753890408e+01 +1.275689041e+02 +1.275689041e+02
129788 +5.604300959e+01 +5.604300959e+01 +1.260730096e+02 +1.260730096e+02
129951 +5.479580743e+01 +5.479580743e+01 +1.248258074e+02 +1.248258074e+02
130250 +5.345270066e+01 +5.345270066e+01 +1.234827007e+02 +1.234827007e+02
130382 +5.241016972e+01 +5.241016972e+01 +1.224401697e+02 +1.224401697e+02
130800 +5.114490117e+01 +5.114490117e+01 +1.211749012e+02 +1.211749012e+02
132164 +5.011569157e+01 +5.011569157e+01 +1.201456916e+02 +1.201456916e+02
170712 +4.893347883e+01 +4.893347883e+01 +1.189634788e+02 +1.189634788e+02
170976 +4.765314089e+01 +4.765314089e+01 +1.176831409e+02 +1.176831409e+02
171416 +4.672281055e+01 +4.672281055e+01 +1.167528105e+02 +1.167528105e+02
172450 +4.566845214e+01 +4.566845214e+01 +1.156984521e+02 +1.156984521e+02
% function evaluation | noise-free fitness - Fopt (-4.822000000000e+01) | best noise-free fitness - Fopt | measured fitness | best measured fitness | x1 | x2...
1 +1.224588598e+03 +1.224588598e+03 +1.176368598e+03 +1.176368598e+03
864 +1.199985447e+03 +1.199985447e+03 +1.151765447e+03 +1.151765447e+03
871 +1.174130764e+03 +1.174130764e+03 +1.125910764e+03 +1.125910764e+03
988 +1.084037138e+03 +1.084037138e+03 +1.035817138e+03 +1.035817138e+03
1031 +1.049706245e+03 +1.049706245e+03 +1.001486245e+03 +1.001486245e+03
1037 +1.032442619e+03 +1.032442619e+03 +9.842226195e+02 +9.842226195e+02
1040 +1.019472093e+03 +1.019472093e+03 +9.712520927e+02 +9.712520927e+02
1091 +9.734428239e+02 +9.734428239e+02 +9.252228239e+02 +9.252228239e+02
1120 +9.490804408e+02 +9.490804408e+02 +9.008604408e+02 +9.008604408e+02
1149 +9.030513436e+02 +9.030513436e+02 +8.548313436e+02 +8.548313436e+02
1168 +8.076169629e+02 +8.076169629e+02 +7.593969629e+02 +7.593969629e+02
1331 +7.910734110e+02 +7.910734110e+02 +7.428534110e+02 +7.428534110e+02
1338 +7.705842788e+02 +7.705842788e+02 +7.223642788e+02 +7.223642788e+02
1339 +7.549280560e+02 +7.549280560e+02 +7.067080560e+02 +7.067080560e+02
1385 +7.139594133e+02 +7.139594133e+02 +6.657394133e+02 +6.657394133e+02
1474 +6.994617804e+02 +6.994617804e+02 +6.512417804e+02 +6.512417804e+02
1488 +6.813284573e+02 +6.813284573e+02 +6.331084573e+02 +6.331084573e+02
1505 +6.559914557e+02 +6.559914557e+02 +6.077714557e+02 +6.077714557e+02
1565 +6.259722641e+02 +6.259722641e+02 +5.777522641e+02 +5.777522641e+02
1575 +5.560363894e+02 +5.560363894e+02 +5.078163894e+02 +5.078163894e+02
1708 +4.895281719e+02 +4.895281719e+02 +4.413081719e+02 +4.413081719e+02
1746 +4.650468303e+02 +4.650468303e+02 +4.168268303e+02 +4.168268303e+02
2002 +4.561240812e+02 +4.561240812e+02 +4.079040812e+02 +4.079040812e+02
2030 +4.103297723e+02 +4.103297723e+02 +3.621097723e+02 +3.621097723e+02
2059 +3.938040555e+02 +3.938040555e+02 +3.455840555e+02 +3.455840555e+02
3072 +3.873399677e+02 +3.873399677e+02 +3.391199677e+02 +3.391199677e+02
3573 +3.766162591e+02 +3.766162591e+02 +3.283962591e+02 +3.283962591e+02
3670 +3.349044219e+02 +3.349044219e+02 +2.866844219e+02 +2.866844219e+02
3831 +3.211350822e+02 +3.211350822e+02 +2.729150822e+02 +2.729150822e+02
8536 +3.161156396e+02 +3.161156396e+02 +2.678956396e+02 +2.678956396e+02
9138 +2.895049292e+02 +2.895049292e+02 +2.412849292e+02 +2.412849292e+02
9570 +2.844549375e+02 +2.844549375e+02 +2.362349375e+02 +2.362349375e+02
9658 +2.817678039e+02 +2.817678039e+02 +2.335478039e+02 +2.335478039e+02
9922 +2.626206829e+02 +2.626206829e+02 +2.144006829e+02 +2.144006829e+02
10010 +2.293255118e+02 +2.293255118e+02 +1.811055118e+02 +1.811055118e+02
10032 +2.098220660e+02 +2.098220660e+02 +1.616020660e+02 +1.616020660e+02
10039 +2.088138078e+02 +2.088138078e+02 +1.605938078e+02 +1.605938078e+02
10054 +1.921312651e+02 +1.921312651e+02 +1.439112651e+02 +1.439112651e+02
10076 +1.744568829e+02 +1.744568829e+02 +1.262368829e+02 +1.262368829e+02
10274 +1.728492168e+02 +1.728492168e+02 +1.246292168e+02 +1.246292168e+02
10296 +1.649393590e+02 +1.649393590e+02 +1.167193590e+02 +1.167193590e+02
10384 +1.615500018e+02 +1.615500018e+02 +1.133300018e+02 +1.133300018e+02
10387 +1.568224994e+02 +1.568224994e+02 +1.086024994e+02 +1.086024994e+02
10406 +1.531066301e+02 +1.531066301e+02 +1.048866301e+02 +1.048866301e+02
10428 +1.488088203e+02 +1.488088203e+02 +1.005888203e+02 +1.005888203e+02
10450 +1.422268784e+02 +1.422268784e+02 +9.400687838e+01 +9.400687838e+01
10538 +1.395654408e+02 +1.395654408e+02 +9.134544079e+01 +9.134544079e+01
10582 +1.346446520e+02 +1.346446520e+02 +8.642465197e+01 +8.642465197e+01
10692 +1.315786618e+02 +1.315786618e+02 +8.335866177e+01 +8.335866177e+01
10758 +1.276670948e+02 +1.276670948e+02 +7.944709484e+01 +7.944709484e+01
10780 +1.249932535e+02 +1.249932535e+02 +7.677325347e+01 +7.677325347e+01
10824 +1.198382711e+02 +1.198382711e+02 +7.161827113e+01 +7.161827113e+01
10846 +1.166702280e+02 +1.166702280e+02 +6.845022795e+01 +6.845022795e+01
10956 +1.142109807e+02 +1.142109807e+02 +6.599098072e+01 +6.599098072e+01
10978 +1.118957702e+02 +1.118957702e+02 +6.367577023e+01 +6.367577023e+01
11088 +1.095536836e+02 +1.095536836e+02 +6.133368358e+01 +6.133368358e+01
11198 +1.052069970e+02 +1.052069970e+02 +5.698699698e+01 +5.698699698e+01
11220 +1.040333272e+02 +1.040333272e+02 +5.581332716e+01 +5.581332716e+01
11308 +1.015860816e+02 +1.015860816e+02 +5.336608158e+01 +5.336608158e+01
11396 +9.871069452e+01 +9.871069452e+01 +5.049069452e+01 +5.049069452e+01
11462 +9.735299740e+01 +9.735299740e+01 +4.913299740e+01 +4.913299740e+01
11528 +9.422273617e+01 +9.422273617e+01 +4.600273617e+01 +4.600273617e+01
11572 +9.166858727e+01 +9.166858727e+01 +4.344858727e+01 +4.344858727e+01
11594 +9.026630832e+01 +9.026630832e+01 +4.204630832e+01 +4.204630832e+01
11748 +8.868890212e+01 +8.868890212e+01 +4.046890212e+01 +4.046890212e+01
11924 +8.684475230e+01 +8.684475230e+01 +3.862475230e+01 +3.862475230e+01
12034 +8.406447194e+01 +8.406447194e+01 +3.584447194e+01 +3.584447194e+01
12100 +8.297815613e+01 +8.297815613e+01 +3.475815613e+01 +3.475815613e+01
12254 +8.096140827e+01 +8.096140827e+01 +3.274140827e+01 +3.274140827e+01
12474 +7.942562789e+01 +7.942562789e+01 +3.120562789e+01 +3.120562789e+01
12870 +7.737280522e+01 +7.737280522e+01 +2.915280522e+01 +2.915280522e+01
14388 +7.584160014e+01 +7.584160014e+01 +2.762160014e+01 +2.762160014e+01
45852 +7.312069054e+01 +7.312069054e+01 +2.490069054e+01 +2.490069054e+01
45874 +7.152504395e+01 +7.152504395e+01 +2.330504395e+01 +2.330504395e+01
46072 +7.073517016e+01 +7.073517016e+01 +2.251517016e+01 +2.251517016e+01
46314 +6.901218714e+01 +6.901218714e+01 +2.079218714e+01 +2.079218714e+01
46622 +6.757347418e+01 +6.757347418e+01 +1.935347418e+01 +1.935347418e+01
47942 +6.606386937e+01 +6.606386937e+01 +1.784386937e+01 +1.784386937e+01
136918 +6.455838028e+01 +6.455838028e+01 +1.633838028e+01 +1.633838028e+01
137284 +6.303927655e+01 +6.303927655e+01 +1.481927655e+01 +1.481927655e+01
137732 +6.161413697e+01 +6.161413697e+01 +1.339413697e+01 +1.339413697e+01
% function evaluation | noise-free fitness - Fopt (2.547000000000e+01) | best noise-free fitness - Fopt | measured fitness | best measured fitness | x1 | x2...
1 +1.654844505e+03 +1.654844505e+03 +1.680314505e+03 +1.680314505e+03
583 +1.594351903e+03 +1.594351903e+03 +1.619821903e+03 +1.619821903e+03
594 +1.560931512e+03 +1.560931512e+03 +1.586401512e+03 +1.586401512e+03
621 +1.531066259e+03 +1.531066259e+03 +1.556536259e+03 +1.556536259e+03
624 +1.463164951e+03 +1.463164951e+03 +1.488634951e+03 +1.488634951e+03
631 +1.436677426e+03 +1.436677426e+03 +1.462147426e+03 +1.462147426e+03
643 +1.346821908e+03 +1.346821908e+03 +1.372291908e+03 +1.372291908e+03
657 +1.312069920e+03 +1.312069920e+03 +1.337539920e+03 +1.337539920e+03
686 +1.257938815e+03 +1.257938815e+03 +1.283408815e+03 +1.283408815e+03
716 +1.201004216e+03 +1.201004216e+03 +1.226474216e+03 +1.226474216e+03
726 +1.127049372e+03 +1.127049372e+03 +1.152519372e+03 +1.152519372e+03
728 +1.119510364e+03 +1.119510364e+03 +1.144980364e+03 +1.144980364e+03
748 +1.078185115e+03 +1.078185115e+03 +1.103655115e+03 +1.103655115e+03
768 +1.020625911e+03 +1.020625911e+03 +1.046095911e+03 +1.046095911e+03
786 +9.702590203e+02 +9.702590203e+02 +9.957290203e+02 +9.957290203e+02
795 +8.599768407e+02 +8.599768407e+02 +8.854468407e+02 +8.854468407e+02
832 +8.409664374e+02 +8.409664374e+02 +8.664364374e+02 +8.664364374e+02
866 +8.172418474e+02 +8.172418474e+02 +8.427118474e+02 +8.427118474e+02
880 +8.098378914e+02 +8.098378914e+02 +8.353078914e+02 +8.353078914e+02
883 +7.791715515e+02 +7.791715515e+02 +8.046415515e+02 +8.046415515e+02
896 +7.447827573e+02 +7.447827573e+02 +7.702527573e+02 +7.702527573e+02
924 +7.229044296e+02 +7.229044296e+02 +7.483744296e+02 +7.483744296e+02
962 +6.964414280e+02 +6.964414280e+02 +7.219114280e+02 +7.219114280e+02
970 +6.732471497e+02 +6.732471497e+02 +6.987171497e+02 +6.987171497e+02
990 +6.448243568e+02 +6.448243568e+02 +6.702943568e+02 +6.702943568e+02
1056 +6.010916036e+02 +6.010916036e+02 +6.265616036e+02 +6.265616036e+02
1078 +5.185730180e+02 +5.185730180e+02 +5.440430180e+02 +5.440430180e+02
1166 +5.097633915e+02 +5.097633915e+02 +5.352333915e+02 +5.352333915e+02
1188 +4.977475149e+02 +4.977475149e+02 +5.232175149e+02 +5.232175149e+02
1232 +4.557945860e+02 +4.557945860e+02 +4.812645860e+02 +4.812645860e+02
1688 +4.142460210e+02 +4.142460210e+02 +4.397160210e+02 +4.397160210e+02
1760 +4.015669938e+02 +4.015669938e+02 +4.270369938e+02 +4.270369938e+02
1892 +3.925373650e+02 +3.925373650e+02 +4.180073650e+02 +4.180073650e+02
1958 +3.681054648e+02 +3.681054648e+02 +3.935754648e+02 +3.935754648e+02
2234 +3.367305914e+02 +3.367305914e+02 +3.622005914e+02 +3.622005914e+02
3256 +3.150553699e+02 +3.150553699e+02 +3.405253699e+02 +3.405253699e+02
3410 +2.923078008e+02 +2.923078008e+02 +3.177778008e+02 +3.177778008e+02
3828 +2.852470470e+02 +2.852470470e+02 +3.107170470e+02 +3.107170470e+02
3850 +2.767175973e+02 +2.767175973e+02 +3.021875973e+02 +3.021875973e+02
3872 +2.446909739e+02 +2.446909739e+02 +2.701609739e+02 +2.701609739e+02
3894 +2.331256923e+02 +2.331256923e+02 +2.585956923e+02 +2.585956923e+02
4004 +2.157013638e+02 +2.157013638e+02 +2.411713638e+02 +2.411713638e+02
4026 +2.105394308e+02 +2.105394308e+02 +2.360094308e+02 +2.360094308e+02
4048 +2.043860836e+02 +2.043860836e+02 +2.298560836e+02 +2.298560836e+02
4070 +2.016454857e+02 +2.016454857e+02 +2.271154857e+02 +2.271154857e+02
4092 +1.800966532e+02 +1.800966532e+02 +2.055666532e+02 +2.055666532e+02
4114 +1.635957791e+02 +1.635957791e+02 +1.890657791e+02 +1.890657791e+02
4136 +1.309994195e+02 +1.309994195e+02 +1.564694195e+02 +1.564694195e+02
4268 +1.250740426e+02 +1.250740426e+02 +1.505440426e+02 +1.505440426e+02
4488 +1.167560433e+02 +1.167560433e+02 +1.422260433e+02 +1.422260433e+02
4510 +1.109562378e+02 +1.109562378e+02 +1.364262378e+02 +1.364262378e+02
4620 +1.072595991e+02 +1.072595991e+02 +1.327295991e+02 +1.327295991e+02
4664 +1.021470028e+02 +1.021470028e+02 +1.276170028e+02 +1.276170028e+02
4730 +9.639700305e+01 +9.639700305e+01 +1.218670031e+02 +1.218670031e+02
4752 +9.229840476e+01 +9.229840476e+01 +1.177684048e+02 +1.177684048e+02
4774 +9.095918697e+01 +9.095918697e+01 +1.164291870e+02 +1.164291870e+02
4906 +8.827707819e+01 +8.827707819e+01 +1.137470782e+02 +1.137470782e+02
4950 +8.398998974e+01 +8.398998974e+01 +1.094599897e+02 +1.094599897e+02
4994 +8.170036565e+01 +8.170036565e+01 +1.071703656e+02 +1.071703656e+02
5016 +7.821924473e+01 +7.821924473e+01 +1.036892447e+02 +1.036892447e+02
5060 +7.384491311e+01 +7.384491311e+01 +9.931491311e+01 +9.931491311e+01
5082 +7.178475865e+01 +7.178475865e+01 +9.725475865e+01 +9.725475865e+01
5280 +6.971946607e+01 +6.971946607e+01 +9.518946607e+01 +9.518946607e+01
5302 +6.917951571e+01 +6.917951571e+01 +9.464951571e+01 +9.464951571e+01
5368 +6.637243817e+01 +6.637243817e+01 +9.184243817e+01 +9.184243817e+01
5390 +6.566714879e+01 +6.566714879e+01 +9.113714879e+01 +9.113714879e+01
5610 +6.374025114e+01 +6.374025114e+01 +8.921025114e+01 +8.921025114e+01
5654 +6.298579413e+01 +6.298579413e+01 +8.845579413e+01 +8.845579413e+01
5698 +6.072250354e+01 +6.072250354e+01 +8.619250354e+01 +8.619250354e+01
5830 +5.986219168e+01 +5.986219168e+01 +8.533219168e+01 +8.533219168e+01
6028 +5.839291171e+01 +5.839291171e+01 +8.386291171e+01 +8.386291171e+01
6160 +5.753490572e+01 +5.753490572e+01 +8.300490572e+01 +8.300490572e+01
6292 +5.617053315e+01 +5.617053315e+01 +8.164053315e+01 +8.164053315e+01
6490 +5.483209907e+01 +5.483209907e+01 +8.030209907e+01 +8.030209907e+01
6732 +5.360409148e+01 +5.360409148e+01 +7.907409148e+01 +7.907409148e+01
7260 +5.247305353e+01 +5.247305353e+01 +7.794305353e+01 +7.794305353e+01
73068 +5.124811528e+01 +5.124811528e+01 +7.671811528e+01 +7.671811528e+01
73134 +5.000530055e+01 +5.000530055e+01 +7.547530055e+01 +7.547530055e+01
73178 +4.872313768e+01 +4.872313768e+01 +7.419313768e+01 +7.419313768e+01
73310 +4.772906331e+01 +4.772906331e+01 +7.319906331e+01 +7.319906331e+01
73486 +4.661543598e+01 +4.661543598e+01 +7.208543598e+01 +7.208543598e+01
73552 +4.564892320e+01 +4.564892320e+01 +7.111892320e+01 +7.111892320e+01
73618 +4.465170884e+01 +4.465170884e+01 +7.012170884e+01 +7.012170884e+01
73882 +4.365103109e+01 +4.365103109e+01 +6.912103109e+01 +6.912103109e+01
74256 +4.255777987e+01 +4.255777987e+01 +6.802777987e+01 +6.802777987e+01
74454 +4.148851325e+01 +4.148851325e+01 +6.695851325e+01 +6.695851325e+01
74872 +4.067680495e+01 +4.067680495e+01 +6.614680495e+01 +6.614680495e+01
76808 +3.981028061e+01 +3.981028061e+01 +6.528028061e+01 +6.528028061e+01
% function evaluation | noise-free fitness - Fopt (-1.008100000000e+02) | best noise-free fitness - Fopt | measured fitness | best measured fitness | x1 | x2...
1 +1.231981217e+03 +1.231981217e+03 +1.131171217e+03 +1.131171217e+03
754 +1.225969375e+03 +1.225969375e+03 +1.125159375e+03 +1.125159375e+03
761 +1.037798861e+03 +1.037798861e+03 +9.369888608e+02 +9.369888608e+02
798 +1.000889040e+03 +1.000889040e+03 +9.000790400e+02 +9.000790400e+02
814 +9.919373162e+02 +9.919373162e+02 +8.911273162e+02 +8.911273162e+02
819 +9.581551270e+02 +9.581551270e+02 +8.573451270e+02 +8.573451270e+02
825 +9.542115532e+02 +9.542115532e+02 +8.534015532e+02 +8.534015532e+02
836 +9.240406341e+02 +9.240406341e+02 +8.232306341e+02 +8.232306341e+02
844 +8.766778082e+02 +8.766778082e+02 +7.758678082e+02 +7.758678082e+02
877 +8.146911078e+02 +8.146911078e+02 +7.138811078e+02 +7.138811078e+02
885 +8.066300342e+02 +8.066300342e+02 +7.058200342e+02 +7.058200342e+02
894 +7.322934927e+02 +7.322934927e+02 +6.314834927e+02 +6.314834927e+02
953 +7.131823852e+02 +7.131823852e+02 +6.123723852e+02 +6.123723852e+02
975 +6.466302018e+02 +6.466302018e+02 +5.458202018e+02 +5.458202018e+02
1011 +6.369065413e+02 +6.369065413e+02 +5.360965413e+02 +5.360965413e+02
1021 +5.874534171e+02 +5.874534171e+02 +4.866434171e+02 +4.866434171e+02
1051 +5.465506190e+02 +5.465506190e+02 +4.457406190e+02 +4.457406190e+02
1166 +5.283609914e+02 +5.283609914e+02 +4.275509914e+02 +4.275509914e+02
1188 +5.083264277e+02 +5.083264277e+02 +4.075164277e+02 +4.075164277e+02
1210 +4.700929629e+02 +4.700929629e+02 +3.692829629e+02 +3.692829629e+02
1254 +4.627360106e+02 +4.627360106e+02 +3.619260106e+02 +3.619260106e+02
1298 +4.213071959e+02 +4.213071959e+02 +3.204971959e+02 +3.204971959e+02
1994 +4.167088094e+02 +4.167088094e+02 +3.158988094e+02 +3.158988094e+02
2128 +3.646088484e+02 +3.646088484e+02 +2.637988484e+02 +2.637988484e+02
2134 +3.510775589e+02 +3.510775589e+02 +2.502675589e+02 +2.502675589e+02
4102 +3.426402188e+02 +3.426402188e+02 +2.418302188e+02 +2.418302188e+02
6136 +3.098906215e+02 +3.098906215e+02 +2.090806215e+02 +2.090806215e+02
8177 +3.034703434e+02 +3.034703434e+02 +2.026603434e+02 +2.026603434e+02
8184 +3.018066247e+02 +3.018066247e+02 +2.009966247e+02 +2.009966247e+02
8489 +2.553862005e+02 +2.553862005e+02 +1.545762005e+02 +1.545762005e+02
8492 +2.452312671e+02 +2.452312671e+02 +1.444212671e+02 +1.444212671e+02
8844 +2.013179596e+02 +2.013179596e+02 +1.005079596e+02 +1.005079596e+02
8866 +1.888427300e+02 +1.888427300e+02 +8.803273001e+01 +8.803273001e+01
9152 +1.653855181e+02 +1.653855181e+02 +6.457551808e+01 +6.457551808e+01
9196 +1.550588622e+02 +1.550588622e+02 +5.424886219e+01 +5.424886219e+01
9284 +1.453998193e+02 +1.453998193e+02 +4.458981931e+01 +4.458981931e+01
9328 +1.266997480e+02 +1.266997480e+02 +2.588974799e+01 +2.588974799e+01
9358 +1.107147159e+02 +1.107147159e+02 +9.904715921e+00 +9.904715921e+00
9372 +1.076498305e+02 +1.076498305e+02 +6.839830527e+00 +6.839830527e+00
9394 +1.027863683e+02 +1.027863683e+02 +1.976368316e+00 +1.976368316e+00
9416 +1.017290780e+02 +1.017290780e+02 +9.190779541e-01 +9.190779541e-01
9526 +9.591723221e+01 +9.591723221e+01 -4.892767793e+00 -4.892767793e+00
9548 +9.298418224e+01 +9.298418224e+01 -7.825817756e+00 -7.825817756e+00
9592 +8.698129794e+01 +8.698129794e+01 -1.382870206e+01 -1.382870206e+01
9614 +8.371590024e+01 +8.371590024e+01 -1.709409976e+01 -1.709409976e+01
9790 +7.991844914e+01 +7.991844914e+01 -2.089155086e+01 -2.089155086e+01
9834 +7.926373696e+01 +7.926373696e+01 -2.154626304e+01 -2.154626304e+01
9900 +7.498558707e+01 +7.498558707e+01 -2.582441293e+01 -2.582441293e+01
9966 +7.254171184e+01 +7.254171184e+01 -2.826828816e+01 -2.826828816e+01
9988 +6.855116452e+01 +6.855116452e+01 -3.225883548e+01 -3.225883548e+01
10010 +6.675027952e+01 +6.675027952e+01 -3.405972048e+01 -3.405972048e+01
10076 +6.588867190e+01 +6.588867190e+01 -3.492132810e+01 -3.492132810e+01
10120 +6.280011677e+01 +6.280011677e+01 -3.800988323e+01 -3.800988323e+01
10142 +6.117265931e+01 +6.117265931e+01 -3.963734069e+01 -3.963734069e+01
10208 +5.872167999e+01 +5.872167999e+01 -4.208832001e+01 -4.208832001e+01
10318 +5.657190148e+01 +5.657190148e+01 -4.423809852e+01 -4.423809852e+01
10340 +5.580993328e+01 +5.580993328e+01 -4.500006672e+01 -4.500006672e+01
10538 +5.393964181e+01 +5.393964181e+01 -4.687035819e+01 -4.687035819e+01
10582 +5.318794453e+01 +5.318794453e+01 -4.762205547e+01 -4.762205547e+01
10670 +5.205529632e+01 +5.205529632e+01 -4.875470368e+01 -4.875470368e+01
10736 +5.045011679e+01 +5.045011679e+01 -5.035988321e+01 -5.035988321e+01
10758 +4.995832877e+01 +4.995832877e+01 -5.085167123e+01 -5.085167123e+01
10912 +4.865889610e+01 +4.865889610e+01 -5.215110390e+01 -5.215110390e+01
11022 +4.785340447e+01 +4.785340447e+01 -5.295659553e+01 -5.295659553e+01
11154 +4.666550718e+01 +4.666550718e+01 -5.414449282e+01 -5.414449282e+01
11572 +4.570403748e+01 +4.570403748e+01 -5.510596252e+01 -5.510596252e+01
% function evaluation | noise-free fitness - Fopt (-3.496000000000e+01) | best noise-free fitness - Fopt | measured fitness | best measured fitness | x1 | x2...
1 +1.366444230e+03 +1.366444230e+03 +1.331484230e+03 +1.331484230e+03
13668 +1.338718661e+03 +1.338718661e+03 +1.303758661e+03 +1.303758661e+03
13697 +1.294362417e+03 +1.294362417e+03 +1.259402417e+03 +1.259402417e+03
13714 +1.277402886e+03 +1.277402886e+03 +1.242442886e+03 +1.242442886e+03
13733 +1.225504903e+03 +1.225504903e+03 +1.190544903e+03 +1.190544903e+03
13752 +1.195906798e+03 +1.195906798e+03 +1.160946798e+03 +1.160946798e+03
13755 +1.016258718e+03 +1.016258718e+03 +9.812987177e+02 +9.812987177e+02
13789 +9.661906126e+02 +9.661906126e+02 +9.312306126e+02 +9.312306126e+02
13796 +9.163342828e+02 +9.163342828e+02 +8.813742828e+02 +8.813742828e+02
13890 +8.977476347e+02 +8.977476347e+02 +8.627876347e+02 +8.627876347e+02
13894 +8.873987960e+02 +8.873987960e+02 +8.524387960e+02 +8.524387960e+02
13928 +8.694480445e+02 +8.694480445e+02 +8.344880445e+02 +8.344880445e+02
13930 +8.449812897e+02 +8.449812897e+02 +8.100212897e+02 +8.100212897e+02
13933 +8.110539795e+02 +8.110539795e+02 +7.760939795e+02 +7.760939795e+02
13952 +7.820696893e+02 +7.820696893e+02 +7.471096893e+02 +7.471096893e+02
13972 +7.700642188e+02 +7.700642188e+02 +7.351042188e+02 +7.351042188e+02
13994 +7.364595316e+02 +7.364595316e+02 +7.014995316e+02 +7.014995316e+02
14016 +6.750338712e+02 +6.750338712e+02 +6.400738712e+02 +6.400738712e+02
14041 +6.246090769e+02 +6.246090769e+02 +5.896490769e+02 +5.896490769e+02
14138 +6.096806229e+02 +6.096806229e+02 +5.747206229e+02 +5.747206229e+02
14157 +5.229602776e+02 +5.229602776e+02 +4.880002776e+02 +4.880002776e+02
14385 +5.090679306e+02 +5.090679306e+02 +4.741079306e+02 +4.741079306e+02
14505 +4.946354336e+02 +4.946354336e+02 +4.596754336e+02 +4.596754336e+02
14514 +4.766522866e+02 +4.766522866e+02 +4.416922866e+02 +4.416922866e+02
14544 +4.522677849e+02 +4.522677849e+02 +4.173077849e+02 +4.173077849e+02
14683 +4.175151048e+02 +4.175151048e+02 +3.825551048e+02 +3.825551048e+02
14965 +3.805835984e+02 +3.805835984e+02 +3.456235984e+02 +3.456235984e+02
15430 +3.700622660e+02 +3.700622660e+02 +3.351022660e+02 +3.351022660e+02
15445 +3.337793411e+02 +3.337793411e+02 +2.988193411e+02 +2.988193411e+02
15995 +2.932836018e+02 +2.932836018e+02 +2.583236018e+02 +2.583236018e+02
19582 +2.858391800e+02 +2.858391800e+02 +2.508791800e+02 +2.508791800e+02
19604 +2.506548743e+02 +2.506548743e+02 +2.156948743e+02 +2.156948743e+02
19934 +2.280627869e+02 +2.280627869e+02 +1.931027869e+02 +1.931027869e+02
19956 +2.189444351e+02 +2.189444351e+02 +1.839844351e+02 +1.839844351e+02
20066 +2.118508396e+02 +2.118508396e+02 +1.768908396e+02 +1.768908396e+02
20088 +1.961884546e+02 +1.961884546e+02 +1.612284546e+02 +1.612284546e+02
20110 +1.814462117e+02 +1.814462117e+02 +1.464862117e+02 +1.464862117e+02
20132 +1.712593272e+02 +1.712593272e+02 +1.362993272e+02 +1.362993272e+02
20154 +1.521140784e+02 +1.521140784e+02 +1.171540784e+02 +1.171540784e+02
20198 +1.500969324e+02 +1.500969324e+02 +1.151369324e+02 +1.151369324e+02
20264 +1.412244747e+02 +1.412244747e+02 +1.062644747e+02 +1.062644747e+02
20330 +1.324021364e+02 +1.324021364e+02 +9.744213636e+01 +9.744213636e+01
20352 +1.292566611e+02 +1.292566611e+02 +9.429666113e+01 +9.429666113e+01
20396 +1.249438370e+02 +1.249438370e+02 +8.998383699e+01 +8.998383699e+01
20418 +1.111067358e+02 +1.111067358e+02 +7.614673584e+01 +7.614673584e+01
20528 +1.069236416e+02 +1.069236416e+02 +7.196364159e+01 +7.196364159e+01
20594 +9.636865586e+01 +9.636865586e+01 +6.140865586e+01 +6.140865586e+01
20616 +9.411322944e+01 +9.411322944e+01 +5.915322944e+01 +5.915322944e+01
20638 +8.502199042e+01 +8.502199042e+01 +5.006199042e+01 +5.006199042e+01
20660 +8.185619165e+01 +8.185619165e+01 +4.689619165e+01 +4.689619165e+01
20682 +7.988113012e+01 +7.988113012e+01 +4.492113012e+01 +4.492113012e+01
20770 +7.926712882e+01 +7.926712882e+01 +4.430712882e+01 +4.430712882e+01
20814 +7.495268791e+01 +7.495268791e+01 +3.999268791e+01 +3.999268791e+01
20836 +7.317471704e+01 +7.317471704e+01 +3.821471704e+01 +3.821471704e+01
20880 +7.185914543e+01 +7.185914543e+01 +3.689914543e+01 +3.689914543e+01
20946 +6.612384075e+01 +6.612384075e+01 +3.116384075e+01 +3.116384075e+01
21034 +6.445649050e+01 +6.445649050e+01 +2.949649050e+01 +2.949649050e+01
21144 +6.301366934e+01 +6.301366934e+01 +2.805366934e+01 +2.805366934e+01
21254 +6.127154790e+01 +6.127154790e+01 +2.631154790e+01 +2.631154790e+01
21276 +6.013443168e+01 +6.013443168e+01 +2.517443168e+01 +2.517443168e+01
21342 +5.879071736e+01 +5.879071736e+01 +2.383071736e+01 +2.383071736e+01
21518 +5.732827799e+01 +5.732827799e+01 +2.236827799e+01 +2.236827799e+01
21716 +5.622897234e+01 +5.622897234e+01 +2.126897234e+01 +2.126897234e+01
21804 +5.483121388e+01 +5.483121388e+01 +1.987121388e+01 +1.987121388e+01
21936 +5.369751312e+01 +5.369751312e+01 +1.873751312e+01 +1.873751312e+01
22266 +5.246742213e+01 +5.246742213e+01 +1.750742213e+01 +1.750742213e+01
22574 +5.123917279e+01 +5.123917279e+01 +1.627917279e+01 +1.627917279e+01
23762 +5.010825450e+01 +5.010825450e+01 +1.514825450e+01 +1.514825450e+01
% function evaluation | noise-free fitness - Fopt (-2.727900000000e+02) | best noise-free fitness - Fopt | measured fitness | best measured fitness | x1 | x2...
1 +1.319161194e+03 +1.319161194e+03 +1.046371194e+03 +1.046371194e+03
846 +1.272154776e+03 +1.272154776e+03 +9.993647755e+02 +9.993647755e+02
852 +1.240667876e+03 +1.240667876e+03 +9.678778762e+02 +9.678778762e+02
876 +1.225498479e+03 +1.225498479e+03 +9.527084787e+02 +9.527084787e+02
893 +1.182776201e+03 +1.182776201e+03 +9.099862014e+02 +9.099862014e+02
905 +1.121625543e+03 +1.121625543e+03 +8.488355432e+02 +8.488355432e+02
949 +1.042860262e+03 +1.042860262e+03 +7.700702625e+02 +7.700702625e+02
997 +9.682794396e+02 +9.682794396e+02 +6.954894396e+02 +6.954894396e+02
1032 +9.345275071e+02 +9.345275071e+02 +6.617375071e+02 +6.617375071e+02
1066 +8.362023433e+02 +8.362023433e+02 +5.634123433e+02 +5.634123433e+02
1109 +7.765549962e+02 +7.765549962e+02 +5.037649962e+02 +5.037649962e+02
1125 +7.151039405e+02 +7.151039405e+02 +4.423139405e+02 +4.423139405e+02
1220 +6.854531068e+02 +6.854531068e+02 +4.126631068e+02 +4.126631068e+02
1284 +6.577439527e+02 +6.577439527e+02 +3.849539527e+02 +3.849539527e+02
1318 +6.293289003e+02 +6.293289003e+02 +3.565389003e+02 +3.565389003e+02
1386 +5.595858116e+02 +5.595858116e+02 +2.867958116e+02 +2.867958116e+02
1414 +5.268434311e+02 +5.268434311e+02 +2.540534311e+02 +2.540534311e+02
1524 +5.187230688e+02 +5.187230688e+02 +2.459330688e+02 +2.459330688e+02
1540 +4.778625352e+02 +4.778625352e+02 +2.050725352e+02 +2.050725352e+02
1572 +4.576581362e+02 +4.576581362e+02 +1.848681362e+02 +1.848681362e+02
2080 +4.252857503e+02 +4.252857503e+02 +1.524957503e+02 +1.524957503e+02
2331 +4.115823737e+02 +4.115823737e+02 +1.387923737e+02 +1.387923737e+02
2356 +3.865558561e+02 +3.865558561e+02 +1.137658561e+02 +1.137658561e+02
3036 +3.393181048e+02 +3.393181048e+02 +6.652810485e+01 +6.652810485e+01
5928 +3.377470346e+02 +3.377470346e+02 +6.495703462e+01 +6.495703462e+01
7504 +3.067679750e+02 +3.067679750e+02 +3.397797502e+01 +3.397797502e+01
9104 +3.016383788e+02 +3.016383788e+02 +2.884837875e+01 +2.884837875e+01
9199 +2.950826429e+02 +2.950826429e+02 +2.229264295e+01 +2.229264295e+01
9240 +2.878248019e+02 +2.878248019e+02 +1.503480192e+01 +1.503480192e+01
9262 +2.646361257e+02 +2.646361257e+02 -8.153874252e+00 -8.153874252e+00
9416 +2.537919968e+02 +2.537919968e+02 -1.899800321e+01 -1.899800321e+01
9438 +2.506475048e+02 +2.506475048e+02 -2.214249522e+01 -2.214249522e+01
9548 +2.171041757e+02 +2.171041757e+02 -5.568582432e+01 -5.568582432e+01
9592 +2.057296598e+02 +2.057296598e+02 -6.706034019e+01 -6.706034019e+01
9658 +1.835240566e+02 +1.835240566e+02 -8.926594335e+01 -8.926594335e+01
9680 +1.663410082e+02 +1.663410082e+02 -1.064489918e+02 -1.064489918e+02
9724 +1.592141796e+02 +1.592141796e+02 -1.135758204e+02 -1.135758204e+02
9878 +1.526669996e+02 +1.526669996e+02 -1.201230004e+02 -1.201230004e+02
9900 +1.457687249e+02 +1.457687249e+02 -1.270212751e+02 -1.270212751e+02
9944 +1.375377717e+02 +1.375377717e+02 -1.352522283e+02 -1.352522283e+02
9966 +1.280139307e+02 +1.280139307e+02 -1.447760693e+02 -1.447760693e+02
9988 +1.257744015e+02 +1.257744015e+02 -1.470155985e+02 -1.470155985e+02
10032 +1.224198518e+02 +1.224198518e+02 -1.503701482e+02 -1.503701482e+02
10142 +1.130506083e+02 +1.130506083e+02 -1.597393917e+02 -1.597393917e+02
10252 +1.104279090e+02 +1.104279090e+02 -1.623620910e+02 -1.623620910e+02
10274 +1.031255094e+02 +1.031255094e+02 -1.696644906e+02 -1.696644906e+02
10384 +1.007316066e+02 +1.007316066e+02 -1.720583934e+02 -1.720583934e+02
10406 +9.562387600e+01 +9.562387600e+01 -1.771661240e+02 -1.771661240e+02
10472 +9.300462744e+01 +9.300462744e+01 -1.797853726e+02 -1.797853726e+02
10560 +8.627867243e+01 +8.627867243e+01 -1.865113276e+02 -1.865113276e+02
10604 +8.474079380e+01 +8.474079380e+01 -1.880492062e+02 -1.880492062e+02
10648 +8.222128649e+01 +8.222128649e+01 -1.905687135e+02 -1.905687135e+02
10692 +8.094355931e+01 +8.094355931e+01 -1.918464407e+02 -1.918464407e+02
10802 +7.929803994e+01 +7.929803994e+01 -1.934919601e+02 -1.934919601e+02
11022 +7.758083803e+01 +7.758083803e+01 -1.952091620e+02 -1.952091620e+02
11088 +7.565856034e+01 +7.565856034e+01 -1.971314397e+02 -1.971314397e+02
11198 +7.386972044e+01 +7.386972044e+01 -1.989202796e+02 -1.989202796e+02
11594 +7.239129655e+01 +7.239129655e+01 -2.003987034e+02 -2.003987034e+02
12408 +7.077036645e+01 +7.077036645e+01 -2.020196335e+02 -2.020196335e+02
116454 +6.898639499e+01 +6.898639499e+01 -2.038036050e+02 -2.038036050e+02
116608 +6.732661621e+01 +6.732661621e+01 -2.054633838e+02 -2.054633838e+02
116674 +6.548339835e+01 +6.548339835e+01 -2.073066017e+02 -2.073066017e+02
116718 +6.403154876e+01 +6.403154876e+01 -2.087584512e+02 -2.087584512e+02
116740 +6.250151610e+01 +6.250151610e+01 -2.102884839e+02 -2.102884839e+02
116872 +6.158673115e+01 +6.158673115e+01 -2.112032689e+02 -2.112032689e+02
116938 +6.015946627e+01 +6.015946627e+01 -2.126305337e+02 -2.126305337e+02
116982 +5.883229527e+01 +5.883229527e+01 -2.139577047e+02 -2.139577047e+02
117114 +5.748555641e+01 +5.748555641e+01 -2.153044436e+02 -2.153044436e+02
117180 +5.471461726e+01 +5.471461726e+01 -2.180753827e+02 -2.180753827e+02
117224 +5.355474103e+01 +5.355474103e+01 -2.192352590e+02 -2.192352590e+02
117334 +5.191912840e+01 +5.191912840e+01 -2.208708716e+02 -2.208708716e+02
117356 +5.047416060e+01 +5.047416060e+01 -2.223158394e+02 -2.223158394e+02
117400 +4.972364630e+01 +4.972364630e+01 -2.230663537e+02 -2.230663537e+02
117422 +4.867444085e+01 +4.867444085e+01 -2.241155592e+02 -2.241155592e+02
117444 +4.739132414e+01 +4.739132414e+01 -2.253986759e+02 -2.253986759e+02
117488 +4.675724776e+01 +4.675724776e+01 -2.260327522e+02 -2.260327522e+02
117532 +4.551090992e+01 +4.551090992e+01 -2.272790901e+02 -2.272790901e+02
117620 +4.451154947e+01 +4.451154947e+01 -2.282784505e+02 -2.282784505e+02
117686 +4.361337344e+01 +4.361337344e+01 -2.291766266e+02 -2.291766266e+02
117796 +4.226469827e+01 +4.226469827e+01 -2.305253017e+02 -2.305253017e+02
117840 +4.145745000e+01 +4.145745000e+01 -2.313325500e+02 -2.313325500e+02
117906 +4.063133858e+01 +4.063133858e+01 -2.321586614e+02 -2.321586614e+02
118016 +3.976577851e+01 +3.976577851e+01 -2.330242215e+02 -2.330242215e+02
118324 +3.874893842e+01 +3.874893842e+01 -2.340410616e+02 -2.340410616e+02
118544 +3.797492639e+01 +3.797492639e+01 -2.348150736e+02 -2.348150736e+02
119534 +3.713212203e+01 +3.713212203e+01 -2.356578780e+02 -2.356578780e+02
% function evaluation | noise-free fitness - Fopt (1.410200000000e+02) | best noise-free fitness - Fopt | measured fitness | best measured fitness | x1 | x2...
1 +2.104332724e+03 +2.104332724e+03 +2.245352724e+03 +2.245352724e+03
710 +2.043674564e+03 +2.043674564e+03 +2.184694564e+03 +2.184694564e+03
717 +2.038821811e+03 +2.038821811e+03 +2.179841811e+03 +2.179841811e+03
721 +1.925018632e+03 +1.925018632e+03 +2.066038632e+03 +2.066038632e+03
728 +1.786185286e+03 +1.786185286e+03 +1.927205286e+03 +1.927205286e+03
734 +1.705612580e+03 +1.705612580e+03 +1.846632580e+03 +1.846632580e+03
762 +1.569488052e+03 +1.569488052e+03 +1.710508052e+03 +1.710508052e+03
789 +1.433234755e+03 +1.433234755e+03 +1.574254755e+03 +1.574254755e+03
811 +1.230276770e+03 +1.230276770e+03 +1.371296770e+03 +1.371296770e+03
836 +1.178722610e+03 +1.178722610e+03 +1.319742610e+03 +1.319742610e+03
847 +1.169135967e+03 +1.169135967e+03 +1.310155967e+03 +1.310155967e+03
858 +1.048318715e+03 +1.048318715e+03 +1.189338715e+03 +1.189338715e+03
880 +9.819737031e+02 +9.819737031e+02 +1.122993703e+03 +1.122993703e+03
889 +9.238433834e+02 +9.238433834e+02 +1.064863383e+03 +1.064863383e+03
902 +7.860115814e+02 +7.860115814e+02 +9.270315814e+02 +9.270315814e+02
924 +7.154821969e+02 +7.154821969e+02 +8.565021969e+02 +8.565021969e+02
946 +7.013361490e+02 +7.013361490e+02 +8.423561490e+02 +8.423561490e+02
1056 +6.778919201e+02 +6.778919201e+02 +8.189119201e+02 +8.189119201e+02
1069 +6.602486540e+02 +6.602486540e+02 +8.012686540e+02 +8.012686540e+02
1078 +6.390479419e+02 +6.390479419e+02 +7.800679419e+02 +7.800679419e+02
1144 +5.468484759e+02 +5.468484759e+02 +6.878684759e+02 +6.878684759e+02
1283 +5.030839191e+02 +5.030839191e+02 +6.441039191e+02 +6.441039191e+02
1320 +4.772820271e+02 +4.772820271e+02 +6.183020271e+02 +6.183020271e+02
1364 +4.587198953e+02 +4.587198953e+02 +5.997398953e+02 +5.997398953e+02
1628 +4.450709517e+02 +4.450709517e+02 +5.860909517e+02 +5.860909517e+02
1757 +4.290223815e+02 +4.290223815e+02 +5.700423815e+02 +5.700423815e+02
1826 +4.231512322e+02 +4.231512322e+02 +5.641712322e+02 +5.641712322e+02
1848 +3.965077191e+02 +3.965077191e+02 +5.375277191e+02 +5.375277191e+02
2347 +3.791800793e+02 +3.791800793e+02 +5.202000793e+02 +5.202000793e+02
3154 +3.591883778e+02 +3.591883778e+02 +5.002083778e+02 +5.002083778e+02
3498 +3.387804968e+02 +3.387804968e+02 +4.798004968e+02 +4.798004968e+02
4290 +2.726862908e+02 +2.726862908e+02 +4.137062908e+02 +4.137062908e+02
9966 +2.571277429e+02 +2.571277429e+02 +3.981477429e+02 +3.981477429e+02
10032 +2.373302499e+02 +2.373302499e+02 +3.783502499e+02 +3.783502499e+02
10098 +2.195913379e+02 +2.195913379e+02 +3.606113379e+02 +3.606113379e+02
10208 +2.153235185e+02 +2.153235185e+02 +3.563435185e+02 +3.563435185e+02
10230 +1.869510981e+02 +1.869510981e+02 +3.279710981e+02 +3.279710981e+02
10296 +1.798846858e+02 +1.798846858e+02 +3.209046858e+02 +3.209046858e+02
10318 +1.717691905e+02 +1.717691905e+02 +3.127891905e+02 +3.127891905e+02
10340 +1.598255085e+02 +1.598255085e+02 +3.008455085e+02 +3.008455085e+02
10362 +1.516088665e+02 +1.516088665e+02 +2.926288665e+02 +2.926288665e+02
10384 +1.430302399e+02 +1.430302399e+02 +2.840502399e+02 +2.840502399e+02
10538 +1.378184526e+02 +1.378184526e+02 +2.788384526e+02 +2.788384526e+02
10582 +1.302558861e+02 +1.302558861e+02 +2.712758861e+02 +2.712758861e+02
10626 +1.252063911e+02 +1.252063911e+02 +2.662263911e+02 +2.662263911e+02
10648 +1.187055344e+02 +1.187055344e+02 +2.597255344e+02 +2.597255344e+02
10670 +1.062322244e+02 +1.062322244e+02 +2.472522244e+02 +2.472522244e+02
10780 +1.014682189e+02 +1.014682189e+02 +2.424882189e+02 +2.424882189e+02
10802 +9.683885573e+01 +9.683885573e+01 +2.378588557e+02 +2.378588557e+02
10824 +9.446351169e+01 +9.446351169e+01 +2.354835117e+02 +2.354835117e+02
10846 +9.231091605e+01 +9.231091605e+01 +2.333309161e+02 +2.333309161e+02
10890 +8.895165648e+01 +8.895165648e+01 +2.299716565e+02 +2.299716565e+02
10934 +8.573737416e+01 +8.573737416e+01 +2.267573742e+02 +2.267573742e+02
11000 +8.437182511e+01 +8.437182511e+01 +2.253918251e+02 +2.253918251e+02
11022 +8.111604970e+01 +8.111604970e+01 +2.221360497e+02 +2.221360497e+02
11220 +7.906476965e+01 +7.906476965e+01 +2.200847696e+02 +2.200847696e+02
11308 +7.712411352e+01 +7.712411352e+01 +2.181441135e+02 +2.181441135e+02
11352 +7.542542531e+01 +7.542542531e+01 +2.164454253e+02 +2.164454253e+02
11396 +7.369825039e+01 +7.369825039e+01 +2.147182504e+02 +2.147182504e+02
11418 +7.236146070e+01 +7.236146070e+01 +2.133814607e+02 +2.133814607e+02
11506 +7.062134747e+01 +7.062134747e+01 +2.116413475e+02 +2.116413475e+02
11748 +6.917434148e+01 +6.917434148e+01 +2.101943415e+02 +2.101943415e+02
11836 +6.742200137e+01 +6.742200137e+01 +2.084420014e+02 +2.084420014e+02
12078 +6.585404554e+01 +6.585404554e+01 +2.068740455e+02 +2.068740455e+02
12342 +6.455503526e+01 +6.455503526e+01 +2.055750353e+02 +2.055750353e+02
12562 +6.284257690e+01 +6.284257690e+01 +2.038625769e+02 +2.038625769e+02
12826 +6.153236005e+01 +6.153236005e+01 +2.025523601e+02 +2.025523601e+02
13354 +6.025552585e+01 +6.025552585e+01 +2.012755259e+02 +2.012755259e+02
17468 +5.888367047e+01 +5.888367047e+01 +1.999036705e+02 +1.999036705e+02
111086 +5.604585548e+01 +5.604585548e+01 +1.970658555e+02 +1.970658555e+02
111218 +5.441327376e+01 +5.441327376e+01 +1.954332738e+02 +1.954332738e+02
111284 +5.279650483e+01 +5.279650483e+01 +1.938165048e+02 +1.938165048e+02
111372 +5.240795324e+01 +5.240795324e+01 +1.934279532e+02 +1.934279532e+02
111460 +5.118762253e+01 +5.118762253e+01 +1.922076225e+02 +1.922076225e+02
112120 +5.006590247e+01 +5.006590247e+01 +1.910859025e+02 +1.910859025e+02
113682 +4.897590316e+01 +4.897590316e+01 +1.899959032e+02 +1.899959032e+02
% function evaluation | noise-free fitness - Fopt (8.113000000000e+01) | best noise-free fitness - Fopt | measured fitness | best measured fitness | x1 | x2...
1 +1.336346931e+03 +1.336346931e+03 +1.417476931e+03 +1.417476931e+03
479 +1.290124486e+03 +1.290124486e+03 +1.371254486e+03 +1.371254486e+03
500 +1.271543164e+03 +1.271543164e+03 +1.352673164e+03 +1.352673164e+03
506 +1.234524347e+03 +1.234524347e+03 +1.315654347e+03 +1.315654347e+03
534 +1.179736241e+03 +1.179736241e+03 +1.260866241e+03 +1.260866241e+03
563 +1.170625795e+03 +1.170625795e+03 +1.251755795e+03 +1.251755795e+03
588 +1.096987861e+03 +1.096987861e+03 +1.178117861e+03 +1.178117861e+03
608 +1.069425925e+03 +1.069425925e+03 +1.150555925e+03 +1.150555925e+03
640 +1.024783931e+03 +1.024783931e+03 +1.105913931e+03 +1.105913931e+03
664 +1.013844650e+03 +1.013844650e+03 +1.094974650e+03 +1.094974650e+03
681 +9.380246558e+02 +9.380246558e+02 +1.019154656e+03 +1.019154656e+03
709 +9.290393354e+02 +9.290393354e+02 +1.010169335e+03 +1.010169335e+03
711 +8.996852074e+02 +8.996852074e+02 +9.808152074e+02 +9.808152074e+02
752 +8.873103264e+02 +8.873103264e+02 +9.684403264e+02 +9.684403264e+02
765 +8.109218676e+02 +8.109218676e+02 +8.920518676e+02 +8.920518676e+02
838 +7.882890568e+02 +7.882890568e+02 +8.694190568e+02 +8.694190568e+02
862 +7.710222430e+02 +7.710222430e+02 +8.521522430e+02 +8.521522430e+02
863 +7.549015850e+02 +7.549015850e+02 +8.360315850e+02 +8.360315850e+02
879 +7.295090894e+02 +7.295090894e+02 +8.106390894e+02 +8.106390894e+02
880 +7.189560324e+02 +7.189560324e+02 +8.000860324e+02 +8.000860324e+02
898 +6.992525752e+02 +6.992525752e+02 +7.803825752e+02 +7.803825752e+02
913 +6.789979664e+02 +6.789979664e+02 +7.601279664e+02 +7.601279664e+02
921 +6.443363741e+02 +6.443363741e+02 +7.254663741e+02 +7.254663741e+02
924 +6.191642497e+02 +6.191642497e+02 +7.002942497e+02 +7.002942497e+02
990 +5.527409109e+02 +5.527409109e+02 +6.338709109e+02 +6.338709109e+02
1091 +5.230935422e+02 +5.230935422e+02 +6.042235422e+02 +6.042235422e+02
1185 +4.845044935e+02 +4.845044935e+02 +5.656344935e+02 +5.656344935e+02
1232 +4.674367201e+02 +4.674367201e+02 +5.485667201e+02 +5.485667201e+02
1459 +3.841412025e+02 +3.841412025e+02 +4.652712025e+02 +4.652712025e+02
1804 +3.700415137e+02 +3.700415137e+02 +4.511715137e+02 +4.511715137e+02
1977 +3.549049938e+02 +3.549049938e+02 +4.360349938e+02 +4.360349938e+02
2249 +3.427284991e+02 +3.427284991e+02 +4.238584991e+02 +4.238584991e+02
3696 +3.275420688e+02 +3.275420688e+02 +4.086720688e+02 +4.086720688e+02
4312 +3.224284626e+02 +3.224284626e+02 +4.035584626e+02 +4.035584626e+02
4400 +3.124019739e+02 +3.124019739e+02 +3.935319739e+02 +3.935319739e+02
4488 +2.792676820e+02 +2.792676820e+02 +3.603976820e+02 +3.603976820e+02
4598 +2.628426432e+02 +2.628426432e+02 +3.439726432e+02 +3.439726432e+02
4620 +2.286081636e+02 +2.286081636e+02 +3.097381636e+02 +3.097381636e+02
4686 +2.192436333e+02 +2.192436333e+02 +3.003736333e+02 +3.003736333e+02
4708 +2.045660004e+02 +2.045660004e+02 +2.856960004e+02 +2.856960004e+02
4752 +1.895977860e+02 +1.895977860e+02 +2.707277860e+02 +2.707277860e+02
4796 +1.836127680e+02 +1.836127680e+02 +2.647427680e+02 +2.647427680e+02
4818 +1.791824231e+02 +1.791824231e+02 +2.603124231e+02 +2.603124231e+02
4862 +1.575245463e+02 +1.575245463e+02 +2.386545463e+02 +2.386545463e+02
4928 +1.460855926e+02 +1.460855926e+02 +2.272155926e+02 +2.272155926e+02
4994 +1.346670677e+02 +1.346670677e+02 +2.157970677e+02 +2.157970677e+02
5038 +1.306587817e+02 +1.306587817e+02 +2.117887817e+02 +2.117887817e+02
5126 +1.265555625e+02 +1.265555625e+02 +2.076855625e+02 +2.076855625e+02
5170 +1.224670830e+02 +1.224670830e+02 +2.035970830e+02 +2.035970830e+02
5214 +1.197419376e+02 +1.197419376e+02 +2.008719376e+02 +2.008719376e+02
5236 +1.143347196e+02 +1.143347196e+02 +1.954647196e+02 +1.954647196e+02
5302 +1.022435365e+02 +1.022435365e+02 +1.833735365e+02 +1.833735365e+02
5390 +9.569020004e+01 +9.569020004e+01 +1.768202000e+02 +1.768202000e+02
5412 +9.414432347e+01 +9.414432347e+01 +1.752743235e+02 +1.752743235e+02
5632 +9.117460868e+01 +9.117460868e+01 +1.723046087e+02 +1.723046087e+02
5676 +8.817490854e+01 +8.817490854e+01 +1.693049085e+02 +1.693049085e+02
5720 +8.635830307e+01 +8.635830307e+01 +1.674883031e+02 +1.674883031e+02
5742 +8.421570001e+01 +8.421570001e+01 +1.653457000e+02 +1.653457000e+02
5830 +8.273724140e+01 +8.273724140e+01 +1.638672414e+02 +1.638672414e+02
5984 +8.020233668e+01 +8.020233668e+01 +1.613323367e+02 +1.613323367e+02
6072 +7.896552280e+01 +7.896552280e+01 +1.600955228e+02 +1.600955228e+02
6314 +7.621438736e+01 +7.621438736e+01 +1.573443874e+02 +1.573443874e+02
6358 +7.497754456e+01 +7.497754456e+01 +1.561075446e+02 +1.561075446e+02
6424 +7.408844478e+01 +7.408844478e+01 +1.552184448e+02 +1.552184448e+02
6512 +7.210120161e+01 +7.210120161e+01 +1.532312016e+02 +1.532312016e+02
6622 +7.072270377e+01 +7.072270377e+01 +1.518527038e+02 +1.518527038e+02
6776 +6.907546483e+01 +6.907546483e+01 +1.502054648e+02 +1.502054648e+02
6930 +6.742802676e+01 +6.742802676e+01 +1.485580268e+02 +1.485580268e+02
7062 +6.594640400e+01 +6.594640400e+01 +1.470764040e+02 +1.470764040e+02
7326 +6.451464217e+01 +6.451464217e+01 +1.456446422e+02 +1.456446422e+02
7920 +6.305428405e+01 +6.305428405e+01 +1.441842840e+02 +1.441842840e+02
55774 +6.140064774e+01 +6.140064774e+01 +1.425306477e+02 +1.425306477e+02
55906 +5.999892079e+01 +5.999892079e+01 +1.411289208e+02 +1.411289208e+02
56126 +5.887530476e+01 +5.887530476e+01 +1.400053048e+02 +1.400053048e+02
56258 +5.741868931e+01 +5.741868931e+01 +1.385486893e+02 +1.385486893e+02
56456 +5.617161530e+01 +5.617161530e+01 +1.373016153e+02 +1.373016153e+02
56632 +5.488946239e+01 +5.488946239e+01 +1.360194624e+02 +1.360194624e+02
% function evaluation | noise-free fitness - Fopt (1.049200000000e+02) | best noise-free fitness - Fopt | measured fitness | best measured fitness | x1 | x2...
1 +1.653996792e+03 +1.653996792e+03 +1.758916792e+03 +1.758916792e+03
660 +1.586390271e+03 +1.586390271e+03 +1.691310271e+03 +1.691310271e+03
664 +1.569728777e+03 +1.569728777e+03 +1.674648777e+03 +1.674648777e+03
682 +1.523317839e+03 +1.523317839e+03 +1.628237839e+03 +1.628237839e+03
686 +1.431417806e+03 +1.431417806e+03 +1.536337806e+03 +1.536337806e+03
709 +1.361798855e+03 +1.361798855e+03 +1.466718855e+03 +1.466718855e+03
726 +1.222792708e+03 +1.222792708e+03 +1.327712708e+03 +1.327712708e+03
748 +1.165513647e+03 +1.165513647e+03 +1.270433647e+03 +1.270433647e+03
750 +1.111688105e+03 +1.111688105e+03 +1.216608105e+03 +1.216608105e+03
791 +1.069893481e+03 +1.069893481e+03 +1.174813481e+03 +1.174813481e+03
792 +1.033762443e+03 +1.033762443e+03 +1.138682443e+03 +1.138682443e+03
814 +9.708845000e+02 +9.708845000e+02 +1.075804500e+03 +1.075804500e+03
836 +9.230745904e+02 +9.230745904e+02 +1.027994590e+03 +1.027994590e+03
843 +8.909359083e+02 +8.909359083e+02 +9.958559083e+02 +9.958559083e+02
880 +7.784667259e+02 +7.784667259e+02 +8.833867259e+02 +8.833867259e+02
885 +7.159831166e+02 +7.159831166e+02 +8.209031166e+02 +8.209031166e+02
946 +6.736638789e+02 +6.736638789e+02 +7.785838789e+02 +7.785838789e+02
968 +6.510881848e+02 +6.510881848e+02 +7.560081848e+02 +7.560081848e+02
990 +6.398309050e+02 +6.398309050e+02 +7.447509050e+02 +7.447509050e+02
1056 +5.942331544e+02 +5.942331544e+02 +6.991531544e+02 +6.991531544e+02
1100 +5.623579787e+02 +5.623579787e+02 +6.672779787e+02 +6.672779787e+02
1120 +5.307242947e+02 +5.307242947e+02 +6.356442947e+02 +6.356442947e+02
1166 +5.106526255e+02 +5.106526255e+02 +6.155726255e+02 +6.155726255e+02
1212 +4.980986402e+02 +4.980986402e+02 +6.030186402e+02 +6.030186402e+02
1250 +4.631263478e+02 +4.631263478e+02 +5.680463478e+02 +5.680463478e+02
1342 +4.442078931e+02 +4.442078931e+02 +5.491278931e+02 +5.491278931e+02
1579 +4.362643853e+02 +4.362643853e+02 +5.411843853e+02 +5.411843853e+02
1690 +4.251087375e+02 +4.251087375e+02 +5.300287375e+02 +5.300287375e+02
1699 +4.049432591e+02 +4.049432591e+02 +5.098632591e+02 +5.098632591e+02
1759 +3.684898617e+02 +3.684898617e+02 +4.734098617e+02 +4.734098617e+02
2178 +3.404847104e+02 +3.404847104e+02 +4.454047104e+02 +4.454047104e+02
2838 +3.125989678e+02 +3.125989678e+02 +4.175189678e+02 +4.175189678e+02
5952 +2.751387473e+02 +2.751387473e+02 +3.800587473e+02 +3.800587473e+02
6138 +2.687601831e+02 +2.687601831e+02 +3.736801831e+02 +3.736801831e+02
6160 +2.496734037e+02 +2.496734037e+02 +3.545934037e+02 +3.545934037e+02
6204 +2.454365824e+02 +2.454365824e+02 +3.503565824e+02 +3.503565824e+02
6248 +2.148886361e+02 +2.148886361e+02 +3.198086361e+02 +3.198086361e+02
6336 +2.080036342e+02 +2.080036342e+02 +3.129236342e+02 +3.129236342e+02
6358 +1.900471157e+02 +1.900471157e+02 +2.949671157e+02 +2.949671157e+02
6402 +1.854891182e+02 +1.854891182e+02 +2.904091182e+02 +2.904091182e+02
6424 +1.766160434e+02 +1.766160434e+02 +2.815360434e+02 +2.815360434e+02
6512 +1.668297496e+02 +1.668297496e+02 +2.717497496e+02 +2.717497496e+02
6534 +1.611532726e+02 +1.611532726e+02 +2.660732726e+02 +2.660732726e+02
6549 +1.495565845e+02 +1.495565845e+02 +2.544765845e+02 +2.544765845e+02
6556 +1.441383412e+02 +1.441383412e+02 +2.490583412e+02 +2.490583412e+02
6578 +1.395525577e+02 +1.395525577e+02 +2.444725577e+02 +2.444725577e+02
6600 +1.353346603e+02 +1.353346603e+02 +2.402546603e+02 +2.402546603e+02
6732 +1.345613864e+02 +1.345613864e+02 +2.394813864e+02 +2.394813864e+02
6754 +1.201300103e+02 +1.201300103e+02 +2.250500103e+02 +2.250500103e+02
6864 +1.140617359e+02 +1.140617359e+02 +2.189817359e+02 +2.189817359e+02
6886 +1.071685526e+02 +1.071685526e+02 +2.120885526e+02 +2.120885526e+02
6908 +1.040437397e+02 +1.040437397e+02 +2.089637397e+02 +2.089637397e+02
6952 +9.940112379e+01 +9.940112379e+01 +2.043211238e+02 +2.043211238e+02
6996 +9.478636458e+01 +9.478636458e+01 +1.997063646e+02 +1.997063646e+02
7018 +9.217743805e+01 +9.217743805e+01 +1.970974380e+02 +1.970974380e+02
7079 +8.917158345e+01 +8.917158345e+01 +1.940915835e+02 +1.940915835e+02
7216 +8.630075988e+01 +8.630075988e+01 +1.912207599e+02 +1.912207599e+02
7304 +8.221122271e+01 +8.221122271e+01 +1.871312227e+02 +1.871312227e+02
7326 +7.768548570e+01 +7.768548570e+01 +1.826054857e+02 +1.826054857e+02
7414 +7.741990583e+01 +7.741990583e+01 +1.823399058e+02 +1.823399058e+02
7458 +7.331430086e+01 +7.331430086e+01 +1.782343009e+02 +1.782343009e+02
7502 +7.120507007e+01 +7.120507007e+01 +1.761250701e+02 +1.761250701e+02
7751 +6.977440888e+01 +6.977440888e+01 +1.746944089e+02 +1.746944089e+02
7766 +6.766272178e+01 +6.766272178e+01 +1.725827218e+02 +1.725827218e+02
7788 +6.687349967e+01 +6.687349967e+01 +1.717934997e+02 +1.717934997e+02
7986 +6.531297800e+01 +6.531297800e+01 +1.702329780e+02 +1.702329780e+02
8008 +6.420270163e+01 +6.420270163e+01 +1.691227016e+02 +1.691227016e+02
8184 +6.258685710e+01 +6.258685710e+01 +1.675068571e+02 +1.675068571e+02
8250 +6.116322142e+01 +6.116322142e+01 +1.660832214e+02 +1.660832214e+02
8404 +5.999978288e+01 +5.999978288e+01 +1.649197829e+02 +1.649197829e+02
8602 +5.874335917e+01 +5.874335917e+01 +1.636633592e+02 +1.636633592e+02
9108 +5.749382806e+01 +5.749382806e+01 +1.624138281e+02 +1.624138281e+02
31550 +5.621016533e+01 +5.621016533e+01 +1.611301653e+02 +1.611301653e+02
31836 +5.495006089e+01 +5.495006089e+01 +1.598700609e+02 +1.598700609e+02
32166 +5.357378840e+01 +5.357378840e+01 +1.584937884e+02 +1.584937884e+02
32386 +5.241977907e+01 +5.241977907e+01 +1.573397791e+02 +1.573397791e+02
32694 +5.117611404e+01 +5.117611404e+01 +1.560961140e+02 +1.560961140e+02
33398 +5.011301925e+01 +5.011301925e+01 +1.550330193e+02 +1.550330193e+02
% function evaluation | noise-free fitness - Fopt (3.029000000000e+01) | best noise-free fitness - Fopt | measured fitness | best measured fitness | x1 | x2...
1 +1.632845059e+03 +1.632845059e+03 +1.663135059e+03 +1.663135059e+03
579 +1.600865037e+03 +1.600865037e+03 +1.631155037e+03 +1.631155037e+03
593 +1.579238035e+03 +1.579238035e+03 +1.609528035e+03 +1.609528035e+03
604 +1.395438353e+03 +1.395438353e+03 +1.425728353e+03 +1.425728353e+03
644 +1.356098146e+03 +1.356098146e+03 +1.386388146e+03 +1.386388146e+03
660 +1.321917123e+03 +1.321917123e+03 +1.352207123e+03 +1.352207123e+03
663 +1.301007477e+03 +1.301007477e+03 +1.331297477e+03 +1.331297477e+03
682 +1.248484276e+03 +1.248484276e+03 +1.278774276e+03 +1.278774276e+03
687 +1.167972315e+03 +1.167972315e+03 +1.198262315e+03 +1.198262315e+03
744 +1.121464406e+03 +1.121464406e+03 +1.151754406e+03 +1.151754406e+03
748 +1.073772204e+03 +1.073772204e+03 +1.104062204e+03 +1.104062204e+03
761 +1.019796144e+03 +1.019796144e+03 +1.050086144e+03 +1.050086144e+03
773 +9.339911159e+02 +9.339911159e+02 +9.642811159e+02 +9.642811159e+02
814 +8.969771725e+02 +8.969771725e+02 +9.272671725e+02 +9.272671725e+02
860 +8.602619607e+02 +8.602619607e+02 +8.905519607e+02 +8.905519607e+02
880 +8.493178095e+02 +8.493178095e+02 +8.796078095e+02 +8.796078095e+02
902 +7.842964862e+02 +7.842964862e+02 +8.145864862e+02 +8.145864862e+02
905 +7.707755297e+02 +7.707755297e+02 +8.010655297e+02 +8.010655297e+02
924 +6.968850649e+02 +6.968850649e+02 +7.271750649e+02 +7.271750649e+02
944 +6.576875371e+02 +6.576875371e+02 +6.879775371e+02 +6.879775371e+02
968 +5.960310263e+02 +5.960310263e+02 +6.263210263e+02 +6.263210263e+02
1006 +5.396217672e+02 +5.396217672e+02 +5.699117672e+02 +5.699117672e+02
1034 +5.163793823e+02 +5.163793823e+02 +5.466693823e+02 +5.466693823e+02
1197 +5.094745768e+02 +5.094745768e+02 +5.397645768e+02 +5.397645768e+02
1228 +4.876530546e+02 +4.876530546e+02 +5.179430546e+02 +5.179430546e+02
1237 +4.312809851e+02 +4.312809851e+02 +4.615709851e+02 +4.615709851e+02
1298 +4.149379694e+02 +4.149379694e+02 +4.452279694e+02 +4.452279694e+02
1382 +3.617454584e+02 +3.617454584e+02 +3.920354584e+02 +3.920354584e+02
2114 +3.541526778e+02 +3.541526778e+02 +3.844426778e+02 +3.844426778e+02
2946 +3.295142980e+02 +3.295142980e+02 +3.598042980e+02 +3.598042980e+02
4268 +2.797334855e+02 +2.797334855e+02 +3.100234855e+02 +3.100234855e+02
5508 +2.644245431e+02 +2.644245431e+02 +2.947145431e+02 +2.947145431e+02
5544 +2.548041197e+02 +2.548041197e+02 +2.850941197e+02 +2.850941197e+02
5565 +2.380879046e+02 +2.380879046e+02 +2.683779046e+02 +2.683779046e+02
5742 +2.320976438e+02 +2.320976438e+02 +2.623876438e+02 +2.623876438e+02
5786 +2.211995056e+02 +2.211995056e+02 +2.514895056e+02 +2.514895056e+02
5808 +2.176981574e+02 +2.176981574e+02 +2.479881574e+02 +2.479881574e+02
5830 +2.078942888e+02 +2.078942888e+02 +2.381842888e+02 +2.381842888e+02
5962 +2.018004173e+02 +2.018004173e+02 +2.320904173e+02 +2.320904173e+02
5972 +1.973300963e+02 +1.973300963e+02 +2.276200963e+02 +2.276200963e+02
5984 +1.830336676e+02 +1.830336676e+02 +2.133236676e+02 +2.133236676e+02
6006 +1.734522114e+02 +1.734522114e+02 +2.037422114e+02 +2.037422114e+02
6050 +1.654690208e+02 +1.654690208e+02 +1.957590208e+02 +1.957590208e+02
6072 +1.613649923e+02 +1.613649923e+02 +1.916549923e+02 +1.916549923e+02
6248 +1.562822727e+02 +1.562822727e+02 +1.865722727e+02 +1.865722727e+02
6270 +1.548070584e+02 +1.548070584e+02 +1.850970584e+02 +1.850970584e+02
6314 +1.506196936e+02 +1.506196936e+02 +1.809096936e+02 +1.809096936e+02
6402 +1.455733088e+02 +1.455733088e+02 +1.758633088e+02 +1.758633088e+02
6424 +1.409495433e+02 +1.409495433e+02 +1.712395433e+02 +1.712395433e+02
6490 +1.368549887e+02 +1.368549887e+02 +1.671449887e+02 +1.671449887e+02
6512 +1.341628713e+02 +1.341628713e+02 +1.644528713e+02 +1.644528713e+02
6556 +1.309103088e+02 +1.309103088e+02 +1.612003088e+02 +1.612003088e+02
6644 +1.280137872e+02 +1.280137872e+02 +1.583037872e+02 +1.583037872e+02
6688 +1.253597240e+02 +1.253597240e+02 +1.556497240e+02 +1.556497240e+02
6732 +1.228216915e+02 +1.228216915e+02 +1.531116915e+02 +1.531116915e+02
6798 +1.186276883e+02 +1.186276883e+02 +1.489176883e+02 +1.489176883e+02
6842 +1.163876422e+02 +1.163876422e+02 +1.466776422e+02 +1.466776422e+02
6886 +1.141806093e+02 +1.141806093e+02 +1.444706093e+02 +1.444706093e+02
6974 +1.118612813e+02 +1.118612813e+02 +1.421512813e+02 +1.421512813e+02
6999 +1.092741646e+02 +1.092741646e+02 +1.395641646e+02 +1.395641646e+02
7062 +1.060586175e+02 +1.060586175e+02 +1.363486175e+02 +1.363486175e+02
7084 +1.044109971e+02 +1.044109971e+02 +1.347009971e+02 +1.347009971e+02
7194 +1.014176283e+02 +1.014176283e+02 +1.317076283e+02 +1.317076283e+02
7282 +9.922876762e+01 +9.922876762e+01 +1.295187676e+02 +1.295187676e+02
7326 +9.750891640e+01 +9.750891640e+01 +1.277989164e+02 +1.277989164e+02
7524 +9.542574056e+01 +9.542574056e+01 +1.257157406e+02 +1.257157406e+02
7700 +9.319213823e+01 +9.319213823e+01 +1.234821382e+02 +1.234821382e+02
8206 +9.107158151e+01 +9.107158151e+01 +1.213615815e+02 +1.213615815e+02
35092 +8.908555830e+01 +8.908555830e+01 +1.193755583e+02 +1.193755583e+02
63254 +8.591092538e+01 +8.591092538e+01 +1.162009254e+02 +1.162009254e+02
63320 +8.301468877e+01 +8.301468877e+01 +1.133046888e+02 +1.133046888e+02
63496 +8.052467394e+01 +8.052467394e+01 +1.108146739e+02 +1.108146739e+02
63518 +7.843835274e+01 +7.843835274e+01 +1.087283527e+02 +1.087283527e+02
63562 +7.752449481e+01 +7.752449481e+01 +1.078144948e+02 +1.078144948e+02
63672 +7.525542086e+01 +7.525542086e+01 +1.055454209e+02 +1.055454209e+02
63936 +7.343346227e+01 +7.343346227e+01 +1.037234623e+02 +1.037234623e+02
64068 +7.195769650e+01 +7.195769650e+01 +1.022476965e+02 +1.022476965e+02
64288 +7.070430979e+01 +7.070430979e+01 +1.009943098e+02 +1.009943098e+02
64574 +6.915480458e+01 +6.915480458e+01 +9.944480458e+01 +9.944480458e+01
110668 +6.728019865e+01 +6.728019865e+01 +9.757019865e+01 +9.757019865e+01
110734 +6.577173368e+01 +6.577173368e+01 +9.606173368e+01 +9.606173368e+01
110888 +6.314544712e+01 +6.314544712e+01 +9.343544712e+01 +9.343544712e+01
110910 +6.191583602e+01 +6.191583602e+01 +9.220583602e+01 +9.220583602e+01
110954 +6.095951809e+01 +6.095951809e+01 +9.124951809e+01 +9.124951809e+01
111130 +6.000543374e+01 +6.000543374e+01 +9.029543374e+01 +9.029543374e+01
111174 +5.863965565e+01 +5.863965565e+01 +8.892965565e+01 +8.892965565e+01
111262 +5.721724427e+01 +5.721724427e+01 +8.750724427e+01 +8.750724427e+01
111350 +5.591948999e+01 +5.591948999e+01 +8.620948999e+01 +8.620948999e+01
111438 +5.449646087e+01 +5.449646087e+01 +8.478646087e+01 +8.478646087e+01
111482 +5.307811619e+01 +5.307811619e+01 +8.336811619e+01 +8.336811619e+01
111592 +5.214365378e+01 +5.214365378e+01 +8.243365378e+01 +8.243365378e+01
111922 +5.121749800e+01 +5.121749800e+01 +8.150749800e+01 +8.150749800e+01
112802 +5.011196381e+01 +5.011196381e+01 +8.040196381e+01 +8.040196381e+01
% function evaluation | noise-free fitness - Fopt (1.210500000000e+02) | best noise-free fitness - Fopt | measured fitness | best measured fitness | x1 | x2...
1 +1.390291702e+03 +1.390291702e+03 +1.511341702e+03 +1.511341702e+03
660 +1.377121216e+03 +1.377121216e+03 +1.498171216e+03 +1.498171216e+03
667 +1.242977525e+03 +1.242977525e+03 +1.364027525e+03 +1.364027525e+03
734 +1.224834244e+03 +1.224834244e+03 +1.345884244e+03 +1.345884244e+03
743 +1.183979522e+03 +1.183979522e+03 +1.305029522e+03 +1.305029522e+03
758 +1.137786824e+03 +1.137786824e+03 +1.258836824e+03 +1.258836824e+03
766 +1.107602431e+03 +1.107602431e+03 +1.228652431e+03 +1.228652431e+03
780 +1.077095018e+03 +1.077095018e+03 +1.198145018e+03 +1.198145018e+03
785 +1.046020042e+03 +1.046020042e+03 +1.167070042e+03 +1.167070042e+03
792 +9.956596617e+02 +9.956596617e+02 +1.116709662e+03 +1.116709662e+03
871 +8.680095434e+02 +8.680095434e+02 +9.890595434e+02 +9.890595434e+02
873 +8.300852620e+02 +8.300852620e+02 +9.511352620e+02 +9.511352620e+02
962 +8.055771021e+02 +8.055771021e+02 +9.266271021e+02 +9.266271021e+02
968 +7.220361739e+02 +7.220361739e+02 +8.430861739e+02 +8.430861739e+02
1018 +6.954192044e+02 +6.954192044e+02 +8.164692044e+02 +8.164692044e+02
1056 +5.829531401e+02 +5.829531401e+02 +7.040031401e+02 +7.040031401e+02
1100 +5.220726261e+02 +5.220726261e+02 +6.431226261e+02 +6.431226261e+02
1166 +4.697048710e+02 +4.697048710e+02 +5.907548710e+02 +5.907548710e+02
1769 +4.526185247e+02 +4.526185247e+02 +5.736685247e+02 +5.736685247e+02
1956 +4.189095619e+02 +4.189095619e+02 +5.399595619e+02 +5.399595619e+02
2086 +3.886285452e+02 +3.886285452e+02 +5.096785452e+02 +5.096785452e+02
2094 +3.539888928e+02 +3.539888928e+02 +4.750388928e+02 +4.750388928e+02
4004 +3.305613728e+02 +3.305613728e+02 +4.516113728e+02 +4.516113728e+02
4114 +3.183677415e+02 +3.183677415e+02 +4.394177415e+02 +4.394177415e+02
4136 +2.979274315e+02 +2.979274315e+02 +4.189774315e+02 +4.189774315e+02
4158 +2.812668016e+02 +2.812668016e+02 +4.023168016e+02 +4.023168016e+02
4180 +2.605422789e+02 +2.605422789e+02 +3.815922789e+02 +3.815922789e+02
4246 +2.506496707e+02 +2.506496707e+02 +3.716996707e+02 +3.716996707e+02
4532 +2.448644926e+02 +2.448644926e+02 +3.659144926e+02 +3.659144926e+02
4554 +2.360022139e+02 +2.360022139e+02 +3.570522139e+02 +3.570522139e+02
4598 +2.332643519e+02 +2.332643519e+02 +3.543143519e+02 +3.543143519e+02
4664 +2.043151374e+02 +2.043151374e+02 +3.253651374e+02 +3.253651374e+02
4817 +1.993132072e+02 +1.993132072e+02 +3.203632072e+02 +3.203632072e+02
4818 +1.767929302e+02 +1.767929302e+02 +2.978429302e+02 +2.978429302e+02
4862 +1.695097103e+02 +1.695097103e+02 +2.905597103e+02 +2.905597103e+02
4972 +1.600408758e+02 +1.600408758e+02 +2.810908758e+02 +2.810908758e+02
4994 +1.472371884e+02 +1.472371884e+02 +2.682871884e+02 +2.682871884e+02
5038 +1.407520864e+02 +1.407520864e+02 +2.618020864e+02 +2.618020864e+02
5126 +1.341803236e+02 +1.341803236e+02 +2.552303236e+02 +2.552303236e+02
5170 +1.261003881e+02 +1.261003881e+02 +2.471503881e+02 +2.471503881e+02
5324 +1.229777839e+02 +1.229777839e+02 +2.440277839e+02 +2.440277839e+02
5478 +1.189376456e+02 +1.189376456e+02 +2.399876456e+02 +2.399876456e+02
5500 +1.152467184e+02 +1.152467184e+02 +2.362967184e+02 +2.362967184e+02
5522 +1.114883576e+02 +1.114883576e+02 +2.325383576e+02 +2.325383576e+02
5544 +1.096185956e+02 +1.096185956e+02 +2.306685956e+02 +2.306685956e+02
5566 +1.048918459e+02 +1.048918459e+02 +2.259418459e+02 +2.259418459e+02
5588 +1.038967170e+02 +1.038967170e+02 +2.249467170e+02 +2.249467170e+02
5610 +1.017639906e+02 +1.017639906e+02 +2.228139906e+02 +2.228139906e+02
5676 +9.972732247e+01 +9.972732247e+01 +2.207773225e+02 +2.207773225e+02
5852 +9.765263985e+01 +9.765263985e+01 +2.187026398e+02 +2.187026398e+02
5918 +9.407394871e+01 +9.407394871e+01 +2.151239487e+02 +2.151239487e+02
5940 +9.279582047e+01 +9.279582047e+01 +2.138458205e+02 +2.138458205e+02
6314 +9.077928551e+01 +9.077928551e+01 +2.118292855e+02 +2.118292855e+02
6710 +8.910935255e+01 +8.910935255e+01 +2.101593526e+02 +2.101593526e+02
7920 +8.707302704e+01 +8.707302704e+01 +2.081230270e+02 +2.081230270e+02
27923 +8.423135591e+01 +8.423135591e+01 +2.052813559e+02 +2.052813559e+02
27942 +8.311609387e+01 +8.311609387e+01 +2.041660939e+02 +2.041660939e+02
27986 +8.110735553e+01 +8.110735553e+01 +2.021573555e+02 +2.021573555e+02
28096 +7.831114819e+01 +7.831114819e+01 +1.993611482e+02 +1.993611482e+02
28206 +7.432773293e+01 +7.432773293e+01 +1.953777329e+02 +1.953777329e+02
28228 +7.267936811e+01 +7.267936811e+01 +1.937293681e+02 +1.937293681e+02
28250 +7.071800675e+01 +7.071800675e+01 +1.917680067e+02 +1.917680067e+02
28316 +6.916854965e+01 +6.916854965e+01 +1.902185497e+02 +1.902185497e+02
28404 +6.749743631e+01 +6.749743631e+01 +1.885474363e+02 +1.885474363e+02
28844 +6.460570707e+01 +6.460570707e+01 +1.856557071e+02 +1.856557071e+02
28888 +6.443301053e+01 +6.443301053e+01 +1.854830105e+02 +1.854830105e+02
29394 +6.297587711e+01 +6.297587711e+01 +1.840258771e+02 +1.840258771e+02
29966 +6.157707219e+01 +6.157707219e+01 +1.826270722e+02 +1.826270722e+02
30846 +6.024880258e+01 +6.024880258e+01 +1.812988026e+02 +1.812988026e+02
31682 +5.886873629e+01 +5.886873629e+01 +1.799187363e+02 +1.799187363e+02
100438 +5.750997817e+01 +5.750997817e+01 +1.785599782e+02 +1.785599782e+02
100592 +5.586368074e+01 +5.586368074e+01 +1.769136807e+02 +1.769136807e+02
100966 +5.494194952e+01 +5.494194952e+01 +1.759919495e+02 +1.759919495e+02
101692 +5.366262945e+01 +5.366262945e+01 +1.747126295e+02 +1.747126295e+02
103562 +5.247940339e+01 +5.247940339e+01 +1.735294034e+02 +1.735294034e+02
% function evaluation | noise-free fitness - Fopt (-1.033000000000e+01) | best noise-free fitness - Fopt | measured fitness | best measured fitness | x1 | x2...
1 +1.867898024e+03 +1.867898024e+03 +1.857568024e+03 +1.857568024e+03
354 +1.763484164e+03 +1.763484164e+03 +1.753154164e+03 +1.753154164e+03
370 +1.686362622e+03 +1.686362622e+03 +1.676032622e+03 +1.676032622e+03
410 +1.590091407e+03 +1.590091407e+03 +1.579761407e+03 +1.579761407e+03
431 +1.447930480e+03 +1.447930480e+03 +1.437600480e+03 +1.437600480e+03
432 +1.353111388e+03 +1.353111388e+03 +1.342781388e+03 +1.342781388e+03
444 +1.342818482e+03 +1.342818482e+03 +1.332488482e+03 +1.332488482e+03
468 +1.275637461e+03 +1.275637461e+03 +1.265307461e+03 +1.265307461e+03
471 +1.249502918e+03 +1.249502918e+03 +1.239172918e+03 +1.239172918e+03
488 +1.200931788e+03 +1.200931788e+03 +1.190601788e+03 +1.190601788e+03
491 +1.167107941e+03 +1.167107941e+03 +1.156777941e+03 +1.156777941e+03
508 +1.104931160e+03 +1.104931160e+03 +1.094601160e+03 +1.094601160e+03
519 +1.081133912e+03 +1.081133912e+03 +1.070803912e+03 +1.070803912e+03
530 +9.983477525e+02 +9.983477525e+02 +9.880177525e+02 +9.880177525e+02
545 +9.452508008e+02 +9.452508008e+02 +9.349208008e+02 +9.349208008e+02
550 +9.059289037e+02 +9.059289037e+02 +8.955989037e+02 +8.955989037e+02
594 +8.293883251e+02 +8.293883251e+02 +8.190583251e+02 +8.190583251e+02
606 +7.568529015e+02 +7.568529015e+02 +7.465229015e+02 +7.465229015e+02
682 +7.004645643e+02 +7.004645643e+02 +6.901345643e+02 +6.901345643e+02
748 +6.552266687e+02 +6.552266687e+02 +6.448966687e+02 +6.448966687e+02
792 +6.268145687e+02 +6.268145687e+02 +6.164845687e+02 +6.164845687e+02
836 +5.375277896e+02 +5.375277896e+02 +5.271977896e+02 +5.271977896e+02
880 +5.145056158e+02 +5.145056158e+02 +5.041756158e+02 +5.041756158e+02
1034 +4.174959852e+02 +4.174959852e+02 +4.071659852e+02 +4.071659852e+02
1430 +3.987470249e+02 +3.987470249e+02 +3.884170249e+02 +3.884170249e+02
4394 +3.947790305e+02 +3.947790305e+02 +3.844490305e+02 +3.844490305e+02
4823 +3.489923029e+02 +3.489923029e+02 +3.386623029e+02 +3.386623029e+02
6481 +3.437827550e+02 +3.437827550e+02 +3.334527550e+02 +3.334527550e+02
7436 +3.303462494e+02 +3.303462494e+02 +3.200162494e+02 +3.200162494e+02
9042 +3.125367829e+02 +3.125367829e+02 +3.022067829e+02 +3.022067829e+02
9639 +2.956910281e+02 +2.956910281e+02 +2.853610281e+02 +2.853610281e+02
9658 +2.946063233e+02 +2.946063233e+02 +2.842763233e+02 +2.842763233e+02
9740 +2.844321363e+02 +2.844321363e+02 +2.741021363e+02 +2.741021363e+02
9812 +2.775069050e+02 +2.775069050e+02 +2.671769050e+02 +2.671769050e+02
9966 +2.666608131e+02 +2.666608131e+02 +2.563308131e+02 +2.563308131e+02
9988 +2.579297916e+02 +2.579297916e+02 +2.475997916e+02 +2.475997916e+02
10076 +2.458888913e+02 +2.458888913e+02 +2.355588913e+02 +2.355588913e+02
10098 +2.340965816e+02 +2.340965816e+02 +2.237665816e+02 +2.237665816e+02
10142 +2.190488862e+02 +2.190488862e+02 +2.087188862e+02 +2.087188862e+02
10208 +2.114580907e+02 +2.114580907e+02 +2.011280907e+02 +2.011280907e+02
10216 +2.059905047e+02 +2.059905047e+02 +1.956605047e+02 +1.956605047e+02
10230 +2.010968046e+02 +2.010968046e+02 +1.907668046e+02 +1.907668046e+02
10274 +1.983004421e+02 +1.983004421e+02 +1.879704421e+02 +1.879704421e+02
10296 +1.847740404e+02 +1.847740404e+02 +1.744440404e+02 +1.744440404e+02
10318 +1.778422427e+02 +1.778422427e+02 +1.675122427e+02 +1.675122427e+02
10340 +1.641520111e+02 +1.641520111e+02 +1.538220111e+02 +1.538220111e+02
10428 +1.557373630e+02 +1.557373630e+02 +1.454073630e+02 +1.454073630e+02
10450 +1.533260423e+02 +1.533260423e+02 +1.429960423e+02 +1.429960423e+02
10494 +1.460092967e+02 +1.460092967e+02 +1.356792967e+02 +1.356792967e+02
10626 +1.344221619e+02 +1.344221619e+02 +1.240921619e+02 +1.240921619e+02
10648 +1.302911938e+02 +1.302911938e+02 +1.199611938e+02 +1.199611938e+02
10714 +1.278499774e+02 +1.278499774e+02 +1.175199774e+02 +1.175199774e+02
10758 +1.236173403e+02 +1.236173403e+02 +1.132873403e+02 +1.132873403e+02
10780 +1.203878481e+02 +1.203878481e+02 +1.100578481e+02 +1.100578481e+02
10802 +1.081876781e+02 +1.081876781e+02 +9.785767815e+01 +9.785767815e+01
10934 +1.038446777e+02 +1.038446777e+02 +9.351467771e+01 +9.351467771e+01
11044 +9.990577094e+01 +9.990577094e+01 +8.957577094e+01 +8.957577094e+01
11242 +9.548725570e+01 +9.548725570e+01 +8.515725570e+01 +8.515725570e+01
11264 +9.258909860e+01 +9.258909860e+01 +8.225909860e+01 +8.225909860e+01
11352 +9.054254786e+01 +9.054254786e+01 +8.021254786e+01 +8.021254786e+01
11418 +8.824419283e+01 +8.824419283e+01 +7.791419283e+01 +7.791419283e+01
11440 +8.659505928e+01 +8.659505928e+01 +7.626505928e+01 +7.626505928e+01
11506 +8.400161285e+01 +8.400161285e+01 +7.367161285e+01 +7.367161285e+01
11748 +8.202317967e+01 +8.202317967e+01 +7.169317967e+01 +7.169317967e+01
11990 +8.094146547e+01 +8.094146547e+01 +7.061146547e+01 +7.061146547e+01
12166 +7.934936841e+01 +7.934936841e+01 +6.901936841e+01 +6.901936841e+01
12826 +7.761866831e+01 +7.761866831e+01 +6.728866831e+01 +6.728866831e+01
28030 +7.571884746e+01 +7.571884746e+01 +6.538884746e+01 +6.538884746e+01
28338 +7.408001687e+01 +7.408001687e+01 +6.375001687e+01 +6.375001687e+01
28514 +7.212103836e+01 +7.212103836e+01 +6.179103836e+01 +6.179103836e+01
31550 +7.079362957e+01 +7.079362957e+01 +6.046362957e+01 +6.046362957e+01
46600 +6.840465124e+01 +6.840465124e+01 +5.807465124e+01 +5.807465124e+01
46886 +6.673607978e+01 +6.673607978e+01 +5.640607978e+01 +5.640607978e+01
46952 +6.606616350e+01 +6.606616350e+01 +5.573616350e+01 +5.573616350e+01
47040 +6.456332166e+01 +6.456332166e+01 +5.423332166e+01 +5.423332166e+01
47260 +6.305832600e+01 +6.305832600e+01 +5.272832600e+01 +5.272832600e+01
47876 +6.159925553e+01 +6.159925553e+01 +5.126925553e+01 +5.126925553e+01
135048 +5.979648297e+01 +5.979648297e+01 +4.946648297e+01 +4.946648297e+01
135136 +5.800005783e+01 +5.800005783e+01 +4.767005783e+01 +4.767005783e+01
135224 +5.729941090e+01 +5.729941090e+01 +4.696941090e+01 +4.696941090e+01
135290 +5.571618633e+01 +5.571618633e+01 +4.538618633e+01 +4.538618633e+01
135422 +5.483369938e+01 +5.483369938e+01 +4.450369938e+01 +4.450369938e+01
135576 +5.357853431e+01 +5.357853431e+01 +4.324853431e+01 +4.324853431e+01
135796 +5.233559985e+01 +5.233559985e+01 +4.200559985e+01 +4.200559985e+01
136082 +5.125615331e+01 +5.125615331e+01 +4.092615331e+01 +4.092615331e+01
136544 +5.008410220e+01 +5.008410220e+01 +3.975410220e+01 +3.975410220e+01
138854 +4.897309000e+01 +4.897309000e+01 +3.864309000e+01 +3.864309000e+01
% function evaluation | noise-free fitness - Fopt (-6.846000000000e+01) | best noise-free fitness - Fopt | measured fitness | best measured fitness | x1 | x2...
1 +2.368102566e+03 +2.368102566e+03 +2.299642566e+03 +2.299642566e+03
686 +2.295688242e+03 +2.295688242e+03 +2.227228242e+03 +2.227228242e+03
690 +2.269587788e+03 +2.269587788e+03 +2.201127788e+03 +2.201127788e+03
698 +2.192858159e+03 +2.192858159e+03 +2.124398159e+03 +2.124398159e+03
704 +2.186625699e+03 +2.186625699e+03 +2.118165699e+03 +2.118165699e+03
717 +1.946471563e+03 +1.946471563e+03 +1.878011563e+03 +1.878011563e+03
743 +1.871562557e+03 +1.871562557e+03 +1.803102557e+03 +1.803102557e+03
760 +1.738483690e+03 +1.738483690e+03 +1.670023690e+03 +1.670023690e+03
770 +1.686696437e+03 +1.686696437e+03 +1.618236437e+03 +1.618236437e+03
772 +1.538091477e+03 +1.538091477e+03 +1.469631477e+03 +1.469631477e+03
792 +1.459080437e+03 +1.459080437e+03 +1.390620437e+03 +1.390620437e+03
803 +1.423109053e+03 +1.423109053e+03 +1.354649053e+03 +1.354649053e+03
814 +1.362590047e+03 +1.362590047e+03 +1.294130047e+03 +1.294130047e+03
819 +1.331051769e+03 +1.331051769e+03 +1.262591769e+03 +1.262591769e+03
831 +1.317750280e+03 +1.317750280e+03 +1.249290280e+03 +1.249290280e+03
836 +1.238153077e+03 +1.238153077e+03 +1.169693077e+03 +1.169693077e+03
839 +1.107961758e+03 +1.107961758e+03 +1.039501758e+03 +1.039501758e+03
858 +1.094732363e+03 +1.094732363e+03 +1.026272363e+03 +1.026272363e+03
880 +1.047869286e+03 +1.047869286e+03 +9.794092858e+02 +9.794092858e+02
890 +1.010378906e+03 +1.010378906e+03 +9.419189060e+02 +9.419189060e+02
902 +9.198827245e+02 +9.198827245e+02 +8.514227245e+02 +8.514227245e+02
924 +7.485629902e+02 +7.485629902e+02 +6.801029902e+02 +6.801029902e+02
990 +6.959945196e+02 +6.959945196e+02 +6.275345196e+02 +6.275345196e+02
1034 +6.702521453e+02 +6.702521453e+02 +6.017921453e+02 +6.017921453e+02
1056 +6.007954623e+02 +6.007954623e+02 +5.323354623e+02 +5.323354623e+02
1122 +5.864031431e+02 +5.864031431e+02 +5.179431431e+02 +5.179431431e+02
1254 +5.508619823e+02 +5.508619823e+02 +4.824019823e+02 +4.824019823e+02
1342 +5.172242190e+02 +5.172242190e+02 +4.487642190e+02 +4.487642190e+02
1364 +4.831018119e+02 +4.831018119e+02 +4.146418119e+02 +4.146418119e+02
1408 +4.646924382e+02 +4.646924382e+02 +3.962324382e+02 +3.962324382e+02
1474 +4.569762694e+02 +4.569762694e+02 +3.885162694e+02 +3.885162694e+02
1553 +4.457445645e+02 +4.457445645e+02 +3.772845645e+02 +3.772845645e+02
1724 +4.118514890e+02 +4.118514890e+02 +3.433914890e+02 +3.433914890e+02
1766 +3.649905990e+02 +3.649905990e+02 +2.965305990e+02 +2.965305990e+02
2488 +3.527906418e+02 +3.527906418e+02 +2.843306418e+02 +2.843306418e+02
4127 +3.144653422e+02 +3.144653422e+02 +2.460053422e+02 +2.460053422e+02
6908 +3.070315374e+02 +3.070315374e+02 +2.385715374e+02 +2.385715374e+02
7008 +2.634260561e+02 +2.634260561e+02 +1.949660561e+02 +1.949660561e+02
7128 +2.522306283e+02 +2.522306283e+02 +1.837706283e+02 +1.837706283e+02
7203 +2.398493380e+02 +2.398493380e+02 +1.713893380e+02 +1.713893380e+02
7208 +2.291799661e+02 +2.291799661e+02 +1.607199661e+02 +1.607199661e+02
7238 +2.200209228e+02 +2.200209228e+02 +1.515609228e+02 +1.515609228e+02
7414 +2.142001632e+02 +2.142001632e+02 +1.457401632e+02 +1.457401632e+02
7458 +1.993147245e+02 +1.993147245e+02 +1.308547245e+02 +1.308547245e+02
7568 +1.932914100e+02 +1.932914100e+02 +1.248314100e+02 +1.248314100e+02
7590 +1.860642389e+02 +1.860642389e+02 +1.176042389e+02 +1.176042389e+02
7612 +1.707513049e+02 +1.707513049e+02 +1.022913049e+02 +1.022913049e+02
7678 +1.653649946e+02 +1.653649946e+02 +9.690499463e+01 +9.690499463e+01
7744 +1.616129847e+02 +1.616129847e+02 +9.315298472e+01 +9.315298472e+01
7854 +1.572100885e+02 +1.572100885e+02 +8.875008846e+01 +8.875008846e+01
7898 +1.518529337e+02 +1.518529337e+02 +8.339293368e+01 +8.339293368e+01
7920 +1.507922417e+02 +1.507922417e+02 +8.233224172e+01 +8.233224172e+01
7942 +1.437080961e+02 +1.437080961e+02 +7.524809611e+01 +7.524809611e+01
8030 +1.406743802e+02 +1.406743802e+02 +7.221438018e+01 +7.221438018e+01
8052 +1.288193824e+02 +1.288193824e+02 +6.035938238e+01 +6.035938238e+01
8074 +1.235299786e+02 +1.235299786e+02 +5.506997858e+01 +5.506997858e+01
8096 +1.198269928e+02 +1.198269928e+02 +5.136699279e+01 +5.136699279e+01
8140 +1.162681129e+02 +1.162681129e+02 +4.780811287e+01 +4.780811287e+01
8162 +1.112897463e+02 +1.112897463e+02 +4.282974635e+01 +4.282974635e+01
8184 +1.075859620e+02 +1.075859620e+02 +3.912596199e+01 +3.912596199e+01
8228 +1.064198559e+02 +1.064198559e+02 +3.795985592e+01 +3.795985592e+01
8272 +1.024201939e+02 +1.024201939e+02 +3.396019394e+01 +3.396019394e+01
8316 +1.004724977e+02 +1.004724977e+02 +3.201249766e+01 +3.201249766e+01
8360 +9.863926302e+01 +9.863926302e+01 +3.017926302e+01 +3.017926302e+01
8382 +9.596397961e+01 +9.596397961e+01 +2.750397961e+01 +2.750397961e+01
8426 +9.497697763e+01 +9.497697763e+01 +2.651697763e+01 +2.651697763e+01
8470 +9.317165608e+01 +9.317165608e+01 +2.471165608e+01 +2.471165608e+01
8514 +9.030469141e+01 +9.030469141e+01 +2.184469141e+01 +2.184469141e+01
8558 +8.379602518e+01 +8.379602518e+01 +1.533602518e+01 +1.533602518e+01
8580 +8.133601459e+01 +8.133601459e+01 +1.287601459e+01 +1.287601459e+01
8602 +7.932476135e+01 +7.932476135e+01 +1.086476135e+01 +1.086476135e+01
8646 +7.740965670e+01 +7.740965670e+01 +8.949656696e+00 +8.949656696e+00
8866 +7.444053100e+01 +7.444053100e+01 +5.980530998e+00 +5.980530998e+00
8888 +7.320201684e+01 +7.320201684e+01 +4.742016843e+00 +4.742016843e+00
8954 +7.193064799e+01 +7.193064799e+01 +3.470647985e+00 +3.470647985e+00
9108 +7.053422586e+01 +7.053422586e+01 +2.074225860e+00 +2.074225860e+00
9218 +6.886825453e+01 +6.886825453e+01 +4.082545346e-01 +4.082545346e-01
9350 +6.708030314e+01 +6.708030314e+01 -1.379696856e+00 -1.379696856e+00
9438 +6.592389483e+01 +6.592389483e+01 -2.536105166e+00 -2.536105166e+00
9548 +6.447291007e+01 +6.447291007e+01 -3.987089932e+00 -3.987089932e+00
9856 +6.299677498e+01 +6.299677498e+01 -5.463225017e+00 -5.463225017e+00
10384 +6.162499072e+01 +6.162499072e+01 -6.835009280e+00 -6.835009280e+00
148884 +5.989999592e+01 +5.989999592e+01 -8.560004078e+00 -8.560004078e+00
149082 +5.885571318e+01 +5.885571318e+01 -9.604286825e+00 -9.604286825e+00
% function evaluation | noise-free fitness - Fopt (-1.314900000000e+02) | best noise-free fitness - Fopt | measured fitness | best measured fitness | x1 | x2...
1 +1.647047479e+03 +1.647047479e+03 +1.515557479e+03 +1.515557479e+03
603 +1.578786537e+03 +1.578786537e+03 +1.447296537e+03 +1.447296537e+03
641 +1.470368382e+03 +1.470368382e+03 +1.338878382e+03 +1.338878382e+03
666 +1.329845083e+03 +1.329845083e+03 +1.198355083e+03 +1.198355083e+03
711 +1.279001388e+03 +1.279001388e+03 +1.147511388e+03 +1.147511388e+03
752 +1.244800942e+03 +1.244800942e+03 +1.113310942e+03 +1.113310942e+03
753 +1.212381948e+03 +1.212381948e+03 +1.080891948e+03 +1.080891948e+03
754 +1.168092172e+03 +1.168092172e+03 +1.036602172e+03 +1.036602172e+03
770 +1.141614455e+03 +1.141614455e+03 +1.010124455e+03 +1.010124455e+03
772 +1.083377202e+03 +1.083377202e+03 +9.518872018e+02 +9.518872018e+02
833 +1.051060863e+03 +1.051060863e+03 +9.195708628e+02 +9.195708628e+02
836 +1.021033553e+03 +1.021033553e+03 +8.895435534e+02 +8.895435534e+02
841 +9.443290532e+02 +9.443290532e+02 +8.128390532e+02 +8.128390532e+02
880 +9.078692766e+02 +9.078692766e+02 +7.763792766e+02 +7.763792766e+02
901 +8.877606125e+02 +8.877606125e+02 +7.562706125e+02 +7.562706125e+02
924 +8.324218437e+02 +8.324218437e+02 +7.009318437e+02 +7.009318437e+02
945 +7.857675971e+02 +7.857675971e+02 +6.542775971e+02 +6.542775971e+02
946 +7.432808749e+02 +7.432808749e+02 +6.117908749e+02 +6.117908749e+02
995 +7.397544774e+02 +7.397544774e+02 +6.082644774e+02 +6.082644774e+02
1036 +7.052184669e+02 +7.052184669e+02 +5.737284669e+02 +5.737284669e+02
1115 +6.590172379e+02 +6.590172379e+02 +5.275272379e+02 +5.275272379e+02
1139 +6.388407609e+02 +6.388407609e+02 +5.073507609e+02 +5.073507609e+02
1166 +6.199164610e+02 +6.199164610e+02 +4.884264610e+02 +4.884264610e+02
1187 +6.077803621e+02 +6.077803621e+02 +4.762903621e+02 +4.762903621e+02
1212 +5.868716606e+02 +5.868716606e+02 +4.553816606e+02 +4.553816606e+02
1253 +5.439212175e+02 +5.439212175e+02 +4.124312175e+02 +4.124312175e+02
1342 +5.210851733e+02 +5.210851733e+02 +3.895951733e+02 +3.895951733e+02
1389 +4.872839152e+02 +4.872839152e+02 +3.557939152e+02 +3.557939152e+02
1474 +4.529640653e+02 +4.529640653e+02 +3.214740653e+02 +3.214740653e+02
1496 +4.412573326e+02 +4.412573326e+02 +3.097673326e+02 +3.097673326e+02
1734 +4.160570945e+02 +4.160570945e+02 +2.845670945e+02 +2.845670945e+02
1975 +4.004515457e+02 +4.004515457e+02 +2.689615457e+02 +2.689615457e+02
2063 +3.784677894e+02 +3.784677894e+02 +2.469777894e+02 +2.469777894e+02
2247 +3.347503866e+02 +3.347503866e+02 +2.032603866e+02 +2.032603866e+02
3227 +2.969447667e+02 +2.969447667e+02 +1.654547667e+02 +1.654547667e+02
3234 +2.869378658e+02 +2.869378658e+02 +1.554478658e+02 +1.554478658e+02
3344 +2.484923359e+02 +2.484923359e+02 +1.170023359e+02 +1.170023359e+02
3366 +2.389110612e+02 +2.389110612e+02 +1.074210612e+02 +1.074210612e+02
3388 +2.221514042e+02 +2.221514042e+02 +9.066140422e+01 +9.066140422e+01
3564 +2.049585565e+02 +2.049585565e+02 +7.346855647e+01 +7.346855647e+01
3608 +1.945391954e+02 +1.945391954e+02 +6.304919539e+01 +6.304919539e+01
3630 +1.888719922e+02 +1.888719922e+02 +5.738199221e+01 +5.738199221e+01
3652 +1.857431159e+02 +1.857431159e+02 +5.425311589e+01 +5.425311589e+01
3784 +1.760531452e+02 +1.760531452e+02 +4.456314517e+01 +4.456314517e+01
3806 +1.684764497e+02 +1.684764497e+02 +3.698644965e+01 +3.698644965e+01
3872 +1.616706527e+02 +1.616706527e+02 +3.018065274e+01 +3.018065274e+01
3894 +1.498212447e+02 +1.498212447e+02 +1.833124473e+01 +1.833124473e+01
4004 +1.466969716e+02 +1.466969716e+02 +1.520697158e+01 +1.520697158e+01
4026 +1.355543482e+02 +1.355543482e+02 +4.064348242e+00 +4.064348242e+00
4048 +1.251694035e+02 +1.251694035e+02 -6.320596507e+00 -6.320596507e+00
4114 +1.215393331e+02 +1.215393331e+02 -9.950666897e+00 -9.950666897e+00
4136 +1.170660001e+02 +1.170660001e+02 -1.442399992e+01 -1.442399992e+01
4202 +1.031415536e+02 +1.031415536e+02 -2.834844640e+01 -2.834844640e+01
4246 +1.014658456e+02 +1.014658456e+02 -3.002415436e+01 -3.002415436e+01
4290 +9.858409202e+01 +9.858409202e+01 -3.290590798e+01 -3.290590798e+01
4312 +9.144096081e+01 +9.144096081e+01 -4.004903919e+01 -4.004903919e+01
4378 +8.953399641e+01 +8.953399641e+01 -4.195600359e+01 -4.195600359e+01
4400 +8.616896017e+01 +8.616896017e+01 -4.532103983e+01 -4.532103983e+01
4444 +8.253300565e+01 +8.253300565e+01 -4.895699435e+01 -4.895699435e+01
4488 +8.038534396e+01 +8.038534396e+01 -5.110465604e+01 -5.110465604e+01
4708 +7.837238151e+01 +7.837238151e+01 -5.311761849e+01 -5.311761849e+01
4818 +7.648629011e+01 +7.648629011e+01 -5.500370989e+01 -5.500370989e+01
4840 +7.506643079e+01 +7.506643079e+01 -5.642356921e+01 -5.642356921e+01
4884 +7.256014509e+01 +7.256014509e+01 -5.892985491e+01 -5.892985491e+01
4906 +7.074676058e+01 +7.074676058e+01 -6.074323942e+01 -6.074323942e+01
5192 +6.879750070e+01 +6.879750070e+01 -6.269249930e+01 -6.269249930e+01
5412 +6.738561885e+01 +6.738561885e+01 -6.410438115e+01 -6.410438115e+01
5566 +6.563885712e+01 +6.563885712e+01 -6.585114288e+01 -6.585114288e+01
5676 +6.435172269e+01 +6.435172269e+01 -6.713827731e+01 -6.713827731e+01
6424 +6.309208624e+01 +6.309208624e+01 -6.839791376e+01 -6.839791376e+01
72934 +6.143552605e+01 +6.143552605e+01 -7.005447395e+01 -7.005447395e+01
73044 +6.025377948e+01 +6.025377948e+01 -7.123622052e+01 -7.123622052e+01
73902 +5.885603427e+01 +5.885603427e+01 -7.263396573e+01 -7.263396573e+01
