% function evaluation | noise-free fitness - Fopt (6.870000000000e+00) | best noise-free fitness - Fopt | measured fitness | best measured fitness | x1 | x2...
1 +2.483510099e+01 +2.483510099e+01 +3.170510099e+01 +3.170510099e+01 +0.0000e+00 +0.0000e+00
2 +1.680495837e+01 +1.680495837e+01 +2.367495837e+01 +2.367495837e+01 -2.9441e+00 +4.5049e+00
8 +3.540564272e+00 +3.540564272e+00 +1.041056427e+01 +1.041056427e+01 -3.0700e+00 +4.5129e+00
24 +2.393291491e+00 +2.393291491e+00 +9.263291491e+00 +9.263291491e+00 -2.8465e+00 +4.5666e+00
107 +1.806380239e+00 +1.806380239e+00 +8.676380239e+00 +8.676380239e+00 -2.9414e+00 +4.3578e+00
875 +1.184015958e+00 +1.184015958e+00 +8.054015958e+00 +8.054015958e+00 -3.3122e+00 +4.1320e+00
2636 +1.058621147e+00 +1.058621147e+00 +7.928621147e+00 +7.928621147e+00 -8.1580e-01 -2.4004e+00
5588 +9.986894829e-01 +9.986894829e-01 +7.868689483e+00 +7.868689483e+00 -1.3685e+00 -1.4800e+00
% function evaluation | noise-free fitness - Fopt (1.000000000000e-02) | best noise-free fitness - Fopt | measured fitness | best measured fitness | x1 | x2...
1 +3.874812351e+01 +3.874812351e+01 +3.875812351e+01 +3.875812351e+01 +0.0000e+00 +0.0000e+00
5 +2.158859427e+01 +2.158859427e+01 +2.159859427e+01 +2.159859427e+01 -2.4497e+00 +4.4380e-01
9 +1.507708769e+01 +1.507708769e+01 +1.508708769e+01 +1.508708769e+01 -2.1782e+00 +5.2574e-01
21 +1.042339958e+01 +1.042339958e+01 +1.043339958e+01 +1.043339958e+01 -2.1153e+00 +6.2454e-01
24 +9.180625017e+00 +9.180625017e+00 +9.190625017e+00 +9.190625017e+00 -2.3473e+00 +3.6444e-01
31 +6.879501664e+00 +6.879501664e+00 +6.889501664e+00 +6.889501664e+00 -2.2519e+00 +3.3467e-01
81 +3.189881443e+00 +3.189881443e+00 +3.199881443e+00 +3.199881443e+00 -2.8595e+00 +9.5406e-02
377 +1.265888291e+00 +1.265888291e+00 +1.275888291e+00 +1.275888291e+00 -2.6916e+00 +2.6025e-01
865 +1.163554421e+00 +1.163554421e+00 +1.173554421e+00 +1.173554421e+00 -2.5333e+00 +4.2799e-01
1797 +1.003822586e+00 +1.003822586e+00 +1.013822586e+00 +1.013822586e+00 -2.5915e+00 +6.6596e-01
2759 +8.352291225e-01 +8.352291225e-01 +8.452291225e-01 +8.452291225e-01 -2.2940e+00 +6.7889e-01
4030 +8.230365731e-01 +8.230365731e-01 +8.330365731e-01 +8.330365731e-01 -3.1578e+00 -2.4966e-01
5768 +6.514604128e-01 +6.514604128e-01 +6.614604128e-01 +6.614604128e-01 -4.5533e+00 -7.8464e-01
5943 +2.319955784e-01 +2.319955784e-01 +2.419955784e-01 +2.419955784e-01 -4.5541e+00 -7.8375e-01
6177 +5.733075548e-02 +5.733075548e-02 +6.733075548e-02 +6.733075548e-02 -4.5542e+00 -7.8381e-01
6600 +5.181826928e-02 +5.181826928e-02 +6.181826928e-02 +6.181826928e-02 -4.5544e+00 -7.8376e-01
6608 +2.478295781e-02 +2.478295781e-02 +3.478295781e-02 +3.478295781e-02 -4.5542e+00 -7.8385e-01
7205 +2.200637830e-02 +2.200637830e-02 +3.200637830e-02 +3.200637830e-02 -4.5543e+00 -7.8378e-01
7306 +1.323248426e-02 +1.323248426e-02 +2.323248426e-02 +2.323248426e-02 -4.5542e+00 -7.8381e-01
7328 +1.256938637e-02 +1.256938637e-02 +2.256938637e-02 +2.256938637e-02 -4.5542e+00 -7.8383e-01
7421 +5.733637015e-03 +5.733637015e-03 +1.573363701e-02 +1.573363701e-02 -4.5542e+00 -7.8381e-01
7560 +1.856710135e-03 +1.856710135e-03 +1.185671014e-02 +1.185671014e-02 -4.5543e+00 -7.8381e-01
7741 +1.525246175e-03 +1.525246175e-03 +1.152524618e-02 +1.152524618e-02 -4.5543e+00 -7.8381e-01
7755 +1.358754844e-03 +1.358754844e-03 +1.135875484e-02 +1.135875484e-02 -4.5543e+00 -7.8381e-01
7757 +5.526778868e-04 +5.526778868e-04 +1.055267789e-02 +1.055267789e-02 -4.5543e+00 -7.8381e-01
7898 +3.447931768e-04 +3.447931768e-04 +1.034479318e-02 +1.034479318e-02 -4.5543e+00 -7.8381e-01
8152 +3.343000560e-04 +3.343000560e-04 +1.033430006e-02 +1.033430006e-02 -4.5543e+00 -7.8381e-01
8155 +1.607684495e-04 +1.607684495e-04 +1.016076845e-02 +1.016076845e-02 -4.5543e+00 -7.8381e-01
8184 +1.086548728e-04 +1.086548728e-04 +1.010865487e-02 +1.010865487e-02 -4.5543e+00 -7.8381e-01
8278 +9.051338225e-05 +9.051338225e-05 +1.009051338e-02 +1.009051338e-02 -4.5543e+00 -7.8381e-01
8288 +7.991718638e-05 +7.991718638e-05 +1.007991719e-02 +1.007991719e-02 -4.5543e+00 -7.8381e-01
8298 +4.985575558e-05 +4.985575558e-05 +1.004985576e-02 +1.004985576e-02 -4.5543e+00 -7.8381e-01
8333 +2.445814141e-05 +2.445814141e-05 +1.002445814e-02 +1.002445814e-02 -4.5543e+00 -7.8381e-01
8425 +1.144046624e-05 +1.144046624e-05 +1.001144047e-02 +1.001144047e-02 -4.5543e+00 -7.8381e-01
8448 +8.031127802e-06 +8.031127802e-06 +1.000803113e-02 +1.000803113e-02 -4.5543e+00 -7.8381e-01
8708 +7.840806943e-06 +7.840806943e-06 +1.000784081e-02 +1.000784081e-02 -4.5543e+00 -7.8381e-01
8712 +6.967493744e-06 +6.967493744e-06 +1.000696749e-02 +1.000696749e-02 -4.5543e+00 -7.8381e-01
8844 +3.359365187e-06 +3.359365187e-06 +1.000335937e-02 +1.000335937e-02 -4.5543e+00 -7.8381e-01
9052 +3.152534696e-06 +3.152534696e-06 +1.000315253e-02 +1.000315253e-02 -4.5543e+00 -7.8381e-01
9100 +1.059894467e-06 +1.059894467e-06 +1.000105989e-02 +1.000105989e-02 -4.5543e+00 -7.8381e-01
9508 +7.458466522e-07 +7.458466522e-07 +1.000074585e-02 +1.000074585e-02 -4.5543e+00 -7.8381e-01
9526 +5.502588807e-07 +5.502588807e-07 +1.000055026e-02 +1.000055026e-02 -4.5543e+00 -7.8381e-01
9532 +3.309815694e-07 +3.309815694e-07 +1.000033098e-02 +1.000033098e-02 -4.5543e+00 -7.8381e-01
% function evaluation | noise-free fitness - Fopt (-1.306100000000e+02) | best noise-free fitness - Fopt | measured fitness | best measured fitness | x1 | x2...
1 +6.063859804e+01 +6.063859804e+01 -6.997140196e+01 -6.997140196e+01 +0.0000e+00 +0.0000e+00
3 +2.460238321e+01 +2.460238321e+01 -1.060076168e+02 -1.060076168e+02 -1.6241e+00 -5.4233e+00
5 +2.241540772e+01 +2.241540772e+01 -1.081945923e+02 -1.081945923e+02 -1.7139e+00 -5.4449e+00
8 +1.723523545e+01 +1.723523545e+01 -1.133747646e+02 -1.133747646e+02 -1.5848e+00 -5.4253e+00
10 +1.551600335e+01 +1.551600335e+01 -1.150939966e+02 -1.150939966e+02 -1.5647e+00 -5.4190e+00
17 +3.682928721e+00 +3.682928721e+00 -1.269270713e+02 -1.269270713e+02 -1.5457e+00 -5.4885e+00
44 +2.455720565e+00 +2.455720565e+00 -1.281542794e+02 -1.281542794e+02 -1.5528e+00 -5.4835e+00
75 +2.388097283e+00 +2.388097283e+00 -1.282219027e+02 -1.282219027e+02 -1.5524e+00 -5.4852e+00
136 +1.683547040e+00 +1.683547040e+00 -1.289264530e+02 -1.289264530e+02 -1.5444e+00 -5.4956e+00
289 +1.644270798e+00 +1.644270798e+00 -1.289657292e+02 -1.289657292e+02 -1.5468e+00 -5.4964e+00
352 +6.055365407e-01 +6.055365407e-01 -1.300044635e+02 -1.300044635e+02 -1.5471e+00 -5.4920e+00
594 +5.750070583e-01 +5.750070583e-01 -1.300349929e+02 -1.300349929e+02 -1.5482e+00 -5.4902e+00
780 +5.514491414e-01 +5.514491414e-01 -1.300585509e+02 -1.300585509e+02 -1.5474e+00 -5.4913e+00
811 +5.325005020e-01 +5.325005020e-01 -1.300774995e+02 -1.300774995e+02 -1.5481e+00 -5.4905e+00
825 +4.570402136e-01 +4.570402136e-01 -1.301529598e+02 -1.301529598e+02 -1.5478e+00 -5.4911e+00
834 +3.710914501e-01 +3.710914501e-01 -1.302389085e+02 -1.302389085e+02 -1.5477e+00 -5.4908e+00
865 +3.456075117e-01 +3.456075117e-01 -1.302643925e+02 -1.302643925e+02 -1.5477e+00 -5.4907e+00
888 +3.222140184e-01 +3.222140184e-01 -1.302877860e+02 -1.302877860e+02 -1.5478e+00 -5.4909e+00
1026 +2.929650299e-01 +2.929650299e-01 -1.303170350e+02 -1.303170350e+02 -1.5477e+00 -5.4909e+00
1029 +2.576967864e-01 +2.576967864e-01 -1.303523032e+02 -1.303523032e+02 -1.5477e+00 -5.4911e+00
1078 +2.537246637e-01 +2.537246637e-01 -1.303562753e+02 -1.303562753e+02 -1.5477e+00 -5.4910e+00
1270 +2.456392478e-01 +2.456392478e-01 -1.303643608e+02 -1.303643608e+02 -1.5477e+00 -5.4911e+00
1320 +2.437049535e-01 +2.437049535e-01 -1.303662950e+02 -1.303662950e+02 -1.5477e+00 -5.4911e+00
% function evaluation | noise-free fitness - Fopt (-2.231200000000e+02) | best noise-free fitness - Fopt | measured fitness | best measured fitness | x1 | x2...
1 +5.548126590e+01 +5.548126590e+01 -1.676387341e+02 -1.676387341e+02 +0.0000e+00 +0.0000e+00
3 +2.589014754e+01 +2.589014754e+01 -1.972298525e+02 -1.972298525e+02 -1.8781e+00 +4.7237e-01
4 +2.511171480e+01 +2.511171480e+01 -1.980082852e+02 -1.980082852e+02 -1.6209e+00 +3.7921e-01
5 +1.462214509e+01 +1.462214509e+01 -2.084978549e+02 -2.084978549e+02 -1.6102e+00 +2.4407e-01
11 +1.045960817e+01 +1.045960817e+01 -2.126603918e+02 -2.126603918e+02 -1.6695e+00 +9.8936e-02
20 +5.947891586e+00 +5.947891586e+00 -2.171721084e+02 -2.171721084e+02 -1.6324e+00 +4.1877e-01
149 +3.644616858e+00 +3.644616858e+00 -2.194753831e+02 -2.194753831e+02 -1.5084e+00 +2.4515e-01
160 +2.149718318e+00 +2.149718318e+00 -2.209702817e+02 -2.209702817e+02 -1.0876e+00 +1.7332e-01
161 +1.092015137e+00 +1.092015137e+00 -2.220279849e+02 -2.220279849e+02 -1.2865e+00 +1.2649e-01
1098 +8.179418093e-01 +8.179418093e-01 -2.223020582e+02 -2.223020582e+02 +1.6052e+00 +1.2252e-01
1354 +6.736623676e-01 +6.736623676e-01 -2.224463376e+02 -2.224463376e+02 -4.1573e-01 +1.1506e-01
6080 +6.273912861e-01 +6.273912861e-01 -2.224926087e+02 -2.224926087e+02 -2.2096e+00 +2.0169e+00
6564 +4.192070267e-01 +4.192070267e-01 -2.227007930e+02 -2.227007930e+02 -2.3828e+00 -3.0208e+00
11165 +2.701225380e-01 +2.701225380e-01 -2.228498775e+02 -2.228498775e+02 +2.0336e+00 +3.5152e-01
16438 +1.046876461e-01 +1.046876461e-01 -2.230153124e+02 -2.230153124e+02 +4.5393e+00 -2.0632e+00
16676 +9.861733102e-02 +9.861733102e-02 -2.230213827e+02 -2.230213827e+02 +4.5390e+00 -2.0634e+00
16786 +5.485957790e-02 +5.485957790e-02 -2.230651404e+02 -2.230651404e+02 +4.5393e+00 -2.0632e+00
16890 +3.794679765e-02 +3.794679765e-02 -2.230820532e+02 -2.230820532e+02 +4.5395e+00 -2.0632e+00
16927 +3.350026493e-02 +3.350026493e-02 -2.230864997e+02 -2.230864997e+02 +4.5392e+00 -2.0633e+00
16962 +2.647379646e-02 +2.647379646e-02 -2.230935262e+02 -2.230935262e+02 +4.5396e+00 -2.0631e+00
17050 +1.469390872e-02 +1.469390872e-02 -2.231053061e+02 -2.231053061e+02 +4.5395e+00 -2.0632e+00
17105 +4.792898572e-03 +4.792898572e-03 -2.231152071e+02 -2.231152071e+02 +4.5395e+00 -2.0632e+00
17248 +4.312784222e-03 +4.312784222e-03 -2.231156872e+02 -2.231156872e+02 +4.5395e+00 -2.0632e+00
17270 +3.020588174e-03 +3.020588174e-03 -2.231169794e+02 -2.231169794e+02 +4.5395e+00 -2.0632e+00
17422 +1.484059131e-03 +1.484059131e-03 -2.231185159e+02 -2.231185159e+02 +4.5394e+00 -2.0632e+00
17468 +7.553574478e-04 +7.553574478e-04 -2.231192446e+02 -2.231192446e+02 +4.5394e+00 -2.0632e+00
17622 +3.737202773e-04 +3.737202773e-04 -2.231196263e+02 -2.231196263e+02 +4.5394e+00 -2.0632e+00
17647 +1.113423930e-04 +1.113423930e-04 -2.231198887e+02 -2.231198887e+02 +4.5394e+00 -2.0632e+00
17818 +7.921062064e-05 +7.921062064e-05 -2.231199208e+02 -2.231199208e+02 +4.5394e+00 -2.0632e+00
17974 +4.762441677e-05 +4.762441677e-05 -2.231199524e+02 -2.231199524e+02 +4.5394e+00 -2.0632e+00
18062 +4.162410795e-05 +4.162410795e-05 -2.231199584e+02 -2.231199584e+02 +4.5394e+00 -2.0632e+00
18088 +3.725361648e-05 +3.725361648e-05 -2.231199627e+02 -2.231199627e+02 +4.5394e+00 -2.0632e+00
18113 +2.764949326e-05 +2.764949326e-05 -2.231199724e+02 -2.231199724e+02 +4.5394e+00 -2.0632e+00
18133 +1.215439318e-05 +1.215439318e-05 -2.231199878e+02 -2.231199878e+02 +4.5394e+00 -2.0632e+00
18300 +7.082184567e-06 +7.082184567e-06 -2.231199929e+02 -2.231199929e+02 +4.5394e+00 -2.0632e+00
18576 +5.954576380e-06 +5.954576380e-06 -2.231199940e+02 -2.231199940e+02 +4.5394e+00 -2.0632e+00
18590 +3.325833575e-06 +3.325833575e-06 -2.231199967e+02 -2.231199967e+02 +4.5394e+00 -2.0632e+00
18617 +2.287275578e-06 +2.287275578e-06 -2.231199977e+02 -2.231199977e+02 +4.5394e+00 -2.0632e+00
18696 +1.267135275e-06 +1.267135275e-06 -2.231199987e+02 -2.231199987e+02 +4.5394e+00 -2.0632e+00
18962 +1.168740340e-06 +1.168740340e-06 -2.231199988e+02 -2.231199988e+02 +4.5394e+00 -2.0632e+00
19017 +1.077351897e-06 +1.077351897e-06 -2.231199989e+02 -2.231199989e+02 +4.5394e+00 -2.0632e+00
19040 +4.126355293e-07 +4.126355293e-07 -2.231199996e+02 -2.231199996e+02 +4.5394e+00 -2.0632e+00
19136 +9.753259178e-08 +9.753259178e-08 -2.231199999e+02 -2.231199999e+02 +4.5394e+00 -2.0632e+00
19247 +9.518174693e-08 +9.518174693e-08 -2.231199999e+02 -2.231199999e+02 +4.5394e+00 -2.0632e+00
19250 +9.289075820e-08 +9.289075820e-08 -2.231199999e+02 -2.231199999e+02 +4.5394e+00 -2.0632e+00
19340 +7.338388741e-08 +7.338388741e-08 -2.231199999e+02 -2.231199999e+02 +4.5394e+00 -2.0632e+00
19426 +6.497819527e-08 +6.497819527e-08 -2.231199999e+02 -2.231199999e+02 +4.5394e+00 -2.0632e+00
19483 +6.294226296e-08 +6.294226296e-08 -2.231199999e+02 -2.231199999e+02 +4.5394e+00 -2.0632e+00
19514 +5.190364050e-08 +5.190364050e-08 -2.231199999e+02 -2.231199999e+02 +4.5394e+00 -2.0632e+00
19521 +4.604339665e-08 +4.604339665e-08 -2.231200000e+02 -2.231200000e+02 +4.5394e+00 -2.0632e+00
19572 +3.853401154e-08 +3.853401154e-08 -2.231200000e+02 -2.231200000e+02 +4.5394e+00 -2.0632e+00
19573 +2.275510269e-08 +2.275510269e-08 -2.231200000e+02 -2.231200000e+02 +4.5394e+00 -2.0632e+00
19624 +9.021135838e-09 +9.021135838e-09 -2.231200000e+02 -2.231200000e+02 +4.5394e+00 -2.0632e+00
% function evaluation | noise-free fitness - Fopt (-4.443000000000e+01) | best noise-free fitness - Fopt | measured fitness | best measured fitness | x1 | x2...
1 +6.617331483e+01 +6.617331483e+01 +2.174331483e+01 +2.174331483e+01 +0.0000e+00 +0.0000e+00
2 +2.336321556e+01 +2.336321556e+01 -2.106678444e+01 -2.106678444e+01 +1.3840e+00 +3.3147e-01
5 +1.444116699e+01 +1.444116699e+01 -2.998883301e+01 -2.998883301e+01 +1.4172e+00 +1.2892e-01
9 +1.265589981e+01 +1.265589981e+01 -3.177410019e+01 -3.177410019e+01 +1.2355e+00 +1.2530e-01
21 +8.334160645e+00 +8.334160645e+00 -3.609583936e+01 -3.609583936e+01 +1.2605e+00 +2.0242e-01
98 +5.889966253e+00 +5.889966253e+00 -3.854003375e+01 -3.854003375e+01 +1.3131e+00 +4.4200e-01
154 +4.407611214e+00 +4.407611214e+00 -4.002238879e+01 -4.002238879e+01 +1.3799e+00 +4.7968e-01
276 +2.684990923e+00 +2.684990923e+00 -4.174500908e+01 -4.174500908e+01 +1.3948e+00 +4.6151e-01
384 +2.105025978e+00 +2.105025978e+00 -4.232497402e+01 -4.232497402e+01 +1.4443e+00 +5.1004e-01
503 +1.581831419e+00 +1.581831419e+00 -4.284816858e+01 -4.284816858e+01 +1.4466e+00 +5.0590e-01
746 +5.207739749e-01 +5.207739749e-01 -4.390922603e+01 -4.390922603e+01 +1.5042e+00 +5.4553e-01
4276 +4.033137707e-01 +4.033137707e-01 -4.402668623e+01 -4.402668623e+01 +1.0722e+00 +1.1040e+00
4745 +3.730711162e-01 +3.730711162e-01 -4.405692888e+01 -4.405692888e+01 +8.7243e-01 +1.0152e+00
7385 +3.704776528e-01 +3.704776528e-01 -4.405952235e+01 -4.405952235e+01 +2.6695e+00 +3.1202e-01
8679 +2.244652458e-01 +2.244652458e-01 -4.420553475e+01 -4.420553475e+01 +1.5233e+00 -5.7625e-01
% function evaluation | noise-free fitness - Fopt (-3.845400000000e+02) | best noise-free fitness - Fopt | measured fitness | best measured fitness | x1 | x2...
1 +1.349753275e+01 +1.349753275e+01 -3.710424673e+02 -3.710424673e+02 +0.0000e+00 +0.0000e+00
5 +4.372520481e+00 +4.372520481e+00 -3.801674795e+02 -3.801674795e+02 +6.2650e-02 -1.0321e+00
26 +2.587299926e+00 +2.587299926e+00 -3.819527001e+02 -3.819527001e+02 +1.1927e-02 -1.0832e+00
75 +2.408005291e+00 +2.408005291e+00 -3.821319947e+02 -3.821319947e+02 +1.8533e-01 -1.0020e+00
314 +1.206306801e+00 +1.206306801e+00 -3.833336932e+02 -3.833336932e+02 +7.2311e-02 -1.0334e+00
1627 +1.029383952e+00 +1.029383952e+00 -3.835106160e+02 -3.835106160e+02 +6.8070e-01 -4.7915e-01
2610 +9.167499027e-01 +9.167499027e-01 -3.836232501e+02 -3.836232501e+02 +7.8023e-01 -7.1298e-01
6854 +6.317983555e-01 +6.317983555e-01 -3.839082016e+02 -3.839082016e+02 -1.5393e-01 -1.7084e+00
% function evaluation | noise-free fitness - Fopt (-6.071200000000e+02) | best noise-free fitness - Fopt | measured fitness | best measured fitness | x1 | x2...
1 +6.003387946e+01 +6.003387946e+01 -5.470861205e+02 -5.470861205e+02 +0.0000e+00 +0.0000e+00
2 +4.166859594e+01 +4.166859594e+01 -5.654514041e+02 -5.654514041e+02 +2.0657e+00 +1.1273e+00
8 +3.247963030e+01 +3.247963030e+01 -5.746403697e+02 -5.746403697e+02 +2.0534e+00 +9.7010e-01
10 +7.731029806e+00 +7.731029806e+00 -5.993889702e+02 -5.993889702e+02 +1.9897e+00 +1.1698e+00
44 +6.154978933e+00 +6.154978933e+00 -6.009650211e+02 -6.009650211e+02 +2.0690e+00 +1.0967e+00
73 +5.645495630e+00 +5.645495630e+00 -6.014745044e+02 -6.014745044e+02 +2.0663e+00 +1.2017e+00
154 +4.780612136e+00 +4.780612136e+00 -6.023393879e+02 -6.023393879e+02 +1.9881e+00 +1.1680e+00
263 +1.984875710e+00 +1.984875710e+00 -6.051351243e+02 -6.051351243e+02 +2.0054e+00 +1.2866e+00
295 +6.464166467e-01 +6.464166467e-01 -6.064735834e+02 -6.064735834e+02 +2.0620e+00 +1.2577e+00
1439 +4.136105712e-01 +4.136105712e-01 -6.067063894e+02 -6.067063894e+02 +1.9363e+00 +1.5301e+00
1914 +8.826236613e-02 +8.826236613e-02 -6.070317376e+02 -6.070317376e+02 +1.9140e+00 +1.5749e+00
2331 +6.860069339e-02 +6.860069339e-02 -6.070513993e+02 -6.070513993e+02 +1.9140e+00 +1.5749e+00
2464 +6.676070572e-02 +6.676070572e-02 -6.070532393e+02 -6.070532393e+02 +1.9140e+00 +1.5749e+00
2640 +6.220204707e-02 +6.220204707e-02 -6.070577980e+02 -6.070577980e+02 +1.9140e+00 +1.5749e+00
2706 +6.052986242e-02 +6.052986242e-02 -6.070594701e+02 -6.070594701e+02 +1.9140e+00 +1.5749e+00
2730 +5.663145562e-02 +5.663145562e-02 -6.070633685e+02 -6.070633685e+02 +1.9140e+00 +1.5749e+00
% function evaluation | noise-free fitness - Fopt (-2.955000000000e+01) | best noise-free fitness - Fopt | measured fitness | best measured fitness | x1 | x2...
1 +1.922529668e+01 +1.922529668e+01 -1.032470332e+01 -1.032470332e+01 +0.0000e+00 +0.0000e+00
2 +1.240883784e+01 +1.240883784e+01 -1.714116216e+01 -1.714116216e+01 -5.3359e+00 +3.4799e+00
10 +7.445754189e+00 +7.445754189e+00 -2.210424581e+01 -2.210424581e+01 -5.5328e+00 +3.4915e+00
14 +1.253783122e+00 +1.253783122e+00 -2.829621688e+01 -2.829621688e+01 -5.5579e+00 +3.5169e+00
470 +1.071643767e+00 +1.071643767e+00 -2.847835623e+01 -2.847835623e+01 -5.4751e+00 +3.4992e+00
1232 +7.387760281e-01 +7.387760281e-01 -2.881122397e+01 -2.881122397e+01 -5.6304e+00 +3.5232e+00
% function evaluation | noise-free fitness - Fopt (1.000000000000e+03) | best noise-free fitness - Fopt | measured fitness | best measured fitness | x1 | x2...
1 +2.025737278e+01 +2.025737278e+01 +1.020257373e+03 +1.020257373e+03 +0.0000e+00 +0.0000e+00
6 +1.255913397e+01 +1.255913397e+01 +1.012559134e+03 +1.012559134e+03 +3.3894e+00 +1.4264e+00
14 +7.225917223e+00 +7.225917223e+00 +1.007225917e+03 +1.007225917e+03 +3.6038e+00 +1.3030e+00
28 +5.016982308e+00 +5.016982308e+00 +1.005016982e+03 +1.005016982e+03 +3.4134e+00 +1.3603e+00
130 +4.664959739e+00 +4.664959739e+00 +1.004664960e+03 +1.004664960e+03 +3.0894e+00 +1.2247e+00
131 +4.517527327e+00 +4.517527327e+00 +1.004517527e+03 +1.004517527e+03 +2.7953e+00 +1.3148e+00
215 +3.894743625e+00 +3.894743625e+00 +1.003894744e+03 +1.003894744e+03 +1.6622e+00 +1.2569e+00
226 +3.197090590e+00 +3.197090590e+00 +1.003197091e+03 +1.003197091e+03 +2.6524e+00 +1.5337e+00
475 +4.473851678e-01 +4.473851678e-01 +1.000447385e+03 +1.000447385e+03 +1.2855e+00 +1.7324e+00
% function evaluation | noise-free fitness - Fopt (-4.456000000000e+01) | best noise-free fitness - Fopt | measured fitness | best measured fitness | x1 | x2...
1 +3.222736484e+01 +3.222736484e+01 -1.233263516e+01 -1.233263516e+01 +0.0000e+00 +0.0000e+00
3 +2.078300884e+01 +2.078300884e+01 -2.377699116e+01 -2.377699116e+01 -2.8619e+00 -1.0248e+00
5 +9.346055457e+00 +9.346055457e+00 -3.521394454e+01 -3.521394454e+01 -3.0951e+00 -9.9982e-01
16 +7.270361266e+00 +7.270361266e+00 -3.728963873e+01 -3.728963873e+01 -2.8934e+00 -1.0611e+00
40 +4.701977741e+00 +4.701977741e+00 -3.985802226e+01 -3.985802226e+01 -3.0126e+00 -1.0473e+00
77 +4.064145927e+00 +4.064145927e+00 -4.049585407e+01 -4.049585407e+01 -2.8888e+00 -1.0466e+00
83 +3.814808249e+00 +3.814808249e+00 -4.074519175e+01 -4.074519175e+01 -2.9946e+00 -1.0277e+00
114 +3.368556983e+00 +3.368556983e+00 -4.119144302e+01 -4.119144302e+01 -2.8675e+00 -1.0203e+00
393 +3.229405419e+00 +3.229405419e+00 -4.133059458e+01 -4.133059458e+01 -2.8699e+00 -1.0240e+00
396 +9.283769455e-01 +9.283769455e-01 -4.363162305e+01 -4.363162305e+01 -2.8739e+00 -1.0270e+00
% function evaluation | noise-free fitness - Fopt (6.442000000000e+01) | best noise-free fitness - Fopt | measured fitness | best measured fitness | x1 | x2...
1 +5.185667116e+01 +5.185667116e+01 +1.162766712e+02 +1.162766712e+02 +0.0000e+00 +0.0000e+00
4 +4.640015781e+01 +4.640015781e+01 +1.108201578e+02 +1.108201578e+02 +1.0340e+00 -6.0287e+00
6 +2.290864269e+01 +2.290864269e+01 +8.732864269e+01 +8.732864269e+01 +9.7257e-01 -6.1002e+00
22 +1.953733816e+01 +1.953733816e+01 +8.395733816e+01 +8.395733816e+01 +8.3439e-01 -6.0740e+00
53 +1.262216454e+01 +1.262216454e+01 +7.704216454e+01 +7.704216454e+01 +8.9235e-01 -6.2554e+00
71 +7.728835418e+00 +7.728835418e+00 +7.214883542e+01 +7.214883542e+01 +9.4006e-01 -6.2786e+00
80 +6.452780904e+00 +6.452780904e+00 +7.087278090e+01 +7.087278090e+01 +8.0279e-01 -6.0018e+00
81 +4.391307910e+00 +4.391307910e+00 +6.881130791e+01 +6.881130791e+01 +8.1685e-01 -6.0128e+00
127 +3.967598663e+00 +3.967598663e+00 +6.838759866e+01 +6.838759866e+01 +8.7704e-01 -6.1423e+00
526 +3.274492867e+00 +3.274492867e+00 +6.769449287e+01 +6.769449287e+01 +6.9064e-01 -6.1655e+00
% function evaluation | noise-free fitness - Fopt (7.514000000000e+01) | best noise-free fitness - Fopt | measured fitness | best measured fitness | x1 | x2...
1 +7.121679771e+01 +7.121679771e+01 +1.463567977e+02 +1.463567977e+02 +0.0000e+00 +0.0000e+00
2 +3.309029427e+01 +3.309029427e+01 +1.082302943e+02 +1.082302943e+02 -1.0653e+00 -5.2990e+00
3 +2.619336731e+01 +2.619336731e+01 +1.013333673e+02 +1.013333673e+02 -8.3203e-01 -5.2834e+00
6 +2.291994218e+01 +2.291994218e+01 +9.805994218e+01 +9.805994218e+01 -9.4903e-01 -5.2920e+00
12 +1.273132670e+01 +1.273132670e+01 +8.787132670e+01 +8.787132670e+01 -1.1263e+00 -5.1892e+00
59 +5.368428754e+00 +5.368428754e+00 +8.050842875e+01 +8.050842875e+01 -1.1009e+00 -5.2930e+00
88 +2.447277114e+00 +2.447277114e+00 +7.758727711e+01 +7.758727711e+01 -8.8899e-01 -5.2705e+00
457 +2.280174964e+00 +2.280174964e+00 +7.742017496e+01 +7.742017496e+01 -4.8808e-01 -5.1309e+00
610 +1.901934777e+00 +1.901934777e+00 +7.704193478e+01 +7.704193478e+01 -6.7694e-01 -5.2669e+00
939 +1.165513347e+00 +1.165513347e+00 +7.630551335e+01 +7.630551335e+01 -6.7540e-01 -5.2567e+00
1195 +7.801789037e-01 +7.801789037e-01 +7.592017890e+01 +7.592017890e+01 -6.7592e-01 -5.2608e+00
1225 +6.733087871e-01 +6.733087871e-01 +7.581330879e+01 +7.581330879e+01 -6.7472e-01 -5.2560e+00
1364 +4.984045664e-01 +4.984045664e-01 +7.563840457e+01 +7.563840457e+01 -6.7457e-01 -5.2551e+00
1430 +3.413168747e-01 +3.413168747e-01 +7.548131687e+01 +7.548131687e+01 -6.7429e-01 -5.2528e+00
1471 +2.375515051e-01 +2.375515051e-01 +7.537755151e+01 +7.537755151e+01 -6.7438e-01 -5.2539e+00
1518 +2.086511922e-01 +2.086511922e-01 +7.534865119e+01 +7.534865119e+01 -6.7409e-01 -5.2523e+00
1532 +1.037587482e-01 +1.037587482e-01 +7.524375875e+01 +7.524375875e+01 -6.7416e-01 -5.2527e+00
1738 +8.998229359e-02 +8.998229359e-02 +7.522998229e+01 +7.522998229e+01 -6.7412e-01 -5.2526e+00
1970 +8.043569141e-02 +8.043569141e-02 +7.522043569e+01 +7.522043569e+01 -6.7416e-01 -5.2527e+00
2046 +7.534390235e-02 +7.534390235e-02 +7.521534390e+01 +7.521534390e+01 -6.7415e-01 -5.2527e+00
2060 +6.872443799e-02 +6.872443799e-02 +7.520872444e+01 +7.520872444e+01 -6.7416e-01 -5.2528e+00
2310 +6.586788643e-02 +6.586788643e-02 +7.520586789e+01 +7.520586789e+01 -6.7416e-01 -5.2527e+00
2525 +6.423689308e-02 +6.423689308e-02 +7.520423689e+01 +7.520423689e+01 -6.7416e-01 -5.2527e+00
% function evaluation | noise-free fitness - Fopt (1.042500000000e+02) | best noise-free fitness - Fopt | measured fitness | best measured fitness | x1 | x2...
1 +5.007790402e+01 +5.007790402e+01 +1.543279040e+02 +1.543279040e+02 +0.0000e+00 +0.0000e+00
2 +2.491670416e+01 +2.491670416e+01 +1.291667042e+02 +1.291667042e+02 +1.7032e+00 -5.9459e-01
5 +2.294253721e+01 +2.294253721e+01 +1.271925372e+02 +1.271925372e+02 +1.8428e+00 -4.1778e-01
8 +9.422579494e+00 +9.422579494e+00 +1.136725795e+02 +1.136725795e+02 +1.9323e+00 -5.5144e-01
53 +8.500308732e+00 +8.500308732e+00 +1.127503087e+02 +1.127503087e+02 +1.9305e+00 -3.8922e-01
58 +7.754722011e+00 +7.754722011e+00 +1.120047220e+02 +1.120047220e+02 +2.0214e+00 -3.5399e-01
72 +3.708757856e+00 +3.708757856e+00 +1.079587579e+02 +1.079587579e+02 +1.9062e+00 -2.6163e-01
141 +1.678090609e+00 +1.678090609e+00 +1.059280906e+02 +1.059280906e+02 +1.9838e+00 -4.0476e-01
1977 +6.996623737e-01 +6.996623737e-01 +1.049496624e+02 +1.049496624e+02 +2.6769e+00 -1.8788e+00
3072 +5.204654678e-01 +5.204654678e-01 +1.047704655e+02 +1.047704655e+02 +3.0046e+00 +5.8066e-01
4780 +2.436734028e-01 +2.436734028e-01 +1.044936734e+02 +1.044936734e+02 +2.9167e+00 -2.6600e-01
6492 +7.845654390e-02 +7.845654390e-02 +1.043284565e+02 +1.043284565e+02 +5.0319e-01 +7.0857e-01
% function evaluation | noise-free fitness - Fopt (-8.550000000000e+00) | best noise-free fitness - Fopt | measured fitness | best measured fitness | x1 | x2...
1 +4.940051034e+01 +4.940051034e+01 +4.085051034e+01 +4.085051034e+01 +0.0000e+00 +0.0000e+00
5 +1.970189940e+01 +1.970189940e+01 +1.115189940e+01 +1.115189940e+01 +3.5211e+00 -7.7858e-01
10 +8.374119048e+00 +8.374119048e+00 -1.758809521e-01 -1.758809521e-01 +3.7132e+00 -7.6588e-01
198 +5.988819904e+00 +5.988819904e+00 -2.561180096e+00 -2.561180096e+00 +3.6501e+00 -7.5876e-01
244 +2.025376638e+00 +2.025376638e+00 -6.524623362e+00 -6.524623362e+00 +3.6713e+00 -5.7388e-01
827 +1.420926719e+00 +1.420926719e+00 -7.129073281e+00 -7.129073281e+00 +3.6712e+00 -5.7356e-01
% function evaluation | noise-free fitness - Fopt (-1.014500000000e+02) | best noise-free fitness - Fopt | measured fitness | best measured fitness | x1 | x2...
1 +5.362594432e+01 +5.362594432e+01 -4.782405568e+01 -4.782405568e+01 +0.0000e+00 +0.0000e+00
2 +5.183151693e+01 +5.183151693e+01 -4.961848307e+01 -4.961848307e+01 +8.3711e-01 -1.6527e+00
3 +7.951873974e+00 +7.951873974e+00 -9.349812603e+01 -9.349812603e+01 +9.2824e-01 -1.5584e+00
38 +7.365393768e+00 +7.365393768e+00 -9.408460623e+01 -9.408460623e+01 +9.3671e-01 -1.5594e+00
61 +4.151254306e+00 +4.151254306e+00 -9.729874569e+01 -9.729874569e+01 +6.6054e-01 -1.5189e+00
104 +3.078368639e+00 +3.078368639e+00 -9.837163136e+01 -9.837163136e+01 +8.2820e-01 -1.6209e+00
193 +2.759880541e+00 +2.759880541e+00 -9.869011946e+01 -9.869011946e+01 +9.4939e-01 -1.5727e+00
394 +1.928101626e+00 +1.928101626e+00 -9.952189837e+01 -9.952189837e+01 +9.7550e-01 -1.1152e+00
464 +1.147376968e+00 +1.147376968e+00 -1.003026230e+02 -1.003026230e+02 +9.5960e-01 -1.3422e+00
1399 +7.069689375e-01 +7.069689375e-01 -1.007430311e+02 -1.007430311e+02 +6.5064e-01 -1.2716e+00
3736 +5.386219168e-01 +5.386219168e-01 -1.009113781e+02 -1.009113781e+02 +4.6894e+00 -1.1316e+00
3762 +3.998375316e-01 +3.998375316e-01 -1.010501625e+02 -1.010501625e+02 +4.6901e+00 -1.1320e+00
4400 +2.458727895e-01 +2.458727895e-01 -1.012041272e+02 -1.012041272e+02 +4.6929e+00 -1.1339e+00
4450 +2.253383895e-01 +2.253383895e-01 -1.012246616e+02 -1.012246616e+02 +4.6928e+00 -1.1338e+00
4620 +1.941128737e-01 +1.941128737e-01 -1.012558871e+02 -1.012558871e+02 +4.6912e+00 -1.1327e+00
4637 +1.623466117e-01 +1.623466117e-01 -1.012876534e+02 -1.012876534e+02 +4.6914e+00 -1.1327e+00
4673 +1.491409048e-01 +1.491409048e-01 -1.013008591e+02 -1.013008591e+02 +4.6914e+00 -1.1328e+00
4690 +1.184032573e-01 +1.184032573e-01 -1.013315967e+02 -1.013315967e+02 +4.6915e+00 -1.1330e+00
4727 +9.073364437e-02 +9.073364437e-02 -1.013592664e+02 -1.013592664e+02 +4.6919e+00 -1.1332e+00
4766 +7.776812159e-02 +7.776812159e-02 -1.013722319e+02 -1.013722319e+02 +4.6916e+00 -1.1330e+00
4821 +7.231668706e-02 +7.231668706e-02 -1.013776833e+02 -1.013776833e+02 +4.6916e+00 -1.1330e+00
4947 +6.886064810e-02 +6.886064810e-02 -1.013811394e+02 -1.013811394e+02 +4.6916e+00 -1.1330e+00
5107 +5.377721170e-02 +5.377721170e-02 -1.013962228e+02 -1.013962228e+02 +4.6917e+00 -1.1331e+00
5268 +4.981396074e-02 +4.981396074e-02 -1.014001860e+02 -1.014001860e+02 +4.6917e+00 -1.1331e+00
5315 +4.195156940e-02 +4.195156940e-02 -1.014080484e+02 -1.014080484e+02 +4.6917e+00 -1.1331e+00
5375 +3.476803471e-02 +3.476803471e-02 -1.014152320e+02 -1.014152320e+02 +4.6917e+00 -1.1331e+00
5405 +2.218734230e-02 +2.218734230e-02 -1.014278127e+02 -1.014278127e+02 +4.6918e+00 -1.1331e+00
5499 +2.149528511e-02 +2.149528511e-02 -1.014285047e+02 -1.014285047e+02 +4.6918e+00 -1.1331e+00
5530 +1.912545624e-02 +1.912545624e-02 -1.014308745e+02 -1.014308745e+02 +4.6918e+00 -1.1332e+00
5535 +1.094950769e-02 +1.094950769e-02 -1.014390505e+02 -1.014390505e+02 +4.6918e+00 -1.1332e+00
5789 +2.075499601e-03 +2.075499601e-03 -1.014479245e+02 -1.014479245e+02 +4.6918e+00 -1.1332e+00
6345 +1.794765793e-03 +1.794765793e-03 -1.014482052e+02 -1.014482052e+02 +4.6918e+00 -1.1332e+00
6374 +1.213197599e-03 +1.213197599e-03 -1.014487868e+02 -1.014487868e+02 +4.6918e+00 -1.1332e+00
6382 +1.178358082e-03 +1.178358082e-03 -1.014488216e+02 -1.014488216e+02 +4.6918e+00 -1.1332e+00
6385 +8.084719972e-04 +8.084719972e-04 -1.014491915e+02 -1.014491915e+02 +4.6918e+00 -1.1332e+00
6436 +4.780081841e-04 +4.780081841e-04 -1.014495220e+02 -1.014495220e+02 +4.6918e+00 -1.1332e+00
6468 +2.844217839e-04 +2.844217839e-04 -1.014497156e+02 -1.014497156e+02 +4.6918e+00 -1.1332e+00
6506 +1.545197665e-04 +1.545197665e-04 -1.014498455e+02 -1.014498455e+02 +4.6918e+00 -1.1332e+00
6785 +1.281865109e-04 +1.281865109e-04 -1.014498718e+02 -1.014498718e+02 +4.6918e+00 -1.1332e+00
6906 +1.105047592e-04 +1.105047592e-04 -1.014498895e+02 -1.014498895e+02 +4.6918e+00 -1.1332e+00
6912 +8.798198895e-05 +8.798198895e-05 -1.014499120e+02 -1.014499120e+02 +4.6918e+00 -1.1332e+00
6961 +5.222966321e-05 +5.222966321e-05 -1.014499478e+02 -1.014499478e+02 +4.6918e+00 -1.1332e+00
7018 +4.775862622e-05 +4.775862622e-05 -1.014499522e+02 -1.014499522e+02 +4.6918e+00 -1.1332e+00
7040 +1.643548424e-05 +1.643548424e-05 -1.014499836e+02 -1.014499836e+02 +4.6918e+00 -1.1332e+00
7200 +1.036668888e-05 +1.036668888e-05 -1.014499896e+02 -1.014499896e+02 +4.6918e+00 -1.1332e+00
7216 +8.692780114e-06 +8.692780114e-06 -1.014499913e+02 -1.014499913e+02 +4.6918e+00 -1.1332e+00
7244 +8.164231346e-06 +8.164231346e-06 -1.014499918e+02 -1.014499918e+02 +4.6918e+00 -1.1332e+00
7282 +5.287726481e-06 +5.287726481e-06 -1.014499947e+02 -1.014499947e+02 +4.6918e+00 -1.1332e+00
7326 +2.805875397e-06 +2.805875397e-06 -1.014499972e+02 -1.014499972e+02 +4.6918e+00 -1.1332e+00
7376 +1.523740053e-06 +1.523740053e-06 -1.014499985e+02 -1.014499985e+02 +4.6918e+00 -1.1332e+00
7491 +9.753023420e-07 +9.753023420e-07 -1.014499990e+02 -1.014499990e+02 +4.6918e+00 -1.1332e+00
7507 +5.717174645e-07 +5.717174645e-07 -1.014499994e+02 -1.014499994e+02 +4.6918e+00 -1.1332e+00
7561 +3.997175355e-07 +3.997175355e-07 -1.014499996e+02 -1.014499996e+02 +4.6918e+00 -1.1332e+00
7876 +2.877144141e-07 +2.877144141e-07 -1.014499997e+02 -1.014499997e+02 +4.6918e+00 -1.1332e+00
7898 +2.580657394e-07 +2.580657394e-07 -1.014499997e+02 -1.014499997e+02 +4.6918e+00 -1.1332e+00
7959 +1.636502276e-07 +1.636502276e-07 -1.014499998e+02 -1.014499998e+02 +4.6918e+00 -1.1332e+00
8671 +4.465779568e-08 +4.465779568e-08 -1.014500000e+02 -1.014500000e+02 +4.6918e+00 -1.1332e+00
9057 +2.993846238e-08 +2.993846238e-08 -1.014500000e+02 -1.014500000e+02 +4.6918e+00 -1.1332e+00
9224 +1.211641631e-08 +1.211641631e-08 -1.014500000e+02 -1.014500000e+02 +4.6918e+00 -1.1332e+00
9420 +9.617423302e-09 +9.617423302e-09 -1.014500000e+02 -1.014500000e+02 +4.6918e+00 -1.1332e+00
