% function evaluation | noise-free fitness - Fopt (-5.235000000000e+01) | best noise-free fitness - Fopt | measured fitness | best measured fitness | x1 | x2...
1 +1.487914355e+00 +1.487914355e+00 -5.086208564e+01 -5.086208564e+01 +0.0000e+00 +0.0000e+00
322 +1.596369393e-01 +1.596369393e-01 -5.219036306e+01 -5.219036306e+01 -7.1708e-01 -1.7642e+00
417 +1.917400088e-02 +1.917400088e-02 -5.233082600e+01 -5.233082600e+01 -8.9288e-01 -1.2410e+00
623 +3.576509235e-03 +3.576509235e-03 -5.234642349e+01 -5.234642349e+01 -8.3898e-01 -1.3765e+00
660 +1.658242414e-03 +1.658242414e-03 -5.234834176e+01 -5.234834176e+01 -8.9940e-01 -1.1396e+00
682 +3.274152431e-05 +3.274152431e-05 -5.234996726e+01 -5.234996726e+01 -8.7516e-01 -1.2330e+00
% function evaluation | noise-free fitness - Fopt (-1.795400000000e+02) | best noise-free fitness - Fopt | measured fitness | best measured fitness | x1 | x2...
1 +7.250272884e-01 +7.250272884e-01 -1.788149727e+02 -1.788149727e+02 +0.0000e+00 +0.0000e+00
58 +2.865459914e-01 +2.865459914e-01 -1.792534540e+02 -1.792534540e+02 +7.3761e-01 -8.7727e-02
154 +2.176726386e-01 +2.176726386e-01 -1.793223274e+02 -1.793223274e+02 +9.1725e-01 +2.7893e-01
173 +1.132186803e-01 +1.132186803e-01 -1.794267813e+02 -1.794267813e+02 +7.8012e-01 +2.4328e-01
198 +2.376101590e-02 +2.376101590e-02 -1.795162390e+02 -1.795162390e+02 +7.1029e-01 +4.0398e-01
282 +8.407226303e-03 +8.407226303e-03 -1.795315928e+02 -1.795315928e+02 +7.8676e-01 +5.1868e-01
303 +6.332836194e-03 +6.332836194e-03 -1.795336672e+02 -1.795336672e+02 +7.4270e-01 +4.0202e-01
305 +1.601629514e-03 +1.601629514e-03 -1.795383984e+02 -1.795383984e+02 +7.6249e-01 +4.5690e-01
355 +1.547769148e-03 +1.547769148e-03 -1.795384522e+02 -1.795384522e+02 +7.4584e-01 +4.1911e-01
358 +1.104093753e-03 +1.104093753e-03 -1.795388959e+02 -1.795388959e+02 +7.7831e-01 +4.8165e-01
369 +1.059607010e-03 +1.059607010e-03 -1.795389404e+02 -1.795389404e+02 +7.4738e-01 +4.2502e-01
436 +7.371448830e-04 +7.371448830e-04 -1.795392629e+02 -1.795392629e+02 +7.5435e-01 +4.3693e-01
678 +6.815052128e-04 +6.815052128e-04 -1.795393185e+02 -1.795393185e+02 +7.5482e-01 +4.3798e-01
1623 +6.512967716e-04 +6.512967716e-04 -1.795393487e+02 -1.795393487e+02 +7.5505e-01 +4.3972e-01
2125 +6.444050475e-04 +6.444050475e-04 -1.795393556e+02 -1.795393556e+02 +7.5396e-01 +4.3690e-01
2349 +6.094739745e-04 +6.094739745e-04 -1.795393905e+02 -1.795393905e+02 +7.5500e-01 +4.3871e-01
2548 +5.960597776e-04 +5.960597776e-04 -1.795394039e+02 -1.795394039e+02 +7.5492e-01 +4.3887e-01
2669 +5.758773495e-04 +5.758773495e-04 -1.795394241e+02 -1.795394241e+02 +7.5538e-01 +4.3970e-01
2700 +5.524061099e-04 +5.524061099e-04 -1.795394476e+02 -1.795394476e+02 +7.5599e-01 +4.4079e-01
2724 +5.462859904e-04 +5.462859904e-04 -1.795394537e+02 -1.795394537e+02 +7.5606e-01 +4.4115e-01
2834 +5.007221867e-04 +5.007221867e-04 -1.795394993e+02 -1.795394993e+02 +7.5725e-01 +4.4321e-01
2865 +4.703420618e-04 +4.703420618e-04 -1.795395297e+02 -1.795395297e+02 +7.5844e-01 +4.4598e-01
2871 +4.664854069e-04 +4.664854069e-04 -1.795395335e+02 -1.795395335e+02 +7.5813e-01 +4.4489e-01
3876 +4.524994243e-04 +4.524994243e-04 -1.795395475e+02 -1.795395475e+02 +7.5833e-01 +4.4549e-01
4151 +4.452573774e-04 +4.452573774e-04 -1.795395547e+02 -1.795395547e+02 +7.5859e-01 +4.4584e-01
4315 +4.359232618e-04 +4.359232618e-04 -1.795395641e+02 -1.795395641e+02 +7.5877e-01 +4.4636e-01
4459 +4.127646916e-04 +4.127646916e-04 -1.795395872e+02 -1.795395872e+02 +7.5940e-01 +4.4747e-01
4887 +4.052788909e-04 +4.052788909e-04 -1.795395947e+02 -1.795395947e+02 +7.5970e-01 +4.4798e-01
4919 +3.979832238e-04 +3.979832238e-04 -1.795396020e+02 -1.795396020e+02 +7.5983e-01 +4.4841e-01
5006 +3.839172887e-04 +3.839172887e-04 -1.795396161e+02 -1.795396161e+02 +7.6020e-01 +4.4908e-01
5175 +3.620685782e-04 +3.620685782e-04 -1.795396379e+02 -1.795396379e+02 +7.6085e-01 +4.5031e-01
5691 +3.543883758e-04 +3.543883758e-04 -1.795396456e+02 -1.795396456e+02 +7.6108e-01 +4.5076e-01
5979 +3.453206087e-04 +3.453206087e-04 -1.795396547e+02 -1.795396547e+02 +7.6137e-01 +4.5135e-01
6206 +3.387469172e-04 +3.387469172e-04 -1.795396613e+02 -1.795396613e+02 +7.6157e-01 +4.5173e-01
6292 +3.309297277e-04 +3.309297277e-04 -1.795396691e+02 -1.795396691e+02 +7.6182e-01 +4.5218e-01
6408 +3.222390670e-04 +3.222390670e-04 -1.795396778e+02 -1.795396778e+02 +7.6210e-01 +4.5271e-01
6661 +3.115046360e-04 +3.115046360e-04 -1.795396885e+02 -1.795396885e+02 +7.6250e-01 +4.5356e-01
6759 +2.959082547e-04 +2.959082547e-04 -1.795397041e+02 -1.795397041e+02 +7.6299e-01 +4.5441e-01
6946 +2.932480349e-04 +2.932480349e-04 -1.795397068e+02 -1.795397068e+02 +7.6308e-01 +4.5459e-01
6995 +2.877428713e-04 +2.877428713e-04 -1.795397123e+02 -1.795397123e+02 +7.6332e-01 +4.5501e-01
7044 +2.810783897e-04 +2.810783897e-04 -1.795397189e+02 -1.795397189e+02 +7.6352e-01 +4.5549e-01
7286 +2.743210057e-04 +2.743210057e-04 -1.795397257e+02 -1.795397257e+02 +7.6377e-01 +4.5590e-01
7703 +2.689947143e-04 +2.689947143e-04 -1.795397310e+02 -1.795397310e+02 +7.6400e-01 +4.5645e-01
7949 +2.624694670e-04 +2.624694670e-04 -1.795397375e+02 -1.795397375e+02 +7.6418e-01 +4.5675e-01
8287 +2.518705586e-04 +2.518705586e-04 -1.795397481e+02 -1.795397481e+02 +7.6462e-01 +4.5765e-01
8386 +2.491476513e-04 +2.491476513e-04 -1.795397509e+02 -1.795397509e+02 +7.6475e-01 +4.5791e-01
8649 +2.441208984e-04 +2.441208984e-04 -1.795397559e+02 -1.795397559e+02 +7.6490e-01 +4.5810e-01
8876 +2.379613683e-04 +2.379613683e-04 -1.795397620e+02 -1.795397620e+02 +7.6513e-01 +4.5856e-01
9036 +2.318723101e-04 +2.318723101e-04 -1.795397681e+02 -1.795397681e+02 +7.6539e-01 +4.5911e-01
9708 +2.290262211e-04 +2.290262211e-04 -1.795397710e+02 -1.795397710e+02 +7.6549e-01 +4.5927e-01
10080 +2.227826959e-04 +2.227826959e-04 -1.795397772e+02 -1.795397772e+02 +7.6579e-01 +4.5981e-01
10162 +2.180389511e-04 +2.180389511e-04 -1.795397820e+02 -1.795397820e+02 +7.6595e-01 +4.6018e-01
10422 +2.121096649e-04 +2.121096649e-04 -1.795397879e+02 -1.795397879e+02 +7.6621e-01 +4.6068e-01
10965 +2.087279146e-04 +2.087279146e-04 -1.795397913e+02 -1.795397913e+02 +7.6634e-01 +4.6092e-01
11270 +2.014970238e-04 +2.014970238e-04 -1.795397985e+02 -1.795397985e+02 +7.6669e-01 +4.6155e-01
11324 +1.986257190e-04 +1.986257190e-04 -1.795398014e+02 -1.795398014e+02 +7.6679e-01 +4.6178e-01
12287 +1.941335653e-04 +1.941335653e-04 -1.795398059e+02 -1.795398059e+02 +7.6701e-01 +4.6218e-01
12580 +1.904389767e-04 +1.904389767e-04 -1.795398096e+02 -1.795398096e+02 +7.6720e-01 +4.6260e-01
13133 +1.856347921e-04 +1.856347921e-04 -1.795398144e+02 -1.795398144e+02 +7.6740e-01 +4.6298e-01
13679 +1.813178405e-04 +1.813178405e-04 -1.795398187e+02 -1.795398187e+02 +7.6760e-01 +4.6333e-01
13867 +1.777025269e-04 +1.777025269e-04 -1.795398223e+02 -1.795398223e+02 +7.6777e-01 +4.6367e-01
14230 +1.737637844e-04 +1.737637844e-04 -1.795398262e+02 -1.795398262e+02 +7.6796e-01 +4.6404e-01
14571 +1.697745392e-04 +1.697745392e-04 -1.795398302e+02 -1.795398302e+02 +7.6820e-01 +4.6447e-01
14770 +1.655330242e-04 +1.655330242e-04 -1.795398345e+02 -1.795398345e+02 +7.6840e-01 +4.6492e-01
15373 +1.617882738e-04 +1.617882738e-04 -1.795398382e+02 -1.795398382e+02 +7.6856e-01 +4.6520e-01
15931 +1.581228991e-04 +1.581228991e-04 -1.795398419e+02 -1.795398419e+02 +7.6879e-01 +4.6561e-01
16304 +1.548301614e-04 +1.548301614e-04 -1.795398452e+02 -1.795398452e+02 +7.6894e-01 +4.6594e-01
16880 +1.508931531e-04 +1.508931531e-04 -1.795398491e+02 -1.795398491e+02 +7.6916e-01 +4.6633e-01
17501 +1.478290206e-04 +1.478290206e-04 -1.795398522e+02 -1.795398522e+02 +7.6931e-01 +4.6666e-01
17964 +1.444799644e-04 +1.444799644e-04 -1.795398555e+02 -1.795398555e+02 +7.6949e-01 +4.6700e-01
18853 +1.410343917e-04 +1.410343917e-04 -1.795398590e+02 -1.795398590e+02 +7.6969e-01 +4.6739e-01
19541 +1.373874174e-04 +1.373874174e-04 -1.795398626e+02 -1.795398626e+02 +7.6989e-01 +4.6777e-01
20091 +1.345822657e-04 +1.345822657e-04 -1.795398654e+02 -1.795398654e+02 +7.7005e-01 +4.6809e-01
20697 +1.317099203e-04 +1.317099203e-04 -1.795398683e+02 -1.795398683e+02 +7.7022e-01 +4.6841e-01
21388 +1.282142796e-04 +1.282142796e-04 -1.795398718e+02 -1.795398718e+02 +7.7046e-01 +4.6890e-01
21739 +1.256618714e-04 +1.256618714e-04 -1.795398743e+02 -1.795398743e+02 +7.7061e-01 +4.6919e-01
21770 +1.198206622e-04 +1.198206622e-04 -1.795398802e+02 -1.795398802e+02 +7.7117e-01 +4.7030e-01
22935 +1.159127012e-04 +1.159127012e-04 -1.795398841e+02 -1.795398841e+02 +7.7120e-01 +4.7029e-01
% function evaluation | noise-free fitness - Fopt (7.731000000000e+01) | best noise-free fitness - Fopt | measured fitness | best measured fitness | x1 | x2...
1 +9.434104222e-01 +9.434104222e-01 +7.825341042e+01 +7.825341042e+01 +0.0000e+00 +0.0000e+00
209 +9.005184832e-01 +9.005184832e-01 +7.821051848e+01 +7.821051848e+01 +1.7094e+00 +1.2149e-01
216 +2.773690658e-01 +2.773690658e-01 +7.758736907e+01 +7.758736907e+01 +1.0191e+00 -1.2268e+00
264 +2.736463510e-01 +2.736463510e-01 +7.758364635e+01 +7.758364635e+01 +1.1554e+00 -8.5409e-01
296 +2.076001415e-01 +2.076001415e-01 +7.751760014e+01 +7.751760014e+01 +6.7949e-01 -7.4993e-01
308 +5.071015106e-02 +5.071015106e-02 +7.736071015e+01 +7.736071015e+01 +9.4742e-01 -5.8194e-01
484 +2.665077059e-02 +2.665077059e-02 +7.733665077e+01 +7.733665077e+01 +9.2682e-01 -5.1845e-01
505 +2.388006283e-02 +2.388006283e-02 +7.733388006e+01 +7.733388006e+01 +8.6422e-01 -7.3821e-01
506 +2.328642765e-02 +2.328642765e-02 +7.733328643e+01 +7.733328643e+01 +8.7681e-01 -5.1872e-01
539 +6.121918284e-03 +6.121918284e-03 +7.731612192e+01 +7.731612192e+01 +9.0398e-01 -4.2651e-01
615 +3.590243506e-03 +3.590243506e-03 +7.731359024e+01 +7.731359024e+01 +8.9506e-01 -5.4550e-01
620 +2.647313977e-03 +2.647313977e-03 +7.731264731e+01 +7.731264731e+01 +8.9003e-01 -6.5375e-01
631 +1.592545225e-04 +1.592545225e-04 +7.731015925e+01 +7.731015925e+01 +8.9227e-01 -6.5968e-01
694 +8.467003805e-05 +8.467003805e-05 +7.731008467e+01 +7.731008467e+01 +8.9729e-01 -5.7129e-01
1169 +5.480333645e-05 +5.480333645e-05 +7.731005480e+01 +7.731005480e+01 +8.9370e-01 -6.3425e-01
1188 +3.332333161e-05 +3.332333161e-05 +7.731003332e+01 +7.731003332e+01 +8.9347e-01 -6.3955e-01
1249 +7.244154858e-06 +7.244154858e-06 +7.731000724e+01 +7.731000724e+01 +8.9462e-01 -6.1848e-01
1403 +6.420908790e-06 +6.420908790e-06 +7.731000642e+01 +7.731000642e+01 +8.9430e-01 -6.2448e-01
1412 +3.049462663e-06 +3.049462663e-06 +7.731000305e+01 +7.731000305e+01 +8.9480e-01 -6.1523e-01
1430 +1.755859699e-06 +1.755859699e-06 +7.731000176e+01 +7.731000176e+01 +8.9457e-01 -6.1950e-01
1584 +1.276422765e-06 +1.276422765e-06 +7.731000128e+01 +7.731000128e+01 +8.9461e-01 -6.1864e-01
1650 +1.242015614e-06 +1.242015614e-06 +7.731000124e+01 +7.731000124e+01 +8.9461e-01 -6.1862e-01
1714 +1.117304507e-06 +1.117304507e-06 +7.731000112e+01 +7.731000112e+01 +8.9464e-01 -6.1818e-01
3717 +9.619957098e-07 +9.619957098e-07 +7.731000096e+01 +7.731000096e+01 +8.9475e-01 -6.1619e-01
3740 +8.383301093e-07 +8.383301093e-07 +7.731000084e+01 +7.731000084e+01 +8.9470e-01 -6.1716e-01
3788 +6.569458719e-07 +6.569458719e-07 +7.731000066e+01 +7.731000066e+01 +8.9473e-01 -6.1659e-01
3942 +6.102579562e-07 +6.102579562e-07 +7.731000061e+01 +7.731000061e+01 +8.9474e-01 -6.1643e-01
5750 +5.741653837e-07 +5.741653837e-07 +7.731000057e+01 +7.731000057e+01 +8.9560e-01 -6.0069e-01
10436 +4.608618127e-07 +4.608618127e-07 +7.731000046e+01 +7.731000046e+01 +8.9516e-01 -6.0879e-01
10663 +2.838169024e-07 +2.838169024e-07 +7.731000028e+01 +7.731000028e+01 +8.9502e-01 -6.1128e-01
10678 +1.107335805e-07 +1.107335805e-07 +7.731000011e+01 +7.731000011e+01 +8.9500e-01 -6.1159e-01
11074 +6.631066185e-08 +6.631066185e-08 +7.731000007e+01 +7.731000007e+01 +8.9503e-01 -6.1111e-01
11276 +4.770974726e-08 +4.770974726e-08 +7.731000005e+01 +7.731000005e+01 +8.9503e-01 -6.1114e-01
11370 +3.424730721e-08 +3.424730721e-08 +7.731000003e+01 +7.731000003e+01 +8.9503e-01 -6.1112e-01
11448 +3.274107030e-08 +3.274107030e-08 +7.731000003e+01 +7.731000003e+01 +8.9503e-01 -6.1115e-01
11509 +3.187965092e-08 +3.187965092e-08 +7.731000003e+01 +7.731000003e+01 +8.9503e-01 -6.1115e-01
11558 +3.153496664e-08 +3.153496664e-08 +7.731000003e+01 +7.731000003e+01 +8.9503e-01 -6.1115e-01
% function evaluation | noise-free fitness - Fopt (3.992000000000e+01) | best noise-free fitness - Fopt | measured fitness | best measured fitness | x1 | x2...
1 +9.795359042e+00 +9.795359042e+00 +4.971535904e+01 +4.971535904e+01 +0.0000e+00 +0.0000e+00
2 +3.323494373e+00 +3.323494373e+00 +4.324349437e+01 +4.324349437e+01 +7.7231e-01 -2.0458e+00
3 +3.267939425e+00 +3.267939425e+00 +4.318793942e+01 +4.318793942e+01 +8.2505e-01 -2.0281e+00
21 +3.214253792e+00 +3.214253792e+00 +4.313425379e+01 +4.313425379e+01 +8.9450e-01 -2.0773e+00
31 +3.147881709e+00 +3.147881709e+00 +4.306788171e+01 +4.306788171e+01 +9.1700e-01 -1.9108e+00
32 +2.992223614e+00 +2.992223614e+00 +4.291222361e+01 +4.291222361e+01 +1.0723e+00 -1.8882e+00
48 +2.597086946e+00 +2.597086946e+00 +4.251708695e+01 +4.251708695e+01 +1.3838e+00 -1.5339e+00
55 +2.506570264e+00 +2.506570264e+00 +4.242657026e+01 +4.242657026e+01 +1.6327e+00 -2.0886e+00
74 +1.719099424e+00 +1.719099424e+00 +4.163909942e+01 +4.163909942e+01 +2.3291e+00 -1.6556e+00
91 +5.329899508e-01 +5.329899508e-01 +4.045298995e+01 +4.045298995e+01 +4.5511e+00 -1.2443e+00
106 +3.579083117e-01 +3.579083117e-01 +4.027790831e+01 +4.027790831e+01 +4.0113e+00 -1.7725e+00
132 +2.280334982e-01 +2.280334982e-01 +4.014803350e+01 +4.014803350e+01 +4.2436e+00 -1.2758e+00
154 +1.755106365e-01 +1.755106365e-01 +4.009551064e+01 +4.009551064e+01 +4.1393e+00 -1.0938e+00
176 +5.448017145e-02 +5.448017145e-02 +3.997448017e+01 +3.997448017e+01 +3.9075e+00 -1.1185e+00
216 +6.973593584e-03 +6.973593584e-03 +3.992697359e+01 +3.992697359e+01 +3.9438e+00 -1.0718e+00
264 +5.141495200e-03 +5.141495200e-03 +3.992514150e+01 +3.992514150e+01 +3.9266e+00 -1.0033e+00
428 +2.871768383e-03 +2.871768383e-03 +3.992287177e+01 +3.992287177e+01 +3.9543e+00 -1.0944e+00
443 +6.194894326e-04 +6.194894326e-04 +3.992061949e+01 +3.992061949e+01 +3.9378e+00 -1.0223e+00
597 +3.890464920e-05 +3.890464920e-05 +3.992003890e+01 +3.992003890e+01 +3.9460e+00 -1.0540e+00
819 +8.659109696e-06 +8.659109696e-06 +3.992000866e+01 +3.992000866e+01 +3.9467e+00 -1.0562e+00
836 +3.576545481e-06 +3.576545481e-06 +3.992000358e+01 +3.992000358e+01 +3.9499e+00 -1.0677e+00
1232 +3.543570493e-06 +3.543570493e-06 +3.992000354e+01 +3.992000354e+01 +3.9502e+00 -1.0690e+00
1264 +1.997245541e-06 +1.997245541e-06 +3.992000200e+01 +3.992000200e+01 +3.9503e+00 -1.0691e+00
1408 +6.107609849e-07 +6.107609849e-07 +3.992000061e+01 +3.992000061e+01 +3.9503e+00 -1.0694e+00
1470 +9.602683093e-08 +9.602683093e-08 +3.992000010e+01 +3.992000010e+01 +3.9503e+00 -1.0691e+00
1514 +2.302790847e-09 +2.302790847e-09 +3.992000000e+01 +3.992000000e+01 +3.9503e+00 -1.0694e+00
% function evaluation | noise-free fitness - Fopt (-5.661000000000e+01) | best noise-free fitness - Fopt | measured fitness | best measured fitness | x1 | x2...
1 +2.106482508e+01 +2.106482508e+01 -3.554517492e+01 -3.554517492e+01 +0.0000e+00 +0.0000e+00
30 +1.547458066e+01 +1.547458066e+01 -4.113541934e+01 -4.113541934e+01 +5.5458e+00 -1.8084e-01
56 +1.399506524e+01 +1.399506524e+01 -4.261493476e+01 -4.261493476e+01 +5.4051e+00 -2.0368e-02
58 +1.336504169e+01 +1.336504169e+01 -4.324495831e+01 -4.324495831e+01 +5.5852e+00 -7.5288e-01
71 +4.194523268e+00 +4.194523268e+00 -5.241547673e+01 -5.241547673e+01 +4.2857e+00 -2.1305e-01
98 +3.906291080e+00 +3.906291080e+00 -5.270370892e+01 -5.270370892e+01 +3.5738e+00 -6.5746e-01
101 +3.353172828e+00 +3.353172828e+00 -5.325682717e+01 -5.325682717e+01 +2.4334e+00 -4.4106e-01
107 +2.849609353e+00 +2.849609353e+00 -5.376039065e+01 -5.376039065e+01 +2.6093e+00 +1.3957e-01
112 +2.799120982e+00 +2.799120982e+00 -5.381087902e+01 -5.381087902e+01 +3.1636e+00 +3.7290e-01
128 +1.389101141e+00 +1.389101141e+00 -5.522089886e+01 -5.522089886e+01 +1.6750e+00 +1.4270e+00
153 +2.157581941e-01 +2.157581941e-01 -5.639424181e+01 -5.639424181e+01 +1.9607e+00 +2.6981e+00
268 +9.877851004e-02 +9.877851004e-02 -5.651122149e+01 -5.651122149e+01 +1.8830e+00 +2.7959e+00
275 +5.831883444e-02 +5.831883444e-02 -5.655168117e+01 -5.655168117e+01 +2.3014e+00 +2.9972e+00
311 +3.656604061e-02 +3.656604061e-02 -5.657343396e+01 -5.657343396e+01 +1.6436e+00 +2.8100e+00
330 +6.881184965e-03 +6.881184965e-03 -5.660311882e+01 -5.660311882e+01 +1.7730e+00 +2.8667e+00
484 +5.455297020e-03 +5.455297020e-03 -5.660454470e+01 -5.660454470e+01 +1.7941e+00 +2.8744e+00
522 +1.603238253e-03 +1.603238253e-03 -5.660839676e+01 -5.660839676e+01 +1.9242e+00 +2.9114e+00
619 +1.545616776e-03 +1.545616776e-03 -5.660845438e+01 -5.660845438e+01 +1.8582e+00 +2.8904e+00
625 +1.446389531e-03 +1.446389531e-03 -5.660855361e+01 -5.660855361e+01 +1.8576e+00 +2.8927e+00
629 +1.112480002e-03 +1.112480002e-03 -5.660888752e+01 -5.660888752e+01 +1.8584e+00 +2.8911e+00
668 +5.095755139e-04 +5.095755139e-04 -5.660949042e+01 -5.660949042e+01 +1.8879e+00 +2.9009e+00
1107 +2.024641898e-04 +2.024641898e-04 -5.660979754e+01 -5.660979754e+01 +1.8946e+00 +2.9035e+00
7045 +1.967164899e-04 +1.967164899e-04 -5.660980328e+01 -5.660980328e+01 +1.8951e+00 +2.9036e+00
7303 +1.941931792e-04 +1.941931792e-04 -5.660980581e+01 -5.660980581e+01 +1.8953e+00 +2.9037e+00
7361 +1.903643616e-04 +1.903643616e-04 -5.660980964e+01 -5.660980964e+01 +1.8957e+00 +2.9038e+00
7532 +1.815856196e-04 +1.815856196e-04 -5.660981841e+01 -5.660981841e+01 +1.8966e+00 +2.9041e+00
7749 +1.752612666e-04 +1.752612666e-04 -5.660982474e+01 -5.660982474e+01 +1.8972e+00 +2.9043e+00
7754 +1.736977048e-04 +1.736977048e-04 -5.660982630e+01 -5.660982630e+01 +1.8975e+00 +2.9045e+00
7887 +1.696536048e-04 +1.696536048e-04 -5.660983035e+01 -5.660983035e+01 +1.8978e+00 +2.9045e+00
8138 +1.635022912e-04 +1.635022912e-04 -5.660983650e+01 -5.660983650e+01 +1.8984e+00 +2.9048e+00
8399 +1.618955810e-04 +1.618955810e-04 -5.660983810e+01 -5.660983810e+01 +1.8986e+00 +2.9048e+00
8792 +1.576737231e-04 +1.576737231e-04 -5.660984233e+01 -5.660984233e+01 +1.8990e+00 +2.9049e+00
8819 +1.548404414e-04 +1.548404414e-04 -5.660984516e+01 -5.660984516e+01 +1.8995e+00 +2.9051e+00
8900 +1.487440467e-04 +1.487440467e-04 -5.660985126e+01 -5.660985126e+01 +1.9000e+00 +2.9052e+00
9007 +1.463523718e-04 +1.463523718e-04 -5.660985365e+01 -5.660985365e+01 +1.9003e+00 +2.9054e+00
9023 +1.430963219e-04 +1.430963219e-04 -5.660985690e+01 -5.660985690e+01 +1.9006e+00 +2.9055e+00
9193 +1.406315778e-04 +1.406315778e-04 -5.660985937e+01 -5.660985937e+01 +1.9013e+00 +2.9057e+00
9804 +1.371555480e-04 +1.371555480e-04 -5.660986284e+01 -5.660986284e+01 +1.9014e+00 +2.9057e+00
10224 +1.348751864e-04 +1.348751864e-04 -5.660986512e+01 -5.660986512e+01 +1.9016e+00 +2.9058e+00
10623 +1.312562450e-04 +1.312562450e-04 -5.660986874e+01 -5.660986874e+01 +1.9021e+00 +2.9059e+00
10892 +1.272120697e-04 +1.272120697e-04 -5.660987279e+01 -5.660987279e+01 +1.9026e+00 +2.9061e+00
11116 +1.246256495e-04 +1.246256495e-04 -5.660987537e+01 -5.660987537e+01 +1.9029e+00 +2.9062e+00
11710 +1.229738357e-04 +1.229738357e-04 -5.660987703e+01 -5.660987703e+01 +1.9031e+00 +2.9063e+00
11898 +1.197905690e-04 +1.197905690e-04 -5.660988021e+01 -5.660988021e+01 +1.9035e+00 +2.9064e+00
12046 +1.174626015e-04 +1.174626015e-04 -5.660988254e+01 -5.660988254e+01 +1.9039e+00 +2.9065e+00
12179 +1.141971111e-04 +1.141971111e-04 -5.660988580e+01 -5.660988580e+01 +1.9046e+00 +2.9067e+00
12347 +1.120090099e-04 +1.120090099e-04 -5.660988799e+01 -5.660988799e+01 +1.9046e+00 +2.9067e+00
13318 +1.095944930e-04 +1.095944930e-04 -5.660989041e+01 -5.660989041e+01 +1.9049e+00 +2.9068e+00
13726 +1.070310532e-04 +1.070310532e-04 -5.660989297e+01 -5.660989297e+01 +1.9052e+00 +2.9069e+00
14916 +3.573266056e-05 +3.573266056e-05 -5.660996427e+01 -5.660996427e+01 +1.9672e+00 +2.9271e+00
15034 +3.152681666e-05 +3.152681666e-05 -5.660996847e+01 -5.660996847e+01 +1.9631e+00 +2.9258e+00
15043 +3.029714314e-05 +3.029714314e-05 -5.660996970e+01 -5.660996970e+01 +1.9650e+00 +2.9264e+00
15084 +9.507793699e-06 +9.507793699e-06 -5.660999049e+01 -5.660999049e+01 +1.9622e+00 +2.9254e+00
15116 +2.261580683e-06 +2.261580683e-06 -5.660999774e+01 -5.660999774e+01 +1.9620e+00 +2.9254e+00
15148 +1.931813095e-06 +1.931813095e-06 -5.660999807e+01 -5.660999807e+01 +1.9620e+00 +2.9254e+00
% function evaluation | noise-free fitness - Fopt (-1.022500000000e+02) | best noise-free fitness - Fopt | measured fitness | best measured fitness | x1 | x2...
1 +8.598676343e+00 +8.598676343e+00 -9.365132366e+01 -9.365132366e+01 +0.0000e+00 +0.0000e+00
2 +5.389177580e+00 +5.389177580e+00 -9.686082242e+01 -9.686082242e+01 -3.7055e-01 +3.9304e+00
3 +4.509172979e+00 +4.509172979e+00 -9.774082702e+01 -9.774082702e+01 -1.8522e-01 +3.8589e+00
6 +4.036574279e+00 +4.036574279e+00 -9.821342572e+01 -9.821342572e+01 -1.8740e-01 +3.7662e+00
10 +3.876864129e+00 +3.876864129e+00 -9.837313587e+01 -9.837313587e+01 -2.4649e-01 +3.7138e+00
16 +3.742284293e+00 +3.742284293e+00 -9.850771571e+01 -9.850771571e+01 -1.5621e-01 +3.7091e+00
24 +3.346213679e+00 +3.346213679e+00 -9.890378632e+01 -9.890378632e+01 +8.2542e-02 +3.6425e+00
28 +3.169781917e+00 +3.169781917e+00 -9.908021808e+01 -9.908021808e+01 -2.3114e-01 +3.5330e+00
29 +3.126869902e+00 +3.126869902e+00 -9.912313010e+01 -9.912313010e+01 -2.5663e-01 +3.5145e+00
35 +2.625904949e+00 +2.625904949e+00 -9.962409505e+01 -9.962409505e+01 -2.4648e-01 +3.3076e+00
47 +1.915294601e+00 +1.915294601e+00 -1.003347054e+02 -1.003347054e+02 -1.7459e-01 +2.1619e+00
58 +1.882086810e+00 +1.882086810e+00 -1.003679132e+02 -1.003679132e+02 +3.0541e-02 +1.6059e+00
73 +1.790878460e+00 +1.790878460e+00 -1.004591215e+02 -1.004591215e+02 -3.5566e-01 +2.2584e+00
74 +1.262362934e+00 +1.262362934e+00 -1.009876371e+02 -1.009876371e+02 -6.5790e-01 +1.6488e+00
128 +1.049228302e+00 +1.049228302e+00 -1.012007717e+02 -1.012007717e+02 -7.5221e-01 +1.3174e+00
207 +7.787610941e-01 +7.787610941e-01 -1.014712389e+02 -1.014712389e+02 -1.1530e+00 +7.7135e-01
244 +7.050832981e-01 +7.050832981e-01 -1.015449167e+02 -1.015449167e+02 -1.4343e+00 +2.0013e+00
263 +4.594908255e-01 +4.594908255e-01 -1.017905092e+02 -1.017905092e+02 -1.3120e+00 +1.1165e+00
266 +7.298847248e-02 +7.298847248e-02 -1.021770115e+02 -1.021770115e+02 -1.7237e+00 +1.0993e+00
329 +8.394757919e-03 +8.394757919e-03 -1.022416052e+02 -1.022416052e+02 -1.8864e+00 +1.3201e+00
389 +3.161696588e-03 +3.161696588e-03 -1.022468383e+02 -1.022468383e+02 -1.9689e+00 +1.4735e+00
506 +1.129642899e-03 +1.129642899e-03 -1.022488704e+02 -1.022488704e+02 -1.9223e+00 +1.3810e+00
671 +4.896311759e-04 +4.896311759e-04 -1.022495104e+02 -1.022495104e+02 -1.9281e+00 +1.3920e+00
684 +9.177557672e-05 +9.177557672e-05 -1.022499082e+02 -1.022499082e+02 -1.9172e+00 +1.3670e+00
792 +3.903616194e-05 +3.903616194e-05 -1.022499610e+02 -1.022499610e+02 -1.9148e+00 +1.3621e+00
795 +3.525456793e-05 +3.525456793e-05 -1.022499647e+02 -1.022499647e+02 -1.9089e+00 +1.3491e+00
880 +2.371590500e-05 +2.371590500e-05 -1.022499763e+02 -1.022499763e+02 -1.9183e+00 +1.3695e+00
1068 +8.632048335e-06 +8.632048335e-06 -1.022499914e+02 -1.022499914e+02 -1.9186e+00 +1.3702e+00
1122 +4.965875846e-06 +4.965875846e-06 -1.022499950e+02 -1.022499950e+02 -1.9176e+00 +1.3680e+00
1333 +5.678162580e-07 +5.678162580e-07 -1.022499994e+02 -1.022499994e+02 -1.9176e+00 +1.3681e+00
1710 +4.091240413e-07 +4.091240413e-07 -1.022499996e+02 -1.022499996e+02 -1.9178e+00 +1.3684e+00
1782 +2.034613544e-07 +2.034613544e-07 -1.022499998e+02 -1.022499998e+02 -1.9178e+00 +1.3685e+00
1796 +9.242727117e-08 +9.242727117e-08 -1.022499999e+02 -1.022499999e+02 -1.9178e+00 +1.3684e+00
1935 +7.273860092e-08 +7.273860092e-08 -1.022499999e+02 -1.022499999e+02 -1.9178e+00 +1.3685e+00
1980 +6.671827180e-08 +6.671827180e-08 -1.022499999e+02 -1.022499999e+02 -1.9178e+00 +1.3685e+00
2007 +6.239841355e-08 +6.239841355e-08 -1.022499999e+02 -1.022499999e+02 -1.9178e+00 +1.3685e+00
2014 +2.748538463e-08 +2.748538463e-08 -1.022500000e+02 -1.022500000e+02 -1.9178e+00 +1.3685e+00
2024 +2.261712950e-08 +2.261712950e-08 -1.022500000e+02 -1.022500000e+02 -1.9178e+00 +1.3685e+00
2090 +9.208775964e-09 +9.208775964e-09 -1.022500000e+02 -1.022500000e+02 -1.9178e+00 +1.3685e+00
% function evaluation | noise-free fitness - Fopt (3.672000000000e+01) | best noise-free fitness - Fopt | measured fitness | best measured fitness | x1 | x2...
1 +1.328379227e+01 +1.328379227e+01 +5.000379227e+01 +5.000379227e+01 +0.0000e+00 +0.0000e+00
2 +3.029122007e+00 +3.029122007e+00 +3.974912201e+01 +3.974912201e+01 -4.7995e+00 -5.0566e-02
5 +2.924322233e+00 +2.924322233e+00 +3.964432223e+01 +3.964432223e+01 -4.6564e+00 -7.9685e-02
24 +2.795856821e+00 +2.795856821e+00 +3.951585682e+01 +3.951585682e+01 -4.5046e+00 -7.8711e-02
46 +2.405709004e+00 +2.405709004e+00 +3.912570900e+01 +3.912570900e+01 -4.3205e+00 +3.5773e-01
51 +2.376237120e+00 +2.376237120e+00 +3.909623712e+01 +3.909623712e+01 -4.1124e+00 +8.6934e-02
69 +2.006493231e+00 +2.006493231e+00 +3.872649323e+01 +3.872649323e+01 -3.6737e+00 +8.7707e-02
75 +1.345396703e+00 +1.345396703e+00 +3.806539670e+01 +3.806539670e+01 -3.0747e+00 +3.8004e-01
76 +8.723493847e-01 +8.723493847e-01 +3.759234938e+01 +3.759234938e+01 -2.2007e+00 +3.8434e-01
103 +6.176900401e-01 +6.176900401e-01 +3.733769004e+01 +3.733769004e+01 -2.9528e+00 +1.5853e+00
110 +4.024034176e-01 +4.024034176e-01 +3.712240342e+01 +3.712240342e+01 -2.1699e+00 +7.7526e-01
125 +1.607865689e-01 +1.607865689e-01 +3.688078657e+01 +3.688078657e+01 -2.3176e+00 +1.3925e+00
154 +1.375735727e-01 +1.375735727e-01 +3.685757357e+01 +3.685757357e+01 -2.2982e+00 +1.4053e+00
169 +6.407203264e-02 +6.407203264e-02 +3.678407203e+01 +3.678407203e+01 -2.2545e+00 +1.7033e+00
176 +2.030694697e-02 +2.030694697e-02 +3.674030695e+01 +3.674030695e+01 -2.2880e+00 +1.6596e+00
242 +1.525461664e-02 +1.525461664e-02 +3.673525462e+01 +3.673525462e+01 -2.1631e+00 +1.4210e+00
355 +1.350225124e-02 +1.350225124e-02 +3.673350225e+01 +3.673350225e+01 -2.0322e+00 +1.2344e+00
400 +1.340716851e-02 +1.340716851e-02 +3.673340717e+01 +3.673340717e+01 -2.1277e+00 +1.4189e+00
464 +6.282472210e-03 +6.282472210e-03 +3.672628247e+01 +3.672628247e+01 -2.1029e+00 +1.3438e+00
472 +5.037375711e-03 +5.037375711e-03 +3.672503738e+01 +3.672503738e+01 -2.1181e+00 +1.3883e+00
509 +3.223616403e-03 +3.223616403e-03 +3.672322362e+01 +3.672322362e+01 -2.1209e+00 +1.3774e+00
528 +2.208528633e-03 +2.208528633e-03 +3.672220853e+01 +3.672220853e+01 -2.1345e+00 +1.4087e+00
616 +2.164244425e-03 +2.164244425e-03 +3.672216424e+01 +3.672216424e+01 -2.1863e+00 +1.4816e+00
640 +8.524704794e-04 +8.524704794e-04 +3.672085247e+01 +3.672085247e+01 -2.1217e+00 +1.3831e+00
755 +4.022188879e-04 +4.022188879e-04 +3.672040222e+01 +3.672040222e+01 -2.1851e+00 +1.4831e+00
814 +1.886576571e-04 +1.886576571e-04 +3.672018866e+01 +3.672018866e+01 -2.1768e+00 +1.4704e+00
8589 +1.848166734e-04 +1.848166734e-04 +3.672018482e+01 +3.672018482e+01 -2.1827e+00 +1.4800e+00
9446 +1.813061543e-04 +1.813061543e-04 +3.672018131e+01 +3.672018131e+01 -2.1825e+00 +1.4797e+00
10109 +1.775366657e-04 +1.775366657e-04 +3.672017754e+01 +3.672017754e+01 -2.1823e+00 +1.4793e+00
10535 +1.734884124e-04 +1.734884124e-04 +3.672017349e+01 +3.672017349e+01 -2.1821e+00 +1.4790e+00
% function evaluation | noise-free fitness - Fopt (1.061800000000e+02) | best noise-free fitness - Fopt | measured fitness | best measured fitness | x1 | x2...
1 +1.602703363e+00 +1.602703363e+00 +1.077827034e+02 +1.077827034e+02 +0.0000e+00 +0.0000e+00
204 +1.246210953e+00 +1.246210953e+00 +1.074262110e+02 +1.074262110e+02 +5.5134e-01 +9.7968e-01
216 +2.522113636e-01 +2.522113636e-01 +1.064322114e+02 +1.064322114e+02 -8.2059e-01 +1.0980e+00
242 +2.042686483e-02 +2.042686483e-02 +1.062004269e+02 +1.062004269e+02 -8.1343e-01 +1.3614e+00
374 +8.871618165e-03 +8.871618165e-03 +1.061888716e+02 +1.061888716e+02 -5.5729e-01 +1.5228e+00
440 +2.296989651e-03 +2.296989651e-03 +1.061822970e+02 +1.061822970e+02 -8.2643e-01 +1.3770e+00
641 +1.854852925e-03 +1.854852925e-03 +1.061818549e+02 +1.061818549e+02 -7.7716e-01 +1.4048e+00
688 +3.717643124e-04 +3.717643124e-04 +1.061803718e+02 +1.061803718e+02 -7.7404e-01 +1.4044e+00
3968 +3.295819443e-04 +3.295819443e-04 +1.061803296e+02 +1.061803296e+02 -7.7099e-01 +1.4060e+00
3988 +3.077202064e-04 +3.077202064e-04 +1.061803077e+02 +1.061803077e+02 -7.7044e-01 +1.4062e+00
4122 +2.831363553e-04 +2.831363553e-04 +1.061802831e+02 +1.061802831e+02 -7.6888e-01 +1.4070e+00
4289 +2.700956811e-04 +2.700956811e-04 +1.061802701e+02 +1.061802701e+02 -7.6773e-01 +1.4076e+00
4342 +2.555902032e-04 +2.555902032e-04 +1.061802556e+02 +1.061802556e+02 -7.6693e-01 +1.4080e+00
5392 +2.511486039e-04 +2.511486039e-04 +1.061802511e+02 +1.061802511e+02 -7.6657e-01 +1.4081e+00
5747 +2.453149771e-04 +2.453149771e-04 +1.061802453e+02 +1.061802453e+02 -7.6615e-01 +1.4084e+00
6216 +2.396578870e-04 +2.396578870e-04 +1.061802397e+02 +1.061802397e+02 -7.6573e-01 +1.4086e+00
6908 +2.339864844e-04 +2.339864844e-04 +1.061802340e+02 +1.061802340e+02 -7.6529e-01 +1.4088e+00
7197 +2.288306684e-04 +2.288306684e-04 +1.061802288e+02 +1.061802288e+02 -7.6489e-01 +1.4090e+00
7363 +2.209402675e-04 +2.209402675e-04 +1.061802209e+02 +1.061802209e+02 -7.6422e-01 +1.4094e+00
7865 +2.169745472e-04 +2.169745472e-04 +1.061802170e+02 +1.061802170e+02 -7.6390e-01 +1.4095e+00
7991 +2.118735474e-04 +2.118735474e-04 +1.061802119e+02 +1.061802119e+02 -7.6340e-01 +1.4097e+00
8498 +2.088031587e-04 +2.088031587e-04 +1.061802088e+02 +1.061802088e+02 -7.6325e-01 +1.4098e+00
8586 +2.040977873e-04 +2.040977873e-04 +1.061802041e+02 +1.061802041e+02 -7.6283e-01 +1.4100e+00
8904 +1.990406105e-04 +1.990406105e-04 +1.061801990e+02 +1.061801990e+02 -7.6241e-01 +1.4103e+00
9271 +1.945503369e-04 +1.945503369e-04 +1.061801946e+02 +1.061801946e+02 -7.6200e-01 +1.4105e+00
9515 +1.899515921e-04 +1.899515921e-04 +1.061801900e+02 +1.061801900e+02 -7.6160e-01 +1.4107e+00
10307 +1.854616615e-04 +1.854616615e-04 +1.061801855e+02 +1.061801855e+02 -7.6117e-01 +1.4109e+00
10487 +1.817432535e-04 +1.817432535e-04 +1.061801817e+02 +1.061801817e+02 -7.6085e-01 +1.4111e+00
10898 +1.774915626e-04 +1.774915626e-04 +1.061801775e+02 +1.061801775e+02 -7.6043e-01 +1.4113e+00
11294 +1.737070887e-04 +1.737070887e-04 +1.061801737e+02 +1.061801737e+02 -7.6000e-01 +1.4115e+00
11946 +1.697232162e-04 +1.697232162e-04 +1.061801697e+02 +1.061801697e+02 -7.5968e-01 +1.4116e+00
12441 +1.656212519e-04 +1.656212519e-04 +1.061801656e+02 +1.061801656e+02 -7.5931e-01 +1.4119e+00
12895 +1.618364551e-04 +1.618364551e-04 +1.061801618e+02 +1.061801618e+02 -7.5894e-01 +1.4120e+00
13406 +1.583261652e-04 +1.583261652e-04 +1.061801583e+02 +1.061801583e+02 -7.5859e-01 +1.4122e+00
14131 +1.547117071e-04 +1.547117071e-04 +1.061801547e+02 +1.061801547e+02 -7.5820e-01 +1.4124e+00
14720 +1.509236410e-04 +1.509236410e-04 +1.061801509e+02 +1.061801509e+02 -7.5780e-01 +1.4126e+00
14768 +1.449853810e-04 +1.449853810e-04 +1.061801450e+02 +1.061801450e+02 -7.5706e-01 +1.4130e+00
14769 +1.439078922e-04 +1.439078922e-04 +1.061801439e+02 +1.061801439e+02 -7.5700e-01 +1.4130e+00
14899 +1.407834944e-04 +1.407834944e-04 +1.061801408e+02 +1.061801408e+02 -7.5648e-01 +1.4133e+00
14979 +1.366932963e-04 +1.366932963e-04 +1.061801367e+02 +1.061801367e+02 -7.5622e-01 +1.4134e+00
15732 +1.342541279e-04 +1.342541279e-04 +1.061801343e+02 +1.061801343e+02 -7.5601e-01 +1.4135e+00
16167 +1.296274442e-04 +1.296274442e-04 +1.061801296e+02 +1.061801296e+02 -7.5547e-01 +1.4138e+00
16403 +1.281008928e-04 +1.281008928e-04 +1.061801281e+02 +1.061801281e+02 -7.5521e-01 +1.4140e+00
16974 +1.258759414e-04 +1.258759414e-04 +1.061801259e+02 +1.061801259e+02 -7.5504e-01 +1.4140e+00
17899 +1.228174219e-04 +1.228174219e-04 +1.061801228e+02 +1.061801228e+02 -7.5468e-01 +1.4142e+00
18764 +1.197376453e-04 +1.197376453e-04 +1.061801197e+02 +1.061801197e+02 -7.5424e-01 +1.4144e+00
19253 +1.172409411e-04 +1.172409411e-04 +1.061801172e+02 +1.061801172e+02 -7.5395e-01 +1.4146e+00
20234 +1.148035000e-04 +1.148035000e-04 +1.061801148e+02 +1.061801148e+02 -7.5369e-01 +1.4147e+00
20898 +1.121941428e-04 +1.121941428e-04 +1.061801122e+02 +1.061801122e+02 -7.5336e-01 +1.4149e+00
21637 +1.092982284e-04 +1.092982284e-04 +1.061801093e+02 +1.061801093e+02 -7.5295e-01 +1.4151e+00
22452 +1.063445280e-04 +1.063445280e-04 +1.061801063e+02 +1.061801063e+02 -7.5260e-01 +1.4153e+00
23558 +1.046554183e-04 +1.046554183e-04 +1.061801047e+02 +1.061801047e+02 -7.5235e-01 +1.4154e+00
24774 +1.022328063e-04 +1.022328063e-04 +1.061801022e+02 +1.061801022e+02 -7.5204e-01 +1.4156e+00
25901 +9.993935340e-05 +9.993935340e-05 +1.061800999e+02 +1.061800999e+02 -7.5173e-01 +1.4157e+00
26462 +9.740760925e-05 +9.740760925e-05 +1.061800974e+02 +1.061800974e+02 -7.5137e-01 +1.4159e+00
27503 +9.539974018e-05 +9.539974018e-05 +1.061800954e+02 +1.061800954e+02 -7.5108e-01 +1.4160e+00
% function evaluation | noise-free fitness - Fopt (-2.400100000000e+02) | best noise-free fitness - Fopt | measured fitness | best measured fitness | x1 | x2...
1 +1.653280483e+01 +1.653280483e+01 -2.234771952e+02 -2.234771952e+02 +0.0000e+00 +0.0000e+00
2 +3.555969214e+00 +3.555969214e+00 -2.364540308e+02 -2.364540308e+02 -1.1458e+00 +7.7521e-01
3 +3.284428806e+00 +3.284428806e+00 -2.367255712e+02 -2.367255712e+02 -1.0166e+00 +8.7817e-01
8 +3.025692315e+00 +3.025692315e+00 -2.369843077e+02 -2.369843077e+02 -1.2439e+00 +9.2192e-01
13 +2.755902216e+00 +2.755902216e+00 -2.372540978e+02 -2.372540978e+02 -1.0280e+00 +1.0487e+00
14 +2.506300365e+00 +2.506300365e+00 -2.375036996e+02 -2.375036996e+02 -9.7901e-01 +1.1632e+00
25 +2.035530659e+00 +2.035530659e+00 -2.379744693e+02 -2.379744693e+02 -8.7279e-01 +1.4682e+00
47 +1.791707568e+00 +1.791707568e+00 -2.382182924e+02 -2.382182924e+02 -8.5080e-01 +1.8078e+00
52 +1.643150504e+00 +1.643150504e+00 -2.383668495e+02 -2.383668495e+02 -6.7817e-01 +1.8085e+00
70 +1.576280099e+00 +1.576280099e+00 -2.384337199e+02 -2.384337199e+02 -9.6216e-01 +2.5648e+00
77 +1.367486009e+00 +1.367486009e+00 -2.386425140e+02 -2.386425140e+02 -6.8917e-01 +2.4663e+00
84 +1.269820887e+00 +1.269820887e+00 -2.387401791e+02 -2.387401791e+02 -4.9693e-01 +2.2766e+00
91 +8.865829036e-01 +8.865829036e-01 -2.391234171e+02 -2.391234171e+02 -1.2955e-01 +2.3947e+00
95 +5.705228979e-01 +5.705228979e-01 -2.394394771e+02 -2.394394771e+02 -1.4547e-01 +3.4930e+00
118 +2.803484534e-01 +2.803484534e-01 -2.397296515e+02 -2.397296515e+02 +3.1526e-01 +2.8833e+00
143 +2.493015689e-01 +2.493015689e-01 -2.397606984e+02 -2.397606984e+02 +9.3274e-01 +2.5684e+00
157 +1.748022534e-01 +1.748022534e-01 -2.398351977e+02 -2.398351977e+02 +6.5677e-01 +3.2341e+00
176 +3.660130614e-02 +3.660130614e-02 -2.399733987e+02 -2.399733987e+02 +5.0708e-01 +3.0513e+00
179 +2.522734247e-02 +2.522734247e-02 -2.399847727e+02 -2.399847727e+02 +4.4763e-01 +3.2158e+00
330 +1.523882125e-02 +1.523882125e-02 -2.399947612e+02 -2.399947612e+02 +5.4102e-01 +3.1023e+00
396 +5.366237861e-04 +5.366237861e-04 -2.400094634e+02 -2.400094634e+02 +5.3532e-01 +3.0765e+00
462 +2.833735067e-04 +2.833735067e-04 -2.400097166e+02 -2.400097166e+02 +5.7944e-01 +2.9790e+00
646 +9.969104457e-05 +9.969104457e-05 -2.400099003e+02 -2.400099003e+02 +5.5647e-01 +3.0308e+00
753 +5.024883990e-06 +5.024883990e-06 -2.400099950e+02 -2.400099950e+02 +5.6121e-01 +3.0200e+00
1170 +4.723377344e-06 +4.723377344e-06 -2.400099953e+02 -2.400099953e+02 +5.5286e-01 +3.0386e+00
1276 +3.924091459e-06 +3.924091459e-06 -2.400099961e+02 -2.400099961e+02 +5.5234e-01 +3.0398e+00
1311 +3.845609683e-06 +3.845609683e-06 -2.400099962e+02 -2.400099962e+02 +5.5241e-01 +3.0397e+00
1334 +1.254107559e-06 +1.254107559e-06 -2.400099987e+02 -2.400099987e+02 +5.5261e-01 +3.0392e+00
1364 +8.997313046e-07 +8.997313046e-07 -2.400099991e+02 -2.400099991e+02 +5.5235e-01 +3.0398e+00
1474 +5.261710783e-07 +5.261710783e-07 -2.400099995e+02 -2.400099995e+02 +5.5232e-01 +3.0398e+00
1720 +4.942898215e-07 +4.942898215e-07 -2.400099995e+02 -2.400099995e+02 +5.5232e-01 +3.0398e+00
1808 +4.163695166e-07 +4.163695166e-07 -2.400099996e+02 -2.400099996e+02 +5.5232e-01 +3.0398e+00
1813 +1.384399866e-07 +1.384399866e-07 -2.400099999e+02 -2.400099999e+02 +5.5233e-01 +3.0398e+00
1837 +1.328726853e-07 +1.328726853e-07 -2.400099999e+02 -2.400099999e+02 +5.5232e-01 +3.0398e+00
1897 +1.306374600e-07 +1.306374600e-07 -2.400099999e+02 -2.400099999e+02 +5.5233e-01 +3.0398e+00
% function evaluation | noise-free fitness - Fopt (-5.462000000000e+01) | best noise-free fitness - Fopt | measured fitness | best measured fitness | x1 | x2...
1 +9.806226761e-01 +9.806226761e-01 -5.363937732e+01 -5.363937732e+01 +0.0000e+00 +0.0000e+00
94 +3.479953641e-01 +3.479953641e-01 -5.427200464e+01 -5.427200464e+01 +1.2237e-01 +1.0023e+00
110 +3.394853584e-01 +3.394853584e-01 -5.428051464e+01 -5.428051464e+01 +7.2220e-02 +9.5456e-01
176 +1.356141748e-01 +1.356141748e-01 -5.448438583e+01 -5.448438583e+01 +1.0754e+00 +1.1018e+00
188 +1.065628711e-01 +1.065628711e-01 -5.451343713e+01 -5.451343713e+01 +2.8333e-01 +6.3810e-01
228 +2.660307014e-02 +2.660307014e-02 -5.459339693e+01 -5.459339693e+01 +8.1970e-01 +8.7980e-01
262 +2.194006159e-02 +2.194006159e-02 -5.459805994e+01 -5.459805994e+01 +7.9482e-01 +9.2193e-01
352 +1.831488663e-02 +1.831488663e-02 -5.460168511e+01 -5.460168511e+01 +5.6869e-01 +7.9418e-01
374 +1.087487503e-02 +1.087487503e-02 -5.460912512e+01 -5.460912512e+01 +6.9013e-01 +8.4769e-01
418 +7.702264492e-03 +7.702264492e-03 -5.461229774e+01 -5.461229774e+01 +6.2636e-01 +8.2712e-01
495 +4.765908982e-05 +4.765908982e-05 -5.461995234e+01 -5.461995234e+01 +7.0672e-01 +8.6555e-01
1122 +3.684543493e-06 +3.684543493e-06 -5.461999632e+01 -5.461999632e+01 +6.7038e-01 +8.5190e-01
1348 +4.155327744e-07 +4.155327744e-07 -5.461999958e+01 -5.461999958e+01 +6.6779e-01 +8.5092e-01
1459 +1.690385574e-07 +1.690385574e-07 -5.461999983e+01 -5.461999983e+01 +6.6801e-01 +8.5100e-01
1694 +1.116784105e-07 +1.116784105e-07 -5.461999989e+01 -5.461999989e+01 +6.6831e-01 +8.5111e-01
% function evaluation | noise-free fitness - Fopt (-2.548300000000e+02) | best noise-free fitness - Fopt | measured fitness | best measured fitness | x1 | x2...
1 +3.006167710e-01 +3.006167710e-01 -2.545293832e+02 -2.545293832e+02 +0.0000e+00 +0.0000e+00
154 +1.544099989e-01 +1.544099989e-01 -2.546755900e+02 -2.546755900e+02 +1.9993e-01 +6.9134e-02
198 +2.406016938e-02 +2.406016938e-02 -2.548059398e+02 -2.548059398e+02 +2.9714e-01 -4.4414e-02
328 +2.192113633e-02 +2.192113633e-02 -2.548080789e+02 -2.548080789e+02 +3.0355e-01 -1.0663e-01
352 +1.786911404e-02 +1.786911404e-02 -2.548121309e+02 -2.548121309e+02 +1.6781e-01 -3.8717e-01
374 +9.355402084e-03 +9.355402084e-03 -2.548206446e+02 -2.548206446e+02 +2.8395e-01 -1.0997e-01
533 +6.967715873e-03 +6.967715873e-03 -2.548230323e+02 -2.548230323e+02 +1.0998e-01 -4.5921e-01
599 +1.123689418e-03 +1.123689418e-03 -2.548288763e+02 -2.548288763e+02 +1.9747e-01 -2.8115e-01
616 +2.632755254e-04 +2.632755254e-04 -2.548297367e+02 -2.548297367e+02 +2.1402e-01 -2.4863e-01
852 +1.950046190e-04 +1.950046190e-04 -2.548298050e+02 -2.548298050e+02 +2.1146e-01 -2.5491e-01
974 +1.369707669e-04 +1.369707669e-04 -2.548298630e+02 -2.548298630e+02 +2.1422e-01 -2.4876e-01
5365 +1.347886154e-04 +1.347886154e-04 -2.548298652e+02 -2.548298652e+02 +2.1408e-01 -2.4906e-01
5947 +1.317174441e-04 +1.317174441e-04 -2.548298683e+02 -2.548298683e+02 +2.1395e-01 -2.4931e-01
6898 +1.287958637e-04 +1.287958637e-04 -2.548298712e+02 -2.548298712e+02 +2.1378e-01 -2.4964e-01
7668 +1.256503238e-04 +1.256503238e-04 -2.548298743e+02 -2.548298743e+02 +2.1359e-01 -2.5003e-01
8205 +1.229931995e-04 +1.229931995e-04 -2.548298770e+02 -2.548298770e+02 +2.1345e-01 -2.5033e-01
8869 +1.202090189e-04 +1.202090189e-04 -2.548298798e+02 -2.548298798e+02 +2.1328e-01 -2.5068e-01
9160 +1.170615578e-04 +1.170615578e-04 -2.548298829e+02 -2.548298829e+02 +2.1310e-01 -2.5107e-01
10970 +6.465036654e-05 +6.465036654e-05 -2.548299353e+02 -2.548299353e+02 +1.8146e-01 -3.1709e-01
11252 +3.599704655e-06 +3.599704655e-06 -2.548299964e+02 -2.548299964e+02 +1.9534e-01 -2.8821e-01
% function evaluation | noise-free fitness - Fopt (-2.839000000000e+01) | best noise-free fitness - Fopt | measured fitness | best measured fitness | x1 | x2...
1 +5.685373667e+01 +5.685373667e+01 +2.846373667e+01 +2.846373667e+01 +0.0000e+00 +0.0000e+00
2 +5.405211453e+01 +5.405211453e+01 +2.566211453e+01 +2.566211453e+01 -3.6030e-01 -3.9044e+00
3 +5.173897471e+01 +5.173897471e+01 +2.334897471e+01 +2.334897471e+01 -3.3158e-01 -4.1511e+00
8 +4.757064459e+01 +4.757064459e+01 +1.918064459e+01 +1.918064459e+01 -2.1720e-01 -4.0557e+00
25 +4.609983979e+01 +4.609983979e+01 +1.770983979e+01 +1.770983979e+01 -1.6836e-01 -3.9565e+00
28 +4.053551870e+01 +4.053551870e+01 +1.214551870e+01 +1.214551870e+01 -4.1229e-02 -4.1939e+00
31 +3.896911233e+01 +3.896911233e+01 +1.057911233e+01 +1.057911233e+01 +3.1215e-02 -3.9413e+00
33 +2.770868813e+01 +2.770868813e+01 -6.813118663e-01 -6.813118663e-01 +3.7670e-01 -4.1860e+00
49 +1.398487668e+01 +1.398487668e+01 -1.440512332e+01 -1.440512332e+01 +1.0037e+00 -4.3926e+00
54 +5.886001683e+00 +5.886001683e+00 -2.250399832e+01 -2.250399832e+01 +1.7876e+00 -4.4877e+00
69 +2.320456711e+00 +2.320456711e+00 -2.606954329e+01 -2.606954329e+01 +4.0605e+00 -2.6653e+00
81 +1.865260712e+00 +1.865260712e+00 -2.652473929e+01 -2.652473929e+01 +4.7063e+00 -1.9005e+00
158 +1.464356382e+00 +1.464356382e+00 -2.692564362e+01 -2.692564362e+01 +3.1313e+00 +1.1028e+00
165 +1.376041302e+00 +1.376041302e+00 -2.701395870e+01 -2.701395870e+01 +4.3347e+00 +1.0199e+00
212 +2.740649814e-01 +2.740649814e-01 -2.811593502e+01 -2.811593502e+01 +3.4368e+00 -1.1137e-03
235 +2.074407784e-01 +2.074407784e-01 -2.818255922e+01 -2.818255922e+01 +3.8210e+00 -9.8646e-02
286 +6.655823424e-02 +6.655823424e-02 -2.832344177e+01 -2.832344177e+01 +3.9630e+00 -3.8982e-01
396 +1.211512023e-02 +1.211512023e-02 -2.837788488e+01 -2.837788488e+01 +3.8566e+00 -2.9905e-01
550 +4.898095978e-03 +4.898095978e-03 -2.838510190e+01 -2.838510190e+01 +3.8960e+00 -3.1064e-01
594 +3.526567831e-03 +3.526567831e-03 -2.838647343e+01 -2.838647343e+01 +3.9005e+00 -3.1959e-01
620 +2.208850316e-03 +2.208850316e-03 -2.838779115e+01 -2.838779115e+01 +3.7529e+00 -2.9770e-01
631 +1.053148332e-03 +1.053148332e-03 -2.838894685e+01 -2.838894685e+01 +3.7876e+00 -3.0261e-01
792 +8.073353260e-04 +8.073353260e-04 -2.838919266e+01 -2.838919266e+01 +3.7665e+00 -3.0210e-01
838 +3.630529549e-04 +3.630529549e-04 -2.838963695e+01 -2.838963695e+01 +3.7690e+00 -3.0186e-01
888 +3.501337046e-04 +3.501337046e-04 -2.838964987e+01 -2.838964987e+01 +3.8101e+00 -3.0649e-01
902 +1.565621084e-04 +1.565621084e-04 -2.838984344e+01 -2.838984344e+01 +3.8012e+00 -3.0531e-01
968 +1.105192967e-04 +1.105192967e-04 -2.838988948e+01 -2.838988948e+01 +3.8076e+00 -3.0597e-01
1025 +8.799936158e-05 +8.799936158e-05 -2.838991200e+01 -2.838991200e+01 +3.8366e+00 -3.0896e-01
1034 +2.734981856e-05 +2.734981856e-05 -2.838997265e+01 -2.838997265e+01 +3.8102e+00 -3.0617e-01
1353 +2.569868349e-05 +2.569868349e-05 -2.838997430e+01 -2.838997430e+01 +3.8069e+00 -3.0577e-01
1355 +2.361368795e-05 +2.361368795e-05 -2.838997639e+01 -2.838997639e+01 +3.8074e+00 -3.0585e-01
1376 +2.129630495e-05 +2.129630495e-05 -2.838997870e+01 -2.838997870e+01 +3.8071e+00 -3.0581e-01
1584 +2.060815232e-05 +2.060815232e-05 -2.838997939e+01 -2.838997939e+01 +3.8072e+00 -3.0581e-01
1622 +1.996246234e-05 +1.996246234e-05 -2.838998004e+01 -2.838998004e+01 +3.8074e+00 -3.0584e-01
2145 +1.993488476e-05 +1.993488476e-05 -2.838998007e+01 -2.838998007e+01 +3.8075e+00 -3.0585e-01
2330 +1.945909409e-05 +1.945909409e-05 -2.838998054e+01 -2.838998054e+01 +3.8078e+00 -3.0588e-01
3709 +1.905407482e-05 +1.905407482e-05 -2.838998095e+01 -2.838998095e+01 +3.8079e+00 -3.0589e-01
4475 +1.859164111e-05 +1.859164111e-05 -2.838998141e+01 -2.838998141e+01 +3.8081e+00 -3.0591e-01
4963 +1.813746392e-05 +1.813746392e-05 -2.838998186e+01 -2.838998186e+01 +3.8083e+00 -3.0593e-01
6311 +1.728376770e-05 +1.728376770e-05 -2.838998272e+01 -2.838998272e+01 +3.8098e+00 -3.0609e-01
6353 +9.247977175e-07 +9.247977175e-07 -2.838999908e+01 -2.838999908e+01 +3.8249e+00 -3.0776e-01
% function evaluation | noise-free fitness - Fopt (3.335200000000e+02) | best noise-free fitness - Fopt | measured fitness | best measured fitness | x1 | x2...
1 +1.181724417e+01 +1.181724417e+01 +3.453372442e+02 +3.453372442e+02 +0.0000e+00 +0.0000e+00
2 +8.438882548e+00 +8.438882548e+00 +3.419588825e+02 +3.419588825e+02 +5.8268e+00 -3.7840e+00
3 +6.457251349e+00 +6.457251349e+00 +3.399772513e+02 +3.399772513e+02 +5.6786e+00 -3.9533e+00
11 +5.771011300e+00 +5.771011300e+00 +3.392910113e+02 +3.392910113e+02 +5.5524e+00 -3.9850e+00
15 +5.293035922e+00 +5.293035922e+00 +3.388130359e+02 +3.388130359e+02 +5.5083e+00 -4.0535e+00
25 +4.377834198e+00 +4.377834198e+00 +3.378978342e+02 +3.378978342e+02 +5.3359e+00 -4.1818e+00
41 +4.082028816e+00 +4.082028816e+00 +3.376020288e+02 +3.376020288e+02 +5.4105e+00 -4.4528e+00
56 +3.337682862e+00 +3.337682862e+00 +3.368576829e+02 +3.368576829e+02 +4.8356e+00 -4.3078e+00
71 +3.303385245e+00 +3.303385245e+00 +3.368233852e+02 +3.368233852e+02 +4.7164e+00 -4.7444e+00
75 +2.754718694e+00 +2.754718694e+00 +3.362747187e+02 +3.362747187e+02 +3.9703e+00 -3.5385e+00
91 +2.201165781e+00 +2.201165781e+00 +3.357211658e+02 +3.357211658e+02 +3.8138e+00 -4.0653e+00
96 +9.849701598e-01 +9.849701598e-01 +3.345049702e+02 +3.345049702e+02 +2.7379e+00 -3.4427e+00
113 +6.347448399e-01 +6.347448399e-01 +3.341547448e+02 +3.341547448e+02 +8.3018e-01 -3.5973e+00
127 +5.194364406e-01 +5.194364406e-01 +3.340394364e+02 +3.340394364e+02 +2.1277e+00 -3.6624e+00
146 +3.016246049e-01 +3.016246049e-01 +3.338216246e+02 +3.338216246e+02 +1.2867e+00 -3.4713e+00
154 +2.328868619e-01 +2.328868619e-01 +3.337528869e+02 +3.337528869e+02 +1.2773e+00 -4.0854e+00
176 +4.726262851e-02 +4.726262851e-02 +3.335672626e+02 +3.335672626e+02 +1.4898e+00 -3.6275e+00
184 +3.469397638e-02 +3.469397638e-02 +3.335546940e+02 +3.335546940e+02 +1.5130e+00 -3.6129e+00
232 +1.059870606e-02 +1.059870606e-02 +3.335305987e+02 +3.335305987e+02 +1.5093e+00 -3.7058e+00
348 +7.597316998e-03 +7.597316998e-03 +3.335275973e+02 +3.335275973e+02 +1.5735e+00 -3.5640e+00
416 +7.282397384e-03 +7.282397384e-03 +3.335272824e+02 +3.335272824e+02 +1.6670e+00 -3.4340e+00
423 +6.508874245e-04 +6.508874245e-04 +3.335206509e+02 +3.335206509e+02 +1.6017e+00 -3.5326e+00
620 +3.771513786e-04 +3.771513786e-04 +3.335203772e+02 +3.335203772e+02 +1.6197e+00 -3.5015e+00
688 +3.625082916e-04 +3.625082916e-04 +3.335203625e+02 +3.335203625e+02 +1.6113e+00 -3.5143e+00
726 +2.300343256e-04 +2.300343256e-04 +3.335202300e+02 +3.335202300e+02 +1.6104e+00 -3.5161e+00
752 +7.155751155e-05 +7.155751155e-05 +3.335200716e+02 +3.335200716e+02 +1.6039e+00 -3.5277e+00
814 +6.207555253e-05 +6.207555253e-05 +3.335200621e+02 +3.335200621e+02 +1.6077e+00 -3.5210e+00
855 +4.917132935e-05 +4.917132935e-05 +3.335200492e+02 +3.335200492e+02 +1.6067e+00 -3.5229e+00
898 +4.788367164e-05 +4.788367164e-05 +3.335200479e+02 +3.335200479e+02 +1.6064e+00 -3.5233e+00
1031 +4.117304502e-05 +4.117304502e-05 +3.335200412e+02 +3.335200412e+02 +1.6055e+00 -3.5249e+00
% function evaluation | noise-free fitness - Fopt (-5.752200000000e+02) | best noise-free fitness - Fopt | measured fitness | best measured fitness | x1 | x2...
1 +7.944205352e-01 +7.944205352e-01 -5.744255795e+02 -5.744255795e+02 +0.0000e+00 +0.0000e+00
9 +7.079055381e-01 +7.079055381e-01 -5.745120945e+02 -5.745120945e+02 +8.3163e-01 -3.6378e-01
28 +6.058183877e-01 +6.058183877e-01 -5.746141816e+02 -5.746141816e+02 +7.0447e-01 -2.9869e-01
29 +1.912026194e-01 +1.912026194e-01 -5.750287974e+02 -5.750287974e+02 +7.3725e-01 +2.3568e-01
40 +4.507250464e-02 +4.507250464e-02 -5.751749275e+02 -5.751749275e+02 +5.2379e-01 +2.9370e-01
66 +2.939998948e-02 +2.939998948e-02 -5.751906000e+02 -5.751906000e+02 +6.9578e-01 +5.2931e-01
88 +6.947762082e-03 +6.947762082e-03 -5.752130522e+02 -5.752130522e+02 +7.2677e-01 +5.0973e-01
201 +4.884293863e-03 +4.884293863e-03 -5.752151157e+02 -5.752151157e+02 +8.6463e-01 +6.8768e-01
205 +3.346956594e-03 +3.346956594e-03 -5.752166530e+02 -5.752166530e+02 +7.6812e-01 +5.7546e-01
286 +1.628764366e-03 +1.628764366e-03 -5.752183712e+02 -5.752183712e+02 +7.1961e-01 +5.0947e-01
346 +4.178713092e-04 +4.178713092e-04 -5.752195821e+02 -5.752195821e+02 +7.9881e-01 +6.0657e-01
510 +2.674350591e-04 +2.674350591e-04 -5.752197326e+02 -5.752197326e+02 +7.2530e-01 +5.1845e-01
572 +1.997343314e-04 +1.997343314e-04 -5.752198003e+02 -5.752198003e+02 +7.6729e-01 +5.6955e-01
685 +1.989548068e-04 +1.989548068e-04 -5.752198010e+02 -5.752198010e+02 +7.4713e-01 +5.4472e-01
704 +7.238535750e-05 +7.238535750e-05 -5.752199276e+02 -5.752199276e+02 +7.4756e-01 +5.4565e-01
754 +2.284844732e-05 +2.284844732e-05 -5.752199772e+02 -5.752199772e+02 +7.5999e-01 +5.6050e-01
4819 +3.031825258e-06 +3.031825258e-06 -5.752199970e+02 -5.752199970e+02 +7.6682e-01 +5.6867e-01
% function evaluation | noise-free fitness - Fopt (9.007000000000e+01) | best noise-free fitness - Fopt | measured fitness | best measured fitness | x1 | x2...
1 +4.738721688e+00 +4.738721688e+00 +9.480872169e+01 +9.480872169e+01 +0.0000e+00 +0.0000e+00
2 +1.952197941e+00 +1.952197941e+00 +9.202219794e+01 +9.202219794e+01 -9.6175e-01 +6.2766e-01
3 +1.867540902e+00 +1.867540902e+00 +9.193754090e+01 +9.193754090e+01 -1.0304e+00 +5.7607e-01
7 +1.749923758e+00 +1.749923758e+00 +9.181992376e+01 +9.181992376e+01 -1.2133e+00 +5.8385e-01
14 +1.733153952e+00 +1.733153952e+00 +9.180315395e+01 +9.180315395e+01 -1.3596e+00 +6.9121e-01
18 +1.665523794e+00 +1.665523794e+00 +9.173552379e+01 +9.173552379e+01 -1.2846e+00 +5.3434e-01
24 +1.439735976e+00 +1.439735976e+00 +9.150973598e+01 +9.150973598e+01 -1.4564e+00 +3.8495e-01
30 +1.131834874e+00 +1.131834874e+00 +9.120183487e+01 +9.120183487e+01 -1.6684e+00 +1.6143e-01
50 +3.698763521e-01 +3.698763521e-01 +9.043987635e+01 +9.043987635e+01 -2.6185e+00 -1.8097e-02
59 +2.866820684e-01 +2.866820684e-01 +9.035668207e+01 +9.035668207e+01 -2.1927e+00 -5.0501e-01
63 +7.980161256e-02 +7.980161256e-02 +9.014980161e+01 +9.014980161e+01 -2.4876e+00 -7.2987e-01
88 +1.840179187e-02 +1.840179187e-02 +9.008840179e+01 +9.008840179e+01 -2.6570e+00 -4.5074e-01
390 +1.025974021e-02 +1.025974021e-02 +9.008025974e+01 +9.008025974e+01 -2.4572e+00 -6.5682e-01
450 +9.762423014e-03 +9.762423014e-03 +9.007976242e+01 +9.007976242e+01 -2.7737e+00 -3.7536e-01
468 +4.481496739e-03 +4.481496739e-03 +9.007448150e+01 +9.007448150e+01 -2.6258e+00 -5.0878e-01
560 +4.139180735e-03 +4.139180735e-03 +9.007413918e+01 +9.007413918e+01 -2.5650e+00 -5.5100e-01
566 +1.758932262e-03 +1.758932262e-03 +9.007175893e+01 +9.007175893e+01 -2.5238e+00 -5.9235e-01
694 +1.681265003e-03 +1.681265003e-03 +9.007168127e+01 +9.007168127e+01 -2.5289e+00 -5.8721e-01
765 +1.196488246e-03 +1.196488246e-03 +9.007119649e+01 +9.007119649e+01 -2.5557e+00 -5.6326e-01
768 +9.204261971e-04 +9.204261971e-04 +9.007092043e+01 +9.007092043e+01 -2.5485e+00 -5.7026e-01
826 +6.991110259e-04 +6.991110259e-04 +9.007069911e+01 +9.007069911e+01 -2.5480e+00 -5.7123e-01
945 +5.085455389e-04 +5.085455389e-04 +9.007050855e+01 +9.007050855e+01 -2.5552e+00 -5.6493e-01
2726 +4.998995265e-04 +4.998995265e-04 +9.007049990e+01 +9.007049990e+01 -2.5541e+00 -5.6615e-01
2898 +4.884271378e-04 +4.884271378e-04 +9.007048843e+01 +9.007048843e+01 -2.5547e+00 -5.6571e-01
3140 +4.775405752e-04 +4.775405752e-04 +9.007047754e+01 +9.007047754e+01 -2.5550e+00 -5.6536e-01
3567 +4.671498301e-04 +4.671498301e-04 +9.007046715e+01 +9.007046715e+01 -2.5555e+00 -5.6493e-01
3619 +4.568351358e-04 +4.568351358e-04 +9.007045684e+01 +9.007045684e+01 -2.5567e+00 -5.6407e-01
3768 +4.383446613e-04 +4.383446613e-04 +9.007043834e+01 +9.007043834e+01 -2.5572e+00 -5.6358e-01
4073 +4.298826115e-04 +4.298826115e-04 +9.007042988e+01 +9.007042988e+01 -2.5571e+00 -5.6357e-01
4183 +4.247135456e-04 +4.247135456e-04 +9.007042471e+01 +9.007042471e+01 -2.5573e+00 -5.6336e-01
4244 +4.162644176e-04 +4.162644176e-04 +9.007041626e+01 +9.007041626e+01 -2.5577e+00 -5.6304e-01
4695 +4.048156197e-04 +4.048156197e-04 +9.007040482e+01 +9.007040482e+01 -2.5582e+00 -5.6255e-01
4912 +3.957603718e-04 +3.957603718e-04 +9.007039576e+01 +9.007039576e+01 -2.5586e+00 -5.6221e-01
5075 +3.841199910e-04 +3.841199910e-04 +9.007038412e+01 +9.007038412e+01 -2.5592e+00 -5.6166e-01
5432 +3.796151318e-04 +3.796151318e-04 +9.007037962e+01 +9.007037962e+01 -2.5593e+00 -5.6151e-01
5615 +3.703673762e-04 +3.703673762e-04 +9.007037037e+01 +9.007037037e+01 -2.5599e+00 -5.6101e-01
5697 +3.614257951e-04 +3.614257951e-04 +9.007036143e+01 +9.007036143e+01 -2.5602e+00 -5.6076e-01
5880 +3.534700452e-04 +3.534700452e-04 +9.007035347e+01 +9.007035347e+01 -2.5606e+00 -5.6041e-01
6058 +3.372535468e-04 +3.372535468e-04 +9.007033725e+01 +9.007033725e+01 -2.5615e+00 -5.5968e-01
6109 +3.297473431e-04 +3.297473431e-04 +9.007032975e+01 +9.007032975e+01 -2.5619e+00 -5.5931e-01
6563 +3.222606483e-04 +3.222606483e-04 +9.007032226e+01 +9.007032226e+01 -2.5623e+00 -5.5884e-01
6926 +3.139916606e-04 +3.139916606e-04 +9.007031399e+01 +9.007031399e+01 -2.5627e+00 -5.5859e-01
7334 +3.089787340e-04 +3.089787340e-04 +9.007030898e+01 +9.007030898e+01 -2.5629e+00 -5.5836e-01
7790 +3.000949227e-04 +3.000949227e-04 +9.007030009e+01 +9.007030009e+01 -2.5635e+00 -5.5792e-01
8001 +2.944699654e-04 +2.944699654e-04 +9.007029447e+01 +9.007029447e+01 -2.5637e+00 -5.5765e-01
8879 +2.883362832e-04 +2.883362832e-04 +9.007028834e+01 +9.007028834e+01 -2.5641e+00 -5.5734e-01
8981 +2.816543906e-04 +2.816543906e-04 +9.007028165e+01 +9.007028165e+01 -2.5646e+00 -5.5694e-01
9061 +2.737656087e-04 +2.737656087e-04 +9.007027377e+01 +9.007027377e+01 -2.5650e+00 -5.5654e-01
10195 +2.395807482e-04 +2.395807482e-04 +9.007023958e+01 +9.007023958e+01 -2.6275e+00 -5.0100e-01
10254 +2.281954429e-04 +2.281954429e-04 +9.007022820e+01 +9.007022820e+01 -2.6177e+00 -5.1028e-01
10268 +6.673615918e-05 +6.673615918e-05 +9.007006674e+01 +9.007006674e+01 -2.5852e+00 -5.3861e-01
10874 +5.634570503e-05 +5.634570503e-05 +9.007005635e+01 +9.007005635e+01 -2.6401e+00 -4.9018e-01
10919 +4.924519631e-05 +4.924519631e-05 +9.007004925e+01 +9.007004925e+01 -2.6407e+00 -4.8966e-01
11024 +4.539264307e-05 +4.539264307e-05 +9.007004539e+01 +9.007004539e+01 -2.6402e+00 -4.9007e-01
11111 +4.451212327e-05 +4.451212327e-05 +9.007004451e+01 +9.007004451e+01 -2.6401e+00 -4.9015e-01
