% function evaluation | noise-free fitness - Fopt (-1.694000000000e+01) | best noise-free fitness - Fopt | measured fitness | best measured fitness | x1 | x2...
1 +9.470123986e+01 +9.470123986e+01 +7.776123986e+01 +7.776123986e+01 +0.0000e+00 +0.0000e+00 +0.0000e+00 +0.0000e+00 +0.0000e+00
% function evaluation | noise-free fitness - Fopt (1.881000000000e+01) | best noise-free fitness - Fopt | measured fitness | best measured fitness | x1 | x2...
1 +3.169183622e+01 +3.169183622e+01 +5.050183622e+01 +5.050183622e+01 +0.0000e+00 +0.0000e+00 +0.0000e+00 +0.0000e+00 +0.0000e+00
7 +2.808582774e+01 +2.808582774e+01 +4.689582774e+01 +4.689582774e+01 -7.2508e-01 +5.9551e+00 -9.4632e-01 +4.2737e+00 -1.5982e+00
19 +2.064423849e+01 +2.064423849e+01 +3.945423849e+01 +3.945423849e+01 -6.0698e-01 +5.5875e+00 -8.8579e-01 +3.9115e+00 -1.9351e+00
56 +1.883332090e+01 +1.883332090e+01 +3.764332090e+01 +3.764332090e+01 -9.1417e-01 +5.6684e+00 -9.5511e-01 +4.1801e+00 -1.6418e+00
83 +1.809838032e+01 +1.809838032e+01 +3.690838032e+01 +3.690838032e+01 -1.1609e+00 +5.6957e+00 -7.5725e-01 +3.8953e+00 -1.7149e+00
108 +1.667258360e+01 +1.667258360e+01 +3.548258360e+01 +3.548258360e+01 -1.2292e+00 +5.5883e+00 -1.0387e+00 +4.2817e+00 -1.5438e+00
110 +1.619215447e+01 +1.619215447e+01 +3.500215447e+01 +3.500215447e+01 -9.1754e-01 +5.3959e+00 -8.7520e-01 +4.1326e+00 -1.7398e+00
113 +1.111896973e+01 +1.111896973e+01 +2.992896973e+01 +2.992896973e+01 -1.1657e+00 +4.5025e+00 -8.0937e-01 +3.9107e+00 -1.8094e+00
132 +1.050585998e+01 +1.050585998e+01 +2.931585998e+01 +2.931585998e+01 -1.0841e+00 +5.1483e+00 -8.4597e-01 +4.0561e+00 -1.6578e+00
151 +8.786073542e+00 +8.786073542e+00 +2.759607354e+01 +2.759607354e+01 -1.2616e+00 +4.8766e+00 -9.5793e-01 +3.8881e+00 -1.6301e+00
157 +7.774124547e+00 +7.774124547e+00 +2.658412455e+01 +2.658412455e+01 -1.0389e+00 +5.2292e+00 -1.0654e+00 +3.9977e+00 -1.6285e+00
191 +4.412594397e+00 +4.412594397e+00 +2.322259440e+01 +2.322259440e+01 -1.5748e+00 +3.7943e+00 -1.3805e+00 +3.0898e+00 -1.0838e+00
235 +3.758009436e+00 +3.758009436e+00 +2.256800944e+01 +2.256800944e+01 -1.4143e+00 +4.6318e+00 -1.2364e+00 +3.5624e+00 -1.2406e+00
308 +3.707535507e+00 +3.707535507e+00 +2.251753551e+01 +2.251753551e+01 -1.3897e+00 +4.6090e+00 -1.1977e+00 +3.6728e+00 -1.4084e+00
394 +3.629195881e+00 +3.629195881e+00 +2.243919588e+01 +2.243919588e+01 -1.7915e+00 +4.1431e+00 -1.7069e+00 +3.7776e+00 -2.1554e+00
436 +3.461965653e+00 +3.461965653e+00 +2.227196565e+01 +2.227196565e+01 -1.5778e+00 +4.4225e+00 -1.5320e+00 +4.0122e+00 -2.0486e+00
449 +3.103328271e+00 +3.103328271e+00 +2.191332827e+01 +2.191332827e+01 -1.8027e+00 +4.0038e+00 -1.6172e+00 +3.8739e+00 -2.1472e+00
506 +2.157399632e+00 +2.157399632e+00 +2.096739963e+01 +2.096739963e+01 -1.7911e+00 +4.1487e+00 -1.6482e+00 +3.8165e+00 -1.9655e+00
571 +2.055812112e+00 +2.055812112e+00 +2.086581211e+01 +2.086581211e+01 -1.8083e+00 +4.4354e+00 -1.5970e+00 +4.0449e+00 -1.8489e+00
827 +1.790380803e+00 +1.790380803e+00 +2.060038080e+01 +2.060038080e+01 -1.7143e+00 +4.3417e+00 -1.5076e+00 +3.9037e+00 -1.9867e+00
836 +1.735711636e+00 +1.735711636e+00 +2.054571164e+01 +2.054571164e+01 -1.7369e+00 +4.3980e+00 -1.4875e+00 +3.8927e+00 -1.9349e+00
849 +1.618311201e+00 +1.618311201e+00 +2.042831120e+01 +2.042831120e+01 -1.7143e+00 +4.3751e+00 -1.5440e+00 +3.9016e+00 -1.9344e+00
852 +1.551855669e+00 +1.551855669e+00 +2.036185567e+01 +2.036185567e+01 -1.7220e+00 +4.3541e+00 -1.4748e+00 +3.8547e+00 -1.9361e+00
864 +1.414562561e+00 +1.414562561e+00 +2.022456256e+01 +2.022456256e+01 -1.7324e+00 +4.3939e+00 -1.4895e+00 +3.8681e+00 -1.8972e+00
879 +1.325049974e+00 +1.325049974e+00 +2.013504997e+01 +2.013504997e+01 -1.7590e+00 +4.4886e+00 -1.4853e+00 +3.9338e+00 -1.8846e+00
880 +1.212760670e+00 +1.212760670e+00 +2.002276067e+01 +2.002276067e+01 -1.7329e+00 +4.4200e+00 -1.4831e+00 +3.8960e+00 -1.9166e+00
902 +1.149584812e+00 +1.149584812e+00 +1.995958481e+01 +1.995958481e+01 -1.7321e+00 +4.4059e+00 -1.5090e+00 +3.8992e+00 -1.8891e+00
924 +1.078880313e+00 +1.078880313e+00 +1.988888031e+01 +1.988888031e+01 -1.7339e+00 +4.4337e+00 -1.4950e+00 +3.9002e+00 -1.9045e+00
968 +1.048821761e+00 +1.048821761e+00 +1.985882176e+01 +1.985882176e+01 -1.7322e+00 +4.3957e+00 -1.5156e+00 +3.9221e+00 -1.9336e+00
1043 +1.022809172e+00 +1.022809172e+00 +1.983280917e+01 +1.983280917e+01 -1.7664e+00 +4.3863e+00 -1.5161e+00 +3.9165e+00 -1.9659e+00
1056 +9.292218551e-01 +9.292218551e-01 +1.973922186e+01 +1.973922186e+01 -1.7664e+00 +4.3961e+00 -1.5268e+00 +3.9307e+00 -1.9443e+00
1058 +8.866436862e-01 +8.866436862e-01 +1.969664369e+01 +1.969664369e+01 -1.7554e+00 +4.3686e+00 -1.5435e+00 +3.9344e+00 -1.9769e+00
1141 +7.220651260e-01 +7.220651260e-01 +1.953206513e+01 +1.953206513e+01 -1.7648e+00 +4.3765e+00 -1.5234e+00 +3.9107e+00 -1.9547e+00
1298 +6.499542958e-01 +6.499542958e-01 +1.945995430e+01 +1.945995430e+01 -1.7638e+00 +4.3648e+00 -1.5308e+00 +3.9187e+00 -1.9701e+00
1446 +6.354870202e-01 +6.354870202e-01 +1.944548702e+01 +1.944548702e+01 -1.7632e+00 +4.3397e+00 -1.5359e+00 +3.8997e+00 -1.9768e+00
1540 +5.820558608e-01 +5.820558608e-01 +1.939205586e+01 +1.939205586e+01 -1.7635e+00 +4.3706e+00 -1.5313e+00 +3.9182e+00 -1.9685e+00
1647 +5.737854220e-01 +5.737854220e-01 +1.938378542e+01 +1.938378542e+01 -1.7624e+00 +4.3660e+00 -1.5308e+00 +3.9149e+00 -1.9719e+00
1713 +5.051289945e-01 +5.051289945e-01 +1.931512899e+01 +1.931512899e+01 -1.7652e+00 +4.3665e+00 -1.5315e+00 +3.9185e+00 -1.9751e+00
1870 +4.794349933e-01 +4.794349933e-01 +1.928943499e+01 +1.928943499e+01 -1.7664e+00 +4.3680e+00 -1.5321e+00 +3.9217e+00 -1.9775e+00
1996 +4.750264928e-01 +4.750264928e-01 +1.928502649e+01 +1.928502649e+01 -1.7664e+00 +4.3678e+00 -1.5323e+00 +3.9209e+00 -1.9760e+00
2328 +4.610360452e-01 +4.610360452e-01 +1.927103605e+01 +1.927103605e+01 -1.7667e+00 +4.3686e+00 -1.5326e+00 +3.9229e+00 -1.9774e+00
2329 +4.492084334e-01 +4.492084334e-01 +1.925920843e+01 +1.925920843e+01 -1.7669e+00 +4.3691e+00 -1.5324e+00 +3.9233e+00 -1.9781e+00
2446 +4.462241402e-01 +4.462241402e-01 +1.925622414e+01 +1.925622414e+01 -1.7669e+00 +4.3687e+00 -1.5325e+00 +3.9231e+00 -1.9783e+00
2816 +4.357772743e-01 +4.357772743e-01 +1.924577727e+01 +1.924577727e+01 -1.7668e+00 +4.3688e+00 -1.5324e+00 +3.9229e+00 -1.9779e+00
8045 +3.639186677e-01 +3.639186677e-01 +1.917391867e+01 +1.917391867e+01 -8.0771e-01 +2.8405e+00 -1.1791e+00 +1.4562e+00 +1.7281e-01
8989 +3.581116314e-01 +3.581116314e-01 +1.916811163e+01 +1.916811163e+01 -8.0252e-01 +2.8385e+00 -1.1759e+00 +1.4457e+00 +1.8405e-01
9056 +3.546878199e-01 +3.546878199e-01 +1.916468782e+01 +1.916468782e+01 -8.0217e-01 +2.8368e+00 -1.1759e+00 +1.4449e+00 +1.8479e-01
9075 +3.335473842e-01 +3.335473842e-01 +1.914354738e+01 +1.914354738e+01 -8.0301e-01 +2.8358e+00 -1.1764e+00 +1.4453e+00 +1.8425e-01
9308 +3.222189241e-01 +3.222189241e-01 +1.913221892e+01 +1.913221892e+01 -8.0281e-01 +2.8344e+00 -1.1766e+00 +1.4444e+00 +1.8500e-01
9838 +3.138953171e-01 +3.138953171e-01 +1.912389532e+01 +1.912389532e+01 -8.0283e-01 +2.8343e+00 -1.1765e+00 +1.4444e+00 +1.8471e-01
10298 +3.062673167e-01 +3.062673167e-01 +1.911626732e+01 +1.911626732e+01 -8.0290e-01 +2.8344e+00 -1.1766e+00 +1.4446e+00 +1.8455e-01
% function evaluation | noise-free fitness - Fopt (2.731500000000e+02) | best noise-free fitness - Fopt | measured fitness | best measured fitness | x1 | x2...
1 +8.700664503e+01 +8.700664503e+01 +3.601566450e+02 +3.601566450e+02 +0.0000e+00 +0.0000e+00 +0.0000e+00 +0.0000e+00 +0.0000e+00
% function evaluation | noise-free fitness - Fopt (3.718000000000e+01) | best noise-free fitness - Fopt | measured fitness | best measured fitness | x1 | x2...
1 +1.334312491e+02 +1.334312491e+02 +1.706112491e+02 +1.706112491e+02 +0.0000e+00 +0.0000e+00 +0.0000e+00 +0.0000e+00 +0.0000e+00
190 +1.217424517e+02 +1.217424517e+02 +1.589224517e+02 +1.589224517e+02 +3.2353e+00 -2.8278e+00 -2.6403e+00 -1.1914e+00 -1.2857e+00
259 +1.162433256e+02 +1.162433256e+02 +1.534233256e+02 +1.534233256e+02 +3.9717e+00 -2.9466e+00 -2.3451e+00 -1.4284e+00 -1.2010e+00
340 +1.095343457e+02 +1.095343457e+02 +1.467143457e+02 +1.467143457e+02 +2.4812e+00 -3.7034e+00 -2.8744e+00 -9.1840e-01 -2.9349e+00
386 +9.512548033e+01 +9.512548033e+01 +1.323054803e+02 +1.323054803e+02 +2.8545e+00 -3.5357e+00 -2.2494e+00 -3.6155e-01 -3.3430e+00
436 +8.933941504e+01 +8.933941504e+01 +1.265194150e+02 +1.265194150e+02 +2.5593e+00 -4.2979e+00 -1.4029e+00 -1.0613e+00 -2.8086e+00
443 +7.283054814e+01 +7.283054814e+01 +1.100105481e+02 +1.100105481e+02 +2.0185e+00 -4.4872e+00 -1.8998e+00 -8.1448e-01 -4.3758e+00
461 +6.067744095e+01 +6.067744095e+01 +9.785744095e+01 +9.785744095e+01 +2.2650e+00 -3.0922e+00 -9.1703e-01 -9.4245e-01 -3.0394e+00
476 +5.590721589e+01 +5.590721589e+01 +9.308721589e+01 +9.308721589e+01 +2.0867e+00 -3.7398e+00 -3.0241e-01 -1.0458e+00 -4.3384e+00
482 +5.449052717e+01 +5.449052717e+01 +9.167052717e+01 +9.167052717e+01 +2.5711e+00 -4.6713e+00 -1.2716e+00 +2.6114e-01 -5.2611e+00
486 +4.883525321e+01 +4.883525321e+01 +8.601525321e+01 +8.601525321e+01 +2.0284e+00 -2.8440e+00 -2.3939e-01 +4.7728e-01 -5.0226e+00
623 +3.473528401e+01 +3.473528401e+01 +7.191528401e+01 +7.191528401e+01 +1.5397e+00 -2.9229e+00 +1.3212e+00 +4.2724e-01 -3.7706e+00
663 +1.721784592e+01 +1.721784592e+01 +5.439784592e+01 +5.439784592e+01 +1.0953e+00 -3.3227e+00 +2.7761e+00 +1.0932e+00 -1.2596e+00
761 +1.433776535e+01 +1.433776535e+01 +5.151776535e+01 +5.151776535e+01 +4.1804e-01 -3.0484e+00 +3.3527e+00 +1.2741e+00 -1.7937e+00
784 +1.145582504e+01 +1.145582504e+01 +4.863582504e+01 +4.863582504e+01 +5.5039e-01 -1.3360e+00 +4.7006e+00 +1.0541e+00 -3.1935e+00
880 +1.102878983e+01 +1.102878983e+01 +4.820878983e+01 +4.820878983e+01 +7.6898e-01 -2.2363e+00 +4.4427e+00 +1.4205e+00 -2.1131e+00
900 +8.592290932e+00 +8.592290932e+00 +4.577229093e+01 +4.577229093e+01 +1.0303e+00 -2.0560e+00 +4.7695e+00 +1.2418e+00 -2.3085e+00
1122 +8.025431401e+00 +8.025431401e+00 +4.520543140e+01 +4.520543140e+01 +9.8922e-01 -1.6214e+00 +4.9136e+00 +1.1700e+00 -1.6037e+00
1146 +6.864337026e+00 +6.864337026e+00 +4.404433703e+01 +4.404433703e+01 +8.2211e-01 -1.5845e+00 +4.8206e+00 +1.0901e+00 -1.6416e+00
1320 +6.680335021e+00 +6.680335021e+00 +4.386033502e+01 +4.386033502e+01 +1.3037e-01 -1.0314e+00 +4.6762e+00 +1.1661e+00 -1.9363e+00
1342 +6.589361364e+00 +6.589361364e+00 +4.376936136e+01 +4.376936136e+01 +2.1502e-01 -9.3341e-01 +4.7945e+00 +1.1147e+00 -1.7918e+00
1376 +6.395901027e+00 +6.395901027e+00 +4.357590103e+01 +4.357590103e+01 +3.6271e-01 -8.5148e-01 +4.6806e+00 +1.0573e+00 -1.6239e+00
1386 +5.720222982e+00 +5.720222982e+00 +4.290022298e+01 +4.290022298e+01 +3.2539e-01 -9.9184e-01 +4.9816e+00 +1.0469e+00 -2.0181e+00
1430 +5.202298897e+00 +5.202298897e+00 +4.238229890e+01 +4.238229890e+01 +2.7462e-01 -1.0193e+00 +4.8191e+00 +1.0742e+00 -1.7365e+00
1474 +4.961585017e+00 +4.961585017e+00 +4.214158502e+01 +4.214158502e+01 +2.4915e-01 -9.4766e-01 +4.7113e+00 +1.0742e+00 -1.6642e+00
1562 +4.121851344e+00 +4.121851344e+00 +4.130185134e+01 +4.130185134e+01 +2.9766e-01 -1.0401e+00 +4.8504e+00 +1.0910e+00 -1.6991e+00
1581 +4.007773470e+00 +4.007773470e+00 +4.118777347e+01 +4.118777347e+01 +4.0447e-01 -1.0212e+00 +4.8870e+00 +1.0411e+00 -1.6595e+00
1584 +3.823013385e+00 +3.823013385e+00 +4.100301339e+01 +4.100301339e+01 +3.2932e-01 -1.0194e+00 +4.7923e+00 +1.0651e+00 -1.7135e+00
1605 +3.707888128e+00 +3.707888128e+00 +4.088788813e+01 +4.088788813e+01 +2.8871e-01 -9.9062e-01 +4.7852e+00 +1.0741e+00 -1.7887e+00
1606 +3.300956467e+00 +3.300956467e+00 +4.048095647e+01 +4.048095647e+01 +3.3353e-01 -1.0014e+00 +4.8287e+00 +1.0458e+00 -1.7166e+00
1760 +2.925447445e+00 +2.925447445e+00 +4.010544745e+01 +4.010544745e+01 +3.7340e-01 -1.0176e+00 +4.8737e+00 +1.0351e+00 -1.7225e+00
1804 +2.864250895e+00 +2.864250895e+00 +4.004425090e+01 +4.004425090e+01 +3.7815e-01 -1.0120e+00 +4.8954e+00 +1.0377e+00 -1.7302e+00
1958 +2.817042482e+00 +2.817042482e+00 +3.999704248e+01 +3.999704248e+01 +3.8922e-01 -1.0250e+00 +4.8885e+00 +1.0329e+00 -1.7231e+00
2002 +2.615198468e+00 +2.615198468e+00 +3.979519847e+01 +3.979519847e+01 +3.9898e-01 -1.0150e+00 +4.9167e+00 +1.0302e+00 -1.7302e+00
2112 +2.552949982e+00 +2.552949982e+00 +3.973294998e+01 +3.973294998e+01 +3.9661e-01 -1.0120e+00 +4.9177e+00 +1.0293e+00 -1.7215e+00
2300 +2.505213184e+00 +2.505213184e+00 +3.968521318e+01 +3.968521318e+01 +4.0047e-01 -1.0180e+00 +4.9154e+00 +1.0307e+00 -1.7321e+00
2420 +2.444439705e+00 +2.444439705e+00 +3.962443970e+01 +3.962443970e+01 +4.0179e-01 -1.0163e+00 +4.9165e+00 +1.0294e+00 -1.7181e+00
2640 +2.395354785e+00 +2.395354785e+00 +3.957535478e+01 +3.957535478e+01 +4.0015e-01 -1.0149e+00 +4.9154e+00 +1.0299e+00 -1.7231e+00
3021 +2.337983406e+00 +2.337983406e+00 +3.951798341e+01 +3.951798341e+01 +3.9854e-01 -1.0140e+00 +4.9144e+00 +1.0294e+00 -1.7241e+00
3300 +2.275810333e+00 +2.275810333e+00 +3.945581033e+01 +3.945581033e+01 +4.0055e-01 -1.0144e+00 +4.9167e+00 +1.0292e+00 -1.7238e+00
3836 +2.232526549e+00 +2.232526549e+00 +3.941252655e+01 +3.941252655e+01 +4.0056e-01 -1.0143e+00 +4.9168e+00 +1.0291e+00 -1.7237e+00
27226 +2.145829712e+00 +2.145829712e+00 +3.932582971e+01 +3.932582971e+01 -3.3235e+00 +2.0511e+00 +2.7853e+00 +1.5374e+00 -3.1030e+00
27470 +1.938641661e+00 +1.938641661e+00 +3.911864166e+01 +3.911864166e+01 -3.4500e+00 +2.2074e+00 +2.9841e+00 +1.3115e+00 -3.2404e+00
27490 +1.607089538e+00 +1.607089538e+00 +3.878708954e+01 +3.878708954e+01 -3.5001e+00 +2.1650e+00 +2.5722e+00 +1.3619e+00 -3.3915e+00
27688 +1.494851621e+00 +1.494851621e+00 +3.867485162e+01 +3.867485162e+01 -3.6603e+00 +2.0164e+00 +2.0931e+00 +1.7033e+00 -3.4203e+00
27694 +8.878830173e-01 +8.878830173e-01 +3.806788302e+01 +3.806788302e+01 -3.8832e+00 +2.1765e+00 +2.2238e+00 +1.4649e+00 -3.2887e+00
27732 +3.575888091e-01 +3.575888091e-01 +3.753758881e+01 +3.753758881e+01 -3.8157e+00 +2.0253e+00 +2.1522e+00 +1.5851e+00 -3.4396e+00
28106 +2.538135150e-01 +2.538135150e-01 +3.743381352e+01 +3.743381352e+01 -3.9180e+00 +2.0517e+00 +1.9904e+00 +1.6207e+00 -3.5072e+00
28248 +2.374485823e-01 +2.374485823e-01 +3.741744858e+01 +3.741744858e+01 -3.9445e+00 +2.0917e+00 +1.9945e+00 +1.6202e+00 -3.5358e+00
28260 +1.661781760e-01 +1.661781760e-01 +3.734617818e+01 +3.734617818e+01 -3.9166e+00 +2.0525e+00 +1.9933e+00 +1.6064e+00 -3.5223e+00
28304 +1.282451127e-01 +1.282451127e-01 +3.730824511e+01 +3.730824511e+01 -3.9323e+00 +2.0701e+00 +1.9920e+00 +1.6242e+00 -3.5382e+00
28370 +1.080438801e-01 +1.080438801e-01 +3.728804388e+01 +3.728804388e+01 -3.9031e+00 +2.0745e+00 +2.0400e+00 +1.6048e+00 -3.5363e+00
28392 +9.933705881e-02 +9.933705881e-02 +3.727933706e+01 +3.727933706e+01 -3.9142e+00 +2.0787e+00 +2.0358e+00 +1.6050e+00 -3.5322e+00
28434 +7.287041892e-02 +7.287041892e-02 +3.725287042e+01 +3.725287042e+01 -3.9070e+00 +2.0697e+00 +2.0377e+00 +1.6067e+00 -3.5325e+00
28458 +7.050017510e-02 +7.050017510e-02 +3.725050018e+01 +3.725050018e+01 -3.9092e+00 +2.0617e+00 +2.0410e+00 +1.6060e+00 -3.5373e+00
28524 +6.243565952e-02 +6.243565952e-02 +3.724243566e+01 +3.724243566e+01 -3.9043e+00 +2.0568e+00 +2.0321e+00 +1.6161e+00 -3.5361e+00
28540 +5.752045083e-02 +5.752045083e-02 +3.723752045e+01 +3.723752045e+01 -3.9082e+00 +2.0647e+00 +2.0339e+00 +1.6099e+00 -3.5320e+00
28561 +5.392988545e-02 +5.392988545e-02 +3.723392989e+01 +3.723392989e+01 -3.8979e+00 +2.0622e+00 +2.0417e+00 +1.6075e+00 -3.5299e+00
28568 +4.489237854e-02 +4.489237854e-02 +3.722489238e+01 +3.722489238e+01 -3.8991e+00 +2.0564e+00 +2.0306e+00 +1.6144e+00 -3.5329e+00
28576 +3.982449874e-02 +3.982449874e-02 +3.721982450e+01 +3.721982450e+01 -3.9054e+00 +2.0558e+00 +2.0289e+00 +1.6146e+00 -3.5355e+00
28590 +3.784674752e-02 +3.784674752e-02 +3.721784675e+01 +3.721784675e+01 -3.8967e+00 +2.0559e+00 +2.0367e+00 +1.6088e+00 -3.5345e+00
28612 +2.247587116e-02 +2.247587116e-02 +3.720247587e+01 +3.720247587e+01 -3.9010e+00 +2.0623e+00 +2.0396e+00 +1.6087e+00 -3.5348e+00
28656 +2.112089002e-02 +2.112089002e-02 +3.720112089e+01 +3.720112089e+01 -3.8967e+00 +2.0600e+00 +2.0408e+00 +1.6076e+00 -3.5342e+00
28722 +1.815722650e-02 +1.815722650e-02 +3.719815723e+01 +3.719815723e+01 -3.8967e+00 +2.0625e+00 +2.0447e+00 +1.6076e+00 -3.5324e+00
28735 +1.718472399e-02 +1.718472399e-02 +3.719718472e+01 +3.719718472e+01 -3.8945e+00 +2.0614e+00 +2.0490e+00 +1.6065e+00 -3.5319e+00
28766 +9.838744097e-03 +9.838744097e-03 +3.718983874e+01 +3.718983874e+01 -3.8976e+00 +2.0605e+00 +2.0434e+00 +1.6092e+00 -3.5324e+00
28896 +8.468513620e-03 +8.468513620e-03 +3.718846851e+01 +3.718846851e+01 -3.8978e+00 +2.0622e+00 +2.0441e+00 +1.6085e+00 -3.5323e+00
28920 +7.189839765e-03 +7.189839765e-03 +3.718718984e+01 +3.718718984e+01 -3.8984e+00 +2.0601e+00 +2.0412e+00 +1.6094e+00 -3.5330e+00
28942 +6.054427422e-03 +6.054427422e-03 +3.718605443e+01 +3.718605443e+01 -3.8980e+00 +2.0601e+00 +2.0421e+00 +1.6086e+00 -3.5329e+00
29030 +6.016959205e-03 +6.016959205e-03 +3.718601696e+01 +3.718601696e+01 -3.8984e+00 +2.0609e+00 +2.0416e+00 +1.6096e+00 -3.5336e+00
29129 +4.608128578e-03 +4.608128578e-03 +3.718460813e+01 +3.718460813e+01 -3.9001e+00 +2.0610e+00 +2.0394e+00 +1.6097e+00 -3.5343e+00
29162 +4.494482877e-03 +4.494482877e-03 +3.718449448e+01 +3.718449448e+01 -3.9006e+00 +2.0602e+00 +2.0383e+00 +1.6102e+00 -3.5347e+00
29168 +3.155031496e-03 +3.155031496e-03 +3.718315503e+01 +3.718315503e+01 -3.9010e+00 +2.0608e+00 +2.0382e+00 +1.6100e+00 -3.5344e+00
29300 +2.681032659e-03 +2.681032659e-03 +3.718268103e+01 +3.718268103e+01 -3.8997e+00 +2.0599e+00 +2.0390e+00 +1.6099e+00 -3.5338e+00
29360 +1.831060808e-03 +1.831060808e-03 +3.718183106e+01 +3.718183106e+01 -3.8995e+00 +2.0602e+00 +2.0398e+00 +1.6097e+00 -3.5337e+00
29470 +1.770987021e-03 +1.770987021e-03 +3.718177099e+01 +3.718177099e+01 -3.8997e+00 +2.0600e+00 +2.0391e+00 +1.6097e+00 -3.5338e+00
29524 +1.628516356e-03 +1.628516356e-03 +3.718162852e+01 +3.718162852e+01 -3.8995e+00 +2.0598e+00 +2.0392e+00 +1.6099e+00 -3.5336e+00
29536 +1.151974131e-03 +1.151974131e-03 +3.718115197e+01 +3.718115197e+01 -3.8996e+00 +2.0599e+00 +2.0393e+00 +1.6098e+00 -3.5336e+00
29540 +8.851437215e-04 +8.851437215e-04 +3.718088514e+01 +3.718088514e+01 -3.8997e+00 +2.0602e+00 +2.0394e+00 +1.6097e+00 -3.5338e+00
29597 +8.398648922e-04 +8.398648922e-04 +3.718083986e+01 +3.718083986e+01 -3.8992e+00 +2.0597e+00 +2.0396e+00 +1.6097e+00 -3.5337e+00
29646 +7.185253335e-04 +7.185253335e-04 +3.718071853e+01 +3.718071853e+01 -3.8993e+00 +2.0599e+00 +2.0398e+00 +1.6097e+00 -3.5336e+00
29734 +2.838050225e-04 +2.838050225e-04 +3.718028381e+01 +3.718028381e+01 -3.8991e+00 +2.0599e+00 +2.0400e+00 +1.6096e+00 -3.5336e+00
29954 +2.704634431e-04 +2.704634431e-04 +3.718027046e+01 +3.718027046e+01 -3.8992e+00 +2.0600e+00 +2.0400e+00 +1.6096e+00 -3.5336e+00
30042 +2.666296879e-04 +2.666296879e-04 +3.718026663e+01 +3.718026663e+01 -3.8992e+00 +2.0600e+00 +2.0400e+00 +1.6096e+00 -3.5336e+00
30060 +1.786511383e-04 +1.786511383e-04 +3.718017865e+01 +3.718017865e+01 -3.8992e+00 +2.0600e+00 +2.0400e+00 +1.6096e+00 -3.5336e+00
30139 +1.570844762e-04 +1.570844762e-04 +3.718015708e+01 +3.718015708e+01 -3.8992e+00 +2.0600e+00 +2.0400e+00 +1.6096e+00 -3.5336e+00
30909 +1.273918163e-04 +1.273918163e-04 +3.718012739e+01 +3.718012739e+01 -3.8992e+00 +2.0601e+00 +2.0401e+00 +1.6096e+00 -3.5336e+00
31015 +1.092939582e-04 +1.092939582e-04 +3.718010929e+01 +3.718010929e+01 -3.8992e+00 +2.0601e+00 +2.0401e+00 +1.6096e+00 -3.5336e+00
31032 +1.063549465e-04 +1.063549465e-04 +3.718010635e+01 +3.718010635e+01 -3.8992e+00 +2.0601e+00 +2.0401e+00 +1.6096e+00 -3.5336e+00
31287 +1.036594025e-04 +1.036594025e-04 +3.718010366e+01 +3.718010366e+01 -3.8992e+00 +2.0601e+00 +2.0401e+00 +1.6096e+00 -3.5336e+00
31345 +9.510714918e-05 +9.510714918e-05 +3.718009511e+01 +3.718009511e+01 -3.8992e+00 +2.0601e+00 +2.0401e+00 +1.6096e+00 -3.5336e+00
31528 +8.790629465e-05 +8.790629465e-05 +3.718008791e+01 +3.718008791e+01 -3.8992e+00 +2.0601e+00 +2.0401e+00 +1.6096e+00 -3.5336e+00
31600 +8.677879617e-05 +8.677879617e-05 +3.718008678e+01 +3.718008678e+01 -3.8992e+00 +2.0601e+00 +2.0401e+00 +1.6096e+00 -3.5336e+00
32049 +8.506715931e-05 +8.506715931e-05 +3.718008507e+01 +3.718008507e+01 -3.8992e+00 +2.0601e+00 +2.0401e+00 +1.6096e+00 -3.5336e+00
32602 +8.273748205e-05 +8.273748205e-05 +3.718008274e+01 +3.718008274e+01 -3.8992e+00 +2.0601e+00 +2.0401e+00 +1.6096e+00 -3.5336e+00
33782 +8.107755497e-05 +8.107755497e-05 +3.718008108e+01 +3.718008108e+01 -3.8992e+00 +2.0601e+00 +2.0401e+00 +1.6096e+00 -3.5336e+00
% function evaluation | noise-free fitness - Fopt (-1.479000000000e+02) | best noise-free fitness - Fopt | measured fitness | best measured fitness | x1 | x2...
1 +6.898756762e+01 +6.898756762e+01 -7.891243238e+01 -7.891243238e+01 +0.0000e+00 +0.0000e+00 +0.0000e+00 +0.0000e+00 +0.0000e+00
2 +4.407936084e+01 +4.407936084e+01 -1.038206392e+02 -1.038206392e+02 +1.4734e+00 +2.9485e-01 +3.1344e+00 +8.9212e-01 -2.9495e+00
3 +3.676332331e+01 +3.676332331e+01 -1.111366767e+02 -1.111366767e+02 +1.6105e+00 +1.6502e-01 +3.3708e+00 +1.1000e+00 -3.1290e+00
8 +3.014209730e+01 +3.014209730e+01 -1.177579027e+02 -1.177579027e+02 +1.4727e+00 +3.1214e-01 +3.2721e+00 +1.1061e+00 -2.9991e+00
17 +2.887496173e+01 +2.887496173e+01 -1.190250383e+02 -1.190250383e+02 +1.5758e+00 +2.8732e-01 +3.3010e+00 +1.1874e+00 -3.0885e+00
22 +2.848067775e+01 +2.848067775e+01 -1.194193223e+02 -1.194193223e+02 +1.5271e+00 +2.5180e-01 +3.2395e+00 +1.0943e+00 -3.0474e+00
37 +2.560285866e+01 +2.560285866e+01 -1.222971413e+02 -1.222971413e+02 +1.5783e+00 +3.7110e-01 +3.3262e+00 +1.1040e+00 -2.8865e+00
44 +2.403870025e+01 +2.403870025e+01 -1.238612998e+02 -1.238612998e+02 +1.5658e+00 +3.1997e-01 +3.2547e+00 +1.0766e+00 -3.0244e+00
58 +2.338032093e+01 +2.338032093e+01 -1.245196791e+02 -1.245196791e+02 +1.5183e+00 +3.4921e-01 +3.3210e+00 +1.1814e+00 -2.9728e+00
66 +2.278639917e+01 +2.278639917e+01 -1.251136008e+02 -1.251136008e+02 +1.5661e+00 +3.5601e-01 +3.2519e+00 +1.1140e+00 -3.0654e+00
117 +2.218845196e+01 +2.218845196e+01 -1.257115480e+02 -1.257115480e+02 +1.6073e+00 +4.7295e-01 +3.2782e+00 +1.0792e+00 -2.9963e+00
198 +2.186176598e+01 +2.186176598e+01 -1.260382340e+02 -1.260382340e+02 +1.6398e+00 +4.5878e-01 +3.2013e+00 +1.0030e+00 -3.0555e+00
% function evaluation | noise-free fitness - Fopt (-6.080000000000e+00) | best noise-free fitness - Fopt | measured fitness | best measured fitness | x1 | x2...
1 +7.296558745e+01 +7.296558745e+01 +6.688558745e+01 +6.688558745e+01 +0.0000e+00 +0.0000e+00 +0.0000e+00 +0.0000e+00 +0.0000e+00
2 +4.557694881e+01 +4.557694881e+01 +3.949694881e+01 +3.949694881e+01 +1.2026e-01 +6.3028e-01 -9.6057e-01 -3.0254e+00 +8.7613e-01
3 +3.998973891e+01 +3.998973891e+01 +3.390973891e+01 +3.390973891e+01 +2.3532e-01 +5.3190e-01 -9.8505e-01 -3.0139e+00 +9.1650e-01
27 +3.815643338e+01 +3.815643338e+01 +3.207643338e+01 +3.207643338e+01 +4.3876e-01 +5.3436e-01 -1.0512e+00 -2.8142e+00 +9.5925e-01
28 +3.158260671e+01 +3.158260671e+01 +2.550260671e+01 +2.550260671e+01 +2.3179e-01 +5.5800e-01 -1.0833e+00 -2.7697e+00 +7.5797e-01
72 +2.826294963e+01 +2.826294963e+01 +2.218294963e+01 +2.218294963e+01 +1.9786e-01 +3.8482e-01 -1.3457e+00 -2.4275e+00 +8.6540e-01
97 +2.607426411e+01 +2.607426411e+01 +1.999426411e+01 +1.999426411e+01 +5.9239e-01 +5.7912e-01 -1.9871e+00 -2.0147e+00 +1.0531e+00
103 +2.471881957e+01 +2.471881957e+01 +1.863881957e+01 +1.863881957e+01 +9.1393e-01 +2.0066e-01 -1.9551e+00 -2.3276e+00 +1.0218e+00
116 +1.764519273e+01 +1.764519273e+01 +1.156519273e+01 +1.156519273e+01 +6.8118e-01 +7.2654e-01 -3.0107e+00 -1.9506e+00 +1.2144e+00
122 +1.183206686e+01 +1.183206686e+01 +5.752066857e+00 +5.752066857e+00 +5.9502e-01 +1.1402e+00 -3.1962e+00 -1.2960e+00 +1.0177e+00
158 +1.074004087e+01 +1.074004087e+01 +4.660040869e+00 +4.660040869e+00 +7.3243e-01 +3.1052e-01 -3.3066e+00 -1.0142e+00 +9.8205e-01
187 +1.048347073e+01 +1.048347073e+01 +4.403470734e+00 +4.403470734e+00 +2.6788e-01 +1.0861e+00 -4.3767e+00 -4.1929e-03 +2.8325e-01
201 +1.001942621e+01 +1.001942621e+01 +3.939426209e+00 +3.939426209e+00 +1.0424e+00 +1.9975e+00 -4.5887e+00 -8.4877e-01 +4.9676e-01
220 +6.599439896e+00 +6.599439896e+00 +5.194398955e-01 +5.194398955e-01 +5.0831e-01 +1.8582e+00 -3.4742e+00 -7.3585e-02 +8.3891e-01
242 +4.806641049e+00 +4.806641049e+00 -1.273358951e+00 -1.273358951e+00 +4.0584e-01 +1.9296e+00 -3.4468e+00 -6.3759e-02 +1.2244e+00
245 +4.181532066e+00 +4.181532066e+00 -1.898467934e+00 -1.898467934e+00 +1.7928e+00 +1.5482e+00 -2.5424e+00 -3.0200e-01 +9.0622e-01
264 +3.798170173e+00 +3.798170173e+00 -2.281829827e+00 -2.281829827e+00 +1.2136e+00 +1.9577e+00 -2.8400e+00 -4.4554e-01 +8.8492e-01
330 +3.644353875e+00 +3.644353875e+00 -2.435646125e+00 -2.435646125e+00 +9.3270e-01 +1.8550e+00 -2.6933e+00 -4.1254e-01 +1.2127e+00
418 +2.117922250e+00 +2.117922250e+00 -3.962077750e+00 -3.962077750e+00 +5.0656e-01 +2.1495e+00 -3.6154e+00 -9.3309e-01 +1.0900e+00
490 +9.786456539e-01 +9.786456539e-01 -5.101354346e+00 -5.101354346e+00 +2.1720e-01 +2.2351e+00 -3.5286e+00 -8.4696e-01 +1.3133e+00
664 +8.172902011e-01 +8.172902011e-01 -5.262709799e+00 -5.262709799e+00 +6.2213e-01 +2.0643e+00 -3.2268e+00 -5.6278e-01 +1.3294e+00
726 +6.043566909e-01 +6.043566909e-01 -5.475643309e+00 -5.475643309e+00 +5.6698e-01 +2.0513e+00 -3.1673e+00 -7.1772e-01 +1.3642e+00
956 +5.196572436e-01 +5.196572436e-01 -5.560342756e+00 -5.560342756e+00 +4.3963e-01 +2.0551e+00 -3.2811e+00 -7.6563e-01 +1.3534e+00
981 +2.705357202e-01 +2.705357202e-01 -5.809464280e+00 -5.809464280e+00 +4.7878e-01 +2.0971e+00 -3.2531e+00 -7.1503e-01 +1.3184e+00
1034 +1.296724587e-01 +1.296724587e-01 -5.950327541e+00 -5.950327541e+00 +4.5361e-01 +2.1162e+00 -3.3075e+00 -7.1803e-01 +1.2942e+00
1232 +1.129612227e-01 +1.129612227e-01 -5.967038777e+00 -5.967038777e+00 +4.1749e-01 +2.1306e+00 -3.2997e+00 -7.5771e-01 +1.3197e+00
1670 +8.579249750e-02 +8.579249750e-02 -5.994207502e+00 -5.994207502e+00 +4.2236e-01 +2.1289e+00 -3.2886e+00 -7.5681e-01 +1.3244e+00
1699 +8.371811180e-02 +8.371811180e-02 -5.996281888e+00 -5.996281888e+00 +4.2251e-01 +2.1229e+00 -3.3047e+00 -7.5772e-01 +1.3238e+00
1716 +7.587423608e-02 +7.587423608e-02 -6.004125764e+00 -6.004125764e+00 +4.2734e-01 +2.1278e+00 -3.2961e+00 -7.5606e-01 +1.3197e+00
1729 +6.021629790e-02 +6.021629790e-02 -6.019783702e+00 -6.019783702e+00 +4.2830e-01 +2.1267e+00 -3.3016e+00 -7.4697e-01 +1.3158e+00
1742 +5.336657894e-02 +5.336657894e-02 -6.026633421e+00 -6.026633421e+00 +4.3049e-01 +2.1249e+00 -3.2903e+00 -7.5089e-01 +1.3222e+00
1836 +5.079925715e-02 +5.079925715e-02 -6.029200743e+00 -6.029200743e+00 +4.2184e-01 +2.1270e+00 -3.3015e+00 -7.5284e-01 +1.3197e+00
1914 +3.688388218e-02 +3.688388218e-02 -6.043116118e+00 -6.043116118e+00 +4.2609e-01 +2.1259e+00 -3.2944e+00 -7.5318e-01 +1.3219e+00
2068 +3.420761013e-02 +3.420761013e-02 -6.045792390e+00 -6.045792390e+00 +4.2459e-01 +2.1256e+00 -3.2994e+00 -7.5302e-01 +1.3201e+00
2266 +2.852916552e-02 +2.852916552e-02 -6.051470834e+00 -6.051470834e+00 +4.2532e-01 +2.1257e+00 -3.2985e+00 -7.5223e-01 +1.3200e+00
2464 +2.428018165e-02 +2.428018165e-02 -6.055719818e+00 -6.055719818e+00 +4.2451e-01 +2.1260e+00 -3.2992e+00 -7.5215e-01 +1.3198e+00
2574 +2.396128710e-02 +2.396128710e-02 -6.056038713e+00 -6.056038713e+00 +4.2525e-01 +2.1258e+00 -3.2979e+00 -7.5216e-01 +1.3200e+00
2948 +2.290425829e-02 +2.290425829e-02 -6.057095742e+00 -6.057095742e+00 +4.2510e-01 +2.1258e+00 -3.2985e+00 -7.5223e-01 +1.3200e+00
3014 +1.914056719e-02 +1.914056719e-02 -6.060859433e+00 -6.060859433e+00 +4.2510e-01 +2.1259e+00 -3.2984e+00 -7.5211e-01 +1.3199e+00
3315 +1.870750039e-02 +1.870750039e-02 -6.061292500e+00 -6.061292500e+00 +4.2504e-01 +2.1259e+00 -3.2986e+00 -7.5213e-01 +1.3199e+00
3520 +1.817173163e-02 +1.817173163e-02 -6.061828268e+00 -6.061828268e+00 +4.2492e-01 +2.1260e+00 -3.2986e+00 -7.5224e-01 +1.3199e+00
3604 +1.761110371e-02 +1.761110371e-02 -6.062388896e+00 -6.062388896e+00 +4.2491e-01 +2.1260e+00 -3.2987e+00 -7.5222e-01 +1.3199e+00
3748 +1.695104939e-02 +1.695104939e-02 -6.063048951e+00 -6.063048951e+00 +4.2494e-01 +2.1259e+00 -3.2986e+00 -7.5222e-01 +1.3199e+00
% function evaluation | noise-free fitness - Fopt (2.431100000000e+02) | best noise-free fitness - Fopt | measured fitness | best measured fitness | x1 | x2...
1 +8.666228617e+01 +8.666228617e+01 +3.297722862e+02 +3.297722862e+02 +0.0000e+00 +0.0000e+00 +0.0000e+00 +0.0000e+00 +0.0000e+00
2 +3.991391850e+01 +3.991391850e+01 +2.830239185e+02 +2.830239185e+02 +1.9807e+00 -4.2154e+00 +2.9654e+00 -4.6483e+00 -4.4555e-02
66 +3.587162198e+01 +3.587162198e+01 +2.789816220e+02 +2.789816220e+02 +1.9684e+00 -4.0572e+00 +3.0654e+00 -4.7275e+00 +2.6448e-02
79 +3.491331881e+01 +3.491331881e+01 +2.780233188e+02 +2.780233188e+02 +1.9718e+00 -4.0715e+00 +3.1731e+00 -4.6532e+00 +1.6551e-01
104 +3.386893604e+01 +3.386893604e+01 +2.769789360e+02 +2.769789360e+02 +1.8134e+00 -4.0634e+00 +3.0423e+00 -4.6755e+00 +4.7895e-02
154 +3.267465207e+01 +3.267465207e+01 +2.757846521e+02 +2.757846521e+02 +1.8609e+00 -4.0679e+00 +3.1074e+00 -4.6885e+00 +1.1776e-01
176 +3.172289920e+01 +3.172289920e+01 +2.748328992e+02 +2.748328992e+02 +1.8331e+00 -4.0453e+00 +3.0745e+00 -4.7055e+00 +9.0355e-02
198 +3.158811548e+01 +3.158811548e+01 +2.746981155e+02 +2.746981155e+02 +1.8013e+00 -4.0311e+00 +3.0614e+00 -4.7027e+00 +1.1728e-01
2389 +2.797109121e+01 +2.797109121e+01 +2.710810912e+02 +2.710810912e+02 +3.5720e-01 -4.9175e+00 +1.7992e+00 +1.1351e+00 +1.2546e+00
2446 +2.226476322e+01 +2.226476322e+01 +2.653747632e+02 +2.653747632e+02 +5.3165e-01 -4.6667e+00 +1.4222e+00 +9.7122e-01 +1.2795e+00
2471 +2.073583181e+01 +2.073583181e+01 +2.638458318e+02 +2.638458318e+02 +5.5443e-01 -4.3168e+00 +1.8206e+00 +9.6354e-01 +1.3103e+00
2477 +1.971341470e+01 +1.971341470e+01 +2.628234147e+02 +2.628234147e+02 +1.1872e+00 -4.7664e+00 +1.6748e+00 +1.0921e+00 +1.0742e+00
2524 +1.381477249e+01 +1.381477249e+01 +2.569247725e+02 +2.569247725e+02 +1.0256e+00 -4.0509e+00 +1.3099e+00 +8.3295e-01 +6.7437e-01
2537 +1.376420633e+01 +1.376420633e+01 +2.568742063e+02 +2.568742063e+02 +1.5993e+00 -4.7719e+00 +1.3124e+00 +5.7816e-01 +7.7501e-01
2570 +1.347421895e+01 +1.347421895e+01 +2.565842189e+02 +2.565842189e+02 +1.2860e+00 -4.1709e+00 +1.6524e+00 +9.6227e-01 +7.8980e-01
2672 +9.098388434e+00 +9.098388434e+00 +2.522083884e+02 +2.522083884e+02 +6.7425e-01 -3.3883e+00 +1.2993e+00 +5.5741e-01 +7.8653e-01
2708 +8.261560384e+00 +8.261560384e+00 +2.513715604e+02 +2.513715604e+02 +7.0364e-01 -3.4126e+00 +1.0746e+00 +4.6715e-01 +5.4458e-01
2862 +4.188626549e+00 +4.188626549e+00 +2.472986265e+02 +2.472986265e+02 +6.5417e-01 -3.0806e+00 +1.4354e+00 -3.3918e-01 -6.2863e-02
2891 +2.451692683e+00 +2.451692683e+00 +2.455616927e+02 +2.455616927e+02 +6.4526e-02 -2.4347e+00 +1.2796e+00 -6.3564e-01 -4.0649e-02
3207 +2.317711194e+00 +2.317711194e+00 +2.454277112e+02 +2.454277112e+02 -1.2388e+00 -1.8800e+00 +7.2541e-01 -7.6821e-01 -3.8793e-01
3361 +1.971422831e+00 +1.971422831e+00 +2.450814228e+02 +2.450814228e+02 -1.2010e+00 -1.8407e+00 +6.8361e-01 -8.3054e-01 -6.1414e-01
3378 +9.471203464e-01 +9.471203464e-01 +2.440571203e+02 +2.440571203e+02 -1.3217e+00 -1.8053e+00 +6.8242e-01 -8.3736e-01 -5.7856e-01
3742 +8.916485719e-01 +8.916485719e-01 +2.440016486e+02 +2.440016486e+02 -1.2643e+00 -1.9616e+00 +6.1776e-01 -7.9382e-01 -6.6691e-01
3786 +7.502680880e-01 +7.502680880e-01 +2.438602681e+02 +2.438602681e+02 -1.2587e+00 -1.9683e+00 +6.2536e-01 -7.9770e-01 -7.0262e-01
3808 +6.457660594e-01 +6.457660594e-01 +2.437557661e+02 +2.437557661e+02 -1.2597e+00 -1.9491e+00 +6.2441e-01 -8.0735e-01 -6.8435e-01
4094 +5.538696143e-01 +5.538696143e-01 +2.436638696e+02 +2.436638696e+02 -1.2968e+00 -1.9230e+00 +6.0339e-01 -8.0365e-01 -6.8697e-01
4240 +5.265311370e-01 +5.265311370e-01 +2.436365311e+02 +2.436365311e+02 -1.3032e+00 -1.8937e+00 +6.2583e-01 -8.0165e-01 -6.4385e-01
4248 +4.717908242e-01 +4.717908242e-01 +2.435817908e+02 +2.435817908e+02 -1.2943e+00 -1.9107e+00 +6.1835e-01 -8.0740e-01 -6.6343e-01
4318 +4.087646474e-01 +4.087646474e-01 +2.435187646e+02 +2.435187646e+02 -1.2985e+00 -1.9186e+00 +6.1682e-01 -8.0482e-01 -6.7928e-01
4485 +4.012443012e-01 +4.012443012e-01 +2.435112443e+02 +2.435112443e+02 -1.2907e+00 -1.9207e+00 +6.1992e-01 -8.0243e-01 -6.7159e-01
4512 +3.445981552e-01 +3.445981552e-01 +2.434545982e+02 +2.434545982e+02 -1.2932e+00 -1.9228e+00 +6.1472e-01 -8.0619e-01 -6.8483e-01
4757 +3.138273205e-01 +3.138273205e-01 +2.434238273e+02 +2.434238273e+02 -1.2956e+00 -1.9269e+00 +6.1026e-01 -8.0533e-01 -6.8884e-01
4820 +3.039984731e-01 +3.039984731e-01 +2.434139985e+02 +2.434139985e+02 -1.2947e+00 -1.9295e+00 +6.0945e-01 -8.0603e-01 -6.9292e-01
4943 +2.975161724e-01 +2.975161724e-01 +2.434075162e+02 +2.434075162e+02 -1.2946e+00 -1.9277e+00 +6.0980e-01 -8.0529e-01 -6.8863e-01
4962 +2.872198636e-01 +2.872198636e-01 +2.433972199e+02 +2.433972199e+02 -1.2947e+00 -1.9290e+00 +6.1003e-01 -8.0594e-01 -6.9135e-01
5053 +2.798660104e-01 +2.798660104e-01 +2.433898660e+02 +2.433898660e+02 -1.2952e+00 -1.9302e+00 +6.0840e-01 -8.0658e-01 -6.9474e-01
5084 +2.687796238e-01 +2.687796238e-01 +2.433787796e+02 +2.433787796e+02 -1.2949e+00 -1.9306e+00 +6.0859e-01 -8.0678e-01 -6.9505e-01
5140 +2.471811118e-01 +2.471811118e-01 +2.433571811e+02 +2.433571811e+02 -1.2940e+00 -1.9312e+00 +6.0845e-01 -8.0659e-01 -6.9519e-01
5612 +2.364852886e-01 +2.364852886e-01 +2.433464853e+02 +2.433464853e+02 -1.2939e+00 -1.9312e+00 +6.0863e-01 -8.0629e-01 -6.9436e-01
5619 +2.302180155e-01 +2.302180155e-01 +2.433402180e+02 +2.433402180e+02 -1.2941e+00 -1.9310e+00 +6.0853e-01 -8.0635e-01 -6.9443e-01
6074 +2.280412196e-01 +2.280412196e-01 +2.433380412e+02 +2.433380412e+02 -1.2941e+00 -1.9306e+00 +6.0892e-01 -8.0637e-01 -6.9380e-01
6101 +2.210532785e-01 +2.210532785e-01 +2.433310533e+02 +2.433310533e+02 -1.2941e+00 -1.9306e+00 +6.0888e-01 -8.0639e-01 -6.9379e-01
6272 +2.171211409e-01 +2.171211409e-01 +2.433271211e+02 +2.433271211e+02 -1.2941e+00 -1.9306e+00 +6.0887e-01 -8.0636e-01 -6.9374e-01
% function evaluation | noise-free fitness - Fopt (-1.436200000000e+02) | best noise-free fitness - Fopt | measured fitness | best measured fitness | x1 | x2...
1 +8.589019766e+01 +8.589019766e+01 -5.772980234e+01 -5.772980234e+01 +0.0000e+00 +0.0000e+00 +0.0000e+00 +0.0000e+00 +0.0000e+00
2 +4.453258793e+01 +4.453258793e+01 -9.908741207e+01 -9.908741207e+01 -4.0793e+00 +2.0280e+00 +5.9942e-01 +4.0930e+00 -2.6127e+00
7 +4.057795706e+01 +4.057795706e+01 -1.030420429e+02 -1.030420429e+02 -3.7322e+00 +1.9840e+00 +6.8503e-01 +4.0532e+00 -2.4305e+00
14 +3.503211913e+01 +3.503211913e+01 -1.085878809e+02 -1.085878809e+02 -3.8785e+00 +1.9678e+00 +8.4127e-01 +4.0905e+00 -2.3804e+00
17 +2.940335336e+01 +2.940335336e+01 -1.142166466e+02 -1.142166466e+02 -3.9615e+00 +2.0832e+00 +7.1779e-01 +4.0775e+00 -2.2896e+00
24 +2.780644697e+01 +2.780644697e+01 -1.158135530e+02 -1.158135530e+02 -3.8656e+00 +2.0086e+00 +7.9821e-01 +4.0124e+00 -2.4718e+00
46 +2.403753784e+01 +2.403753784e+01 -1.195824622e+02 -1.195824622e+02 -3.8555e+00 +1.9865e+00 +6.2033e-01 +4.0746e+00 -2.3322e+00
61 +2.208570294e+01 +2.208570294e+01 -1.215342971e+02 -1.215342971e+02 -3.7844e+00 +2.1223e+00 +3.9784e-01 +4.0350e+00 -2.3275e+00
62 +2.170395313e+01 +2.170395313e+01 -1.219160469e+02 -1.219160469e+02 -3.8654e+00 +2.2790e+00 +5.6531e-01 +3.9801e+00 -2.3335e+00
546 +1.956416869e+01 +1.956416869e+01 -1.240558313e+02 -1.240558313e+02 -3.4037e+00 +2.1487e+00 +1.3496e-01 +3.7862e+00 -1.7910e+00
644 +1.949097201e+01 +1.949097201e+01 -1.241290280e+02 -1.241290280e+02 -3.3483e+00 +2.3111e+00 -2.0202e-01 +3.5473e+00 -1.7737e+00
679 +1.851086310e+01 +1.851086310e+01 -1.251091369e+02 -1.251091369e+02 -3.3705e+00 +2.0263e+00 -7.2464e-02 +3.7130e+00 -1.8470e+00
715 +1.794069824e+01 +1.794069824e+01 -1.256793018e+02 -1.256793018e+02 -3.4583e+00 +2.1419e+00 -3.5069e-01 +3.7889e+00 -1.7376e+00
762 +1.774498304e+01 +1.774498304e+01 -1.258750170e+02 -1.258750170e+02 -3.4481e+00 +2.5009e+00 -4.5580e-01 +3.7484e+00 -2.0850e+00
799 +1.717287497e+01 +1.717287497e+01 -1.264471250e+02 -1.264471250e+02 -3.7857e+00 +2.5308e+00 -8.3343e-01 +3.9155e+00 -1.7850e+00
805 +1.592326646e+01 +1.592326646e+01 -1.276967335e+02 -1.276967335e+02 -3.8589e+00 +2.2550e+00 -5.7089e-01 +3.7404e+00 -1.9177e+00
819 +1.339826117e+01 +1.339826117e+01 -1.302217388e+02 -1.302217388e+02 -3.9841e+00 +2.2268e+00 -7.1935e-01 +4.0774e+00 -1.9279e+00
878 +1.248418540e+01 +1.248418540e+01 -1.311358146e+02 -1.311358146e+02 -3.5844e+00 +2.4402e+00 -4.2630e-01 +3.7542e+00 -1.5540e+00
879 +8.115026953e+00 +8.115026953e+00 -1.355049730e+02 -1.355049730e+02 -3.4945e+00 +2.6843e+00 -9.4622e-01 +3.7646e+00 -1.9620e+00
1382 +7.505963972e+00 +7.505963972e+00 -1.361140360e+02 -1.361140360e+02 -3.5911e+00 +2.8354e+00 -5.5992e-01 +3.4606e+00 -1.4394e+00
1481 +6.553178788e+00 +6.553178788e+00 -1.370668212e+02 -1.370668212e+02 -3.4426e+00 +3.0589e+00 -5.9713e-01 +3.4576e+00 -1.4598e+00
1624 +6.448387703e+00 +6.448387703e+00 -1.371716123e+02 -1.371716123e+02 -3.4811e+00 +3.0210e+00 -6.1702e-01 +3.5551e+00 -1.4684e+00
1691 +5.647238099e+00 +5.647238099e+00 -1.379727619e+02 -1.379727619e+02 -3.5140e+00 +3.0565e+00 -5.9676e-01 +3.5518e+00 -1.4371e+00
1803 +5.375418420e+00 +5.375418420e+00 -1.382445816e+02 -1.382445816e+02 -3.4338e+00 +2.9869e+00 -6.4563e-01 +3.4455e+00 -1.4594e+00
1831 +5.310349352e+00 +5.310349352e+00 -1.383096506e+02 -1.383096506e+02 -3.4796e+00 +3.0105e+00 -5.9753e-01 +3.4923e+00 -1.4403e+00
1936 +5.053989114e+00 +5.053989114e+00 -1.385660109e+02 -1.385660109e+02 -3.4478e+00 +2.9942e+00 -6.2659e-01 +3.4519e+00 -1.4504e+00
1954 +4.949149838e+00 +4.949149838e+00 -1.386708502e+02 -1.386708502e+02 -3.4415e+00 +2.9941e+00 -6.2915e-01 +3.4351e+00 -1.4463e+00
2329 +4.870465457e+00 +4.870465457e+00 -1.387495345e+02 -1.387495345e+02 -3.4312e+00 +3.0099e+00 -6.2947e-01 +3.4300e+00 -1.4457e+00
2354 +4.638172256e+00 +4.638172256e+00 -1.389818277e+02 -1.389818277e+02 -3.4320e+00 +3.0032e+00 -6.2773e-01 +3.4283e+00 -1.4454e+00
2439 +4.519673348e+00 +4.519673348e+00 -1.391003267e+02 -1.391003267e+02 -3.4402e+00 +2.9929e+00 -6.2610e-01 +3.4309e+00 -1.4448e+00
2705 +4.432973929e+00 +4.432973929e+00 -1.391870261e+02 -1.391870261e+02 -3.4355e+00 +2.9957e+00 -6.2764e-01 +3.4280e+00 -1.4457e+00
2969 +4.317196535e+00 +4.317196535e+00 -1.393028035e+02 -1.393028035e+02 -3.4358e+00 +2.9942e+00 -6.2833e-01 +3.4280e+00 -1.4464e+00
24798 +4.133998284e+00 +4.133998284e+00 -1.394860017e+02 -1.394860017e+02 -2.8408e+00 +2.9758e+00 +4.2173e-01 +1.0856e+00 +1.5450e+00
24864 +4.030601288e+00 +4.030601288e+00 -1.395893987e+02 -1.395893987e+02 -2.0883e+00 +3.5351e+00 +7.2136e-01 +1.1667e+00 +1.9642e+00
24874 +2.847453794e+00 +2.847453794e+00 -1.407725462e+02 -1.407725462e+02 -2.5216e+00 +3.1255e+00 +1.0577e+00 +1.0901e+00 +1.9953e+00
24980 +2.444472891e+00 +2.444472891e+00 -1.411755271e+02 -1.411755271e+02 -2.3681e+00 +2.8133e+00 +7.1589e-01 +7.5579e-01 +2.0524e+00
25057 +1.473590157e+00 +1.473590157e+00 -1.421464098e+02 -1.421464098e+02 -2.0009e+00 +3.1110e+00 +6.6072e-01 +4.7461e-01 +2.2342e+00
25134 +1.300681290e+00 +1.300681290e+00 -1.423193187e+02 -1.423193187e+02 -2.2889e+00 +3.3649e+00 +6.8933e-01 +9.2684e-01 +2.0183e+00
25170 +1.048900741e+00 +1.048900741e+00 -1.425710993e+02 -1.425710993e+02 -2.4153e+00 +3.3186e+00 +9.1800e-01 +1.1014e+00 +2.5910e+00
25238 +8.554347302e-01 +8.554347302e-01 -1.427645653e+02 -1.427645653e+02 -2.3571e+00 +3.2661e+00 +9.2667e-01 +1.0137e+00 +2.5672e+00
25252 +4.256606976e-01 +4.256606976e-01 -1.431943393e+02 -1.431943393e+02 -2.7155e+00 +3.2984e+00 +9.7317e-01 +1.3831e+00 +2.4883e+00
25282 +2.941120664e-01 +2.941120664e-01 -1.433258879e+02 -1.433258879e+02 -2.6482e+00 +3.3049e+00 +9.9358e-01 +1.3094e+00 +2.6192e+00
25612 +2.576663297e-01 +2.576663297e-01 -1.433623337e+02 -1.433623337e+02 -2.6975e+00 +3.2942e+00 +1.0190e+00 +1.3688e+00 +2.5146e+00
25722 +2.264845521e-01 +2.264845521e-01 -1.433935154e+02 -1.433935154e+02 -2.6862e+00 +3.3105e+00 +9.8224e-01 +1.3622e+00 +2.5100e+00
25744 +1.522383521e-01 +1.522383521e-01 -1.434677616e+02 -1.434677616e+02 -2.6601e+00 +3.3268e+00 +9.7763e-01 +1.3519e+00 +2.4965e+00
25790 +5.377916915e-02 +5.377916915e-02 -1.435662208e+02 -1.435662208e+02 -2.6402e+00 +3.3019e+00 +9.7452e-01 +1.3088e+00 +2.5236e+00
26066 +5.302300650e-02 +5.302300650e-02 -1.435669770e+02 -1.435669770e+02 -2.6992e+00 +3.3099e+00 +1.0035e+00 +1.3699e+00 +2.5371e+00
26352 +4.239392019e-02 +4.239392019e-02 -1.435776061e+02 -1.435776061e+02 -2.7054e+00 +3.3075e+00 +1.0007e+00 +1.3707e+00 +2.5280e+00
26360 +2.894473847e-02 +2.894473847e-02 -1.435910553e+02 -1.435910553e+02 -2.7024e+00 +3.3105e+00 +1.0007e+00 +1.3706e+00 +2.5319e+00
26855 +2.287157128e-02 +2.287157128e-02 -1.435971284e+02 -1.435971284e+02 -2.7065e+00 +3.3116e+00 +1.0007e+00 +1.3752e+00 +2.5275e+00
26932 +1.873847170e-02 +1.873847170e-02 -1.436012615e+02 -1.436012615e+02 -2.7092e+00 +3.3108e+00 +1.0021e+00 +1.3766e+00 +2.5281e+00
26954 +1.591599141e-02 +1.591599141e-02 -1.436040840e+02 -1.436040840e+02 -2.7097e+00 +3.3108e+00 +1.0021e+00 +1.3770e+00 +2.5284e+00
27262 +1.154734801e-02 +1.154734801e-02 -1.436084527e+02 -1.436084527e+02 -2.7078e+00 +3.3105e+00 +1.0011e+00 +1.3756e+00 +2.5274e+00
27328 +9.592898983e-03 +9.592898983e-03 -1.436104071e+02 -1.436104071e+02 -2.7082e+00 +3.3105e+00 +1.0011e+00 +1.3759e+00 +2.5274e+00
27557 +9.433911012e-03 +9.433911012e-03 -1.436105661e+02 -1.436105661e+02 -2.7076e+00 +3.3105e+00 +1.0009e+00 +1.3754e+00 +2.5273e+00
27652 +8.667052910e-03 +8.667052910e-03 -1.436113329e+02 -1.436113329e+02 -2.7076e+00 +3.3104e+00 +1.0009e+00 +1.3753e+00 +2.5273e+00
27746 +8.508564854e-03 +8.508564854e-03 -1.436114914e+02 -1.436114914e+02 -2.7077e+00 +3.3105e+00 +1.0009e+00 +1.3754e+00 +2.5272e+00
27836 +8.019858106e-03 +8.019858106e-03 -1.436119801e+02 -1.436119801e+02 -2.7076e+00 +3.3104e+00 +1.0009e+00 +1.3754e+00 +2.5272e+00
27922 +7.792946787e-03 +7.792946787e-03 -1.436122071e+02 -1.436122071e+02 -2.7077e+00 +3.3104e+00 +1.0009e+00 +1.3754e+00 +2.5273e+00
27946 +7.610615740e-03 +7.610615740e-03 -1.436123894e+02 -1.436123894e+02 -2.7076e+00 +3.3104e+00 +1.0009e+00 +1.3754e+00 +2.5273e+00
27969 +7.364756241e-03 +7.364756241e-03 -1.436126352e+02 -1.436126352e+02 -2.7076e+00 +3.3104e+00 +1.0009e+00 +1.3754e+00 +2.5272e+00
28364 +7.023062843e-03 +7.023062843e-03 -1.436129769e+02 -1.436129769e+02 -2.7076e+00 +3.3104e+00 +1.0009e+00 +1.3754e+00 +2.5273e+00
28818 +6.883113798e-03 +6.883113798e-03 -1.436131169e+02 -1.436131169e+02 -2.7077e+00 +3.3104e+00 +1.0009e+00 +1.3754e+00 +2.5273e+00
29154 +6.735627366e-03 +6.735627366e-03 -1.436132644e+02 -1.436132644e+02 -2.7077e+00 +3.3104e+00 +1.0009e+00 +1.3754e+00 +2.5273e+00
29264 +6.582457491e-03 +6.582457491e-03 -1.436134175e+02 -1.436134175e+02 -2.7077e+00 +3.3104e+00 +1.0009e+00 +1.3754e+00 +2.5273e+00
29528 +6.425917172e-03 +6.425917172e-03 -1.436135741e+02 -1.436135741e+02 -2.7077e+00 +3.3104e+00 +1.0009e+00 +1.3754e+00 +2.5273e+00
% function evaluation | noise-free fitness - Fopt (4.290000000000e+01) | best noise-free fitness - Fopt | measured fitness | best measured fitness | x1 | x2...
1 +2.998582459e+01 +2.998582459e+01 +7.288582459e+01 +7.288582459e+01 +0.0000e+00 +0.0000e+00 +0.0000e+00 +0.0000e+00 +0.0000e+00
96 +2.941802425e+01 +2.941802425e+01 +7.231802425e+01 +7.231802425e+01 +2.6992e+00 -1.2903e+00 +1.3487e+00 -2.4270e-01 +2.8604e+00
115 +2.836899693e+01 +2.836899693e+01 +7.126899693e+01 +7.126899693e+01 +2.5262e+00 -1.2525e+00 +1.4323e+00 -2.8020e-01 +2.6000e+00
310 +2.780802207e+01 +2.780802207e+01 +7.070802207e+01 +7.070802207e+01 +2.7719e+00 -1.3090e+00 +1.1476e+00 -3.5370e-01 +2.8194e+00
352 +2.710819197e+01 +2.710819197e+01 +7.000819197e+01 +7.000819197e+01 +2.7349e+00 -1.2991e+00 +1.2052e+00 -3.7438e-01 +2.8196e+00
440 +2.673291081e+01 +2.673291081e+01 +6.963291081e+01 +6.963291081e+01 +2.7392e+00 -1.2736e+00 +1.1786e+00 -3.8843e-01 +2.8474e+00
726 +2.618583787e+01 +2.618583787e+01 +6.908583787e+01 +6.908583787e+01 +2.7491e+00 -1.2042e+00 +1.0879e+00 -5.6082e-01 +2.8449e+00
3808 +2.550428960e+01 +2.550428960e+01 +6.840428960e+01 +6.840428960e+01 -1.1901e+00 -1.0745e+00 -2.4389e+00 -1.4674e+00 +6.0133e-01
6442 +2.484205685e+01 +2.484205685e+01 +6.774205685e+01 +6.774205685e+01 +1.2315e+00 -1.1975e+00 -1.1605e+00 +1.0946e+00 -2.2102e+00
6460 +2.277671112e+01 +2.277671112e+01 +6.567671112e+01 +6.567671112e+01 +1.2299e+00 -1.2280e+00 -1.2342e+00 +1.0066e+00 -2.2260e+00
6516 +2.192571459e+01 +2.192571459e+01 +6.482571459e+01 +6.482571459e+01 +1.2484e+00 -1.2241e+00 -1.2562e+00 +9.6675e-01 -2.3299e+00
6611 +2.152176155e+01 +2.152176155e+01 +6.442176155e+01 +6.442176155e+01 +1.2301e+00 -1.1521e+00 -1.2216e+00 +9.4061e-01 -2.2473e+00
6712 +2.124160350e+01 +2.124160350e+01 +6.414160350e+01 +6.414160350e+01 +1.2131e+00 -1.1314e+00 -1.2497e+00 +8.7748e-01 -2.2577e+00
8723 +2.086083939e+01 +2.086083939e+01 +6.376083939e+01 +6.376083939e+01 +2.9562e-01 -4.2725e+00 +2.8256e+00 +6.3489e-01 -3.8802e+00
8727 +1.720108331e+01 +1.720108331e+01 +6.010108331e+01 +6.010108331e+01 +5.0478e-02 -4.5045e+00 +2.4673e+00 +5.3203e-01 -3.5641e+00
8778 +1.551754709e+01 +1.551754709e+01 +5.841754709e+01 +5.841754709e+01 +4.9547e-02 -4.4843e+00 +2.4606e+00 +6.4927e-01 -3.6570e+00
8872 +1.547195122e+01 +1.547195122e+01 +5.837195122e+01 +5.837195122e+01 +2.1535e-01 -4.4926e+00 +2.5642e+00 +7.4546e-01 -3.6762e+00
8918 +1.386966240e+01 +1.386966240e+01 +5.676966240e+01 +5.676966240e+01 +3.0760e-01 -4.4088e+00 +2.7914e+00 +9.7046e-01 -3.4894e+00
8957 +1.341959846e+01 +1.341959846e+01 +5.631959846e+01 +5.631959846e+01 +3.1167e-01 -4.1217e+00 +2.5363e+00 +7.6246e-01 -3.4268e+00
8978 +1.248015732e+01 +1.248015732e+01 +5.538015732e+01 +5.538015732e+01 +2.3529e-01 -4.3480e+00 +2.2154e+00 +6.4634e-01 -3.4171e+00
9004 +1.169694496e+01 +1.169694496e+01 +5.459694496e+01 +5.459694496e+01 +2.5196e-01 -4.3114e+00 +2.1717e+00 +6.2671e-01 -3.3050e+00
9016 +1.012153805e+01 +1.012153805e+01 +5.302153805e+01 +5.302153805e+01 +4.1028e-01 -4.2626e+00 +2.0166e+00 +6.3014e-01 -3.1311e+00
9186 +8.405747818e+00 +8.405747818e+00 +5.130574782e+01 +5.130574782e+01 +6.3547e-01 -3.6706e+00 +2.3686e+00 +9.0816e-01 -2.8718e+00
9427 +8.163445573e+00 +8.163445573e+00 +5.106344557e+01 +5.106344557e+01 +1.1687e+00 -2.8925e+00 +2.0679e+00 +4.6884e-01 -2.8187e+00
9433 +7.788994966e+00 +7.788994966e+00 +5.068899497e+01 +5.068899497e+01 +1.1478e+00 -3.3261e+00 +2.0685e+00 +1.1825e-01 -2.9211e+00
9440 +5.433510168e+00 +5.433510168e+00 +4.833351017e+01 +4.833351017e+01 +1.2254e+00 -3.4173e+00 +1.9755e+00 +6.1573e-01 -3.2099e+00
9466 +3.600981754e+00 +3.600981754e+00 +4.650098175e+01 +4.650098175e+01 +1.2675e+00 -3.5159e+00 +1.9182e+00 +3.7375e-01 -3.2457e+00
9510 +3.433143836e+00 +3.433143836e+00 +4.633314384e+01 +4.633314384e+01 +1.3703e+00 -3.6548e+00 +1.5976e+00 +2.6145e-01 -3.3609e+00
9616 +2.927628712e+00 +2.927628712e+00 +4.582762871e+01 +4.582762871e+01 +1.2995e+00 -3.3617e+00 +1.8623e+00 +1.2716e-01 -3.5582e+00
9664 +2.211625079e+00 +2.211625079e+00 +4.511162508e+01 +4.511162508e+01 +1.3156e+00 -3.4444e+00 +1.6097e+00 -1.3980e-01 -3.5043e+00
9738 +2.069266883e+00 +2.069266883e+00 +4.496926688e+01 +4.496926688e+01 +1.3557e+00 -3.4641e+00 +1.5973e+00 +2.1090e-02 -3.5746e+00
10038 +1.548480307e+00 +1.548480307e+00 +4.444848031e+01 +4.444848031e+01 +1.3341e+00 -3.4279e+00 +1.6628e+00 -7.0130e-02 -3.5321e+00
10192 +1.069064783e+00 +1.069064783e+00 +4.396906478e+01 +4.396906478e+01 +1.3396e+00 -3.3653e+00 +1.6534e+00 -1.3869e-01 -3.5609e+00
10253 +9.565569487e-01 +9.565569487e-01 +4.385655695e+01 +4.385655695e+01 +1.3321e+00 -3.4449e+00 +1.6645e+00 -5.4642e-02 -3.6009e+00
10742 +8.760068239e-01 +8.760068239e-01 +4.377600682e+01 +4.377600682e+01 +1.3412e+00 -3.3986e+00 +1.6257e+00 -1.3993e-01 -3.6052e+00
10749 +8.676247858e-01 +8.676247858e-01 +4.376762479e+01 +4.376762479e+01 +1.3321e+00 -3.3878e+00 +1.6483e+00 -1.3951e-01 -3.6184e+00
10764 +8.224135406e-01 +8.224135406e-01 +4.372241354e+01 +4.372241354e+01 +1.3360e+00 -3.4056e+00 +1.6210e+00 -1.4705e-01 -3.6216e+00
10798 +7.368637338e-01 +7.368637338e-01 +4.363686373e+01 +4.363686373e+01 +1.3423e+00 -3.3988e+00 +1.6214e+00 -1.4558e-01 -3.6094e+00
10830 +7.003306874e-01 +7.003306874e-01 +4.360033069e+01 +4.360033069e+01 +1.3417e+00 -3.4030e+00 +1.6222e+00 -1.3670e-01 -3.6061e+00
11204 +6.734990526e-01 +6.734990526e-01 +4.357349905e+01 +4.357349905e+01 +1.3405e+00 -3.4015e+00 +1.6215e+00 -1.3717e-01 -3.6036e+00
11247 +5.482813490e-01 +5.482813490e-01 +4.344828135e+01 +4.344828135e+01 +1.3389e+00 -3.3988e+00 +1.6295e+00 -1.3557e-01 -3.6063e+00
11754 +5.113760284e-01 +5.113760284e-01 +4.341137603e+01 +4.341137603e+01 +1.3384e+00 -3.3968e+00 +1.6301e+00 -1.3599e-01 -3.6020e+00
11864 +4.881179858e-01 +4.881179858e-01 +4.338811799e+01 +4.338811799e+01 +1.3384e+00 -3.3964e+00 +1.6300e+00 -1.3682e-01 -3.6027e+00
12260 +4.783865680e-01 +4.783865680e-01 +4.337838657e+01 +4.337838657e+01 +1.3384e+00 -3.3972e+00 +1.6302e+00 -1.3610e-01 -3.6032e+00
13569 +4.671326567e-01 +4.671326567e-01 +4.336713266e+01 +4.336713266e+01 +1.3384e+00 -3.3970e+00 +1.6302e+00 -1.3615e-01 -3.6029e+00
% function evaluation | noise-free fitness - Fopt (6.286500000000e+02) | best noise-free fitness - Fopt | measured fitness | best measured fitness | x1 | x2...
1 +6.308560803e+01 +6.308560803e+01 +6.917356080e+02 +6.917356080e+02 +0.0000e+00 +0.0000e+00 +0.0000e+00 +0.0000e+00 +0.0000e+00
2 +4.567165750e+01 +4.567165750e+01 +6.743216575e+02 +6.743216575e+02 -3.9547e+00 +2.6473e+00 -3.2371e-01 +1.8801e+00 -1.3726e+00
10 +4.441657952e+01 +4.441657952e+01 +6.730665795e+02 +6.730665795e+02 -3.9269e+00 +2.7320e+00 -4.7319e-01 +1.6950e+00 -1.3084e+00
11 +2.943448891e+01 +2.943448891e+01 +6.580844889e+02 +6.580844889e+02 -3.5773e+00 +2.5486e+00 -5.1569e-01 +1.8518e+00 -1.2372e+00
286 +2.880259786e+01 +2.880259786e+01 +6.574525979e+02 +6.574525979e+02 -3.6061e+00 +2.6815e+00 -6.9374e-01 +1.8875e+00 -1.3271e+00
32545 +2.739360083e+01 +2.739360083e+01 +6.560436008e+02 +6.560436008e+02 -2.5410e+00 -2.6455e+00 -8.0408e-01 -1.8902e+00 +2.6970e+00
46527 +2.378027095e+01 +2.378027095e+01 +6.524302709e+02 +6.524302709e+02 -8.0611e-01 +1.0907e+00 -3.8508e-01 -2.5107e+00 +5.5481e-01
46573 +2.289292489e+01 +2.289292489e+01 +6.515429249e+02 +6.515429249e+02 -6.9393e-01 +1.0584e+00 -5.3232e-01 -2.6654e+00 +6.4175e-01
46634 +2.177543076e+01 +2.177543076e+01 +6.504254308e+02 +6.504254308e+02 -7.3251e-01 +1.1119e+00 -4.3396e-01 -2.6464e+00 +6.3763e-01
46672 +1.996850958e+01 +1.996850958e+01 +6.486185096e+02 +6.486185096e+02 -7.3271e-01 +1.0879e+00 -4.5486e-01 -2.6268e+00 +6.1835e-01
46694 +1.950115109e+01 +1.950115109e+01 +6.481511511e+02 +6.481511511e+02 -7.3048e-01 +1.0953e+00 -4.6698e-01 -2.6328e+00 +6.1248e-01
46804 +1.938951590e+01 +1.938951590e+01 +6.480395159e+02 +6.480395159e+02 -7.3265e-01 +1.0923e+00 -4.7471e-01 -2.6377e+00 +6.1428e-01
% function evaluation | noise-free fitness - Fopt (-7.163000000000e+01) | best noise-free fitness - Fopt | measured fitness | best measured fitness | x1 | x2...
1 +2.733428486e+02 +2.733428486e+02 +2.017128486e+02 +2.017128486e+02 +0.0000e+00 +0.0000e+00 +0.0000e+00 +0.0000e+00 +0.0000e+00
2 +1.848884478e+02 +1.848884478e+02 +1.132584478e+02 +1.132584478e+02 -3.2229e+00 -2.1880e+00 +4.0486e+00 -1.3097e+00 +5.3745e+00
3 +1.747269148e+02 +1.747269148e+02 +1.030969148e+02 +1.030969148e+02 -2.9788e+00 -2.1949e+00 +4.1100e+00 -1.3862e+00 +5.3027e+00
4 +1.594572856e+02 +1.594572856e+02 +8.782728565e+01 +8.782728565e+01 -2.9092e+00 -2.2185e+00 +4.1066e+00 -1.2538e+00 +5.2818e+00
5 +1.468143928e+02 +1.468143928e+02 +7.518439282e+01 +7.518439282e+01 -2.8717e+00 -2.2815e+00 +3.9834e+00 -1.4201e+00 +5.3020e+00
6 +1.012431978e+02 +1.012431978e+02 +2.961319782e+01 +2.961319782e+01 -3.0887e+00 -2.2458e+00 +3.8398e+00 -1.2337e+00 +5.2156e+00
41 +8.442201103e+01 +8.442201103e+01 +1.279201103e+01 +1.279201103e+01 -3.2098e+00 -2.3477e+00 +3.7219e+00 -1.3316e+00 +5.2730e+00
122 +7.911195778e+01 +7.911195778e+01 +7.481957776e+00 +7.481957776e+00 -3.2884e+00 -2.3078e+00 +3.6822e+00 -1.3239e+00 +5.2292e+00
186 +7.649494332e+01 +7.649494332e+01 +4.864943319e+00 +4.864943319e+00 -3.4143e+00 -2.2630e+00 +3.6206e+00 -1.3511e+00 +5.2320e+00
242 +7.443495176e+01 +7.443495176e+01 +2.804951761e+00 +2.804951761e+00 -3.3052e+00 -2.3240e+00 +3.6842e+00 -1.3018e+00 +5.1305e+00
247 +7.187555064e+01 +7.187555064e+01 +2.455506435e-01 +2.455506435e-01 -3.3071e+00 -2.3481e+00 +3.6613e+00 -1.3327e+00 +5.0480e+00
692 +7.041599444e+01 +7.041599444e+01 -1.214005560e+00 -1.214005560e+00 -3.3393e+00 -2.3170e+00 +3.5720e+00 -1.4136e+00 +5.0752e+00
17213 +6.434081170e+01 +6.434081170e+01 -7.289188296e+00 -7.289188296e+00 -1.8245e+00 -2.2391e+00 -2.6269e+00 +3.8442e+00 -5.8811e-02
17263 +6.238170197e+01 +6.238170197e+01 -9.248298033e+00 -9.248298033e+00 -1.8248e+00 -2.2261e+00 -2.6424e+00 +3.7590e+00 +3.0424e-02
17264 +5.966458589e+01 +5.966458589e+01 -1.196541411e+01 -1.196541411e+01 -1.6926e+00 -2.1384e+00 -2.5499e+00 +3.6843e+00 +2.1349e-02
17272 +5.430355248e+01 +5.430355248e+01 -1.732644752e+01 -1.732644752e+01 -1.7613e+00 -2.1592e+00 -2.5615e+00 +3.7012e+00 -2.1783e-03
17340 +5.292322157e+01 +5.292322157e+01 -1.870677843e+01 -1.870677843e+01 -1.7931e+00 -2.3525e+00 -2.6881e+00 +3.7897e+00 -7.5692e-02
17347 +5.232942652e+01 +5.232942652e+01 -1.930057348e+01 -1.930057348e+01 -1.8647e+00 -2.1803e+00 -2.4457e+00 +3.6245e+00 -2.2746e-02
17426 +4.679160101e+01 +4.679160101e+01 -2.483839899e+01 -2.483839899e+01 -1.8452e+00 -2.3258e+00 -2.5139e+00 +3.6645e+00 -1.3211e-01
17490 +4.115412650e+01 +4.115412650e+01 -3.047587350e+01 -3.047587350e+01 -1.9893e+00 -2.6040e+00 -2.3749e+00 +3.8531e+00 -5.5661e-02
17630 +4.013264053e+01 +4.013264053e+01 -3.149735947e+01 -3.149735947e+01 -1.9593e+00 -2.4387e+00 -2.0743e+00 +4.5904e+00 +5.6807e-02
17656 +3.458363907e+01 +3.458363907e+01 -3.704636093e+01 -3.704636093e+01 -1.5188e+00 -2.5039e+00 -1.4117e+00 +4.3456e+00 +1.3102e-01
17821 +3.258715115e+01 +3.258715115e+01 -3.904284885e+01 -3.904284885e+01 -1.8040e+00 -2.5454e+00 -1.4033e+00 +5.2833e+00 -4.7779e-01
17912 +3.153328167e+01 +3.153328167e+01 -4.009671833e+01 -4.009671833e+01 -1.2585e+00 -2.4234e+00 -8.3681e-01 +5.2353e+00 -3.6587e-02
17961 +3.062399698e+01 +3.062399698e+01 -4.100600302e+01 -4.100600302e+01 -1.7274e+00 -2.7535e+00 -6.8273e-01 +4.9347e+00 +6.0301e-02
18012 +2.815309750e+01 +2.815309750e+01 -4.347690250e+01 -4.347690250e+01 -8.9981e-01 -2.3919e+00 -1.0224e+00 +4.9432e+00 +2.5550e-01
18071 +2.523734159e+01 +2.523734159e+01 -4.639265841e+01 -4.639265841e+01 -1.4042e-01 -2.8101e+00 -1.1884e+00 +5.0623e+00 +1.9910e-01
18113 +2.245936231e+01 +2.245936231e+01 -4.917063769e+01 -4.917063769e+01 -2.9070e-01 -2.8099e+00 -1.2616e+00 +4.6454e+00 +5.3534e-01
18705 +1.986558959e+01 +1.986558959e+01 -5.176441041e+01 -5.176441041e+01 +2.3075e-01 -2.6825e+00 -5.5706e-01 +4.3346e+00 +6.7986e-01
18903 +1.902715902e+01 +1.902715902e+01 -5.260284098e+01 -5.260284098e+01 +1.9024e-01 -2.5081e+00 -1.8174e-01 +4.6496e+00 +1.6256e+00
18921 +1.839522703e+01 +1.839522703e+01 -5.323477297e+01 -5.323477297e+01 +1.8719e+00 -2.4935e+00 +5.8065e-01 +4.5411e+00 +1.2350e+00
18928 +8.112037483e+00 +8.112037483e+00 -6.351796252e+01 -6.351796252e+01 +2.2325e+00 -2.7165e+00 +1.4063e+00 +4.9603e+00 +1.4032e+00
18957 +5.873081726e+00 +5.873081726e+00 -6.575691827e+01 -6.575691827e+01 +1.7833e+00 -1.6602e+00 +1.1518e+00 +4.7771e+00 +2.0152e+00
18994 +4.554060754e+00 +4.554060754e+00 -6.707593925e+01 -6.707593925e+01 +1.3133e+00 -1.9135e+00 +9.7827e-01 +4.5230e+00 +2.4840e+00
19010 +3.773012283e+00 +3.773012283e+00 -6.785698772e+01 -6.785698772e+01 +1.6079e+00 -2.0231e+00 +1.0079e+00 +4.5488e+00 +2.3918e+00
19120 +2.844299468e+00 +2.844299468e+00 -6.878570053e+01 -6.878570053e+01 +2.0993e+00 -2.5740e+00 +1.9843e+00 +4.1171e+00 +2.4587e+00
19291 +1.599743479e+00 +1.599743479e+00 -7.003025652e+01 -7.003025652e+01 +1.7027e+00 -2.5506e+00 +1.5752e+00 +3.6106e+00 +3.0013e+00
19609 +1.556599654e+00 +1.556599654e+00 -7.007340035e+01 -7.007340035e+01 +1.9960e+00 -3.1422e+00 +1.9414e+00 +3.6127e+00 +3.0831e+00
19633 +1.528400340e+00 +1.528400340e+00 -7.010159966e+01 -7.010159966e+01 +1.9347e+00 -2.9892e+00 +1.7982e+00 +3.5803e+00 +3.0767e+00
19639 +1.495703318e+00 +1.495703318e+00 -7.013429668e+01 -7.013429668e+01 +2.0210e+00 -3.1277e+00 +1.9143e+00 +3.5831e+00 +3.1185e+00
19667 +1.431977029e+00 +1.431977029e+00 -7.019802297e+01 -7.019802297e+01 +2.0271e+00 -3.0994e+00 +1.9307e+00 +3.5819e+00 +3.1128e+00
19708 +1.274116821e+00 +1.274116821e+00 -7.035588318e+01 -7.035588318e+01 +2.0298e+00 -3.0810e+00 +1.9315e+00 +3.5440e+00 +3.0885e+00
19758 +1.046367129e+00 +1.046367129e+00 -7.058363287e+01 -7.058363287e+01 +2.0235e+00 -3.0642e+00 +1.9363e+00 +3.5607e+00 +3.0904e+00
19998 +9.881898301e-01 +9.881898301e-01 -7.064181017e+01 -7.064181017e+01 +2.0276e+00 -3.0269e+00 +1.9508e+00 +3.5288e+00 +3.0983e+00
20220 +9.131589993e-01 +9.131589993e-01 -7.071684100e+01 -7.071684100e+01 +2.0400e+00 -3.0333e+00 +1.9606e+00 +3.5375e+00 +3.0958e+00
20447 +9.108667692e-01 +9.108667692e-01 -7.071913323e+01 -7.071913323e+01 +2.0414e+00 -3.0553e+00 +1.9620e+00 +3.5339e+00 +3.1040e+00
20520 +8.881450764e-01 +8.881450764e-01 -7.074185492e+01 -7.074185492e+01 +2.0404e+00 -3.0342e+00 +1.9604e+00 +3.5439e+00 +3.0895e+00
20572 +8.666391574e-01 +8.666391574e-01 -7.076336084e+01 -7.076336084e+01 +2.0395e+00 -3.0397e+00 +1.9593e+00 +3.5352e+00 +3.0984e+00
20787 +8.432887481e-01 +8.432887481e-01 -7.078671125e+01 -7.078671125e+01 +2.0375e+00 -3.0472e+00 +1.9599e+00 +3.5322e+00 +3.1039e+00
21188 +8.191320658e-01 +8.191320658e-01 -7.081086793e+01 -7.081086793e+01 +2.0371e+00 -3.0373e+00 +1.9578e+00 +3.5348e+00 +3.0984e+00
21958 +8.119887382e-01 +8.119887382e-01 -7.081801126e+01 -7.081801126e+01 +2.0383e+00 -3.0375e+00 +1.9589e+00 +3.5369e+00 +3.0966e+00
47367 +6.861728998e-01 +6.861728998e-01 -7.094382710e+01 -7.094382710e+01 +1.7281e+00 -2.8814e+00 +1.6701e+00 +3.2172e+00 +3.4487e+00
47398 +5.400332617e-01 +5.400332617e-01 -7.108996674e+01 -7.108996674e+01 +1.7063e+00 -2.9152e+00 +1.6477e+00 +3.2111e+00 +3.4536e+00
47429 +3.664109083e-01 +3.664109083e-01 -7.126358909e+01 -7.126358909e+01 +1.6974e+00 -2.8520e+00 +1.6294e+00 +3.2235e+00 +3.3720e+00
47738 +2.344461095e-01 +2.344461095e-01 -7.139555389e+01 -7.139555389e+01 +1.6685e+00 -2.8586e+00 +1.6198e+00 +3.1997e+00 +3.3992e+00
48014 +2.306761200e-01 +2.306761200e-01 -7.139932388e+01 -7.139932388e+01 +1.6378e+00 -2.8839e+00 +1.5882e+00 +3.1268e+00 +3.4659e+00
48212 +2.260507574e-01 +2.260507574e-01 -7.140394924e+01 -7.140394924e+01 +1.6412e+00 -2.8768e+00 +1.5895e+00 +3.1384e+00 +3.4553e+00
48234 +2.027523916e-01 +2.027523916e-01 -7.142724761e+01 -7.142724761e+01 +1.6369e+00 -2.8684e+00 +1.5903e+00 +3.1301e+00 +3.4562e+00
48256 +1.716849594e-01 +1.716849594e-01 -7.145831504e+01 -7.145831504e+01 +1.6367e+00 -2.8658e+00 +1.5913e+00 +3.1306e+00 +3.4572e+00
48365 +1.667497995e-01 +1.667497995e-01 -7.146325020e+01 -7.146325020e+01 +1.6364e+00 -2.8657e+00 +1.5873e+00 +3.1298e+00 +3.4593e+00
48445 +1.472900709e-01 +1.472900709e-01 -7.148270993e+01 -7.148270993e+01 +1.6397e+00 -2.8728e+00 +1.5926e+00 +3.1232e+00 +3.4630e+00
48630 +1.441766908e-01 +1.441766908e-01 -7.148582331e+01 -7.148582331e+01 +1.6387e+00 -2.8687e+00 +1.5920e+00 +3.1214e+00 +3.4647e+00
48652 +1.211418860e-01 +1.211418860e-01 -7.150885811e+01 -7.150885811e+01 +1.6391e+00 -2.8699e+00 +1.5921e+00 +3.1237e+00 +3.4639e+00
% function evaluation | noise-free fitness - Fopt (1.976000000000e+01) | best noise-free fitness - Fopt | measured fitness | best measured fitness | x1 | x2...
1 +7.510062496e+01 +7.510062496e+01 +9.486062496e+01 +9.486062496e+01 +0.0000e+00 +0.0000e+00 +0.0000e+00 +0.0000e+00 +0.0000e+00
395 +7.409270849e+01 +7.409270849e+01 +9.385270849e+01 +9.385270849e+01 -3.6970e+00 +1.2366e+00 +1.1760e+00 -4.4978e-01 -3.3555e+00
4560 +5.493345769e+01 +5.493345769e+01 +7.469345769e+01 +7.469345769e+01 -1.0281e+00 +6.8224e-01 -1.1732e+00 -4.7078e-01 +1.6307e+00
4583 +3.560656592e+01 +3.560656592e+01 +5.536656592e+01 +5.536656592e+01 -1.2414e+00 -2.2799e-01 -4.1795e-01 +2.1673e+00 +2.3713e+00
4617 +2.932213854e+01 +2.932213854e+01 +4.908213854e+01 +4.908213854e+01 -1.0606e+00 +5.7063e-02 -9.4475e-01 +1.6906e+00 +1.8542e+00
4669 +2.540460995e+01 +2.540460995e+01 +4.516460995e+01 +4.516460995e+01 -5.9959e-01 +5.2752e-01 -1.9941e+00 +1.4929e+00 +1.4596e+00
4750 +2.351125667e+01 +2.351125667e+01 +4.327125667e+01 +4.327125667e+01 -1.0409e+00 +2.6516e-01 -2.3252e+00 +1.5641e+00 +9.3138e-01
4751 +2.176839666e+01 +2.176839666e+01 +4.152839666e+01 +4.152839666e+01 -6.0646e-01 +2.3402e-01 -2.1321e+00 +1.3978e+00 +1.3574e+00
4786 +2.112567966e+01 +2.112567966e+01 +4.088567966e+01 +4.088567966e+01 -7.8206e-01 -1.4383e-02 -2.1682e+00 +2.2021e+00 +7.7375e-01
4792 +1.883767072e+01 +1.883767072e+01 +3.859767072e+01 +3.859767072e+01 -2.3575e-02 -3.3472e-02 -1.8446e+00 +2.0864e+00 +9.3468e-01
4839 +1.541541201e+01 +1.541541201e+01 +3.517541201e+01 +3.517541201e+01 +6.6716e-01 -5.0082e-02 -2.9375e+00 +1.7012e+00 +1.7942e-01
4864 +1.421641740e+01 +1.421641740e+01 +3.397641740e+01 +3.397641740e+01 +4.3332e-01 -6.7167e-02 -3.3830e+00 +2.4988e+00 -2.0408e-01
4870 +1.000151250e+01 +1.000151250e+01 +2.976151250e+01 +2.976151250e+01 +1.3686e+00 +2.8511e-01 -2.9660e+00 +2.3601e+00 -4.1015e-01
4996 +6.186885480e+00 +6.186885480e+00 +2.594688548e+01 +2.594688548e+01 +1.3194e+00 -3.7442e-01 -3.2528e+00 +2.5023e+00 -1.4505e+00
5302 +5.549800453e+00 +5.549800453e+00 +2.530980045e+01 +2.530980045e+01 +1.6675e-01 -2.8548e-01 -3.7700e+00 +2.9018e+00 -2.3589e+00
5326 +4.857192471e+00 +4.857192471e+00 +2.461719247e+01 +2.461719247e+01 +5.1159e-01 -2.4400e-01 -3.8332e+00 +2.7555e+00 -2.2648e+00
5497 +1.493259680e+00 +1.493259680e+00 +2.125325968e+01 +2.125325968e+01 +7.8227e-01 +6.9846e-01 -3.8645e+00 +2.6168e+00 -9.9846e-01
26604 +9.721868417e-01 +9.721868417e-01 +2.073218684e+01 +2.073218684e+01 +2.7418e+00 +1.4012e+00 -3.1757e+00 +1.8579e+00 +3.7666e-01
26692 +8.670010376e-01 +8.670010376e-01 +2.062700104e+01 +2.062700104e+01 +2.8971e+00 +1.5493e+00 -3.1654e+00 +1.6992e+00 +5.2806e-01
26780 +7.861331181e-01 +7.861331181e-01 +2.054613312e+01 +2.054613312e+01 +2.6930e+00 +1.5646e+00 -3.2845e+00 +1.9438e+00 +4.4378e-01
26890 +4.742185424e-01 +4.742185424e-01 +2.023421854e+01 +2.023421854e+01 +2.7205e+00 +1.4934e+00 -3.1767e+00 +1.8607e+00 +5.3087e-01
26934 +3.780443995e-01 +3.780443995e-01 +2.013804440e+01 +2.013804440e+01 +2.7384e+00 +1.5515e+00 -3.2265e+00 +1.8766e+00 +4.5727e-01
27066 +2.792301958e-01 +2.792301958e-01 +2.003923020e+01 +2.003923020e+01 +2.7148e+00 +1.5572e+00 -3.2073e+00 +1.8972e+00 +5.0680e-01
27154 +2.267174058e-01 +2.267174058e-01 +1.998671741e+01 +1.998671741e+01 +2.7165e+00 +1.5524e+00 -3.2172e+00 +1.8932e+00 +5.0053e-01
27330 +6.112458731e-02 +6.112458731e-02 +1.982112459e+01 +1.982112459e+01 +2.7232e+00 +1.5242e+00 -3.2255e+00 +1.9014e+00 +4.6662e-01
27748 +4.764205682e-02 +4.764205682e-02 +1.980764206e+01 +1.980764206e+01 +2.7486e+00 +1.5302e+00 -3.2107e+00 +1.8928e+00 +4.8684e-01
27770 +3.684996504e-02 +3.684996504e-02 +1.979684997e+01 +1.979684997e+01 +2.7449e+00 +1.5290e+00 -3.2137e+00 +1.8929e+00 +4.8473e-01
27858 +3.284035287e-02 +3.284035287e-02 +1.979284035e+01 +1.979284035e+01 +2.7462e+00 +1.5301e+00 -3.2139e+00 +1.8942e+00 +4.8209e-01
27888 +2.669282121e-02 +2.669282121e-02 +1.978669282e+01 +1.978669282e+01 +2.7474e+00 +1.5299e+00 -3.2141e+00 +1.8933e+00 +4.8360e-01
27897 +2.490071312e-02 +2.490071312e-02 +1.978490071e+01 +1.978490071e+01 +2.7513e+00 +1.5323e+00 -3.2145e+00 +1.8944e+00 +4.7927e-01
27968 +2.067969081e-02 +2.067969081e-02 +1.978067969e+01 +1.978067969e+01 +2.7495e+00 +1.5313e+00 -3.2140e+00 +1.8931e+00 +4.8230e-01
28012 +1.711214574e-02 +1.711214574e-02 +1.977711215e+01 +1.977711215e+01 +2.7496e+00 +1.5317e+00 -3.2120e+00 +1.8944e+00 +4.8163e-01
28040 +1.582125073e-02 +1.582125073e-02 +1.977582125e+01 +1.977582125e+01 +2.7472e+00 +1.5314e+00 -3.2127e+00 +1.8950e+00 +4.8319e-01
28066 +1.101718855e-02 +1.101718855e-02 +1.977101719e+01 +1.977101719e+01 +2.7466e+00 +1.5313e+00 -3.2145e+00 +1.8958e+00 +4.8076e-01
28078 +8.809687410e-03 +8.809687410e-03 +1.976880969e+01 +1.976880969e+01 +2.7467e+00 +1.5312e+00 -3.2141e+00 +1.8955e+00 +4.8183e-01
28234 +7.519648412e-03 +7.519648412e-03 +1.976751965e+01 +1.976751965e+01 +2.7475e+00 +1.5309e+00 -3.2136e+00 +1.8955e+00 +4.8099e-01
28298 +6.604923814e-03 +6.604923814e-03 +1.976660492e+01 +1.976660492e+01 +2.7487e+00 +1.5318e+00 -3.2135e+00 +1.8948e+00 +4.8182e-01
28650 +5.457310720e-03 +5.457310720e-03 +1.976545731e+01 +1.976545731e+01 +2.7478e+00 +1.5309e+00 -3.2134e+00 +1.8950e+00 +4.8111e-01
28672 +5.366757177e-03 +5.366757177e-03 +1.976536676e+01 +1.976536676e+01 +2.7478e+00 +1.5310e+00 -3.2134e+00 +1.8951e+00 +4.8120e-01
28689 +5.227462985e-03 +5.227462985e-03 +1.976522746e+01 +1.976522746e+01 +2.7480e+00 +1.5312e+00 -3.2134e+00 +1.8950e+00 +4.8150e-01
28716 +4.730827374e-03 +4.730827374e-03 +1.976473083e+01 +1.976473083e+01 +2.7476e+00 +1.5311e+00 -3.2135e+00 +1.8951e+00 +4.8140e-01
28732 +4.585886626e-03 +4.585886626e-03 +1.976458589e+01 +1.976458589e+01 +2.7482e+00 +1.5312e+00 -3.2135e+00 +1.8950e+00 +4.8109e-01
28870 +4.518179313e-03 +4.518179313e-03 +1.976451818e+01 +1.976451818e+01 +2.7480e+00 +1.5311e+00 -3.2135e+00 +1.8951e+00 +4.8108e-01
28936 +4.106652630e-03 +4.106652630e-03 +1.976410665e+01 +1.976410665e+01 +2.7478e+00 +1.5310e+00 -3.2135e+00 +1.8951e+00 +4.8123e-01
28999 +3.816289024e-03 +3.816289024e-03 +1.976381629e+01 +1.976381629e+01 +2.7479e+00 +1.5311e+00 -3.2135e+00 +1.8951e+00 +4.8119e-01
29002 +3.482297156e-03 +3.482297156e-03 +1.976348230e+01 +1.976348230e+01 +2.7479e+00 +1.5311e+00 -3.2135e+00 +1.8951e+00 +4.8124e-01
29068 +3.253415600e-03 +3.253415600e-03 +1.976325342e+01 +1.976325342e+01 +2.7479e+00 +1.5311e+00 -3.2135e+00 +1.8951e+00 +4.8121e-01
29134 +2.805914658e-03 +2.805914658e-03 +1.976280591e+01 +1.976280591e+01 +2.7478e+00 +1.5311e+00 -3.2135e+00 +1.8951e+00 +4.8115e-01
41574 +2.740895033e-03 +2.740895033e-03 +1.976274090e+01 +1.976274090e+01 +2.7314e+00 +1.5282e+00 -3.2197e+00 +1.9027e+00 +4.7316e-01
41986 +2.659425788e-03 +2.659425788e-03 +1.976265943e+01 +1.976265943e+01 +2.7314e+00 +1.5282e+00 -3.2197e+00 +1.9027e+00 +4.7316e-01
41996 +2.590486179e-03 +2.590486179e-03 +1.976259049e+01 +1.976259049e+01 +2.7314e+00 +1.5282e+00 -3.2197e+00 +1.9027e+00 +4.7316e-01
42283 +2.523388845e-03 +2.523388845e-03 +1.976252339e+01 +1.976252339e+01 +2.7314e+00 +1.5282e+00 -3.2197e+00 +1.9027e+00 +4.7316e-01
42316 +2.510744991e-03 +2.510744991e-03 +1.976251074e+01 +1.976251074e+01 +2.7314e+00 +1.5282e+00 -3.2197e+00 +1.9027e+00 +4.7316e-01
43328 +2.453693184e-03 +2.453693184e-03 +1.976245369e+01 +1.976245369e+01 +2.7314e+00 +1.5282e+00 -3.2197e+00 +1.9027e+00 +4.7316e-01
% function evaluation | noise-free fitness - Fopt (6.100000000000e-01) | best noise-free fitness - Fopt | measured fitness | best measured fitness | x1 | x2...
1 +1.525209808e+02 +1.525209808e+02 +1.531309808e+02 +1.531309808e+02 +0.0000e+00 +0.0000e+00 +0.0000e+00 +0.0000e+00 +0.0000e+00
138 +1.351914271e+02 +1.351914271e+02 +1.358014271e+02 +1.358014271e+02 -3.5321e+00 -9.9435e-01 -1.0091e+00 -3.2965e-01 +8.1398e-01
145 +1.284791215e+02 +1.284791215e+02 +1.290891215e+02 +1.290891215e+02 -3.3323e+00 -4.1080e-01 -6.0180e-01 -3.4492e-01 +4.6156e-01
198 +1.186232021e+02 +1.186232021e+02 +1.192332021e+02 +1.192332021e+02 -3.5652e+00 -3.2365e-01 -1.2126e+00 -3.8803e-01 +7.6673e-01
202 +1.076942708e+02 +1.076942708e+02 +1.083042708e+02 +1.083042708e+02 -3.4911e+00 +2.9730e-01 -2.1701e+00 -6.8425e-01 +1.4005e+00
210 +7.645530789e+01 +7.645530789e+01 +7.706530789e+01 +7.706530789e+01 -3.6555e+00 -6.5086e-01 -1.9390e+00 -5.7094e-01 +3.7874e-01
245 +4.589203941e+01 +4.589203941e+01 +4.650203941e+01 +4.650203941e+01 -3.3084e+00 -9.7209e-01 -3.8424e+00 -8.0612e-02 +3.2018e-01
267 +4.214564408e+01 +4.214564408e+01 +4.275564408e+01 +4.275564408e+01 -3.1917e+00 -7.0944e-01 -3.0149e+00 -1.0168e+00 +1.1490e+00
269 +3.193774692e+01 +3.193774692e+01 +3.254774692e+01 +3.254774692e+01 -2.8329e+00 -8.5589e-02 -4.4323e+00 -1.1169e+00 -2.4963e-01
310 +3.122521810e+01 +3.122521810e+01 +3.183521810e+01 +3.183521810e+01 -2.6531e+00 -1.0693e+00 -6.2702e+00 -5.2349e-01 -6.1944e-02
313 +2.239667285e+01 +2.239667285e+01 +2.300667285e+01 +2.300667285e+01 -2.8428e+00 -2.0150e-01 -5.1505e+00 -2.8431e-01 +1.5996e-01
340 +2.097686388e+01 +2.097686388e+01 +2.158686388e+01 +2.158686388e+01 -3.1294e+00 -1.6974e+00 -5.7347e+00 -3.8078e-01 -9.3373e-02
352 +1.826968761e+01 +1.826968761e+01 +1.887968761e+01 +1.887968761e+01 -2.9688e+00 -6.8499e-01 -5.4559e+00 -2.8609e-01 +1.5480e-01
380 +1.759369945e+01 +1.759369945e+01 +1.820369945e+01 +1.820369945e+01 -2.6667e+00 -1.7973e+00 -5.3698e+00 -8.3337e-01 -1.2881e+00
445 +1.453997413e+01 +1.453997413e+01 +1.514997413e+01 +1.514997413e+01 -2.8836e+00 -5.3840e-01 -5.1676e+00 -6.6500e-01 -7.4852e-01
459 +1.214373944e+01 +1.214373944e+01 +1.275373944e+01 +1.275373944e+01 -2.3181e+00 -4.3056e-01 -5.1711e+00 -3.8789e-01 -5.8443e-01
638 +1.136939368e+01 +1.136939368e+01 +1.197939368e+01 +1.197939368e+01 -2.9724e+00 -1.1946e+00 -4.6306e+00 -6.6340e-01 -1.5030e+00
716 +1.043036101e+01 +1.043036101e+01 +1.104036101e+01 +1.104036101e+01 -3.0521e+00 -8.9425e-01 -4.9038e+00 -1.1831e+00 -1.7940e+00
722 +8.934426069e+00 +8.934426069e+00 +9.544426069e+00 +9.544426069e+00 -3.0781e+00 -3.4492e-01 -4.8796e+00 -1.1676e+00 -1.5579e+00
825 +7.642188909e+00 +7.642188909e+00 +8.252188909e+00 +8.252188909e+00 -2.8529e+00 -1.3309e+00 -4.9239e+00 -1.0903e+00 -1.5675e+00
939 +7.375507616e+00 +7.375507616e+00 +7.985507616e+00 +7.985507616e+00 -2.3381e+00 -1.5208e+00 -5.0333e+00 -1.2638e+00 -1.6336e+00
946 +4.751148019e+00 +4.751148019e+00 +5.361148019e+00 +5.361148019e+00 -2.4816e+00 -2.0823e+00 -5.1172e+00 -1.3595e+00 -1.8762e+00
1161 +4.551931001e+00 +4.551931001e+00 +5.161931001e+00 +5.161931001e+00 -2.7917e+00 -4.1928e+00 -5.0866e+00 -1.3747e+00 -2.1918e+00
1166 +4.264702000e+00 +4.264702000e+00 +4.874702000e+00 +4.874702000e+00 -2.7032e+00 -4.0122e+00 -5.2220e+00 -1.3450e+00 -2.1140e+00
1173 +3.676581978e+00 +3.676581978e+00 +4.286581978e+00 +4.286581978e+00 -2.8874e+00 -3.6693e+00 -5.0743e+00 -1.3923e+00 -2.1934e+00
1254 +3.312601520e+00 +3.312601520e+00 +3.922601520e+00 +3.922601520e+00 -3.0224e+00 -3.9462e+00 -4.9814e+00 -1.3436e+00 -2.3640e+00
1276 +2.759546779e+00 +2.759546779e+00 +3.369546779e+00 +3.369546779e+00 -3.0344e+00 -4.1725e+00 -5.0869e+00 -1.3431e+00 -2.3662e+00
1339 +1.836382904e+00 +1.836382904e+00 +2.446382904e+00 +2.446382904e+00 -2.9533e+00 -3.8720e+00 -5.1315e+00 -1.3762e+00 -2.2582e+00
1386 +1.655555767e+00 +1.655555767e+00 +2.265555767e+00 +2.265555767e+00 -3.1377e+00 -4.2299e+00 -5.1695e+00 -1.3474e+00 -2.3441e+00
1614 +1.385623458e+00 +1.385623458e+00 +1.995623458e+00 +1.995623458e+00 -3.0037e+00 -4.0955e+00 -5.0455e+00 -1.4245e+00 -2.4635e+00
1762 +1.282233958e+00 +1.282233958e+00 +1.892233958e+00 +1.892233958e+00 -3.0693e+00 -4.1519e+00 -5.0979e+00 -1.3891e+00 -2.4041e+00
1865 +1.249720738e+00 +1.249720738e+00 +1.859720738e+00 +1.859720738e+00 -3.0539e+00 -4.1372e+00 -5.1106e+00 -1.3949e+00 -2.3719e+00
1868 +1.222467294e+00 +1.222467294e+00 +1.832467294e+00 +1.832467294e+00 -3.0678e+00 -4.0591e+00 -5.0688e+00 -1.3985e+00 -2.4096e+00
1889 +1.088585232e+00 +1.088585232e+00 +1.698585232e+00 +1.698585232e+00 -3.0326e+00 -4.0853e+00 -5.0723e+00 -1.3981e+00 -2.3934e+00
1980 +9.547080140e-01 +9.547080140e-01 +1.564708014e+00 +1.564708014e+00 -3.0454e+00 -4.1069e+00 -5.0814e+00 -1.4109e+00 -2.3974e+00
2043 +9.266607448e-01 +9.266607448e-01 +1.536660745e+00 +1.536660745e+00 -3.0372e+00 -4.0942e+00 -5.0784e+00 -1.4128e+00 -2.3949e+00
2130 +8.976633685e-01 +8.976633685e-01 +1.507663368e+00 +1.507663368e+00 -3.0550e+00 -4.0891e+00 -5.0661e+00 -1.4097e+00 -2.4112e+00
2152 +7.773210104e-01 +7.773210104e-01 +1.387321010e+00 +1.387321010e+00 -3.0518e+00 -4.1090e+00 -5.0640e+00 -1.4132e+00 -2.4201e+00
2200 +7.250855165e-01 +7.250855165e-01 +1.335085516e+00 +1.335085516e+00 -3.0346e+00 -4.0979e+00 -5.0681e+00 -1.4161e+00 -2.4126e+00
2244 +7.085559401e-01 +7.085559401e-01 +1.318555940e+00 +1.318555940e+00 -3.0383e+00 -4.0955e+00 -5.0641e+00 -1.4176e+00 -2.4164e+00
2464 +6.778003444e-01 +6.778003444e-01 +1.287800344e+00 +1.287800344e+00 -3.0346e+00 -4.0892e+00 -5.0671e+00 -1.4153e+00 -2.4116e+00
2728 +6.656193907e-01 +6.656193907e-01 +1.275619391e+00 +1.275619391e+00 -3.0367e+00 -4.0913e+00 -5.0678e+00 -1.4145e+00 -2.4126e+00
2758 +6.417300920e-01 +6.417300920e-01 +1.251730092e+00 +1.251730092e+00 -3.0361e+00 -4.0872e+00 -5.0669e+00 -1.4157e+00 -2.4122e+00
2772 +6.113226854e-01 +6.113226854e-01 +1.221322685e+00 +1.221322685e+00 -3.0365e+00 -4.0898e+00 -5.0667e+00 -1.4157e+00 -2.4123e+00
2992 +6.021255721e-01 +6.021255721e-01 +1.212125572e+00 +1.212125572e+00 -3.0370e+00 -4.0909e+00 -5.0668e+00 -1.4157e+00 -2.4132e+00
3019 +5.863435661e-01 +5.863435661e-01 +1.196343566e+00 +1.196343566e+00 -3.0372e+00 -4.0919e+00 -5.0671e+00 -1.4155e+00 -2.4131e+00
3198 +5.664424731e-01 +5.664424731e-01 +1.176442473e+00 +1.176442473e+00 -3.0370e+00 -4.0915e+00 -5.0666e+00 -1.4157e+00 -2.4133e+00
3230 +5.605343131e-01 +5.605343131e-01 +1.170534313e+00 +1.170534313e+00 -3.0368e+00 -4.0912e+00 -5.0664e+00 -1.4159e+00 -2.4135e+00
4785 +5.489589424e-01 +5.489589424e-01 +1.158958942e+00 +1.158958942e+00 -3.0376e+00 -4.0923e+00 -5.0672e+00 -1.4154e+00 -2.4130e+00
% function evaluation | noise-free fitness - Fopt (-8.634400000000e+02) | best noise-free fitness - Fopt | measured fitness | best measured fitness | x1 | x2...
1 +1.570311397e+02 +1.570311397e+02 -7.064088603e+02 -7.064088603e+02 +0.0000e+00 +0.0000e+00 +0.0000e+00 +0.0000e+00 +0.0000e+00
2 +1.181852028e+02 +1.181852028e+02 -7.452547972e+02 -7.452547972e+02 -3.1693e+00 +4.6682e-01 +6.7036e-02 +1.4826e+00 -2.7883e-01
3 +1.163974361e+02 +1.163974361e+02 -7.470425639e+02 -7.470425639e+02 -3.0479e+00 +5.5212e-01 +1.0226e-01 +1.3058e+00 -5.8482e-01
4 +9.561981178e+01 +9.561981178e+01 -7.678201882e+02 -7.678201882e+02 -3.0105e+00 +2.1937e-01 +2.2207e-01 +1.3505e+00 -5.0029e-01
26 +9.384451772e+01 +9.384451772e+01 -7.695954823e+02 -7.695954823e+02 -3.0218e+00 +2.3710e-01 +1.8104e-01 +1.3980e+00 -5.1876e-01
31 +8.989220486e+01 +8.989220486e+01 -7.735477951e+02 -7.735477951e+02 -3.1077e+00 +4.7496e-01 +1.4430e-01 +1.4352e+00 -2.3708e-01
56 +8.483309165e+01 +8.483309165e+01 -7.786069084e+02 -7.786069084e+02 -3.0080e+00 +3.3860e-01 +4.1099e-01 +1.4920e+00 -2.8848e-01
220 +8.135237532e+01 +8.135237532e+01 -7.820876247e+02 -7.820876247e+02 -2.8817e+00 +2.6992e-01 +1.0326e-01 +1.3718e+00 -3.9861e-01
242 +7.878449941e+01 +7.878449941e+01 -7.846555006e+02 -7.846555006e+02 -2.8881e+00 +1.9918e-01 +1.2252e-01 +1.4001e+00 -4.4610e-01
264 +7.528014900e+01 +7.528014900e+01 -7.881598510e+02 -7.881598510e+02 -2.9103e+00 +2.2440e-01 +9.6503e-02 +1.3289e+00 -4.8709e-01
299 +7.164108903e+01 +7.164108903e+01 -7.917989110e+02 -7.917989110e+02 -2.8701e+00 +1.5411e-01 -2.1506e-02 +1.3224e+00 -4.6834e-01
335 +6.874091756e+01 +6.874091756e+01 -7.946990824e+02 -7.946990824e+02 -2.6847e+00 +1.9857e-01 +5.4064e-02 +1.4654e+00 -4.6220e-01
415 +6.737852542e+01 +6.737852542e+01 -7.960614746e+02 -7.960614746e+02 -2.8083e+00 +1.1605e-01 -5.0657e-02 +1.3263e+00 -4.9887e-01
543 +6.460205762e+01 +6.460205762e+01 -7.988379424e+02 -7.988379424e+02 -2.7898e+00 +1.5496e-01 +3.2036e-03 +1.3308e+00 -5.3352e-01
557 +6.278573227e+01 +6.278573227e+01 -8.006542677e+02 -8.006542677e+02 -2.7590e+00 +1.4633e-01 +1.0496e-02 +1.3414e+00 -5.7036e-01
559 +6.124528358e+01 +6.124528358e+01 -8.021947164e+02 -8.021947164e+02 -2.8016e+00 +8.6434e-02 -1.1471e-02 +1.3659e+00 -5.5911e-01
642 +5.963027397e+01 +5.963027397e+01 -8.038097260e+02 -8.038097260e+02 -2.7718e+00 +7.6800e-02 -3.7689e-02 +1.2653e+00 -6.2346e-01
670 +5.856326681e+01 +5.856326681e+01 -8.048767332e+02 -8.048767332e+02 -2.8171e+00 +1.3525e-02 -7.5888e-02 +1.2563e+00 -6.4223e-01
757 +5.617446527e+01 +5.617446527e+01 -8.072655347e+02 -8.072655347e+02 -2.8235e+00 -7.7837e-03 -9.4879e-02 +1.2843e+00 -6.5296e-01
1093 +5.485044141e+01 +5.485044141e+01 -8.085895586e+02 -8.085895586e+02 -2.8057e+00 -5.4490e-03 -9.4758e-02 +1.2119e+00 -7.2358e-01
1315 +5.353930562e+01 +5.353930562e+01 -8.099006944e+02 -8.099006944e+02 -2.7588e+00 -2.0752e-02 -1.3271e-01 +1.1994e+00 -7.3235e-01
1465 +5.247029707e+01 +5.247029707e+01 -8.109697029e+02 -8.109697029e+02 -2.7476e+00 -5.6302e-02 -1.4597e-01 +1.1832e+00 -7.7704e-01
1870 +5.123330734e+01 +5.123330734e+01 -8.122066927e+02 -8.122066927e+02 -2.7510e+00 -1.3020e-01 -1.8940e-01 +1.2029e+00 -8.1371e-01
3750 +5.011743648e+01 +5.011743648e+01 -8.133225635e+02 -8.133225635e+02 -2.6890e+00 -2.0985e-01 -2.3684e-01 +1.1915e+00 -9.0783e-01
% function evaluation | noise-free fitness - Fopt (1.318500000000e+02) | best noise-free fitness - Fopt | measured fitness | best measured fitness | x1 | x2...
1 +5.411100743e+01 +5.411100743e+01 +1.859610074e+02 +1.859610074e+02 +0.0000e+00 +0.0000e+00 +0.0000e+00 +0.0000e+00 +0.0000e+00
5438 +5.332106457e+01 +5.332106457e+01 +1.851710646e+02 +1.851710646e+02 -2.2901e+00 +1.9649e-01 -2.8646e+00 -2.2633e+00 +2.4916e+00
5442 +4.890476000e+01 +4.890476000e+01 +1.807547600e+02 +1.807547600e+02 -2.2179e+00 +1.1974e-02 -3.0259e+00 -2.1840e+00 +2.5399e+00
5487 +4.724923054e+01 +4.724923054e+01 +1.790992305e+02 +1.790992305e+02 -2.3081e+00 +4.6840e-02 -3.0142e+00 -2.3476e+00 +2.5714e+00
5541 +4.304808633e+01 +4.304808633e+01 +1.748980863e+02 +1.748980863e+02 -2.2794e+00 -2.3117e-02 -3.1857e+00 -2.4968e+00 +2.6222e+00
5578 +3.840514415e+01 +3.840514415e+01 +1.702551442e+02 +1.702551442e+02 -2.2572e+00 +1.6695e-01 -3.1282e+00 -2.4545e+00 +2.2384e+00
5663 +3.422336929e+01 +3.422336929e+01 +1.660733693e+02 +1.660733693e+02 -2.2609e+00 -1.9150e-01 -2.9495e+00 -2.2699e+00 +2.5044e+00
6016 +3.380542628e+01 +3.380542628e+01 +1.656554263e+02 +1.656554263e+02 -2.3294e+00 -1.6648e-01 -3.1033e+00 -2.4058e+00 +2.5407e+00
15023 +3.300932462e+01 +3.300932462e+01 +1.648593246e+02 +1.648593246e+02 -6.2161e-01 -3.8322e+00 -3.1186e+00 -1.6879e+00 +1.9454e+00
15262 +3.212068730e+01 +3.212068730e+01 +1.639706873e+02 +1.639706873e+02 -5.9818e-01 -3.7925e+00 -3.2363e+00 -1.7651e+00 +1.9909e+00
15450 +3.156105439e+01 +3.156105439e+01 +1.634110544e+02 +1.634110544e+02 -3.8682e-01 -3.9437e+00 -3.3294e+00 -1.6997e+00 +1.9865e+00
15515 +3.047396389e+01 +3.047396389e+01 +1.623239639e+02 +1.623239639e+02 -6.4547e-01 -3.9923e+00 -3.3943e+00 -1.6855e+00 +1.7986e+00
15749 +2.992584025e+01 +2.992584025e+01 +1.617758402e+02 +1.617758402e+02 -6.1222e-01 -3.9421e+00 -3.3341e+00 -1.6135e+00 +1.7713e+00
15899 +2.929431869e+01 +2.929431869e+01 +1.611443187e+02 +1.611443187e+02 -6.4604e-01 -3.9363e+00 -3.3990e+00 -1.6465e+00 +1.7748e+00
