% function evaluation | noise-free fitness - Fopt (1.026100000000e+002) | best noise-free fitness - Fopt | measured fitness | best measured fitness | x1 | x2...
1 +6.885484536e+001 +6.885484536e+001 +1.714648454e+002 +1.714648454e+002 +0.0000e+000 +0.0000e+000 +0.0000e+000 +0.0000e+000 +0.0000e+000
135 +5.774569573e+001 +5.774569573e+001 +1.603556957e+002 +1.603556957e+002 +4.6635e-001 -3.2548e+000 -2.4258e+000 +6.8513e-001 +1.5464e+000
495 +5.355696672e+001 +5.355696672e+001 +1.561669667e+002 +1.561669667e+002 +3.5126e-001 -3.2805e+000 -2.1174e+000 +6.2654e-001 +1.5442e+000
845 +5.082117899e+001 +5.082117899e+001 +1.534311790e+002 +1.534311790e+002 +5.2714e-002 -2.2596e+000 -2.2894e+000 +1.0020e+000 +1.8714e+000
983 +4.733963140e+001 +4.733963140e+001 +1.499496314e+002 +1.499496314e+002 -3.5510e-001 -2.9330e+000 -1.6744e+000 +1.2730e+000 +1.7654e+000
1229 +3.919546211e+001 +3.919546211e+001 +1.418054621e+002 +1.418054621e+002 -3.2131e-001 -2.5646e+000 -1.3163e+000 +8.2221e-001 +1.9147e+000
1484 +3.660110017e+001 +3.660110017e+001 +1.392111002e+002 +1.392111002e+002 -3.4483e-001 -1.4329e+000 -1.2016e+000 +8.3792e-001 +2.0883e+000
1630 +3.593542960e+001 +3.593542960e+001 +1.385454296e+002 +1.385454296e+002 -2.0883e-001 -2.3263e+000 -1.4396e+000 +3.9471e-001 +1.8712e+000
1784 +3.085521486e+001 +3.085521486e+001 +1.334652149e+002 +1.334652149e+002 -1.3487e+000 -2.2202e+000 +1.8413e+000 +1.0832e-001 +9.6325e-001
1873 +3.016854454e+001 +3.016854454e+001 +1.327785445e+002 +1.327785445e+002 -1.1767e+000 -2.0531e+000 +1.2795e+000 +5.2355e-001 +6.5648e-001
1875 +2.446179680e+001 +2.446179680e+001 +1.270717968e+002 +1.270717968e+002 -1.5029e+000 -1.5740e+000 +2.8170e+000 +1.1729e+000 +8.1299e-001
1965 +2.103008032e+001 +2.103008032e+001 +1.236400803e+002 +1.236400803e+002 -1.1039e+000 -7.3661e-001 +1.1867e+000 +1.0347e+000 +6.7255e-001
2482 +1.707958803e+001 +1.707958803e+001 +1.196895880e+002 +1.196895880e+002 -1.2180e+000 -2.6419e+000 +1.4199e+000 +1.1743e+000 +1.2519e+000
3693 +1.637323193e+001 +1.637323193e+001 +1.189832319e+002 +1.189832319e+002 -1.7638e+000 -2.1938e+000 +9.1921e-001 +1.2195e+000 +1.4480e+000
4248 +1.477626669e+001 +1.477626669e+001 +1.173862667e+002 +1.173862667e+002 -1.6097e+000 -2.6294e+000 +1.2897e+000 +1.2024e+000 +1.6367e+000
4441 +1.152057796e+001 +1.152057796e+001 +1.141305780e+002 +1.141305780e+002 -1.6058e+000 -2.6884e+000 +1.2914e+000 +1.1947e+000 +1.5822e+000
4632 +1.071493161e+001 +1.071493161e+001 +1.133249316e+002 +1.133249316e+002 -1.6318e+000 -2.6349e+000 +1.3112e+000 +1.2141e+000 +1.5800e+000
4691 +1.040889358e+001 +1.040889358e+001 +1.130188936e+002 +1.130188936e+002 -1.6033e+000 -2.6764e+000 +1.3037e+000 +1.2151e+000 +1.5654e+000
5070 +1.020598008e+001 +1.020598008e+001 +1.128159801e+002 +1.128159801e+002 -1.6071e+000 -2.6842e+000 +1.2985e+000 +1.2149e+000 +1.5719e+000
5087 +9.940610827e+000 +9.940610827e+000 +1.125506108e+002 +1.125506108e+002 -1.6057e+000 -2.6836e+000 +1.2991e+000 +1.2137e+000 +1.5713e+000
5139 +9.763376585e+000 +9.763376585e+000 +1.123733766e+002 +1.123733766e+002 -1.6045e+000 -2.6803e+000 +1.3002e+000 +1.2118e+000 +1.5723e+000
5153 +9.394406307e+000 +9.394406307e+000 +1.120044063e+002 +1.120044063e+002 -1.6052e+000 -2.6828e+000 +1.3008e+000 +1.2085e+000 +1.5679e+000
5189 +9.158512079e+000 +9.158512079e+000 +1.117685121e+002 +1.117685121e+002 -1.6033e+000 -2.6778e+000 +1.2968e+000 +1.2051e+000 +1.5658e+000
5268 +9.023677694e+000 +9.023677694e+000 +1.116336777e+002 +1.116336777e+002 -1.6055e+000 -2.6812e+000 +1.2990e+000 +1.2052e+000 +1.5687e+000
5283 +8.906268589e+000 +8.906268589e+000 +1.115162686e+002 +1.115162686e+002 -1.6041e+000 -2.6794e+000 +1.3001e+000 +1.2046e+000 +1.5664e+000
5324 +8.703669685e+000 +8.703669685e+000 +1.113136697e+002 +1.113136697e+002 -1.6016e+000 -2.6752e+000 +1.3003e+000 +1.2040e+000 +1.5692e+000
5341 +8.372817463e+000 +8.372817463e+000 +1.109828175e+002 +1.109828175e+002 -1.6004e+000 -2.6723e+000 +1.2973e+000 +1.1972e+000 +1.5695e+000
5522 +8.306552091e+000 +8.306552091e+000 +1.109165521e+002 +1.109165521e+002 -1.6022e+000 -2.6709e+000 +1.2999e+000 +1.1955e+000 +1.5638e+000
5524 +8.088306843e+000 +8.088306843e+000 +1.106983068e+002 +1.106983068e+002 -1.5998e+000 -2.6692e+000 +1.2994e+000 +1.1945e+000 +1.5631e+000
5630 +7.901257676e+000 +7.901257676e+000 +1.105112577e+002 +1.105112577e+002 -1.5993e+000 -2.6632e+000 +1.3019e+000 +1.1952e+000 +1.5594e+000
5644 +7.605228580e+000 +7.605228580e+000 +1.102152286e+002 +1.102152286e+002 -1.5946e+000 -2.6566e+000 +1.3004e+000 +1.1907e+000 +1.5614e+000
5780 +7.553159112e+000 +7.553159112e+000 +1.101631591e+002 +1.101631591e+002 -1.5941e+000 -2.6548e+000 +1.2988e+000 +1.1900e+000 +1.5601e+000
% function evaluation | noise-free fitness - Fopt (9.330000000000e+001) | best noise-free fitness - Fopt | measured fitness | best measured fitness | x1 | x2...
1 +7.955373779e+001 +7.955373779e+001 +1.728537378e+002 +1.728537378e+002 +0.0000e+000 +0.0000e+000 +0.0000e+000 +0.0000e+000 +0.0000e+000
153 +6.388724973e+001 +6.388724973e+001 +1.571872497e+002 +1.571872497e+002 +1.8510e-001 +2.9561e+000 -3.8119e+000 -2.2450e+000 +2.7218e+000
236 +4.551988267e+001 +4.551988267e+001 +1.388198827e+002 +1.388198827e+002 -1.3254e+000 +2.7273e+000 -1.3474e+000 -4.0364e-002 +4.1284e-001
288 +3.654136906e+001 +3.654136906e+001 +1.298413691e+002 +1.298413691e+002 +7.6995e-001 +2.3557e+000 -1.3761e+000 +5.9239e-001 +1.3300e+000
327 +3.584227888e+001 +3.584227888e+001 +1.291422789e+002 +1.291422789e+002 -4.0574e+000 +3.8717e+000 -1.1392e+000 +1.1237e+000 +2.0961e+000
335 +3.159752932e+001 +3.159752932e+001 +1.248975293e+002 +1.248975293e+002 -4.7002e+000 +2.7186e+000 -1.8379e+000 +2.4142e+000 +2.2947e+000
378 +1.744427764e+001 +1.744427764e+001 +1.107442776e+002 +1.107442776e+002 -9.7322e-001 +2.9707e+000 -2.5451e+000 +2.6525e+000 +1.7656e+000
1496 +1.178370778e+001 +1.178370778e+001 +1.050837078e+002 +1.050837078e+002 -1.3763e+000 +1.8077e+000 -2.4539e+000 +1.2951e+000 +1.5505e+000
2790 +9.364178108e+000 +9.364178108e+000 +1.026641781e+002 +1.026641781e+002 -1.8096e+000 +2.6362e+000 -2.3658e+000 +2.1362e+000 +1.6690e+000
4611 +9.214302975e+000 +9.214302975e+000 +1.025143030e+002 +1.025143030e+002 -1.5938e+000 +2.3785e+000 -2.3592e+000 +2.3195e+000 +1.3445e+000
4647 +8.886096712e+000 +8.886096712e+000 +1.021860967e+002 +1.021860967e+002 -1.5952e+000 +2.3801e+000 -2.3529e+000 +2.3122e+000 +1.3481e+000
4796 +8.559465020e+000 +8.559465020e+000 +1.018594650e+002 +1.018594650e+002 -1.5939e+000 +2.3838e+000 -2.3474e+000 +2.3156e+000 +1.3533e+000
4840 +8.479920054e+000 +8.479920054e+000 +1.017799201e+002 +1.017799201e+002 -1.5945e+000 +2.3827e+000 -2.3491e+000 +2.3137e+000 +1.3504e+000
4857 +8.252724405e+000 +8.252724405e+000 +1.015527244e+002 +1.015527244e+002 -1.6114e+000 +2.3803e+000 -2.3407e+000 +2.3143e+000 +1.3428e+000
4906 +8.084748723e+000 +8.084748723e+000 +1.013847487e+002 +1.013847487e+002 -1.6031e+000 +2.3834e+000 -2.3431e+000 +2.3154e+000 +1.3478e+000
5016 +7.909617936e+000 +7.909617936e+000 +1.012096179e+002 +1.012096179e+002 -1.6040e+000 +2.3831e+000 -2.3405e+000 +2.3124e+000 +1.3493e+000
5032 +7.668148395e+000 +7.668148395e+000 +1.009681484e+002 +1.009681484e+002 -1.6051e+000 +2.3864e+000 -2.3341e+000 +2.3119e+000 +1.3516e+000
5136 +7.571631981e+000 +7.571631981e+000 +1.008716320e+002 +1.008716320e+002 -1.6049e+000 +2.3863e+000 -2.3334e+000 +2.3104e+000 +1.3508e+000
5559 +7.392442049e+000 +7.392442049e+000 +1.006924420e+002 +1.006924420e+002 -1.6130e+000 +2.3863e+000 -2.3252e+000 +2.3090e+000 +1.3483e+000
15204 +7.125861065e+000 +7.125861065e+000 +1.004258611e+002 +1.004258611e+002 -1.0744e+000 +2.2404e+000 -1.5042e+000 +1.2968e+000 +1.9547e+000
15213 +6.927530514e+000 +6.927530514e+000 +1.002275305e+002 +1.002275305e+002 -1.0765e+000 +2.2458e+000 -1.4926e+000 +1.2917e+000 +1.9581e+000
15251 +6.905965953e+000 +6.905965953e+000 +1.002059660e+002 +1.002059660e+002 -1.0759e+000 +2.2424e+000 -1.4963e+000 +1.2958e+000 +1.9584e+000
15855 +6.757132566e+000 +6.757132566e+000 +1.000571326e+002 +1.000571326e+002 -1.0787e+000 +2.2448e+000 -1.4897e+000 +1.2924e+000 +1.9594e+000
% function evaluation | noise-free fitness - Fopt (1.364000000000e+001) | best noise-free fitness - Fopt | measured fitness | best measured fitness | x1 | x2...
1 +9.630173598e+001 +9.630173598e+001 +1.099417360e+002 +1.099417360e+002 +0.0000e+000 +0.0000e+000 +0.0000e+000 +0.0000e+000 +0.0000e+000
190 +8.937135371e+001 +8.937135371e+001 +1.030113537e+002 +1.030113537e+002 -1.7871e+000 +3.2403e+000 -2.5008e+000 -1.4454e-001 +2.4300e-001
203 +8.150920385e+001 +8.150920385e+001 +9.514920385e+001 +9.514920385e+001 -2.3450e+000 +2.7990e+000 -2.5414e+000 +1.9706e-002 +5.3428e-001
204 +8.100098480e+001 +8.100098480e+001 +9.464098480e+001 +9.464098480e+001 -2.2278e+000 +1.9498e+000 -2.0004e+000 +2.6315e-001 +1.0515e+000
213 +7.674941837e+001 +7.674941837e+001 +9.038941837e+001 +9.038941837e+001 -2.0283e+000 +2.0195e-001 -2.5698e+000 +4.5236e-002 +7.1270e-002
222 +7.304624579e+001 +7.304624579e+001 +8.668624579e+001 +8.668624579e+001 -2.1465e+000 -1.5828e+000 -2.6078e+000 +7.6653e-001 +3.5924e-001
233 +4.424158135e+001 +4.424158135e+001 +5.788158135e+001 +5.788158135e+001 -2.8573e+000 -7.1302e-001 -2.3367e+000 +7.1497e-001 +1.0849e+000
248 +4.216367890e+001 +4.216367890e+001 +5.580367890e+001 +5.580367890e+001 -1.5501e+000 -1.9105e+000 -2.5178e+000 +1.4745e+000 +4.0245e-001
261 +3.054335551e+001 +3.054335551e+001 +4.418335551e+001 +4.418335551e+001 -2.3752e+000 -1.2084e+000 -2.0638e+000 +1.2162e+000 -4.4080e-001
601 +2.920565893e+001 +2.920565893e+001 +4.284565893e+001 +4.284565893e+001 -1.8860e+000 -2.4328e+000 -2.0596e+000 +5.4749e-001 -1.5446e-001
657 +2.552861796e+001 +2.552861796e+001 +3.916861796e+001 +3.916861796e+001 -2.7082e+000 -1.3181e+000 -2.3908e+000 +1.4932e+000 -4.4389e-001
666 +2.439754836e+001 +2.439754836e+001 +3.803754836e+001 +3.803754836e+001 -1.7640e+000 -2.3621e+000 -2.3868e+000 +3.0687e-001 -6.1096e-001
873 +2.001278424e+001 +2.001278424e+001 +3.365278424e+001 +3.365278424e+001 -1.9431e+000 -2.1863e+000 -2.3116e+000 +2.1648e+000 -1.1791e+000
1274 +1.821032121e+001 +1.821032121e+001 +3.185032121e+001 +3.185032121e+001 -2.4863e+000 -2.2646e+000 -1.3372e+000 +8.1669e-001 -1.5124e+000
1390 +1.777158429e+001 +1.777158429e+001 +3.141158429e+001 +3.141158429e+001 -2.6953e+000 -2.8271e+000 -1.5399e+000 +1.6793e+000 -1.8380e+000
1635 +1.283996051e+001 +1.283996051e+001 +2.647996051e+001 +2.647996051e+001 -1.5031e+000 -1.9135e+000 -1.2801e+000 +3.5190e-001 -1.7869e+000
2210 +1.152839714e+001 +1.152839714e+001 +2.516839714e+001 +2.516839714e+001 -1.2694e+000 -1.0389e+000 -1.4521e+000 +1.2837e+000 -1.5963e+000
3022 +1.041364102e+001 +1.041364102e+001 +2.405364102e+001 +2.405364102e+001 -1.3060e+000 -1.0473e+000 -1.7797e+000 +1.7037e+000 -1.5232e+000
3682 +9.644471750e+000 +9.644471750e+000 +2.328447175e+001 +2.328447175e+001 -2.0316e+000 -1.4020e+000 -1.6348e+000 +1.4433e+000 -1.5140e+000
3817 +8.571742021e+000 +8.571742021e+000 +2.221174202e+001 +2.221174202e+001 -1.9309e+000 -1.5286e+000 -1.6185e+000 +1.4395e+000 -1.4980e+000
6239 +8.284004937e+000 +8.284004937e+000 +2.192400494e+001 +2.192400494e+001 -2.3014e+000 -1.5031e+000 -1.7361e+000 +1.7231e+000 -1.6580e+000
6363 +7.997845024e+000 +7.997845024e+000 +2.163784502e+001 +2.163784502e+001 -2.3030e+000 -1.5043e+000 -1.7363e+000 +1.7264e+000 -1.6560e+000
6372 +7.923151600e+000 +7.923151600e+000 +2.156315160e+001 +2.156315160e+001 -2.3041e+000 -1.5110e+000 -1.7353e+000 +1.7291e+000 -1.6617e+000
6380 +7.699280966e+000 +7.699280966e+000 +2.133928097e+001 +2.133928097e+001 -2.3030e+000 -1.5064e+000 -1.7350e+000 +1.7284e+000 -1.6605e+000
6504 +7.534586392e+000 +7.534586392e+000 +2.117458639e+001 +2.117458639e+001 -2.3087e+000 -1.5110e+000 -1.7351e+000 +1.7358e+000 -1.6636e+000
6512 +7.367961061e+000 +7.367961061e+000 +2.100796106e+001 +2.100796106e+001 -2.3060e+000 -1.5098e+000 -1.7353e+000 +1.7333e+000 -1.6630e+000
6578 +6.879761887e+000 +6.879761887e+000 +2.051976189e+001 +2.051976189e+001 -2.3106e+000 -1.5136e+000 -1.7387e+000 +1.7330e+000 -1.6648e+000
6614 +6.694361106e+000 +6.694361106e+000 +2.033436111e+001 +2.033436111e+001 -2.3151e+000 -1.5203e+000 -1.7388e+000 +1.7338e+000 -1.6731e+000
6644 +6.560973540e+000 +6.560973540e+000 +2.020097354e+001 +2.020097354e+001 -2.3127e+000 -1.5168e+000 -1.7383e+000 +1.7366e+000 -1.6705e+000
6694 +6.406740349e+000 +6.406740349e+000 +2.004674035e+001 +2.004674035e+001 -2.3206e+000 -1.5244e+000 -1.7416e+000 +1.7359e+000 -1.6765e+000
6710 +6.269402492e+000 +6.269402492e+000 +1.990940249e+001 +1.990940249e+001 -2.3179e+000 -1.5181e+000 -1.7421e+000 +1.7374e+000 -1.6689e+000
6776 +6.157717940e+000 +6.157717940e+000 +1.979771794e+001 +1.979771794e+001 -2.3222e+000 -1.5211e+000 -1.7429e+000 +1.7373e+000 -1.6691e+000
6898 +6.004321260e+000 +6.004321260e+000 +1.964432126e+001 +1.964432126e+001 -2.3281e+000 -1.5245e+000 -1.7469e+000 +1.7405e+000 -1.6719e+000
6932 +5.875846526e+000 +5.875846526e+000 +1.951584653e+001 +1.951584653e+001 -2.3294e+000 -1.5266e+000 -1.7467e+000 +1.7417e+000 -1.6754e+000
7608 +5.750710882e+000 +5.750710882e+000 +1.939071088e+001 +1.939071088e+001 -2.3312e+000 -1.5316e+000 -1.7464e+000 +1.7456e+000 -1.6803e+000
% function evaluation | noise-free fitness - Fopt (1.948000000000e+002) | best noise-free fitness - Fopt | measured fitness | best measured fitness | x1 | x2...
1 +5.865562670e+001 +5.865562670e+001 +2.534556267e+002 +2.534556267e+002 +0.0000e+000 +0.0000e+000 +0.0000e+000 +0.0000e+000 +0.0000e+000
802 +4.353010395e+001 +4.353010395e+001 +2.383301040e+002 +2.383301040e+002 +5.5695e-001 -1.5191e+000 -6.7723e-001 +1.6708e+000 +1.9169e+000
805 +2.630661545e+001 +2.630661545e+001 +2.211066154e+002 +2.211066154e+002 +4.2722e-001 -1.7774e+000 -3.6222e-001 +1.9806e+000 +1.8390e+000
1055 +2.379600791e+001 +2.379600791e+001 +2.185960079e+002 +2.185960079e+002 -1.8539e+000 -1.4509e+000 -9.0036e-001 +1.2559e+000 +1.6333e+000
1075 +1.976588808e+001 +1.976588808e+001 +2.145658881e+002 +2.145658881e+002 -1.0241e+000 -1.4483e+000 -1.6774e+000 +1.5736e+000 +1.3530e+000
1280 +1.567299785e+001 +1.567299785e+001 +2.104729978e+002 +2.104729978e+002 -1.0682e+000 -1.9794e+000 -1.1404e+000 +1.1684e+000 +1.5960e+000
1635 +1.041123036e+001 +1.041123036e+001 +2.052112304e+002 +2.052112304e+002 -1.8388e+000 -1.7803e+000 -1.0982e+000 +1.5388e+000 +9.4466e-001
2133 +8.947596919e+000 +8.947596919e+000 +2.037475969e+002 +2.037475969e+002 -1.4261e+000 -1.6109e+000 -1.0596e+000 +9.1373e-001 +9.4650e-001
2888 +6.350715124e+000 +6.350715124e+000 +2.011507151e+002 +2.011507151e+002 -1.6322e+000 -1.6461e+000 -9.3424e-001 +1.3878e+000 +1.1393e+000
5293 +4.236796870e+000 +4.236796870e+000 +1.990367969e+002 +1.990367969e+002 -1.2167e+000 -1.7895e+000 -1.7445e+000 +1.4861e+000 +9.9411e-001
9609 +3.684369820e+000 +3.684369820e+000 +1.984843698e+002 +1.984843698e+002 -1.1042e+000 -9.3494e-001 -1.7858e+000 +1.1770e+000 +1.3121e+000
9806 +3.299338350e+000 +3.299338350e+000 +1.980993384e+002 +1.980993384e+002 -1.1045e+000 -9.1313e-001 -1.7924e+000 +1.1899e+000 +1.3106e+000
9812 +2.973415279e+000 +2.973415279e+000 +1.977734153e+002 +1.977734153e+002 -1.1050e+000 -9.1920e-001 -1.7952e+000 +1.1893e+000 +1.3095e+000
9878 +2.616348490e+000 +2.616348490e+000 +1.974163485e+002 +1.974163485e+002 -1.1034e+000 -9.2072e-001 -1.7927e+000 +1.1849e+000 +1.3114e+000
9899 +2.527513044e+000 +2.527513044e+000 +1.973275130e+002 +1.973275130e+002 -1.1007e+000 -9.2059e-001 -1.7918e+000 +1.1801e+000 +1.3154e+000
9900 +2.104513146e+000 +2.104513146e+000 +1.969045131e+002 +1.969045131e+002 -1.1028e+000 -9.2800e-001 -1.7902e+000 +1.1809e+000 +1.3153e+000
9966 +2.017660163e+000 +2.017660163e+000 +1.968176602e+002 +1.968176602e+002 -1.1044e+000 -9.2357e-001 -1.7830e+000 +1.1811e+000 +1.3182e+000
10032 +1.910895022e+000 +1.910895022e+000 +1.967108950e+002 +1.967108950e+002 -1.1030e+000 -9.3123e-001 -1.7838e+000 +1.1762e+000 +1.3186e+000
10056 +1.858553884e+000 +1.858553884e+000 +1.966585539e+002 +1.966585539e+002 -1.1024e+000 -9.2271e-001 -1.7844e+000 +1.1826e+000 +1.3198e+000
10076 +1.809470994e+000 +1.809470994e+000 +1.966094710e+002 +1.966094710e+002 -1.1021e+000 -9.2267e-001 -1.7863e+000 +1.1796e+000 +1.3177e+000
10186 +1.741868557e+000 +1.741868557e+000 +1.965418686e+002 +1.965418686e+002 -1.1020e+000 -9.2472e-001 -1.7826e+000 +1.1789e+000 +1.3207e+000
10276 +1.712066826e+000 +1.712066826e+000 +1.965120668e+002 +1.965120668e+002 -1.1003e+000 -9.2324e-001 -1.7819e+000 +1.1733e+000 +1.3215e+000
10494 +1.697768604e+000 +1.697768604e+000 +1.964977686e+002 +1.964977686e+002 -1.1010e+000 -9.2352e-001 -1.7824e+000 +1.1758e+000 +1.3213e+000
% function evaluation | noise-free fitness - Fopt (-1.335900000000e+002) | best noise-free fitness - Fopt | measured fitness | best measured fitness | x1 | x2...
1 +9.504320291e+001 +9.504320291e+001 -3.854679709e+001 -3.854679709e+001 +0.0000e+000 +0.0000e+000 +0.0000e+000 +0.0000e+000 +0.0000e+000
3 +8.500558625e+001 +8.500558625e+001 -4.858441375e+001 -4.858441375e+001 -3.8980e-001 +1.6545e+000 +3.6927e+000 -2.4934e+000 -2.1844e-001
99 +8.026472908e+001 +8.026472908e+001 -5.332527092e+001 -5.332527092e+001 -3.0771e-001 +1.4635e+000 +3.6333e+000 -2.7309e+000 -3.2036e-001
178 +7.684406391e+001 +7.684406391e+001 -5.674593609e+001 -5.674593609e+001 -3.7567e-001 +1.6654e+000 +3.2565e+000 -2.8134e+000 -1.7017e-001
211 +6.648381020e+001 +6.648381020e+001 -6.710618980e+001 -6.710618980e+001 -4.8427e-001 +1.7114e+000 +3.3153e+000 -2.2200e+000 -2.3337e-001
246 +6.514335868e+001 +6.514335868e+001 -6.844664132e+001 -6.844664132e+001 -3.5104e-001 +1.4738e+000 +2.4742e+000 -2.1693e+000 -7.1749e-001
297 +5.994066209e+001 +5.994066209e+001 -7.364933791e+001 -7.364933791e+001 -1.0187e+000 +1.4206e+000 +1.2578e+000 -2.0984e+000 -5.1084e-001
315 +5.282259510e+001 +5.282259510e+001 -8.076740490e+001 -8.076740490e+001 -1.5895e+000 +1.5474e+000 +1.5292e+000 -3.2013e+000 -3.9795e-001
338 +4.186507442e+001 +4.186507442e+001 -9.172492558e+001 -9.172492558e+001 -1.5232e+000 +2.2340e+000 -1.3007e+000 -1.9752e+000 +7.8663e-002
372 +3.248662613e+001 +3.248662613e+001 -1.011033739e+002 -1.011033739e+002 -6.8604e-001 +2.4217e+000 +7.3916e-002 -2.8861e+000 -1.3156e+000
493 +2.183502062e+001 +2.183502062e+001 -1.117549794e+002 -1.117549794e+002 -8.7178e-001 +8.1061e-001 -5.8095e-001 -6.4032e-001 -1.1519e+000
920 +1.938070771e+001 +1.938070771e+001 -1.142092923e+002 -1.142092923e+002 -3.2181e+000 +2.0674e+000 -9.7896e-001 -9.3381e-001 -1.3360e+000
1288 +1.096831041e+001 +1.096831041e+001 -1.226216896e+002 -1.226216896e+002 -1.2353e+000 +2.5323e+000 -7.5941e-001 -1.0027e+000 -1.3714e+000
2745 +1.063285905e+001 +1.063285905e+001 -1.229571409e+002 -1.229571409e+002 -1.5304e+000 +1.8333e+000 -2.6355e+000 -3.1147e+000 -2.0450e+000
2918 +1.017274061e+001 +1.017274061e+001 -1.234172594e+002 -1.234172594e+002 -1.7771e+000 +1.7415e+000 -2.0460e+000 -2.1414e+000 -1.5288e+000
4524 +9.779748826e+000 +9.779748826e+000 -1.238102512e+002 -1.238102512e+002 -2.2401e+000 +1.8160e+000 -1.9265e+000 -2.0992e+000 -1.2351e+000
8998 +9.738427684e+000 +9.738427684e+000 -1.238515723e+002 -1.238515723e+002 -1.2843e+000 +1.4545e+000 -2.2033e+000 -2.8165e+000 -1.6746e+000
9030 +8.759941934e+000 +8.759941934e+000 -1.248300581e+002 -1.248300581e+002 -1.2738e+000 +1.4774e+000 -2.2016e+000 -2.8157e+000 -1.6838e+000
9214 +8.702131905e+000 +8.702131905e+000 -1.248878681e+002 -1.248878681e+002 -1.2702e+000 +1.4859e+000 -2.2044e+000 -2.8141e+000 -1.6894e+000
9262 +8.463032623e+000 +8.463032623e+000 -1.251269674e+002 -1.251269674e+002 -1.2682e+000 +1.4755e+000 -2.2057e+000 -2.8164e+000 -1.6850e+000
9344 +8.309975480e+000 +8.309975480e+000 -1.252800245e+002 -1.252800245e+002 -1.2579e+000 +1.4778e+000 -2.2075e+000 -2.8197e+000 -1.6898e+000
9548 +8.111697404e+000 +8.111697404e+000 -1.254783026e+002 -1.254783026e+002 -1.2579e+000 +1.4824e+000 -2.2057e+000 -2.8221e+000 -1.6900e+000
% function evaluation | noise-free fitness - Fopt (1.955000000000e+001) | best noise-free fitness - Fopt | measured fitness | best measured fitness | x1 | x2...
1 +7.328360888e+001 +7.328360888e+001 +9.283360888e+001 +9.283360888e+001 +0.0000e+000 +0.0000e+000 +0.0000e+000 +0.0000e+000 +0.0000e+000
96 +6.997498108e+001 +6.997498108e+001 +8.952498108e+001 +8.952498108e+001 +3.0343e+000 +3.4372e+000 -7.6717e-001 +1.9300e+000 -3.6422e-001
129 +5.874682403e+001 +5.874682403e+001 +7.829682403e+001 +7.829682403e+001 +3.1018e+000 +3.5036e+000 -6.4300e-001 +1.8583e+000 -1.1770e-001
767 +5.417801549e+001 +5.417801549e+001 +7.372801549e+001 +7.372801549e+001 +2.6804e+000 +3.1271e+000 -1.8565e-001 +1.0013e+000 -1.8491e-001
798 +3.850720117e+001 +3.850720117e+001 +5.805720117e+001 +5.805720117e+001 +1.2217e+000 +2.5315e+000 -1.1642e-001 +2.6971e-001 +1.5682e-001
858 +3.303958712e+001 +3.303958712e+001 +5.258958712e+001 +5.258958712e+001 +2.4198e+000 +2.0851e+000 +6.9404e-001 -4.2557e-002 +1.6932e-001
978 +2.614528340e+001 +2.614528340e+001 +4.569528340e+001 +4.569528340e+001 +2.7306e+000 +3.3050e+000 -1.6297e-001 -6.3654e-001 +1.2119e+000
1103 +2.546594802e+001 +2.546594802e+001 +4.501594802e+001 +4.501594802e+001 +1.3925e+000 +2.4008e+000 +2.1099e+000 -2.1870e+000 +8.5597e-001
1415 +2.393109761e+001 +2.393109761e+001 +4.348109761e+001 +4.348109761e+001 +1.6170e+000 +2.1776e+000 +2.2100e+000 -1.8345e+000 +5.9418e-001
1510 +2.232972675e+001 +2.232972675e+001 +4.187972675e+001 +4.187972675e+001 +1.4882e+000 +2.1541e+000 +1.7071e+000 -2.7769e+000 +5.2151e-001
1686 +1.688733201e+001 +1.688733201e+001 +3.643733201e+001 +3.643733201e+001 +1.0819e+000 +1.7015e+000 +1.5057e+000 -2.2479e+000 +8.1724e-001
3971 +1.168249465e+001 +1.168249465e+001 +3.123249465e+001 +3.123249465e+001 +2.0940e+000 +1.3726e+000 +1.3043e+000 -1.2990e+000 +7.7702e-001
5138 +1.071007350e+001 +1.071007350e+001 +3.026007350e+001 +3.026007350e+001 +1.6804e+000 +1.3818e+000 +1.6336e+000 -1.0036e+000 +6.9534e-001
5730 +1.017038696e+001 +1.017038696e+001 +2.972038696e+001 +2.972038696e+001 +1.6630e+000 +1.3689e+000 +1.6271e+000 -9.9730e-001 +6.8439e-001
5764 +9.235125776e+000 +9.235125776e+000 +2.878512578e+001 +2.878512578e+001 +1.6783e+000 +1.3694e+000 +1.6352e+000 -9.9758e-001 +6.8676e-001
5808 +8.789748659e+000 +8.789748659e+000 +2.833974866e+001 +2.833974866e+001 +1.6803e+000 +1.3678e+000 +1.6377e+000 -1.0012e+000 +6.8719e-001
5825 +8.697307693e+000 +8.697307693e+000 +2.824730769e+001 +2.824730769e+001 +1.6982e+000 +1.3706e+000 +1.6547e+000 -1.0079e+000 +6.8070e-001
5830 +8.149425596e+000 +8.149425596e+000 +2.769942560e+001 +2.769942560e+001 +1.6911e+000 +1.3682e+000 +1.6492e+000 -1.0064e+000 +6.8357e-001
6160 +8.107879907e+000 +8.107879907e+000 +2.765787991e+001 +2.765787991e+001 +1.6953e+000 +1.3679e+000 +1.6582e+000 -1.0065e+000 +6.8204e-001
% function evaluation | noise-free fitness - Fopt (-1.307000000000e+001) | best noise-free fitness - Fopt | measured fitness | best measured fitness | x1 | x2...
1 +8.670286701e+001 +8.670286701e+001 +7.363286701e+001 +7.363286701e+001 +0.0000e+000 +0.0000e+000 +0.0000e+000 +0.0000e+000 +0.0000e+000
3 +8.076001219e+001 +8.076001219e+001 +6.769001219e+001 +6.769001219e+001 +1.1501e+000 -3.7742e-001 +1.6256e+000 -1.2846e+000 +6.2554e-001
6 +6.985216984e+001 +6.985216984e+001 +5.678216984e+001 +5.678216984e+001 +9.8993e-001 -5.5521e-001 +1.5060e+000 -1.5181e+000 +7.6609e-001
8 +6.858170134e+001 +6.858170134e+001 +5.551170134e+001 +5.551170134e+001 +1.3326e+000 -6.4476e-001 +1.3810e+000 -1.4312e+000 +5.4920e-001
22 +5.893893721e+001 +5.893893721e+001 +4.586893721e+001 +4.586893721e+001 +1.1448e+000 -6.2159e-001 +1.4312e+000 -1.4243e+000 +6.2224e-001
28 +5.446942728e+001 +5.446942728e+001 +4.139942728e+001 +4.139942728e+001 +1.4182e+000 -7.9692e-001 +1.3221e+000 -1.4093e+000 +6.1438e-001
35 +4.661478166e+001 +4.661478166e+001 +3.354478166e+001 +3.354478166e+001 +1.2755e+000 -5.2331e-001 +1.2105e+000 -1.5088e+000 +6.2649e-001
840 +4.412229487e+001 +4.412229487e+001 +3.105229487e+001 +3.105229487e+001 +6.8668e-001 -2.7012e-001 +1.2927e+000 -1.3519e+000 +9.3947e-001
1060 +3.898486156e+001 +3.898486156e+001 +2.591486156e+001 +2.591486156e+001 +1.0844e+000 -3.8632e-001 +1.2918e+000 -1.3532e+000 +8.6706e-001
1540 +3.847941670e+001 +3.847941670e+001 +2.540941670e+001 +2.540941670e+001 +8.2854e-001 -1.3452e+000 +1.2826e+000 -1.9262e+000 +7.4008e-001
1542 +3.579541559e+001 +3.579541559e+001 +2.272541559e+001 +2.272541559e+001 +1.1210e+000 -1.2384e+000 +1.3378e+000 -1.9912e+000 +7.4736e-001
3524 +3.544259827e+001 +3.544259827e+001 +2.237259827e+001 +2.237259827e+001 +7.3927e-001 -1.2449e+000 +1.3133e+000 -2.0110e+000 +7.8422e-001
3916 +3.467247653e+001 +3.467247653e+001 +2.160247653e+001 +2.160247653e+001 +7.3677e-001 -1.2357e+000 +1.3028e+000 -2.0099e+000 +7.7759e-001
% function evaluation | noise-free fitness - Fopt (7.965000000000e+001) | best noise-free fitness - Fopt | measured fitness | best measured fitness | x1 | x2...
1 +6.421476392e+001 +6.421476392e+001 +1.438647639e+002 +1.438647639e+002 +0.0000e+000 +0.0000e+000 +0.0000e+000 +0.0000e+000 +0.0000e+000
421 +6.087253576e+001 +6.087253576e+001 +1.405225358e+002 +1.405225358e+002 -3.1998e+000 -1.9801e+000 -1.2247e+000 -1.9902e+000 +1.5180e+000
439 +5.865549024e+001 +5.865549024e+001 +1.383054902e+002 +1.383054902e+002 -3.4498e+000 -1.8773e+000 -1.3641e+000 -1.7631e+000 +9.9046e-001
531 +5.579730267e+001 +5.579730267e+001 +1.354473027e+002 +1.354473027e+002 -2.7588e+000 -1.8014e+000 -5.2806e-001 -1.3113e+000 +1.2023e+000
555 +5.307432938e+001 +5.307432938e+001 +1.327243294e+002 +1.327243294e+002 -2.3060e+000 -1.2799e+000 -4.8024e-001 -1.9426e+000 +1.1024e+000
580 +3.695682716e+001 +3.695682716e+001 +1.166068272e+002 +1.166068272e+002 -2.2618e+000 -1.2884e+000 +1.8223e-001 -1.2929e+000 +1.4278e+000
600 +3.103584884e+001 +3.103584884e+001 +1.106858488e+002 +1.106858488e+002 -2.1066e+000 -1.8737e+000 -6.2353e-002 -8.3773e-001 +1.1240e+000
682 +2.760195996e+001 +2.760195996e+001 +1.072519600e+002 +1.072519600e+002 -1.4215e+000 -1.4062e+000 +9.2332e-001 -8.0859e-001 +7.0712e-001
755 +2.454849748e+001 +2.454849748e+001 +1.041984975e+002 +1.041984975e+002 -4.1781e-001 -1.3710e+000 +2.4657e+000 -1.7898e+000 +3.9490e-001
772 +2.194006515e+001 +2.194006515e+001 +1.015900652e+002 +1.015900652e+002 -1.1988e+000 -1.5983e+000 +1.7981e+000 -1.3513e+000 +8.1419e-001
909 +2.125336052e+001 +2.125336052e+001 +1.009033605e+002 +1.009033605e+002 -1.3050e+000 -1.5173e+000 +1.4719e+000 -1.7777e+000 +1.1541e+000
924 +1.653530398e+001 +1.653530398e+001 +9.618530398e+001 +9.618530398e+001 -1.4878e+000 -1.5476e+000 +1.3499e+000 -1.1316e+000 +1.1097e+000
1023 +1.391478927e+001 +1.391478927e+001 +9.356478927e+001 +9.356478927e+001 -1.2966e+000 -1.4188e+000 +1.9160e+000 -1.9695e+000 +1.2463e+000
1131 +1.192465875e+001 +1.192465875e+001 +9.157465875e+001 +9.157465875e+001 -1.0028e+000 -1.9268e+000 +1.6017e+000 -4.8249e-001 +1.6073e+000
1302 +9.585119122e+000 +9.585119122e+000 +8.923511912e+001 +8.923511912e+001 -9.0776e-001 -1.3063e+000 +1.1667e+000 -1.2649e+000 +1.2953e+000
5514 +8.973161342e+000 +8.973161342e+000 +8.862316134e+001 +8.862316134e+001 -1.3829e+000 -1.0240e+000 +1.8872e+000 -1.5375e+000 +2.8077e-001
5676 +8.878254278e+000 +8.878254278e+000 +8.852825428e+001 +8.852825428e+001 -1.3864e+000 -1.0255e+000 +1.8785e+000 -1.5281e+000 +2.8872e-001
5702 +8.247241854e+000 +8.247241854e+000 +8.789724185e+001 +8.789724185e+001 -1.3927e+000 -1.0260e+000 +1.8790e+000 -1.5352e+000 +2.9180e-001
5764 +8.083456758e+000 +8.083456758e+000 +8.773345676e+001 +8.773345676e+001 -1.3879e+000 -1.0310e+000 +1.8810e+000 -1.5445e+000 +2.8475e-001
5840 +7.703827354e+000 +7.703827354e+000 +8.735382735e+001 +8.735382735e+001 -1.3884e+000 -1.0222e+000 +1.8845e+000 -1.5406e+000 +2.9103e-001
5896 +7.516510388e+000 +7.516510388e+000 +8.716651039e+001 +8.716651039e+001 -1.3944e+000 -1.0278e+000 +1.8715e+000 -1.5461e+000 +2.8854e-001
5918 +7.321107036e+000 +7.321107036e+000 +8.697110704e+001 +8.697110704e+001 -1.3932e+000 -1.0274e+000 +1.8763e+000 -1.5466e+000 +2.8827e-001
5940 +7.130880152e+000 +7.130880152e+000 +8.678088015e+001 +8.678088015e+001 -1.3931e+000 -1.0246e+000 +1.8780e+000 -1.5483e+000 +2.8802e-001
5984 +6.919903224e+000 +6.919903224e+000 +8.656990322e+001 +8.656990322e+001 -1.3960e+000 -1.0217e+000 +1.8769e+000 -1.5476e+000 +2.9011e-001
6008 +6.801328764e+000 +6.801328764e+000 +8.645132876e+001 +8.645132876e+001 -1.3977e+000 -1.0213e+000 +1.8788e+000 -1.5523e+000 +2.9117e-001
6182 +6.742635490e+000 +6.742635490e+000 +8.639263549e+001 +8.639263549e+001 -1.3974e+000 -1.0213e+000 +1.8786e+000 -1.5512e+000 +2.9005e-001
6248 +6.584282700e+000 +6.584282700e+000 +8.623428270e+001 +8.623428270e+001 -1.3977e+000 -1.0200e+000 +1.8797e+000 -1.5562e+000 +2.8809e-001
6299 +6.414803258e+000 +6.414803258e+000 +8.606480326e+001 +8.606480326e+001 -1.4005e+000 -1.0182e+000 +1.8808e+000 -1.5602e+000 +2.8843e-001
6546 +6.268033837e+000 +6.268033837e+000 +8.591803384e+001 +8.591803384e+001 -1.4040e+000 -1.0153e+000 +1.8788e+000 -1.5669e+000 +2.8606e-001
6670 +6.124740038e+000 +6.124740038e+000 +8.577474004e+001 +8.577474004e+001 -1.4051e+000 -1.0111e+000 +1.8814e+000 -1.5675e+000 +2.8795e-001
% function evaluation | noise-free fitness - Fopt (1.160000000000e+000) | best noise-free fitness - Fopt | measured fitness | best measured fitness | x1 | x2...
1 +6.925855753e+001 +6.925855753e+001 +7.041855753e+001 +7.041855753e+001 +0.0000e+000 +0.0000e+000 +0.0000e+000 +0.0000e+000 +0.0000e+000
5602 +6.609262534e+001 +6.609262534e+001 +6.725262534e+001 +6.725262534e+001 +7.9280e-001 +2.1718e-001 +2.4855e+000 +4.8921e-001 -2.3688e+000
5656 +6.468376693e+001 +6.468376693e+001 +6.584376693e+001 +6.584376693e+001 +7.8849e-001 +2.2632e-001 +2.4792e+000 +5.0436e-001 -2.3724e+000
5920 +6.437457820e+001 +6.437457820e+001 +6.553457820e+001 +6.553457820e+001 +8.0109e-001 +2.1785e-001 +2.4738e+000 +5.0341e-001 -2.3602e+000
9714 +5.530885961e+001 +5.530885961e+001 +5.646885961e+001 +5.646885961e+001 -1.1277e+000 +2.1815e+000 +2.4202e+000 +1.1555e+000 +7.5673e-001
9768 +5.293350140e+001 +5.293350140e+001 +5.409350140e+001 +5.409350140e+001 +3.2384e-001 +2.8625e+000 +2.5969e+000 +1.1234e+000 +1.2704e+000
9785 +4.925098200e+001 +4.925098200e+001 +5.041098200e+001 +5.041098200e+001 +1.3747e+000 +1.5418e+000 +2.5462e+000 +1.2631e+000 -3.7682e-002
9792 +4.294707917e+001 +4.294707917e+001 +4.410707917e+001 +4.410707917e+001 +1.1230e+000 +2.3055e+000 +2.0749e+000 +1.6523e+000 +4.4259e-001
9816 +3.425565933e+001 +3.425565933e+001 +3.541565933e+001 +3.541565933e+001 +1.1824e+000 +2.0967e+000 +1.4573e+000 +1.2336e+000 +4.8317e-001
9842 +2.624225004e+001 +2.624225004e+001 +2.740225004e+001 +2.740225004e+001 +1.4239e+000 +1.5187e+000 +1.2898e+000 +1.2273e+000 +1.2234e+000
10053 +2.013570787e+001 +2.013570787e+001 +2.129570787e+001 +2.129570787e+001 +1.3747e+000 +1.1212e+000 +4.8425e-001 +2.1630e+000 +9.1861e-001
10141 +1.282673097e+001 +1.282673097e+001 +1.398673097e+001 +1.398673097e+001 +4.6046e-001 +1.0965e+000 +1.0007e+000 +1.7987e+000 +7.8573e-001
10284 +1.010040233e+001 +1.010040233e+001 +1.126040233e+001 +1.126040233e+001 +1.3429e+000 +1.3118e+000 +7.0819e-001 +1.5958e+000 +8.5002e-001
10545 +7.791517117e+000 +7.791517117e+000 +8.951517117e+000 +8.951517117e+000 +1.5198e+000 +7.4514e-001 +1.0399e+000 +1.5756e+000 +9.2916e-001
12213 +7.368896968e+000 +7.368896968e+000 +8.528896968e+000 +8.528896968e+000 +6.7817e-001 +5.4373e-001 +1.4976e+000 +1.2389e+000 +1.3534e+000
13413 +2.790749555e+000 +2.790749555e+000 +3.950749555e+000 +3.950749555e+000 +1.6262e+000 +1.3531e+000 +1.2030e+000 +1.2629e+000 +1.6547e+000
20860 +2.560797692e+000 +2.560797692e+000 +3.720797692e+000 +3.720797692e+000 +1.2563e+000 +1.1055e+000 +1.5967e+000 +1.2981e+000 +6.4290e-001
20882 +2.141873710e+000 +2.141873710e+000 +3.301873710e+000 +3.301873710e+000 +1.2590e+000 +1.1041e+000 +1.5976e+000 +1.2999e+000 +6.5083e-001
20948 +2.132153267e+000 +2.132153267e+000 +3.292153267e+000 +3.292153267e+000 +1.2583e+000 +1.1036e+000 +1.5936e+000 +1.2999e+000 +6.4822e-001
21573 +2.083907912e+000 +2.083907912e+000 +3.243907912e+000 +3.243907912e+000 +1.2690e+000 +1.1040e+000 +1.5906e+000 +1.3100e+000 +6.4889e-001
21811 +2.036550146e+000 +2.036550146e+000 +3.196550146e+000 +3.196550146e+000 +1.2656e+000 +1.1046e+000 +1.5928e+000 +1.3070e+000 +6.4888e-001
% function evaluation | noise-free fitness - Fopt (2.407100000000e+002) | best noise-free fitness - Fopt | measured fitness | best measured fitness | x1 | x2...
1 +1.067245377e+002 +1.067245377e+002 +3.474345377e+002 +3.474345377e+002 +0.0000e+000 +0.0000e+000 +0.0000e+000 +0.0000e+000 +0.0000e+000
2 +8.738306548e+001 +8.738306548e+001 +3.280930655e+002 +3.280930655e+002 -1.4575e+000 -2.8781e+000 -4.1746e+000 +3.0515e+000 -7.1744e-001
8 +8.160187846e+001 +8.160187846e+001 +3.223118785e+002 +3.223118785e+002 -1.4297e+000 -2.9377e+000 -4.1305e+000 +3.2259e+000 -6.3781e-001
10 +7.307528878e+001 +7.307528878e+001 +3.137852888e+002 +3.137852888e+002 -1.6485e+000 -2.8782e+000 -4.0780e+000 +3.0789e+000 -6.3121e-001
12 +6.686205532e+001 +6.686205532e+001 +3.075720553e+002 +3.075720553e+002 -1.6508e+000 -2.8792e+000 -4.0461e+000 +3.1551e+000 -6.3524e-001
14 +6.585826504e+001 +6.585826504e+001 +3.065682650e+002 +3.065682650e+002 -1.2623e+000 -2.7898e+000 -4.1563e+000 +3.0208e+000 -5.8310e-001
64 +6.402804135e+001 +6.402804135e+001 +3.047380414e+002 +3.047380414e+002 -1.4795e+000 -2.8844e+000 -4.0852e+000 +3.0191e+000 -7.3174e-001
88 +6.069344705e+001 +6.069344705e+001 +3.014034470e+002 +3.014034470e+002 -1.5286e+000 -2.9206e+000 -4.1308e+000 +3.1092e+000 -6.3817e-001
238 +5.840530375e+001 +5.840530375e+001 +2.991153037e+002 +2.991153037e+002 -1.5132e+000 -2.9615e+000 -4.0791e+000 +3.1670e+000 -6.3409e-001
359 +5.651258807e+001 +5.651258807e+001 +2.972225881e+002 +2.972225881e+002 -1.4456e+000 -2.7849e+000 -3.9625e+000 +3.4693e+000 -5.3540e-001
467 +5.607122318e+001 +5.607122318e+001 +2.967812232e+002 +2.967812232e+002 -1.3540e+000 -2.8390e+000 -3.6083e+000 +3.4810e+000 -5.9354e-001
582 +5.396999747e+001 +5.396999747e+001 +2.946799975e+002 +2.946799975e+002 -9.9606e-001 -2.6431e+000 -3.4201e+000 +3.2159e+000 -5.8201e-001
625 +5.273819131e+001 +5.273819131e+001 +2.934481913e+002 +2.934481913e+002 -6.1272e-001 -2.7086e+000 -3.4307e+000 +2.3931e+000 -9.1617e-001
682 +5.168390843e+001 +5.168390843e+001 +2.923939084e+002 +2.923939084e+002 -8.5319e-001 -2.2735e+000 -3.1382e+000 +1.9185e+000 -6.4662e-001
691 +4.830621164e+001 +4.830621164e+001 +2.890162116e+002 +2.890162116e+002 -2.8010e-001 -2.3284e+000 -2.9092e+000 +8.8224e-001 -4.7779e-001
713 +4.375137427e+001 +4.375137427e+001 +2.844613743e+002 +2.844613743e+002 -6.6495e-001 -1.8160e+000 -3.4672e+000 +2.5210e+000 -4.7593e-001
849 +3.700245530e+001 +3.700245530e+001 +2.777124553e+002 +2.777124553e+002 +4.6696e-001 -1.7887e+000 -2.9415e+000 +1.1403e+000 -4.2487e-001
1047 +3.520068026e+001 +3.520068026e+001 +2.759106803e+002 +2.759106803e+002 +3.4803e-001 -2.3217e+000 -1.1425e+000 +1.6686e+000 -1.0555e-001
1191 +2.281947678e+001 +2.281947678e+001 +2.635294768e+002 +2.635294768e+002 +1.5792e-001 -1.4725e+000 -1.1163e+000 +8.4566e-001 -1.8700e-001
1844 +1.879176571e+001 +1.879176571e+001 +2.595017657e+002 +2.595017657e+002 +1.6632e+000 -2.8939e+000 -1.6169e+000 +3.0442e+000 -1.8949e-001
1967 +1.683215192e+001 +1.683215192e+001 +2.575421519e+002 +2.575421519e+002 +1.7781e+000 -1.8771e+000 -9.7720e-001 +2.5853e+000 +2.6215e-001
4953 +1.571765936e+001 +1.571765936e+001 +2.564276594e+002 +2.564276594e+002 +2.5435e+000 -2.4958e+000 -1.8254e+000 +1.1316e+000 +1.7678e+000
7018 +1.046241591e+001 +1.046241591e+001 +2.511724159e+002 +2.511724159e+002 +1.9367e+000 -2.4708e+000 -1.7722e+000 +1.5917e+000 +1.0418e+000
8355 +9.847890664e+000 +9.847890664e+000 +2.505578907e+002 +2.505578907e+002 +2.2191e+000 -1.9611e+000 -2.1591e+000 +2.4505e+000 +1.1029e+000
10010 +9.635736945e+000 +9.635736945e+000 +2.503457369e+002 +2.503457369e+002 +1.5050e+000 -9.2459e-001 -1.7371e+000 +2.0062e+000 +1.1309e+000
10091 +9.507079655e+000 +9.507079655e+000 +2.502170797e+002 +2.502170797e+002 +1.5119e+000 -9.2533e-001 -1.7398e+000 +1.9997e+000 +1.1270e+000
10120 +9.243968766e+000 +9.243968766e+000 +2.499539688e+002 +2.499539688e+002 +1.4953e+000 -9.2541e-001 -1.7252e+000 +2.0063e+000 +1.1280e+000
10142 +9.028985665e+000 +9.028985665e+000 +2.497389857e+002 +2.497389857e+002 +1.4915e+000 -9.2162e-001 -1.7268e+000 +2.0062e+000 +1.1278e+000
10154 +8.158539536e+000 +8.158539536e+000 +2.488685395e+002 +2.488685395e+002 +1.4943e+000 -9.2083e-001 -1.7356e+000 +2.0094e+000 +1.1221e+000
10252 +8.031922540e+000 +8.031922540e+000 +2.487419225e+002 +2.487419225e+002 +1.4972e+000 -9.1487e-001 -1.7400e+000 +2.0116e+000 +1.1251e+000
10307 +7.896902490e+000 +7.896902490e+000 +2.486069025e+002 +2.486069025e+002 +1.4776e+000 -9.0768e-001 -1.7318e+000 +2.0169e+000 +1.1241e+000
10374 +7.728304616e+000 +7.728304616e+000 +2.484383046e+002 +2.484383046e+002 +1.4901e+000 -9.1240e-001 -1.7360e+000 +2.0149e+000 +1.1242e+000
10442 +7.474606395e+000 +7.474606395e+000 +2.481846064e+002 +2.481846064e+002 +1.4833e+000 -9.1370e-001 -1.7285e+000 +2.0150e+000 +1.1227e+000
10744 +7.391148976e+000 +7.391148976e+000 +2.481011490e+002 +2.481011490e+002 +1.4864e+000 -9.0976e-001 -1.7336e+000 +2.0141e+000 +1.1227e+000
11028 +7.225418131e+000 +7.225418131e+000 +2.479354181e+002 +2.479354181e+002 +1.4835e+000 -9.0927e-001 -1.7324e+000 +2.0155e+000 +1.1210e+000
11770 +7.079087374e+000 +7.079087374e+000 +2.477890874e+002 +2.477890874e+002 +1.4811e+000 -9.1005e-001 -1.7307e+000 +2.0170e+000 +1.1172e+000
% function evaluation | noise-free fitness - Fopt (-2.707900000000e+002) | best noise-free fitness - Fopt | measured fitness | best measured fitness | x1 | x2...
1 +7.023862490e+001 +7.023862490e+001 -2.005513751e+002 -2.005513751e+002 +0.0000e+000 +0.0000e+000 +0.0000e+000 +0.0000e+000 +0.0000e+000
103 +5.383331141e+001 +5.383331141e+001 -2.169566886e+002 -2.169566886e+002 -2.6412e+000 +1.7976e+000 -4.6179e+000 +2.4392e+000 -4.4938e+000
158 +3.991096265e+001 +3.991096265e+001 -2.308790374e+002 -2.308790374e+002 -2.6136e+000 +1.8549e+000 -4.4678e+000 +2.6780e+000 -4.1236e+000
272 +3.603044369e+001 +3.603044369e+001 -2.347595563e+002 -2.347595563e+002 -2.5926e+000 +1.0532e+000 -4.2538e+000 +2.1791e+000 -2.2631e+000
304 +3.289205434e+001 +3.289205434e+001 -2.378979457e+002 -2.378979457e+002 -3.2228e+000 +1.6522e+000 -3.9371e+000 +2.6813e+000 -2.2083e+000
377 +2.792803612e+001 +2.792803612e+001 -2.428619639e+002 -2.428619639e+002 -2.2181e+000 +2.0040e+000 -2.2858e+000 +2.7102e+000 -2.5047e+000
401 +2.542971330e+001 +2.542971330e+001 -2.453602867e+002 -2.453602867e+002 -2.1525e+000 +1.8273e+000 -2.2861e+000 +2.2267e+000 -1.8879e+000
484 +1.756922392e+001 +1.756922392e+001 -2.532207761e+002 -2.532207761e+002 -2.1545e+000 +2.0807e+000 -2.3378e+000 +2.8225e+000 -2.1184e+000
1294 +1.629663832e+001 +1.629663832e+001 -2.544933617e+002 -2.544933617e+002 -2.4187e+000 +2.2143e+000 -1.1619e+000 +2.9208e+000 -2.1616e+000
1623 +1.294202062e+001 +1.294202062e+001 -2.578479794e+002 -2.578479794e+002 -2.2831e+000 +1.7633e+000 -9.6358e-001 +3.0419e+000 -1.3746e+000
2104 +1.250845336e+001 +1.250845336e+001 -2.582815466e+002 -2.582815466e+002 -2.2072e+000 +1.6245e+000 -9.0215e-001 +2.9987e+000 -1.6170e+000
2403 +1.211106457e+001 +1.211106457e+001 -2.586789354e+002 -2.586789354e+002 -2.2210e+000 +1.6251e+000 -9.0056e-001 +2.9973e+000 -1.6205e+000
2404 +1.068637566e+001 +1.068637566e+001 -2.601036243e+002 -2.601036243e+002 -2.2213e+000 +1.6389e+000 -9.0514e-001 +3.0150e+000 -1.6234e+000
2571 +1.045318895e+001 +1.045318895e+001 -2.603368111e+002 -2.603368111e+002 -2.2160e+000 +1.6441e+000 -9.0098e-001 +3.0180e+000 -1.6223e+000
2966 +1.023192261e+001 +1.023192261e+001 -2.605580774e+002 -2.605580774e+002 -2.2155e+000 +1.6437e+000 -9.0368e-001 +3.0178e+000 -1.6237e+000
3245 +9.984838521e+000 +9.984838521e+000 -2.608051615e+002 -2.608051615e+002 -2.2127e+000 +1.6473e+000 -9.0223e-001 +3.0204e+000 -1.6256e+000
3564 +9.755462569e+000 +9.755462569e+000 -2.610345374e+002 -2.610345374e+002 -2.2050e+000 +1.6522e+000 -9.0207e-001 +3.0232e+000 -1.6264e+000
% function evaluation | noise-free fitness - Fopt (2.612000000000e+001) | best noise-free fitness - Fopt | measured fitness | best measured fitness | x1 | x2...
1 +7.969886865e+001 +7.969886865e+001 +1.058188687e+002 +1.058188687e+002 +0.0000e+000 +0.0000e+000 +0.0000e+000 +0.0000e+000 +0.0000e+000
253 +3.692014579e+001 +3.692014579e+001 +6.304014579e+001 +6.304014579e+001 +1.2757e+000 -1.9854e+000 +1.2617e+000 -7.3340e-001 -1.9264e+000
498 +3.579391987e+001 +3.579391987e+001 +6.191391987e+001 +6.191391987e+001 -1.2042e+000 +2.4336e+000 -2.6160e+000 +4.6425e-001 +9.4424e-002
550 +2.949782260e+001 +2.949782260e+001 +5.561782260e+001 +5.561782260e+001 -1.8771e+000 +2.0297e+000 -2.1697e+000 +1.5070e+000 +1.4083e+000
574 +2.761145859e+001 +2.761145859e+001 +5.373145859e+001 +5.373145859e+001 -2.6353e+000 +8.9494e-001 -1.7350e+000 +1.7341e+000 +2.3503e+000
657 +2.302216884e+001 +2.302216884e+001 +4.914216884e+001 +4.914216884e+001 -2.7380e+000 +6.2925e-001 -2.5860e+000 +9.7376e-001 +7.5411e-001
1141 +2.132773018e+001 +2.132773018e+001 +4.744773018e+001 +4.744773018e+001 -7.9524e-001 +1.1944e+000 -1.9801e+000 +1.5972e+000 +9.4893e-001
1554 +1.926457198e+001 +1.926457198e+001 +4.538457198e+001 +4.538457198e+001 -1.1367e+000 +1.7483e+000 -3.0433e+000 +1.6002e+000 +2.0398e+000
1883 +1.094963059e+001 +1.094963059e+001 +3.706963059e+001 +3.706963059e+001 -1.3733e+000 +2.1818e+000 -2.2076e+000 +1.7036e+000 +1.1197e+000
4469 +1.012870054e+001 +1.012870054e+001 +3.624870054e+001 +3.624870054e+001 -2.1437e+000 +1.6480e+000 -1.9445e+000 +1.4227e+000 +2.1972e+000
14753 +7.807525596e+000 +7.807525596e+000 +3.392752560e+001 +3.392752560e+001 -6.9735e-001 +1.9951e+000 -1.7308e+000 +1.5738e+000 +1.3252e+000
16613 +7.715504408e+000 +7.715504408e+000 +3.383550441e+001 +3.383550441e+001 -6.3040e-001 +1.9544e+000 -1.7607e+000 +1.6247e+000 +1.2914e+000
17119 +7.583755544e+000 +7.583755544e+000 +3.370375554e+001 +3.370375554e+001 -6.2625e-001 +1.9481e+000 -1.7614e+000 +1.6274e+000 +1.2912e+000
% function evaluation | noise-free fitness - Fopt (-6.252000000000e+001) | best noise-free fitness - Fopt | measured fitness | best measured fitness | x1 | x2...
1 +9.628387555e+001 +9.628387555e+001 +3.376387555e+001 +3.376387555e+001 +0.0000e+000 +0.0000e+000 +0.0000e+000 +0.0000e+000 +0.0000e+000
210 +8.898231820e+001 +8.898231820e+001 +2.646231820e+001 +2.646231820e+001 -3.1479e+000 +4.1058e+000 +2.4826e+000 +1.5850e-001 -2.8246e+000
226 +8.454894259e+001 +8.454894259e+001 +2.202894259e+001 +2.202894259e+001 -2.6451e+000 +4.2513e+000 +2.3634e+000 +4.4537e-001 -2.6964e+000
249 +8.202869110e+001 +8.202869110e+001 +1.950869110e+001 +1.950869110e+001 -2.3740e+000 +4.1196e+000 +2.5446e+000 +1.3460e-001 -3.2361e+000
296 +7.775878636e+001 +7.775878636e+001 +1.523878636e+001 +1.523878636e+001 -1.6755e+000 +4.1353e+000 +2.3471e+000 +6.2397e-002 -2.5956e+000
299 +7.676125861e+001 +7.676125861e+001 +1.424125861e+001 +1.424125861e+001 -2.4013e+000 +3.9098e+000 +2.3537e+000 -8.4630e-001 -3.0007e+000
341 +7.232037479e+001 +7.232037479e+001 +9.800374792e+000 +9.800374792e+000 -1.9253e+000 +3.5428e+000 +2.4527e+000 -9.1642e-001 -2.6608e+000
362 +6.480256922e+001 +6.480256922e+001 +2.282569215e+000 +2.282569215e+000 -1.7119e+000 +3.5768e+000 +2.1675e+000 +2.1650e-001 -2.6755e+000
399 +5.929478637e+001 +5.929478637e+001 -3.225213628e+000 -3.225213628e+000 -1.5812e+000 +3.1728e+000 +2.5262e+000 -7.1727e-001 -3.1816e+000
412 +5.265373522e+001 +5.265373522e+001 -9.866264785e+000 -9.866264785e+000 -1.6410e+000 +3.5393e+000 +1.7691e+000 -8.9346e-001 -3.0345e+000
420 +5.192436628e+001 +5.192436628e+001 -1.059563372e+001 -1.059563372e+001 -1.2084e+000 +3.5388e+000 +2.0910e+000 -9.7391e-001 -2.9218e+000
500 +3.239819158e+001 +3.239819158e+001 -3.012180842e+001 -3.012180842e+001 -2.3219e+000 +1.7462e+000 +1.1733e+000 +1.7218e-001 -3.2799e+000
552 +3.216220097e+001 +3.216220097e+001 -3.035779903e+001 -3.035779903e+001 -1.5848e+000 +9.5153e-001 +1.8453e+000 -1.7052e+000 -2.6189e+000
839 +2.326764252e+001 +2.326764252e+001 -3.925235748e+001 -3.925235748e+001 -7.1731e-001 +1.6491e+000 +9.3922e-001 -1.3787e+000 -1.9584e+000
927 +2.135720981e+001 +2.135720981e+001 -4.116279019e+001 -4.116279019e+001 -1.3423e+000 +1.6227e+000 +9.7422e-001 -1.8570e+000 -6.2176e-001
968 +1.626186193e+001 +1.626186193e+001 -4.625813807e+001 -4.625813807e+001 -1.5919e+000 +1.8912e+000 +1.0370e+000 -9.1472e-001 -9.7968e-001
1202 +8.997895923e+000 +8.997895923e+000 -5.352210408e+001 -5.352210408e+001 -1.2547e+000 +2.1506e+000 +2.7531e-001 -6.7662e-001 -1.1563e+000
1807 +8.153116052e+000 +8.153116052e+000 -5.436688395e+001 -5.436688395e+001 -2.1237e+000 +1.2893e+000 +1.2233e+000 -1.2282e+000 -1.5812e+000
6130 +6.925136878e+000 +6.925136878e+000 -5.559486312e+001 -5.559486312e+001 -1.8267e+000 +1.4757e+000 +7.7012e-001 -9.1156e-001 -1.5494e+000
9515 +6.557927715e+000 +6.557927715e+000 -5.596207228e+001 -5.596207228e+001 -5.8103e-001 +1.0942e+000 +7.5728e-001 -1.1262e+000 -1.2953e+000
14022 +6.082451129e+000 +6.082451129e+000 -5.643754887e+001 -5.643754887e+001 -9.6558e-001 +1.1931e+000 +1.2097e+000 -6.2149e-001 -1.2102e+000
14102 +5.867686788e+000 +5.867686788e+000 -5.665231321e+001 -5.665231321e+001 -9.7876e-001 +1.1787e+000 +1.2118e+000 -6.5026e-001 -1.2267e+000
14124 +5.648742753e+000 +5.648742753e+000 -5.687125725e+001 -5.687125725e+001 -9.7499e-001 +1.1800e+000 +1.2065e+000 -6.4957e-001 -1.2289e+000
14146 +5.316501053e+000 +5.316501053e+000 -5.720349895e+001 -5.720349895e+001 -9.7417e-001 +1.1733e+000 +1.2043e+000 -6.6130e-001 -1.2224e+000
14168 +5.000716752e+000 +5.000716752e+000 -5.751928325e+001 -5.751928325e+001 -9.7364e-001 +1.1758e+000 +1.2072e+000 -6.5387e-001 -1.2200e+000
14228 +4.878413005e+000 +4.878413005e+000 -5.764158700e+001 -5.764158700e+001 -9.6897e-001 +1.1742e+000 +1.2026e+000 -6.5611e-001 -1.2101e+000
14371 +4.748438609e+000 +4.748438609e+000 -5.777156139e+001 -5.777156139e+001 -9.7012e-001 +1.1785e+000 +1.2076e+000 -6.5124e-001 -1.2201e+000
14396 +4.520043936e+000 +4.520043936e+000 -5.799995606e+001 -5.799995606e+001 -9.6984e-001 +1.1786e+000 +1.2059e+000 -6.5042e-001 -1.2148e+000
14456 +4.326009126e+000 +4.326009126e+000 -5.819399087e+001 -5.819399087e+001 -9.6795e-001 +1.1810e+000 +1.2045e+000 -6.4985e-001 -1.2168e+000
14480 +4.238279079e+000 +4.238279079e+000 -5.828172092e+001 -5.828172092e+001 -9.6605e-001 +1.1783e+000 +1.2046e+000 -6.4828e-001 -1.2195e+000
14538 +4.167120143e+000 +4.167120143e+000 -5.835287986e+001 -5.835287986e+001 -9.6703e-001 +1.1818e+000 +1.2050e+000 -6.4497e-001 -1.2174e+000
14542 +4.029885191e+000 +4.029885191e+000 -5.849011481e+001 -5.849011481e+001 -9.6527e-001 +1.1800e+000 +1.2052e+000 -6.4758e-001 -1.2169e+000
14562 +3.942757292e+000 +3.942757292e+000 -5.857724271e+001 -5.857724271e+001 -9.6062e-001 +1.1779e+000 +1.2029e+000 -6.5143e-001 -1.2198e+000
14577 +3.876687939e+000 +3.876687939e+000 -5.864331206e+001 -5.864331206e+001 -9.6313e-001 +1.1842e+000 +1.2023e+000 -6.4404e-001 -1.2147e+000
14586 +3.801725948e+000 +3.801725948e+000 -5.871827405e+001 -5.871827405e+001 -9.6377e-001 +1.1806e+000 +1.2032e+000 -6.4704e-001 -1.2157e+000
14632 +3.404962826e+000 +3.404962826e+000 -5.911503717e+001 -5.911503717e+001 -9.5715e-001 +1.1796e+000 +1.2005e+000 -6.4993e-001 -1.2101e+000
14674 +3.270063651e+000 +3.270063651e+000 -5.924993635e+001 -5.924993635e+001 -9.5758e-001 +1.1799e+000 +1.2002e+000 -6.4754e-001 -1.2123e+000
14679 +3.040743597e+000 +3.040743597e+000 -5.947925640e+001 -5.947925640e+001 -9.5152e-001 +1.1813e+000 +1.1987e+000 -6.4565e-001 -1.2123e+000
14711 +2.711959620e+000 +2.711959620e+000 -5.980804038e+001 -5.980804038e+001 -9.4972e-001 +1.1825e+000 +1.1988e+000 -6.4149e-001 -1.2029e+000
14740 +2.689272535e+000 +2.689272535e+000 -5.983072747e+001 -5.983072747e+001 -9.4992e-001 +1.1810e+000 +1.1983e+000 -6.4160e-001 -1.2043e+000
14806 +2.601917841e+000 +2.601917841e+000 -5.991808216e+001 -5.991808216e+001 -9.4577e-001 +1.1803e+000 +1.1985e+000 -6.4038e-001 -1.2014e+000
14808 +2.253439978e+000 +2.253439978e+000 -6.026656002e+001 -6.026656002e+001 -9.3769e-001 +1.1823e+000 +1.1928e+000 -6.3972e-001 -1.2007e+000
14879 +2.177411349e+000 +2.177411349e+000 -6.034258865e+001 -6.034258865e+001 -9.3437e-001 +1.1834e+000 +1.1902e+000 -6.3839e-001 -1.1946e+000
14894 +2.109904014e+000 +2.109904014e+000 -6.041009599e+001 -6.041009599e+001 -9.3586e-001 +1.1812e+000 +1.1930e+000 -6.3957e-001 -1.1977e+000
15088 +2.055999115e+000 +2.055999115e+000 -6.046400089e+001 -6.046400089e+001 -9.3287e-001 +1.1806e+000 +1.1910e+000 -6.4139e-001 -1.1939e+000
15224 +2.038814639e+000 +2.038814639e+000 -6.048118536e+001 -6.048118536e+001 -9.3314e-001 +1.1821e+000 +1.1919e+000 -6.3684e-001 -1.1928e+000
15356 +1.991095339e+000 +1.991095339e+000 -6.052890466e+001 -6.052890466e+001 -9.3085e-001 +1.1819e+000 +1.1909e+000 -6.3771e-001 -1.1922e+000
% function evaluation | noise-free fitness - Fopt (-2.438600000000e+002) | best noise-free fitness - Fopt | measured fitness | best measured fitness | x1 | x2...
1 +6.214432870e+001 +6.214432870e+001 -1.817156713e+002 -1.817156713e+002 +0.0000e+000 +0.0000e+000 +0.0000e+000 +0.0000e+000 +0.0000e+000
417 +5.897760471e+001 +5.897760471e+001 -1.848823953e+002 -1.848823953e+002 -2.9858e-001 +1.7562e+000 -4.3133e-002 -4.3019e+000 +1.3863e+000
478 +5.406905800e+001 +5.406905800e+001 -1.897909420e+002 -1.897909420e+002 -8.2611e-001 +2.8807e+000 -3.6227e-001 -3.3842e+000 +1.4861e+000
483 +5.153882151e+001 +5.153882151e+001 -1.923211785e+002 -1.923211785e+002 +1.1264e-001 +2.2697e+000 +3.2246e-001 -3.6868e+000 +1.3989e+000
490 +4.707079441e+001 +4.707079441e+001 -1.967892056e+002 -1.967892056e+002 -6.1185e-001 +2.5081e+000 +1.2464e+000 -3.7112e+000 +2.0004e+000
562 +3.659891418e+001 +3.659891418e+001 -2.072610858e+002 -2.072610858e+002 -9.5540e-001 +1.6044e+000 +6.1196e-001 -2.3619e+000 +1.2116e+000
575 +3.266528202e+001 +3.266528202e+001 -2.111947180e+002 -2.111947180e+002 -1.3947e+000 +9.6891e-001 -3.4529e-001 -2.4563e+000 +1.6046e+000
605 +3.001565362e+001 +3.001565362e+001 -2.138443464e+002 -2.138443464e+002 -1.2325e+000 +1.5769e+000 +1.8896e+000 -1.5251e+000 +1.2452e+000
713 +2.855849456e+001 +2.855849456e+001 -2.153015054e+002 -2.153015054e+002 -1.0269e+000 +2.0982e+000 +1.6126e+000 -1.2149e+000 +1.5070e+000
731 +2.708195771e+001 +2.708195771e+001 -2.167780423e+002 -2.167780423e+002 -1.2192e+000 +1.0485e+000 +1.3442e+000 -1.1117e+000 +1.0035e+000
789 +2.188218095e+001 +2.188218095e+001 -2.219778190e+002 -2.219778190e+002 -1.9852e+000 +1.7714e+000 +1.3239e+000 -8.4197e-001 +1.0892e+000
806 +1.554037868e+001 +1.554037868e+001 -2.283196213e+002 -2.283196213e+002 -1.6304e+000 +4.3711e-001 +1.2022e+000 -1.2424e-002 +1.1975e+000
1073 +1.494786908e+001 +1.494786908e+001 -2.289121309e+002 -2.289121309e+002 -1.1437e+000 +7.8796e-001 +1.0364e+000 -1.3048e+000 +1.7417e+000
1522 +1.154675108e+001 +1.154675108e+001 -2.323132489e+002 -2.323132489e+002 -1.4064e+000 +9.2820e-001 +7.8758e-001 -1.3908e+000 +7.4377e-001
2934 +9.117623064e+000 +9.117623064e+000 -2.347423769e+002 -2.347423769e+002 -1.0669e+000 +1.1133e+000 +6.4750e-001 -1.2594e+000 +1.1505e+000
3878 +8.145362229e+000 +8.145362229e+000 -2.357146378e+002 -2.357146378e+002 -1.2997e+000 +1.0430e+000 +7.2125e-001 -1.3860e+000 +1.3267e+000
4039 +7.703931751e+000 +7.703931751e+000 -2.361560682e+002 -2.361560682e+002 -1.2939e+000 +1.1293e+000 +6.8575e-001 -1.3923e+000 +1.2453e+000
4067 +7.340594055e+000 +7.340594055e+000 -2.365194059e+002 -2.365194059e+002 -1.2868e+000 +1.1295e+000 +6.6376e-001 -1.3987e+000 +1.2550e+000
4234 +4.350841352e+000 +4.350841352e+000 -2.395091586e+002 -2.395091586e+002 -1.3206e+000 +1.1083e+000 +6.2215e-001 -1.3287e+000 +1.3019e+000
4312 +3.285232925e+000 +3.285232925e+000 -2.405747671e+002 -2.405747671e+002 -1.3320e+000 +1.1101e+000 +6.2702e-001 -1.3286e+000 +1.2961e+000
4338 +2.745611568e+000 +2.745611568e+000 -2.411143884e+002 -2.411143884e+002 -1.3463e+000 +1.1363e+000 +6.4195e-001 -1.3296e+000 +1.3023e+000
4351 +2.645534504e+000 +2.645534504e+000 -2.412144655e+002 -2.412144655e+002 -1.3362e+000 +1.1124e+000 +6.2441e-001 -1.3244e+000 +1.2976e+000
4356 +2.443661851e+000 +2.443661851e+000 -2.414163381e+002 -2.414163381e+002 -1.3321e+000 +1.1130e+000 +6.2660e-001 -1.3272e+000 +1.2977e+000
4378 +2.103066588e+000 +2.103066588e+000 -2.417569334e+002 -2.417569334e+002 -1.3389e+000 +1.1149e+000 +6.3030e-001 -1.3240e+000 +1.2946e+000
4500 +2.000235097e+000 +2.000235097e+000 -2.418597649e+002 -2.418597649e+002 -1.3426e+000 +1.1213e+000 +6.3263e-001 -1.3271e+000 +1.2914e+000
4510 +1.804183120e+000 +1.804183120e+000 -2.420558169e+002 -2.420558169e+002 -1.3428e+000 +1.1245e+000 +6.3417e-001 -1.3278e+000 +1.2935e+000
4518 +1.682916449e+000 +1.682916449e+000 -2.421770836e+002 -2.421770836e+002 -1.3480e+000 +1.1290e+000 +6.4489e-001 -1.3268e+000 +1.2972e+000
4554 +1.652137462e+000 +1.652137462e+000 -2.422078625e+002 -2.422078625e+002 -1.3456e+000 +1.1262e+000 +6.4170e-001 -1.3266e+000 +1.2966e+000
5016 +1.618001020e+000 +1.618001020e+000 -2.422419990e+002 -2.422419990e+002 -1.3449e+000 +1.1272e+000 +6.4076e-001 -1.3274e+000 +1.2971e+000
% function evaluation | noise-free fitness - Fopt (-9.475000000000e+002) | best noise-free fitness - Fopt | measured fitness | best measured fitness | x1 | x2...
1 +9.621206697e+001 +9.621206697e+001 -8.512879330e+002 -8.512879330e+002 +0.0000e+000 +0.0000e+000 +0.0000e+000 +0.0000e+000 +0.0000e+000
4 +8.488195294e+001 +8.488195294e+001 -8.626180471e+002 -8.626180471e+002 -1.2566e+000 +6.9963e-001 +2.2205e+000 -3.3730e-001 +1.2333e+000
5 +7.075346479e+001 +7.075346479e+001 -8.767465352e+002 -8.767465352e+002 -1.0405e+000 +6.5623e-001 +2.3434e+000 -1.6344e-001 +1.1452e+000
19 +6.587353125e+001 +6.587353125e+001 -8.816264688e+002 -8.816264688e+002 -1.2837e+000 +8.8859e-001 +2.5573e+000 -2.0015e-001 +1.1873e+000
25 +6.157203732e+001 +6.157203732e+001 -8.859279627e+002 -8.859279627e+002 -1.3023e+000 +9.2700e-001 +2.2283e+000 -2.8837e-001 +1.1757e+000
37 +5.538428519e+001 +5.538428519e+001 -8.921157148e+002 -8.921157148e+002 -1.3375e+000 +6.8282e-001 +2.3096e+000 -3.4929e-001 +1.0427e+000
60 +4.838536914e+001 +4.838536914e+001 -8.991146309e+002 -8.991146309e+002 -1.5204e+000 +8.7004e-001 +2.1457e+000 -1.2740e-001 +1.0408e+000
352 +4.631391153e+001 +4.631391153e+001 -9.011860885e+002 -9.011860885e+002 -1.4047e+000 +8.6380e-001 +1.8119e+000 -5.6754e-001 +1.0925e+000
528 +4.361697199e+001 +4.361697199e+001 -9.038830280e+002 -9.038830280e+002 -1.3481e+000 +7.2952e-001 +1.7333e+000 -6.5793e-001 +1.1027e+000
669 +4.241251280e+001 +4.241251280e+001 -9.050874872e+002 -9.050874872e+002 -1.3742e+000 +7.4099e-001 +1.8007e+000 -7.2898e-001 +1.2041e+000
818 +4.020596826e+001 +4.020596826e+001 -9.072940317e+002 -9.072940317e+002 -1.1900e+000 +4.5524e-001 +1.5075e+000 -6.8447e-001 +9.8055e-001
966 +3.100630916e+001 +3.100630916e+001 -9.164936908e+002 -9.164936908e+002 -1.2151e+000 +8.6077e-001 +1.3622e+000 -7.4978e-001 +1.1199e+000
1763 +2.962758050e+001 +2.962758050e+001 -9.178724195e+002 -9.178724195e+002 -1.2249e+000 +8.8780e-001 +1.2918e+000 -6.4077e-001 +1.0838e+000
1826 +2.936968976e+001 +2.936968976e+001 -9.181303102e+002 -9.181303102e+002 -1.2164e+000 +8.9087e-001 +1.2885e+000 -6.4851e-001 +1.0842e+000
1905 +2.868782109e+001 +2.868782109e+001 -9.188121789e+002 -9.188121789e+002 -1.2095e+000 +8.8439e-001 +1.2924e+000 -6.3885e-001 +1.0883e+000
2014 +2.785793304e+001 +2.785793304e+001 -9.196420670e+002 -9.196420670e+002 -1.2121e+000 +8.7702e-001 +1.2814e+000 -6.3766e-001 +1.0885e+000
2077 +2.705379350e+001 +2.705379350e+001 -9.204462065e+002 -9.204462065e+002 -1.2019e+000 +8.7587e-001 +1.2810e+000 -6.3948e-001 +1.0891e+000
2156 +2.681120237e+001 +2.681120237e+001 -9.206887976e+002 -9.206887976e+002 -1.1994e+000 +8.7289e-001 +1.2783e+000 -6.3684e-001 +1.0901e+000
2200 +2.623616477e+001 +2.623616477e+001 -9.212638352e+002 -9.212638352e+002 -1.1906e+000 +8.7284e-001 +1.2713e+000 -6.3572e-001 +1.0896e+000
2398 +2.560607080e+001 +2.560607080e+001 -9.218939292e+002 -9.218939292e+002 -1.1864e+000 +8.6346e-001 +1.2567e+000 -6.3043e-001 +1.0877e+000
13851 +2.416642133e+001 +2.416642133e+001 -9.233335787e+002 -9.233335787e+002 -1.9908e+000 +3.6182e-001 -3.7829e+000 -3.1470e+000 +3.6517e-001
