% function evaluation | noise-free fitness - Fopt (-4.620900000000e+02) | best noise-free fitness - Fopt | measured fitness | best measured fitness | x1 | x2...
1 +2.262090927e+02 +2.262090927e+02 -2.358809073e+02 -2.358809073e+02 +0.0000e+00 +0.0000e+00 +0.0000e+00 +0.0000e+00 +0.0000e+00 +0.0000e+00 +0.0000e+00 +0.0000e+00 +0.0000e+00 +0.0000e+00
266 +1.878825456e+02 +1.878825456e+02 -2.742074544e+02 -2.742074544e+02 +3.3179e-01 +1.4289e+00 -1.6443e+00 +7.8766e-01 -4.7721e-01 +2.6737e+00 +4.5417e-01 +2.2586e+00 -4.5015e-01 -9.8361e-01
334 +1.657322310e+02 +1.657322310e+02 -2.963577690e+02 -2.963577690e+02 +4.0775e-01 +2.3964e+00 -1.3229e+00 +8.7591e-01 +4.9370e-01 +2.2524e+00 +1.8946e-01 +2.2270e+00 -7.0803e-01 -1.6578e-01
390 +1.455403339e+02 +1.455403339e+02 -3.165496661e+02 -3.165496661e+02 +2.8368e-01 +2.3392e+00 -1.4264e+00 +1.3261e+00 -8.2650e-02 +1.7867e+00 +1.0194e-01 +2.3410e+00 +6.1920e-02 -2.5999e-01
443 +1.337131732e+02 +1.337131732e+02 -3.283768268e+02 -3.283768268e+02 +3.5764e-01 +2.1193e+00 -1.8657e+00 +1.3420e+00 +1.5493e-01 +2.1868e+00 +1.7838e-01 +1.6693e+00 +1.7220e+00 +6.4767e-01
450 +1.252115253e+02 +1.252115253e+02 -3.368784747e+02 -3.368784747e+02 +3.6016e-01 +2.0911e+00 -9.8986e-01 +1.9624e+00 -7.5120e-01 +2.1274e+00 +1.1538e+00 +2.1960e+00 +8.1227e-01 +9.6649e-01
462 +1.099747863e+02 +1.099747863e+02 -3.521152137e+02 -3.521152137e+02 +3.6029e-01 +2.2635e+00 -1.0667e+00 +1.4668e+00 +4.2835e-01 +2.2967e+00 +1.0359e+00 +2.1475e+00 +7.9250e-01 +4.1393e-01
477 +9.839150358e+01 +9.839150358e+01 -3.636984964e+02 -3.636984964e+02 +3.4930e-01 +2.6487e+00 -6.8223e-02 +1.3598e+00 +5.9266e-01 +2.0521e+00 +1.2125e+00 +1.4483e+00 +8.2362e-01 +3.3380e-01
575 +9.377902825e+01 +9.377902825e+01 -3.683109717e+02 -3.683109717e+02 -1.5695e-02 +2.2426e+00 -4.5159e-01 +2.0515e+00 +7.6151e-01 +2.6836e+00 +7.9794e-01 +1.7442e+00 +1.0451e+00 +2.0503e-02
799 +9.059959877e+01 +9.059959877e+01 -3.714904012e+02 -3.714904012e+02 +4.9090e-01 +3.3900e+00 -9.7483e-01 +1.8442e+00 +5.7759e-01 +2.6093e+00 +2.0643e+00 +2.7421e+00 +1.7862e+00 -2.9415e-01
831 +8.662914797e+01 +8.662914797e+01 -3.754608520e+02 -3.754608520e+02 +2.9592e-01 +3.3963e+00 -9.8064e-01 +9.2237e-01 +1.6293e+00 +2.1836e+00 +1.2993e+00 +2.4946e+00 +1.7920e+00 -3.3495e-01
900 +7.070591459e+01 +7.070591459e+01 -3.913840854e+02 -3.913840854e+02 +3.0354e-01 +2.9113e+00 -2.3841e+00 +6.4397e-01 +1.6697e+00 +1.5103e+00 +2.1276e+00 +2.2147e+00 +1.4453e+00 +4.3215e-01
957 +6.806206805e+01 +6.806206805e+01 -3.940279319e+02 -3.940279319e+02 +1.3475e+00 +1.4116e+00 -8.5418e-01 -9.4428e-02 +3.8687e-01 +2.1470e+00 +1.9921e+00 +2.9609e+00 +1.4609e+00 +7.2081e-01
1221 +6.739390616e+01 +6.739390616e+01 -3.946960938e+02 -3.946960938e+02 +4.0614e-01 +2.3312e+00 -1.6504e-01 -6.9954e-03 +1.3259e+00 +1.7444e+00 +2.0639e+00 +2.6514e+00 +1.6682e+00 +1.0199e-01
1318 +6.074977713e+01 +6.074977713e+01 -4.013402229e+02 -4.013402229e+02 +3.2348e-01 +3.1002e+00 -2.6386e-02 +9.0772e-02 +1.6186e+00 +1.1589e+00 +1.9747e+00 +2.5152e+00 +1.1142e+00 +9.6980e-02
1485 +5.807163851e+01 +5.807163851e+01 -4.040183615e+02 -4.040183615e+02 +5.4805e-01 +2.2886e+00 -4.0893e-01 +6.9792e-02 +1.5521e+00 +1.5862e+00 +1.2984e+00 +2.5805e+00 +1.0353e+00 -6.5208e-01
1606 +5.513460979e+01 +5.513460979e+01 -4.069553902e+02 -4.069553902e+02 +3.5437e-01 +2.3726e+00 -2.8803e-01 -5.4416e-02 +1.2555e+00 +1.6914e+00 +1.5224e+00 +2.5816e+00 +1.4384e+00 -5.9350e-01
1920 +5.323185293e+01 +5.323185293e+01 -4.088581471e+02 -4.088581471e+02 +3.5508e-01 +2.3185e+00 -6.3646e-02 +7.5255e-03 +1.1519e+00 +1.5758e+00 +1.5820e+00 +2.3752e+00 +1.4977e+00 -2.3200e-01
2002 +4.987360136e+01 +4.987360136e+01 -4.122163986e+02 -4.122163986e+02 +3.7652e-01 +2.2998e+00 -1.7706e-01 -1.4090e-01 +1.6823e+00 +1.6965e+00 +1.5754e+00 +2.6161e+00 +1.5438e+00 -3.0059e-01
2024 +4.849945803e+01 +4.849945803e+01 -4.135905420e+02 -4.135905420e+02 +3.8123e-01 +2.3192e+00 -1.5059e-01 -1.9288e-02 +1.6436e+00 +1.7820e+00 +1.5813e+00 +2.5751e+00 +1.5734e+00 -2.3272e-01
2035 +4.478391080e+01 +4.478391080e+01 -4.173060892e+02 -4.173060892e+02 +3.4623e-01 +2.2952e+00 -1.7358e-01 -4.4025e-02 +1.4785e+00 +1.5608e+00 +1.6009e+00 +2.6626e+00 +1.4920e+00 -2.2437e-01
2046 +4.429414276e+01 +4.429414276e+01 -4.177958572e+02 -4.177958572e+02 +3.3491e-01 +2.3767e+00 -8.4711e-02 -3.8988e-02 +1.6669e+00 +1.7101e+00 +1.5865e+00 +2.5690e+00 +1.5020e+00 -1.6809e-01
2132 +3.911215540e+01 +3.911215540e+01 -4.229778446e+02 -4.229778446e+02 +4.3360e-01 +2.3328e+00 -1.9345e-01 +7.4883e-02 +1.6539e+00 +1.6326e+00 +1.6087e+00 +2.6021e+00 +1.5524e+00 -2.3051e-01
2174 +3.864656626e+01 +3.864656626e+01 -4.234434337e+02 -4.234434337e+02 +3.3410e-01 +2.3904e+00 -1.6448e-01 -4.0479e-02 +1.5631e+00 +1.6472e+00 +1.5706e+00 +2.6605e+00 +1.4074e+00 -2.7362e-01
2200 +3.163899827e+01 +3.163899827e+01 -4.304510017e+02 -4.304510017e+02 +3.7379e-01 +2.2828e+00 -1.4726e-01 -3.6828e-02 +1.6456e+00 +1.6428e+00 +1.5597e+00 +2.6764e+00 +1.4410e+00 -2.4549e-01
2244 +3.127404552e+01 +3.127404552e+01 -4.308159545e+02 -4.308159545e+02 +3.7084e-01 +2.3201e+00 -1.8656e-01 +8.9263e-03 +1.7402e+00 +1.6527e+00 +1.5796e+00 +2.6508e+00 +1.4233e+00 -2.6394e-01
2266 +2.899411353e+01 +2.899411353e+01 -4.330958865e+02 -4.330958865e+02 +3.7485e-01 +2.3717e+00 -1.3054e-01 -2.0764e-03 +1.6343e+00 +1.5958e+00 +1.5935e+00 +2.6504e+00 +1.4779e+00 -2.3777e-01
2288 +2.745777919e+01 +2.745777919e+01 -4.346322208e+02 -4.346322208e+02 +4.0234e-01 +2.3625e+00 -1.5521e-01 +2.0475e-02 +1.6747e+00 +1.6412e+00 +1.6072e+00 +2.6260e+00 +1.4873e+00 -2.7244e-01
2310 +2.449058278e+01 +2.449058278e+01 -4.375994172e+02 -4.375994172e+02 +3.7376e-01 +2.2982e+00 -1.3698e-01 +1.5258e-02 +1.6571e+00 +1.6421e+00 +1.6208e+00 +2.6351e+00 +1.4568e+00 -2.6087e-01
2530 +2.342396096e+01 +2.342396096e+01 -4.386660390e+02 -4.386660390e+02 +3.8137e-01 +2.2789e+00 -9.9689e-02 -1.0039e-02 +1.6622e+00 +1.6536e+00 +1.6074e+00 +2.5833e+00 +1.4576e+00 -2.5555e-01
2574 +2.279616653e+01 +2.279616653e+01 -4.392938335e+02 -4.392938335e+02 +3.6681e-01 +2.2757e+00 -1.2835e-01 -1.6820e-02 +1.6413e+00 +1.6433e+00 +1.6072e+00 +2.5891e+00 +1.4602e+00 -2.6096e-01
2640 +2.234552201e+01 +2.234552201e+01 -4.397444780e+02 -4.397444780e+02 +3.7779e-01 +2.3079e+00 -1.4583e-01 -5.3388e-03 +1.6560e+00 +1.6358e+00 +1.6059e+00 +2.5846e+00 +1.4599e+00 -2.5662e-01
% function evaluation | noise-free fitness - Fopt (7.766000000000e+01) | best noise-free fitness - Fopt | measured fitness | best measured fitness | x1 | x2...
1 +2.727873423e+02 +2.727873423e+02 +3.504473423e+02 +3.504473423e+02 +0.0000e+00 +0.0000e+00 +0.0000e+00 +0.0000e+00 +0.0000e+00 +0.0000e+00 +0.0000e+00 +0.0000e+00 +0.0000e+00 +0.0000e+00
223 +2.643893678e+02 +2.643893678e+02 +3.420493678e+02 +3.420493678e+02 +2.0199e+00 -2.4521e+00 -3.3057e-01 +2.5114e+00 -4.9626e-02 +3.6434e+00 -9.6121e-01 +2.6236e+00 -1.6212e+00 -3.3461e+00
235 +2.463209294e+02 +2.463209294e+02 +3.239809294e+02 +3.239809294e+02 +2.6092e+00 -2.4386e+00 -1.0723e+00 +4.0427e+00 -6.1436e-01 +4.3012e+00 -1.8419e-01 +2.0885e+00 +2.4353e-03 -2.3239e+00
246 +2.205257276e+02 +2.205257276e+02 +2.981857276e+02 +2.981857276e+02 -3.0791e-01 -1.3998e+00 +1.0080e+00 +2.6899e+00 -4.5461e-01 +1.6369e+00 -1.7670e+00 +2.0396e+00 -5.7320e-01 -3.3708e+00
261 +2.176616541e+02 +2.176616541e+02 +2.953216541e+02 +2.953216541e+02 -8.1182e-01 -2.3231e+00 +8.0241e-01 +2.7889e+00 -1.3933e+00 +1.1737e+00 -1.8530e+00 +2.3688e+00 -1.1495e+00 -2.8689e+00
286 +1.939271087e+02 +1.939271087e+02 +2.715871087e+02 +2.715871087e+02 +7.2155e-01 -1.6944e+00 +3.7939e-01 +3.4359e+00 -4.1143e-01 +8.0084e-02 -1.0866e+00 +2.0311e+00 -1.8995e+00 -3.9968e+00
330 +1.490552800e+02 +1.490552800e+02 +2.267152800e+02 +2.267152800e+02 -5.4095e-01 -1.2197e+00 -8.9736e-01 +3.0898e+00 -5.7664e-02 -6.2997e-01 -8.5891e-01 +5.9921e-01 -7.8560e-01 -4.1414e+00
352 +1.455167816e+02 +1.455167816e+02 +2.231767816e+02 +2.231767816e+02 +4.5660e-01 -5.6765e-01 -9.4807e-01 +2.6395e+00 -4.8677e-01 -1.2505e+00 -1.0080e+00 +8.3781e-01 -1.4456e+00 -4.1727e+00
449 +1.144028508e+02 +1.144028508e+02 +1.920628508e+02 +1.920628508e+02 +4.5369e-01 +1.1566e-01 -7.5225e-01 +2.0862e+00 +6.4110e-01 -1.1239e+00 +2.1543e-01 -8.4373e-02 -8.1218e-01 -3.0735e+00
514 +1.102450696e+02 +1.102450696e+02 +1.879050696e+02 +1.879050696e+02 -2.7685e+00 -3.4083e+00 +4.5066e-01 +2.6054e+00 +1.6754e+00 -1.9571e+00 -2.8729e-01 +5.0994e-02 -1.0283e+00 -3.8990e+00
779 +9.930121622e+01 +9.930121622e+01 +1.769612162e+02 +1.769612162e+02 +3.1330e-01 -7.6437e-01 -1.8732e+00 +1.7647e+00 +2.3360e+00 -1.0337e+00 -7.0254e-01 -6.5510e-01 -8.2922e-01 -3.8532e+00
852 +8.167946284e+01 +8.167946284e+01 +1.593394628e+02 +1.593394628e+02 +3.6687e-01 -1.6352e+00 -1.5800e-01 +2.6031e+00 +2.5742e+00 -2.5191e-01 +6.1417e-01 +3.7724e-01 -1.7794e-01 -3.2788e+00
933 +7.725748662e+01 +7.725748662e+01 +1.549174866e+02 +1.549174866e+02 +1.7268e-01 -1.7243e+00 -1.0656e+00 +2.1532e+00 +1.6670e+00 -1.5576e-01 +1.5875e-01 +5.8335e-01 -2.8577e-01 -3.5899e+00
1086 +6.042352782e+01 +6.042352782e+01 +1.380835278e+02 +1.380835278e+02 +1.3545e+00 -8.9927e-01 -1.0174e+00 +2.1657e+00 +2.3205e+00 -1.0720e+00 +1.9403e-01 +9.3906e-01 -2.1517e-01 -3.2077e+00
1525 +5.787296077e+01 +5.787296077e+01 +1.355329608e+02 +1.355329608e+02 +1.3144e+00 -1.7845e-01 -1.4748e-01 +1.2992e+00 +2.2471e+00 -4.6093e-01 +7.3606e-02 +1.5328e-01 -1.1157e-01 -3.8694e+00
2029 +4.577126748e+01 +4.577126748e+01 +1.234312675e+02 +1.234312675e+02 +2.7386e-01 -6.0369e-02 +1.2086e+00 +1.3140e+00 +1.7214e+00 -4.9554e-01 +9.6620e-02 +2.0296e-02 -2.0165e-01 -4.1290e+00
2134 +3.690483960e+01 +3.690483960e+01 +1.145648396e+02 +1.145648396e+02 +4.5319e-01 +6.5527e-02 +1.1325e+00 +1.2894e+00 +1.7987e+00 -4.6886e-01 +1.1777e-01 +1.4072e-01 -1.0051e-01 -3.8693e+00
2301 +3.083861268e+01 +3.083861268e+01 +1.084986127e+02 +1.084986127e+02 +3.8548e-01 +2.9041e-02 +1.1595e+00 +1.3279e+00 +1.7604e+00 -4.7239e-01 +9.0101e-02 +1.3814e-01 -2.2128e-01 -3.8604e+00
2398 +2.607036894e+01 +2.607036894e+01 +1.037303689e+02 +1.037303689e+02 +4.0493e-01 +7.3332e-02 +1.1795e+00 +1.2873e+00 +1.8657e+00 -5.1395e-01 +1.5241e-01 +1.1151e-01 -1.8321e-01 -3.8124e+00
2420 +2.351104555e+01 +2.351104555e+01 +1.011710456e+02 +1.011710456e+02 +4.1681e-01 +7.7170e-02 +1.1949e+00 +1.2820e+00 +1.8765e+00 -5.1572e-01 +1.8718e-01 +1.5178e-01 -1.8178e-01 -3.8506e+00
2442 +2.135984368e+01 +2.135984368e+01 +9.901984368e+01 +9.901984368e+01 +4.5120e-01 +8.5343e-02 +1.2069e+00 +1.2496e+00 +1.8894e+00 -5.1735e-01 +1.5670e-01 +1.1012e-01 -1.6662e-01 -3.8551e+00
2695 +2.013839290e+01 +2.013839290e+01 +9.779839290e+01 +9.779839290e+01 +5.1928e-01 +9.4592e-02 +1.2112e+00 +1.3290e+00 +1.8592e+00 -5.4562e-01 +1.1944e-01 +1.0272e-01 -1.8550e-01 -3.8527e+00
2728 +1.908048155e+01 +1.908048155e+01 +9.674048155e+01 +9.674048155e+01 +4.6858e-01 +6.6680e-02 +1.1952e+00 +1.2901e+00 +1.8362e+00 -5.4187e-01 +1.1307e-01 +1.1026e-01 -1.8267e-01 -3.8579e+00
2750 +1.874469727e+01 +1.874469727e+01 +9.640469727e+01 +9.640469727e+01 +4.5625e-01 +7.9624e-02 +1.2163e+00 +1.3131e+00 +1.8419e+00 -5.5301e-01 +1.2012e-01 +1.1126e-01 -1.8671e-01 -3.8515e+00
2794 +1.856224793e+01 +1.856224793e+01 +9.622224793e+01 +9.622224793e+01 +4.6372e-01 +9.5065e-02 +1.2481e+00 +1.2942e+00 +1.8322e+00 -5.2385e-01 +9.7848e-02 +1.2433e-01 -1.7985e-01 -3.8554e+00
2898 +1.805387761e+01 +1.805387761e+01 +9.571387761e+01 +9.571387761e+01 +4.2961e-01 +8.3088e-02 +1.2473e+00 +1.2916e+00 +1.8298e+00 -5.3385e-01 +1.1224e-01 +1.3189e-01 -1.8405e-01 -3.8695e+00
2926 +1.767861908e+01 +1.767861908e+01 +9.533861908e+01 +9.533861908e+01 +4.2861e-01 +9.1518e-02 +1.2463e+00 +1.2911e+00 +1.8293e+00 -5.4193e-01 +1.1796e-01 +1.2236e-01 -1.7644e-01 -3.8629e+00
3014 +1.737562195e+01 +1.737562195e+01 +9.503562195e+01 +9.503562195e+01 +4.5655e-01 +7.2723e-02 +1.2436e+00 +1.2857e+00 +1.8219e+00 -5.3596e-01 +1.2845e-01 +1.1946e-01 -1.7388e-01 -3.8600e+00
3410 +1.696578150e+01 +1.696578150e+01 +9.462578150e+01 +9.462578150e+01 +4.3422e-01 +7.3053e-02 +1.2677e+00 +1.2936e+00 +1.8164e+00 -5.3937e-01 +1.3541e-01 +1.1642e-01 -1.7870e-01 -3.8609e+00
% function evaluation | noise-free fitness - Fopt (1.156800000000e+02) | best noise-free fitness - Fopt | measured fitness | best measured fitness | x1 | x2...
1 +4.174500391e+02 +4.174500391e+02 +5.331300391e+02 +5.331300391e+02 +0.0000e+00 +0.0000e+00 +0.0000e+00 +0.0000e+00 +0.0000e+00 +0.0000e+00 +0.0000e+00 +0.0000e+00 +0.0000e+00 +0.0000e+00
261 +4.082402788e+02 +4.082402788e+02 +5.239202788e+02 +5.239202788e+02 +8.6123e-01 +5.2925e-01 -1.3830e+00 -8.3498e-01 +1.2630e+00 -3.9466e+00 +2.9634e+00 +2.4687e+00 -1.3425e+00 +1.8682e-01
277 +3.474225788e+02 +3.474225788e+02 +4.631025788e+02 +4.631025788e+02 +3.5588e-01 -2.9884e-01 +7.2754e-01 +1.1137e-02 +1.0439e+00 -3.8403e+00 +2.1853e+00 +3.8420e+00 -4.3381e-01 -1.9216e-01
292 +3.071646158e+02 +3.071646158e+02 +4.228446158e+02 +4.228446158e+02 +4.5975e-01 -1.2053e+00 -1.0869e-01 +1.5725e-04 +2.5998e+00 -5.3733e+00 +3.0026e+00 +2.4464e+00 -3.2974e-01 -7.5235e-01
308 +2.908284675e+02 +2.908284675e+02 +4.065084675e+02 +4.065084675e+02 +1.0162e-01 -7.9124e-01 -1.3706e+00 +3.5008e-01 +1.8379e+00 -5.1169e+00 +2.3124e+00 +3.8513e+00 -3.2605e-02 -4.0352e-01
312 +2.188325942e+02 +2.188325942e+02 +3.345125942e+02 +3.345125942e+02 +1.7037e+00 -1.7419e+00 -2.3423e+00 -1.9971e+00 +3.5512e+00 -5.2274e+00 +2.2577e+00 +4.1281e+00 +1.7282e+00 -1.2029e+00
352 +1.902636423e+02 +1.902636423e+02 +3.059436423e+02 +3.059436423e+02 +1.6029e+00 +1.0198e+00 -2.1318e+00 +1.5063e+00 +2.0226e+00 -4.2320e+00 +2.9051e+00 +3.0310e+00 +1.3722e+00 -1.1528e+00
557 +1.731080501e+02 +1.731080501e+02 +2.887880501e+02 +2.887880501e+02 +4.1320e-01 +1.8083e+00 -2.8546e+00 +2.9210e+00 +3.3902e-01 -1.2106e+00 +3.3986e+00 +3.4976e+00 +2.9985e+00 -1.9929e+00
611 +1.388919273e+02 +1.388919273e+02 +2.545719273e+02 +2.545719273e+02 +1.1717e+00 +1.7010e+00 -1.9862e+00 +2.2595e+00 +1.8238e+00 -2.5029e+00 +1.7834e+00 +4.5605e-01 +2.2482e+00 -1.3876e+00
660 +1.291574221e+02 +1.291574221e+02 +2.448374221e+02 +2.448374221e+02 +6.0569e-01 -1.1106e-01 -1.3492e+00 +3.1081e+00 +8.7127e-01 -1.7110e+00 +2.7902e+00 +2.8119e+00 +3.2403e+00 -2.6473e+00
704 +1.175126494e+02 +1.175126494e+02 +2.331926494e+02 +2.331926494e+02 +4.4668e-01 -1.9785e-01 -1.5842e+00 +2.2417e+00 +3.3147e+00 -2.6201e+00 +3.0655e+00 +2.8283e+00 +2.6770e+00 -2.0231e+00
737 +1.137208498e+02 +1.137208498e+02 +2.294008498e+02 +2.294008498e+02 +1.4894e-01 +1.3611e+00 -1.0530e+00 +1.8166e+00 +2.0041e+00 -3.3908e+00 +2.1454e+00 +2.8575e+00 +3.6454e+00 -2.0496e+00
946 +1.092322908e+02 +1.092322908e+02 +2.249122908e+02 +2.249122908e+02 +5.3331e-02 +1.2726e+00 -2.0586e+00 +2.4538e+00 +1.7484e+00 -3.2269e+00 +2.4786e+00 +2.9014e+00 +3.1664e+00 -2.2543e+00
975 +9.803790320e+01 +9.803790320e+01 +2.137179032e+02 +2.137179032e+02 +6.3451e-02 +4.0229e-02 -2.3703e+00 +2.7270e+00 +3.5763e+00 -4.2685e+00 +3.1840e+00 +1.9620e+00 +2.1921e+00 -1.9945e+00
1011 +8.643582472e+01 +8.643582472e+01 +2.021158247e+02 +2.021158247e+02 -8.3316e-01 +2.3531e-01 -2.9767e+00 +3.1748e+00 +1.8696e+00 -2.7146e+00 +3.2492e+00 +1.9593e+00 +3.1299e+00 -1.9801e+00
1171 +7.350900604e+01 +7.350900604e+01 +1.891890060e+02 +1.891890060e+02 +2.2871e-01 -9.4395e-01 -1.1659e+00 +3.0738e+00 +3.1178e+00 -2.9924e+00 +1.3116e+00 +2.7403e+00 +3.5613e+00 -1.9213e+00
1936 +5.902417979e+01 +5.902417979e+01 +1.747041798e+02 +1.747041798e+02 +4.2581e-01 +1.1174e+00 +6.6431e-02 +3.7757e+00 +2.8589e+00 -4.2876e+00 +3.0975e+00 +1.9154e+00 +3.5552e+00 -1.9514e+00
2228 +5.358883196e+01 +5.358883196e+01 +1.692688320e+02 +1.692688320e+02 +1.3059e-01 +1.6425e+00 -4.3840e-01 +3.7831e+00 +3.5718e+00 -3.1743e+00 +3.1525e+00 +2.0192e+00 +3.0944e+00 -2.0326e+00
2486 +4.088949101e+01 +4.088949101e+01 +1.565694910e+02 +1.565694910e+02 +1.7230e-01 +1.5120e+00 -5.8746e-01 +3.7639e+00 +2.8749e+00 -2.7068e+00 +3.1932e+00 +1.9240e+00 +3.4972e+00 -1.9751e+00
2684 +3.925406377e+01 +3.925406377e+01 +1.549340638e+02 +1.549340638e+02 +3.2972e-01 +1.7716e+00 -5.8521e-01 +3.7768e+00 +3.0336e+00 -3.3310e+00 +3.1126e+00 +2.0171e+00 +3.5439e+00 -1.9388e+00
2706 +3.819253840e+01 +3.819253840e+01 +1.538725384e+02 +1.538725384e+02 +3.2302e-01 +1.6514e+00 -6.4676e-01 +3.8424e+00 +3.0591e+00 -3.3295e+00 +3.0548e+00 +2.0039e+00 +3.8839e+00 -1.9740e+00
3102 +2.949082720e+01 +2.949082720e+01 +1.451708272e+02 +1.451708272e+02 +2.8045e-01 +1.4526e+00 -5.9220e-01 +3.7663e+00 +2.9160e+00 -3.2469e+00 +3.1346e+00 +2.7175e+00 +3.8684e+00 -1.9831e+00
3366 +2.480606734e+01 +2.480606734e+01 +1.404860673e+02 +1.404860673e+02 +2.3420e-01 +1.4556e+00 -5.6263e-01 +3.7830e+00 +3.0121e+00 -3.2081e+00 +3.0610e+00 +2.7752e+00 +3.6080e+00 -1.9671e+00
3806 +2.267815973e+01 +2.267815973e+01 +1.383581597e+02 +1.383581597e+02 +2.3213e-01 +1.5854e+00 -5.9938e-01 +3.7651e+00 +2.9350e+00 -3.2604e+00 +3.1266e+00 +2.7386e+00 +3.5855e+00 -1.9460e+00
3850 +2.221906023e+01 +2.221906023e+01 +1.378990602e+02 +1.378990602e+02 +2.6605e-01 +1.6006e+00 -5.8165e-01 +3.7493e+00 +2.9345e+00 -3.2649e+00 +3.1196e+00 +2.7530e+00 +3.5862e+00 -1.9542e+00
3914 +2.139120292e+01 +2.139120292e+01 +1.370712029e+02 +1.370712029e+02 +2.1378e-01 +1.6049e+00 -5.8690e-01 +3.7562e+00 +2.9220e+00 -3.2357e+00 +3.1306e+00 +2.7942e+00 +3.5753e+00 -1.9493e+00
3960 +2.096510554e+01 +2.096510554e+01 +1.366451055e+02 +1.366451055e+02 +2.4041e-01 +1.5955e+00 -5.9467e-01 +3.7513e+00 +2.9441e+00 -3.2352e+00 +3.1235e+00 +2.7764e+00 +3.5668e+00 -1.9563e+00
3979 +2.083240745e+01 +2.083240745e+01 +1.365124074e+02 +1.365124074e+02 +2.2405e-01 +1.5843e+00 -6.0760e-01 +3.7567e+00 +2.9511e+00 -3.2294e+00 +3.0984e+00 +2.7968e+00 +3.5655e+00 -1.9498e+00
3982 +2.040835669e+01 +2.040835669e+01 +1.360883567e+02 +1.360883567e+02 +2.4323e-01 +1.5804e+00 -6.0399e-01 +3.7480e+00 +2.9578e+00 -3.2416e+00 +3.1142e+00 +2.7722e+00 +3.5729e+00 -1.9524e+00
4202 +1.977859020e+01 +1.977859020e+01 +1.354585902e+02 +1.354585902e+02 +2.4228e-01 +1.5474e+00 -5.9051e-01 +3.7130e+00 +2.9757e+00 -3.2384e+00 +3.1261e+00 +2.7788e+00 +3.5826e+00 -1.9522e+00
4268 +1.946918560e+01 +1.946918560e+01 +1.351491856e+02 +1.351491856e+02 +2.0451e-01 +1.5383e+00 -5.8417e-01 +3.7177e+00 +2.9685e+00 -3.2389e+00 +3.1233e+00 +2.7926e+00 +3.5827e+00 -1.9485e+00
4422 +1.900877841e+01 +1.900877841e+01 +1.346887784e+02 +1.346887784e+02 +2.1150e-01 +1.5115e+00 -5.8049e-01 +3.7143e+00 +2.9526e+00 -3.2465e+00 +3.1017e+00 +2.7832e+00 +3.5799e+00 -1.9476e+00
% function evaluation | noise-free fitness - Fopt (-3.710000000000e+00) | best noise-free fitness - Fopt | measured fitness | best measured fitness | x1 | x2...
1 +2.788708135e+02 +2.788708135e+02 +2.751608135e+02 +2.751608135e+02 +0.0000e+00 +0.0000e+00 +0.0000e+00 +0.0000e+00 +0.0000e+00 +0.0000e+00 +0.0000e+00 +0.0000e+00 +0.0000e+00 +0.0000e+00
268 +2.682116823e+02 +2.682116823e+02 +2.645016823e+02 +2.645016823e+02 +1.5422e+00 +3.9460e+00 +3.9886e-01 -2.8711e-01 +2.4324e+00 -2.4972e+00 -7.9524e-01 -2.8272e+00 +1.9730e+00 +1.2835e+00
286 +2.621752762e+02 +2.621752762e+02 +2.584652762e+02 +2.584652762e+02 +1.3884e+00 +4.5740e+00 +4.1509e-01 -2.1538e-02 +2.5557e+00 -2.4423e+00 -2.9047e-01 -2.3986e+00 +2.0394e+00 +1.0622e+00
312 +2.544096051e+02 +2.544096051e+02 +2.506996051e+02 +2.506996051e+02 +1.3068e+00 +4.4542e+00 +3.1535e-01 +3.2654e-01 +2.4897e+00 -2.4144e+00 -1.6576e-01 -2.3838e+00 +1.9719e+00 +1.0473e+00
457 +2.395333866e+02 +2.395333866e+02 +2.358233866e+02 +2.358233866e+02 +1.1047e+00 +3.0918e+00 +4.3194e-01 +4.5945e-01 +2.6239e+00 -2.3942e+00 -8.8184e-02 -2.0501e+00 +1.8881e+00 +1.2782e+00
501 +2.266906443e+02 +2.266906443e+02 +2.229806443e+02 +2.229806443e+02 +1.3788e+00 +2.0427e+00 +2.2822e-01 +4.3378e-01 +3.0184e+00 -2.2236e+00 +9.3279e-02 -2.4199e+00 +1.9076e+00 +6.4043e-01
528 +2.237987989e+02 +2.237987989e+02 +2.200887989e+02 +2.200887989e+02 +1.1965e+00 +2.1130e+00 +3.1033e-01 +5.2106e-01 +2.7011e+00 -2.2235e+00 -1.3028e-01 -2.4477e+00 +2.0022e+00 +9.8325e-01
572 +2.182546621e+02 +2.182546621e+02 +2.145446621e+02 +2.145446621e+02 +1.1899e+00 +2.0019e+00 +3.0534e-01 +4.9181e-01 +2.6052e+00 -2.2112e+00 +7.0756e-02 -2.4140e+00 +2.0289e+00 +9.0147e-01
609 +2.016784483e+02 +2.016784483e+02 +1.979684483e+02 +1.979684483e+02 +1.3018e+00 +1.2593e+00 +1.5857e-01 +3.0120e-01 +2.5354e+00 -1.9684e+00 -3.2358e-01 -2.3328e+00 +2.3223e+00 +9.5025e-01
704 +1.939377747e+02 +1.939377747e+02 +1.902277747e+02 +1.902277747e+02 +1.2468e+00 +1.3992e-01 +3.8575e-01 +6.7593e-01 +2.7122e+00 -1.8588e+00 -2.4566e-01 -2.4338e+00 +2.1203e+00 +1.0032e+00
857 +1.805903926e+02 +1.805903926e+02 +1.768803926e+02 +1.768803926e+02 +1.3688e+00 -3.2958e-01 +4.7682e-01 +5.4502e-01 +2.3797e+00 -1.5539e+00 -3.1363e-01 -2.3761e+00 +2.0210e+00 +1.0338e+00
880 +1.753825213e+02 +1.753825213e+02 +1.716725213e+02 +1.716725213e+02 +1.2024e+00 -4.3631e-01 +4.5043e-01 +4.8664e-01 +2.6191e+00 -1.6880e+00 -3.1782e-01 -2.5155e+00 +1.9985e+00 +7.7294e-01
910 +1.560799838e+02 +1.560799838e+02 +1.523699838e+02 +1.523699838e+02 +1.2213e+00 -6.3448e-01 +4.4107e-01 +5.5325e-01 +2.5455e+00 -1.7558e+00 -2.9671e-01 -2.4032e+00 +2.0032e+00 +6.9133e-01
1144 +1.504325367e+02 +1.504325367e+02 +1.467225367e+02 +1.467225367e+02 +1.1180e+00 -1.3452e+00 +4.0444e-01 +5.2424e-01 +2.5240e+00 -1.7746e+00 -2.4267e-01 -2.3608e+00 +2.0194e+00 +1.0620e+00
1245 +1.475496086e+02 +1.475496086e+02 +1.438396086e+02 +1.438396086e+02 +1.1727e+00 -1.4646e+00 +3.9257e-01 +5.3230e-01 +2.5507e+00 -1.6913e+00 -2.5380e-01 -2.3685e+00 +1.9985e+00 +9.8614e-01
1254 +1.415214893e+02 +1.415214893e+02 +1.378114893e+02 +1.378114893e+02 +1.1371e+00 -1.4137e+00 +3.7614e-01 +4.9339e-01 +2.5166e+00 -1.7508e+00 -3.1520e-01 -2.3601e+00 +1.9860e+00 +9.9953e-01
1386 +1.402151417e+02 +1.402151417e+02 +1.365051417e+02 +1.365051417e+02 +1.1312e+00 -1.3498e+00 +3.9365e-01 +4.8140e-01 +2.5378e+00 -1.7452e+00 -2.8118e-01 -2.3862e+00 +1.9854e+00 +9.9723e-01
% function evaluation | noise-free fitness - Fopt (1.321800000000e+02) | best noise-free fitness - Fopt | measured fitness | best measured fitness | x1 | x2...
1 +1.874009908e+02 +1.874009908e+02 +3.195809908e+02 +3.195809908e+02 +0.0000e+00 +0.0000e+00 +0.0000e+00 +0.0000e+00 +0.0000e+00 +0.0000e+00 +0.0000e+00 +0.0000e+00 +0.0000e+00 +0.0000e+00
% function evaluation | noise-free fitness - Fopt (6.438000000000e+01) | best noise-free fitness - Fopt | measured fitness | best measured fitness | x1 | x2...
1 +4.161336169e+02 +4.161336169e+02 +4.805136169e+02 +4.805136169e+02 +0.0000e+00 +0.0000e+00 +0.0000e+00 +0.0000e+00 +0.0000e+00 +0.0000e+00 +0.0000e+00 +0.0000e+00 +0.0000e+00 +0.0000e+00
185 +4.013549694e+02 +4.013549694e+02 +4.657349694e+02 +4.657349694e+02 -2.3008e+00 +2.3573e-01 -1.5065e+00 -1.6694e-01 +3.0258e+00 -1.1957e+00 +1.0373e+00 +8.1146e-01 -8.6587e-01 +4.0912e-01
266 +3.891132612e+02 +3.891132612e+02 +4.534932612e+02 +4.534932612e+02 -1.9383e+00 +3.8328e-01 -1.6835e+00 -2.1616e-01 +3.1903e+00 -1.0693e+00 +6.0694e-01 +1.0422e+00 -6.5007e-01 +1.4736e-02
271 +3.358283796e+02 +3.358283796e+02 +4.002083796e+02 +4.002083796e+02 -2.1253e+00 +4.0541e-01 -1.4210e+00 -2.1299e-01 +2.6881e+00 -7.1460e-01 +6.6266e-01 +8.0264e-01 -1.4910e-01 -2.3811e-01
338 +2.897792075e+02 +2.897792075e+02 +3.541592075e+02 +3.541592075e+02 -1.6926e+00 +7.4137e-01 -1.2622e+00 -9.8797e-01 +3.0753e+00 -6.7560e-01 +1.0420e+00 +8.9682e-01 +2.2985e-01 -7.5399e-01
354 +2.566345701e+02 +2.566345701e+02 +3.210145701e+02 +3.210145701e+02 -1.8100e+00 +4.5242e-01 -1.6335e+00 -1.0716e+00 +3.0834e+00 -7.3555e-01 +7.1220e-01 +1.4231e+00 +9.2814e-01 -8.9959e-01
396 +2.453612633e+02 +2.453612633e+02 +3.097412633e+02 +3.097412633e+02 -1.3715e+00 +7.5248e-01 -1.6865e+00 -4.2289e-01 +3.1263e+00 -1.0001e+00 +5.4899e-01 +1.2573e+00 +1.4775e+00 -6.1558e-01
401 +2.011311514e+02 +2.011311514e+02 +2.655111514e+02 +2.655111514e+02 -1.0471e+00 +3.1857e-01 -1.0816e+00 -7.7224e-01 +2.9266e+00 -9.2610e-01 +1.0101e+00 +1.4490e+00 +2.9496e+00 -9.6604e-01
465 +1.958596894e+02 +1.958596894e+02 +2.602396894e+02 +2.602396894e+02 -6.6283e-02 +5.0553e-01 -1.1772e+00 -1.0480e+00 +3.0882e+00 -1.5314e+00 -6.4947e-01 +1.0202e+00 +2.1897e+00 -1.7399e+00
484 +1.914876982e+02 +1.914876982e+02 +2.558676982e+02 +2.558676982e+02 +9.9546e-01 +6.4090e-01 -1.3661e+00 -1.1837e+00 +2.8325e+00 -1.2757e+00 +2.1075e-01 +1.2501e+00 +2.1358e+00 -3.2372e+00
495 +1.282569863e+02 +1.282569863e+02 +1.926369863e+02 +1.926369863e+02 +3.0824e-01 -1.1081e+00 -8.9283e-01 -2.3141e+00 +2.9438e+00 -1.5974e+00 +1.0525e+00 +2.3379e+00 +3.3528e+00 -2.3768e+00
769 +1.174481351e+02 +1.174481351e+02 +1.818281351e+02 +1.818281351e+02 +3.0386e+00 +1.6332e+00 +6.8340e-01 -8.9786e-01 +3.5592e+00 -2.2173e+00 +3.9215e-01 +2.8211e+00 +3.3108e+00 -2.6950e+00
894 +9.967946519e+01 +9.967946519e+01 +1.640594652e+02 +1.640594652e+02 -4.4571e-02 +2.6111e+00 +1.7038e-02 -1.1092e+00 +3.0648e+00 -8.8169e-01 +4.7337e-01 +2.9805e+00 +3.0064e+00 -2.5553e+00
986 +8.208669958e+01 +8.208669958e+01 +1.464666996e+02 +1.464666996e+02 -2.7735e-02 +3.2253e+00 +8.4387e-01 -1.6378e+00 +3.5498e+00 -9.7783e-01 -2.0055e-01 +2.8962e+00 +3.0542e+00 -3.5388e+00
1171 +7.942351978e+01 +7.942351978e+01 +1.438035198e+02 +1.438035198e+02 +2.0813e+00 +2.0350e+00 +9.0025e-01 -1.6250e+00 +2.9800e+00 -6.0278e-01 +1.2593e-01 +3.0403e+00 +2.5266e+00 -2.0113e+00
1253 +7.635626335e+01 +7.635626335e+01 +1.407362634e+02 +1.407362634e+02 +2.7812e+00 +1.7084e+00 +9.0208e-01 -1.5925e+00 +3.7495e+00 -6.7811e-01 +6.7539e-01 +2.2017e+00 +3.3914e+00 -2.5128e+00
1451 +7.322988708e+01 +7.322988708e+01 +1.376098871e+02 +1.376098871e+02 +2.9258e+00 +2.4974e+00 +1.6063e+00 -1.7160e+00 +3.2185e+00 -4.3585e-01 +4.9731e-01 +3.6891e+00 +3.7125e+00 -2.7138e+00
1705 +7.070368422e+01 +7.070368422e+01 +1.350836842e+02 +1.350836842e+02 +1.5972e+00 +1.6748e+00 +8.5955e-01 -1.6654e+00 +3.6076e+00 -5.6915e-01 +5.4932e-01 +4.5475e+00 +3.8122e+00 -2.4005e+00
1756 +6.592378096e+01 +6.592378096e+01 +1.303037810e+02 +1.303037810e+02 +1.2143e+00 +2.1952e+00 +8.5471e-01 -2.1880e+00 +3.4306e+00 -5.1956e-01 +6.3134e-01 +3.7750e+00 +3.6795e+00 -2.0372e+00
1794 +5.624988307e+01 +5.624988307e+01 +1.206298831e+02 +1.206298831e+02 +2.0381e+00 +1.8555e+00 +8.6040e-01 -2.0184e+00 +3.5327e+00 -6.8304e-01 +5.2537e-01 +3.7818e+00 +3.7393e+00 -2.3892e+00
2068 +5.067286219e+01 +5.067286219e+01 +1.150528622e+02 +1.150528622e+02 +1.0788e+00 +2.3772e+00 +8.6915e-01 -2.3424e+00 +3.6809e+00 -6.2842e-01 +6.9478e-01 +4.0766e+00 +3.3577e+00 -2.6905e+00
2090 +4.592708164e+01 +4.592708164e+01 +1.103070816e+02 +1.103070816e+02 +1.1642e+00 +2.3382e+00 +9.6199e-01 -2.3713e+00 +3.7003e+00 -6.3444e-01 +6.0776e-01 +4.1294e+00 +3.4177e+00 -2.6870e+00
2329 +4.470095073e+01 +4.470095073e+01 +1.090809507e+02 +1.090809507e+02 +1.1999e+00 +2.3991e+00 +8.7524e-01 -2.2395e+00 +3.7475e+00 -5.6808e-01 +4.3219e-01 +3.8269e+00 +3.4273e+00 -2.7466e+00
2363 +3.121326103e+01 +3.121326103e+01 +9.559326103e+01 +9.559326103e+01 +1.1606e+00 +2.3400e+00 +8.6644e-01 -2.3322e+00 +3.6112e+00 -5.5304e-01 +6.3833e-01 +3.7539e+00 +3.4836e+00 -2.6485e+00
2442 +2.963303726e+01 +2.963303726e+01 +9.401303726e+01 +9.401303726e+01 +1.1497e+00 +2.4163e+00 +8.3145e-01 -2.2517e+00 +3.6186e+00 -5.2037e-01 +5.9586e-01 +3.8081e+00 +3.4503e+00 -2.6480e+00
2464 +2.932607050e+01 +2.932607050e+01 +9.370607050e+01 +9.370607050e+01 +1.1998e+00 +2.3876e+00 +8.3520e-01 -2.3144e+00 +3.6072e+00 -5.2663e-01 +5.5350e-01 +3.7552e+00 +3.4536e+00 -2.6568e+00
2728 +2.709051877e+01 +2.709051877e+01 +9.147051877e+01 +9.147051877e+01 +1.2497e+00 +2.3350e+00 +8.0917e-01 -2.1384e+00 +3.6557e+00 -5.8949e-01 +5.6268e-01 +3.7993e+00 +3.4227e+00 -2.6649e+00
2882 +2.539674250e+01 +2.539674250e+01 +8.977674250e+01 +8.977674250e+01 +1.2079e+00 +2.4017e+00 +8.3186e-01 -2.1750e+00 +3.6567e+00 -5.9785e-01 +5.8758e-01 +3.7791e+00 +3.4181e+00 -2.6856e+00
2926 +2.459292273e+01 +2.459292273e+01 +8.897292273e+01 +8.897292273e+01 +1.2228e+00 +2.3845e+00 +8.4324e-01 -2.2021e+00 +3.6366e+00 -5.7456e-01 +5.8747e-01 +3.7706e+00 +3.4401e+00 -2.6730e+00
2943 +2.261974506e+01 +2.261974506e+01 +8.699974506e+01 +8.699974506e+01 +1.1561e+00 +2.3844e+00 +8.4926e-01 -2.2156e+00 +3.6499e+00 -5.6238e-01 +6.0032e-01 +3.7877e+00 +3.4153e+00 -2.6640e+00
3014 +2.213798277e+01 +2.213798277e+01 +8.651798277e+01 +8.651798277e+01 +1.1643e+00 +2.3361e+00 +8.7437e-01 -2.1788e+00 +3.6442e+00 -5.8187e-01 +6.1661e-01 +3.7845e+00 +3.4322e+00 -2.6733e+00
3041 +2.079658634e+01 +2.079658634e+01 +8.517658634e+01 +8.517658634e+01 +1.1284e+00 +2.3199e+00 +9.0574e-01 -2.2113e+00 +3.6701e+00 -5.6116e-01 +6.1453e-01 +3.7996e+00 +3.4392e+00 -2.6768e+00
3058 +2.032555009e+01 +2.032555009e+01 +8.470555009e+01 +8.470555009e+01 +1.1376e+00 +2.3634e+00 +8.9257e-01 -2.1986e+00 +3.6670e+00 -5.7743e-01 +6.1519e-01 +3.7789e+00 +3.4321e+00 -2.6706e+00
3102 +1.963251382e+01 +1.963251382e+01 +8.401251382e+01 +8.401251382e+01 +1.0836e+00 +2.3595e+00 +9.0518e-01 -2.2226e+00 +3.6637e+00 -5.8926e-01 +6.0475e-01 +3.7981e+00 +3.4430e+00 -2.6723e+00
3256 +1.937313603e+01 +1.937313603e+01 +8.375313603e+01 +8.375313603e+01 +1.0499e+00 +2.3470e+00 +9.2383e-01 -2.2381e+00 +3.6615e+00 -5.6293e-01 +5.8637e-01 +3.7791e+00 +3.4263e+00 -2.6690e+00
3278 +1.902116761e+01 +1.902116761e+01 +8.340116761e+01 +8.340116761e+01 +1.0700e+00 +2.3465e+00 +9.1857e-01 -2.2421e+00 +3.6682e+00 -5.6242e-01 +5.8168e-01 +3.7853e+00 +3.4245e+00 -2.6685e+00
3432 +1.859973500e+01 +1.859973500e+01 +8.297973500e+01 +8.297973500e+01 +1.0960e+00 +2.3505e+00 +9.1300e-01 -2.2490e+00 +3.6725e+00 -5.7643e-01 +5.7949e-01 +3.7870e+00 +3.4300e+00 -2.6672e+00
3630 +1.819548616e+01 +1.819548616e+01 +8.257548616e+01 +8.257548616e+01 +1.0965e+00 +2.3527e+00 +9.0817e-01 -2.2875e+00 +3.6779e+00 -5.7298e-01 +5.8700e-01 +3.7854e+00 +3.4286e+00 -2.6702e+00
3720 +1.772945510e+01 +1.772945510e+01 +8.210945510e+01 +8.210945510e+01 +1.1105e+00 +2.3553e+00 +9.0653e-01 -2.3426e+00 +3.6756e+00 -5.7407e-01 +5.8230e-01 +3.7996e+00 +3.4320e+00 -2.6742e+00
3784 +1.725716245e+01 +1.725716245e+01 +8.163716245e+01 +8.163716245e+01 +1.0805e+00 +2.3577e+00 +9.0615e-01 -2.3729e+00 +3.6749e+00 -5.7283e-01 +5.8061e-01 +3.7953e+00 +3.4271e+00 -2.6698e+00
3960 +1.697481491e+01 +1.697481491e+01 +8.135481491e+01 +8.135481491e+01 +1.0842e+00 +2.3582e+00 +9.0966e-01 -2.4083e+00 +3.6769e+00 -5.7670e-01 +5.8016e-01 +3.7905e+00 +3.4311e+00 -2.6686e+00
% function evaluation | noise-free fitness - Fopt (2.824800000000e+02) | best noise-free fitness - Fopt | measured fitness | best measured fitness | x1 | x2...
1 +4.274845191e+02 +4.274845191e+02 +7.099645191e+02 +7.099645191e+02 +0.0000e+00 +0.0000e+00 +0.0000e+00 +0.0000e+00 +0.0000e+00 +0.0000e+00 +0.0000e+00 +0.0000e+00 +0.0000e+00 +0.0000e+00
251 +4.112341024e+02 +4.112341024e+02 +6.937141024e+02 +6.937141024e+02 -2.4944e+00 +4.1020e-01 -2.2409e+00 +1.8440e+00 +3.5121e+00 +3.3919e-01 +1.6964e-01 +1.0629e+00 +1.5623e+00 -2.7193e+00
271 +3.668277653e+02 +3.668277653e+02 +6.493077653e+02 +6.493077653e+02 -2.1794e+00 -3.8584e-01 -1.7596e+00 +1.8251e+00 +3.0627e+00 +9.1236e-01 +6.9152e-01 +6.9411e-01 +2.1172e+00 -2.7030e+00
289 +3.191794275e+02 +3.191794275e+02 +6.016594275e+02 +6.016594275e+02 -1.8717e+00 +3.4286e-01 -1.5168e+00 +1.6155e+00 +2.7558e+00 +9.9320e-02 +7.0577e-01 +6.5850e-01 +1.2272e+00 -1.9647e+00
292 +2.932169531e+02 +2.932169531e+02 +5.756969531e+02 +5.756969531e+02 -2.2599e+00 +2.0943e-01 -9.6532e-01 +1.5147e+00 +3.1367e+00 +2.0237e-02 +1.2789e+00 +3.8964e-01 +1.7461e+00 -1.8509e+00
352 +2.870503985e+02 +2.870503985e+02 +5.695303985e+02 +5.695303985e+02 -2.3951e+00 +4.4777e-01 -1.5334e+00 +1.5363e+00 +2.3511e+00 +1.4073e-01 +8.2259e-01 +9.3828e-01 +2.0810e+00 -1.3851e+00
354 +2.473688062e+02 +2.473688062e+02 +5.298488062e+02 +5.298488062e+02 -1.6786e+00 +1.7365e-01 -2.0376e+00 +1.6509e+00 +2.7276e+00 -8.0709e-02 +1.1622e+00 +1.4462e+00 +1.6743e+00 -1.6134e+00
373 +2.370770260e+02 +2.370770260e+02 +5.195570260e+02 +5.195570260e+02 -2.3627e+00 +4.9522e-01 -1.1391e+00 +1.5332e+00 +3.3188e+00 +3.3375e-01 +1.3120e+00 +8.6431e-01 +2.3367e+00 -8.1991e-01
389 +2.325380384e+02 +2.325380384e+02 +5.150180384e+02 +5.150180384e+02 -1.7730e+00 +3.7094e-01 -2.7887e+00 +1.3628e+00 +2.3356e+00 +3.3597e-01 +1.2550e+00 +2.5833e+00 +2.1670e+00 -8.7908e-01
409 +2.235436120e+02 +2.235436120e+02 +5.060236120e+02 +5.060236120e+02 -2.7074e+00 +5.7232e-01 -2.2625e+00 +1.5154e+00 +1.5649e+00 +1.4512e-01 +1.2893e+00 +3.4786e+00 +2.9155e+00 +1.0120e+00
418 +2.151482823e+02 +2.151482823e+02 +4.976282823e+02 +4.976282823e+02 -1.9424e+00 +3.0864e-01 -2.6881e+00 +1.5765e+00 +2.5567e+00 +1.2127e-01 +1.3758e+00 +2.5284e+00 +2.1376e+00 +6.4148e-02
429 +2.097746077e+02 +2.097746077e+02 +4.922546077e+02 +4.922546077e+02 -1.8270e+00 +1.2630e-01 -1.8285e+00 +2.2106e+00 +2.3517e+00 +1.1626e+00 +1.8626e+00 +4.0832e+00 +2.6693e+00 -1.1707e+00
432 +2.022668475e+02 +2.022668475e+02 +4.847468475e+02 +4.847468475e+02 -2.0185e+00 +7.4699e-01 -8.4307e-01 +2.0644e+00 +3.1722e+00 +6.0674e-01 +2.2460e+00 +1.8013e+00 +3.0313e+00 +7.5373e-01
440 +1.894929459e+02 +1.894929459e+02 +4.719729459e+02 +4.719729459e+02 -1.8955e+00 +4.0086e-01 -1.9546e+00 +1.8849e+00 +2.6230e+00 +4.8696e-01 +1.4479e+00 +2.8177e+00 +2.6537e+00 +2.9370e-01
450 +1.600032696e+02 +1.600032696e+02 +4.424832696e+02 +4.424832696e+02 -2.5940e+00 -1.2981e-01 -8.0221e-01 +2.5177e+00 +2.4532e+00 +8.4726e-01 +1.9254e+00 +2.2185e+00 +2.6864e+00 +9.1042e-01
484 +1.399881088e+02 +1.399881088e+02 +4.224681088e+02 +4.224681088e+02 -1.5637e+00 +1.2956e-01 -1.4820e+00 +1.7535e+00 +2.1222e+00 +9.3151e-01 +2.2530e+00 +2.8541e+00 +2.6028e+00 +2.3997e-01
537 +1.300380233e+02 +1.300380233e+02 +4.125180233e+02 +4.125180233e+02 -1.4927e+00 -9.5250e-01 -8.3530e-01 +2.3819e+00 +2.5240e+00 +8.3261e-01 +1.3918e+00 +3.0115e+00 +2.8968e+00 -5.7136e-01
603 +1.237409604e+02 +1.237409604e+02 +4.062209604e+02 +4.062209604e+02 +6.6789e-02 -5.6387e-01 -5.4287e-01 +1.9047e+00 +1.5543e+00 +1.5667e+00 +2.9776e+00 +2.5798e+00 +2.9884e+00 +6.2064e-01
649 +1.154381016e+02 +1.154381016e+02 +3.979181016e+02 +3.979181016e+02 -3.9188e-01 -7.2074e-01 -1.4549e+00 +1.6093e+00 +3.4191e+00 +8.9674e-01 +3.0653e+00 +2.6694e+00 +2.5294e+00 -3.8085e-02
755 +1.090987375e+02 +1.090987375e+02 +3.915787375e+02 +3.915787375e+02 -1.3396e+00 -6.0190e-01 -7.3874e-01 +2.4260e+00 +3.0393e+00 +9.7854e-01 +3.0725e+00 +2.1889e+00 +3.0883e+00 +5.6594e-01
756 +1.064772242e+02 +1.064772242e+02 +3.889572242e+02 +3.889572242e+02 -1.3402e+00 -1.4285e+00 -3.4480e-01 +1.9959e+00 +2.5449e+00 +1.4921e+00 +3.2605e+00 +2.9284e+00 +2.6150e+00 -6.2450e-02
892 +1.039534771e+02 +1.039534771e+02 +3.864334771e+02 +3.864334771e+02 -3.2185e-01 -6.6468e-01 -6.2844e-01 +2.4055e+00 +2.7397e+00 +1.9312e+00 +1.8333e+00 +2.1775e+00 +2.9621e+00 +1.1800e+00
993 +1.014683438e+02 +1.014683438e+02 +3.839483438e+02 +3.839483438e+02 -4.9657e-01 -1.5368e+00 -9.0561e-01 +2.4384e+00 +2.6398e+00 +1.6296e+00 +2.7241e+00 +2.1088e+00 +2.8604e+00 +2.9147e-01
1034 +9.662140069e+01 +9.662140069e+01 +3.791014007e+02 +3.791014007e+02 -4.6607e-01 -1.5564e+00 -8.8162e-01 +2.3992e+00 +2.0850e+00 +1.5576e+00 +2.4964e+00 +2.5706e+00 +2.7947e+00 +8.9412e-01
1059 +8.516693698e+01 +8.516693698e+01 +3.676469370e+02 +3.676469370e+02 -6.5051e-01 -1.5245e+00 -8.2355e-01 +2.6789e+00 +1.5009e+00 +2.0872e+00 +2.6009e+00 +2.6250e+00 +2.5824e+00 +9.5126e-01
1265 +8.478852938e+01 +8.478852938e+01 +3.672685294e+02 +3.672685294e+02 -1.8605e-01 -1.3455e+00 -6.1267e-01 +2.1081e+00 +2.2156e+00 +1.5494e+00 +2.5889e+00 +2.6117e+00 +3.1043e+00 +5.4980e-01
1323 +7.465155900e+01 +7.465155900e+01 +3.571315590e+02 +3.571315590e+02 -1.5579e-01 -1.5866e+00 -6.0693e-01 +2.2635e+00 +1.9722e+00 +2.1662e+00 +2.7148e+00 +2.9497e+00 +3.1050e+00 +8.4029e-01
1354 +6.981599532e+01 +6.981599532e+01 +3.522959953e+02 +3.522959953e+02 -3.1212e-03 -1.5910e+00 -6.6329e-01 +2.1917e+00 +2.1387e+00 +2.2223e+00 +2.6136e+00 +3.0911e+00 +3.1482e+00 +3.0455e-01
1421 +5.855297406e+01 +5.855297406e+01 +3.410329741e+02 +3.410329741e+02 +1.2742e-02 -1.6151e+00 -5.4057e-01 +2.2352e+00 +2.7236e+00 +2.5733e+00 +2.5955e+00 +2.6486e+00 +3.3831e+00 +8.9892e-01
1622 +5.168910706e+01 +5.168910706e+01 +3.341691071e+02 +3.341691071e+02 -2.8807e-01 -1.5213e+00 -4.8482e-01 +2.0445e+00 +3.1579e+00 +2.5997e+00 +2.5307e+00 +2.6653e+00 +3.4058e+00 +6.1860e-01
1749 +3.964623990e+01 +3.964623990e+01 +3.221262399e+02 +3.221262399e+02 -6.0083e-01 -1.5671e+00 -5.1835e-01 +2.1723e+00 +2.6812e+00 +3.1023e+00 +2.6295e+00 +2.5943e+00 +3.1367e+00 +3.0661e-01
1760 +3.607553864e+01 +3.607553864e+01 +3.185555386e+02 +3.185555386e+02 -4.3556e-01 -1.4370e+00 -6.3104e-01 +2.1688e+00 +2.6731e+00 +3.0280e+00 +2.6417e+00 +2.5930e+00 +3.1130e+00 +3.3081e-01
1946 +3.352556704e+01 +3.352556704e+01 +3.160055670e+02 +3.160055670e+02 -4.8137e-01 -1.5001e+00 -5.6019e-01 +2.1558e+00 +2.5433e+00 +3.1099e+00 +2.6252e+00 +2.5792e+00 +3.0702e+00 +5.4687e-01
1958 +2.810018517e+01 +2.810018517e+01 +3.105801852e+02 +3.105801852e+02 -4.9484e-01 -1.5462e+00 -5.2922e-01 +2.1664e+00 +2.6684e+00 +3.1057e+00 +2.6690e+00 +2.5975e+00 +3.0845e+00 +5.9960e-01
2002 +2.576936221e+01 +2.576936221e+01 +3.082493622e+02 +3.082493622e+02 -4.9692e-01 -1.5277e+00 -5.6981e-01 +2.1403e+00 +2.6117e+00 +3.0724e+00 +2.6424e+00 +2.5963e+00 +3.0934e+00 +6.1527e-01
2156 +2.499547857e+01 +2.499547857e+01 +3.074754786e+02 +3.074754786e+02 -5.3737e-01 -1.4930e+00 -6.1215e-01 +2.1592e+00 +2.5912e+00 +3.0721e+00 +2.6581e+00 +2.6141e+00 +3.0602e+00 +6.0622e-01
2178 +2.413721505e+01 +2.413721505e+01 +3.066172150e+02 +3.066172150e+02 -5.1143e-01 -1.5183e+00 -6.4446e-01 +2.1616e+00 +2.5790e+00 +3.0713e+00 +2.6636e+00 +2.6284e+00 +3.0786e+00 +6.0244e-01
2398 +2.382814458e+01 +2.382814458e+01 +3.063081446e+02 +3.063081446e+02 -5.1247e-01 -1.4906e+00 -6.0921e-01 +2.1865e+00 +2.5682e+00 +3.0811e+00 +2.6749e+00 +2.6241e+00 +3.0815e+00 +6.1229e-01
2662 +2.329940220e+01 +2.329940220e+01 +3.057794022e+02 +3.057794022e+02 -4.9696e-01 -1.5021e+00 -5.9495e-01 +2.1865e+00 +2.5805e+00 +3.0754e+00 +2.6636e+00 +2.6243e+00 +3.0794e+00 +6.0835e-01
3171 +2.290790221e+01 +2.290790221e+01 +3.053879022e+02 +3.053879022e+02 -4.3729e-01 -1.5129e+00 -5.9977e-01 +2.1801e+00 +2.5791e+00 +3.0816e+00 +2.6672e+00 +2.6225e+00 +3.0768e+00 +6.1134e-01
% function evaluation | noise-free fitness - Fopt (4.826100000000e+02) | best noise-free fitness - Fopt | measured fitness | best measured fitness | x1 | x2...
1 +3.603528236e+02 +3.603528236e+02 +8.429628236e+02 +8.429628236e+02 +0.0000e+00 +0.0000e+00 +0.0000e+00 +0.0000e+00 +0.0000e+00 +0.0000e+00 +0.0000e+00 +0.0000e+00 +0.0000e+00 +0.0000e+00
176 +3.519890234e+02 +3.519890234e+02 +8.345990234e+02 +8.345990234e+02 -2.3417e+00 +3.4367e+00 -6.4390e-02 +4.0894e+00 -1.7661e+00 +1.8680e+00 +1.7355e+00 -1.1892e-01 +1.0769e+00 -6.0677e-01
226 +3.383899854e+02 +3.383899854e+02 +8.209999854e+02 +8.209999854e+02 -2.3707e+00 +3.4102e+00 +4.5593e-03 +4.1232e+00 -1.6675e+00 +1.8018e+00 +1.7342e+00 -3.2279e-01 +1.0501e+00 -2.7064e-01
352 +3.068561963e+02 +3.068561963e+02 +7.894661963e+02 +7.894661963e+02 -2.2849e+00 +3.4129e+00 +3.4148e-02 +4.0385e+00 -1.7826e+00 +2.1807e+00 +1.7111e+00 -2.0716e-01 +1.2875e+00 -1.1966e-02
525 +3.006623366e+02 +3.006623366e+02 +7.832723366e+02 +7.832723366e+02 -2.3122e+00 +3.5090e+00 -1.3910e-01 +3.9896e+00 -1.7607e+00 +2.3635e+00 +1.6878e+00 -2.2270e-01 +1.2442e+00 +7.4429e-01
562 +2.867551621e+02 +2.867551621e+02 +7.693651621e+02 +7.693651621e+02 -2.2212e+00 +3.5496e+00 +2.2309e-02 +4.1617e+00 -1.5858e+00 +2.3344e+00 +1.8272e+00 -1.3401e-01 +1.3284e+00 +1.1778e+00
594 +2.717009367e+02 +2.717009367e+02 +7.543109367e+02 +7.543109367e+02 -2.2702e+00 +3.3407e+00 -1.6778e-02 +4.0146e+00 -1.7398e+00 +2.1382e+00 +1.6959e+00 -2.5181e-01 +1.5179e+00 +1.4074e+00
652 +2.658682830e+02 +2.658682830e+02 +7.484782830e+02 +7.484782830e+02 -2.2329e+00 +3.4995e+00 +3.4328e-02 +3.9880e+00 -1.7656e+00 +2.0878e+00 +1.7435e+00 -2.6112e-01 +1.7087e+00 +2.4014e+00
784 +2.468565979e+02 +2.468565979e+02 +7.294665979e+02 +7.294665979e+02 -2.2529e+00 +3.3897e+00 -1.6997e-01 +3.8321e+00 -1.7637e+00 +2.2389e+00 +1.7278e+00 -1.8027e-01 +1.6018e+00 +2.6391e+00
880 +2.452154406e+02 +2.452154406e+02 +7.278254406e+02 +7.278254406e+02 -2.4222e+00 +3.3429e+00 +2.6457e-02 +3.8271e+00 -1.7752e+00 +2.2682e+00 +1.7252e+00 -2.4218e-01 +2.0577e+00 +2.5763e+00
964 +2.347955212e+02 +2.347955212e+02 +7.174055212e+02 +7.174055212e+02 -2.3559e+00 +3.4484e+00 -5.5639e-02 +3.7259e+00 -1.6671e+00 +2.2382e+00 +1.6686e+00 -1.4916e-01 +2.0398e+00 +2.6155e+00
978 +2.247891377e+02 +2.247891377e+02 +7.073991377e+02 +7.073991377e+02 -2.0987e+00 +3.3589e+00 -1.0621e-01 +3.5590e+00 -1.7974e+00 +2.2330e+00 +1.7403e+00 -2.5590e-01 +1.9995e+00 +2.5917e+00
1127 +2.130581400e+02 +2.130581400e+02 +6.956681400e+02 +6.956681400e+02 -2.5201e+00 +3.4762e+00 -4.0095e-02 +3.0029e+00 -1.9406e+00 +2.2448e+00 +1.6869e+00 -1.9124e-01 +2.0594e+00 +2.9054e+00
1232 +2.075620298e+02 +2.075620298e+02 +6.901720298e+02 +6.901720298e+02 -2.3381e+00 +3.3232e+00 +2.4792e-01 +2.4746e+00 -1.7472e+00 +2.2692e+00 +1.7777e+00 -3.4065e-01 +2.0354e+00 +3.2352e+00
1246 +2.019137451e+02 +2.019137451e+02 +6.845237451e+02 +6.845237451e+02 -2.2887e+00 +3.3720e+00 +6.7947e-01 +1.8007e+00 -1.6674e+00 +2.7952e+00 +1.8833e+00 -2.4821e-01 +1.9504e+00 +3.1389e+00
1250 +1.974037631e+02 +1.974037631e+02 +6.800137631e+02 +6.800137631e+02 -2.4481e+00 +3.3651e+00 +5.0623e-02 +1.8368e+00 -1.8661e+00 +2.2014e+00 +1.6326e+00 -4.0976e-01 +2.0494e+00 +3.2189e+00
1300 +1.812343513e+02 +1.812343513e+02 +6.638443513e+02 +6.638443513e+02 -2.3556e+00 +3.2494e+00 -9.1828e-02 +1.1349e+00 -1.7650e+00 +2.4912e+00 +1.9189e+00 -7.3327e-01 +1.9546e+00 +2.6256e+00
1349 +1.743036394e+02 +1.743036394e+02 +6.569136394e+02 +6.569136394e+02 -2.2182e+00 +3.4677e+00 +4.8921e-01 +5.3073e-01 -1.8996e+00 +2.6202e+00 +1.6997e+00 -1.1782e-01 +1.9745e+00 +2.9837e+00
1350 +1.704796291e+02 +1.704796291e+02 +6.530896291e+02 +6.530896291e+02 -2.2948e+00 +3.3629e+00 -1.3063e-01 +4.1651e-01 -1.6005e+00 +2.7571e+00 +1.6963e+00 -6.7477e-01 +1.8808e+00 +2.7203e+00
1441 +1.644437498e+02 +1.644437498e+02 +6.470537498e+02 +6.470537498e+02 -2.2782e+00 +3.4852e+00 +6.4211e-01 +2.4177e-01 -1.8003e+00 +2.8877e+00 +1.7937e+00 -3.6988e-01 +1.9866e+00 +2.9972e+00
1486 +1.606011510e+02 +1.606011510e+02 +6.432111510e+02 +6.432111510e+02 -2.2356e+00 +3.4061e+00 +4.1474e-01 -1.0397e+00 -1.7939e+00 +2.4605e+00 +2.0030e+00 -5.0588e-01 +2.0007e+00 +2.8428e+00
1496 +1.484678583e+02 +1.484678583e+02 +6.310778583e+02 +6.310778583e+02 -2.2140e+00 +3.3891e+00 +8.6186e-02 -3.6332e-01 -1.7145e+00 +2.4600e+00 +1.7339e+00 -6.0432e-01 +1.9734e+00 +2.9976e+00
1516 +1.424308468e+02 +1.424308468e+02 +6.250408468e+02 +6.250408468e+02 -2.2830e+00 +3.5780e+00 +1.5041e-01 -1.5851e+00 -1.6776e+00 +2.8619e+00 +1.7911e+00 -9.2182e-01 +2.4244e+00 +3.0945e+00
1529 +1.342298258e+02 +1.342298258e+02 +6.168398258e+02 +6.168398258e+02 -2.3833e+00 +3.5422e+00 -5.1858e-03 -5.3163e-01 -1.7123e+00 +2.8608e+00 +1.6540e+00 -7.0012e-01 +2.4155e+00 +2.8838e+00
1561 +1.283819222e+02 +1.283819222e+02 +6.109919222e+02 +6.109919222e+02 -2.3904e+00 +3.4838e+00 -2.3240e-02 -9.9476e-01 -1.7341e+00 +3.2760e+00 +1.7059e+00 -6.6974e-01 +1.9549e+00 +2.8491e+00
1671 +1.097236123e+02 +1.097236123e+02 +5.923336123e+02 +5.923336123e+02 -2.2408e+00 +3.4120e+00 -4.7776e-02 -9.1723e-01 -1.7121e+00 +2.8366e+00 +1.7504e+00 -9.7550e-01 +2.0921e+00 +2.6636e+00
1716 +9.295965969e+01 +9.295965969e+01 +5.755696597e+02 +5.755696597e+02 -2.3467e+00 +3.2859e+00 +1.7170e-01 -1.7369e+00 -1.7474e+00 +2.8180e+00 +1.6997e+00 -1.1968e+00 +2.0601e+00 +2.9154e+00
2104 +7.742556481e+01 +7.742556481e+01 +5.600355648e+02 +5.600355648e+02 -2.3509e+00 +3.4146e+00 +1.5539e-02 -2.3905e+00 -1.7828e+00 +2.7322e+00 +1.7250e+00 -1.2423e+00 +2.3569e+00 +2.9458e+00
2550 +7.531699077e+01 +7.531699077e+01 +5.579269908e+02 +5.579269908e+02 -2.2263e+00 +3.5077e+00 -5.2389e-02 -3.8005e+00 -1.8001e+00 +2.7678e+00 +1.7002e+00 -1.2558e+00 +2.4339e+00 +2.9127e+00
2574 +7.412781629e+01 +7.412781629e+01 +5.567378163e+02 +5.567378163e+02 -2.2377e+00 +3.4473e+00 +7.7903e-04 -3.7514e+00 -1.7986e+00 +2.8275e+00 +1.7304e+00 -1.2254e+00 +2.3412e+00 +2.9044e+00
2676 +7.244089762e+01 +7.244089762e+01 +5.550508976e+02 +5.550508976e+02 -2.1905e+00 +3.5116e+00 +4.9271e-02 -3.7976e+00 -1.7652e+00 +2.8863e+00 +1.6937e+00 -1.2581e+00 +2.3651e+00 +2.5968e+00
2684 +6.956997299e+01 +6.956997299e+01 +5.521799730e+02 +5.521799730e+02 -2.2494e+00 +3.4990e+00 +4.2819e-02 -3.7758e+00 -1.7827e+00 +2.8633e+00 +1.7380e+00 -1.2626e+00 +2.3649e+00 +2.6107e+00
2930 +6.862341665e+01 +6.862341665e+01 +5.512334167e+02 +5.512334167e+02 -2.2376e+00 +3.4514e+00 -4.6047e-02 -3.8134e+00 -1.7894e+00 +2.8237e+00 +1.7215e+00 -1.2394e+00 +2.3768e+00 +2.5989e+00
3058 +6.721529897e+01 +6.721529897e+01 +5.498252990e+02 +5.498252990e+02 -2.2612e+00 +3.4730e+00 +8.7790e-03 -3.7849e+00 -1.8083e+00 +2.8280e+00 +1.7184e+00 -1.2557e+00 +2.3713e+00 +2.6219e+00
3102 +6.601197828e+01 +6.601197828e+01 +5.486219783e+02 +5.486219783e+02 -2.2648e+00 +3.4856e+00 +1.3186e-02 -3.7818e+00 -1.7997e+00 +2.8248e+00 +1.7122e+00 -1.2468e+00 +2.3828e+00 +2.6072e+00
% function evaluation | noise-free fitness - Fopt (7.177000000000e+01) | best noise-free fitness - Fopt | measured fitness | best measured fitness | x1 | x2...
1 +3.721167182e+02 +3.721167182e+02 +4.438867182e+02 +4.438867182e+02 +0.0000e+00 +0.0000e+00 +0.0000e+00 +0.0000e+00 +0.0000e+00 +0.0000e+00 +0.0000e+00 +0.0000e+00 +0.0000e+00 +0.0000e+00
178 +3.340939245e+02 +3.340939245e+02 +4.058639245e+02 +4.058639245e+02 -3.6712e-01 -2.4603e+00 +3.5601e-01 -1.9011e+00 +1.5271e+00 +1.5496e+00 -2.6108e+00 -1.4995e+00 +1.8729e+00 +9.3227e-01
182 +3.235012219e+02 +3.235012219e+02 +3.952712219e+02 +3.952712219e+02 +3.0609e-01 -3.0294e+00 +8.9004e-01 -1.9784e+00 +3.7107e-01 +6.3924e-01 -2.8396e+00 -1.0323e+00 +1.6480e+00 +9.0431e-01
214 +2.851052240e+02 +2.851052240e+02 +3.568752240e+02 +3.568752240e+02 -6.6436e-01 -3.6951e+00 +1.9790e-01 -1.7333e+00 +1.5328e+00 +1.9114e+00 -1.7674e+00 -1.0089e+00 +1.7662e+00 +1.2676e+00
230 +2.797581558e+02 +2.797581558e+02 +3.515281558e+02 +3.515281558e+02 -1.3879e+00 -2.0461e+00 -6.4160e-02 -1.5929e+00 +8.1436e-01 +1.6361e+00 -1.8620e+00 -3.6780e+00 +2.4519e+00 +1.9853e-02
242 +2.534441870e+02 +2.534441870e+02 +3.252141870e+02 +3.252141870e+02 -6.8267e-01 -2.6747e+00 +6.8112e-02 -1.5916e+00 +5.0775e-01 +1.2937e+00 -1.4264e+00 -3.2901e+00 +1.5227e+00 +8.0976e-01
271 +2.444557576e+02 +2.444557576e+02 +3.162257576e+02 +3.162257576e+02 -7.3707e-01 -2.9360e+00 +1.5096e+00 -5.3462e-02 +1.2502e-01 +1.3254e+00 -2.0529e+00 -3.2600e+00 +2.7720e+00 +7.8200e-01
290 +2.378802769e+02 +2.378802769e+02 +3.096502769e+02 +3.096502769e+02 +5.8393e-01 -2.8626e+00 +8.8359e-01 +2.3052e-01 +6.8785e-02 +1.0973e+00 -6.9451e-01 -1.4791e+00 +2.2147e+00 +1.2490e+00
291 +2.331437019e+02 +2.331437019e+02 +3.049137019e+02 +3.049137019e+02 -3.1343e-03 -1.3978e+00 -5.3747e-01 -1.8585e+00 +6.4759e-01 +9.4548e-01 -1.1402e+00 -4.0686e+00 +1.7514e+00 +9.8990e-01
294 +2.195088071e+02 +2.195088071e+02 +2.912788071e+02 +2.912788071e+02 -6.9138e-01 -3.3808e+00 -1.0546e+00 -2.3721e+00 +7.5771e-01 -8.1575e-02 +8.7921e-01 -4.3310e+00 +2.4954e+00 -3.9974e-01
311 +1.745928386e+02 +1.745928386e+02 +2.463628386e+02 +2.463628386e+02 +3.6525e-02 -1.7917e+00 -2.8920e-01 -1.9664e+00 -7.1263e-01 -7.2338e-01 +4.4071e-01 -3.6802e+00 +1.6136e+00 +1.6693e+00
322 +1.372889447e+02 +1.372889447e+02 +2.090589447e+02 +2.090589447e+02 +1.6344e-01 -1.6343e+00 -1.7945e-01 -1.9486e+00 +1.9148e-01 +5.8085e-01 +4.9559e-01 -2.8747e+00 +2.5461e+00 +2.8927e+00
333 +1.258483670e+02 +1.258483670e+02 +1.976183670e+02 +1.976183670e+02 +1.7800e+00 -9.7543e-01 -1.0152e-01 -1.5047e+00 +8.5903e-01 -2.6694e-01 +8.6090e-01 -3.6568e+00 +3.6645e+00 +1.2148e+00
506 +1.010745662e+02 +1.010745662e+02 +1.728445662e+02 +1.728445662e+02 +1.2781e+00 +1.9205e+00 +2.9062e-01 -2.0575e-01 -2.6508e-01 -1.1223e+00 +4.3098e-01 -3.3239e+00 +3.1083e+00 +2.2646e+00
547 +9.911380198e+01 +9.911380198e+01 +1.708838020e+02 +1.708838020e+02 +1.3906e+00 +2.0162e+00 +1.1290e-01 +4.1310e-02 -4.9466e-02 -5.3933e-02 -3.1693e-01 -4.6896e+00 +3.0952e+00 +2.5717e+00
564 +9.758194171e+01 +9.758194171e+01 +1.693519417e+02 +1.693519417e+02 +1.6992e+00 +1.9606e+00 +1.6074e+00 +3.9607e-03 -3.8234e-01 -1.1322e+00 +1.5261e-01 -3.9254e+00 +3.6693e+00 +2.2151e+00
596 +9.215734648e+01 +9.215734648e+01 +1.639273465e+02 +1.639273465e+02 +2.1733e+00 +1.3032e-01 +1.5373e+00 -5.1021e-01 +7.7772e-01 -1.4718e+00 +5.5715e-01 -2.9132e+00 +2.8558e+00 +1.7828e+00
643 +5.732431767e+01 +5.732431767e+01 +1.290943177e+02 +1.290943177e+02 +2.1870e+00 +1.7473e+00 +6.6552e-01 -3.1315e-01 +2.4662e-01 -1.7780e+00 +1.3942e+00 -4.1887e+00 +3.2719e+00 +1.8963e+00
858 +5.515849181e+01 +5.515849181e+01 +1.269284918e+02 +1.269284918e+02 +2.1677e+00 +9.0456e-01 +1.7266e-01 +1.0056e+00 +8.5001e-01 -7.9614e-01 +5.1340e-01 -3.8017e+00 +3.5302e+00 +2.4474e+00
1261 +5.471176814e+01 +5.471176814e+01 +1.264817681e+02 +1.264817681e+02 +2.2501e+00 +1.0078e+00 +7.7014e-01 +9.6591e-01 +7.8085e-01 -1.3692e+00 +4.3631e-01 -3.7716e+00 +3.5412e+00 +1.6276e+00
1373 +3.993323303e+01 +3.993323303e+01 +1.117032330e+02 +1.117032330e+02 +2.1582e+00 +1.2855e+00 +1.3680e+00 +1.4486e+00 +7.8829e-01 -1.2731e+00 +9.7222e-01 -3.3599e+00 +3.0879e+00 +2.1865e+00
2046 +3.321071873e+01 +3.321071873e+01 +1.049807187e+02 +1.049807187e+02 +1.6016e+00 +8.7945e-01 +1.3425e+00 +1.5260e+00 +7.0754e-01 -7.2464e-01 +9.5278e-01 -3.4203e+00 +3.7734e+00 +2.2014e+00
2239 +3.079359171e+01 +3.079359171e+01 +1.025635917e+02 +1.025635917e+02 +1.2536e+00 +8.2238e-01 +1.4055e+00 +1.4733e+00 +8.4991e-01 -6.9149e-01 +1.0319e+00 -4.9259e+00 +3.8018e+00 +2.2975e+00
2433 +2.983658797e+01 +2.983658797e+01 +1.016065880e+02 +1.016065880e+02 +1.3168e+00 +8.7816e-01 +1.4436e+00 +1.4095e+00 +7.6164e-01 -8.1280e-01 +1.0394e+00 -4.6683e+00 +3.7874e+00 +2.3132e+00
2451 +2.784425479e+01 +2.784425479e+01 +9.961425479e+01 +9.961425479e+01 +1.3486e+00 +8.7504e-01 +1.4681e+00 +1.4740e+00 +8.5279e-01 -6.8043e-01 +1.4594e+00 -4.2299e+00 +3.7938e+00 +2.2464e+00
2776 +2.626584759e+01 +2.626584759e+01 +9.803584759e+01 +9.803584759e+01 +1.2531e+00 +9.2710e-01 +1.3442e+00 +1.5866e+00 +8.3610e-01 -6.9829e-01 +1.0417e+00 -3.7300e+00 +3.7743e+00 +2.1902e+00
2783 +2.032875718e+01 +2.032875718e+01 +9.209875718e+01 +9.209875718e+01 +1.2326e+00 +9.2007e-01 +1.3495e+00 +1.5559e+00 +7.1334e-01 -7.4352e-01 +1.0719e+00 -3.8104e+00 +3.7971e+00 +2.2469e+00
2838 +1.766817830e+01 +1.766817830e+01 +8.943817830e+01 +8.943817830e+01 +1.1452e+00 +9.0091e-01 +1.4010e+00 +1.5304e+00 +8.2920e-01 -7.0005e-01 +1.0523e+00 -3.8069e+00 +3.7842e+00 +2.2477e+00
2882 +1.573783390e+01 +1.573783390e+01 +8.750783390e+01 +8.750783390e+01 +1.1913e+00 +9.2598e-01 +1.4203e+00 +1.5387e+00 +8.0330e-01 -6.8558e-01 +1.0095e+00 -3.8352e+00 +3.7924e+00 +2.2480e+00
2904 +1.415989245e+01 +1.415989245e+01 +8.592989245e+01 +8.592989245e+01 +1.2040e+00 +9.3548e-01 +1.4031e+00 +1.4862e+00 +7.8480e-01 -7.1075e-01 +1.0084e+00 -3.8322e+00 +3.7968e+00 +2.2404e+00
2948 +1.290536050e+01 +1.290536050e+01 +8.467536050e+01 +8.467536050e+01 +1.2395e+00 +9.2815e-01 +1.4249e+00 +1.5204e+00 +7.8239e-01 -7.0582e-01 +1.0155e+00 -3.8119e+00 +3.7885e+00 +2.2311e+00
2970 +1.015054582e+01 +1.015054582e+01 +8.192054582e+01 +8.192054582e+01 +1.2636e+00 +9.0818e-01 +1.4136e+00 +1.5089e+00 +7.7187e-01 -7.0847e-01 +1.0079e+00 -3.8061e+00 +3.8133e+00 +2.2250e+00
3509 +9.993775748e+00 +9.993775748e+00 +8.176377575e+01 +8.176377575e+01 +1.2939e+00 +8.8120e-01 +1.4199e+00 +1.4658e+00 +7.9668e-01 -6.9081e-01 +1.0048e+00 -3.8019e+00 +3.8135e+00 +2.2211e+00
3564 +9.702260743e+00 +9.702260743e+00 +8.147226074e+01 +8.147226074e+01 +1.2927e+00 +8.7317e-01 +1.4323e+00 +1.4791e+00 +7.7758e-01 -7.0529e-01 +1.0140e+00 -3.8009e+00 +3.8111e+00 +2.2227e+00
3608 +9.446176983e+00 +9.446176983e+00 +8.121617698e+01 +8.121617698e+01 +1.2807e+00 +8.7051e-01 +1.4338e+00 +1.4777e+00 +7.8247e-01 -7.1170e-01 +1.0112e+00 -3.7997e+00 +3.8180e+00 +2.2268e+00
3872 +9.274200724e+00 +9.274200724e+00 +8.104420072e+01 +8.104420072e+01 +1.2646e+00 +8.7869e-01 +1.4388e+00 +1.5014e+00 +7.8115e-01 -7.1111e-01 +1.0047e+00 -3.8039e+00 +3.8217e+00 +2.2220e+00
4048 +9.119447851e+00 +9.119447851e+00 +8.088944785e+01 +8.088944785e+01 +1.2714e+00 +8.8313e-01 +1.4396e+00 +1.4746e+00 +7.7813e-01 -7.1392e-01 +1.0036e+00 -3.8011e+00 +3.8231e+00 +2.2206e+00
% function evaluation | noise-free fitness - Fopt (8.448800000000e+02) | best noise-free fitness - Fopt | measured fitness | best measured fitness | x1 | x2...
1 +3.050347692e+02 +3.050347692e+02 +1.149914769e+03 +1.149914769e+03 +0.0000e+00 +0.0000e+00 +0.0000e+00 +0.0000e+00 +0.0000e+00 +0.0000e+00 +0.0000e+00 +0.0000e+00 +0.0000e+00 +0.0000e+00
182 +2.785280853e+02 +2.785280853e+02 +1.123408085e+03 +1.123408085e+03 +1.4935e+00 +5.4123e+00 +3.5899e+00 +5.5032e+00 +1.0176e+00 -1.6814e+00 -5.5332e-01 +5.5302e-01 +2.1123e-01 -2.6599e+00
193 +2.603692123e+02 +2.603692123e+02 +1.105249212e+03 +1.105249212e+03 +1.3060e+00 +5.0024e+00 +3.8769e+00 +5.1198e+00 +6.3760e-01 -1.9971e+00 -4.7120e-01 +8.5094e-01 -2.3323e-01 -2.1858e+00
203 +2.390123291e+02 +2.390123291e+02 +1.083892329e+03 +1.083892329e+03 +1.0764e+00 +4.9553e+00 +2.6159e+00 +5.1681e+00 +3.7545e-01 -1.2065e+00 -9.0245e-01 +8.7198e-01 +1.7028e-01 -2.8736e+00
227 +2.333687359e+02 +2.333687359e+02 +1.078248736e+03 +1.078248736e+03 +2.3271e+00 +5.2367e+00 +3.0236e+00 +5.0701e+00 +1.2348e+00 -6.2374e-01 -6.1090e-02 +2.5478e-01 +2.6276e-01 -2.5540e+00
230 +2.211530326e+02 +2.211530326e+02 +1.066033033e+03 +1.066033033e+03 +1.0742e+00 +4.6742e+00 +3.8293e+00 +3.8179e+00 +7.5577e-01 -2.3733e+00 -8.5719e-01 +4.9772e-01 -1.3148e+00 -3.0164e+00
242 +1.805573151e+02 +1.805573151e+02 +1.025437315e+03 +1.025437315e+03 +1.2907e+00 +4.8821e+00 +3.5393e+00 +4.4914e+00 +7.3866e-01 -1.7429e+00 -3.6251e-01 +7.9519e-01 -1.5994e-01 -2.9203e+00
266 +1.572523723e+02 +1.572523723e+02 +1.002132372e+03 +1.002132372e+03 +2.1931e+00 +4.2102e+00 +2.8665e+00 +2.9433e+00 +9.0295e-01 -1.5646e+00 +1.0198e+00 +1.1895e+00 -3.4654e-01 -3.8576e+00
289 +1.541248757e+02 +1.541248757e+02 +9.990048757e+02 +9.990048757e+02 +2.3474e+00 +4.7216e+00 +2.3106e+00 +2.1292e+00 +1.6241e+00 -1.6594e+00 +1.2147e+00 +1.6211e+00 +1.6476e-01 -2.7998e+00
292 +1.503755515e+02 +1.503755515e+02 +9.952555515e+02 +9.952555515e+02 +1.5532e+00 +4.1985e+00 +1.2050e+00 +8.6571e-01 +1.0424e+00 -9.8780e-01 +6.7527e-01 +1.5309e+00 -5.7279e-01 -2.8780e+00
301 +1.283003793e+02 +1.283003793e+02 +9.731803793e+02 +9.731803793e+02 +1.4505e+00 +4.3338e+00 +3.5925e+00 +4.2817e+00 +1.3785e+00 -6.2184e-01 +1.5300e+00 +1.3661e+00 +2.7680e-01 -2.6765e+00
395 +1.180113446e+02 +1.180113446e+02 +9.628913446e+02 +9.628913446e+02 +1.4476e+00 +4.0299e+00 +5.1664e-01 -1.7436e+00 +2.5747e+00 -2.1288e+00 +1.5127e+00 +6.0850e-01 -1.8330e+00 -2.7139e+00
418 +1.120465627e+02 +1.120465627e+02 +9.569265627e+02 +9.569265627e+02 +1.0506e+00 +3.7536e+00 +1.2208e+00 -1.7133e+00 +1.6565e+00 -1.8707e+00 +1.5287e+00 +5.7956e-01 -8.0161e-01 -2.9772e+00
586 +9.025514865e+01 +9.025514865e+01 +9.351351486e+02 +9.351351486e+02 +2.0466e+00 +1.4360e+00 +3.5140e+00 +2.0857e-01 +1.7535e+00 -2.8275e+00 +2.3373e+00 +4.5184e-01 -4.8518e-01 -2.2109e+00
677 +8.428607869e+01 +8.428607869e+01 +9.291660787e+02 +9.291660787e+02 +1.8911e+00 +2.1497e+00 +2.8373e+00 -9.4323e-01 +2.2374e+00 -3.0627e+00 +2.1434e+00 +1.1477e-01 -1.0020e+00 -2.6407e+00
734 +7.552056547e+01 +7.552056547e+01 +9.204005655e+02 +9.204005655e+02 +3.4586e+00 +1.3770e+00 +3.3987e+00 +3.4967e-01 +1.5526e+00 -3.7574e+00 +2.0430e+00 +1.8851e+00 -1.3641e-01 -2.6124e+00
988 +5.910356990e+01 +5.910356990e+01 +9.039835699e+02 +9.039835699e+02 +1.1470e+00 +6.2134e-01 +2.7656e+00 +1.6525e-02 +2.7669e+00 -2.7974e+00 +2.0440e+00 +1.4392e+00 -7.5367e-01 -2.2990e+00
1502 +5.558670770e+01 +5.558670770e+01 +9.004667077e+02 +9.004667077e+02 +1.1266e+00 +1.5772e+00 +1.2908e+00 +2.1310e-01 +2.7710e+00 -2.2524e+00 +2.0846e+00 +1.6566e+00 -2.6309e-02 -2.3280e+00
1542 +5.017316792e+01 +5.017316792e+01 +8.950531679e+02 +8.950531679e+02 +1.5879e+00 +3.8864e-01 +1.2407e+00 +9.4655e-01 +2.6991e+00 -2.2832e+00 +2.4478e+00 +1.4837e+00 -5.0371e-01 -2.9465e+00
1980 +3.719775665e+01 +3.719775665e+01 +8.820777566e+02 +8.820777566e+02 +1.2867e+00 +1.3178e+00 +1.2692e+00 +1.0622e+00 +2.7815e+00 -2.2969e+00 +2.0527e+00 +1.4416e+00 -5.0289e-01 -2.3384e+00
2200 +3.133122307e+01 +3.133122307e+01 +8.762112231e+02 +8.762112231e+02 +1.1192e+00 +1.3744e+00 +1.1932e+00 +1.6416e+00 +2.7045e+00 -2.2205e+00 +2.0459e+00 +1.4459e+00 -4.5426e-01 -2.3239e+00
2796 +3.090053681e+01 +3.090053681e+01 +8.757805368e+02 +8.757805368e+02 +1.1590e+00 +1.4194e+00 +1.3064e+00 +1.5544e+00 +2.7158e+00 -2.1855e+00 +2.0151e+00 +1.3970e+00 -4.6249e-01 -2.3255e+00
2860 +2.947089204e+01 +2.947089204e+01 +8.743508920e+02 +8.743508920e+02 +1.2061e+00 +1.4277e+00 +1.2428e+00 +1.6327e+00 +2.7185e+00 -2.1839e+00 +2.0375e+00 +1.3976e+00 -4.5945e-01 -2.3265e+00
2870 +2.797517085e+01 +2.797517085e+01 +8.728551708e+02 +8.728551708e+02 +1.2317e+00 +1.4402e+00 +1.2204e+00 +1.5847e+00 +2.7112e+00 -2.2029e+00 +2.0604e+00 +1.4194e+00 -4.6642e-01 -2.3288e+00
3102 +2.743766540e+01 +2.743766540e+01 +8.723176654e+02 +8.723176654e+02 +1.2464e+00 +1.4259e+00 +1.1976e+00 +1.5363e+00 +2.7092e+00 -2.1842e+00 +2.0354e+00 +1.4235e+00 -4.7293e-01 -2.3253e+00
3476 +2.690036111e+01 +2.690036111e+01 +8.717803611e+02 +8.717803611e+02 +1.1991e+00 +1.4309e+00 +1.2068e+00 +1.5234e+00 +2.7236e+00 -2.2031e+00 +2.0401e+00 +1.4325e+00 -4.7055e-01 -2.3309e+00
% function evaluation | noise-free fitness - Fopt (-4.222000000000e+01) | best noise-free fitness - Fopt | measured fitness | best measured fitness | x1 | x2...
1 +4.213272647e+02 +4.213272647e+02 +3.791072647e+02 +3.791072647e+02 +0.0000e+00 +0.0000e+00 +0.0000e+00 +0.0000e+00 +0.0000e+00 +0.0000e+00 +0.0000e+00 +0.0000e+00 +0.0000e+00 +0.0000e+00
183 +3.994509022e+02 +3.994509022e+02 +3.572309022e+02 +3.572309022e+02 -1.7033e+00 -1.4452e+00 -6.3653e-01 +1.1625e+00 -2.9601e-01 -2.3126e+00 +3.7369e-01 -3.9040e-01 -1.7232e-01 -5.0437e-01
186 +3.967308943e+02 +3.967308943e+02 +3.545108943e+02 +3.545108943e+02 -1.3288e+00 -1.5392e+00 -1.4323e-01 +8.5479e-01 -9.3838e-01 -1.8357e+00 +6.2048e-01 +5.2428e-02 -7.0888e-01 -7.6022e-01
190 +3.602253661e+02 +3.602253661e+02 +3.180053661e+02 +3.180053661e+02 -1.6680e+00 -1.2622e+00 -1.0760e+00 +8.9752e-01 -3.4286e-01 -2.5128e+00 +6.4263e-01 -5.5128e-02 -4.2818e-05 -4.3877e-01
207 +3.314690694e+02 +3.314690694e+02 +2.892490694e+02 +2.892490694e+02 -1.8385e+00 -1.0951e+00 -8.7310e-01 +1.3145e+00 -1.6610e-01 -2.1179e+00 +5.6066e-01 +9.2327e-01 -3.2503e-01 +1.1018e+00
208 +3.204733816e+02 +3.204733816e+02 +2.782533816e+02 +2.782533816e+02 -1.7702e+00 -1.5009e+00 -1.2782e-01 +9.8841e-01 -8.7531e-01 -2.5008e+00 +5.8584e-01 +2.9089e-01 -1.7524e-01 +4.7882e-01
223 +2.904127151e+02 +2.904127151e+02 +2.481927151e+02 +2.481927151e+02 -1.3043e+00 -1.1470e+00 -1.5010e-01 +1.3410e+00 -6.3857e-01 -1.9688e+00 +7.0942e-01 +6.7998e-01 -7.3565e-01 +1.6722e+00
227 +2.775628941e+02 +2.775628941e+02 +2.353428941e+02 +2.353428941e+02 -1.9277e+00 -1.2476e+00 -4.9077e-01 +1.6232e+00 -7.8042e-01 -2.3853e+00 +6.8831e-01 +1.0340e-01 -5.5057e-01 +1.9281e+00
236 +2.146560398e+02 +2.146560398e+02 +1.724360398e+02 +1.724360398e+02 -1.1946e+00 -1.7282e+00 -8.4969e-01 +1.0507e+00 -3.6780e-01 -1.9115e+00 +5.4343e-01 -4.8684e-01 -6.2996e-02 +4.0143e+00
280 +2.032601166e+02 +2.032601166e+02 +1.610401166e+02 +1.610401166e+02 -2.0593e+00 -1.3586e+00 -1.1309e+00 +2.7147e-01 -7.5347e-01 -1.1959e+00 -7.5386e-02 -4.7994e-01 -8.0136e-01 +3.6631e+00
286 +1.899521710e+02 +1.899521710e+02 +1.477321710e+02 +1.477321710e+02 -1.9990e+00 -1.3256e+00 -6.0254e-01 +5.8114e-01 -3.3017e-01 -1.6813e+00 -5.4682e-02 -8.4451e-01 -9.6461e-01 +4.3371e+00
293 +1.314487187e+02 +1.314487187e+02 +8.922871874e+01 +8.922871874e+01 -1.7868e+00 -1.5003e+00 -2.4047e-01 +8.7540e-01 -3.8502e-01 -9.4320e-01 +1.5891e+00 -1.0718e+00 -7.9305e-01 +3.6595e+00
424 +1.224336212e+02 +1.224336212e+02 +8.021362117e+01 +8.021362117e+01 -1.3369e+00 -1.4433e+00 +6.4396e-01 +1.0328e+00 -3.9408e-02 -8.7218e-01 +9.8822e-01 -1.8200e+00 -2.8567e-01 +4.7184e+00
484 +1.159539555e+02 +1.159539555e+02 +7.373395552e+01 +7.373395552e+01 -1.5129e+00 -1.2978e+00 -3.0114e-01 +7.4060e-01 +2.3509e-01 -6.0604e-01 +7.5089e-01 -2.0468e+00 -6.7238e-01 +3.9913e+00
493 +1.049844839e+02 +1.049844839e+02 +6.276448392e+01 +6.276448392e+01 -1.9509e+00 -1.1654e+00 -4.2393e-01 +8.7232e-01 +4.4632e-01 -1.6548e-01 +9.5615e-01 -3.0823e+00 -1.0322e+00 +3.6482e+00
505 +9.431324636e+01 +9.431324636e+01 +5.209324636e+01 +5.209324636e+01 -1.4503e+00 -1.4596e+00 -3.5081e-01 +3.8072e-01 +9.7024e-01 -6.7053e-01 +5.7606e-01 -2.2681e+00 -4.1057e-01 +3.2464e+00
819 +8.579056602e+01 +8.579056602e+01 +4.357056602e+01 +4.357056602e+01 -2.1429e+00 -1.3124e+00 +1.2687e+00 +2.5381e-01 +1.6117e+00 -9.4029e-01 +9.9065e-01 -2.3055e+00 -8.1896e-01 +4.3317e+00
929 +7.834619586e+01 +7.834619586e+01 +3.612619586e+01 +3.612619586e+01 -1.2642e+00 -1.1663e+00 +4.2644e-01 -3.4799e-01 +1.6093e+00 -3.0892e-01 +1.0862e+00 -2.2047e+00 -3.0034e-01 +3.2864e+00
959 +7.154965971e+01 +7.154965971e+01 +2.932965971e+01 +2.932965971e+01 -1.5002e+00 -1.2016e+00 +1.0703e+00 +1.7300e-01 +1.5577e+00 -7.5015e-01 +8.4597e-01 -2.6894e+00 -7.5864e-01 +3.2419e+00
1119 +6.912469763e+01 +6.912469763e+01 +2.690469763e+01 +2.690469763e+01 -1.4448e+00 -1.2870e+00 +1.9771e-01 +1.0359e-01 +1.6216e+00 -3.2365e-01 +1.1799e+00 -2.7968e+00 -7.5677e-01 +4.5634e+00
1138 +6.100057567e+01 +6.100057567e+01 +1.878057567e+01 +1.878057567e+01 -1.4738e+00 -1.5234e+00 +9.9300e-01 +1.7125e-02 +1.4801e+00 +2.6688e-01 +1.1481e+00 -3.1740e+00 -3.6386e-01 +3.9225e+00
1298 +5.510059417e+01 +5.510059417e+01 +1.288059417e+01 +1.288059417e+01 -1.5763e+00 -1.5301e+00 +5.4084e-01 +7.6626e-02 +1.5258e+00 -3.6462e-01 +1.1302e+00 -2.7576e+00 -6.3571e-01 +4.2526e+00
1422 +5.436074721e+01 +5.436074721e+01 +1.214074721e+01 +1.214074721e+01 -1.4533e+00 -1.5673e+00 +5.2680e-01 +1.0436e-01 +1.6183e+00 -2.0796e-01 +1.2520e+00 -3.1481e+00 -7.6794e-01 +4.2854e+00
1466 +3.984607497e+01 +3.984607497e+01 -2.373925033e+00 -2.373925033e+00 -1.4225e+00 -1.4489e+00 +5.4814e-01 +1.7180e-01 +1.5969e+00 -2.4254e-01 +1.1723e+00 -3.1034e+00 -7.3542e-01 +3.6964e+00
1716 +3.525523072e+01 +3.525523072e+01 -6.964769278e+00 -6.964769278e+00 -1.4619e+00 -1.4211e+00 +5.8574e-01 +6.9317e-02 +1.6295e+00 -2.6997e-01 +1.1709e+00 -3.1361e+00 -7.5093e-01 +3.9653e+00
1782 +3.270540866e+01 +3.270540866e+01 -9.514591342e+00 -9.514591342e+00 -1.4846e+00 -1.3909e+00 +5.9930e-01 +1.4607e-01 +1.5491e+00 -2.5704e-01 +1.1334e+00 -3.1651e+00 -7.3271e-01 +4.0119e+00
2029 +3.231000612e+01 +3.231000612e+01 -9.909993879e+00 -9.909993879e+00 -1.5124e+00 -1.4133e+00 +6.4791e-01 +1.2540e-01 +1.5003e+00 -2.7886e-01 +1.1205e+00 -3.1564e+00 -7.3850e-01 +4.0137e+00
2090 +3.026513105e+01 +3.026513105e+01 -1.195486895e+01 -1.195486895e+01 -1.4891e+00 -1.4481e+00 +6.1308e-01 +1.2707e-01 +1.5323e+00 -2.6756e-01 +1.1408e+00 -3.1021e+00 -7.5101e-01 +3.9868e+00
2156 +2.952257472e+01 +2.952257472e+01 -1.269742528e+01 -1.269742528e+01 -1.5266e+00 -1.4552e+00 +6.0879e-01 +1.4879e-01 +1.5331e+00 -2.7654e-01 +1.1458e+00 -3.1272e+00 -7.4131e-01 +3.9743e+00
2266 +2.948157626e+01 +2.948157626e+01 -1.273842374e+01 -1.273842374e+01 -1.5328e+00 -1.4792e+00 +6.0107e-01 +1.3728e-01 +1.5286e+00 -2.8412e-01 +1.1239e+00 -3.1522e+00 -7.5122e-01 +3.9870e+00
2372 +2.861057711e+01 +2.861057711e+01 -1.360942289e+01 -1.360942289e+01 -1.4965e+00 -1.4791e+00 +6.0852e-01 +1.2916e-01 +1.5281e+00 -2.8673e-01 +1.1000e+00 -3.1237e+00 -7.5309e-01 +3.9797e+00
2618 +2.812243259e+01 +2.812243259e+01 -1.409756741e+01 -1.409756741e+01 -1.4847e+00 -1.4789e+00 +5.9984e-01 +1.4295e-01 +1.5343e+00 -2.9093e-01 +1.1129e+00 -3.1317e+00 -7.4571e-01 +3.9807e+00
% function evaluation | noise-free fitness - Fopt (-9.179000000000e+01) | best noise-free fitness - Fopt | measured fitness | best measured fitness | x1 | x2...
1 +4.126236725e+02 +4.126236725e+02 +3.208336725e+02 +3.208336725e+02 +0.0000e+00 +0.0000e+00 +0.0000e+00 +0.0000e+00 +0.0000e+00 +0.0000e+00 +0.0000e+00 +0.0000e+00 +0.0000e+00 +0.0000e+00
2 +3.797246141e+02 +3.797246141e+02 +2.879346141e+02 +2.879346141e+02 -2.2581e+00 -3.0675e+00 -1.3576e-01 -5.1080e+00 +8.0305e-01 -5.9940e-01 +6.4740e-01 +7.9670e-02 +1.2561e+00 -6.3282e-02
3 +3.559654692e+02 +3.559654692e+02 +2.641754692e+02 +2.641754692e+02 -2.2606e+00 -3.1894e+00 -3.1797e-01 -5.2300e+00 +9.1664e-01 -7.2035e-01 +6.5458e-01 +1.8977e-01 +1.4348e+00 +1.0863e-01
5 +3.533982244e+02 +3.533982244e+02 +2.616082244e+02 +2.616082244e+02 -2.3936e+00 -3.0224e+00 -2.2058e-01 -5.2977e+00 +9.1431e-01 -8.2562e-01 +6.7888e-01 +6.8571e-02 +1.3250e+00 -3.5671e-02
25 +3.332372404e+02 +3.332372404e+02 +2.414472404e+02 +2.414472404e+02 -2.1585e+00 -2.9999e+00 -4.4940e-01 -5.3812e+00 +8.8688e-01 -8.2270e-01 +7.1202e-01 +4.9496e-02 +1.3023e+00 -1.7584e-02
71 +3.188975784e+02 +3.188975784e+02 +2.271075784e+02 +2.271075784e+02 -1.9741e+00 -3.0960e+00 -3.9342e-01 -5.1473e+00 +9.8041e-01 -8.4928e-01 +7.0320e-01 +8.5415e-02 +1.3449e+00 -1.0611e-02
116 +3.110173003e+02 +3.110173003e+02 +2.192273003e+02 +2.192273003e+02 -2.0989e+00 -2.9903e+00 -4.5803e-01 -5.0191e+00 +9.1654e-01 -9.0229e-01 +6.3844e-01 +1.1132e-01 +1.4066e+00 +4.3657e-02
154 +3.043254297e+02 +3.043254297e+02 +2.125354297e+02 +2.125354297e+02 -2.0058e+00 -3.0398e+00 -4.6545e-01 -5.1597e+00 +8.8175e-01 -8.9099e-01 +7.2648e-01 +1.4830e-01 +1.4116e+00 -5.6639e-03
176 +2.959482213e+02 +2.959482213e+02 +2.041582213e+02 +2.041582213e+02 -1.9999e+00 -3.0533e+00 -5.1172e-01 -5.0512e+00 +9.3509e-01 -9.0938e-01 +7.6624e-01 +1.7921e-01 +1.4554e+00 -1.0368e-02
180 +2.918836275e+02 +2.918836275e+02 +2.000936275e+02 +2.000936275e+02 -2.0130e+00 -3.1493e+00 -4.4209e-01 -4.8353e+00 +1.0134e+00 -8.5365e-01 +7.2383e-01 +9.6792e-02 +1.4685e+00 +4.0984e-02
198 +2.882528057e+02 +2.882528057e+02 +1.964628057e+02 +1.964628057e+02 -2.0685e+00 -3.0694e+00 -4.2387e-01 -4.9730e+00 +9.5003e-01 -8.6392e-01 +7.8729e-01 +1.7218e-01 +1.4557e+00 +4.0912e-02
242 +2.805919894e+02 +2.805919894e+02 +1.888019894e+02 +1.888019894e+02 -2.0613e+00 -3.1438e+00 -4.0746e-01 -4.8976e+00 +9.1697e-01 -9.0864e-01 +8.1532e-01 +1.1513e-01 +1.4322e+00 +5.1665e-02
286 +2.726740969e+02 +2.726740969e+02 +1.808840969e+02 +1.808840969e+02 -1.9622e+00 -3.1189e+00 -3.6792e-01 -4.7847e+00 +9.2049e-01 -8.9839e-01 +8.0633e-01 +1.8209e-01 +1.4527e+00 -4.0061e-03
462 +2.684189300e+02 +2.684189300e+02 +1.766289300e+02 +1.766289300e+02 -1.7706e+00 -2.9992e+00 -4.3324e-01 -4.8312e+00 +9.1543e-01 -8.3925e-01 +8.7240e-01 +1.4634e-01 +1.4332e+00 +6.9835e-03
% function evaluation | noise-free fitness - Fopt (-1.277000000000e+01) | best noise-free fitness - Fopt | measured fitness | best measured fitness | x1 | x2...
1 +2.896323113e+02 +2.896323113e+02 +2.768623113e+02 +2.768623113e+02 +0.0000e+00 +0.0000e+00 +0.0000e+00 +0.0000e+00 +0.0000e+00 +0.0000e+00 +0.0000e+00 +0.0000e+00 +0.0000e+00 +0.0000e+00
303 +2.627424167e+02 +2.627424167e+02 +2.499724167e+02 +2.499724167e+02 +9.2532e-03 +3.9330e+00 -1.2761e+00 +1.4460e+00 -1.5322e+00 +1.0962e+00 +7.8479e-01 -3.4591e+00 +2.4690e+00 +8.0586e-02
310 +2.464948879e+02 +2.464948879e+02 +2.337248879e+02 +2.337248879e+02 +6.2963e-01 +4.0347e+00 -5.0357e-01 +6.7804e-01 -8.6105e-01 +7.4412e-01 +5.9142e-01 -3.4708e+00 +7.9527e-01 +8.3620e-02
312 +2.156462650e+02 +2.156462650e+02 +2.028762650e+02 +2.028762650e+02 +4.9751e-01 +5.2837e+00 -9.1121e-01 +4.1829e-01 -1.3929e+00 +1.8407e+00 +1.6701e+00 -3.7604e+00 +1.2772e+00 -7.4794e-01
328 +2.071889220e+02 +2.071889220e+02 +1.944189220e+02 +1.944189220e+02 +5.4875e-01 +3.2641e+00 -1.2097e+00 +4.8266e-01 -8.2332e-01 +8.7892e-01 +1.3960e+00 -2.6579e+00 +2.8099e+00 +8.5598e-01
333 +1.945960275e+02 +1.945960275e+02 +1.818260275e+02 +1.818260275e+02 +4.7684e-01 +3.4471e+00 -3.5540e-01 -4.1821e-01 -1.6172e+00 +9.3127e-01 +2.5030e+00 -2.9699e+00 +2.4589e+00 -3.9736e-01
358 +1.479828388e+02 +1.479828388e+02 +1.352128388e+02 +1.352128388e+02 +6.2243e-01 +3.3310e+00 +4.4099e-01 -9.7255e-01 -8.9216e-01 +8.6556e-01 +2.2214e+00 -2.0791e+00 +2.3129e+00 -2.0592e+00
440 +1.331191311e+02 +1.331191311e+02 +1.203491311e+02 +1.203491311e+02 +1.9468e+00 +3.3039e+00 +6.4294e-01 -2.2952e-01 -7.3185e-01 +1.4064e+00 +2.2491e+00 -2.5789e+00 +1.6581e+00 -7.9011e-01
472 +1.249309654e+02 +1.249309654e+02 +1.121609654e+02 +1.121609654e+02 +2.6775e+00 +2.5382e+00 +8.2115e-01 -5.7340e-01 -1.9934e-02 +8.7756e-01 +3.2359e+00 -2.5222e+00 +2.1207e+00 -8.8838e-01
528 +1.168503746e+02 +1.168503746e+02 +1.040803746e+02 +1.040803746e+02 +1.9143e+00 +2.2609e+00 +3.7329e-01 +7.9599e-01 +4.6921e-01 +1.4109e+00 +2.7889e+00 -2.3936e+00 +1.9501e+00 -9.9322e-01
532 +1.043560435e+02 +1.043560435e+02 +9.158604354e+01 +9.158604354e+01 +1.4400e+00 +3.1686e+00 -1.8917e-01 -2.1146e-01 +9.3005e-01 +2.7741e+00 +2.4545e+00 -1.9353e+00 +1.9063e+00 -8.4797e-01
561 +7.674032219e+01 +7.674032219e+01 +6.397032219e+01 +6.397032219e+01 +1.5454e+00 +3.3880e+00 -8.9529e-03 +8.5526e-01 +1.0113e+00 +1.9078e+00 +2.9955e+00 -2.0320e+00 +2.0773e+00 -1.4454e+00
616 +5.894935389e+01 +5.894935389e+01 +4.617935389e+01 +4.617935389e+01 +1.6643e+00 +2.4398e+00 +7.7508e-01 +1.5264e-01 +8.5200e-01 +1.5152e+00 +2.9004e+00 -2.2933e+00 +2.7200e+00 -6.0991e-01
1011 +5.309502140e+01 +5.309502140e+01 +4.032502140e+01 +4.032502140e+01 +1.7165e+00 +2.4629e+00 +6.7725e-01 -5.2540e-01 +9.5743e-01 +1.7233e+00 +2.8730e+00 -1.5804e+00 +2.5795e+00 -8.8369e-01
1097 +4.014107867e+01 +4.014107867e+01 +2.737107867e+01 +2.737107867e+01 +1.7467e+00 +2.1264e+00 +8.8436e-01 -4.7253e-01 +9.3223e-01 +1.9376e+00 +2.9200e+00 -1.5640e+00 +2.6628e+00 -4.5880e-01
1112 +2.882768919e+01 +2.882768919e+01 +1.605768919e+01 +1.605768919e+01 +1.6450e+00 +2.4124e+00 +7.0216e-01 -4.5830e-01 +9.6712e-01 +1.8736e+00 +3.0187e+00 -1.6075e+00 +2.6560e+00 -5.6279e-01
1452 +2.755519970e+01 +2.755519970e+01 +1.478519970e+01 +1.478519970e+01 +1.6443e+00 +2.4334e+00 +7.7547e-01 -5.6602e-01 +1.0692e+00 +1.4499e+00 +2.9494e+00 -1.5433e+00 +2.6620e+00 -4.7104e-01
1474 +2.264361157e+01 +2.264361157e+01 +9.873611571e+00 +9.873611571e+00 +1.6614e+00 +2.4438e+00 +7.9728e-01 -5.7642e-01 +1.0174e+00 +1.4529e+00 +2.9660e+00 -1.5229e+00 +2.6543e+00 -5.3765e-01
1620 +2.043141035e+01 +2.043141035e+01 +7.661410349e+00 +7.661410349e+00 +1.6767e+00 +2.4168e+00 +7.8403e-01 -5.5922e-01 +1.0247e+00 +1.4591e+00 +2.9491e+00 -1.5568e+00 +2.6446e+00 -5.5954e-01
1650 +2.028632369e+01 +2.028632369e+01 +7.516323692e+00 +7.516323692e+00 +1.6816e+00 +2.4177e+00 +7.8284e-01 -5.1145e-01 +1.0087e+00 +1.4654e+00 +2.9684e+00 -1.5641e+00 +2.6438e+00 -5.4795e-01
2002 +1.992856558e+01 +1.992856558e+01 +7.158565585e+00 +7.158565585e+00 +1.6492e+00 +2.3939e+00 +7.6700e-01 -5.3503e-01 +9.8643e-01 +1.4605e+00 +2.9715e+00 -1.5338e+00 +2.6505e+00 -5.3779e-01
2154 +1.927440845e+01 +1.927440845e+01 +6.504408454e+00 +6.504408454e+00 +1.7099e+00 +2.3882e+00 +7.8090e-01 -5.4229e-01 +1.0116e+00 +1.4681e+00 +2.9767e+00 -1.5572e+00 +2.6488e+00 -5.4500e-01
2200 +1.904793947e+01 +1.904793947e+01 +6.277939469e+00 +6.277939469e+00 +1.6961e+00 +2.3934e+00 +7.6481e-01 -5.5683e-01 +9.9493e-01 +1.4621e+00 +2.9716e+00 -1.5491e+00 +2.6470e+00 -5.4449e-01
% function evaluation | noise-free fitness - Fopt (-1.000000000000e+03) | best noise-free fitness - Fopt | measured fitness | best measured fitness | x1 | x2...
1 +2.904555801e+02 +2.904555801e+02 -7.095444199e+02 -7.095444199e+02 +0.0000e+00 +0.0000e+00 +0.0000e+00 +0.0000e+00 +0.0000e+00 +0.0000e+00 +0.0000e+00 +0.0000e+00 +0.0000e+00 +0.0000e+00
125 +2.824032882e+02 +2.824032882e+02 -7.175967118e+02 -7.175967118e+02 +2.4423e-01 +1.2266e+00 -2.1899e+00 -4.8448e+00 +2.9982e-01 -3.8590e-01 +1.1102e+00 +1.2256e+00 +1.0164e-01 -2.4183e-01
134 +2.765562276e+02 +2.765562276e+02 -7.234437724e+02 -7.234437724e+02 +5.0866e-01 +1.2273e+00 -2.1289e+00 -4.7928e+00 +1.6217e-01 -6.3116e-01 +1.0071e+00 +1.1784e+00 +1.6713e-01 -1.7285e-01
135 +2.599496562e+02 +2.599496562e+02 -7.400503438e+02 -7.400503438e+02 +3.4720e-01 +1.5300e+00 -1.9267e+00 -4.8961e+00 +2.7936e-01 -6.0014e-01 +1.1376e+00 +1.3534e+00 -1.3421e-01 -3.6728e-01
191 +2.554837921e+02 +2.554837921e+02 -7.445162079e+02 -7.445162079e+02 +2.5950e-01 +1.5270e+00 -2.0887e+00 -4.3910e+00 -1.2172e-01 -2.4721e-01 +8.2978e-01 +1.9003e+00 +6.6225e-01 +2.8336e-02
206 +2.270850239e+02 +2.270850239e+02 -7.729149761e+02 -7.729149761e+02 +7.6008e-01 +1.5573e+00 -1.9224e+00 -4.5831e+00 +8.0691e-01 -6.7566e-01 +1.6834e+00 +1.5189e+00 +4.1931e-01 -5.4326e-01
225 +2.081914084e+02 +2.081914084e+02 -7.918085916e+02 -7.918085916e+02 +7.6258e-01 +1.3766e+00 -2.0678e+00 -3.9213e+00 +2.2214e-01 -6.4760e-01 +1.4062e+00 +2.1698e+00 +2.2431e-01 -2.1587e-01
355 +2.005165067e+02 +2.005165067e+02 -7.994834933e+02 -7.994834933e+02 +6.5574e-01 +1.4760e+00 -1.2727e+00 -4.5876e+00 +8.2776e-01 -3.7202e-01 +1.4439e+00 +2.4777e+00 +5.1023e-01 -5.6638e-01
378 +1.917842158e+02 +1.917842158e+02 -8.082157842e+02 -8.082157842e+02 +5.3389e-01 +1.2887e+00 -1.1930e+00 -3.9620e+00 +4.6462e-01 +3.5708e-02 +2.0214e+00 +2.2041e+00 +6.8658e-01 -3.4374e-01
385 +1.770723525e+02 +1.770723525e+02 -8.229276475e+02 -8.229276475e+02 +1.9577e-01 +1.4711e+00 -1.3129e+00 -4.0610e+00 +3.6245e-01 -4.3411e-02 +2.0951e+00 +2.9093e+00 +1.3884e-01 -1.1057e+00
422 +1.548562677e+02 +1.548562677e+02 -8.451437323e+02 -8.451437323e+02 +9.5340e-01 +1.0495e+00 -5.9493e-01 -3.7692e+00 +2.5866e-01 -7.6906e-02 +2.1381e+00 +3.8873e+00 +7.8072e-01 -5.4275e-01
458 +1.361860205e+02 +1.361860205e+02 -8.638139795e+02 -8.638139795e+02 +7.9344e-01 +9.7527e-01 +7.0498e-01 -2.8178e+00 +8.9798e-01 +8.1772e-03 +2.9025e+00 +2.7926e+00 +7.3094e-01 -5.3280e-01
519 +1.157862726e+02 +1.157862726e+02 -8.842137274e+02 -8.842137274e+02 +9.8303e-01 +2.0391e+00 -2.1483e-01 -1.8979e+00 +7.8751e-01 -9.3187e-02 +2.8690e+00 +2.4885e+00 +6.8811e-01 -6.3622e-01
553 +1.107899476e+02 +1.107899476e+02 -8.892100524e+02 -8.892100524e+02 +1.8815e-01 +1.5602e+00 +1.1706e+00 -3.3724e+00 +6.3436e-01 -2.2105e-01 +2.8783e+00 +3.6423e+00 +1.4412e+00 -1.6255e+00
622 +1.056215567e+02 +1.056215567e+02 -8.943784433e+02 -8.943784433e+02 +2.1912e-01 +1.5491e+00 +1.4207e-01 -1.7681e+00 +6.8475e-01 -8.6104e-02 +3.1792e+00 +2.9880e+00 +1.3282e+00 -9.1658e-01
648 +9.739917353e+01 +9.739917353e+01 -9.026008265e+02 -9.026008265e+02 -4.8258e-01 +1.4487e+00 +6.4528e-02 -1.7807e+00 +7.6750e-01 +9.6163e-01 +3.0397e+00 +3.3243e+00 +6.5653e-01 -6.0145e-01
691 +8.643214159e+01 +8.643214159e+01 -9.135678584e+02 -9.135678584e+02 -5.9672e-02 +8.9701e-01 +1.2238e-01 -1.5934e+00 +8.3011e-01 +4.9127e-01 +3.9827e+00 +3.2176e+00 +1.1604e+00 -1.6207e+00
765 +8.207788359e+01 +8.207788359e+01 -9.179221164e+02 -9.179221164e+02 +3.3752e-02 -8.8716e-01 +1.7043e+00 -1.8624e+00 +8.4580e-01 +3.9125e-01 +3.2348e+00 +3.2496e+00 +6.2735e-01 -4.3878e-02
897 +6.821723645e+01 +6.821723645e+01 -9.317827635e+02 -9.317827635e+02 -1.9797e-02 -2.1525e+00 +1.8937e+00 -1.4526e+00 +1.0161e+00 -1.2229e-01 +3.4455e+00 +3.6778e+00 +1.1037e+00 -1.2568e+00
1639 +6.353177617e+01 +6.353177617e+01 -9.364682238e+02 -9.364682238e+02 +9.7729e-01 -1.0272e+00 +2.5068e+00 -1.7556e+00 +7.6819e-01 +1.4137e+00 +3.1315e+00 +3.2619e+00 +1.4624e+00 -8.5446e-01
1741 +5.101752907e+01 +5.101752907e+01 -9.489824709e+02 -9.489824709e+02 +8.9046e-01 -1.0633e+00 +2.5479e+00 -1.7511e+00 +7.5544e-01 +9.8706e-01 +3.8589e+00 +3.3239e+00 +1.0009e+00 -5.3440e-01
1793 +4.569880641e+01 +4.569880641e+01 -9.543011936e+02 -9.543011936e+02 +9.0757e-01 -1.0272e+00 +2.6310e+00 -1.8244e+00 +9.7958e-01 +9.2605e-01 +3.4294e+00 +3.7041e+00 +1.4541e+00 -5.9912e-01
1809 +4.296553501e+01 +4.296553501e+01 -9.570344650e+02 -9.570344650e+02 +9.9473e-01 -9.1555e-01 +2.5318e+00 -1.7438e+00 +8.3759e-01 +9.8609e-01 +3.5351e+00 +3.3264e+00 +1.1766e+00 -3.5790e-01
1892 +3.424047519e+01 +3.424047519e+01 -9.657595248e+02 -9.657595248e+02 +8.9322e-01 -1.0286e+00 +2.5150e+00 -1.8245e+00 +8.2534e-01 +9.3748e-01 +3.3441e+00 +3.3628e+00 +1.4318e+00 -3.2566e-01
2024 +2.485291571e+01 +2.485291571e+01 -9.751470843e+02 -9.751470843e+02 +9.8784e-01 -9.6240e-01 +2.5760e+00 -1.8673e+00 +7.3581e-01 +9.5890e-01 +3.4123e+00 +3.3444e+00 +1.4208e+00 -3.3708e-01
2350 +2.411113699e+01 +2.411113699e+01 -9.758888630e+02 -9.758888630e+02 +9.4851e-01 -9.4644e-01 +2.4830e+00 -1.8760e+00 +7.6470e-01 +9.2805e-01 +3.4144e+00 +3.3267e+00 +1.4668e+00 -3.3714e-01
2354 +2.385956896e+01 +2.385956896e+01 -9.761404310e+02 -9.761404310e+02 +9.5538e-01 -9.5146e-01 +2.5034e+00 -1.8739e+00 +7.4185e-01 +9.4051e-01 +3.4045e+00 +3.3264e+00 +1.4566e+00 -3.2693e-01
2376 +2.310107387e+01 +2.310107387e+01 -9.768989261e+02 -9.768989261e+02 +9.4544e-01 -9.5819e-01 +2.5320e+00 -1.8679e+00 +7.4158e-01 +9.4312e-01 +3.4131e+00 +3.3130e+00 +1.4484e+00 -3.4045e-01
2398 +2.266823856e+01 +2.266823856e+01 -9.773317614e+02 -9.773317614e+02 +9.2597e-01 -9.5924e-01 +2.5158e+00 -1.8606e+00 +7.4535e-01 +9.5227e-01 +3.4252e+00 +3.3181e+00 +1.4581e+00 -3.4343e-01
2420 +2.159520531e+01 +2.159520531e+01 -9.784047947e+02 -9.784047947e+02 +9.5708e-01 -9.5383e-01 +2.5130e+00 -1.8603e+00 +7.5301e-01 +9.4689e-01 +3.4363e+00 +3.3289e+00 +1.4624e+00 -3.4169e-01
2625 +2.094356412e+01 +2.094356412e+01 -9.790564359e+02 -9.790564359e+02 +9.9036e-01 -9.3853e-01 +2.5652e+00 -1.8525e+00 +7.6278e-01 +9.4443e-01 +3.4064e+00 +3.3394e+00 +1.4594e+00 -3.5694e-01
2662 +2.074583746e+01 +2.074583746e+01 -9.792541625e+02 -9.792541625e+02 +9.8040e-01 -9.4990e-01 +2.5560e+00 -1.8378e+00 +7.6322e-01 +9.5365e-01 +3.4218e+00 +3.3472e+00 +1.4544e+00 -3.4731e-01
2904 +2.030485356e+01 +2.030485356e+01 -9.796951464e+02 -9.796951464e+02 +9.6641e-01 -9.4673e-01 +2.5680e+00 -1.8465e+00 +7.7624e-01 +9.4560e-01 +3.4265e+00 +3.3407e+00 +1.4589e+00 -3.5017e-01
3278 +1.994689232e+01 +1.994689232e+01 -9.800531077e+02 -9.800531077e+02 +9.8418e-01 -9.5765e-01 +2.5692e+00 -1.8616e+00 +7.6869e-01 +9.4548e-01 +3.4332e+00 +3.3369e+00 +1.4666e+00 -3.4604e-01
% function evaluation | noise-free fitness - Fopt (-1.000000000000e+03) | best noise-free fitness - Fopt | measured fitness | best measured fitness | x1 | x2...
1 +2.603018159e+02 +2.603018159e+02 -7.396981841e+02 -7.396981841e+02 +0.0000e+00 +0.0000e+00 +0.0000e+00 +0.0000e+00 +0.0000e+00 +0.0000e+00 +0.0000e+00 +0.0000e+00 +0.0000e+00 +0.0000e+00
241 +2.537674435e+02 +2.537674435e+02 -7.462325565e+02 -7.462325565e+02 -1.5440e+00 -3.3796e+00 +1.1245e+00 +1.1238e+00 +7.4966e-01 -8.6771e-01 -3.0044e-01 +1.8792e-01 +1.1035e+00 +1.0594e-01
249 +2.444087059e+02 +2.444087059e+02 -7.555912941e+02 -7.555912941e+02 -1.5640e+00 -2.8490e+00 +1.5605e+00 +8.1226e-01 +4.6811e-01 +2.7261e-01 -7.9441e-01 -5.5848e-01 +1.6760e+00 +8.1042e-01
251 +2.097206998e+02 +2.097206998e+02 -7.902793002e+02 -7.902793002e+02 -1.8161e+00 -2.1150e+00 +1.2227e+00 +1.4020e+00 +1.0438e+00 -8.1106e-02 -5.6912e-03 +4.9523e-01 +1.2583e+00 +3.3688e-01
272 +1.845276043e+02 +1.845276043e+02 -8.154723957e+02 -8.154723957e+02 -1.6911e+00 -3.0839e+00 +5.5492e-01 +1.0134e+00 +8.3545e-01 -1.1777e+00 -3.8493e-01 +1.3402e+00 +5.0248e-01 +6.8223e-01
303 +1.732820617e+02 +1.732820617e+02 -8.267179383e+02 -8.267179383e+02 -2.1828e+00 -3.2860e+00 +1.3667e+00 +7.8807e-01 +9.6574e-02 -2.4195e-01 -1.5733e+00 +8.8188e-01 +1.3062e+00 +2.0515e+00
310 +1.073457903e+02 +1.073457903e+02 -8.926542097e+02 -8.926542097e+02 -1.9252e+00 -2.1318e+00 +9.8047e-01 +1.3773e+00 +1.4825e-01 +3.4120e-01 -3.0964e-01 +1.2802e+00 +8.1417e-01 +1.7349e+00
380 +8.487778261e+01 +8.487778261e+01 -9.151222174e+02 -9.151222174e+02 -1.7499e+00 -1.6796e+00 +8.2942e-01 +2.1421e+00 +5.2322e-02 -7.1808e-01 +2.7354e-01 +3.2215e+00 +5.7135e-01 +2.0680e+00
864 +8.232329363e+01 +8.232329363e+01 -9.176767064e+02 -9.176767064e+02 -9.0298e-02 -1.0558e+00 +8.1275e-01 +2.2508e+00 -3.5605e-01 -1.8035e+00 -5.3865e-01 +3.5962e+00 +8.2779e-01 +2.5450e+00
1094 +8.001679081e+01 +8.001679081e+01 -9.199832092e+02 -9.199832092e+02 +3.2888e-01 +5.2852e-01 +6.2308e-01 +1.8776e+00 -3.1447e-01 -1.8349e+00 -3.2023e-01 +2.6577e+00 +8.8280e-01 +2.0610e+00
1304 +7.107485695e+01 +7.107485695e+01 -9.289251431e+02 -9.289251431e+02 +4.2974e-01 -1.4582e-01 +1.8175e-02 +2.7102e+00 +4.1063e-01 -7.5628e-01 -8.4170e-02 +2.0834e+00 +7.6607e-01 +1.7833e+00
1310 +6.657975701e+01 +6.657975701e+01 -9.334202430e+02 -9.334202430e+02 +1.4281e-01 +7.3914e-01 +3.6591e-01 +2.2600e+00 +7.5541e-01 -7.5144e-01 +7.0897e-03 +2.7229e+00 +8.3948e-01 +2.0137e+00
1458 +4.741979605e+01 +4.741979605e+01 -9.525802039e+02 -9.525802039e+02 +3.7541e-01 +5.4417e-01 +6.9017e-01 +2.7581e+00 -2.9268e-01 -6.5839e-01 -1.2305e-01 +2.3562e+00 +8.9930e-01 +2.0497e+00
1532 +4.407930596e+01 +4.407930596e+01 -9.559206940e+02 -9.559206940e+02 +2.8405e-01 +3.9833e-01 +4.5653e-02 +2.6922e+00 +1.9426e-01 -7.6192e-01 -6.7781e-02 +2.3689e+00 +8.8650e-01 +2.3686e+00
1592 +2.998875937e+01 +2.998875937e+01 -9.700112406e+02 -9.700112406e+02 +1.8146e-01 +5.5338e-01 +3.6504e-02 +2.6993e+00 +1.9801e-01 -8.4342e-01 -1.0538e-01 +2.3796e+00 +8.2396e-01 +2.0739e+00
1606 +2.686886479e+01 +2.686886479e+01 -9.731311352e+02 -9.731311352e+02 +2.1868e-01 +5.5701e-01 +4.1717e-02 +2.7473e+00 +1.6501e-01 -7.8623e-01 -1.1434e-01 +2.4339e+00 +8.0734e-01 +2.1150e+00
1694 +2.128551722e+01 +2.128551722e+01 -9.787144828e+02 -9.787144828e+02 +2.3023e-01 +6.0797e-01 +6.8042e-02 +2.7724e+00 +1.8117e-01 -7.6007e-01 -1.8233e-01 +2.3860e+00 +8.1621e-01 +2.1114e+00
1716 +1.915862201e+01 +1.915862201e+01 -9.808413780e+02 -9.808413780e+02 +2.0521e-01 +6.3713e-01 +1.1443e-01 +2.7534e+00 +1.5048e-01 -8.0012e-01 -1.4514e-01 +2.3825e+00 +8.3339e-01 +2.0933e+00
1936 +1.777272621e+01 +1.777272621e+01 -9.822272738e+02 -9.822272738e+02 +1.5732e-01 +6.7653e-01 +8.5351e-02 +2.7369e+00 +1.8275e-01 -7.7098e-01 -1.3079e-01 +2.3770e+00 +8.1218e-01 +2.0875e+00
2112 +1.726383850e+01 +1.726383850e+01 -9.827361615e+02 -9.827361615e+02 +1.7004e-01 +6.6569e-01 +1.0245e-01 +2.7362e+00 +1.6052e-01 -7.7563e-01 -1.4156e-01 +2.3850e+00 +8.2483e-01 +2.0846e+00
2442 +1.698151129e+01 +1.698151129e+01 -9.830184887e+02 -9.830184887e+02 +2.0408e-01 +6.6131e-01 +9.2933e-02 +2.7336e+00 +1.7469e-01 -7.7029e-01 -1.4139e-01 +2.3851e+00 +8.2779e-01 +2.0881e+00
