% function evaluation | noise-free fitness - Fopt (3.590000000000e+01) | best noise-free fitness - Fopt | measured fitness | best measured fitness | x1 | x2...
1 +1.143844717e+02 +1.143844717e+02 +1.502844717e+02 +1.502844717e+02 +0.0000e+00 +0.0000e+00 +0.0000e+00
2 +7.330288906e+01 +7.330288906e+01 +1.092028891e+02 +1.092028891e+02 -5.6823e-01 +1.4971e+00 -2.3381e+00
32 +6.989657820e+01 +6.989657820e+01 +1.057965782e+02 +1.057965782e+02 -6.9949e-01 +1.5792e+00 -2.2525e+00
54 +6.058909689e+01 +6.058909689e+01 +9.648909689e+01 +9.648909689e+01 -7.2586e-01 +1.6542e+00 -1.8792e+00
71 +5.627466737e+01 +5.627466737e+01 +9.217466737e+01 +9.217466737e+01 -7.5000e-01 +1.7955e+00 -1.7322e+00
84 +5.045316455e+01 +5.045316455e+01 +8.635316455e+01 +8.635316455e+01 -5.3941e-01 +1.5796e+00 -1.4757e+00
99 +4.833782544e+01 +4.833782544e+01 +8.423782544e+01 +8.423782544e+01 -7.3365e-01 +1.5316e+00 -1.3829e+00
121 +4.623506512e+01 +4.623506512e+01 +8.213506512e+01 +8.213506512e+01 -5.6069e-01 +1.4416e+00 -1.2615e+00
171 +4.414355320e+01 +4.414355320e+01 +8.004355320e+01 +8.004355320e+01 -4.3990e-01 +1.5632e+00 -1.1700e+00
212 +4.100874428e+01 +4.100874428e+01 +7.690874428e+01 +7.690874428e+01 -2.6656e-01 +1.5190e+00 -9.5525e-01
239 +4.008611512e+01 +4.008611512e+01 +7.598611512e+01 +7.598611512e+01 -1.7983e-01 +1.3576e+00 -8.6289e-01
246 +3.743902327e+01 +3.743902327e+01 +7.333902327e+01 +7.333902327e+01 +5.0804e-01 +1.4796e+00 -7.1187e-01
260 +3.217030583e+01 +3.217030583e+01 +6.807030583e+01 +6.807030583e+01 +1.9114e-01 +1.5039e+00 -5.6734e-01
267 +2.535969074e+01 +2.535969074e+01 +6.125969074e+01 +6.125969074e+01 +1.2496e+00 +1.5253e+00 -1.6906e-01
273 +2.186089575e+01 +2.186089575e+01 +5.776089575e+01 +5.776089575e+01 +6.9920e-01 +1.3324e+00 +1.7283e-01
306 +2.005468995e+01 +2.005468995e+01 +5.595468995e+01 +5.595468995e+01 +1.2490e+00 +8.8870e-01 +3.9500e-01
310 +1.292806837e+01 +1.292806837e+01 +4.882806837e+01 +4.882806837e+01 +2.3310e+00 +8.6561e-01 +9.1640e-01
323 +6.105421183e+00 +6.105421183e+00 +4.200542118e+01 +4.200542118e+01 +2.3285e+00 +5.3529e-01 +1.6156e+00
366 +5.738666206e+00 +5.738666206e+00 +4.163866621e+01 +4.163866621e+01 +3.1141e+00 +3.7425e-01 +1.9245e+00
426 +2.108428760e+00 +2.108428760e+00 +3.800842876e+01 +3.800842876e+01 +2.9176e+00 +7.6100e-01 +2.1698e+00
468 +1.685585219e+00 +1.685585219e+00 +3.758558522e+01 +3.758558522e+01 +2.8043e+00 +5.2512e-01 +2.2522e+00
496 +4.148243611e-01 +4.148243611e-01 +3.631482436e+01 +3.631482436e+01 +2.8907e+00 +1.2954e+00 +2.4457e+00
524 +3.052079335e-01 +3.052079335e-01 +3.620520793e+01 +3.620520793e+01 +2.9216e+00 +8.5215e-01 +2.5246e+00
578 +1.692346282e-01 +1.692346282e-01 +3.606923463e+01 +3.606923463e+01 +2.8591e+00 +1.0239e+00 +2.4995e+00
625 +1.606169304e-01 +1.606169304e-01 +3.606061693e+01 +3.606061693e+01 +2.7479e+00 +9.3922e-01 +2.5003e+00
641 +1.530723819e-01 +1.530723819e-01 +3.605307238e+01 +3.605307238e+01 +2.7726e+00 +9.6068e-01 +2.4971e+00
687 +9.002713133e-02 +9.002713133e-02 +3.599002713e+01 +3.599002713e+01 +2.7286e+00 +1.0482e+00 +2.4891e+00
732 +5.883198930e-02 +5.883198930e-02 +3.595883199e+01 +3.595883199e+01 +2.7980e+00 +1.1003e+00 +2.5225e+00
757 +4.074721764e-02 +4.074721764e-02 +3.594074722e+01 +3.594074722e+01 +2.7959e+00 +1.0705e+00 +2.5417e+00
789 +2.247467197e-02 +2.247467197e-02 +3.592247467e+01 +3.592247467e+01 +2.8465e+00 +1.0345e+00 +2.6013e+00
950 +2.120435626e-02 +2.120435626e-02 +3.592120436e+01 +3.592120436e+01 +2.8164e+00 +1.0591e+00 +2.5727e+00
1031 +1.496672138e-02 +1.496672138e-02 +3.591496672e+01 +3.591496672e+01 +2.8121e+00 +1.0668e+00 +2.5770e+00
1155 +1.057178172e-02 +1.057178172e-02 +3.591057178e+01 +3.591057178e+01 +2.8189e+00 +1.0552e+00 +2.5956e+00
1205 +9.525117628e-03 +9.525117628e-03 +3.590952512e+01 +3.590952512e+01 +2.8090e+00 +1.0587e+00 +2.5898e+00
1248 +8.751163301e-03 +8.751163301e-03 +3.590875116e+01 +3.590875116e+01 +2.8131e+00 +1.0690e+00 +2.5889e+00
1252 +6.125998737e-03 +6.125998737e-03 +3.590612600e+01 +3.590612600e+01 +2.7953e+00 +1.0736e+00 +2.5846e+00
1324 +4.932122493e-03 +4.932122493e-03 +3.590493212e+01 +3.590493212e+01 +2.8002e+00 +1.0741e+00 +2.5893e+00
1373 +4.842686206e-03 +4.842686206e-03 +3.590484269e+01 +3.590484269e+01 +2.7986e+00 +1.0774e+00 +2.5863e+00
1377 +3.004450176e-03 +3.004450176e-03 +3.590300445e+01 +3.590300445e+01 +2.7927e+00 +1.0875e+00 +2.5850e+00
1419 +2.940714583e-03 +2.940714583e-03 +3.590294071e+01 +3.590294071e+01 +2.8018e+00 +1.0883e+00 +2.5900e+00
1490 +1.882399425e-03 +1.882399425e-03 +3.590188240e+01 +3.590188240e+01 +2.7957e+00 +1.0915e+00 +2.5908e+00
1506 +1.467927316e-03 +1.467927316e-03 +3.590146793e+01 +3.590146793e+01 +2.7960e+00 +1.0977e+00 +2.5893e+00
1547 +1.426436696e-03 +1.426436696e-03 +3.590142644e+01 +3.590142644e+01 +2.7956e+00 +1.0996e+00 +2.5886e+00
1578 +1.343030213e-03 +1.343030213e-03 +3.590134303e+01 +3.590134303e+01 +2.7889e+00 +1.1017e+00 +2.5839e+00
1595 +1.042513899e-03 +1.042513899e-03 +3.590104251e+01 +3.590104251e+01 +2.7929e+00 +1.1008e+00 +2.5884e+00
1611 +9.822312452e-04 +9.822312452e-04 +3.590098223e+01 +3.590098223e+01 +2.7865e+00 +1.1004e+00 +2.5854e+00
1624 +9.364215989e-04 +9.364215989e-04 +3.590093642e+01 +3.590093642e+01 +2.7915e+00 +1.0991e+00 +2.5894e+00
1630 +2.948831974e-04 +2.948831974e-04 +3.590029488e+01 +3.590029488e+01 +2.7874e+00 +1.1052e+00 +2.5890e+00
1645 +2.379120000e-04 +2.379120000e-04 +3.590023791e+01 +3.590023791e+01 +2.7854e+00 +1.1083e+00 +2.5870e+00
2012 +2.271711977e-04 +2.271711977e-04 +3.590022717e+01 +3.590022717e+01 +2.7795e+00 +1.1147e+00 +2.5831e+00
2026 +9.267818515e-05 +9.267818515e-05 +3.590009268e+01 +3.590009268e+01 +2.7802e+00 +1.1139e+00 +2.5847e+00
2030 +8.766747482e-05 +8.766747482e-05 +3.590008767e+01 +3.590008767e+01 +2.7814e+00 +1.1120e+00 +2.5854e+00
2093 +5.343562218e-05 +5.343562218e-05 +3.590005344e+01 +3.590005344e+01 +2.7804e+00 +1.1125e+00 +2.5858e+00
2108 +5.149613882e-05 +5.149613882e-05 +3.590005150e+01 +3.590005150e+01 +2.7809e+00 +1.1130e+00 +2.5856e+00
2116 +1.584981162e-05 +1.584981162e-05 +3.590001585e+01 +3.590001585e+01 +2.7822e+00 +1.1136e+00 +2.5868e+00
2182 +1.299350983e-05 +1.299350983e-05 +3.590001299e+01 +3.590001299e+01 +2.7813e+00 +1.1131e+00 +2.5866e+00
2261 +4.470984848e-06 +4.470984848e-06 +3.590000447e+01 +3.590000447e+01 +2.7819e+00 +1.1131e+00 +2.5871e+00
2298 +3.584909727e-06 +3.584909727e-06 +3.590000358e+01 +3.590000358e+01 +2.7817e+00 +1.1133e+00 +2.5870e+00
2340 +1.837736619e-06 +1.837736619e-06 +3.590000184e+01 +3.590000184e+01 +2.7816e+00 +1.1136e+00 +2.5870e+00
2449 +1.719484786e-06 +1.719484786e-06 +3.590000172e+01 +3.590000172e+01 +2.7817e+00 +1.1132e+00 +2.5871e+00
2668 +9.573256747e-07 +9.573256747e-07 +3.590000096e+01 +3.590000096e+01 +2.7814e+00 +1.1136e+00 +2.5870e+00
2771 +9.223720099e-07 +9.223720099e-07 +3.590000092e+01 +3.590000092e+01 +2.7817e+00 +1.1135e+00 +2.5871e+00
2790 +3.460715305e-07 +3.460715305e-07 +3.590000035e+01 +3.590000035e+01 +2.7817e+00 +1.1136e+00 +2.5871e+00
2907 +2.892058362e-07 +2.892058362e-07 +3.590000029e+01 +3.590000029e+01 +2.7816e+00 +1.1135e+00 +2.5871e+00
2946 +9.944404411e-08 +9.944404411e-08 +3.590000010e+01 +3.590000010e+01 +2.7816e+00 +1.1136e+00 +2.5872e+00
2998 +6.853812096e-08 +6.853812096e-08 +3.590000007e+01 +3.590000007e+01 +2.7816e+00 +1.1136e+00 +2.5872e+00
3054 +5.021574623e-08 +5.021574623e-08 +3.590000005e+01 +3.590000005e+01 +2.7816e+00 +1.1136e+00 +2.5872e+00
3105 +3.106649871e-08 +3.106649871e-08 +3.590000003e+01 +3.590000003e+01 +2.7816e+00 +1.1136e+00 +2.5872e+00
3130 +1.803267224e-08 +1.803267224e-08 +3.590000002e+01 +3.590000002e+01 +2.7816e+00 +1.1136e+00 +2.5872e+00
% function evaluation | noise-free fitness - Fopt (3.137000000000e+01) | best noise-free fitness - Fopt | measured fitness | best measured fitness | x1 | x2...
1 +6.057820710e+01 +6.057820710e+01 +9.194820710e+01 +9.194820710e+01 +0.0000e+00 +0.0000e+00 +0.0000e+00
139 +2.586315901e+01 +2.586315901e+01 +5.723315901e+01 +5.723315901e+01 -5.8775e-01 -1.1153e-01 -1.1291e+00
144 +1.020554502e+01 +1.020554502e+01 +4.157554502e+01 +4.157554502e+01 -2.7427e-01 +7.6161e-01 -2.5147e+00
246 +8.997608996e+00 +8.997608996e+00 +4.036760900e+01 +4.036760900e+01 -5.8001e-02 +3.1499e+00 -2.7827e+00
284 +6.806851196e+00 +6.806851196e+00 +3.817685120e+01 +3.817685120e+01 -4.5120e-01 +1.9656e+00 -2.4606e+00
294 +6.412367263e+00 +6.412367263e+00 +3.778236726e+01 +3.778236726e+01 +1.8569e-01 +2.7982e+00 -3.1410e+00
313 +1.342207183e+00 +1.342207183e+00 +3.271220718e+01 +3.271220718e+01 -4.6863e-02 +2.1209e+00 -3.5842e+00
511 +8.942200828e-01 +8.942200828e-01 +3.226422008e+01 +3.226422008e+01 -3.0299e-01 +2.0392e+00 -3.4514e+00
686 +7.463442271e-01 +7.463442271e-01 +3.211634423e+01 +3.211634423e+01 -2.5867e-02 +2.1732e+00 -3.7340e+00
729 +6.201725668e-01 +6.201725668e-01 +3.199017257e+01 +3.199017257e+01 -1.4214e-01 +2.3294e+00 -3.7840e+00
737 +4.595185886e-01 +4.595185886e-01 +3.182951859e+01 +3.182951859e+01 +6.2551e-02 +2.0942e+00 -3.9627e+00
885 +4.120515635e-01 +4.120515635e-01 +3.178205156e+01 +3.178205156e+01 -1.2111e-02 +2.2093e+00 -3.9011e+00
932 +3.043810052e-01 +3.043810052e-01 +3.167438101e+01 +3.167438101e+01 -6.4560e-02 +2.1587e+00 -3.8928e+00
942 +2.291401300e-01 +2.291401300e-01 +3.159914013e+01 +3.159914013e+01 -1.9000e-01 +2.0478e+00 -3.7759e+00
1131 +1.549817691e-01 +1.549817691e-01 +3.152498177e+01 +3.152498177e+01 -6.8997e-02 +2.0255e+00 -3.9683e+00
1197 +1.443249448e-01 +1.443249448e-01 +3.151432494e+01 +3.151432494e+01 -2.6356e-01 +2.0197e+00 -3.7697e+00
1248 +5.735401168e-02 +5.735401168e-02 +3.142735401e+01 +3.142735401e+01 -1.9821e-01 +1.9164e+00 -3.8688e+00
1328 +4.145453629e-02 +4.145453629e-02 +3.141145454e+01 +3.141145454e+01 -2.0367e-01 +1.9340e+00 -3.8809e+00
1382 +2.551925464e-02 +2.551925464e-02 +3.139551925e+01 +3.139551925e+01 -1.9313e-01 +1.9436e+00 -3.9243e+00
1403 +2.243679590e-02 +2.243679590e-02 +3.139243680e+01 +3.139243680e+01 -2.4017e-01 +1.9136e+00 -3.8598e+00
1461 +1.909394268e-02 +1.909394268e-02 +3.138909394e+01 +3.138909394e+01 -2.7351e-01 +1.8768e+00 -3.8356e+00
1534 +6.218131885e-03 +6.218131885e-03 +3.137621813e+01 +3.137621813e+01 -2.6284e-01 +1.9051e+00 -3.8655e+00
1567 +4.300368506e-03 +4.300368506e-03 +3.137430037e+01 +3.137430037e+01 -2.6649e-01 +1.8987e+00 -3.8682e+00
1793 +1.974092236e-03 +1.974092236e-03 +3.137197409e+01 +3.137197409e+01 -2.7412e-01 +1.9041e+00 -3.8703e+00
1840 +1.359530068e-03 +1.359530068e-03 +3.137135953e+01 +3.137135953e+01 -2.6860e-01 +1.9004e+00 -3.8756e+00
1845 +5.520639320e-04 +5.520639320e-04 +3.137055206e+01 +3.137055206e+01 -2.6858e-01 +1.9055e+00 -3.8817e+00
1974 +5.171483053e-04 +5.171483053e-04 +3.137051715e+01 +3.137051715e+01 -2.6800e-01 +1.9039e+00 -3.8819e+00
2078 +4.679536908e-04 +4.679536908e-04 +3.137046795e+01 +3.137046795e+01 -2.6791e-01 +1.9042e+00 -3.8831e+00
2109 +3.234758207e-04 +3.234758207e-04 +3.137032348e+01 +3.137032348e+01 -2.6983e-01 +1.9012e+00 -3.8811e+00
2256 +2.803542749e-04 +2.803542749e-04 +3.137028035e+01 +3.137028035e+01 -2.6932e-01 +1.9024e+00 -3.8824e+00
2257 +8.078617732e-05 +8.078617732e-05 +3.137008079e+01 +3.137008079e+01 -2.7063e-01 +1.8998e+00 -3.8835e+00
2371 +6.136207864e-05 +6.136207864e-05 +3.137006136e+01 +3.137006136e+01 -2.6973e-01 +1.8990e+00 -3.8845e+00
2471 +3.784601923e-05 +3.784601923e-05 +3.137003785e+01 +3.137003785e+01 -2.7041e-01 +1.8976e+00 -3.8841e+00
2516 +1.763103598e-05 +1.763103598e-05 +3.137001763e+01 +3.137001763e+01 -2.7064e-01 +1.8975e+00 -3.8846e+00
2613 +1.423077839e-05 +1.423077839e-05 +3.137001423e+01 +3.137001423e+01 -2.7193e-01 +1.8977e+00 -3.8835e+00
2633 +1.147691998e-05 +1.147691998e-05 +3.137001148e+01 +3.137001148e+01 -2.7177e-01 +1.8973e+00 -3.8835e+00
2654 +8.737923171e-06 +8.737923171e-06 +3.137000874e+01 +3.137000874e+01 -2.7131e-01 +1.8976e+00 -3.8841e+00
2702 +8.472912167e-06 +8.472912167e-06 +3.137000847e+01 +3.137000847e+01 -2.7142e-01 +1.8972e+00 -3.8839e+00
2716 +6.046468283e-06 +6.046468283e-06 +3.137000605e+01 +3.137000605e+01 -2.7148e-01 +1.8974e+00 -3.8840e+00
2719 +2.871382240e-06 +2.871382240e-06 +3.137000287e+01 +3.137000287e+01 -2.7159e-01 +1.8971e+00 -3.8841e+00
2783 +2.410047397e-06 +2.410047397e-06 +3.137000241e+01 +3.137000241e+01 -2.7167e-01 +1.8972e+00 -3.8840e+00
2798 +1.898818670e-06 +1.898818670e-06 +3.137000190e+01 +3.137000190e+01 -2.7197e-01 +1.8970e+00 -3.8838e+00
2864 +9.296622281e-07 +9.296622281e-07 +3.137000093e+01 +3.137000093e+01 -2.7182e-01 +1.8968e+00 -3.8840e+00
2990 +9.112917638e-07 +9.112917638e-07 +3.137000091e+01 +3.137000091e+01 -2.7174e-01 +1.8970e+00 -3.8841e+00
3003 +8.787171701e-07 +8.787171701e-07 +3.137000088e+01 +3.137000088e+01 -2.7182e-01 +1.8970e+00 -3.8840e+00
3018 +2.686880052e-07 +2.686880052e-07 +3.137000027e+01 +3.137000027e+01 -2.7193e-01 +1.8968e+00 -3.8840e+00
3115 +2.621733728e-07 +2.621733728e-07 +3.137000026e+01 +3.137000026e+01 -2.7193e-01 +1.8969e+00 -3.8840e+00
% function evaluation | noise-free fitness - Fopt (-1.000000000000e+03) | best noise-free fitness - Fopt | measured fitness | best measured fitness | x1 | x2...
1 +6.079703817e+04 +6.079703817e+04 +5.979703817e+04 +5.979703817e+04 +0.0000e+00 +0.0000e+00 +0.0000e+00
78 +5.105864815e+04 +5.105864815e+04 +5.005864815e+04 +5.005864815e+04 +8.8684e-01 -1.2527e+00 -2.6954e-01
86 +4.404944198e+04 +4.404944198e+04 +4.304944198e+04 +4.304944198e+04 +1.4113e+00 -9.3306e-01 +3.0767e-01
87 +4.139717763e+04 +4.139717763e+04 +4.039717763e+04 +4.039717763e+04 +1.8489e+00 -1.3617e+00 +3.5172e-01
93 +1.281253758e+04 +1.281253758e+04 +1.181253758e+04 +1.181253758e+04 -3.6996e+00 -2.2948e+00 +4.4896e-01
110 +7.964103904e+03 +7.964103904e+03 +6.964103904e+03 +6.964103904e+03 -3.9880e+00 -1.2016e+00 +3.9656e-02
112 +3.821663801e+02 +3.821663801e+02 -6.178336199e+02 -6.178336199e+02 -1.5558e+01 -2.2667e+00 +7.8784e-01
132 +3.253097205e+02 +3.253097205e+02 -6.746902795e+02 -6.746902795e+02 -1.3987e+01 -1.7869e+00 +1.6666e-01
134 +2.141174654e+02 +2.141174654e+02 -7.858825346e+02 -7.858825346e+02 -1.0939e+01 -1.2760e+00 +4.0356e-01
158 +1.825905742e+02 +1.825905742e+02 -8.174094258e+02 -8.174094258e+02 -3.1765e+00 -2.3902e+00 +1.6033e+00
167 +1.162880621e+02 +1.162880621e+02 -8.837119379e+02 -8.837119379e+02 -8.2176e+00 -1.4605e+00 +1.6457e+00
210 +8.230426338e+01 +8.230426338e+01 -9.176957366e+02 -9.176957366e+02 -6.6653e+00 -1.8275e+00 +1.7061e+00
281 +7.165422968e+01 +7.165422968e+01 -9.283457703e+02 -9.283457703e+02 -5.9373e+00 -1.6695e+00 +1.2139e+00
327 +6.627992102e+01 +6.627992102e+01 -9.337200790e+02 -9.337200790e+02 -5.4049e+00 -1.5228e+00 +9.1677e-01
395 +4.344923430e+01 +4.344923430e+01 -9.565507657e+02 -9.565507657e+02 -4.4382e+00 -2.2940e+00 +1.4709e+00
434 +4.100270929e+01 +4.100270929e+01 -9.589972907e+02 -9.589972907e+02 -4.2701e+00 -2.1597e+00 +1.6640e+00
489 +2.371609592e+01 +2.371609592e+01 -9.762839041e+02 -9.762839041e+02 -3.4826e+00 -2.5662e+00 +2.3341e+00
598 +2.280605799e+01 +2.280605799e+01 -9.771939420e+02 -9.771939420e+02 -3.3277e+00 -2.7660e+00 +2.3916e+00
620 +1.324270842e+01 +1.324270842e+01 -9.867572916e+02 -9.867572916e+02 -2.4015e+00 -2.5950e+00 +1.9821e+00
735 +1.274900104e+01 +1.274900104e+01 -9.872509990e+02 -9.872509990e+02 -2.4752e+00 -2.8448e+00 +2.1793e+00
795 +1.012884487e+01 +1.012884487e+01 -9.898711551e+02 -9.898711551e+02 -2.1884e+00 -2.9660e+00 +2.4824e+00
816 +7.303812198e+00 +7.303812198e+00 -9.926961878e+02 -9.926961878e+02 -1.8633e+00 -2.8881e+00 +2.3863e+00
834 +5.900858854e+00 +5.900858854e+00 -9.940991411e+02 -9.940991411e+02 -1.1541e+00 -2.9466e+00 +2.4214e+00
896 +2.965232812e+00 +2.965232812e+00 -9.970347672e+02 -9.970347672e+02 -1.2902e+00 -3.2036e+00 +2.7330e+00
910 +1.141514025e+00 +1.141514025e+00 -9.988584860e+02 -9.988584860e+02 -9.1594e-01 -3.7369e+00 +3.3179e+00
1093 +7.350060071e-01 +7.350060071e-01 -9.992649940e+02 -9.992649940e+02 -6.5929e-01 -3.8075e+00 +3.3571e+00
1146 +7.075547389e-01 +7.075547389e-01 -9.992924453e+02 -9.992924453e+02 -6.7946e-01 -3.7481e+00 +3.2639e+00
1286 +5.114066395e-01 +5.114066395e-01 -9.994885934e+02 -9.994885934e+02 -5.6968e-01 -3.6627e+00 +3.2799e+00
1295 +3.462111659e-01 +3.462111659e-01 -9.996537888e+02 -9.996537888e+02 -4.4111e-01 -3.5574e+00 +3.1571e+00
1352 +3.278284982e-01 +3.278284982e-01 -9.996721715e+02 -9.996721715e+02 -5.2245e-01 -3.5815e+00 +3.1376e+00
1359 +3.054938790e-01 +3.054938790e-01 -9.996945061e+02 -9.996945061e+02 -4.9619e-01 -3.5322e+00 +3.1398e+00
1411 +2.898596728e-01 +2.898596728e-01 -9.997101403e+02 -9.997101403e+02 -4.8096e-01 -3.6078e+00 +3.0783e+00
1430 +2.540447581e-01 +2.540447581e-01 -9.997459552e+02 -9.997459552e+02 -5.1040e-01 -3.5256e+00 +3.0289e+00
1446 +2.000735346e-01 +2.000735346e-01 -9.997999265e+02 -9.997999265e+02 -4.6934e-01 -3.5005e+00 +2.9840e+00
1469 +1.934986248e-01 +1.934986248e-01 -9.998065014e+02 -9.998065014e+02 -4.2840e-01 -3.5479e+00 +3.0568e+00
1481 +1.468837421e-01 +1.468837421e-01 -9.998531163e+02 -9.998531163e+02 -3.9682e-01 -3.3968e+00 +2.9881e+00
1527 +9.109791114e-02 +9.109791114e-02 -9.999089021e+02 -9.999089021e+02 -3.7179e-01 -3.3759e+00 +2.9317e+00
1529 +8.047943819e-02 +8.047943819e-02 -9.999195206e+02 -9.999195206e+02 -3.3749e-01 -3.4445e+00 +2.8972e+00
1536 +4.335259346e-02 +4.335259346e-02 -9.999566474e+02 -9.999566474e+02 -2.8038e-01 -3.3987e+00 +2.9410e+00
1578 +2.135086021e-02 +2.135086021e-02 -9.999786491e+02 -9.999786491e+02 -2.7099e-01 -3.3660e+00 +2.8657e+00
1819 +2.058440576e-02 +2.058440576e-02 -9.999794156e+02 -9.999794156e+02 -2.2247e-01 -3.3908e+00 +2.8497e+00
1839 +2.004702520e-02 +2.004702520e-02 -9.999799530e+02 -9.999799530e+02 -2.3184e-01 -3.3912e+00 +2.8704e+00
1879 +1.127816612e-02 +1.127816612e-02 -9.999887218e+02 -9.999887218e+02 -2.3789e-01 -3.3579e+00 +2.8723e+00
1940 +7.803081823e-03 +7.803081823e-03 -9.999921969e+02 -9.999921969e+02 -2.3108e-01 -3.3560e+00 +2.8569e+00
1996 +7.140743829e-03 +7.140743829e-03 -9.999928593e+02 -9.999928593e+02 -2.2633e-01 -3.3608e+00 +2.8596e+00
2032 +4.855770255e-03 +4.855770255e-03 -9.999951442e+02 -9.999951442e+02 -2.2543e-01 -3.3454e+00 +2.8403e+00
2120 +4.664458325e-03 +4.664458325e-03 -9.999953355e+02 -9.999953355e+02 -2.1582e-01 -3.3587e+00 +2.8543e+00
2171 +3.317602492e-03 +3.317602492e-03 -9.999966824e+02 -9.999966824e+02 -2.0704e-01 -3.3556e+00 +2.8447e+00
2189 +2.675869081e-03 +2.675869081e-03 -9.999973241e+02 -9.999973241e+02 -2.0855e-01 -3.3523e+00 +2.8456e+00
2203 +2.153012257e-03 +2.153012257e-03 -9.999978470e+02 -9.999978470e+02 -2.0627e-01 -3.3409e+00 +2.8424e+00
2356 +1.386546969e-03 +1.386546969e-03 -9.999986135e+02 -9.999986135e+02 -1.9830e-01 -3.3387e+00 +2.8407e+00
2387 +1.357061246e-03 +1.357061246e-03 -9.999986429e+02 -9.999986429e+02 -2.0404e-01 -3.3381e+00 +2.8300e+00
2401 +1.283902187e-03 +1.283902187e-03 -9.999987161e+02 -9.999987161e+02 -2.0073e-01 -3.3367e+00 +2.8378e+00
2431 +5.319258859e-04 +5.319258859e-04 -9.999994681e+02 -9.999994681e+02 -1.9747e-01 -3.3361e+00 +2.8312e+00
2473 +3.398707071e-04 +3.398707071e-04 -9.999996601e+02 -9.999996601e+02 -1.9250e-01 -3.3369e+00 +2.8312e+00
2690 +2.508540815e-04 +2.508540815e-04 -9.999997491e+02 -9.999997491e+02 -1.9170e-01 -3.3343e+00 +2.8302e+00
2723 +1.721524575e-04 +1.721524575e-04 -9.999998278e+02 -9.999998278e+02 -1.9131e-01 -3.3350e+00 +2.8282e+00
2777 +1.023766031e-04 +1.023766031e-04 -9.999998976e+02 -9.999998976e+02 -1.9048e-01 -3.3332e+00 +2.8269e+00
2830 +8.788859498e-05 +8.788859498e-05 -9.999999121e+02 -9.999999121e+02 -1.9028e-01 -3.3322e+00 +2.8254e+00
2886 +6.233863076e-05 +6.233863076e-05 -9.999999377e+02 -9.999999377e+02 -1.8970e-01 -3.3322e+00 +2.8261e+00
2888 +5.758552652e-05 +5.758552652e-05 -9.999999424e+02 -9.999999424e+02 -1.8924e-01 -3.3327e+00 +2.8263e+00
2939 +5.754149743e-05 +5.754149743e-05 -9.999999425e+02 -9.999999425e+02 -1.8932e-01 -3.3324e+00 +2.8257e+00
3001 +4.871417775e-05 +4.871417775e-05 -9.999999513e+02 -9.999999513e+02 -1.8805e-01 -3.3325e+00 +2.8252e+00
3070 +4.268679140e-05 +4.268679140e-05 -9.999999573e+02 -9.999999573e+02 -1.8802e-01 -3.3322e+00 +2.8249e+00
3083 +3.188733876e-05 +3.188733876e-05 -9.999999681e+02 -9.999999681e+02 -1.8857e-01 -3.3320e+00 +2.8258e+00
3088 +2.633637325e-05 +2.633637325e-05 -9.999999737e+02 -9.999999737e+02 -1.8814e-01 -3.3318e+00 +2.8254e+00
3182 +1.783090954e-05 +1.783090954e-05 -9.999999822e+02 -9.999999822e+02 -1.8760e-01 -3.3312e+00 +2.8256e+00
3289 +1.612855090e-05 +1.612855090e-05 -9.999999839e+02 -9.999999839e+02 -1.8794e-01 -3.3310e+00 +2.8251e+00
3292 +8.450722703e-06 +8.450722703e-06 -9.999999915e+02 -9.999999915e+02 -1.8734e-01 -3.3312e+00 +2.8249e+00
3626 +3.712180046e-06 +3.712180046e-06 -9.999999963e+02 -9.999999963e+02 -1.8699e-01 -3.3307e+00 +2.8241e+00
3892 +2.233926807e-06 +2.233926807e-06 -9.999999978e+02 -9.999999978e+02 -1.8684e-01 -3.3306e+00 +2.8244e+00
3901 +1.525893026e-06 +1.525893026e-06 -9.999999985e+02 -9.999999985e+02 -1.8669e-01 -3.3307e+00 +2.8244e+00
4110 +9.051665302e-07 +9.051665302e-07 -9.999999991e+02 -9.999999991e+02 -1.8668e-01 -3.3305e+00 +2.8242e+00
4170 +7.069629646e-07 +7.069629646e-07 -9.999999993e+02 -9.999999993e+02 -1.8666e-01 -3.3306e+00 +2.8242e+00
4196 +5.117750561e-07 +5.117750561e-07 -9.999999995e+02 -9.999999995e+02 -1.8662e-01 -3.3305e+00 +2.8242e+00
4217 +5.385220447e-08 +5.385220447e-08 -9.999999999e+02 -9.999999999e+02 -1.8646e-01 -3.3304e+00 +2.8240e+00
% function evaluation | noise-free fitness - Fopt (1.319200000000e+02) | best noise-free fitness - Fopt | measured fitness | best measured fitness | x1 | x2...
1 +6.417320313e+04 +6.417320313e+04 +6.430512313e+04 +6.430512313e+04 +0.0000e+00 +0.0000e+00 +0.0000e+00
112 +3.239540259e+04 +3.239540259e+04 +3.252732259e+04 +3.252732259e+04 -6.6237e+00 -2.2186e-01 -4.4169e+00
120 +1.539553300e+04 +1.539553300e+04 +1.552745300e+04 +1.552745300e+04 -4.5327e+00 -1.4123e-01 -3.1033e+00
125 +3.701778042e+03 +3.701778042e+03 +3.833698042e+03 +3.833698042e+03 -7.0562e+00 -2.9976e+00 -6.6644e+00
141 +2.380425692e+01 +2.380425692e+01 +1.557242569e+02 +1.557242569e+02 -4.9232e+00 -1.3646e+00 -5.5536e+00
202 +2.257176513e+01 +2.257176513e+01 +1.544917651e+02 +1.544917651e+02 -4.6266e+00 -7.8160e-01 -5.7372e+00
451 +1.641795939e+01 +1.641795939e+01 +1.483379594e+02 +1.483379594e+02 -4.5748e+00 -6.9084e-01 -5.1002e+00
475 +1.379850213e+01 +1.379850213e+01 +1.457185021e+02 +1.457185021e+02 -5.2440e+00 -6.5689e-01 -5.3196e+00
480 +1.312483066e+01 +1.312483066e+01 +1.450448307e+02 +1.450448307e+02 -5.2468e+00 -6.5542e-01 -5.2095e+00
668 +1.271423299e+01 +1.271423299e+01 +1.446342330e+02 +1.446342330e+02 -4.8325e+00 -3.9926e-01 -5.2367e+00
685 +1.250208907e+01 +1.250208907e+01 +1.444220891e+02 +1.444220891e+02 -5.2479e+00 -4.6423e-01 -5.1059e+00
698 +1.125534504e+01 +1.125534504e+01 +1.431753450e+02 +1.431753450e+02 -4.6206e+00 -5.3621e-02 -5.0233e+00
846 +1.025720759e+01 +1.025720759e+01 +1.421772076e+02 +1.421772076e+02 -4.5033e+00 +1.1957e-01 -5.0585e+00
897 +9.221684210e+00 +9.221684210e+00 +1.411416842e+02 +1.411416842e+02 -4.1810e+00 +6.3021e-01 -5.2978e+00
911 +8.816767928e+00 +8.816767928e+00 +1.407367679e+02 +1.407367679e+02 -4.5729e+00 +3.5985e-02 -4.8106e+00
922 +6.380000705e+00 +6.380000705e+00 +1.383000007e+02 +1.383000007e+02 -4.7213e+00 +4.1816e-01 -4.7528e+00
963 +5.477713505e+00 +5.477713505e+00 +1.373977135e+02 +1.373977135e+02 -4.2031e+00 +5.6537e-01 -4.3502e+00
978 +5.137121167e+00 +5.137121167e+00 +1.370571212e+02 +1.370571212e+02 -4.1193e+00 +7.7599e-01 -4.6269e+00
999 +2.687551032e+00 +2.687551032e+00 +1.346075510e+02 +1.346075510e+02 -4.4799e+00 +8.7880e-01 -4.2926e+00
1028 +6.656580911e-01 +6.656580911e-01 +1.325856581e+02 +1.325856581e+02 -3.8333e+00 +1.7639e+00 -4.0595e+00
1209 +3.707751581e-01 +3.707751581e-01 +1.322907752e+02 +1.322907752e+02 -3.8084e+00 +1.8072e+00 -3.8646e+00
1215 +2.932124333e-01 +2.932124333e-01 +1.322132124e+02 +1.322132124e+02 -3.7495e+00 +2.0528e+00 -3.9473e+00
1301 +1.449632094e-01 +1.449632094e-01 +1.320649632e+02 +1.320649632e+02 -4.0358e+00 +1.7361e+00 -3.8229e+00
1396 +1.031669078e-01 +1.031669078e-01 +1.320231669e+02 +1.320231669e+02 -4.0122e+00 +1.7785e+00 -3.8175e+00
1522 +6.985186007e-02 +6.985186007e-02 +1.319898519e+02 +1.319898519e+02 -3.8730e+00 +1.9225e+00 -3.7580e+00
1594 +2.818833158e-02 +2.818833158e-02 +1.319481883e+02 +1.319481883e+02 -3.8997e+00 +1.9414e+00 -3.7454e+00
1746 +2.774258403e-02 +2.774258403e-02 +1.319477426e+02 +1.319477426e+02 -3.9066e+00 +1.9264e+00 -3.7231e+00
1753 +2.597897859e-02 +2.597897859e-02 +1.319459790e+02 +1.319459790e+02 -3.8981e+00 +1.9692e+00 -3.7513e+00
1770 +2.560851327e-02 +2.560851327e-02 +1.319456085e+02 +1.319456085e+02 -3.8965e+00 +1.9572e+00 -3.7448e+00
1794 +2.282675406e-02 +2.282675406e-02 +1.319428268e+02 +1.319428268e+02 -3.9054e+00 +1.9540e+00 -3.7450e+00
1798 +2.196370455e-02 +2.196370455e-02 +1.319419637e+02 +1.319419637e+02 -3.9102e+00 +1.9596e+00 -3.7478e+00
1859 +1.743353251e-02 +1.743353251e-02 +1.319374335e+02 +1.319374335e+02 -3.9295e+00 +1.9169e+00 -3.7298e+00
1886 +1.532840797e-02 +1.532840797e-02 +1.319353284e+02 +1.319353284e+02 -3.9275e+00 +1.9483e+00 -3.7419e+00
1888 +1.460650107e-02 +1.460650107e-02 +1.319346065e+02 +1.319346065e+02 -3.9393e+00 +1.9141e+00 -3.7356e+00
1899 +9.328531781e-03 +9.328531781e-03 +1.319293285e+02 +1.319293285e+02 -3.9356e+00 +1.9280e+00 -3.7196e+00
1990 +8.775723004e-03 +8.775723004e-03 +1.319287757e+02 +1.319287757e+02 -3.9431e+00 +1.9192e+00 -3.7080e+00
2002 +8.678215822e-03 +8.678215822e-03 +1.319286782e+02 +1.319286782e+02 -3.9467e+00 +1.9160e+00 -3.7231e+00
2018 +6.392081802e-03 +6.392081802e-03 +1.319263921e+02 +1.319263921e+02 -3.9580e+00 +1.9079e+00 -3.7213e+00
2035 +3.390846926e-03 +3.390846926e-03 +1.319233908e+02 +1.319233908e+02 -3.9658e+00 +1.9106e+00 -3.7183e+00
2057 +3.234897551e-03 +3.234897551e-03 +1.319232349e+02 +1.319232349e+02 -3.9736e+00 +1.9065e+00 -3.7210e+00
2058 +1.586587992e-03 +1.586587992e-03 +1.319215866e+02 +1.319215866e+02 -3.9659e+00 +1.9154e+00 -3.7055e+00
2077 +1.163365756e-03 +1.163365756e-03 +1.319211634e+02 +1.319211634e+02 -3.9779e+00 +1.9036e+00 -3.7068e+00
2136 +2.781562898e-04 +2.781562898e-04 +1.319202782e+02 +1.319202782e+02 -3.9780e+00 +1.9106e+00 -3.7042e+00
2348 +2.400241584e-04 +2.400241584e-04 +1.319202400e+02 +1.319202400e+02 -3.9775e+00 +1.9120e+00 -3.7031e+00
2417 +8.628976872e-05 +8.628976872e-05 +1.319200863e+02 +1.319200863e+02 -3.9803e+00 +1.9100e+00 -3.6994e+00
2446 +2.985154154e-05 +2.985154154e-05 +1.319200299e+02 +1.319200299e+02 -3.9814e+00 +1.9100e+00 -3.7002e+00
2868 +2.502750317e-05 +2.502750317e-05 +1.319200250e+02 +1.319200250e+02 -3.9812e+00 +1.9112e+00 -3.7005e+00
2886 +2.321304993e-05 +2.321304993e-05 +1.319200232e+02 +1.319200232e+02 -3.9807e+00 +1.9113e+00 -3.7000e+00
2890 +2.125755285e-05 +2.125755285e-05 +1.319200213e+02 +1.319200213e+02 -3.9815e+00 +1.9101e+00 -3.6996e+00
2933 +1.576602602e-05 +1.576602602e-05 +1.319200158e+02 +1.319200158e+02 -3.9813e+00 +1.9106e+00 -3.6999e+00
3008 +8.591225622e-06 +8.591225622e-06 +1.319200086e+02 +1.319200086e+02 -3.9821e+00 +1.9104e+00 -3.7000e+00
3052 +4.992965017e-06 +4.992965017e-06 +1.319200050e+02 +1.319200050e+02 -3.9820e+00 +1.9103e+00 -3.6996e+00
3061 +2.301017219e-06 +2.301017219e-06 +1.319200023e+02 +1.319200023e+02 -3.9821e+00 +1.9103e+00 -3.6994e+00
3072 +1.734708093e-06 +1.734708093e-06 +1.319200017e+02 +1.319200017e+02 -3.9822e+00 +1.9103e+00 -3.6994e+00
3154 +6.659746532e-08 +6.659746532e-08 +1.319200001e+02 +1.319200001e+02 -3.9824e+00 +1.9104e+00 -3.6992e+00
3968 +5.448410434e-08 +5.448410434e-08 +1.319200001e+02 +1.319200001e+02 -3.9824e+00 +1.9104e+00 -3.6992e+00
4016 +4.169592671e-08 +4.169592671e-08 +1.319200000e+02 +1.319200000e+02 -3.9824e+00 +1.9104e+00 -3.6992e+00
4034 +1.610570166e-08 +1.610570166e-08 +1.319200000e+02 +1.319200000e+02 -3.9824e+00 +1.9104e+00 -3.6992e+00
4083 +1.569273422e-08 +1.569273422e-08 +1.319200000e+02 +1.319200000e+02 -3.9824e+00 +1.9104e+00 -3.6992e+00
% function evaluation | noise-free fitness - Fopt (5.908400000000e+02) | best noise-free fitness - Fopt | measured fitness | best measured fitness | x1 | x2...
1 +6.628683860e+04 +6.628683860e+04 +6.687767860e+04 +6.687767860e+04 +0.0000e+00 +0.0000e+00 +0.0000e+00
102 +1.023898497e+04 +1.023898497e+04 +1.082982497e+04 +1.082982497e+04 +4.4915e+00 -4.0122e-01 -7.7225e-01
108 +2.640100376e+03 +2.640100376e+03 +3.230940376e+03 +3.230940376e+03 +2.7871e+00 -1.2478e-01 +5.1303e-01
115 +9.625362534e+01 +9.625362534e+01 +6.870936253e+02 +6.870936253e+02 +5.7362e+00 -4.0154e+00 +1.9326e+00
132 +2.607322812e+01 +2.607322812e+01 +6.169132281e+02 +6.169132281e+02 +3.4839e+00 -2.0314e+00 -2.0012e-01
187 +2.472468567e+01 +2.472468567e+01 +6.155646857e+02 +6.155646857e+02 +1.5619e+00 -5.2303e+00 -1.7360e+00
341 +8.817041225e+00 +8.817041225e+00 +5.996570412e+02 +5.996570412e+02 +2.8529e+00 -2.4710e+00 -2.1128e+00
508 +3.837395359e+00 +3.837395359e+00 +5.946773954e+02 +5.946773954e+02 +2.3474e+00 -3.4992e+00 -2.7392e+00
892 +7.563827739e-01 +7.563827739e-01 +5.915963828e+02 +5.915963828e+02 +1.6790e+00 -3.5936e+00 -3.1775e+00
1505 +4.993096246e-01 +4.993096246e-01 +5.913393096e+02 +5.913393096e+02 +1.7393e+00 -3.6374e+00 -3.4171e+00
1610 +2.770215255e-01 +2.770215255e-01 +5.911170215e+02 +5.911170215e+02 +1.5773e+00 -3.5835e+00 -3.3864e+00
1641 +1.332096346e-01 +1.332096346e-01 +5.909732096e+02 +5.909732096e+02 +1.5343e+00 -3.3549e+00 -3.3544e+00
1676 +7.791317545e-02 +7.791317545e-02 +5.909179132e+02 +5.909179132e+02 +1.5267e+00 -3.4431e+00 -3.4454e+00
1880 +3.852012473e-02 +3.852012473e-02 +5.908785201e+02 +5.908785201e+02 +1.4916e+00 -3.2661e+00 -3.4117e+00
1917 +2.481608353e-02 +2.481608353e-02 +5.908648161e+02 +5.908648161e+02 +1.4841e+00 -3.3407e+00 -3.4377e+00
2049 +2.436885814e-02 +2.436885814e-02 +5.908643689e+02 +5.908643689e+02 +1.4777e+00 -3.4234e+00 -3.4864e+00
2062 +2.252774761e-02 +2.252774761e-02 +5.908625277e+02 +5.908625277e+02 +1.4946e+00 -3.3752e+00 -3.4655e+00
2072 +1.031579402e-02 +1.031579402e-02 +5.908503158e+02 +5.908503158e+02 +1.4744e+00 -3.3103e+00 -3.4578e+00
2214 +5.438808586e-03 +5.438808586e-03 +5.908454388e+02 +5.908454388e+02 +1.4540e+00 -3.3269e+00 -3.4685e+00
2250 +4.725906269e-03 +4.725906269e-03 +5.908447259e+02 +5.908447259e+02 +1.4655e+00 -3.3233e+00 -3.4729e+00
2302 +2.750104041e-03 +2.750104041e-03 +5.908427501e+02 +5.908427501e+02 +1.4513e+00 -3.3297e+00 -3.4779e+00
2430 +1.695589285e-03 +1.695589285e-03 +5.908416956e+02 +5.908416956e+02 +1.4544e+00 -3.3321e+00 -3.4834e+00
2503 +1.418715938e-03 +1.418715938e-03 +5.908414187e+02 +5.908414187e+02 +1.4461e+00 -3.3397e+00 -3.4887e+00
2592 +7.851394944e-04 +7.851394944e-04 +5.908407851e+02 +5.908407851e+02 +1.4535e+00 -3.3346e+00 -3.4911e+00
2624 +5.288944968e-04 +5.288944968e-04 +5.908405289e+02 +5.908405289e+02 +1.4504e+00 -3.3403e+00 -3.4928e+00
2844 +3.977657550e-04 +3.977657550e-04 +5.908403978e+02 +5.908403978e+02 +1.4508e+00 -3.3396e+00 -3.4948e+00
2854 +2.731145025e-04 +2.731145025e-04 +5.908402731e+02 +5.908402731e+02 +1.4495e+00 -3.3321e+00 -3.4931e+00
2957 +1.986319662e-04 +1.986319662e-04 +5.908401986e+02 +5.908401986e+02 +1.4467e+00 -3.3387e+00 -3.4955e+00
3039 +1.779620237e-04 +1.779620237e-04 +5.908401780e+02 +5.908401780e+02 +1.4484e+00 -3.3394e+00 -3.4961e+00
3098 +1.310591465e-04 +1.310591465e-04 +5.908401311e+02 +5.908401311e+02 +1.4486e+00 -3.3381e+00 -3.4972e+00
3148 +9.240577310e-05 +9.240577310e-05 +5.908400924e+02 +5.908400924e+02 +1.4478e+00 -3.3342e+00 -3.4957e+00
3149 +8.899027330e-05 +8.899027330e-05 +5.908400890e+02 +5.908400890e+02 +1.4472e+00 -3.3389e+00 -3.4971e+00
3209 +8.183452405e-05 +8.183452405e-05 +5.908400818e+02 +5.908400818e+02 +1.4466e+00 -3.3369e+00 -3.4962e+00
3215 +5.995117863e-05 +5.995117863e-05 +5.908400600e+02 +5.908400600e+02 +1.4467e+00 -3.3368e+00 -3.4965e+00
3220 +5.251856271e-05 +5.251856271e-05 +5.908400525e+02 +5.908400525e+02 +1.4464e+00 -3.3378e+00 -3.4973e+00
3233 +4.361559900e-05 +4.361559900e-05 +5.908400436e+02 +5.908400436e+02 +1.4469e+00 -3.3381e+00 -3.4979e+00
3260 +3.010405965e-05 +3.010405965e-05 +5.908400301e+02 +5.908400301e+02 +1.4468e+00 -3.3350e+00 -3.4970e+00
3409 +9.914637531e-06 +9.914637531e-06 +5.908400099e+02 +5.908400099e+02 +1.4461e+00 -3.3358e+00 -3.4975e+00
3474 +7.919470590e-06 +7.919470590e-06 +5.908400079e+02 +5.908400079e+02 +1.4461e+00 -3.3354e+00 -3.4976e+00
3494 +7.113915444e-06 +7.113915444e-06 +5.908400071e+02 +5.908400071e+02 +1.4460e+00 -3.3354e+00 -3.4977e+00
3528 +6.325366144e-06 +6.325366144e-06 +5.908400063e+02 +5.908400063e+02 +1.4461e+00 -3.3359e+00 -3.4978e+00
3612 +5.387173246e-06 +5.387173246e-06 +5.908400054e+02 +5.908400054e+02 +1.4460e+00 -3.3354e+00 -3.4978e+00
3616 +3.937437214e-06 +3.937437214e-06 +5.908400039e+02 +5.908400039e+02 +1.4458e+00 -3.3356e+00 -3.4978e+00
3627 +2.787693575e-06 +2.787693575e-06 +5.908400028e+02 +5.908400028e+02 +1.4459e+00 -3.3364e+00 -3.4982e+00
3676 +1.999522397e-06 +1.999522397e-06 +5.908400020e+02 +5.908400020e+02 +1.4459e+00 -3.3360e+00 -3.4981e+00
3860 +1.686593464e-06 +1.686593464e-06 +5.908400017e+02 +5.908400017e+02 +1.4457e+00 -3.3360e+00 -3.4981e+00
3907 +9.317344620e-07 +9.317344620e-07 +5.908400009e+02 +5.908400009e+02 +1.4458e+00 -3.3361e+00 -3.4982e+00
3946 +7.183620028e-07 +7.183620028e-07 +5.908400007e+02 +5.908400007e+02 +1.4458e+00 -3.3361e+00 -3.4983e+00
4032 +6.539743254e-07 +6.539743254e-07 +5.908400007e+02 +5.908400007e+02 +1.4457e+00 -3.3361e+00 -3.4982e+00
4037 +3.223592557e-07 +3.223592557e-07 +5.908400003e+02 +5.908400003e+02 +1.4457e+00 -3.3360e+00 -3.4983e+00
4227 +1.928005986e-07 +1.928005986e-07 +5.908400002e+02 +5.908400002e+02 +1.4456e+00 -3.3359e+00 -3.4983e+00
4303 +9.975178727e-08 +9.975178727e-08 +5.908400001e+02 +5.908400001e+02 +1.4456e+00 -3.3361e+00 -3.4984e+00
4317 +7.716062100e-08 +7.716062100e-08 +5.908400001e+02 +5.908400001e+02 +1.4456e+00 -3.3361e+00 -3.4984e+00
4420 +4.283981525e-08 +4.283981525e-08 +5.908400000e+02 +5.908400000e+02 +1.4456e+00 -3.3360e+00 -3.4984e+00
4625 +3.281024874e-08 +3.281024874e-08 +5.908400000e+02 +5.908400000e+02 +1.4456e+00 -3.3360e+00 -3.4984e+00
4652 +1.499950031e-08 +1.499950031e-08 +5.908400000e+02 +5.908400000e+02 +1.4456e+00 -3.3360e+00 -3.4984e+00
4789 +1.081730261e-08 +1.081730261e-08 +5.908400000e+02 +5.908400000e+02 +1.4456e+00 -3.3360e+00 -3.4984e+00
4873 +5.996525942e-09 +5.996525942e-09 +5.908400000e+02 +5.908400000e+02 +1.4456e+00 -3.3360e+00 -3.4984e+00
% function evaluation | noise-free fitness - Fopt (6.231000000000e+01) | best noise-free fitness - Fopt | measured fitness | best measured fitness | x1 | x2...
1 +8.067869674e+04 +8.067869674e+04 +8.074100674e+04 +8.074100674e+04 +0.0000e+00 +0.0000e+00 +0.0000e+00
68 +3.309262755e+04 +3.309262755e+04 +3.315493755e+04 +3.315493755e+04 -2.1563e-01 -5.3874e+00 +5.7065e-01
77 +1.597271099e+04 +1.597271099e+04 +1.603502099e+04 +1.603502099e+04 -6.3878e-01 -6.7945e+00 +1.0760e+00
90 +2.410856207e+01 +2.410856207e+01 +8.641856207e+01 +8.641856207e+01 -3.0995e+00 -5.8701e+00 +1.1919e+00
134 +2.218698491e+01 +2.218698491e+01 +8.449698491e+01 +8.449698491e+01 -2.8957e+00 -5.6498e+00 +7.4885e-01
262 +1.953379858e+01 +1.953379858e+01 +8.184379858e+01 +8.184379858e+01 -2.7104e+00 -5.2108e+00 +5.9482e-01
305 +1.888864695e+01 +1.888864695e+01 +8.119864695e+01 +8.119864695e+01 -2.5919e+00 -4.9791e+00 +5.4993e-01
307 +1.499689522e+01 +1.499689522e+01 +7.730689522e+01 +7.730689522e+01 -3.0941e+00 -4.0720e+00 +4.9389e-01
327 +6.902500824e+00 +6.902500824e+00 +6.921250082e+01 +6.921250082e+01 -2.0589e+00 -4.4651e+00 -7.8667e-01
398 +3.070419146e+00 +3.070419146e+00 +6.538041915e+01 +6.538041915e+01 -1.8085e+00 -3.5163e+00 -1.3473e+00
806 +2.503974378e+00 +2.503974378e+00 +6.481397438e+01 +6.481397438e+01 -1.6103e+00 -2.7208e+00 -1.6200e+00
970 +1.378208060e+00 +1.378208060e+00 +6.368820806e+01 +6.368820806e+01 -1.4991e+00 -3.4943e+00 -1.9153e+00
1094 +1.030037873e+00 +1.030037873e+00 +6.334003787e+01 +6.334003787e+01 -1.5001e+00 -2.9682e+00 -1.9168e+00
1115 +8.754400873e-01 +8.754400873e-01 +6.318544009e+01 +6.318544009e+01 -1.6381e+00 -2.9581e+00 -1.9828e+00
1143 +7.299755040e-01 +7.299755040e-01 +6.303997550e+01 +6.303997550e+01 -1.5774e+00 -3.0863e+00 -2.0647e+00
1163 +4.605085512e-01 +4.605085512e-01 +6.277050855e+01 +6.277050855e+01 -1.2638e+00 -3.0834e+00 -2.2268e+00
1177 +2.302158046e-01 +2.302158046e-01 +6.254021580e+01 +6.254021580e+01 -1.3716e+00 -2.8655e+00 -2.3674e+00
1301 +1.449797361e-01 +1.449797361e-01 +6.245497974e+01 +6.245497974e+01 -1.2925e+00 -2.8586e+00 -2.4427e+00
1547 +1.118431471e-01 +1.118431471e-01 +6.242184315e+01 +6.242184315e+01 -1.2751e+00 -2.8290e+00 -2.4095e+00
1594 +9.182633842e-02 +9.182633842e-02 +6.240182634e+01 +6.240182634e+01 -1.2723e+00 -2.7877e+00 -2.4157e+00
1621 +8.091925118e-02 +8.091925118e-02 +6.239091925e+01 +6.239091925e+01 -1.2259e+00 -2.8196e+00 -2.4241e+00
1667 +6.237260769e-02 +6.237260769e-02 +6.237237261e+01 +6.237237261e+01 -1.2207e+00 -2.7774e+00 -2.4472e+00
1671 +5.441370290e-02 +5.441370290e-02 +6.236441370e+01 +6.236441370e+01 -1.2262e+00 -2.7513e+00 -2.4531e+00
1674 +1.832102629e-02 +1.832102629e-02 +6.232832103e+01 +6.232832103e+01 -1.1589e+00 -2.6744e+00 -2.5109e+00
1724 +1.813512017e-02 +1.813512017e-02 +6.232813512e+01 +6.232813512e+01 -1.1714e+00 -2.6885e+00 -2.5104e+00
1964 +1.389976153e-02 +1.389976153e-02 +6.232389976e+01 +6.232389976e+01 -1.1407e+00 -2.7192e+00 -2.5302e+00
2039 +8.954324919e-03 +8.954324919e-03 +6.231895432e+01 +6.231895432e+01 -1.1350e+00 -2.7125e+00 -2.5457e+00
2071 +8.774990819e-03 +8.774990819e-03 +6.231877499e+01 +6.231877499e+01 -1.1267e+00 -2.7080e+00 -2.5497e+00
2075 +6.057428649e-03 +6.057428649e-03 +6.231605743e+01 +6.231605743e+01 -1.1336e+00 -2.6979e+00 -2.5471e+00
2167 +4.677079407e-03 +4.677079407e-03 +6.231467708e+01 +6.231467708e+01 -1.1460e+00 -2.6816e+00 -2.5540e+00
2171 +2.936094266e-03 +2.936094266e-03 +6.231293609e+01 +6.231293609e+01 -1.1260e+00 -2.6741e+00 -2.5546e+00
2237 +2.073534800e-03 +2.073534800e-03 +6.231207353e+01 +6.231207353e+01 -1.1321e+00 -2.6752e+00 -2.5598e+00
2427 +2.039980685e-03 +2.039980685e-03 +6.231203998e+01 +6.231203998e+01 -1.1162e+00 -2.6769e+00 -2.5696e+00
2444 +1.234991146e-03 +1.234991146e-03 +6.231123499e+01 +6.231123499e+01 -1.1277e+00 -2.6733e+00 -2.5662e+00
2536 +1.063965958e-03 +1.063965958e-03 +6.231106397e+01 +6.231106397e+01 -1.1280e+00 -2.6708e+00 -2.5681e+00
2555 +8.137839296e-04 +8.137839296e-04 +6.231081378e+01 +6.231081378e+01 -1.1226e+00 -2.6610e+00 -2.5672e+00
2572 +1.711000344e-04 +1.711000344e-04 +6.231017110e+01 +6.231017110e+01 -1.1207e+00 -2.6610e+00 -2.5744e+00
2952 +1.421110454e-04 +1.421110454e-04 +6.231014211e+01 +6.231014211e+01 -1.1201e+00 -2.6596e+00 -2.5749e+00
3064 +1.125986552e-04 +1.125986552e-04 +6.231011260e+01 +6.231011260e+01 -1.1193e+00 -2.6601e+00 -2.5752e+00
3097 +8.389964690e-05 +8.389964690e-05 +6.231008390e+01 +6.231008390e+01 -1.1186e+00 -2.6606e+00 -2.5764e+00
3111 +5.167252068e-05 +5.167252068e-05 +6.231005167e+01 +6.231005167e+01 -1.1180e+00 -2.6589e+00 -2.5766e+00
3220 +4.940209363e-05 +4.940209363e-05 +6.231004940e+01 +6.231004940e+01 -1.1179e+00 -2.6591e+00 -2.5767e+00
3339 +4.702862446e-05 +4.702862446e-05 +6.231004703e+01 +6.231004703e+01 -1.1174e+00 -2.6597e+00 -2.5773e+00
3346 +4.587248942e-05 +4.587248942e-05 +6.231004587e+01 +6.231004587e+01 -1.1174e+00 -2.6597e+00 -2.5774e+00
3352 +1.420346958e-05 +1.420346958e-05 +6.231001420e+01 +6.231001420e+01 -1.1168e+00 -2.6576e+00 -2.5779e+00
3480 +8.938081464e-06 +8.938081464e-06 +6.231000894e+01 +6.231000894e+01 -1.1165e+00 -2.6574e+00 -2.5782e+00
3571 +8.524158432e-06 +8.524158432e-06 +6.231000852e+01 +6.231000852e+01 -1.1165e+00 -2.6579e+00 -2.5783e+00
3602 +5.647337403e-06 +5.647337403e-06 +6.231000565e+01 +6.231000565e+01 -1.1167e+00 -2.6572e+00 -2.5784e+00
3616 +5.288537317e-06 +5.288537317e-06 +6.231000529e+01 +6.231000529e+01 -1.1167e+00 -2.6575e+00 -2.5786e+00
3626 +3.417506584e-06 +3.417506584e-06 +6.231000342e+01 +6.231000342e+01 -1.1164e+00 -2.6571e+00 -2.5786e+00
3651 +8.885625320e-07 +8.885625320e-07 +6.231000089e+01 +6.231000089e+01 -1.1162e+00 -2.6570e+00 -2.5789e+00
3865 +6.806726560e-07 +6.806726560e-07 +6.231000068e+01 +6.231000068e+01 -1.1161e+00 -2.6570e+00 -2.5790e+00
4227 +4.973638710e-07 +4.973638710e-07 +6.231000050e+01 +6.231000050e+01 -1.1162e+00 -2.6570e+00 -2.5791e+00
4331 +3.598907625e-07 +3.598907625e-07 +6.231000036e+01 +6.231000036e+01 -1.1161e+00 -2.6570e+00 -2.5791e+00
4381 +1.810182226e-07 +1.810182226e-07 +6.231000018e+01 +6.231000018e+01 -1.1161e+00 -2.6569e+00 -2.5791e+00
4526 +9.996576722e-08 +9.996576722e-08 +6.231000010e+01 +6.231000010e+01 -1.1161e+00 -2.6569e+00 -2.5792e+00
4547 +6.142803954e-08 +6.142803954e-08 +6.231000006e+01 +6.231000006e+01 -1.1160e+00 -2.6569e+00 -2.5791e+00
4692 +6.012433573e-08 +6.012433573e-08 +6.231000006e+01 +6.231000006e+01 -1.1160e+00 -2.6569e+00 -2.5791e+00
4744 +5.516736223e-08 +5.516736223e-08 +6.231000006e+01 +6.231000006e+01 -1.1160e+00 -2.6569e+00 -2.5792e+00
4750 +4.615513660e-08 +4.615513660e-08 +6.231000005e+01 +6.231000005e+01 -1.1160e+00 -2.6569e+00 -2.5792e+00
4769 +3.564066731e-08 +3.564066731e-08 +6.231000004e+01 +6.231000004e+01 -1.1160e+00 -2.6569e+00 -2.5792e+00
4871 +3.505596169e-08 +3.505596169e-08 +6.231000004e+01 +6.231000004e+01 -1.1160e+00 -2.6568e+00 -2.5792e+00
4881 +3.003612647e-08 +3.003612647e-08 +6.231000003e+01 +6.231000003e+01 -1.1160e+00 -2.6568e+00 -2.5792e+00
4894 +1.961407037e-08 +1.961407037e-08 +6.231000002e+01 +6.231000002e+01 -1.1160e+00 -2.6568e+00 -2.5792e+00
4966 +1.676794170e-08 +1.676794170e-08 +6.231000002e+01 +6.231000002e+01 -1.1160e+00 -2.6568e+00 -2.5792e+00
4968 +1.399759242e-08 +1.399759242e-08 +6.231000001e+01 +6.231000001e+01 -1.1160e+00 -2.6568e+00 -2.5792e+00
5002 +1.181745546e-08 +1.181745546e-08 +6.231000001e+01 +6.231000001e+01 -1.1160e+00 -2.6568e+00 -2.5792e+00
5032 +7.797908097e-09 +7.797908097e-09 +6.231000001e+01 +6.231000001e+01 -1.1160e+00 -2.6568e+00 -2.5792e+00
% function evaluation | noise-free fitness - Fopt (1.000000000000e+03) | best noise-free fitness - Fopt | measured fitness | best measured fitness | x1 | x2...
1 +3.178743088e+05 +3.178743088e+05 +3.188743088e+05 +3.188743088e+05 +0.0000e+00 +0.0000e+00 +0.0000e+00
2 +3.096872234e+05 +3.096872234e+05 +3.106872234e+05 +3.106872234e+05 -1.1825e+00 -1.2903e-01 +2.6243e-01
3 +2.836070588e+05 +2.836070588e+05 +2.846070588e+05 +2.846070588e+05 -1.2178e+00 -9.1858e-02 -7.6599e-03
6 +2.709985816e+05 +2.709985816e+05 +2.719985816e+05 +2.719985816e+05 -1.2240e+00 -5.0764e-02 -8.6640e-02
25 +2.288760316e+05 +2.288760316e+05 +2.298760316e+05 +2.298760316e+05 -1.3829e+00 -7.2426e-02 -3.1594e-01
46 +1.826539357e+05 +1.826539357e+05 +1.836539357e+05 +1.836539357e+05 -1.7343e+00 -1.8121e-01 -6.3660e-01
47 +1.579089200e+05 +1.579089200e+05 +1.589089200e+05 +1.589089200e+05 -1.4122e+00 -5.7742e-03 -9.3085e-01
68 +8.587869490e+04 +8.587869490e+04 +8.687869490e+04 +8.687869490e+04 -1.7523e+00 +4.3809e-01 -1.4829e+00
83 +6.742977757e+04 +6.742977757e+04 +6.842977757e+04 +6.842977757e+04 -1.1671e+00 +1.4143e-02 -2.1099e+00
91 +2.327833790e+04 +2.327833790e+04 +2.427833790e+04 +2.427833790e+04 -1.0091e+00 +2.3748e-01 -3.6677e+00
109 +1.987574023e+04 +1.987574023e+04 +2.087574023e+04 +2.087574023e+04 -1.0477e+00 +6.1532e-01 -3.0197e+00
120 +7.736649449e+03 +7.736649449e+03 +8.736649449e+03 +8.736649449e+03 -1.7412e+00 +6.7352e-01 -4.2845e+00
134 +1.920927155e+03 +1.920927155e+03 +2.920927155e+03 +2.920927155e+03 -1.2135e+00 +1.4968e+00 -4.6524e+00
204 +9.330102487e+00 +9.330102487e+00 +1.009330102e+03 +1.009330102e+03 -1.2999e+00 +4.1146e+00 -3.1828e+00
279 +3.230502030e+00 +3.230502030e+00 +1.003230502e+03 +1.003230502e+03 -5.2071e-01 +2.8373e+00 -3.6731e+00
532 +2.318638220e+00 +2.318638220e+00 +1.002318638e+03 +1.002318638e+03 -8.9021e-01 +2.6449e+00 -3.1719e+00
645 +2.247549540e+00 +2.247549540e+00 +1.002247550e+03 +1.002247550e+03 -6.5655e-01 +2.7381e+00 -3.2317e+00
657 +2.076827461e+00 +2.076827461e+00 +1.002076827e+03 +1.002076827e+03 -8.4209e-01 +2.6544e+00 -3.4951e+00
679 +1.743657730e+00 +1.743657730e+00 +1.001743658e+03 +1.001743658e+03 -7.6695e-01 +2.4731e+00 -3.5218e+00
686 +1.638093597e+00 +1.638093597e+00 +1.001638094e+03 +1.001638094e+03 -6.7193e-01 +2.4463e+00 -3.3166e+00
695 +1.416555023e+00 +1.416555023e+00 +1.001416555e+03 +1.001416555e+03 -9.7720e-01 +2.1882e+00 -3.5959e+00
710 +1.327779069e+00 +1.327779069e+00 +1.001327779e+03 +1.001327779e+03 -1.0341e+00 +2.3548e+00 -3.4556e+00
765 +1.295592990e+00 +1.295592990e+00 +1.001295593e+03 +1.001295593e+03 -1.0600e+00 +2.5178e+00 -3.1604e+00
772 +7.342483733e-01 +7.342483733e-01 +1.000734248e+03 +1.000734248e+03 -1.0583e+00 +2.1751e+00 -3.3404e+00
780 +3.774355697e-01 +3.774355697e-01 +1.000377436e+03 +1.000377436e+03 -1.2812e+00 +2.0398e+00 -3.2730e+00
825 +3.574358040e-01 +3.574358040e-01 +1.000357436e+03 +1.000357436e+03 -1.2919e+00 +2.0430e+00 -3.2330e+00
878 +8.505387235e-02 +8.505387235e-02 +1.000085054e+03 +1.000085054e+03 -1.4719e+00 +1.8152e+00 -3.2051e+00
971 +1.859126331e-02 +1.859126331e-02 +1.000018591e+03 +1.000018591e+03 -1.6188e+00 +1.6701e+00 -3.2101e+00
1339 +1.299324197e-02 +1.299324197e-02 +1.000012993e+03 +1.000012993e+03 -1.6444e+00 +1.6617e+00 -3.1702e+00
1454 +5.227955819e-03 +5.227955819e-03 +1.000005228e+03 +1.000005228e+03 -1.6369e+00 +1.6329e+00 -3.1971e+00
1469 +2.575322178e-03 +2.575322178e-03 +1.000002575e+03 +1.000002575e+03 -1.6397e+00 +1.6510e+00 -3.1788e+00
1806 +2.316881239e-03 +2.316881239e-03 +1.000002317e+03 +1.000002317e+03 -1.6407e+00 +1.6476e+00 -3.1787e+00
1846 +1.337506170e-03 +1.337506170e-03 +1.000001338e+03 +1.000001338e+03 -1.6447e+00 +1.6365e+00 -3.1816e+00
1902 +1.316086970e-03 +1.316086970e-03 +1.000001316e+03 +1.000001316e+03 -1.6381e+00 +1.6403e+00 -3.1806e+00
1946 +1.281796662e-03 +1.281796662e-03 +1.000001282e+03 +1.000001282e+03 -1.6397e+00 +1.6309e+00 -3.1848e+00
2009 +1.038827715e-03 +1.038827715e-03 +1.000001039e+03 +1.000001039e+03 -1.6451e+00 +1.6382e+00 -3.1779e+00
2107 +9.672177406e-04 +9.672177406e-04 +1.000000967e+03 +1.000000967e+03 -1.6445e+00 +1.6390e+00 -3.1747e+00
2189 +2.512945083e-04 +2.512945083e-04 +1.000000251e+03 +1.000000251e+03 -1.6498e+00 +1.6279e+00 -3.1765e+00
2388 +1.588954864e-04 +1.588954864e-04 +1.000000159e+03 +1.000000159e+03 -1.6458e+00 +1.6274e+00 -3.1776e+00
2401 +1.120384736e-04 +1.120384736e-04 +1.000000112e+03 +1.000000112e+03 -1.6467e+00 +1.6259e+00 -3.1775e+00
2424 +7.361617838e-05 +7.361617838e-05 +1.000000074e+03 +1.000000074e+03 -1.6468e+00 +1.6247e+00 -3.1770e+00
2521 +7.038314254e-05 +7.038314254e-05 +1.000000070e+03 +1.000000070e+03 -1.6486e+00 +1.6247e+00 -3.1772e+00
2528 +4.037489555e-05 +4.037489555e-05 +1.000000040e+03 +1.000000040e+03 -1.6481e+00 +1.6241e+00 -3.1767e+00
2563 +1.752457911e-05 +1.752457911e-05 +1.000000018e+03 +1.000000018e+03 -1.6496e+00 +1.6228e+00 -3.1767e+00
2599 +1.703387761e-05 +1.703387761e-05 +1.000000017e+03 +1.000000017e+03 -1.6490e+00 +1.6234e+00 -3.1763e+00
2600 +1.411992343e-05 +1.411992343e-05 +1.000000014e+03 +1.000000014e+03 -1.6497e+00 +1.6232e+00 -3.1759e+00
2727 +8.790489460e-06 +8.790489460e-06 +1.000000009e+03 +1.000000009e+03 -1.6495e+00 +1.6227e+00 -3.1764e+00
2800 +8.638447753e-06 +8.638447753e-06 +1.000000009e+03 +1.000000009e+03 -1.6494e+00 +1.6227e+00 -3.1762e+00
2891 +6.655692005e-06 +6.655692005e-06 +1.000000007e+03 +1.000000007e+03 -1.6496e+00 +1.6226e+00 -3.1762e+00
2930 +4.519593858e-06 +4.519593858e-06 +1.000000005e+03 +1.000000005e+03 -1.6499e+00 +1.6225e+00 -3.1760e+00
2951 +2.216444500e-06 +2.216444500e-06 +1.000000002e+03 +1.000000002e+03 -1.6500e+00 +1.6222e+00 -3.1760e+00
3061 +1.654640528e-06 +1.654640528e-06 +1.000000002e+03 +1.000000002e+03 -1.6502e+00 +1.6221e+00 -3.1760e+00
3098 +1.575601914e-06 +1.575601914e-06 +1.000000002e+03 +1.000000002e+03 -1.6501e+00 +1.6219e+00 -3.1762e+00
3115 +5.062998980e-07 +5.062998980e-07 +1.000000001e+03 +1.000000001e+03 -1.6503e+00 +1.6218e+00 -3.1761e+00
3197 +2.745287020e-07 +2.745287020e-07 +1.000000000e+03 +1.000000000e+03 -1.6503e+00 +1.6218e+00 -3.1760e+00
3471 +2.055397772e-07 +2.055397772e-07 +1.000000000e+03 +1.000000000e+03 -1.6503e+00 +1.6217e+00 -3.1761e+00
3548 +1.671988912e-07 +1.671988912e-07 +1.000000000e+03 +1.000000000e+03 -1.6503e+00 +1.6217e+00 -3.1761e+00
3568 +1.007206265e-07 +1.007206265e-07 +1.000000000e+03 +1.000000000e+03 -1.6503e+00 +1.6217e+00 -3.1760e+00
3693 +5.614083420e-08 +5.614083420e-08 +1.000000000e+03 +1.000000000e+03 -1.6503e+00 +1.6217e+00 -3.1760e+00
3695 +9.383256838e-09 +9.383256838e-09 +1.000000000e+03 +1.000000000e+03 -1.6504e+00 +1.6216e+00 -3.1760e+00
% function evaluation | noise-free fitness - Fopt (6.536000000000e+02) | best noise-free fitness - Fopt | measured fitness | best measured fitness | x1 | x2...
1 +3.941657896e+05 +3.941657896e+05 +3.948193896e+05 +3.948193896e+05 +0.0000e+00 +0.0000e+00 +0.0000e+00
2 +3.124383392e+05 +3.124383392e+05 +3.130919392e+05 +3.130919392e+05 +1.2796e+00 -2.3958e+00 -1.8938e+00
4 +3.049015989e+05 +3.049015989e+05 +3.055551989e+05 +3.055551989e+05 +1.1102e+00 -2.4132e+00 -1.8336e+00
25 +2.954800555e+05 +2.954800555e+05 +2.961336555e+05 +2.961336555e+05 +1.0558e+00 -2.4584e+00 -1.9365e+00
27 +2.846870416e+05 +2.846870416e+05 +2.853406416e+05 +2.853406416e+05 +9.3785e-01 -2.5932e+00 -1.8806e+00
46 +2.751191478e+05 +2.751191478e+05 +2.757727478e+05 +2.757727478e+05 +1.0195e+00 -2.5572e+00 -2.1590e+00
48 +2.470036743e+05 +2.470036743e+05 +2.476572743e+05 +2.476572743e+05 +8.4055e-01 -2.4960e+00 -2.2585e+00
51 +2.199730811e+05 +2.199730811e+05 +2.206266811e+05 +2.206266811e+05 +5.2963e-01 -2.4427e+00 -2.1278e+00
75 +2.149944945e+05 +2.149944945e+05 +2.156480945e+05 +2.156480945e+05 +3.3809e-01 -2.5169e+00 -1.8655e+00
81 +1.857016433e+05 +1.857016433e+05 +1.863552433e+05 +1.863552433e+05 +3.1489e-01 -2.7043e+00 -2.2549e+00
82 +1.252285635e+05 +1.252285635e+05 +1.258821635e+05 +1.258821635e+05 -3.6319e-01 -2.6747e+00 -2.2947e+00
90 +6.298920914e+04 +6.298920914e+04 +6.364280914e+04 +6.364280914e+04 -1.4312e+00 -2.5851e+00 -2.2598e+00
112 +2.070636580e+04 +2.070636580e+04 +2.135996580e+04 +2.135996580e+04 -1.9777e+00 -2.7996e+00 -2.8330e+00
118 +4.617496257e+00 +4.617496257e+00 +6.582174963e+02 +6.582174963e+02 -4.5962e+00 -2.2899e+00 -1.9981e+00
126 +4.014125935e+00 +4.014125935e+00 +6.576141259e+02 +6.576141259e+02 -4.5477e+00 -1.6617e+00 -1.7689e+00
665 +2.860685206e+00 +2.860685206e+00 +6.564606852e+02 +6.564606852e+02 -4.2229e+00 -2.1458e+00 -2.0871e+00
729 +2.161919696e+00 +2.161919696e+00 +6.557619197e+02 +6.557619197e+02 -3.7343e+00 -2.0756e+00 -2.1791e+00
740 +1.312836565e+00 +1.312836565e+00 +6.549128366e+02 +6.549128366e+02 -3.9773e+00 -2.4986e+00 -1.9332e+00
878 +7.804140619e-01 +7.804140619e-01 +6.543804141e+02 +6.543804141e+02 -3.5911e+00 -2.6317e+00 -2.2193e+00
904 +6.572102610e-01 +6.572102610e-01 +6.542572103e+02 +6.542572103e+02 -3.6832e+00 -2.6658e+00 -2.0626e+00
940 +4.650083807e-01 +4.650083807e-01 +6.540650084e+02 +6.540650084e+02 -3.6027e+00 -2.6726e+00 -2.0290e+00
948 +2.250231190e-01 +2.250231190e-01 +6.538250231e+02 +6.538250231e+02 -3.5829e+00 -2.9148e+00 -1.9834e+00
1011 +1.598855541e-01 +1.598855541e-01 +6.537598856e+02 +6.537598856e+02 -3.5124e+00 -2.9323e+00 -2.0179e+00
1072 +1.201311119e-01 +1.201311119e-01 +6.537201311e+02 +6.537201311e+02 -3.5106e+00 -3.0868e+00 -2.0510e+00
1126 +1.098934386e-01 +1.098934386e-01 +6.537098934e+02 +6.537098934e+02 -3.3915e+00 -3.0213e+00 -2.1380e+00
1154 +8.463978070e-02 +8.463978070e-02 +6.536846398e+02 +6.536846398e+02 -3.4235e+00 -3.0310e+00 -2.1081e+00
1155 +8.561973568e-03 +8.561973568e-03 +6.536085620e+02 +6.536085620e+02 -3.3380e+00 -3.1937e+00 -2.1194e+00
1612 +4.966377463e-03 +4.966377463e-03 +6.536049664e+02 +6.536049664e+02 -3.3487e+00 -3.1912e+00 -2.1017e+00
1703 +7.936874792e-04 +7.936874792e-04 +6.536007937e+02 +6.536007937e+02 -3.3298e+00 -3.2166e+00 -2.1008e+00
1750 +6.672583532e-04 +6.672583532e-04 +6.536006673e+02 +6.536006673e+02 -3.3310e+00 -3.2221e+00 -2.1046e+00
1950 +2.814041907e-04 +2.814041907e-04 +6.536002814e+02 +6.536002814e+02 -3.3271e+00 -3.2233e+00 -2.1044e+00
2081 +6.856220148e-05 +6.856220148e-05 +6.536000686e+02 +6.536000686e+02 -3.3238e+00 -3.2280e+00 -2.1051e+00
2196 +3.710196972e-05 +3.710196972e-05 +6.536000371e+02 +6.536000371e+02 -3.3233e+00 -3.2315e+00 -2.1055e+00
2225 +2.828926847e-05 +2.828926847e-05 +6.536000283e+02 +6.536000283e+02 -3.3230e+00 -3.2299e+00 -2.1054e+00
2243 +4.479091444e-06 +4.479091444e-06 +6.536000045e+02 +6.536000045e+02 -3.3217e+00 -3.2316e+00 -2.1060e+00
2718 +3.413827812e-06 +3.413827812e-06 +6.536000034e+02 +6.536000034e+02 -3.3219e+00 -3.2313e+00 -2.1057e+00
2764 +3.316053267e-06 +3.316053267e-06 +6.536000033e+02 +6.536000033e+02 -3.3221e+00 -3.2313e+00 -2.1054e+00
2788 +3.180905878e-06 +3.180905878e-06 +6.536000032e+02 +6.536000032e+02 -3.3220e+00 -3.2316e+00 -2.1057e+00
2806 +1.774140628e-06 +1.774140628e-06 +6.536000018e+02 +6.536000018e+02 -3.3219e+00 -3.2316e+00 -2.1056e+00
2835 +9.377572496e-07 +9.377572496e-07 +6.536000009e+02 +6.536000009e+02 -3.3218e+00 -3.2316e+00 -2.1055e+00
2895 +7.316700703e-07 +7.316700703e-07 +6.536000007e+02 +6.536000007e+02 -3.3218e+00 -3.2318e+00 -2.1055e+00
2939 +3.105276392e-07 +3.105276392e-07 +6.536000003e+02 +6.536000003e+02 -3.3217e+00 -3.2319e+00 -2.1056e+00
3127 +1.108857077e-07 +1.108857077e-07 +6.536000001e+02 +6.536000001e+02 -3.3217e+00 -3.2319e+00 -2.1056e+00
3206 +1.037506081e-07 +1.037506081e-07 +6.536000001e+02 +6.536000001e+02 -3.3217e+00 -3.2319e+00 -2.1056e+00
3341 +1.020511036e-07 +1.020511036e-07 +6.536000001e+02 +6.536000001e+02 -3.3217e+00 -3.2319e+00 -2.1056e+00
3347 +3.615934929e-08 +3.615934929e-08 +6.536000000e+02 +6.536000000e+02 -3.3216e+00 -3.2319e+00 -2.1056e+00
3503 +3.017021299e-08 +3.017021299e-08 +6.536000000e+02 +6.536000000e+02 -3.3216e+00 -3.2319e+00 -2.1056e+00
3526 +8.505367077e-09 +8.505367077e-09 +6.536000000e+02 +6.536000000e+02 -3.3216e+00 -3.2320e+00 -2.1056e+00
% function evaluation | noise-free fitness - Fopt (-7.829000000000e+01) | best noise-free fitness - Fopt | measured fitness | best measured fitness | x1 | x2...
1 +1.410935742e+05 +1.410935742e+05 +1.410152842e+05 +1.410152842e+05 +0.0000e+00 +0.0000e+00 +0.0000e+00
2 +8.946318708e+04 +8.946318708e+04 +8.938489708e+04 +8.938489708e+04 -3.0339e+00 +7.4704e-01 +3.3325e+00
3 +7.780907434e+04 +7.780907434e+04 +7.773078434e+04 +7.773078434e+04 -3.2060e+00 +7.5502e-01 +3.2318e+00
4 +7.627767793e+04 +7.627767793e+04 +7.619938793e+04 +7.619938793e+04 -3.0328e+00 +6.7750e-01 +2.9932e+00
21 +7.156291140e+04 +7.156291140e+04 +7.148462140e+04 +7.148462140e+04 -3.2862e+00 +7.6127e-01 +3.0992e+00
25 +6.464412085e+04 +6.464412085e+04 +6.456583085e+04 +6.456583085e+04 -3.1213e+00 +3.5453e-01 +3.1117e+00
46 +4.917220845e+04 +4.917220845e+04 +4.909391845e+04 +4.909391845e+04 -3.2104e+00 -1.0126e-01 +2.8381e+00
68 +2.194365329e+04 +2.194365329e+04 +2.186536329e+04 +2.186536329e+04 -2.9658e+00 -1.1844e+00 +2.4905e+00
77 +2.165124461e+04 +2.165124461e+04 +2.157295461e+04 +2.157295461e+04 -3.1384e+00 -1.2230e+00 +2.8963e+00
78 +2.880473341e+03 +2.880473341e+03 +2.802183341e+03 +2.802183341e+03 -3.8505e+00 -1.4844e+00 +1.8826e+00
107 +1.980626737e+03 +1.980626737e+03 +1.902336737e+03 +1.902336737e+03 -4.1020e+00 -2.1933e+00 +3.2077e+00
109 +4.460723855e+02 +4.460723855e+02 +3.677823855e+02 +3.677823855e+02 -4.0478e+00 -1.1209e+00 +6.0926e-01
118 +2.364783717e+01 +2.364783717e+01 -5.464216283e+01 -5.464216283e+01 -5.6846e+00 -1.7043e+00 +1.9097e+00
132 +1.258487855e+01 +1.258487855e+01 -6.570512145e+01 -6.570512145e+01 -4.6388e+00 -1.8141e+00 +1.9054e+00
207 +4.245693101e+00 +4.245693101e+00 -7.404430690e+01 -7.404430690e+01 -3.3432e+00 -2.5445e+00 +4.1963e-01
344 +3.634006731e+00 +3.634006731e+00 -7.465599327e+01 -7.465599327e+01 -3.4169e+00 -3.0141e+00 +5.0082e-01
367 +3.300572566e+00 +3.300572566e+00 -7.498942743e+01 -7.498942743e+01 -3.1666e+00 -2.8113e+00 +1.3217e-01
404 +2.674323151e+00 +2.674323151e+00 -7.561567685e+01 -7.561567685e+01 -3.0086e+00 -3.3052e+00 +8.5556e-02
522 +1.302834020e+00 +1.302834020e+00 -7.698716598e+01 -7.698716598e+01 -2.9200e+00 -2.7363e+00 +8.9991e-01
577 +7.990781070e-01 +7.990781070e-01 -7.749092189e+01 -7.749092189e+01 -2.7647e+00 -3.1442e+00 +6.0154e-01
582 +1.812311421e-01 +1.812311421e-01 -7.810876886e+01 -7.810876886e+01 -2.4786e+00 -2.9340e+00 +8.3222e-01
849 +1.388486792e-01 +1.388486792e-01 -7.815115132e+01 -7.815115132e+01 -2.5125e+00 -2.9575e+00 +8.7364e-01
986 +1.006923554e-01 +1.006923554e-01 -7.818930764e+01 -7.818930764e+01 -2.5426e+00 -3.0184e+00 +9.4841e-01
1048 +3.156622397e-02 +3.156622397e-02 -7.825843378e+01 -7.825843378e+01 -2.4677e+00 -3.0178e+00 +9.4510e-01
1097 +3.100345389e-03 +3.100345389e-03 -7.828689965e+01 -7.828689965e+01 -2.4095e+00 -3.0248e+00 +9.5689e-01
1493 +2.988937685e-03 +2.988937685e-03 -7.828701106e+01 -7.828701106e+01 -2.4122e+00 -3.0152e+00 +9.6990e-01
1534 +2.503029837e-03 +2.503029837e-03 -7.828749697e+01 -7.828749697e+01 -2.4116e+00 -3.0196e+00 +9.6969e-01
1537 +1.341352847e-03 +1.341352847e-03 -7.828865865e+01 -7.828865865e+01 -2.4025e+00 -3.0161e+00 +9.7460e-01
1572 +1.182541758e-03 +1.182541758e-03 -7.828881746e+01 -7.828881746e+01 -2.4071e+00 -3.0190e+00 +9.8409e-01
1668 +1.071881185e-03 +1.071881185e-03 -7.828892812e+01 -7.828892812e+01 -2.4000e+00 -3.0278e+00 +9.6541e-01
1672 +1.032897628e-03 +1.032897628e-03 -7.828896710e+01 -7.828896710e+01 -2.4013e+00 -3.0211e+00 +9.6806e-01
1684 +3.599139403e-04 +3.599139403e-04 -7.828964009e+01 -7.828964009e+01 -2.3996e+00 -3.0236e+00 +9.7658e-01
1743 +1.999692627e-04 +1.999692627e-04 -7.828980003e+01 -7.828980003e+01 -2.3960e+00 -3.0219e+00 +9.7484e-01
1877 +1.067655625e-04 +1.067655625e-04 -7.828989323e+01 -7.828989323e+01 -2.3956e+00 -3.0225e+00 +9.7610e-01
1895 +4.575025224e-05 +4.575025224e-05 -7.828995425e+01 -7.828995425e+01 -2.3949e+00 -3.0238e+00 +9.7722e-01
1940 +4.261721324e-05 +4.261721324e-05 -7.828995738e+01 -7.828995738e+01 -2.3953e+00 -3.0234e+00 +9.7809e-01
1968 +2.963490573e-07 +2.963490573e-07 -7.828999970e+01 -7.828999970e+01 -2.3937e+00 -3.0231e+00 +9.7917e-01
2472 +1.952779343e-07 +1.952779343e-07 -7.828999980e+01 -7.828999980e+01 -2.3937e+00 -3.0231e+00 +9.7918e-01
2528 +1.716656044e-07 +1.716656044e-07 -7.828999983e+01 -7.828999983e+01 -2.3936e+00 -3.0232e+00 +9.7914e-01
2888 +9.499304099e-08 +9.499304099e-08 -7.828999991e+01 -7.828999991e+01 -2.3936e+00 -3.0232e+00 +9.7911e-01
3174 +3.830142248e-08 +3.830142248e-08 -7.828999996e+01 -7.828999996e+01 -2.3936e+00 -3.0232e+00 +9.7915e-01
3435 +1.300315944e-08 +1.300315944e-08 -7.828999999e+01 -7.828999999e+01 -2.3936e+00 -3.0232e+00 +9.7919e-01
3509 +9.252332234e-09 +9.252332234e-09 -7.828999999e+01 -7.828999999e+01 -2.3936e+00 -3.0232e+00 +9.7918e-01
% function evaluation | noise-free fitness - Fopt (-4.164000000000e+01) | best noise-free fitness - Fopt | measured fitness | best measured fitness | x1 | x2...
1 +1.613422046e+05 +1.613422046e+05 +1.613005646e+05 +1.613005646e+05 +0.0000e+00 +0.0000e+00 +0.0000e+00
120 +1.468928032e+05 +1.468928032e+05 +1.468511632e+05 +1.468511632e+05 -5.2276e+00 +7.5069e-01 -4.3402e-01
127 +1.087443353e+05 +1.087443353e+05 +1.087026953e+05 +1.087026953e+05 -4.4383e+00 -1.1288e-01 -1.1081e+00
134 +4.173671377e+02 +4.173671377e+02 +3.757271377e+02 +3.757271377e+02 -5.2193e+00 +4.1523e-01 -5.0803e+00
135 +4.057351253e+02 +4.057351253e+02 +3.640951253e+02 +3.640951253e+02 -4.5294e+00 +3.0701e-01 -6.3542e+00
165 +3.907717493e+02 +3.907717493e+02 +3.491317493e+02 +3.491317493e+02 -3.9618e+00 +2.0777e+00 -6.0861e+00
183 +2.496667332e+02 +2.496667332e+02 +2.080267332e+02 +2.080267332e+02 -2.2000e+00 +1.0648e+00 -7.1319e+00
189 +2.138270079e+02 +2.138270079e+02 +1.721870079e+02 +1.721870079e+02 -1.8041e+00 -1.9184e+00 -6.0079e+00
248 +1.301926614e+02 +1.301926614e+02 +8.855266142e+01 +8.855266142e+01 +5.2101e-01 +3.4134e+00 -6.9898e+00
267 +1.187160935e+02 +1.187160935e+02 +7.707609349e+01 +7.707609349e+01 +7.2419e-01 +2.2839e+00 -7.1166e+00
329 +6.759453850e+01 +6.759453850e+01 +2.595453850e+01 +2.595453850e+01 +2.6834e+00 -3.0205e-01 -8.0205e+00
357 +6.218680477e+01 +6.218680477e+01 +2.054680477e+01 +2.054680477e+01 +2.3044e+00 +4.3465e+00 -4.9693e+00
650 +3.346080640e+01 +3.346080640e+01 -8.179193604e+00 -8.179193604e+00 +3.1126e+00 +1.0419e+00 -5.9390e+00
662 +2.345939753e+01 +2.345939753e+01 -1.818060247e+01 -1.818060247e+01 +3.8668e+00 +8.4652e-01 -5.8904e+00
904 +2.302574184e+01 +2.302574184e+01 -1.861425816e+01 -1.861425816e+01 +3.4825e+00 +1.4668e-02 -5.8245e+00
922 +1.602006635e+01 +1.602006635e+01 -2.561993365e+01 -2.561993365e+01 +2.8751e+00 -1.5493e-01 -4.2465e+00
972 +1.543149272e+01 +1.543149272e+01 -2.620850728e+01 -2.620850728e+01 +3.3647e+00 +8.0788e-01 -4.3944e+00
974 +1.367794160e+01 +1.367794160e+01 -2.796205840e+01 -2.796205840e+01 +3.2782e+00 -1.4562e+00 -5.4310e+00
993 +1.337278470e+01 +1.337278470e+01 -2.826721530e+01 -2.826721530e+01 +3.1137e+00 -7.4983e-02 -4.4304e+00
1019 +1.195438162e+01 +1.195438162e+01 -2.968561838e+01 -2.968561838e+01 +3.5925e+00 -5.3609e-01 -4.9754e+00
1045 +6.950926594e+00 +6.950926594e+00 -3.468907341e+01 -3.468907341e+01 +3.4610e+00 -8.4992e-01 -4.2627e+00
1135 +5.473405964e+00 +5.473405964e+00 -3.616659404e+01 -3.616659404e+01 +3.5179e+00 -1.6747e+00 -4.5127e+00
1200 +3.626368495e+00 +3.626368495e+00 -3.801363151e+01 -3.801363151e+01 +3.6120e+00 -1.6008e+00 -4.1609e+00
1216 +2.310102981e+00 +2.310102981e+00 -3.932989702e+01 -3.932989702e+01 +3.6750e+00 -2.2595e+00 -4.2847e+00
1274 +1.729238210e+00 +1.729238210e+00 -3.991076179e+01 -3.991076179e+01 +3.6916e+00 -2.1219e+00 -4.0426e+00
1288 +1.326237022e+00 +1.326237022e+00 -4.031376298e+01 -4.031376298e+01 +3.6267e+00 -3.4842e+00 -4.1606e+00
1296 +1.002750781e+00 +1.002750781e+00 -4.063724922e+01 -4.063724922e+01 +3.6459e+00 -3.0368e+00 -4.0987e+00
1305 +9.583771997e-01 +9.583771997e-01 -4.068162280e+01 -4.068162280e+01 +3.6640e+00 -2.6933e+00 -3.9913e+00
1319 +5.237850412e-01 +5.237850412e-01 -4.111621496e+01 -4.111621496e+01 +3.7122e+00 -3.3324e+00 -4.0282e+00
1437 +4.219748052e-01 +4.219748052e-01 -4.121802519e+01 -4.121802519e+01 +3.7469e+00 -3.0697e+00 -4.0413e+00
1456 +1.145165714e-01 +1.145165714e-01 -4.152548343e+01 -4.152548343e+01 +3.9020e+00 -3.1057e+00 -4.0678e+00
1469 +9.897445921e-02 +9.897445921e-02 -4.154102554e+01 -4.154102554e+01 +3.8434e+00 -3.2125e+00 -3.9999e+00
1542 +7.827847415e-02 +7.827847415e-02 -4.156172153e+01 -4.156172153e+01 +3.8704e+00 -3.0849e+00 -3.9858e+00
1572 +7.012898838e-02 +7.012898838e-02 -4.156987101e+01 -4.156987101e+01 +3.9104e+00 -3.2356e+00 -4.0450e+00
1590 +4.328047870e-02 +4.328047870e-02 -4.159671952e+01 -4.159671952e+01 +3.9003e+00 -3.2016e+00 -4.0176e+00
1615 +3.199450225e-02 +3.199450225e-02 -4.160800550e+01 -4.160800550e+01 +3.8928e+00 -3.0949e+00 -3.9456e+00
1632 +3.058019327e-02 +3.058019327e-02 -4.160941981e+01 -4.160941981e+01 +3.8879e+00 -3.1372e+00 -3.9703e+00
1684 +1.604267301e-02 +1.604267301e-02 -4.162395733e+01 -4.162395733e+01 +3.9018e+00 -3.2373e+00 -3.9760e+00
1822 +1.380224561e-02 +1.380224561e-02 -4.162619775e+01 -4.162619775e+01 +3.9023e+00 -3.1568e+00 -3.9619e+00
1832 +1.112579261e-02 +1.112579261e-02 -4.162887421e+01 -4.162887421e+01 +3.8890e+00 -3.2331e+00 -3.9426e+00
1865 +4.378549387e-03 +4.378549387e-03 -4.163562145e+01 -4.163562145e+01 +3.9022e+00 -3.2037e+00 -3.9456e+00
1874 +3.911012663e-03 +3.911012663e-03 -4.163608899e+01 -4.163608899e+01 +3.9131e+00 -3.2069e+00 -3.9575e+00
1887 +2.470484885e-03 +2.470484885e-03 -4.163752952e+01 -4.163752952e+01 +3.9084e+00 -3.2173e+00 -3.9487e+00
1917 +1.887483661e-03 +1.887483661e-03 -4.163811252e+01 -4.163811252e+01 +3.9154e+00 -3.1996e+00 -3.9506e+00
2021 +7.754413580e-04 +7.754413580e-04 -4.163922456e+01 -4.163922456e+01 +3.9142e+00 -3.2005e+00 -3.9437e+00
2031 +2.902115696e-04 +2.902115696e-04 -4.163970979e+01 -4.163970979e+01 +3.9102e+00 -3.2124e+00 -3.9359e+00
2204 +2.860121825e-04 +2.860121825e-04 -4.163971399e+01 -4.163971399e+01 +3.9102e+00 -3.2084e+00 -3.9362e+00
2224 +5.976705528e-05 +5.976705528e-05 -4.163994023e+01 -4.163994023e+01 +3.9122e+00 -3.2079e+00 -3.9356e+00
2322 +5.067019038e-05 +5.067019038e-05 -4.163994933e+01 -4.163994933e+01 +3.9138e+00 -3.2072e+00 -3.9371e+00
2368 +3.374690125e-05 +3.374690125e-05 -4.163996625e+01 -4.163996625e+01 +3.9126e+00 -3.2078e+00 -3.9353e+00
2439 +2.675421167e-05 +2.675421167e-05 -4.163997325e+01 -4.163997325e+01 +3.9135e+00 -3.2076e+00 -3.9364e+00
2493 +1.882503663e-05 +1.882503663e-05 -4.163998117e+01 -4.163998117e+01 +3.9131e+00 -3.2078e+00 -3.9357e+00
2520 +5.618440149e-06 +5.618440149e-06 -4.163999438e+01 -4.163999438e+01 +3.9134e+00 -3.2080e+00 -3.9354e+00
2533 +1.587788113e-06 +1.587788113e-06 -4.163999841e+01 -4.163999841e+01 +3.9136e+00 -3.2083e+00 -3.9353e+00
2693 +1.527899713e-06 +1.527899713e-06 -4.163999847e+01 -4.163999847e+01 +3.9135e+00 -3.2087e+00 -3.9354e+00
2806 +1.456114219e-06 +1.456114219e-06 -4.163999854e+01 -4.163999854e+01 +3.9135e+00 -3.2087e+00 -3.9353e+00
2893 +5.102640728e-07 +5.102640728e-07 -4.163999949e+01 -4.163999949e+01 +3.9136e+00 -3.2088e+00 -3.9354e+00
3162 +2.448973859e-07 +2.448973859e-07 -4.163999976e+01 -4.163999976e+01 +3.9136e+00 -3.2087e+00 -3.9353e+00
3289 +1.163305896e-07 +1.163305896e-07 -4.163999988e+01 -4.163999988e+01 +3.9136e+00 -3.2087e+00 -3.9353e+00
3376 +6.129531727e-08 +6.129531727e-08 -4.163999994e+01 -4.163999994e+01 +3.9136e+00 -3.2088e+00 -3.9352e+00
3429 +3.797608628e-08 +3.797608628e-08 -4.163999996e+01 -4.163999996e+01 +3.9136e+00 -3.2088e+00 -3.9352e+00
3482 +3.540662874e-09 +3.540662874e-09 -4.164000000e+01 -4.164000000e+01 +3.9136e+00 -3.2088e+00 -3.9352e+00
% function evaluation | noise-free fitness - Fopt (1.344400000000e+02) | best noise-free fitness - Fopt | measured fitness | best measured fitness | x1 | x2...
1 +3.086564358e+04 +3.086564358e+04 +3.100008358e+04 +3.100008358e+04 +0.0000e+00 +0.0000e+00 +0.0000e+00
113 +1.667840271e+04 +1.667840271e+04 +1.681284271e+04 +1.681284271e+04 +3.7906e-01 -1.7748e-01 +1.1863e+00
126 +1.630505164e+04 +1.630505164e+04 +1.643949164e+04 +1.643949164e+04 -6.6015e-02 -6.6943e-01 +1.8504e+00
134 +3.737552224e+03 +3.737552224e+03 +3.871992224e+03 +3.871992224e+03 -1.8547e+00 +8.7578e-01 +2.3008e+00
140 +1.373332473e+01 +1.373332473e+01 +1.481733247e+02 +1.481733247e+02 -7.3394e-01 +3.4817e+00 +1.9346e+00
665 +1.255839674e+01 +1.255839674e+01 +1.469983967e+02 +1.469983967e+02 -5.6177e-01 +5.6593e+00 +1.4209e+00
706 +8.888115139e+00 +8.888115139e+00 +1.433281151e+02 +1.433281151e+02 -4.4977e-02 +5.3524e+00 +2.0273e+00
721 +2.254436317e+00 +2.254436317e+00 +1.366944363e+02 +1.366944363e+02 +4.7211e-01 +3.9376e+00 +1.3801e+00
842 +1.423520881e+00 +1.423520881e+00 +1.358635209e+02 +1.358635209e+02 +2.7344e-01 +3.5493e+00 +6.4926e-01
1055 +1.214542105e+00 +1.214542105e+00 +1.356545421e+02 +1.356545421e+02 +4.2086e-01 +3.6103e+00 +1.0715e+00
1061 +4.123615276e-01 +4.123615276e-01 +1.348523615e+02 +1.348523615e+02 +4.5861e-01 +3.1461e+00 +8.7252e-01
1147 +3.581507101e-01 +3.581507101e-01 +1.347981507e+02 +1.347981507e+02 +4.5119e-01 +2.9146e+00 +7.7902e-01
1151 +8.044548985e-02 +8.044548985e-02 +1.345204455e+02 +1.345204455e+02 +6.0148e-01 +2.9096e+00 +8.2631e-01
1491 +3.954702302e-02 +3.954702302e-02 +1.344795470e+02 +1.344795470e+02 +5.8703e-01 +2.7904e+00 +7.5654e-01
1615 +2.623452010e-02 +2.623452010e-02 +1.344662345e+02 +1.344662345e+02 +6.0262e-01 +2.8297e+00 +7.3276e-01
1850 +2.534544678e-02 +2.534544678e-02 +1.344653454e+02 +1.344653454e+02 +5.9936e-01 +2.7775e+00 +6.8813e-01
1907 +2.117317904e-02 +2.117317904e-02 +1.344611732e+02 +1.344611732e+02 +6.0708e-01 +2.8078e+00 +7.4527e-01
1917 +1.579453325e-02 +1.579453325e-02 +1.344557945e+02 +1.344557945e+02 +6.0853e-01 +2.7726e+00 +7.4698e-01
2018 +1.138525792e-02 +1.138525792e-02 +1.344513853e+02 +1.344513853e+02 +6.1080e-01 +2.7480e+00 +7.3778e-01
2044 +8.894423146e-03 +8.894423146e-03 +1.344488944e+02 +1.344488944e+02 +6.3064e-01 +2.7793e+00 +7.4302e-01
2077 +6.590940891e-03 +6.590940891e-03 +1.344465909e+02 +1.344465909e+02 +6.2324e-01 +2.7230e+00 +7.4204e-01
2137 +5.016439429e-03 +5.016439429e-03 +1.344450164e+02 +1.344450164e+02 +6.2094e-01 +2.7503e+00 +7.3083e-01
2210 +2.838833452e-03 +2.838833452e-03 +1.344428388e+02 +1.344428388e+02 +6.2800e-01 +2.7424e+00 +7.3136e-01
2249 +2.429198011e-03 +2.429198011e-03 +1.344424292e+02 +1.344424292e+02 +6.3266e-01 +2.7295e+00 +7.2759e-01
2256 +2.092992409e-03 +2.092992409e-03 +1.344420930e+02 +1.344420930e+02 +6.3035e-01 +2.7243e+00 +7.3020e-01
2299 +1.705595063e-03 +1.705595063e-03 +1.344417056e+02 +1.344417056e+02 +6.3184e-01 +2.7398e+00 +7.2595e-01
2305 +1.363819599e-03 +1.363819599e-03 +1.344413638e+02 +1.344413638e+02 +6.2970e-01 +2.7288e+00 +7.2384e-01
2312 +6.642762841e-04 +6.642762841e-04 +1.344406643e+02 +1.344406643e+02 +6.3182e-01 +2.7246e+00 +7.2028e-01
2364 +2.795539875e-04 +2.795539875e-04 +1.344402796e+02 +1.344402796e+02 +6.3438e-01 +2.7231e+00 +7.1920e-01
2624 +2.715950195e-04 +2.715950195e-04 +1.344402716e+02 +1.344402716e+02 +6.3504e-01 +2.7227e+00 +7.1956e-01
2673 +1.128019562e-04 +1.128019562e-04 +1.344401128e+02 +1.344401128e+02 +6.3481e-01 +2.7175e+00 +7.1599e-01
2708 +5.544411013e-05 +5.544411013e-05 +1.344400554e+02 +1.344400554e+02 +6.3547e-01 +2.7181e+00 +7.1552e-01
2864 +3.100059809e-05 +3.100059809e-05 +1.344400310e+02 +1.344400310e+02 +6.3572e-01 +2.7171e+00 +7.1473e-01
2935 +3.077239873e-05 +3.077239873e-05 +1.344400308e+02 +1.344400308e+02 +6.3622e-01 +2.7190e+00 +7.1515e-01
3030 +2.957428848e-05 +2.957428848e-05 +1.344400296e+02 +1.344400296e+02 +6.3645e-01 +2.7157e+00 +7.1483e-01
3068 +1.671890098e-05 +1.671890098e-05 +1.344400167e+02 +1.344400167e+02 +6.3603e-01 +2.7170e+00 +7.1460e-01
3075 +1.656557569e-05 +1.656557569e-05 +1.344400166e+02 +1.344400166e+02 +6.3623e-01 +2.7163e+00 +7.1538e-01
3091 +1.573226817e-05 +1.573226817e-05 +1.344400157e+02 +1.344400157e+02 +6.3637e-01 +2.7161e+00 +7.1541e-01
3122 +8.827156336e-06 +8.827156336e-06 +1.344400088e+02 +1.344400088e+02 +6.3645e-01 +2.7161e+00 +7.1511e-01
3159 +4.492418839e-06 +4.492418839e-06 +1.344400045e+02 +1.344400045e+02 +6.3658e-01 +2.7168e+00 +7.1481e-01
3173 +3.778281666e-06 +3.778281666e-06 +1.344400038e+02 +1.344400038e+02 +6.3661e-01 +2.7169e+00 +7.1461e-01
3233 +3.246719132e-06 +3.246719132e-06 +1.344400032e+02 +1.344400032e+02 +6.3653e-01 +2.7165e+00 +7.1462e-01
3281 +9.312259692e-07 +9.312259692e-07 +1.344400009e+02 +1.344400009e+02 +6.3667e-01 +2.7163e+00 +7.1434e-01
3315 +4.846903607e-07 +4.846903607e-07 +1.344400005e+02 +1.344400005e+02 +6.3673e-01 +2.7163e+00 +7.1448e-01
3434 +2.791475140e-07 +2.791475140e-07 +1.344400003e+02 +1.344400003e+02 +6.3673e-01 +2.7161e+00 +7.1436e-01
3598 +1.938449259e-07 +1.938449259e-07 +1.344400002e+02 +1.344400002e+02 +6.3675e-01 +2.7161e+00 +7.1447e-01
3649 +1.845543238e-07 +1.845543238e-07 +1.344400002e+02 +1.344400002e+02 +6.3677e-01 +2.7161e+00 +7.1449e-01
3668 +1.639596690e-07 +1.639596690e-07 +1.344400002e+02 +1.344400002e+02 +6.3677e-01 +2.7161e+00 +7.1448e-01
3690 +7.589528650e-08 +7.589528650e-08 +1.344400001e+02 +1.344400001e+02 +6.3678e-01 +2.7160e+00 +7.1445e-01
3791 +5.321740559e-08 +5.321740559e-08 +1.344400001e+02 +1.344400001e+02 +6.3678e-01 +2.7161e+00 +7.1443e-01
3822 +5.210097243e-08 +5.210097243e-08 +1.344400001e+02 +1.344400001e+02 +6.3677e-01 +2.7161e+00 +7.1441e-01
3837 +2.567503543e-08 +2.567503543e-08 +1.344400000e+02 +1.344400000e+02 +6.3678e-01 +2.7160e+00 +7.1442e-01
3845 +3.747913979e-09 +3.747913979e-09 +1.344400000e+02 +1.344400000e+02 +6.3679e-01 +2.7160e+00 +7.1440e-01
% function evaluation | noise-free fitness - Fopt (-6.396000000000e+01) | best noise-free fitness - Fopt | measured fitness | best measured fitness | x1 | x2...
1 +4.454033166e+04 +4.454033166e+04 +4.447637166e+04 +4.447637166e+04 +0.0000e+00 +0.0000e+00 +0.0000e+00
2 +1.530702069e+02 +1.530702069e+02 +8.911020691e+01 +8.911020691e+01 +3.9276e+00 +3.0733e+00 +9.5828e-01
4 +1.461235242e+02 +1.461235242e+02 +8.216352422e+01 +8.216352422e+01 +3.7510e+00 +3.0662e+00 +1.0391e+00
5 +1.386420116e+02 +1.386420116e+02 +7.468201164e+01 +7.468201164e+01 +3.7597e+00 +2.9282e+00 +1.0706e+00
9 +1.281467451e+02 +1.281467451e+02 +6.418674511e+01 +6.418674511e+01 +3.6580e+00 +2.8503e+00 +9.2479e-01
12 +1.241974028e+02 +1.241974028e+02 +6.023740275e+01 +6.023740275e+01 +3.6513e+00 +2.7184e+00 +1.0007e+00
25 +1.152684028e+02 +1.152684028e+02 +5.130840282e+01 +5.130840282e+01 +3.4034e+00 +2.5129e+00 +8.2083e-01
46 +1.032515404e+02 +1.032515404e+02 +3.929154037e+01 +3.929154037e+01 +2.6903e+00 +2.6090e+00 +3.4583e-01
53 +9.701397566e+01 +9.701397566e+01 +3.305397566e+01 +3.305397566e+01 +2.8446e+00 +2.2394e+00 +6.6254e-01
81 +5.035278666e+01 +5.035278666e+01 -1.360721334e+01 -1.360721334e+01 +3.6394e+00 +8.1141e-01 -8.8997e-01
93 +3.390040276e+01 +3.390040276e+01 -3.005959724e+01 -3.005959724e+01 +2.7215e+00 +9.3896e-01 -1.5533e+00
95 +2.489624755e+01 +2.489624755e+01 -3.906375245e+01 -3.906375245e+01 +2.2832e+00 +5.2476e-01 -6.0519e-01
160 +2.240143979e+01 +2.240143979e+01 -4.155856021e+01 -4.155856021e+01 +3.4452e+00 -1.2958e+00 +6.5688e-01
188 +6.411703812e+00 +6.411703812e+00 -5.754829619e+01 -5.754829619e+01 +3.1787e+00 -1.2190e+00 -3.1310e+00
279 +5.452210378e+00 +5.452210378e+00 -5.850778962e+01 -5.850778962e+01 +2.7992e+00 -8.5726e-01 -3.1865e+00
343 +4.266867111e+00 +4.266867111e+00 -5.969313289e+01 -5.969313289e+01 +3.1055e+00 -1.4507e+00 -1.8258e+00
412 +3.387368891e+00 +3.387368891e+00 -6.057263111e+01 -6.057263111e+01 +2.5669e+00 -1.1439e+00 -1.2199e+00
424 +2.608317059e+00 +2.608317059e+00 -6.135168294e+01 -6.135168294e+01 +2.9823e+00 -1.7112e+00 -1.5603e+00
429 +3.973167986e-01 +3.973167986e-01 -6.356268320e+01 -6.356268320e+01 +2.4560e+00 -1.5767e+00 -1.5498e+00
560 +3.725069973e-01 +3.725069973e-01 -6.358749300e+01 -6.358749300e+01 +2.4030e+00 -1.5529e+00 -1.7546e+00
618 +2.609469547e-01 +2.609469547e-01 -6.369905305e+01 -6.369905305e+01 +2.4513e+00 -1.7071e+00 -1.3488e+00
644 +2.496070092e-01 +2.496070092e-01 -6.371039299e+01 -6.371039299e+01 +2.4163e+00 -1.6185e+00 -1.5075e+00
687 +1.462317622e-01 +1.462317622e-01 -6.381376824e+01 -6.381376824e+01 +2.3145e+00 -1.5735e+00 -1.4280e+00
694 +1.362494074e-01 +1.362494074e-01 -6.382375059e+01 -6.382375059e+01 +2.3355e+00 -1.5993e+00 -1.4784e+00
737 +7.473490130e-02 +7.473490130e-02 -6.388526510e+01 -6.388526510e+01 +2.2941e+00 -1.6098e+00 -1.4319e+00
769 +4.280396990e-02 +4.280396990e-02 -6.391719603e+01 -6.391719603e+01 +2.3019e+00 -1.6502e+00 -1.4302e+00
779 +4.233094377e-02 +4.233094377e-02 -6.391766906e+01 -6.391766906e+01 +2.2975e+00 -1.6458e+00 -1.4229e+00
817 +1.084804735e-02 +1.084804735e-02 -6.394915195e+01 -6.394915195e+01 +2.2732e+00 -1.6712e+00 -1.3609e+00
954 +4.388840079e-03 +4.388840079e-03 -6.395561116e+01 -6.395561116e+01 +2.2501e+00 -1.6751e+00 -1.3165e+00
1141 +3.978231876e-03 +3.978231876e-03 -6.395602177e+01 -6.395602177e+01 +2.2606e+00 -1.6822e+00 -1.3529e+00
1203 +2.722914862e-04 +2.722914862e-04 -6.395972771e+01 -6.395972771e+01 +2.2508e+00 -1.6888e+00 -1.3244e+00
1456 +1.403412115e-04 +1.403412115e-04 -6.395985966e+01 -6.395985966e+01 +2.2491e+00 -1.6896e+00 -1.3193e+00
1529 +8.995669621e-05 +8.995669621e-05 -6.395991004e+01 -6.395991004e+01 +2.2508e+00 -1.6932e+00 -1.3159e+00
1566 +1.563032188e-05 +1.563032188e-05 -6.395998437e+01 -6.395998437e+01 +2.2492e+00 -1.6920e+00 -1.3185e+00
1875 +6.668644666e-06 +6.668644666e-06 -6.395999333e+01 -6.395999333e+01 +2.2492e+00 -1.6925e+00 -1.3184e+00
1987 +5.062461746e-06 +5.062461746e-06 -6.395999494e+01 -6.395999494e+01 +2.2492e+00 -1.6926e+00 -1.3184e+00
2270 +3.152928713e-06 +3.152928713e-06 -6.395999685e+01 -6.395999685e+01 +2.2491e+00 -1.6927e+00 -1.3183e+00
2276 +3.672825883e-07 +3.672825883e-07 -6.395999963e+01 -6.395999963e+01 +2.2488e+00 -1.6927e+00 -1.3177e+00
2687 +3.602638046e-07 +3.602638046e-07 -6.395999964e+01 -6.395999964e+01 +2.2489e+00 -1.6928e+00 -1.3177e+00
2780 +3.456789983e-07 +3.456789983e-07 -6.395999965e+01 -6.395999965e+01 +2.2488e+00 -1.6927e+00 -1.3176e+00
2815 +2.063993776e-07 +2.063993776e-07 -6.395999979e+01 -6.395999979e+01 +2.2488e+00 -1.6927e+00 -1.3177e+00
2820 +1.693316278e-07 +1.693316278e-07 -6.395999983e+01 -6.395999983e+01 +2.2488e+00 -1.6927e+00 -1.3177e+00
2824 +1.567748669e-07 +1.567748669e-07 -6.395999984e+01 -6.395999984e+01 +2.2488e+00 -1.6927e+00 -1.3177e+00
2865 +1.065416555e-07 +1.065416555e-07 -6.395999989e+01 -6.395999989e+01 +2.2489e+00 -1.6928e+00 -1.3176e+00
2877 +1.006618646e-07 +1.006618646e-07 -6.395999990e+01 -6.395999990e+01 +2.2488e+00 -1.6928e+00 -1.3177e+00
2879 +6.062746394e-08 +6.062746394e-08 -6.395999994e+01 -6.395999994e+01 +2.2488e+00 -1.6928e+00 -1.3176e+00
2885 +5.674394998e-08 +5.674394998e-08 -6.395999994e+01 -6.395999994e+01 +2.2488e+00 -1.6928e+00 -1.3176e+00
2951 +2.003192634e-08 +2.003192634e-08 -6.395999998e+01 -6.395999998e+01 +2.2488e+00 -1.6928e+00 -1.3176e+00
3154 +1.520296422e-08 +1.520296422e-08 -6.395999998e+01 -6.395999998e+01 +2.2488e+00 -1.6928e+00 -1.3176e+00
3179 +1.147085982e-08 +1.147085982e-08 -6.395999999e+01 -6.395999999e+01 +2.2488e+00 -1.6928e+00 -1.3176e+00
3209 +6.206917647e-09 +6.206917647e-09 -6.395999999e+01 -6.395999999e+01 +2.2488e+00 -1.6928e+00 -1.3176e+00
% function evaluation | noise-free fitness - Fopt (1.000000000000e+03) | best noise-free fitness - Fopt | measured fitness | best measured fitness | x1 | x2...
1 +3.285187875e+05 +3.285187875e+05 +3.295187875e+05 +3.295187875e+05 +0.0000e+00 +0.0000e+00 +0.0000e+00
2 +5.137765386e+04 +5.137765386e+04 +5.237765386e+04 +5.237765386e+04 +7.7146e-01 -2.0209e+00 -5.3853e+00
4 +5.119132757e+04 +5.119132757e+04 +5.219132757e+04 +5.219132757e+04 +7.0722e-01 -1.9738e+00 -5.6320e+00
10 +4.859020183e+04 +4.859020183e+04 +4.959020183e+04 +4.959020183e+04 +7.1392e-01 -2.0240e+00 -5.4439e+00
12 +4.784997400e+04 +4.784997400e+04 +4.884997400e+04 +4.884997400e+04 +6.5512e-01 -2.0982e+00 -5.6035e+00
15 +4.604807742e+04 +4.604807742e+04 +4.704807742e+04 +4.704807742e+04 +6.8346e-01 -2.0988e+00 -5.3929e+00
24 +3.507750978e+04 +3.507750978e+04 +3.607750978e+04 +3.607750978e+04 +3.9479e-01 -2.2227e+00 -5.5295e+00
47 +2.305579171e+04 +2.305579171e+04 +2.405579171e+04 +2.405579171e+04 -1.9517e-02 -1.8995e+00 -5.3265e+00
70 +2.035858422e+04 +2.035858422e+04 +2.135858422e+04 +2.135858422e+04 -2.3531e-01 -2.1978e+00 -5.7348e+00
71 +1.796876944e+04 +1.796876944e+04 +1.896876944e+04 +1.896876944e+04 -3.0406e-01 -1.9889e+00 -5.5147e+00
80 +1.549071352e+04 +1.549071352e+04 +1.649071352e+04 +1.649071352e+04 -2.6812e-01 -2.1300e+00 -4.8554e+00
81 +1.302591440e+03 +1.302591440e+03 +2.302591440e+03 +2.302591440e+03 -1.5941e+00 -2.4706e+00 -6.1844e+00
91 +5.586350791e+01 +5.586350791e+01 +1.055863508e+03 +1.055863508e+03 -2.6288e+00 -2.8277e+00 -5.4848e+00
95 +3.583059092e+01 +3.583059092e+01 +1.035830591e+03 +1.035830591e+03 -1.7945e+00 -2.0388e+00 -5.3739e+00
98 +2.427849364e+01 +2.427849364e+01 +1.024278494e+03 +1.024278494e+03 -2.0580e+00 -1.9075e+00 -4.8529e+00
202 +1.241561278e+01 +1.241561278e+01 +1.012415613e+03 +1.012415613e+03 -2.3374e+00 -3.8655e-01 -4.0635e+00
232 +1.155154868e+01 +1.155154868e+01 +1.011551549e+03 +1.011551549e+03 -1.6391e+00 -1.0708e+00 -4.2982e+00
245 +1.093434083e+01 +1.093434083e+01 +1.010934341e+03 +1.010934341e+03 -1.3213e+00 -1.1093e+00 -4.3259e+00
258 +3.012195746e+00 +3.012195746e+00 +1.003012196e+03 +1.003012196e+03 -1.5922e+00 -3.2487e+00 -2.9338e+00
448 +2.234498646e+00 +2.234498646e+00 +1.002234499e+03 +1.002234499e+03 -1.6999e+00 -2.2041e+00 -3.0433e+00
481 +7.411930536e-01 +7.411930536e-01 +1.000741193e+03 +1.000741193e+03 -1.3524e+00 -2.4533e+00 -2.9612e+00
706 +6.839177018e-01 +6.839177018e-01 +1.000683918e+03 +1.000683918e+03 -1.2808e+00 -2.4986e+00 -2.9587e+00
724 +4.833895514e-01 +4.833895514e-01 +1.000483390e+03 +1.000483390e+03 -1.1229e+00 -2.7985e+00 -2.9629e+00
752 +4.229689512e-01 +4.229689512e-01 +1.000422969e+03 +1.000422969e+03 -1.3807e+00 -2.9160e+00 -2.6261e+00
762 +3.268446402e-01 +3.268446402e-01 +1.000326845e+03 +1.000326845e+03 -1.3047e+00 -2.8106e+00 -2.7429e+00
887 +2.802258048e-01 +2.802258048e-01 +1.000280226e+03 +1.000280226e+03 -1.2723e+00 -2.7078e+00 -2.7740e+00
926 +1.643722663e-01 +1.643722663e-01 +1.000164372e+03 +1.000164372e+03 -1.0918e+00 -2.9635e+00 -2.8136e+00
970 +1.294087963e-01 +1.294087963e-01 +1.000129409e+03 +1.000129409e+03 -1.1288e+00 -2.8438e+00 -2.7936e+00
1023 +1.871546571e-02 +1.871546571e-02 +1.000018715e+03 +1.000018715e+03 -1.0716e+00 -2.9461e+00 -2.7189e+00
1351 +1.365685893e-02 +1.365685893e-02 +1.000013657e+03 +1.000013657e+03 -1.0722e+00 -3.0112e+00 -2.6935e+00
1445 +1.302891441e-02 +1.302891441e-02 +1.000013029e+03 +1.000013029e+03 -1.0565e+00 -3.0291e+00 -2.6972e+00
1473 +5.578123960e-03 +5.578123960e-03 +1.000005578e+03 +1.000005578e+03 -1.0585e+00 -3.0347e+00 -2.6764e+00
1520 +2.254465346e-03 +2.254465346e-03 +1.000002254e+03 +1.000002254e+03 -1.0524e+00 -3.0194e+00 -2.6798e+00
1544 +1.729769429e-03 +1.729769429e-03 +1.000001730e+03 +1.000001730e+03 -1.0443e+00 -3.0144e+00 -2.6879e+00
1637 +1.662165684e-03 +1.662165684e-03 +1.000001662e+03 +1.000001662e+03 -1.0524e+00 -3.0060e+00 -2.6836e+00
1759 +5.197085627e-04 +5.197085627e-04 +1.000000520e+03 +1.000000520e+03 -1.0427e+00 -3.0071e+00 -2.6843e+00
1918 +2.256839624e-04 +2.256839624e-04 +1.000000226e+03 +1.000000226e+03 -1.0428e+00 -3.0151e+00 -2.6802e+00
1970 +1.965629432e-04 +1.965629432e-04 +1.000000197e+03 +1.000000197e+03 -1.0438e+00 -3.0152e+00 -2.6773e+00
2159 +1.704244236e-04 +1.704244236e-04 +1.000000170e+03 +1.000000170e+03 -1.0432e+00 -3.0119e+00 -2.6799e+00
2174 +1.506556148e-04 +1.506556148e-04 +1.000000151e+03 +1.000000151e+03 -1.0429e+00 -3.0124e+00 -2.6798e+00
2184 +9.232058687e-05 +9.232058687e-05 +1.000000092e+03 +1.000000092e+03 -1.0416e+00 -3.0142e+00 -2.6798e+00
2203 +5.519910292e-05 +5.519910292e-05 +1.000000055e+03 +1.000000055e+03 -1.0407e+00 -3.0147e+00 -2.6797e+00
2212 +4.528266811e-05 +4.528266811e-05 +1.000000045e+03 +1.000000045e+03 -1.0396e+00 -3.0169e+00 -2.6796e+00
2316 +2.949732141e-05 +2.949732141e-05 +1.000000029e+03 +1.000000029e+03 -1.0396e+00 -3.0154e+00 -2.6797e+00
2445 +1.888346151e-05 +1.888346151e-05 +1.000000019e+03 +1.000000019e+03 -1.0396e+00 -3.0152e+00 -2.6795e+00
2493 +1.808159095e-05 +1.808159095e-05 +1.000000018e+03 +1.000000018e+03 -1.0396e+00 -3.0163e+00 -2.6793e+00
2590 +1.512904021e-05 +1.512904021e-05 +1.000000015e+03 +1.000000015e+03 -1.0395e+00 -3.0158e+00 -2.6793e+00
2661 +1.207339108e-05 +1.207339108e-05 +1.000000012e+03 +1.000000012e+03 -1.0395e+00 -3.0157e+00 -2.6792e+00
2664 +9.189032539e-06 +9.189032539e-06 +1.000000009e+03 +1.000000009e+03 -1.0398e+00 -3.0162e+00 -2.6789e+00
2669 +6.937570902e-06 +6.937570902e-06 +1.000000007e+03 +1.000000007e+03 -1.0393e+00 -3.0167e+00 -2.6789e+00
2702 +6.705023111e-06 +6.705023111e-06 +1.000000007e+03 +1.000000007e+03 -1.0398e+00 -3.0162e+00 -2.6787e+00
2745 +1.909840648e-06 +1.909840648e-06 +1.000000002e+03 +1.000000002e+03 -1.0394e+00 -3.0165e+00 -2.6786e+00
2760 +1.657573989e-06 +1.657573989e-06 +1.000000002e+03 +1.000000002e+03 -1.0393e+00 -3.0166e+00 -2.6786e+00
2946 +6.223218634e-07 +6.223218634e-07 +1.000000001e+03 +1.000000001e+03 -1.0393e+00 -3.0166e+00 -2.6785e+00
3002 +3.240812703e-07 +3.240812703e-07 +1.000000000e+03 +1.000000000e+03 -1.0393e+00 -3.0168e+00 -2.6784e+00
3028 +1.867568926e-07 +1.867568926e-07 +1.000000000e+03 +1.000000000e+03 -1.0393e+00 -3.0168e+00 -2.6784e+00
3034 +1.485246912e-07 +1.485246912e-07 +1.000000000e+03 +1.000000000e+03 -1.0393e+00 -3.0168e+00 -2.6784e+00
3176 +2.031390522e-08 +2.031390522e-08 +1.000000000e+03 +1.000000000e+03 -1.0392e+00 -3.0168e+00 -2.6784e+00
% function evaluation | noise-free fitness - Fopt (4.519100000000e+02) | best noise-free fitness - Fopt | measured fitness | best measured fitness | x1 | x2...
1 +1.773855352e+05 +1.773855352e+05 +1.778374452e+05 +1.778374452e+05 +0.0000e+00 +0.0000e+00 +0.0000e+00
102 +6.225442798e+04 +6.225442798e+04 +6.270633798e+04 +6.270633798e+04 -2.4099e+00 +6.3338e-01 +9.2714e-01
104 +2.731126646e+04 +2.731126646e+04 +2.776317646e+04 +2.776317646e+04 -2.4002e+00 -1.6028e-01 +2.1618e+00
122 +7.745618734e+02 +7.745618734e+02 +1.226471873e+03 +1.226471873e+03 -3.6176e+00 -1.3369e+00 +2.6564e+00
176 +6.409280550e+02 +6.409280550e+02 +1.092838055e+03 +1.092838055e+03 -3.9021e+00 -6.3788e-01 +2.9750e+00
188 +1.589916867e+01 +1.589916867e+01 +4.678091687e+02 +4.678091687e+02 -5.3344e+00 -2.5640e+00 +2.3133e+00
232 +4.776555664e+00 +4.776555664e+00 +4.566865557e+02 +4.566865557e+02 -4.2753e+00 -1.8731e+00 +2.8561e+00
242 +6.905468639e-01 +6.905468639e-01 +4.526005469e+02 +4.526005469e+02 -3.9871e+00 -1.1294e+00 +3.0583e+00
822 +2.301989752e-01 +2.301989752e-01 +4.521401990e+02 +4.521401990e+02 -4.0560e+00 -8.3827e-01 +2.8410e+00
1109 +1.815635930e-01 +1.815635930e-01 +4.520915636e+02 +4.520915636e+02 -3.8738e+00 -8.4159e-01 +2.9776e+00
1129 +1.731350539e-01 +1.731350539e-01 +4.520831351e+02 +4.520831351e+02 -3.8793e+00 -8.5481e-01 +2.9612e+00
1152 +1.450350453e-01 +1.450350453e-01 +4.520550350e+02 +4.520550350e+02 -3.9533e+00 -7.9329e-01 +2.8986e+00
1163 +6.268668017e-02 +6.268668017e-02 +4.519726867e+02 +4.519726867e+02 -3.9415e+00 -7.4391e-01 +2.8144e+00
1295 +2.889404263e-02 +2.889404263e-02 +4.519388940e+02 +4.519388940e+02 -3.9192e+00 -6.9140e-01 +2.7960e+00
1330 +2.677213661e-02 +2.677213661e-02 +4.519367721e+02 +4.519367721e+02 -3.9048e+00 -6.9588e-01 +2.7883e+00
1443 +2.464924889e-02 +2.464924889e-02 +4.519346492e+02 +4.519346492e+02 -3.9430e+00 -6.7095e-01 +2.7069e+00
1463 +2.002821267e-02 +2.002821267e-02 +4.519300282e+02 +4.519300282e+02 -3.9333e+00 -6.6016e-01 +2.7062e+00
1481 +1.761796924e-02 +1.761796924e-02 +4.519276180e+02 +4.519276180e+02 -3.9493e+00 -6.7231e-01 +2.7423e+00
1553 +4.668185186e-03 +4.668185186e-03 +4.519146682e+02 +4.519146682e+02 -3.9370e+00 -6.3778e-01 +2.7273e+00
1583 +3.935464466e-03 +3.935464466e-03 +4.519139355e+02 +4.519139355e+02 -3.9349e+00 -6.3026e-01 +2.7280e+00
1604 +2.338313315e-03 +2.338313315e-03 +4.519123383e+02 +4.519123383e+02 -3.9469e+00 -6.2075e-01 +2.7098e+00
1776 +1.880222720e-03 +1.880222720e-03 +4.519118802e+02 +4.519118802e+02 -3.9327e+00 -6.2256e-01 +2.7192e+00
1789 +1.556335847e-03 +1.556335847e-03 +4.519115563e+02 +4.519115563e+02 -3.9339e+00 -6.2183e-01 +2.7112e+00
1795 +1.271053383e-03 +1.271053383e-03 +4.519112711e+02 +4.519112711e+02 -3.9327e+00 -6.1745e-01 +2.7064e+00
1853 +9.968044694e-04 +9.968044694e-04 +4.519109968e+02 +4.519109968e+02 -3.9356e+00 -6.1774e-01 +2.7108e+00
2094 +8.596899044e-04 +8.596899044e-04 +4.519108597e+02 +4.519108597e+02 -3.9366e+00 -6.1319e-01 +2.7118e+00
2100 +7.572362379e-04 +7.572362379e-04 +4.519107572e+02 +4.519107572e+02 -3.9391e+00 -6.1294e-01 +2.7094e+00
2103 +6.275832129e-04 +6.275832129e-04 +4.519106276e+02 +4.519106276e+02 -3.9371e+00 -6.1370e-01 +2.7092e+00
2130 +4.454831479e-04 +4.454831479e-04 +4.519104455e+02 +4.519104455e+02 -3.9359e+00 -6.1153e-01 +2.7046e+00
2251 +3.606683611e-04 +3.606683611e-04 +4.519103607e+02 +4.519103607e+02 -3.9356e+00 -6.1091e-01 +2.7047e+00
2269 +3.048738390e-04 +3.048738390e-04 +4.519103049e+02 +4.519103049e+02 -3.9375e+00 -6.1053e-01 +2.7034e+00
2282 +2.478036589e-04 +2.478036589e-04 +4.519102478e+02 +4.519102478e+02 -3.9377e+00 -6.0735e-01 +2.7048e+00
2304 +2.374324687e-04 +2.374324687e-04 +4.519102374e+02 +4.519102374e+02 -3.9364e+00 -6.0881e-01 +2.7029e+00
2368 +1.908388134e-04 +1.908388134e-04 +4.519101908e+02 +4.519101908e+02 -3.9386e+00 -6.0760e-01 +2.7000e+00
2386 +1.490518857e-04 +1.490518857e-04 +4.519101491e+02 +4.519101491e+02 -3.9375e+00 -6.0734e-01 +2.7008e+00
2444 +7.560934898e-05 +7.560934898e-05 +4.519100756e+02 +4.519100756e+02 -3.9378e+00 -6.0586e-01 +2.7003e+00
2522 +7.105591112e-05 +7.105591112e-05 +4.519100711e+02 +4.519100711e+02 -3.9375e+00 -6.0529e-01 +2.6996e+00
2535 +6.719526635e-05 +6.719526635e-05 +4.519100672e+02 +4.519100672e+02 -3.9378e+00 -6.0580e-01 +2.7014e+00
2572 +1.561141283e-05 +1.561141283e-05 +4.519100156e+02 +4.519100156e+02 -3.9385e+00 -6.0368e-01 +2.6996e+00
2768 +7.355217861e-06 +7.355217861e-06 +4.519100074e+02 +4.519100074e+02 -3.9386e+00 -6.0321e-01 +2.6991e+00
2787 +5.642253029e-06 +5.642253029e-06 +4.519100056e+02 +4.519100056e+02 -3.9383e+00 -6.0321e-01 +2.6988e+00
2856 +5.423284904e-06 +5.423284904e-06 +4.519100054e+02 +4.519100054e+02 -3.9383e+00 -6.0314e-01 +2.6992e+00
2953 +1.147989394e-06 +1.147989394e-06 +4.519100011e+02 +4.519100011e+02 -3.9383e+00 -6.0276e-01 +2.6987e+00
3408 +4.324472798e-07 +4.324472798e-07 +4.519100004e+02 +4.519100004e+02 -3.9383e+00 -6.0259e-01 +2.6986e+00
3459 +3.288291737e-07 +3.288291737e-07 +4.519100003e+02 +4.519100003e+02 -3.9384e+00 -6.0258e-01 +2.6985e+00
3670 +1.967599701e-07 +1.967599701e-07 +4.519100002e+02 +4.519100002e+02 -3.9384e+00 -6.0253e-01 +2.6985e+00
3690 +1.685753546e-07 +1.685753546e-07 +4.519100002e+02 +4.519100002e+02 -3.9384e+00 -6.0251e-01 +2.6985e+00
3693 +9.776522347e-08 +9.776522347e-08 +4.519100001e+02 +4.519100001e+02 -3.9384e+00 -6.0248e-01 +2.6985e+00
3845 +9.212459418e-08 +9.212459418e-08 +4.519100001e+02 +4.519100001e+02 -3.9384e+00 -6.0248e-01 +2.6985e+00
3852 +5.567409289e-08 +5.567409289e-08 +4.519100001e+02 +4.519100001e+02 -3.9384e+00 -6.0246e-01 +2.6984e+00
3863 +4.960935485e-08 +4.960935485e-08 +4.519100000e+02 +4.519100000e+02 -3.9384e+00 -6.0245e-01 +2.6984e+00
3942 +4.655800012e-08 +4.655800012e-08 +4.519100000e+02 +4.519100000e+02 -3.9384e+00 -6.0245e-01 +2.6985e+00
3970 +2.959114909e-08 +2.959114909e-08 +4.519100000e+02 +4.519100000e+02 -3.9384e+00 -6.0244e-01 +2.6984e+00
3998 +2.949809641e-08 +2.949809641e-08 +4.519100000e+02 +4.519100000e+02 -3.9384e+00 -6.0243e-01 +2.6984e+00
4086 +1.313549092e-08 +1.313549092e-08 +4.519100000e+02 +4.519100000e+02 -3.9384e+00 -6.0243e-01 +2.6984e+00
4126 +7.188020845e-09 +7.188020845e-09 +4.519100000e+02 +4.519100000e+02 -3.9384e+00 -6.0242e-01 +2.6984e+00
% function evaluation | noise-free fitness - Fopt (-2.415900000000e+02) | best noise-free fitness - Fopt | measured fitness | best measured fitness | x1 | x2...
1 +7.466307847e+03 +7.466307847e+03 +7.224717847e+03 +7.224717847e+03 +0.0000e+00 +0.0000e+00 +0.0000e+00
50 +6.683356565e+03 +6.683356565e+03 +6.441766565e+03 +6.441766565e+03 +1.5863e+00 -8.2094e-01 -7.4390e-01
51 +3.504572145e+03 +3.504572145e+03 +3.262982145e+03 +3.262982145e+03 +1.7845e+00 -1.1435e+00 -1.0417e+00
65 +3.632691324e+01 +3.632691324e+01 -2.052630868e+02 -2.052630868e+02 +1.8082e+00 -1.3877e+00 -1.6282e+00
71 +3.137730153e+01 +3.137730153e+01 -2.102126985e+02 -2.102126985e+02 +1.5369e+00 -1.0670e+00 -1.8888e+00
86 +2.454741508e+01 +2.454741508e+01 -2.170425849e+02 -2.170425849e+02 +1.4952e+00 -4.7078e-01 -2.4251e+00
95 +2.427230090e+01 +2.427230090e+01 -2.173176991e+02 -2.173176991e+02 +1.2213e+00 -5.4256e-01 -1.8037e+00
112 +2.324403225e+01 +2.324403225e+01 -2.183459677e+02 -2.183459677e+02 +6.1281e-01 +2.7897e-02 -2.4482e+00
143 +2.222405030e+01 +2.222405030e+01 -2.193659497e+02 -2.193659497e+02 +7.4143e-01 +1.4074e-01 -2.3888e+00
146 +1.538965556e+01 +1.538965556e+01 -2.262003444e+02 -2.262003444e+02 +8.4656e-01 +3.9048e-01 -1.8777e+00
171 +1.114045640e+01 +1.114045640e+01 -2.304495436e+02 -2.304495436e+02 -5.3348e-01 +1.4640e+00 -2.0854e+00
247 +1.075867484e+01 +1.075867484e+01 -2.308313252e+02 -2.308313252e+02 -4.6110e-01 +1.6390e+00 -2.4417e+00
284 +7.382745739e+00 +7.382745739e+00 -2.342072543e+02 -2.342072543e+02 -6.0822e-01 +1.6938e+00 -1.7649e+00
292 +6.215757280e+00 +6.215757280e+00 -2.353742427e+02 -2.353742427e+02 -3.8070e-02 +2.2986e+00 -1.9942e+00
344 +3.724242037e+00 +3.724242037e+00 -2.378657580e+02 -2.378657580e+02 -6.0771e-01 +2.6171e+00 -1.9667e+00
347 +3.137996844e+00 +3.137996844e+00 -2.384520032e+02 -2.384520032e+02 -4.9763e-01 +2.4102e+00 -1.6160e+00
363 +2.818392487e+00 +2.818392487e+00 -2.387716075e+02 -2.387716075e+02 -8.5990e-01 +2.4548e+00 -1.3369e+00
453 +2.355657326e+00 +2.355657326e+00 -2.392343427e+02 -2.392343427e+02 -8.7635e-01 +2.8799e+00 -1.8001e+00
480 +7.362748344e-01 +7.362748344e-01 -2.408537252e+02 -2.408537252e+02 -1.5994e+00 +3.3894e+00 -1.6107e+00
620 +7.213515382e-01 +7.213515382e-01 -2.408686485e+02 -2.408686485e+02 -1.4004e+00 +3.4183e+00 -1.6297e+00
738 +4.615743872e-01 +4.615743872e-01 -2.411284256e+02 -2.411284256e+02 -1.5997e+00 +3.4438e+00 -1.5098e+00
787 +4.159809711e-01 +4.159809711e-01 -2.411740190e+02 -2.411740190e+02 -1.5854e+00 +3.3988e+00 -1.3513e+00
841 +4.072171887e-01 +4.072171887e-01 -2.411827828e+02 -2.411827828e+02 -1.5781e+00 +3.4455e+00 -1.4867e+00
867 +2.134210998e-01 +2.134210998e-01 -2.413765789e+02 -2.413765789e+02 -1.6551e+00 +3.5796e+00 -1.4162e+00
869 +1.978359576e-01 +1.978359576e-01 -2.413921640e+02 -2.413921640e+02 -1.6821e+00 +3.6240e+00 -1.4277e+00
1050 +1.533213012e-01 +1.533213012e-01 -2.414366787e+02 -2.414366787e+02 -1.5411e+00 +3.5118e+00 -1.3663e+00
1115 +4.379046477e-02 +4.379046477e-02 -2.415462095e+02 -2.415462095e+02 -1.5374e+00 +3.6128e+00 -1.3172e+00
1252 +1.979379455e-02 +1.979379455e-02 -2.415702062e+02 -2.415702062e+02 -1.6231e+00 +3.6684e+00 -1.2854e+00
1393 +1.580573276e-02 +1.580573276e-02 -2.415741943e+02 -2.415741943e+02 -1.5412e+00 +3.6227e+00 -1.2635e+00
1413 +9.799554640e-03 +9.799554640e-03 -2.415802004e+02 -2.415802004e+02 -1.5615e+00 +3.6305e+00 -1.2524e+00
1443 +9.540829931e-03 +9.540829931e-03 -2.415804592e+02 -2.415804592e+02 -1.5683e+00 +3.6427e+00 -1.2655e+00
1450 +9.050518431e-03 +9.050518431e-03 -2.415809495e+02 -2.415809495e+02 -1.5519e+00 +3.6441e+00 -1.2568e+00
1463 +4.143394097e-03 +4.143394097e-03 -2.415858566e+02 -2.415858566e+02 -1.5823e+00 +3.6598e+00 -1.2531e+00
1555 +1.868396530e-03 +1.868396530e-03 -2.415881316e+02 -2.415881316e+02 -1.5842e+00 +3.6684e+00 -1.2477e+00
1559 +1.414311132e-03 +1.414311132e-03 -2.415885857e+02 -2.415885857e+02 -1.5998e+00 +3.6765e+00 -1.2441e+00
1788 +4.064541093e-04 +4.064541093e-04 -2.415895935e+02 -2.415895935e+02 -1.5869e+00 +3.6730e+00 -1.2371e+00
1933 +2.664253500e-04 +2.664253500e-04 -2.415897336e+02 -2.415897336e+02 -1.5915e+00 +3.6759e+00 -1.2343e+00
2045 +1.354007658e-04 +1.354007658e-04 -2.415898646e+02 -2.415898646e+02 -1.5904e+00 +3.6779e+00 -1.2368e+00
2053 +4.250642050e-05 +4.250642050e-05 -2.415899575e+02 -2.415899575e+02 -1.5920e+00 +3.6795e+00 -1.2356e+00
3089 +8.016911380e-06 +8.016911380e-06 -2.415899920e+02 -2.415899920e+02 -1.5938e+00 +3.6812e+00 -1.2350e+00
3480 +4.817920370e-06 +4.817920370e-06 -2.415899952e+02 -2.415899952e+02 -1.5931e+00 +3.6809e+00 -1.2346e+00
3601 +1.294718402e-06 +1.294718402e-06 -2.415899987e+02 -2.415899987e+02 -1.5934e+00 +3.6813e+00 -1.2344e+00
3852 +7.729892104e-07 +7.729892104e-07 -2.415899992e+02 -2.415899992e+02 -1.5936e+00 +3.6814e+00 -1.2345e+00
3979 +3.523712735e-07 +3.523712735e-07 -2.415899996e+02 -2.415899996e+02 -1.5935e+00 +3.6814e+00 -1.2345e+00
4118 +2.939770809e-07 +2.939770809e-07 -2.415899997e+02 -2.415899997e+02 -1.5936e+00 +3.6815e+00 -1.2345e+00
4157 +1.979811088e-07 +1.979811088e-07 -2.415899998e+02 -2.415899998e+02 -1.5935e+00 +3.6815e+00 -1.2345e+00
4173 +2.800666721e-08 +2.800666721e-08 -2.415900000e+02 -2.415900000e+02 -1.5936e+00 +3.6816e+00 -1.2344e+00
4453 +1.702701979e-08 +1.702701979e-08 -2.415900000e+02 -2.415900000e+02 -1.5936e+00 +3.6816e+00 -1.2344e+00
4470 +1.123220272e-08 +1.123220272e-08 -2.415900000e+02 -2.415900000e+02 -1.5936e+00 +3.6816e+00 -1.2344e+00
4658 +1.105092906e-08 +1.105092906e-08 -2.415900000e+02 -2.415900000e+02 -1.5936e+00 +3.6816e+00 -1.2344e+00
