% function evaluation | noise-free fitness - Fopt (-4.620900000000e+02) | best noise-free fitness - Fopt | measured fitness | best measured fitness | x1 | x2...
1 +9.180962943e+01 +9.180962943e+01 -3.702803706e+02 -3.702803706e+02 +0.0000e+00 +0.0000e+00 +0.0000e+00
% function evaluation | noise-free fitness - Fopt (7.766000000000e+01) | best noise-free fitness - Fopt | measured fitness | best measured fitness | x1 | x2...
1 +7.373269304e+01 +7.373269304e+01 +1.513926930e+02 +1.513926930e+02 +0.0000e+00 +0.0000e+00 +0.0000e+00
7 +6.807971950e+01 +6.807971950e+01 +1.457397195e+02 +1.457397195e+02 -7.4637e-01 +2.1235e+00 -1.9881e+00
30 +6.649427165e+01 +6.649427165e+01 +1.441542716e+02 +1.441542716e+02 -7.5235e-01 +2.4512e+00 -1.9888e+00
79 +6.321789031e+01 +6.321789031e+01 +1.408778903e+02 +1.408778903e+02 -7.1219e-01 +2.4288e+00 -1.9803e+00
322 +6.274876337e+01 +6.274876337e+01 +1.404087634e+02 +1.404087634e+02 -6.6956e-01 +2.4466e+00 -1.9706e+00
% function evaluation | noise-free fitness - Fopt (1.156800000000e+02) | best noise-free fitness - Fopt | measured fitness | best measured fitness | x1 | x2...
1 +4.079349721e+01 +4.079349721e+01 +1.564734972e+02 +1.564734972e+02 +0.0000e+00 +0.0000e+00 +0.0000e+00
125 +3.694212852e+01 +3.694212852e+01 +1.526221285e+02 +1.526221285e+02 +1.8556e+00 -3.1574e+00 +2.3267e-01
152 +2.347525302e+01 +2.347525302e+01 +1.391552530e+02 +1.391552530e+02 +1.7768e+00 -2.1060e+00 +5.8346e-01
246 +2.113752531e+01 +2.113752531e+01 +1.368175253e+02 +1.368175253e+02 +1.8182e+00 -1.5970e+00 +6.6833e-01
264 +2.068731062e+01 +2.068731062e+01 +1.363673106e+02 +1.363673106e+02 +1.7880e+00 -1.5889e+00 +2.0360e-01
306 +1.962607529e+01 +1.962607529e+01 +1.353060753e+02 +1.353060753e+02 +1.8612e+00 -9.4750e-01 -8.9159e-02
594 +1.900322882e+01 +1.900322882e+01 +1.346832288e+02 +1.346832288e+02 +1.7701e+00 -1.5849e+00 +6.3973e-01
1100 +1.801206028e+01 +1.801206028e+01 +1.336920603e+02 +1.336920603e+02 +1.8558e+00 -1.6142e+00 +2.5569e-01
1200 +1.736443426e+01 +1.736443426e+01 +1.330444343e+02 +1.330444343e+02 +1.8078e+00 -1.5507e+00 +2.3398e-01
1944 +1.697640817e+01 +1.697640817e+01 +1.326564082e+02 +1.326564082e+02 +1.8195e+00 -1.5896e+00 +2.4292e-01
% function evaluation | noise-free fitness - Fopt (-3.710000000000e+00) | best noise-free fitness - Fopt | measured fitness | best measured fitness | x1 | x2...
1 +7.156572542e+01 +7.156572542e+01 +6.785572542e+01 +6.785572542e+01 +0.0000e+00 +0.0000e+00 +0.0000e+00
8 +7.004670840e+01 +7.004670840e+01 +6.633670840e+01 +6.633670840e+01 +1.8041e+00 +5.2548e-01 +2.7361e+00
32 +6.205928134e+01 +6.205928134e+01 +5.834928134e+01 +5.834928134e+01 +1.7678e+00 +4.8918e-01 +2.4181e+00
44 +6.017148126e+01 +6.017148126e+01 +5.646148126e+01 +5.646148126e+01 +1.9131e+00 +5.5151e-01 +2.5460e+00
48 +5.324129058e+01 +5.324129058e+01 +4.953129058e+01 +4.953129058e+01 +2.0601e+00 +1.9182e-01 +2.1255e+00
55 +4.759878104e+01 +4.759878104e+01 +4.388878104e+01 +4.388878104e+01 +2.2112e+00 +5.7058e-01 +2.4490e+00
71 +4.540255575e+01 +4.540255575e+01 +4.169255575e+01 +4.169255575e+01 +2.2369e+00 +5.0445e-01 +1.8329e+00
83 +4.353211530e+01 +4.353211530e+01 +3.982211530e+01 +3.982211530e+01 +2.0655e+00 +5.1458e-01 +1.7299e+00
119 +3.809039739e+01 +3.809039739e+01 +3.438039739e+01 +3.438039739e+01 +3.1322e+00 +9.8976e-02 +2.1455e+00
137 +3.150795889e+01 +3.150795889e+01 +2.779795889e+01 +2.779795889e+01 +4.2828e+00 -2.8601e-01 +1.8204e+00
165 +2.638990669e+01 +2.638990669e+01 +2.267990669e+01 +2.267990669e+01 +4.1613e+00 -1.1807e+00 +2.2471e+00
187 +2.213917454e+01 +2.213917454e+01 +1.842917454e+01 +1.842917454e+01 +3.0911e+00 -2.7892e+00 +2.2667e+00
214 +1.762781710e+01 +1.762781710e+01 +1.391781710e+01 +1.391781710e+01 +3.2416e+00 -1.6436e+00 +1.1482e+00
242 +1.473247923e+01 +1.473247923e+01 +1.102247923e+01 +1.102247923e+01 +2.1718e+00 -2.1190e+00 +1.7745e+00
282 +1.248883512e+01 +1.248883512e+01 +8.778835118e+00 +8.778835118e+00 +2.2104e+00 -2.2151e+00 +2.4690e+00
285 +1.214527520e+01 +1.214527520e+01 +8.435275198e+00 +8.435275198e+00 +3.3008e+00 -2.2522e+00 +1.5165e+00
321 +1.084312920e+01 +1.084312920e+01 +7.133129201e+00 +7.133129201e+00 +3.0590e+00 -1.2707e+00 +1.5057e+00
325 +7.393545190e+00 +7.393545190e+00 +3.683545190e+00 +3.683545190e+00 +3.1226e+00 -2.9352e+00 +2.0754e+00
414 +6.519865223e+00 +6.519865223e+00 +2.809865223e+00 +2.809865223e+00 +3.2258e+00 -1.7261e+00 +1.8248e+00
420 +6.426377794e+00 +6.426377794e+00 +2.716377794e+00 +2.716377794e+00 +3.1550e+00 -2.2781e+00 +2.4793e+00
477 +3.357613004e+00 +3.357613004e+00 -3.523869955e-01 -3.523869955e-01 +3.0622e+00 -2.3254e+00 +2.1862e+00
488 +3.299953212e+00 +3.299953212e+00 -4.100467880e-01 -4.100467880e-01 +3.1671e+00 -2.2419e+00 +2.1446e+00
570 +1.668344833e+00 +1.668344833e+00 -2.041655167e+00 -2.041655167e+00 +3.0636e+00 -2.2867e+00 +2.1372e+00
620 +1.611974501e+00 +1.611974501e+00 -2.098025499e+00 -2.098025499e+00 +3.1407e+00 -2.3210e+00 +2.1589e+00
% function evaluation | noise-free fitness - Fopt (1.321800000000e+02) | best noise-free fitness - Fopt | measured fitness | best measured fitness | x1 | x2...
1 +1.579813147e+02 +1.579813147e+02 +2.901613147e+02 +2.901613147e+02 +0.0000e+00 +0.0000e+00 +0.0000e+00
2 +1.175178292e+02 +1.175178292e+02 +2.496978292e+02 +2.496978292e+02 -2.9540e+00 -8.0061e-01 +7.0715e-01
5 +1.139259581e+02 +1.139259581e+02 +2.461059581e+02 +2.461059581e+02 -2.8567e+00 -7.6769e-01 +6.6004e-01
10 +1.012018701e+02 +1.012018701e+02 +2.333818701e+02 +2.333818701e+02 -3.0338e+00 -8.2476e-01 +7.9065e-01
29 +9.788171153e+01 +9.788171153e+01 +2.300617115e+02 +2.300617115e+02 -2.9786e+00 -8.8386e-01 +8.1526e-01
30 +8.544657459e+01 +8.544657459e+01 +2.176265746e+02 +2.176265746e+02 -2.6910e+00 -8.1985e-01 +8.3630e-01
52 +8.451864763e+01 +8.451864763e+01 +2.166986476e+02 +2.166986476e+02 -2.7957e+00 -7.9766e-01 +9.0723e-01
66 +8.168692237e+01 +8.168692237e+01 +2.138669224e+02 +2.138669224e+02 -2.8007e+00 -8.1983e-01 +8.7171e-01
101 +6.738239057e+01 +6.738239057e+01 +1.995623906e+02 +1.995623906e+02 -2.7590e+00 -7.6342e-01 +1.2492e+00
132 +6.561855557e+01 +6.561855557e+01 +1.977985556e+02 +1.977985556e+02 -3.0092e+00 -8.2048e-01 +1.6173e+00
136 +4.363213731e+01 +4.363213731e+01 +1.758121373e+02 +1.758121373e+02 -2.9235e+00 -8.7239e-01 +2.5497e+00
146 +3.723254238e+01 +3.723254238e+01 +1.694125424e+02 +1.694125424e+02 -2.8650e+00 -7.2477e-01 +2.8751e+00
159 +2.578736740e+01 +2.578736740e+01 +1.579673674e+02 +1.579673674e+02 -2.7595e+00 -8.5149e-01 +4.2158e+00
237 +1.326997409e+01 +1.326997409e+01 +1.454499741e+02 +1.454499741e+02 -3.9188e+00 +4.0002e-01 +3.8872e+00
295 +1.215975726e+01 +1.215975726e+01 +1.443397573e+02 +1.443397573e+02 -2.8279e+00 +7.8824e-01 +4.1087e+00
385 +3.974307941e+00 +3.974307941e+00 +1.361543079e+02 +1.361543079e+02 -2.7846e+00 +9.3615e-01 +3.8109e+00
634 +3.802878402e+00 +3.802878402e+00 +1.359828784e+02 +1.359828784e+02 -2.7833e+00 +9.3318e-01 +3.8174e+00
636 +3.767405859e+00 +3.767405859e+00 +1.359474059e+02 +1.359474059e+02 -2.7488e+00 +9.2941e-01 +3.8307e+00
638 +2.992825510e+00 +2.992825510e+00 +1.351728255e+02 +1.351728255e+02 -2.7678e+00 +8.8728e-01 +3.8261e+00
687 +2.247275753e+00 +2.247275753e+00 +1.344272758e+02 +1.344272758e+02 -2.7801e+00 +8.9641e-01 +3.4694e+00
% function evaluation | noise-free fitness - Fopt (6.438000000000e+01) | best noise-free fitness - Fopt | measured fitness | best measured fitness | x1 | x2...
1 +1.743174677e+02 +1.743174677e+02 +2.386974677e+02 +2.386974677e+02 +0.0000e+00 +0.0000e+00 +0.0000e+00
2 +3.773814823e+01 +3.773814823e+01 +1.021181482e+02 +1.021181482e+02 +2.4036e+00 +3.6441e+00 -2.3425e+00
6 +3.369853862e+01 +3.369853862e+01 +9.807853862e+01 +9.807853862e+01 +2.2568e+00 +3.5574e+00 -2.2942e+00
13 +2.544904592e+01 +2.544904592e+01 +8.982904592e+01 +8.982904592e+01 +2.3020e+00 +3.7357e+00 -2.2924e+00
14 +2.224268185e+01 +2.224268185e+01 +8.662268185e+01 +8.662268185e+01 +2.1953e+00 +3.6988e+00 -2.3247e+00
16 +2.004766890e+01 +2.004766890e+01 +8.442766890e+01 +8.442766890e+01 +2.2630e+00 +3.7912e+00 -2.2493e+00
28 +1.689610925e+01 +1.689610925e+01 +8.127610925e+01 +8.127610925e+01 +2.3152e+00 +3.7995e+00 -2.3201e+00
31 +1.454304138e+01 +1.454304138e+01 +7.892304138e+01 +7.892304138e+01 +2.2826e+00 +3.2476e+00 -2.3355e+00
43 +1.212788436e+01 +1.212788436e+01 +7.650788436e+01 +7.650788436e+01 +2.2291e+00 +3.8239e+00 -2.3359e+00
87 +1.121231871e+01 +1.121231871e+01 +7.559231871e+01 +7.559231871e+01 +1.9954e+00 +3.8102e+00 -2.3973e+00
94 +5.862810766e+00 +5.862810766e+00 +7.024281077e+01 +7.024281077e+01 +2.0824e+00 +3.8521e+00 -2.6407e+00
128 +5.732641338e+00 +5.732641338e+00 +7.011264134e+01 +7.011264134e+01 +2.1220e+00 +3.8038e+00 -2.2883e+00
136 +5.391301814e+00 +5.391301814e+00 +6.977130181e+01 +6.977130181e+01 +2.0259e+00 +3.7683e+00 -2.3117e+00
141 +2.197166928e+00 +2.197166928e+00 +6.657716693e+01 +6.657716693e+01 +2.0422e+00 +3.8021e+00 -2.3151e+00
264 +2.162891287e+00 +2.162891287e+00 +6.654289129e+01 +6.654289129e+01 +2.0527e+00 +3.8160e+00 -2.3119e+00
352 +2.024340074e+00 +2.024340074e+00 +6.640434007e+01 +6.640434007e+01 +2.0467e+00 +3.8164e+00 -2.3204e+00
418 +1.995010986e+00 +1.995010986e+00 +6.637501099e+01 +6.637501099e+01 +2.0428e+00 +3.8128e+00 -2.3184e+00
% function evaluation | noise-free fitness - Fopt (2.824800000000e+02) | best noise-free fitness - Fopt | measured fitness | best measured fitness | x1 | x2...
1 +1.141195429e+02 +1.141195429e+02 +3.965995429e+02 +3.965995429e+02 +0.0000e+00 +0.0000e+00 +0.0000e+00
73 +8.201571748e+01 +8.201571748e+01 +3.644957175e+02 +3.644957175e+02 -1.9041e+00 -5.3052e-01 +5.8872e-01
90 +6.564465229e+01 +6.564465229e+01 +3.481246523e+02 +3.481246523e+02 -1.3211e+00 -6.3324e-01 +1.1708e+00
93 +5.832814498e+01 +5.832814498e+01 +3.408081450e+02 +3.408081450e+02 -1.7001e+00 -6.6816e-01 +2.0804e+00
99 +5.012466225e+01 +5.012466225e+01 +3.326046623e+02 +3.326046623e+02 -1.7562e+00 -1.5658e+00 +1.8956e+00
132 +4.324912211e+01 +4.324912211e+01 +3.257291221e+02 +3.257291221e+02 -1.3463e+00 -1.0707e+00 +1.7416e+00
147 +2.312790691e+01 +2.312790691e+01 +3.056079069e+02 +3.056079069e+02 -1.6805e+00 -2.6971e+00 +2.1566e+00
198 +1.631630035e+01 +1.631630035e+01 +2.987963003e+02 +2.987963003e+02 -5.6593e-01 -2.3091e+00 +1.4159e+00
250 +9.821635785e+00 +9.821635785e+00 +2.923016358e+02 +2.923016358e+02 -2.7039e-01 -2.8379e+00 +1.4600e+00
308 +8.345467794e+00 +8.345467794e+00 +2.908254678e+02 +2.908254678e+02 -3.3151e-01 -3.2814e+00 +1.7889e+00
422 +5.791494363e+00 +5.791494363e+00 +2.882714944e+02 +2.882714944e+02 +4.3618e-01 -3.9450e+00 +2.1446e+00
668 +5.190798431e+00 +5.190798431e+00 +2.876707984e+02 +2.876707984e+02 -4.3707e-01 -3.3461e+00 +2.1235e+00
% function evaluation | noise-free fitness - Fopt (4.826100000000e+02) | best noise-free fitness - Fopt | measured fitness | best measured fitness | x1 | x2...
1 +7.566467951e+01 +7.566467951e+01 +5.582746795e+02 +5.582746795e+02 +0.0000e+00 +0.0000e+00 +0.0000e+00
90 +7.168981260e+01 +7.168981260e+01 +5.542998126e+02 +5.542998126e+02 -3.2619e-01 -7.0192e-01 -2.8336e-01
95 +6.577661033e+01 +6.577661033e+01 +5.483866103e+02 +5.483866103e+02 -7.8089e-01 +2.5489e-02 -1.3063e+00
115 +6.081160619e+01 +6.081160619e+01 +5.434216062e+02 +5.434216062e+02 -8.5843e-01 +3.1310e-01 +1.7641e-01
145 +5.703327588e+01 +5.703327588e+01 +5.396432759e+02 +5.396432759e+02 -4.7450e-01 +4.5333e-01 -4.7147e-01
153 +4.844736173e+01 +4.844736173e+01 +5.310573617e+02 +5.310573617e+02 -8.7996e-01 -3.1550e-01 -2.4104e+00
166 +4.192447477e+01 +4.192447477e+01 +5.245344748e+02 +5.245344748e+02 -3.6265e-01 -2.9738e-01 -1.4957e+00
253 +2.713879158e+01 +2.713879158e+01 +5.097487916e+02 +5.097487916e+02 -1.0299e+00 +2.2016e-01 -7.7726e-01
379 +2.452269461e+01 +2.452269461e+01 +5.071326946e+02 +5.071326946e+02 -1.0063e+00 +1.0489e+00 -1.4972e+00
414 +1.768599603e+01 +1.768599603e+01 +5.002959960e+02 +5.002959960e+02 -1.2127e+00 +1.4560e+00 -1.1486e+00
462 +1.513359382e+01 +1.513359382e+01 +4.977435938e+02 +4.977435938e+02 -1.0728e+00 +1.5250e+00 -1.1037e+00
550 +9.564261653e+00 +9.564261653e+00 +4.921742617e+02 +4.921742617e+02 -1.2453e+00 +2.5528e+00 -1.3594e+00
626 +6.241980342e+00 +6.241980342e+00 +4.888519803e+02 +4.888519803e+02 -1.1979e+00 +3.1076e+00 -1.0747e+00
1173 +3.602705934e+00 +3.602705934e+00 +4.862127059e+02 +4.862127059e+02 -2.3184e-01 +1.8890e+00 -1.4243e+00
1833 +2.358612377e+00 +2.358612377e+00 +4.849686124e+02 +4.849686124e+02 +8.0564e-01 +1.9651e+00 -1.7414e+00
1891 +1.284646087e+00 +1.284646087e+00 +4.838946461e+02 +4.838946461e+02 +8.0528e-01 +2.5189e+00 -1.4045e+00
2132 +1.633139969e-01 +1.633139969e-01 +4.827733140e+02 +4.827733140e+02 +7.6776e-01 +2.5407e+00 -1.4163e+00
% function evaluation | noise-free fitness - Fopt (7.177000000000e+01) | best noise-free fitness - Fopt | measured fitness | best measured fitness | x1 | x2...
1 +6.439834124e+01 +6.439834124e+01 +1.361683412e+02 +1.361683412e+02 +0.0000e+00 +0.0000e+00 +0.0000e+00
% function evaluation | noise-free fitness - Fopt (8.448800000000e+02) | best noise-free fitness - Fopt | measured fitness | best measured fitness | x1 | x2...
1 +3.391376365e+02 +3.391376365e+02 +1.184017637e+03 +1.184017637e+03 +0.0000e+00 +0.0000e+00 +0.0000e+00
2 +7.036521183e+01 +7.036521183e+01 +9.152452118e+02 +9.152452118e+02 -1.6855e+00 +2.1015e+00 -4.0500e+00
3 +4.528605989e+01 +4.528605989e+01 +8.901660599e+02 +8.901660599e+02 -2.0153e+00 +2.0704e+00 -3.8884e+00
11 +3.731750974e+01 +3.731750974e+01 +8.821975097e+02 +8.821975097e+02 -1.9286e+00 +2.1969e+00 -3.9203e+00
83 +3.535415814e+01 +3.535415814e+01 +8.802341581e+02 +8.802341581e+02 -1.8972e+00 +2.1857e+00 -3.5919e+00
314 +3.357895105e+01 +3.357895105e+01 +8.784589511e+02 +8.784589511e+02 -8.6503e-01 +2.2586e+00 -4.2242e+00
389 +2.388118933e+01 +2.388118933e+01 +8.687611893e+02 +8.687611893e+02 -8.8797e-01 -1.1767e-02 -4.2619e+00
418 +2.175213426e+01 +2.175213426e+01 +8.666321343e+02 +8.666321343e+02 -1.0258e-01 +1.0432e+00 -3.6193e+00
448 +2.120517854e+01 +2.120517854e+01 +8.660851785e+02 +8.660851785e+02 +5.0042e+00 +6.1283e-01 -3.9106e+00
479 +9.129937094e+00 +9.129937094e+00 +8.540099371e+02 +8.540099371e+02 +5.0554e+00 +5.0401e-01 -3.6001e+00
634 +7.447138528e+00 +7.447138528e+00 +8.523271385e+02 +8.523271385e+02 +3.1870e+00 +4.2830e-01 -3.9311e+00
668 +6.759170351e+00 +6.759170351e+00 +8.516391704e+02 +8.516391704e+02 +5.1593e+00 -1.1361e-01 -3.5470e+00
694 +4.201309664e+00 +4.201309664e+00 +8.490813097e+02 +8.490813097e+02 +3.2950e+00 +5.0994e-01 -3.6027e+00
839 +3.495247653e+00 +3.495247653e+00 +8.483752477e+02 +8.483752477e+02 +3.1494e+00 -1.6997e-01 -3.5647e+00
958 +1.434935715e+00 +1.434935715e+00 +8.463149357e+02 +8.463149357e+02 +3.1254e+00 +4.9085e-01 -3.2033e+00
% function evaluation | noise-free fitness - Fopt (-4.222000000000e+01) | best noise-free fitness - Fopt | measured fitness | best measured fitness | x1 | x2...
1 +1.641186499e+02 +1.641186499e+02 +1.218986499e+02 +1.218986499e+02 +0.0000e+00 +0.0000e+00 +0.0000e+00
116 +1.616235602e+02 +1.616235602e+02 +1.194035602e+02 +1.194035602e+02 -3.0300e+00 -2.8048e-01 +3.7205e+00
118 +1.279879125e+02 +1.279879125e+02 +8.576791249e+01 +8.576791249e+01 -3.0188e+00 -8.3805e-01 +3.5554e+00
139 +1.208211785e+02 +1.208211785e+02 +7.860117846e+01 +7.860117846e+01 -2.7116e+00 -8.5908e-01 +3.3897e+00
141 +6.591281526e+01 +6.591281526e+01 +2.369281526e+01 +2.369281526e+01 -3.1062e+00 -3.7173e+00 +2.8064e+00
156 +5.709915506e+01 +5.709915506e+01 +1.487915506e+01 +1.487915506e+01 -2.7109e+00 -4.2591e+00 +2.7409e+00
168 +4.107010580e+01 +4.107010580e+01 -1.149894196e+00 -1.149894196e+00 -3.7494e+00 -4.3804e+00 +2.4183e+00
198 +2.877424581e+01 +2.877424581e+01 -1.344575419e+01 -1.344575419e+01 -2.3374e+00 -5.0109e+00 +2.2928e+00
264 +2.180375803e+01 +2.180375803e+01 -2.041624197e+01 -2.041624197e+01 -2.4690e+00 -4.0224e+00 +2.3472e+00
474 +1.730454251e+01 +1.730454251e+01 -2.491545749e+01 -2.491545749e+01 -1.4426e+00 -4.0069e+00 +2.4478e+00
526 +1.615203255e+01 +1.615203255e+01 -2.606796745e+01 -2.606796745e+01 -4.8782e-01 -5.4709e+00 +2.4101e+00
539 +1.023053123e+01 +1.023053123e+01 -3.198946877e+01 -3.198946877e+01 -3.1896e-01 -4.5908e+00 +2.6368e+00
571 +9.700660218e+00 +9.700660218e+00 -3.251933978e+01 -3.251933978e+01 -3.8050e-01 -4.5480e+00 +1.9637e+00
631 +6.912370072e+00 +6.912370072e+00 -3.530762993e+01 -3.530762993e+01 -2.5075e-01 -3.9546e+00 +2.3522e+00
700 +5.494921448e+00 +5.494921448e+00 -3.672507855e+01 -3.672507855e+01 -3.2896e-01 -3.9528e+00 +2.3935e+00
765 +5.246313897e+00 +5.246313897e+00 -3.697368610e+01 -3.697368610e+01 -3.6343e-01 -3.9265e+00 +2.3889e+00
1034 +5.001781498e+00 +5.001781498e+00 -3.721821850e+01 -3.721821850e+01 -3.7211e-01 -3.9423e+00 +2.3804e+00
% function evaluation | noise-free fitness - Fopt (-9.179000000000e+01) | best noise-free fitness - Fopt | measured fitness | best measured fitness | x1 | x2...
1 +3.144740870e+02 +3.144740870e+02 +2.226840870e+02 +2.226840870e+02 +0.0000e+00 +0.0000e+00 +0.0000e+00
24 +2.734269119e+02 +2.734269119e+02 +1.816369119e+02 +1.816369119e+02 +5.5480e-01 +7.7444e-01 -7.3923e-02
29 +2.460788758e+02 +2.460788758e+02 +1.542888758e+02 +1.542888758e+02 +6.4791e-01 +6.0489e-01 -2.1323e-01
43 +2.207056162e+02 +2.207056162e+02 +1.289156162e+02 +1.289156162e+02 +3.8939e-01 +7.1763e-01 -4.0115e-01
59 +1.912155255e+02 +1.912155255e+02 +9.942552552e+01 +9.942552552e+01 +7.8010e-01 +8.7699e-01 -5.2602e-01
60 +1.787121695e+02 +1.787121695e+02 +8.692216954e+01 +8.692216954e+01 +6.9095e-01 +4.7238e-01 -9.4396e-01
71 +4.320199722e+01 +4.320199722e+01 -4.858800278e+01 -4.858800278e+01 +5.6718e-01 +7.2435e-01 -2.0295e+00
74 +2.978330910e+01 +2.978330910e+01 -6.200669090e+01 -6.200669090e+01 +1.5051e+00 +7.6287e-01 -2.7109e+00
75 +2.921723721e+01 +2.921723721e+01 -6.257276279e+01 -6.257276279e+01 +8.7644e-01 +6.2483e-01 -3.9512e+00
88 +1.720441791e+01 +1.720441791e+01 -7.458558209e+01 -7.458558209e+01 +1.0721e+00 +7.0526e-01 -2.7306e+00
171 +9.450343184e+00 +9.450343184e+00 -8.233965682e+01 -8.233965682e+01 +1.1894e-01 +1.3369e+00 -4.1296e+00
417 +4.990201776e+00 +4.990201776e+00 -8.679979822e+01 -8.679979822e+01 -5.8797e-03 +1.3526e+00 -2.8194e+00
582 +4.827282962e+00 +4.827282962e+00 -8.696271704e+01 -8.696271704e+01 +9.7235e-01 +1.2617e+00 -3.4545e+00
858 +3.081321128e+00 +3.081321128e+00 -8.870867887e+01 -8.870867887e+01 -4.7513e-02 +6.8201e-01 -3.0484e+00
868 +2.529330598e+00 +2.529330598e+00 -8.926066940e+01 -8.926066940e+01 -3.6478e-02 +7.5557e-01 -3.0931e+00
911 +2.359860788e+00 +2.359860788e+00 -8.943013921e+01 -8.943013921e+01 -7.9758e-02 +7.2475e-01 -3.0513e+00
928 +2.152084720e+00 +2.152084720e+00 -8.963791528e+01 -8.963791528e+01 -6.1733e-02 +7.2030e-01 -3.0564e+00
1122 +2.080152443e+00 +2.080152443e+00 -8.970984756e+01 -8.970984756e+01 -6.7482e-02 +7.3134e-01 -3.0786e+00
1169 +2.031191677e+00 +2.031191677e+00 -8.975880832e+01 -8.975880832e+01 -4.7626e-02 +7.2107e-01 -3.0712e+00
1294 +1.994479884e+00 +1.994479884e+00 -8.979552012e+01 -8.979552012e+01 -4.7925e-02 +7.3249e-01 -3.0691e+00
% function evaluation | noise-free fitness - Fopt (-1.277000000000e+01) | best noise-free fitness - Fopt | measured fitness | best measured fitness | x1 | x2...
1 +1.333350336e+02 +1.333350336e+02 +1.205650336e+02 +1.205650336e+02 +0.0000e+00 +0.0000e+00 +0.0000e+00
2 +9.405232414e+01 +9.405232414e+01 +8.128232414e+01 +8.128232414e+01 -1.0530e-01 +6.5415e-01 -3.4461e-01
3 +9.059001627e+01 +9.059001627e+01 +7.782001627e+01 +7.782001627e+01 +1.8143e-02 +9.4631e-01 -2.9388e-01
10 +5.782977848e+01 +5.782977848e+01 +4.505977848e+01 +4.505977848e+01 -1.5593e-01 +8.3524e-01 -4.0716e-01
37 +5.672165701e+01 +5.672165701e+01 +4.395165701e+01 +4.395165701e+01 -9.2623e-02 +9.6082e-01 -5.8711e-01
66 +5.596239593e+01 +5.596239593e+01 +4.319239593e+01 +4.319239593e+01 -6.5204e-02 +9.7168e-01 -6.0992e-01
87 +5.323681503e+01 +5.323681503e+01 +4.046681503e+01 +4.046681503e+01 -2.0693e-01 +1.0318e+00 -1.1079e+00
88 +5.152789333e+01 +5.152789333e+01 +3.875789333e+01 +3.875789333e+01 -1.3948e-01 +8.8142e-01 -8.4504e-01
98 +4.608023002e+01 +4.608023002e+01 +3.331023002e+01 +3.331023002e+01 -1.2175e-01 +1.1518e+00 -1.5148e+00
99 +4.433021987e+01 +4.433021987e+01 +3.156021987e+01 +3.156021987e+01 -4.2118e-01 +1.0737e+00 -1.2302e+00
107 +3.287184635e+01 +3.287184635e+01 +2.010184635e+01 +2.010184635e+01 -2.7896e-01 +1.5108e+00 -1.0626e+00
129 +2.934659456e+01 +2.934659456e+01 +1.657659456e+01 +1.657659456e+01 -2.1947e-01 +1.5974e+00 -1.8807e+00
132 +2.727798607e+01 +2.727798607e+01 +1.450798607e+01 +1.450798607e+01 -3.1569e-01 +1.3421e+00 -1.7763e+00
154 +2.280819388e+01 +2.280819388e+01 +1.003819388e+01 +1.003819388e+01 -1.3875e-01 +1.4212e+00 -2.1941e+00
170 +2.194732761e+01 +2.194732761e+01 +9.177327612e+00 +9.177327612e+00 -2.9477e-01 +9.9415e-01 -1.8050e+00
286 +1.743294516e+01 +1.743294516e+01 +4.662945164e+00 +4.662945164e+00 -3.4685e-01 +1.4300e+00 -2.1819e+00
459 +8.749421926e+00 +8.749421926e+00 -4.020578074e+00 -4.020578074e+00 +1.8110e+00 +1.3948e+00 -1.8108e+00
730 +2.344216166e+00 +2.344216166e+00 -1.042578383e+01 -1.042578383e+01 +2.6712e+00 +1.4649e+00 -1.8412e+00
1135 +2.156340850e+00 +2.156340850e+00 -1.061365915e+01 -1.061365915e+01 +2.6819e+00 +8.6635e-01 -2.1862e+00
1232 +2.088576757e+00 +2.088576757e+00 -1.068142324e+01 -1.068142324e+01 +2.6671e+00 +8.9153e-01 -2.1780e+00
1371 +2.022393329e+00 +2.022393329e+00 -1.074760667e+01 -1.074760667e+01 +2.6638e+00 +8.7686e-01 -2.1822e+00
1647 +1.991852052e+00 +1.991852052e+00 -1.077814795e+01 -1.077814795e+01 +2.6704e+00 +8.7256e-01 -2.1799e+00
% function evaluation | noise-free fitness - Fopt (-1.000000000000e+03) | best noise-free fitness - Fopt | measured fitness | best measured fitness | x1 | x2...
1 +1.841706729e+02 +1.841706729e+02 -8.158293271e+02 -8.158293271e+02 +0.0000e+00 +0.0000e+00 +0.0000e+00
134 +1.743662005e+02 +1.743662005e+02 -8.256337995e+02 -8.256337995e+02 +2.4033e-01 +1.6201e+00 -9.7405e-01
156 +1.517259899e+02 +1.517259899e+02 -8.482740101e+02 -8.482740101e+02 +7.2395e-01 +1.2832e+00 -3.0677e+00
162 +9.756659327e+01 +9.756659327e+01 -9.024334067e+02 -9.024334067e+02 +8.7214e-01 +6.9914e-01 -2.9537e+00
178 +5.817873462e+01 +5.817873462e+01 -9.418212654e+02 -9.418212654e+02 -2.2224e-01 -6.2841e-01 -1.8932e+00
281 +5.259902864e+01 +5.259902864e+01 -9.474009714e+02 -9.474009714e+02 +4.8462e+00 -1.1225e+00 -3.2679e+00
314 +4.347730985e+01 +4.347730985e+01 -9.565226901e+02 -9.565226901e+02 +1.9862e+00 -7.7583e-01 -3.1206e+00
323 +2.503812396e+01 +2.503812396e+01 -9.749618760e+02 -9.749618760e+02 +1.9643e+00 -3.4686e+00 -2.4755e+00
552 +1.950896546e+01 +1.950896546e+01 -9.804910345e+02 -9.804910345e+02 +1.0046e+00 -2.9187e+00 -2.2958e+00
603 +1.748384282e+01 +1.748384282e+01 -9.825161572e+02 -9.825161572e+02 +1.0570e+00 -2.8956e+00 -3.2018e+00
790 +1.646958792e+01 +1.646958792e+01 -9.835304121e+02 -9.835304121e+02 +2.1857e+00 -3.2880e+00 -2.5518e+00
792 +1.610966674e+01 +1.610966674e+01 -9.838903333e+02 -9.838903333e+02 +1.9607e+00 -3.2625e+00 -2.5862e+00
843 +1.566850733e+01 +1.566850733e+01 -9.843314927e+02 -9.843314927e+02 +2.0224e+00 -3.5207e+00 -2.5613e+00
850 +1.366633072e+01 +1.366633072e+01 -9.863336693e+02 -9.863336693e+02 +1.8424e+00 -3.3783e+00 -2.5670e+00
875 +1.309755355e+01 +1.309755355e+01 -9.869024464e+02 -9.869024464e+02 +1.9729e+00 -3.3374e+00 -2.8981e+00
880 +1.078174877e+01 +1.078174877e+01 -9.892182512e+02 -9.892182512e+02 +2.0653e+00 -3.3606e+00 -2.5597e+00
% function evaluation | noise-free fitness - Fopt (-1.000000000000e+03) | best noise-free fitness - Fopt | measured fitness | best measured fitness | x1 | x2...
1 +5.012215930e+01 +5.012215930e+01 -9.498778407e+02 -9.498778407e+02 +0.0000e+00 +0.0000e+00 +0.0000e+00
176 +4.974632985e+01 +4.974632985e+01 -9.502536702e+02 -9.502536702e+02 +3.7677e+00 +6.8349e-02 +1.2775e+00
229 +4.535340726e+01 +4.535340726e+01 -9.546465927e+02 -9.546465927e+02 +2.6296e+00 +6.1047e-01 +9.0205e-01
288 +3.394539561e+01 +3.394539561e+01 -9.660546044e+02 -9.660546044e+02 +2.9945e+00 +6.0808e-01 +8.2746e-01
334 +3.039656570e+01 +3.039656570e+01 -9.696034343e+02 -9.696034343e+02 +2.8098e+00 -6.9952e-03 +1.8279e+00
474 +2.865818361e+01 +2.865818361e+01 -9.713418164e+02 -9.713418164e+02 +2.7900e+00 +5.9474e-01 +1.5125e+00
569 +2.805226578e+01 +2.805226578e+01 -9.719477342e+02 -9.719477342e+02 +2.8093e+00 +7.9351e-02 +1.8953e+00
572 +2.651151560e+01 +2.651151560e+01 -9.734884844e+02 -9.734884844e+02 +2.8090e+00 +9.0017e-02 +1.5040e+00
587 +2.601801334e+01 +2.601801334e+01 -9.739819867e+02 -9.739819867e+02 +2.8467e+00 +8.6870e-02 +1.5050e+00
