% function evaluation | noise-free fitness - Fopt (-5.465000000000e+02) | best noise-free fitness - Fopt | measured fitness | best measured fitness | x1 | x2...
1 +6.592654473e+03 +6.592654473e+03 +6.046154473e+03 +6.046154473e+03 +0.0000e+00 +0.0000e+00 +0.0000e+00 +0.0000e+00 +0.0000e+00
127 +5.684997561e+03 +5.684997561e+03 +5.138497561e+03 +5.138497561e+03 +1.8157e+00 +3.3021e-01 -2.1607e+00 -3.1065e+00 +4.5664e-01
130 +3.760016811e+03 +3.760016811e+03 +3.213516811e+03 +3.213516811e+03 +1.9328e+00 +6.0520e-02 -1.6847e+00 -3.2064e+00 +2.6174e-01
147 +2.714676225e+03 +2.714676225e+03 +2.168176225e+03 +2.168176225e+03 +2.0392e+00 +1.0468e-01 -1.3720e+00 -3.4867e+00 +2.6292e-01
171 +3.678743572e+02 +3.678743572e+02 -1.786256428e+02 -1.786256428e+02 +2.1849e+00 +1.0295e+00 -3.4781e-01 -2.8111e+00 +2.3463e+00
182 +9.340035138e+01 +9.340035138e+01 -4.530996486e+02 -4.530996486e+02 +2.2379e+00 +6.7069e-01 -3.7782e-01 -2.9524e+00 +8.7508e-01
194 +4.161293226e+00 +4.161293226e+00 -5.423387068e+02 -5.423387068e+02 +2.3760e+00 +5.7716e-01 -3.6699e-03 -2.7459e+00 +1.1638e+00
242 +2.974748119e+00 +2.974748119e+00 -5.435252519e+02 -5.435252519e+02 +1.5205e+00 +1.3664e+00 +6.2390e-01 -2.4484e+00 +1.4012e+00
305 +2.245886892e+00 +2.245886892e+00 -5.442541131e+02 -5.442541131e+02 +1.5153e+00 +2.2595e+00 +1.0596e+00 -9.4648e-01 +2.3742e+00
841 +2.197546675e+00 +2.197546675e+00 -5.443024533e+02 -5.443024533e+02 +1.4481e+00 +4.9661e-01 +1.8548e+00 -2.1727e+00 +1.0044e+00
888 +2.165854645e+00 +2.165854645e+00 -5.443341454e+02 -5.443341454e+02 +1.5785e+00 +4.0501e-01 +1.5039e+00 -2.2125e+00 +1.6826e+00
1034 +2.109133543e+00 +2.109133543e+00 -5.443908665e+02 -5.443908665e+02 +1.5455e+00 +2.4160e-01 +1.0913e+00 -2.3797e+00 +1.3594e+00
1080 +1.805123544e+00 +1.805123544e+00 -5.446948765e+02 -5.446948765e+02 +1.5465e+00 +2.8978e-01 +9.6206e-01 -2.3896e+00 +1.1596e+00
1218 +1.714855189e+00 +1.714855189e+00 -5.447851448e+02 -5.447851448e+02 +1.4557e+00 +2.4728e-01 +1.0348e+00 -2.3737e+00 +1.1700e+00
1298 +1.672185215e+00 +1.672185215e+00 -5.448278148e+02 -5.448278148e+02 +1.5088e+00 +3.1027e-01 +1.0287e+00 -2.3726e+00 +1.1830e+00
1701 +1.659328871e+00 +1.659328871e+00 -5.448406711e+02 -5.448406711e+02 +1.5174e+00 +3.0148e-01 +1.0222e+00 -2.3770e+00 +1.1717e+00
% function evaluation | noise-free fitness - Fopt (1.000000000000e+03) | best noise-free fitness - Fopt | measured fitness | best measured fitness | x1 | x2...
1 +6.592654473e+03 +6.592654473e+03 +7.592654473e+03 +7.592654473e+03 +0.0000e+00 +0.0000e+00 +0.0000e+00 +0.0000e+00 +0.0000e+00
135 +2.340774455e+03 +2.340774455e+03 +3.340774455e+03 +3.340774455e+03 -3.1949e+00 -7.1213e-01 +8.1954e-01 -1.5678e+00 -2.8056e+00
158 +1.871064832e+03 +1.871064832e+03 +2.871064832e+03 +2.871064832e+03 -3.3334e+00 -6.2663e-01 +4.8503e-01 -1.7749e+00 -2.8116e+00
161 +1.521370193e+03 +1.521370193e+03 +2.521370193e+03 +2.521370193e+03 -3.3208e+00 -1.3857e+00 +6.0554e-01 -2.5569e+00 -1.4423e+00
162 +6.466374515e+02 +6.466374515e+02 +1.646637452e+03 +1.646637452e+03 -3.0053e+00 -1.0803e+00 +2.2603e-01 -1.5000e+00 -2.5888e+00
179 +5.132429739e+02 +5.132429739e+02 +1.513242974e+03 +1.513242974e+03 -2.8032e+00 -1.1214e+00 +2.8699e-01 -2.2944e+00 -1.8207e+00
185 +1.564029849e+02 +1.564029849e+02 +1.156402985e+03 +1.156402985e+03 -2.9753e+00 -5.4566e-01 +4.3147e-02 -1.4169e+00 -1.8714e+00
203 +3.034276370e+01 +3.034276370e+01 +1.030342764e+03 +1.030342764e+03 -2.5061e+00 -1.0340e+00 -1.5473e-01 -2.0339e+00 -9.4575e-01
239 +8.879488945e+00 +8.879488945e+00 +1.008879489e+03 +1.008879489e+03 -2.5884e+00 -5.7292e-01 -4.9156e-01 -2.1684e+00 -1.6270e+00
263 +4.654430350e+00 +4.654430350e+00 +1.004654430e+03 +1.004654430e+03 -2.2964e+00 -9.5670e-01 -1.8809e+00 -1.8692e+00 -7.3849e-01
339 +3.933206941e+00 +3.933206941e+00 +1.003933207e+03 +1.003933207e+03 -2.3415e+00 -6.3523e-01 -2.4608e+00 -1.8496e+00 -1.0941e+00
340 +2.954943455e+00 +2.954943455e+00 +1.002954943e+03 +1.002954943e+03 -2.0928e+00 -6.9393e-01 -1.9815e+00 -1.7329e+00 -1.2752e+00
360 +2.399977252e+00 +2.399977252e+00 +1.002399977e+03 +1.002399977e+03 -2.0247e+00 -1.1788e+00 -2.7892e+00 -2.0045e+00 -2.0799e+00
416 +2.357205807e+00 +2.357205807e+00 +1.002357206e+03 +1.002357206e+03 -2.2355e+00 -7.1878e-01 -1.6131e+00 -1.7577e+00 -1.1074e+00
431 +2.279880943e+00 +2.279880943e+00 +1.002279881e+03 +1.002279881e+03 -2.1721e+00 -6.7853e-01 -5.6513e-01 -1.0700e+00 -2.3709e+00
499 +1.747623918e+00 +1.747623918e+00 +1.001747624e+03 +1.001747624e+03 -2.0355e+00 +1.1115e-01 -6.1155e-01 -1.5320e+00 -2.2450e+00
1314 +1.639572004e+00 +1.639572004e+00 +1.001639572e+03 +1.001639572e+03 -2.1549e+00 +1.2114e+00 -1.7270e+00 -1.7930e+00 -2.1533e+00
1402 +1.595309311e+00 +1.595309311e+00 +1.001595309e+03 +1.001595309e+03 -2.2373e+00 +1.1867e+00 -1.7379e+00 -1.7520e+00 -2.1801e+00
1441 +1.551332807e+00 +1.551332807e+00 +1.001551333e+03 +1.001551333e+03 -2.2544e+00 +1.2806e+00 -1.7094e+00 -1.7344e+00 -2.1895e+00
1584 +1.521154956e+00 +1.521154956e+00 +1.001521155e+03 +1.001521155e+03 -2.1530e+00 +1.2532e+00 -1.7151e+00 -1.7463e+00 -2.1511e+00
1606 +1.487535163e+00 +1.487535163e+00 +1.001487535e+03 +1.001487535e+03 -2.2349e+00 +1.2404e+00 -1.6920e+00 -1.7502e+00 -2.1896e+00
1650 +1.423048758e+00 +1.423048758e+00 +1.001423049e+03 +1.001423049e+03 -2.0609e+00 +1.2414e+00 -1.6983e+00 -1.7462e+00 -2.2126e+00
1738 +1.374764360e+00 +1.374764360e+00 +1.001374764e+03 +1.001374764e+03 -2.1741e+00 +1.2618e+00 -1.7035e+00 -1.7347e+00 -2.2084e+00
1760 +1.348359642e+00 +1.348359642e+00 +1.001348360e+03 +1.001348360e+03 -2.1092e+00 +1.2862e+00 -1.7032e+00 -1.7414e+00 -2.2163e+00
1804 +1.316827191e+00 +1.316827191e+00 +1.001316827e+03 +1.001316827e+03 -2.0899e+00 +1.2843e+00 -1.6847e+00 -1.7465e+00 -2.1979e+00
% function evaluation | noise-free fitness - Fopt (2.083800000000e+02) | best noise-free fitness - Fopt | measured fitness | best measured fitness | x1 | x2...
1 +6.592654473e+03 +6.592654473e+03 +6.801034473e+03 +6.801034473e+03 +0.0000e+00 +0.0000e+00 +0.0000e+00 +0.0000e+00 +0.0000e+00
2 +3.385886505e+02 +3.385886505e+02 +5.469686505e+02 +5.469686505e+02 +1.5300e+00 +3.1546e+00 -1.2607e+00 +1.7018e+00 +2.0390e+00
3 +2.402255411e+02 +2.402255411e+02 +4.486055411e+02 +4.486055411e+02 +1.5241e+00 +3.2213e+00 -1.1959e+00 +1.6225e+00 +1.8797e+00
4 +8.163156880e+01 +8.163156880e+01 +2.900115688e+02 +2.900115688e+02 +1.5387e+00 +3.0829e+00 -9.8050e-01 +1.8340e+00 +1.8552e+00
18 +5.008503044e+01 +5.008503044e+01 +2.584650304e+02 +2.584650304e+02 +1.4367e+00 +3.2432e+00 -9.6434e-01 +1.6840e+00 +2.2642e+00
24 +1.011357649e+01 +1.011357649e+01 +2.184935765e+02 +2.184935765e+02 +1.6750e+00 +3.3129e+00 -8.6083e-01 +1.9217e+00 +1.8786e+00
46 +2.959584692e+00 +2.959584692e+00 +2.113395847e+02 +2.113395847e+02 +1.3514e+00 +2.9686e+00 -7.0632e-01 +1.6955e+00 +2.0520e+00
68 +1.954554409e+00 +1.954554409e+00 +2.103345544e+02 +2.103345544e+02 +1.6210e+00 +3.0577e+00 -1.0899e-01 +1.6978e+00 +1.8706e+00
84 +1.750453140e+00 +1.750453140e+00 +2.101304531e+02 +2.101304531e+02 +1.5097e+00 +2.8716e+00 -1.4187e-01 +1.9656e+00 +2.1742e+00
209 +6.551028117e-01 +6.551028117e-01 +2.090351028e+02 +2.090351028e+02 +1.5794e+00 +3.0930e+00 +1.8648e+00 +2.1216e+00 +2.0563e+00
% function evaluation | noise-free fitness - Fopt (-1.449600000000e+02) | best noise-free fitness - Fopt | measured fitness | best measured fitness | x1 | x2...
1 +6.592654473e+03 +6.592654473e+03 +6.447694473e+03 +6.447694473e+03 +0.0000e+00 +0.0000e+00 +0.0000e+00 +0.0000e+00 +0.0000e+00
191 +5.085446597e+03 +5.085446597e+03 +4.940486597e+03 +4.940486597e+03 -3.3885e+00 +4.2478e+00 -9.3086e-01 -2.0565e+00 -1.7025e+00
203 +1.506754986e+03 +1.506754986e+03 +1.361794986e+03 +1.361794986e+03 -2.5615e+00 +2.8772e+00 -8.1879e-01 -2.1886e+00 -2.3475e+00
260 +4.494774987e+02 +4.494774987e+02 +3.045174987e+02 +3.045174987e+02 -3.1708e+00 +1.9564e+00 -1.5032e-01 -1.7288e+00 -1.1538e+00
330 +2.876768915e+02 +2.876768915e+02 +1.427168915e+02 +1.427168915e+02 -3.0842e+00 +2.0474e+00 -2.4027e+00 -1.0342e+00 -1.6847e+00
343 +7.904274319e+01 +7.904274319e+01 -6.591725681e+01 -6.591725681e+01 -2.9278e+00 +1.1392e+00 -2.2614e+00 -7.4231e-01 -1.8248e+00
352 +5.034946269e+00 +5.034946269e+00 -1.399250537e+02 -1.399250537e+02 -2.5253e+00 +1.0797e+00 -2.7338e+00 -8.3796e-01 -2.0525e+00
374 +3.802791391e+00 +3.802791391e+00 -1.411572086e+02 -1.411572086e+02 -1.6918e+00 +7.0736e-01 -2.7667e+00 -1.2275e+00 -1.5499e+00
376 +3.759393717e+00 +3.759393717e+00 -1.412006063e+02 -1.412006063e+02 -1.6813e+00 +5.4633e-01 -2.7096e-01 -1.7391e+00 -1.0396e+00
392 +2.772247957e+00 +2.772247957e+00 -1.421877520e+02 -1.421877520e+02 -1.1504e-01 +1.6242e-01 -2.7300e+00 -1.5582e+00 -2.1392e+00
576 +2.422255286e+00 +2.422255286e+00 -1.425377447e+02 -1.425377447e+02 -2.2096e+00 -1.6257e-01 -1.5962e+00 -1.5136e+00 -2.2429e+00
612 +2.121156212e+00 +2.121156212e+00 -1.428388438e+02 -1.428388438e+02 -2.2775e+00 -1.2228e+00 -1.7841e+00 -5.6332e-01 -2.5218e+00
788 +1.371841876e+00 +1.371841876e+00 -1.435881581e+02 -1.435881581e+02 -2.0274e+00 -2.0218e+00 -2.1665e+00 -4.9604e-01 -1.6397e+00
% function evaluation | noise-free fitness - Fopt (-6.300000000000e+00) | best noise-free fitness - Fopt | measured fitness | best measured fitness | x1 | x2...
1 +6.592654473e+03 +6.592654473e+03 +6.586354473e+03 +6.586354473e+03 +0.0000e+00 +0.0000e+00 +0.0000e+00 +0.0000e+00 +0.0000e+00
112 +5.870219146e+03 +5.870219146e+03 +5.863919146e+03 +5.863919146e+03 -3.6245e+00 +2.0340e+00 -1.9870e+00 +9.9241e-01 -1.9077e-01
122 +5.610409922e+03 +5.610409922e+03 +5.604109922e+03 +5.604109922e+03 -3.9858e+00 +2.3742e+00 -2.4199e+00 +1.0400e+00 -7.5425e-01
128 +4.095242278e+03 +4.095242278e+03 +4.088942278e+03 +4.088942278e+03 -4.0669e+00 +1.8955e+00 -2.2671e+00 +1.1425e+00 -1.4436e+00
140 +2.074357116e+03 +2.074357116e+03 +2.068057116e+03 +2.068057116e+03 -3.7003e+00 +1.3464e+00 -2.5052e+00 +2.1047e+00 -1.0810e+00
141 +2.011563378e+03 +2.011563378e+03 +2.005263378e+03 +2.005263378e+03 -3.5992e+00 +1.3688e+00 -2.6356e+00 +1.5830e+00 -6.8314e-01
146 +1.052158109e+03 +1.052158109e+03 +1.045858109e+03 +1.045858109e+03 -3.8001e+00 +5.9207e-01 -2.0496e+00 +7.2065e-01 -1.1434e+00
165 +6.356374979e+01 +6.356374979e+01 +5.726374979e+01 +5.726374979e+01 -2.2784e+00 +5.3194e-01 -3.0437e+00 +1.8028e+00 -1.6554e+00
169 +5.469412675e+00 +5.469412675e+00 -8.305873247e-01 -8.305873247e-01 -2.3133e+00 +1.6848e-01 -2.3545e+00 +9.6934e-01 -1.8919e+00
216 +3.820535456e+00 +3.820535456e+00 -2.479464544e+00 -2.479464544e+00 -2.0339e+00 -1.1442e+00 -2.2547e+00 +1.9070e+00 -1.0326e+00
220 +3.787858678e+00 +3.787858678e+00 -2.512141322e+00 -2.512141322e+00 -2.3618e+00 -1.5731e+00 -2.1535e+00 +1.7222e+00 -1.5845e+00
228 +3.374559058e+00 +3.374559058e+00 -2.925440942e+00 -2.925440942e+00 -1.2566e+00 -1.8215e+00 -2.1555e+00 +1.9682e+00 -1.2275e+00
327 +2.606686180e+00 +2.606686180e+00 -3.693313820e+00 -3.693313820e+00 -1.6192e+00 -1.9068e+00 -6.2612e-01 +2.4364e+00 -1.7053e+00
351 +2.193573024e+00 +2.193573024e+00 -4.106426976e+00 -4.106426976e+00 -6.9144e-01 -2.7048e+00 -1.4302e+00 +1.5261e+00 -2.2354e+00
409 +2.111510369e+00 +2.111510369e+00 -4.188489631e+00 -4.188489631e+00 -1.4846e+00 -2.8695e+00 -8.9611e-01 +1.6852e+00 -2.2412e+00
706 +2.048932834e+00 +2.048932834e+00 -4.251067166e+00 -4.251067166e+00 -1.4710e+00 -3.5784e-01 -1.2522e+00 +2.4050e+00 -8.9144e-01
% function evaluation | noise-free fitness - Fopt (2.796000000000e+01) | best noise-free fitness - Fopt | measured fitness | best measured fitness | x1 | x2...
1 +6.592654473e+03 +6.592654473e+03 +6.620614473e+03 +6.620614473e+03 +0.0000e+00 +0.0000e+00 +0.0000e+00 +0.0000e+00 +0.0000e+00
2 +4.831414260e+03 +4.831414260e+03 +4.859374260e+03 +4.859374260e+03 -2.8366e+00 +2.6776e+00 +1.2153e+00 +7.9478e-01 -7.6173e-01
13 +3.789845977e+03 +3.789845977e+03 +3.817805977e+03 +3.817805977e+03 -2.5626e+00 +2.5765e+00 +1.2411e+00 +7.6750e-01 -9.2968e-01
30 +3.197401249e+03 +3.197401249e+03 +3.225361249e+03 +3.225361249e+03 -2.6281e+00 +2.7645e+00 +1.2778e+00 +6.2238e-01 -8.8373e-01
33 +2.558527685e+03 +2.558527685e+03 +2.586487685e+03 +2.586487685e+03 -2.8589e+00 +2.5880e+00 +1.2348e+00 +4.0641e-01 -7.7396e-01
57 +2.111184816e+03 +2.111184816e+03 +2.139144816e+03 +2.139144816e+03 -2.7510e+00 +2.7837e+00 +1.2746e+00 +3.4370e-01 -8.3550e-01
58 +1.852119630e+03 +1.852119630e+03 +1.880079630e+03 +1.880079630e+03 -2.6966e+00 +2.6045e+00 +1.1967e+00 +3.5086e-01 -9.0627e-01
61 +1.455404015e+03 +1.455404015e+03 +1.483364015e+03 +1.483364015e+03 -2.1826e+00 +2.8123e+00 +1.2661e+00 +3.4732e-01 -1.0647e+00
70 +4.710851163e+02 +4.710851163e+02 +4.990451163e+02 +4.990451163e+02 -2.9236e+00 +2.7056e+00 +1.4171e+00 -8.1210e-02 -1.0256e+00
73 +3.312592516e+02 +3.312592516e+02 +3.592192516e+02 +3.592192516e+02 -3.0274e+00 +2.6270e+00 +1.2551e+00 -2.0152e-01 -1.1326e+00
104 +2.083957357e+02 +2.083957357e+02 +2.363557357e+02 +2.363557357e+02 -2.7131e+00 +2.7583e+00 +1.0474e+00 -4.5965e-01 -1.2391e+00
115 +8.135949733e+01 +8.135949733e+01 +1.093194973e+02 +1.093194973e+02 -2.4090e+00 +2.5952e+00 +1.3660e+00 -3.6385e-01 -1.0034e+00
125 +1.335881120e+01 +1.335881120e+01 +4.131881120e+01 +4.131881120e+01 -2.6312e+00 +2.2381e+00 +1.6740e+00 -1.3894e+00 -9.2048e-01
153 +4.802647642e+00 +4.802647642e+00 +3.276264764e+01 +3.276264764e+01 -2.5407e+00 +2.3132e+00 +2.1495e+00 -2.0569e+00 -1.5275e+00
165 +4.505209293e+00 +4.505209293e+00 +3.246520929e+01 +3.246520929e+01 -2.4173e+00 +1.4356e+00 +1.7715e+00 -1.7695e+00 -9.2432e-01
180 +2.780113272e+00 +2.780113272e+00 +3.074011327e+01 +3.074011327e+01 -2.3321e+00 +2.1115e+00 +8.4965e-01 -1.8152e+00 -9.9519e-01
192 +2.418642890e+00 +2.418642890e+00 +3.037864289e+01 +3.037864289e+01 -1.9791e+00 +1.9588e+00 +1.0183e+00 -2.4079e+00 -1.3016e+00
255 +1.807076787e+00 +1.807076787e+00 +2.976707679e+01 +2.976707679e+01 -2.0838e+00 +1.1624e+00 +1.6524e+00 -2.1870e+00 -1.7388e+00
823 +1.560141469e+00 +1.560141469e+00 +2.952014147e+01 +2.952014147e+01 -2.1160e+00 -4.1038e-02 +6.4214e-01 -9.5504e-01 -1.2253e+00
1199 +1.542483162e+00 +1.542483162e+00 +2.950248316e+01 +2.950248316e+01 -2.1145e+00 -6.3884e-01 +7.0145e-01 -1.6950e+00 -1.0583e+00
1253 +1.483899035e+00 +1.483899035e+00 +2.944389904e+01 +2.944389904e+01 -2.0882e+00 -5.1795e-01 +7.3203e-01 -1.9802e+00 -1.0387e+00
1261 +1.299521504e+00 +1.299521504e+00 +2.925952150e+01 +2.925952150e+01 -2.0933e+00 -5.9714e-01 +7.6655e-01 -1.9627e+00 -1.0315e+00
1342 +1.273899195e+00 +1.273899195e+00 +2.923389920e+01 +2.923389920e+01 -2.0946e+00 -5.9148e-01 +7.6716e-01 -1.9395e+00 -1.0139e+00
1364 +1.205793047e+00 +1.205793047e+00 +2.916579305e+01 +2.916579305e+01 -2.0989e+00 -5.7195e-01 +7.6360e-01 -1.9630e+00 -9.9453e-01
1531 +1.181534619e+00 +1.181534619e+00 +2.914153462e+01 +2.914153462e+01 -2.0783e+00 -6.1485e-01 +7.4872e-01 -2.4318e+00 -9.5257e-01
1641 +1.165509826e+00 +1.165509826e+00 +2.912550983e+01 +2.912550983e+01 -2.1132e+00 -6.0688e-01 +7.3035e-01 -1.9814e+00 -9.8521e-01
1848 +1.146415411e+00 +1.146415411e+00 +2.910641541e+01 +2.910641541e+01 -2.1032e+00 -6.0756e-01 +7.5423e-01 -1.9852e+00 -9.8864e-01
% function evaluation | noise-free fitness - Fopt (-6.338000000000e+01) | best noise-free fitness - Fopt | measured fitness | best measured fitness | x1 | x2...
1 +6.592654473e+03 +6.592654473e+03 +6.529274473e+03 +6.529274473e+03 +0.0000e+00 +0.0000e+00 +0.0000e+00 +0.0000e+00 +0.0000e+00
92 +5.197216211e+03 +5.197216211e+03 +5.133836211e+03 +5.133836211e+03 -3.0032e+00 +2.1487e+00 +4.1570e-01 +9.1946e-01 -1.7788e+00
94 +4.535025918e+03 +4.535025918e+03 +4.471645918e+03 +4.471645918e+03 -2.9746e+00 +2.3150e+00 +4.4188e-01 +8.2628e-01 -1.7929e+00
101 +3.436237902e+03 +3.436237902e+03 +3.372857902e+03 +3.372857902e+03 -3.4140e+00 +2.1757e+00 +2.0124e-02 +4.8889e-01 -2.2757e+00
103 +8.684360698e+02 +8.684360698e+02 +8.050560698e+02 +8.050560698e+02 -2.9791e+00 +2.3646e+00 -2.1645e-01 -1.5760e-01 -1.6118e+00
109 +7.828899232e+02 +7.828899232e+02 +7.195099232e+02 +7.195099232e+02 -2.6080e+00 +1.9792e+00 -2.9960e-01 -1.7765e-01 -1.9798e+00
113 +5.027235547e+02 +5.027235547e+02 +4.393435547e+02 +4.393435547e+02 -2.6462e+00 +2.5413e+00 -9.3587e-01 -5.3343e-01 -2.3292e+00
117 +1.169421209e+01 +1.169421209e+01 -5.168578791e+01 -5.168578791e+01 -2.6418e+00 +2.7445e+00 +7.4016e-01 -1.9050e+00 -1.5074e+00
120 +4.986480960e+00 +4.986480960e+00 -5.839351904e+01 -5.839351904e+01 -2.5366e+00 +1.9793e+00 -1.5324e-01 -1.7818e+00 -1.6981e+00
129 +3.254445532e+00 +3.254445532e+00 -6.012555447e+01 -6.012555447e+01 -2.4699e+00 +2.4271e+00 +1.6482e+00 -6.9692e-01 -1.5950e+00
185 +3.165537954e+00 +3.165537954e+00 -6.021446205e+01 -6.021446205e+01 -1.9870e+00 +2.3671e+00 +5.3345e-01 -8.9964e-01 -2.4020e+00
244 +3.084005707e+00 +3.084005707e+00 -6.029599429e+01 -6.029599429e+01 -1.1119e+00 +2.0804e+00 +6.6982e-01 -2.0108e+00 -9.9223e-01
271 +2.925293127e+00 +2.925293127e+00 -6.045470687e+01 -6.045470687e+01 -7.7627e-01 +2.8284e+00 +1.4494e+00 -1.7470e+00 -7.4384e-01
317 +2.629843956e+00 +2.629843956e+00 -6.075015604e+01 -6.075015604e+01 -1.4375e+00 +1.0332e+00 +3.8299e-01 -1.4364e+00 -1.4100e+00
520 +2.525971649e+00 +2.525971649e+00 -6.085402835e+01 -6.085402835e+01 -1.6065e+00 +8.5869e-01 +1.4770e+00 -2.2868e+00 -9.6863e-01
535 +2.329998987e+00 +2.329998987e+00 -6.105000101e+01 -6.105000101e+01 -1.4788e+00 +9.3885e-01 +1.8648e+00 -2.1459e+00 -1.4459e+00
586 +2.162702224e+00 +2.162702224e+00 -6.121729778e+01 -6.121729778e+01 -1.4810e+00 +9.9090e-01 +2.2355e+00 -4.9705e-01 -1.3950e+00
1173 +2.124083540e+00 +2.124083540e+00 -6.125591646e+01 -6.125591646e+01 -1.3472e+00 +3.2286e-01 +2.5652e+00 -1.9389e+00 -1.1319e+00
1417 +1.926430163e+00 +1.926430163e+00 -6.145356984e+01 -6.145356984e+01 -1.5345e+00 +3.2285e-01 +2.4387e+00 -1.9082e+00 -1.7918e+00
1427 +1.786663775e+00 +1.786663775e+00 -6.159333622e+01 -6.159333622e+01 -1.5012e+00 +1.1483e-01 +2.6566e+00 -2.0257e+00 -1.8108e+00
1463 +1.615906559e+00 +1.615906559e+00 -6.176409344e+01 -6.176409344e+01 -1.5963e+00 +3.2369e-01 +2.4916e+00 -2.0512e+00 -1.5086e+00
1469 +1.415101776e+00 +1.415101776e+00 -6.196489822e+01 -6.196489822e+01 -1.5590e+00 +4.2231e-01 +2.5120e+00 -2.0420e+00 -1.7330e+00
1474 +1.372074316e+00 +1.372074316e+00 -6.200792568e+01 -6.200792568e+01 -1.5221e+00 +3.9888e-01 +2.4694e+00 -1.9659e+00 -1.7735e+00
1573 +1.200833132e+00 +1.200833132e+00 -6.217916687e+01 -6.217916687e+01 -1.5485e+00 +3.3589e-01 +2.6016e+00 -1.9687e+00 -1.2817e+00
% function evaluation | noise-free fitness - Fopt (-1.337200000000e+02) | best noise-free fitness - Fopt | measured fitness | best measured fitness | x1 | x2...
1 +6.592654473e+03 +6.592654473e+03 +6.458934473e+03 +6.458934473e+03 +0.0000e+00 +0.0000e+00 +0.0000e+00 +0.0000e+00 +0.0000e+00
2 +5.597895417e+03 +5.597895417e+03 +5.464175417e+03 +5.464175417e+03 -9.3940e-01 -7.8874e-01 -1.0955e+00 -2.5036e-01 +1.2262e+00
4 +5.015683840e+03 +5.015683840e+03 +4.881963840e+03 +4.881963840e+03 -8.5718e-01 -6.8060e-01 -9.4204e-01 -2.9090e-01 +1.2883e+00
11 +4.980134616e+03 +4.980134616e+03 +4.846414616e+03 +4.846414616e+03 -1.0670e+00 -6.7966e-01 -1.0324e+00 -2.0893e-01 +1.3026e+00
19 +4.569626407e+03 +4.569626407e+03 +4.435906407e+03 +4.435906407e+03 -8.6358e-01 -8.0530e-01 -9.7832e-01 -1.5192e-01 +1.3481e+00
28 +3.772047189e+03 +3.772047189e+03 +3.638327189e+03 +3.638327189e+03 -9.0875e-01 -5.0810e-01 -9.5090e-01 -5.8443e-02 +1.2562e+00
32 +3.705730887e+03 +3.705730887e+03 +3.572010887e+03 +3.572010887e+03 -9.2048e-01 -6.8866e-01 -9.9783e-01 +3.3742e-02 +1.4243e+00
51 +2.023968918e+03 +2.023968918e+03 +1.890248918e+03 +1.890248918e+03 -6.8921e-01 -5.5537e-01 -7.6617e-01 +2.5246e-01 +1.3926e+00
70 +1.192999816e+03 +1.192999816e+03 +1.059279816e+03 +1.059279816e+03 -1.1128e+00 -8.7333e-01 -4.7889e-01 +3.7718e-01 +1.5006e+00
80 +9.701433581e+02 +9.701433581e+02 +8.364233581e+02 +8.364233581e+02 -8.1081e-01 -7.1897e-01 -5.6791e-01 +5.5485e-01 +1.3932e+00
93 +4.571288500e+02 +4.571288500e+02 +3.234088500e+02 +3.234088500e+02 -1.5735e+00 -7.7348e-01 -3.0544e-01 +7.6197e-01 +1.3353e+00
103 +4.111517035e+02 +4.111517035e+02 +2.774317035e+02 +2.774317035e+02 -7.1826e-01 -5.7881e-01 -3.7997e-01 +1.3796e+00 +1.4517e+00
110 +3.777903731e+02 +3.777903731e+02 +2.440703731e+02 +2.440703731e+02 -9.3065e-01 -7.2432e-01 -3.1047e-01 +8.2215e-01 +1.4162e+00
114 +1.680857608e+01 +1.680857608e+01 -1.169114239e+02 -1.169114239e+02 -1.4222e+00 -2.5468e-01 +2.7310e-03 +1.7059e+00 +1.9446e+00
128 +4.862257962e+00 +4.862257962e+00 -1.288577420e+02 -1.288577420e+02 -1.1076e+00 -4.9354e-01 +3.8398e-01 +1.0793e+00 +1.4568e+00
139 +3.986996281e+00 +3.986996281e+00 -1.297330037e+02 -1.297330037e+02 -1.6209e+00 -3.4817e-01 +8.6360e-01 +7.6085e-01 +1.7418e+00
164 +3.618016113e+00 +3.618016113e+00 -1.301019839e+02 -1.301019839e+02 -1.0923e+00 -4.6289e-01 +6.8567e-01 +2.0262e+00 +2.0304e+00
189 +3.375398910e+00 +3.375398910e+00 -1.303446011e+02 -1.303446011e+02 -6.6540e-01 +1.6951e-01 +1.3728e+00 +1.0727e+00 +1.3001e+00
206 +2.518720388e+00 +2.518720388e+00 -1.312012796e+02 -1.312012796e+02 -7.9333e-01 -5.6383e-01 +7.3907e-01 +2.4342e+00 +1.1664e+00
584 +2.404099204e+00 +2.404099204e+00 -1.313159008e+02 -1.313159008e+02 -6.7141e-01 +2.8651e-01 +1.3017e+00 +2.3003e+00 +2.0106e+00
684 +1.988582376e+00 +1.988582376e+00 -1.317314176e+02 -1.317314176e+02 -6.9341e-01 +9.6349e-02 +1.4357e+00 +2.2388e+00 +2.1186e+00
891 +1.600293284e+00 +1.600293284e+00 -1.321197067e+02 -1.321197067e+02 -5.0359e-01 +5.2852e-02 +1.1007e+00 +2.3337e+00 +2.0377e+00
% function evaluation | noise-free fitness - Fopt (-4.039900000000e+02) | best noise-free fitness - Fopt | measured fitness | best measured fitness | x1 | x2...
1 +6.592654473e+03 +6.592654473e+03 +6.188664473e+03 +6.188664473e+03 +0.0000e+00 +0.0000e+00 +0.0000e+00 +0.0000e+00 +0.0000e+00
94 +6.050157816e+03 +6.050157816e+03 +5.646167816e+03 +5.646167816e+03 +3.4791e+00 -6.6672e-01 +1.8932e+00 +1.1702e+00 -3.6532e+00
96 +5.617060859e+03 +5.617060859e+03 +5.213070859e+03 +5.213070859e+03 +3.0533e+00 -9.9049e-01 +1.6553e+00 +1.0266e+00 -3.6708e+00
109 +5.057972839e+03 +5.057972839e+03 +4.653982839e+03 +4.653982839e+03 +3.6861e+00 -9.2928e-01 +1.8964e+00 +6.7322e-01 -3.6477e+00
115 +3.166026405e+02 +3.166026405e+02 -8.738735955e+01 -8.738735955e+01 +3.3656e+00 -9.8672e-01 +1.8239e+00 +1.1196e+00 -2.5338e+00
137 +2.162095741e+02 +2.162095741e+02 -1.877804259e+02 -1.877804259e+02 +2.9656e+00 -1.5789e+00 +1.9924e+00 +1.1798e+00 -2.6367e+00
140 +5.911536648e+00 +5.911536648e+00 -3.980784634e+02 -3.980784634e+02 +2.5327e+00 -1.3371e+00 +1.4814e+00 +1.3719e+00 -2.0904e+00
166 +4.787531894e+00 +4.787531894e+00 -3.992024681e+02 -3.992024681e+02 +2.4862e+00 -8.7050e-01 +1.4713e+00 +1.2069e+00 -1.6868e+00
181 +4.420910162e+00 +4.420910162e+00 -3.995690898e+02 -3.995690898e+02 +2.5218e+00 -1.8405e+00 +1.9671e+00 +1.6594e+00 -1.9672e+00
182 +4.170618988e+00 +4.170618988e+00 -3.998193810e+02 -3.998193810e+02 +1.7236e+00 -2.0815e+00 +1.4765e+00 +1.1776e+00 -1.0194e+00
183 +3.360432496e+00 +3.360432496e+00 -4.006295675e+02 -4.006295675e+02 +2.1043e+00 -7.1464e-01 +1.4914e+00 +1.2494e+00 -1.3973e+00
235 +3.131031044e+00 +3.131031044e+00 -4.008589690e+02 -4.008589690e+02 +2.0431e+00 -5.4713e-01 +3.6624e-01 +1.3273e+00 -1.3682e+00
291 +2.598555113e+00 +2.598555113e+00 -4.013914449e+02 -4.013914449e+02 -1.5822e+00 -2.8493e-01 +1.1491e+00 +2.2675e+00 -1.1473e+00
372 +2.351542874e+00 +2.351542874e+00 -4.016384571e+02 -4.016384571e+02 +7.3761e-01 -3.4128e-01 +4.7393e-01 +2.5295e+00 -1.6475e+00
424 +2.223940522e+00 +2.223940522e+00 -4.017660595e+02 -4.017660595e+02 +1.0813e+00 +2.4805e-01 +7.8054e-01 +1.9594e+00 -9.9297e-01
627 +2.034393613e+00 +2.034393613e+00 -4.019556064e+02 -4.019556064e+02 -1.6666e+00 -3.1531e+00 +1.1431e+00 +2.3353e+00 -1.9539e+00
838 +1.875707547e+00 +1.875707547e+00 -4.021142925e+02 -4.021142925e+02 -1.3464e+00 -2.9664e+00 +1.2404e+00 +2.2875e+00 -1.1433e+00
894 +1.277676504e+00 +1.277676504e+00 -4.027123235e+02 -4.027123235e+02 -1.4409e+00 -3.0560e+00 +1.2565e+00 +2.2826e+00 -9.5994e-01
1098 +1.246413494e+00 +1.246413494e+00 -4.027435865e+02 -4.027435865e+02 -1.5061e+00 -3.1214e+00 +1.1629e+00 +2.3764e+00 -2.0044e+00
1254 +1.209318467e+00 +1.209318467e+00 -4.027806815e+02 -4.027806815e+02 -1.5001e+00 -3.0301e+00 +1.2885e+00 +2.2973e+00 -1.7385e+00
1276 +1.151224022e+00 +1.151224022e+00 -4.028387760e+02 -4.028387760e+02 -1.5249e+00 -3.0440e+00 +1.2863e+00 +2.3103e+00 -1.7046e+00
1298 +1.123518261e+00 +1.123518261e+00 -4.028664817e+02 -4.028664817e+02 -1.5237e+00 -2.9817e+00 +1.2755e+00 +2.3118e+00 -1.7076e+00
1386 +1.119147883e+00 +1.119147883e+00 -4.028708521e+02 -4.028708521e+02 -1.5255e+00 -3.0115e+00 +1.2805e+00 +2.3116e+00 -1.7178e+00
% function evaluation | noise-free fitness - Fopt (1.000000000000e+03) | best noise-free fitness - Fopt | measured fitness | best measured fitness | x1 | x2...
1 +6.592654473e+03 +6.592654473e+03 +7.592654473e+03 +7.592654473e+03 +0.0000e+00 +0.0000e+00 +0.0000e+00 +0.0000e+00 +0.0000e+00
40 +6.232019087e+03 +6.232019087e+03 +7.232019087e+03 +7.232019087e+03 -1.1898e+00 +3.5814e+00 +2.8294e+00 +3.9603e+00 -2.4357e-01
48 +6.125553534e+03 +6.125553534e+03 +7.125553534e+03 +7.125553534e+03 -9.3723e-01 +3.5794e+00 +2.9009e+00 +3.8842e+00 -1.1248e-01
52 +5.383376967e+03 +5.383376967e+03 +6.383376967e+03 +6.383376967e+03 -1.2308e+00 +3.9482e+00 +2.6389e+00 +4.0062e+00 -2.4854e-01
55 +4.303867832e+03 +4.303867832e+03 +5.303867832e+03 +5.303867832e+03 -9.5440e-01 +3.7612e+00 +2.4917e+00 +3.9300e+00 -5.9223e-02
73 +3.364856319e+03 +3.364856319e+03 +4.364856319e+03 +4.364856319e+03 -1.1740e+00 +3.9137e+00 +2.1368e+00 +4.0177e+00 -1.7955e-02
80 +3.203238276e+03 +3.203238276e+03 +4.203238276e+03 +4.203238276e+03 -9.6116e-01 +3.7980e+00 +2.4045e+00 +3.5884e+00 +4.0039e-01
90 +1.465057021e+03 +1.465057021e+03 +2.465057021e+03 +2.465057021e+03 -1.0589e+00 +3.4956e+00 +1.3350e+00 +3.8218e+00 +2.8787e-01
105 +6.223856207e+02 +6.223856207e+02 +1.622385621e+03 +1.622385621e+03 -1.3851e+00 +3.6735e+00 +1.0160e+00 +3.5144e+00 +3.8238e-01
119 +5.632040850e+02 +5.632040850e+02 +1.563204085e+03 +1.563204085e+03 -1.6775e+00 +3.4109e+00 +9.2885e-01 +3.5203e+00 +6.5725e-01
141 +4.422135323e+02 +4.422135323e+02 +1.442213532e+03 +1.442213532e+03 -7.0452e-01 +3.8009e+00 +4.0541e-01 +3.1026e+00 +1.2279e+00
142 +3.945892333e+02 +3.945892333e+02 +1.394589233e+03 +1.394589233e+03 -1.4108e+00 +3.9839e+00 +9.2315e-01 +3.1330e+00 +3.2987e-01
192 +2.482805620e+02 +2.482805620e+02 +1.248280562e+03 +1.248280562e+03 -1.3858e+00 +3.7918e+00 +2.5276e-01 +3.0146e+00 +6.5630e-01
215 +4.759488623e+00 +4.759488623e+00 +1.004759489e+03 +1.004759489e+03 -1.9646e+00 +3.2650e+00 +4.2674e-01 +2.6165e+00 +1.8579e+00
322 +3.680917252e+00 +3.680917252e+00 +1.003680917e+03 +1.003680917e+03 -1.8144e+00 +2.9841e+00 -4.5767e-02 +2.4297e+00 +8.6986e-01
341 +3.583756179e+00 +3.583756179e+00 +1.003583756e+03 +1.003583756e+03 -2.5450e+00 +3.3324e+00 +2.0363e-01 +2.1118e+00 +1.8667e+00
348 +2.608759294e+00 +2.608759294e+00 +1.002608759e+03 +1.002608759e+03 -1.4504e+00 +2.9966e+00 -3.6647e-02 +2.4538e+00 +8.7331e-01
399 +2.528772420e+00 +2.528772420e+00 +1.002528772e+03 +1.002528772e+03 -1.5384e+00 +3.1779e+00 +1.6645e-01 +1.9581e+00 +1.4258e+00
440 +2.294822766e+00 +2.294822766e+00 +1.002294823e+03 +1.002294823e+03 -1.3036e+00 +2.9344e+00 +1.6839e-01 +1.8861e+00 +1.3127e+00
543 +1.768033796e+00 +1.768033796e+00 +1.001768034e+03 +1.001768034e+03 -1.4218e+00 +2.9134e+00 -3.9576e-01 +1.0235e+00 +2.0548e+00
% function evaluation | noise-free fitness - Fopt (1.005700000000e+02) | best noise-free fitness - Fopt | measured fitness | best measured fitness | x1 | x2...
1 +6.592654473e+03 +6.592654473e+03 +6.693224473e+03 +6.693224473e+03 +0.0000e+00 +0.0000e+00 +0.0000e+00 +0.0000e+00 +0.0000e+00
264 +5.838066227e+03 +5.838066227e+03 +5.938636227e+03 +5.938636227e+03 -2.4377e+00 +2.8090e+00 +7.0345e-01 -1.9800e+00 -2.7702e+00
266 +3.060365761e+03 +3.060365761e+03 +3.160935761e+03 +3.160935761e+03 -2.3629e+00 +8.2023e-01 -1.6436e-01 -1.7805e+00 -3.1164e+00
296 +2.115449993e+02 +2.115449993e+02 +3.121149993e+02 +3.121149993e+02 -2.1707e-01 +5.9901e-01 +1.8796e-01 -2.2983e+00 -3.7319e-01
322 +3.044153072e+00 +3.044153072e+00 +1.036141531e+02 +1.036141531e+02 -1.6152e+00 +3.6008e-01 +1.7926e+00 -7.1460e-01 -1.5740e+00
405 +2.664095217e+00 +2.664095217e+00 +1.032340952e+02 +1.032340952e+02 -1.4467e+00 -1.8343e-01 +1.6493e+00 -1.8084e+00 -1.3120e+00
651 +2.299906963e+00 +2.299906963e+00 +1.028699070e+02 +1.028699070e+02 -1.3782e+00 -3.0793e+00 -5.2984e-02 -1.4730e+00 -1.9345e+00
750 +2.232086188e+00 +2.232086188e+00 +1.028020862e+02 +1.028020862e+02 -1.5036e+00 -1.1614e+00 +3.3034e-01 -1.0846e+00 -1.2496e+00
935 +1.896051179e+00 +1.896051179e+00 +1.024660512e+02 +1.024660512e+02 -6.8145e-01 -1.5559e+00 +1.3581e-01 -2.5724e+00 -1.9903e+00
1097 +1.774727619e+00 +1.774727619e+00 +1.023447276e+02 +1.023447276e+02 -1.5274e+00 -1.2793e+00 +7.5934e-01 -2.4685e+00 -1.9936e+00
% function evaluation | noise-free fitness - Fopt (1.149000000000e+01) | best noise-free fitness - Fopt | measured fitness | best measured fitness | x1 | x2...
1 +6.592654473e+03 +6.592654473e+03 +6.604144473e+03 +6.604144473e+03 +0.0000e+00 +0.0000e+00 +0.0000e+00 +0.0000e+00 +0.0000e+00
2 +5.169562062e+02 +5.169562062e+02 +5.284462062e+02 +5.284462062e+02 -7.2027e-01 +3.7249e+00 +1.3280e+00 +1.4563e+00 +1.1074e+00
3 +3.399399990e+02 +3.399399990e+02 +3.514299990e+02 +3.514299990e+02 -6.9354e-01 +3.7024e+00 +1.1350e+00 +1.6216e+00 +9.9247e-01
16 +3.325084294e+02 +3.325084294e+02 +3.439984294e+02 +3.439984294e+02 -8.2612e-01 +3.7098e+00 +1.1588e+00 +1.5017e+00 +1.1465e+00
17 +2.826590658e+02 +2.826590658e+02 +2.941490658e+02 +2.941490658e+02 -7.4802e-01 +3.5720e+00 +1.1726e+00 +1.3724e+00 +1.2190e+00
26 +2.791880780e+02 +2.791880780e+02 +2.906780780e+02 +2.906780780e+02 -9.4303e-01 +3.7844e+00 +7.9753e-01 +1.4873e+00 +1.3289e+00
29 +2.586813748e+02 +2.586813748e+02 +2.701713748e+02 +2.701713748e+02 -9.7140e-01 +3.6865e+00 +1.1077e+00 +1.6169e+00 +1.1443e+00
36 +1.520068199e+02 +1.520068199e+02 +1.634968199e+02 +1.634968199e+02 -8.7922e-01 +3.5622e+00 +9.9165e-01 +1.7611e+00 +1.2582e+00
48 +1.184528203e+02 +1.184528203e+02 +1.299428203e+02 +1.299428203e+02 -9.6773e-01 +3.2920e+00 +1.0661e+00 +1.5012e+00 +1.2993e+00
68 +7.012674888e+01 +7.012674888e+01 +8.161674888e+01 +8.161674888e+01 -8.6090e-01 +3.1648e+00 +9.7773e-01 +1.5034e+00 +1.4260e+00
69 +5.478317180e+01 +5.478317180e+01 +6.627317180e+01 +6.627317180e+01 -9.7373e-01 +3.1794e+00 +9.5216e-01 +1.1478e+00 +1.5843e+00
71 +1.582989672e+01 +1.582989672e+01 +2.731989672e+01 +2.731989672e+01 -9.0984e-01 +3.2728e+00 +6.1783e-01 +1.2223e+00 +1.3096e+00
78 +1.035444348e+01 +1.035444348e+01 +2.184444348e+01 +2.184444348e+01 -8.0425e-01 +3.2166e+00 +3.8069e-01 +1.4880e+00 +1.0821e+00
83 +6.909813416e+00 +6.909813416e+00 +1.839981342e+01 +1.839981342e+01 -1.2273e+00 +3.2031e+00 +8.0651e-01 +1.5175e+00 +1.6518e+00
91 +4.400566258e+00 +4.400566258e+00 +1.589056626e+01 +1.589056626e+01 -1.3891e+00 +2.7989e+00 +4.6511e-01 +1.4779e+00 +1.6803e+00
95 +3.064151753e+00 +3.064151753e+00 +1.455415175e+01 +1.455415175e+01 -1.3582e-01 +2.8218e+00 +8.7632e-02 +1.6461e+00 +1.3844e+00
101 +2.915883061e+00 +2.915883061e+00 +1.440588306e+01 +1.440588306e+01 -7.6959e-01 +2.8843e+00 +6.2060e-01 +1.2911e+00 +2.2047e+00
244 +2.467766791e+00 +2.467766791e+00 +1.395776679e+01 +1.395776679e+01 -2.4396e+00 +3.1996e+00 -1.2299e+00 +2.2202e+00 +1.4989e+00
341 +2.398222979e+00 +2.398222979e+00 +1.388822298e+01 +1.388822298e+01 -1.5907e+00 +2.2670e+00 -8.5657e-01 +2.3678e+00 +1.6475e+00
593 +2.001938759e+00 +2.001938759e+00 +1.349193876e+01 +1.349193876e+01 -1.3760e+00 +2.8514e+00 -1.8723e+00 +5.9578e-01 +1.7312e+00
908 +1.952817286e+00 +1.952817286e+00 +1.344281729e+01 +1.344281729e+01 -1.4390e+00 +2.9657e+00 -1.5193e-01 +2.5742e+00 +2.0527e+00
942 +1.865864430e+00 +1.865864430e+00 +1.335586443e+01 +1.335586443e+01 -1.4335e+00 +2.2475e+00 -2.0054e+00 +1.3337e+00 +2.2651e+00
1286 +1.722812848e+00 +1.722812848e+00 +1.321281285e+01 +1.321281285e+01 -1.4650e+00 +2.9134e+00 -1.2646e+00 +1.6244e+00 +2.2261e+00
1300 +1.601878367e+00 +1.601878367e+00 +1.309187837e+01 +1.309187837e+01 -1.5952e+00 +3.0038e+00 -1.7690e+00 +1.1961e+00 +2.3182e+00
1411 +1.489242869e+00 +1.489242869e+00 +1.297924287e+01 +1.297924287e+01 -1.4570e+00 +2.9789e+00 -1.1866e+00 +8.8866e-01 +2.4148e+00
1480 +1.475741026e+00 +1.475741026e+00 +1.296574103e+01 +1.296574103e+01 -1.5343e+00 +2.9055e+00 -1.2004e+00 +7.7383e-01 +2.4622e+00
1488 +1.214903602e+00 +1.214903602e+00 +1.270490360e+01 +1.270490360e+01 -1.4881e+00 +3.0475e+00 -1.2298e+00 +8.2368e-01 +2.3791e+00
1591 +1.055447667e+00 +1.055447667e+00 +1.254544767e+01 +1.254544767e+01 -1.4887e+00 +3.0703e+00 -1.2612e+00 +8.2217e-01 +2.4309e+00
1593 +9.938257254e-01 +9.938257254e-01 +1.248382573e+01 +1.248382573e+01 -1.5204e+00 +3.0598e+00 -1.2310e+00 +7.7787e-01 +2.4397e+00
1701 +9.560602990e-01 +9.560602990e-01 +1.244606030e+01 +1.244606030e+01 -1.4996e+00 +3.0073e+00 -1.2711e+00 +7.8251e-01 +2.4143e+00
1804 +9.365105627e-01 +9.365105627e-01 +1.242651056e+01 +1.242651056e+01 -1.5153e+00 +3.0423e+00 -1.2632e+00 +7.7707e-01 +2.4363e+00
1870 +9.159873023e-01 +9.159873023e-01 +1.240598730e+01 +1.240598730e+01 -1.5233e+00 +2.9992e+00 -1.2625e+00 +7.9155e-01 +2.4292e+00
2200 +9.100202995e-01 +9.100202995e-01 +1.240002030e+01 +1.240002030e+01 -1.5221e+00 +3.0122e+00 -1.2631e+00 +7.9266e-01 +2.4330e+00
% function evaluation | noise-free fitness - Fopt (7.731000000000e+01) | best noise-free fitness - Fopt | measured fitness | best measured fitness | x1 | x2...
1 +6.592654473e+03 +6.592654473e+03 +6.669964473e+03 +6.669964473e+03 +0.0000e+00 +0.0000e+00 +0.0000e+00 +0.0000e+00 +0.0000e+00
121 +4.195531964e+03 +4.195531964e+03 +4.272841964e+03 +4.272841964e+03 -8.3342e-01 +2.4361e+00 -1.6100e+00 +2.5843e+00 -2.9360e-01
124 +4.125876189e+03 +4.125876189e+03 +4.203186189e+03 +4.203186189e+03 -5.3099e-01 +2.5431e+00 -1.4430e+00 +2.9602e+00 -2.2007e-01
134 +2.181384267e+03 +2.181384267e+03 +2.258694267e+03 +2.258694267e+03 -1.6878e+00 +2.5169e+00 -1.4953e+00 +2.6170e+00 +3.5710e-02
154 +1.871520363e+03 +1.871520363e+03 +1.948830363e+03 +1.948830363e+03 -7.3127e-01 +2.4936e+00 -1.5683e+00 +2.7668e+00 +8.6128e-01
168 +1.147088402e+03 +1.147088402e+03 +1.224398402e+03 +1.224398402e+03 -2.6402e-01 +2.1557e+00 -2.0605e+00 +1.9127e+00 +1.9835e+00
179 +6.872270273e+02 +6.872270273e+02 +7.645370273e+02 +7.645370273e+02 -9.7521e-01 +1.9941e+00 -1.7436e+00 +2.5362e+00 +1.7138e+00
203 +5.906532254e+02 +5.906532254e+02 +6.679632254e+02 +6.679632254e+02 -1.2419e+00 +1.3931e+00 -1.8747e+00 +2.1667e+00 +2.6624e-01
225 +2.267981692e+02 +2.267981692e+02 +3.041081692e+02 +3.041081692e+02 -2.0547e+00 +1.2206e+00 -1.7687e+00 +1.6678e+00 +5.2186e-01
242 +6.011084886e+01 +6.011084886e+01 +1.374208489e+02 +1.374208489e+02 -1.6343e+00 +1.5142e+00 -1.6073e+00 +2.1844e+00 +1.0273e+00
289 +5.284426257e+00 +5.284426257e+00 +8.259442626e+01 +8.259442626e+01 -1.8045e+00 +1.1185e+00 -1.5647e+00 +1.3598e+00 +2.1088e+00
296 +4.564640338e+00 +4.564640338e+00 +8.187464034e+01 +8.187464034e+01 -1.8436e+00 +9.4739e-01 -2.6968e+00 +1.1380e+00 +1.1298e+00
307 +4.050437760e+00 +4.050437760e+00 +8.136043776e+01 +8.136043776e+01 -2.0374e+00 +1.1330e+00 -1.4398e+00 +1.0347e+00 +1.7332e+00
308 +3.976208428e+00 +3.976208428e+00 +8.128620843e+01 +8.128620843e+01 -1.8896e+00 +1.0189e+00 -1.9343e+00 +1.2450e+00 +1.1921e+00
323 +2.664686881e+00 +2.664686881e+00 +7.997468688e+01 +7.997468688e+01 -3.8019e-01 -1.7349e+00 -1.9713e+00 +6.6568e-01 +2.4673e+00
739 +2.625835880e+00 +2.625835880e+00 +7.993583588e+01 +7.993583588e+01 -8.4657e-01 +4.1794e-01 -2.0530e+00 +6.0116e-01 +1.6067e+00
764 +2.401220431e+00 +2.401220431e+00 +7.971122043e+01 +7.971122043e+01 -9.5267e-01 -3.6998e-01 -2.5089e+00 +7.9670e-01 +1.2321e+00
1164 +1.951090675e+00 +1.951090675e+00 +7.926109068e+01 +7.926109068e+01 -1.0368e+00 -1.5155e+00 -2.3052e+00 +5.7750e-01 +1.6175e+00
2508 +1.849567291e+00 +1.849567291e+00 +7.915956729e+01 +7.915956729e+01 -9.3805e-01 -3.5394e-01 -2.5542e+00 +8.9295e-01 +2.3905e+00
2750 +1.752263165e+00 +1.752263165e+00 +7.906226317e+01 +7.906226317e+01 -1.0424e+00 -3.9257e-01 -2.5255e+00 +8.3488e-01 +2.4412e+00
2794 +1.661646327e+00 +1.661646327e+00 +7.897164633e+01 +7.897164633e+01 -1.0406e+00 -2.9353e-01 -2.5447e+00 +8.3749e-01 +2.4104e+00
2860 +1.657179112e+00 +1.657179112e+00 +7.896717911e+01 +7.896717911e+01 -1.0178e+00 -3.4049e-01 -2.5499e+00 +8.5933e-01 +2.4019e+00
3115 +1.620907719e+00 +1.620907719e+00 +7.893090772e+01 +7.893090772e+01 -1.0237e+00 -3.2122e-01 -2.5532e+00 +8.4346e-01 +2.4177e+00
% function evaluation | noise-free fitness - Fopt (3.207700000000e+02) | best noise-free fitness - Fopt | measured fitness | best measured fitness | x1 | x2...
1 +6.592654473e+03 +6.592654473e+03 +6.913424473e+03 +6.913424473e+03 +0.0000e+00 +0.0000e+00 +0.0000e+00 +0.0000e+00 +0.0000e+00
37 +6.230963710e+03 +6.230963710e+03 +6.551733710e+03 +6.551733710e+03 +1.3008e+00 +5.1540e-01 +4.5656e+00 -2.8225e+00 +5.2073e-01
55 +5.931144959e+03 +5.931144959e+03 +6.251914959e+03 +6.251914959e+03 +1.5131e+00 +6.6691e-01 +4.6058e+00 -2.7450e+00 +4.9730e-01
56 +5.645303192e+03 +5.645303192e+03 +5.966073192e+03 +5.966073192e+03 +1.3667e+00 +5.4614e-01 +4.3827e+00 -2.8728e+00 +2.9503e-01
59 +5.417669649e+03 +5.417669649e+03 +5.738439649e+03 +5.738439649e+03 +1.5019e+00 +7.3109e-01 +4.3330e+00 -2.9129e+00 +5.0030e-01
69 +3.584235582e+03 +3.584235582e+03 +3.905005582e+03 +3.905005582e+03 +1.4503e+00 +6.5596e-01 +4.2955e+00 -2.5362e+00 +5.8857e-01
75 +2.724834866e+03 +2.724834866e+03 +3.045604866e+03 +3.045604866e+03 +1.5545e+00 +4.6950e-01 +4.3847e+00 -1.9608e+00 +5.8273e-01
91 +2.333677915e+03 +2.333677915e+03 +2.654447915e+03 +2.654447915e+03 +1.5638e+00 +8.2842e-01 +4.0307e+00 -1.4736e+00 +2.9982e-01
93 +1.884042088e+03 +1.884042088e+03 +2.204812088e+03 +2.204812088e+03 +1.5977e+00 +7.5218e-01 +3.9091e+00 -2.4357e+00 +1.2864e+00
94 +1.350326406e+03 +1.350326406e+03 +1.671096406e+03 +1.671096406e+03 +9.6399e-01 +5.1406e-01 +3.5549e+00 -2.5524e+00 +5.6919e-01
97 +5.568665349e+02 +5.568665349e+02 +8.776365349e+02 +8.776365349e+02 +1.4888e+00 +7.0916e-01 +3.6642e+00 -1.8206e+00 +7.7322e-01
132 +5.330854010e+02 +5.330854010e+02 +8.538554010e+02 +8.538554010e+02 +1.4802e+00 +6.3203e-01 +3.6452e+00 -1.8368e+00 +8.0475e-01
135 +3.957817320e+00 +3.957817320e+00 +3.247278173e+02 +3.247278173e+02 +1.4642e+00 +4.6502e-01 +2.0606e+00 -7.4080e-01 +1.0792e+00
173 +3.867842626e+00 +3.867842626e+00 +3.246378426e+02 +3.246378426e+02 +1.6087e+00 +3.8796e-01 +1.3335e+00 -8.0333e-01 +1.0808e+00
211 +3.018088639e+00 +3.018088639e+00 +3.237880886e+02 +3.237880886e+02 +1.2611e+00 -1.5880e-01 +1.6620e+00 -2.1993e+00 +1.8282e+00
404 +2.925296449e+00 +2.925296449e+00 +3.236952964e+02 +3.236952964e+02 -3.0994e-01 +2.3339e-01 +7.9758e-01 -2.2865e+00 +2.1072e+00
437 +2.494189499e+00 +2.494189499e+00 +3.232641895e+02 +3.232641895e+02 -2.2034e-01 +1.4934e-01 +6.0566e-01 -1.2832e+00 +2.3819e+00
533 +2.389118876e+00 +2.389118876e+00 +3.231591189e+02 +3.231591189e+02 -8.2937e-01 +2.1211e-01 +4.5182e-01 -2.4669e+00 +2.0171e+00
599 +1.692771893e+00 +1.692771893e+00 +3.224627719e+02 +3.224627719e+02 -4.8249e-02 +1.7570e-01 +2.6550e+00 -1.9778e+00 +2.0628e+00
2750 +1.659182770e+00 +1.659182770e+00 +3.224291828e+02 +3.224291828e+02 -2.1014e+00 -1.2969e+00 +2.3062e+00 -1.5950e+00 +1.5256e+00
% function evaluation | noise-free fitness - Fopt (1.893000000000e+01) | best noise-free fitness - Fopt | measured fitness | best measured fitness | x1 | x2...
1 +6.592654473e+03 +6.592654473e+03 +6.611584473e+03 +6.611584473e+03 +0.0000e+00 +0.0000e+00 +0.0000e+00 +0.0000e+00 +0.0000e+00
124 +3.351418246e+03 +3.351418246e+03 +3.370348246e+03 +3.370348246e+03 -1.3982e+00 +2.1967e+00 +3.9525e-01 -7.3862e-01 +1.1016e+00
135 +8.732927922e+02 +8.732927922e+02 +8.922227922e+02 +8.922227922e+02 -7.7198e-01 +1.5243e+00 -1.4451e+00 +3.5341e-02 +1.2280e+00
154 +3.092429631e+02 +3.092429631e+02 +3.281729631e+02 +3.281729631e+02 -1.2871e+00 +1.1550e+00 -7.3423e-01 -9.2925e-01 +1.1779e+00
156 +7.231769233e+01 +7.231769233e+01 +9.124769233e+01 +9.124769233e+01 -5.2429e-01 +6.7798e-01 -3.2166e+00 -1.1066e+00 +8.2559e-01
176 +2.104470595e+01 +2.104470595e+01 +3.997470595e+01 +3.997470595e+01 -1.0262e+00 +7.2441e-01 -1.4109e+00 -1.5887e+00 +1.0846e+00
189 +4.942818243e+00 +4.942818243e+00 +2.387281824e+01 +2.387281824e+01 +3.7580e-01 -5.9668e-01 -1.7832e-01 -2.4227e+00 +1.3763e+00
247 +4.530537606e+00 +4.530537606e+00 +2.346053761e+01 +2.346053761e+01 -6.0785e-01 +1.6029e-01 -4.0810e-01 -1.5547e+00 +1.6923e+00
268 +4.420605903e+00 +4.420605903e+00 +2.335060590e+01 +2.335060590e+01 -9.4473e-01 -8.0554e-01 -1.9526e+00 -1.3308e+00 +2.3995e+00
275 +2.583192870e+00 +2.583192870e+00 +2.151319287e+01 +2.151319287e+01 -7.1252e-01 -8.8475e-02 -1.1004e+00 -2.3885e+00 +1.7747e+00
382 +2.559003399e+00 +2.559003399e+00 +2.148900340e+01 +2.148900340e+01 -1.4508e+00 -2.6496e-01 +2.5249e-02 -1.9998e+00 +1.7627e+00
631 +2.316989615e+00 +2.316989615e+00 +2.124698961e+01 +2.124698961e+01 -4.9292e-01 -2.7917e+00 -1.9740e+00 -7.3445e-01 +1.3703e+00
1301 +2.121464615e+00 +2.121464615e+00 +2.105146461e+01 +2.105146461e+01 -2.1811e-01 -9.7344e-02 -2.5985e+00 -1.8793e+00 +1.0055e+00
1302 +1.865753686e+00 +1.865753686e+00 +2.079575369e+01 +2.079575369e+01 -1.9164e-01 -6.9128e-03 -2.5273e+00 -2.0535e+00 +9.4878e-01
1395 +1.860981171e+00 +1.860981171e+00 +2.079098117e+01 +2.079098117e+01 -2.7561e-01 +8.1021e-02 -2.6019e+00 -1.9064e+00 +1.0135e+00
1650 +1.790387028e+00 +1.790387028e+00 +2.072038703e+01 +2.072038703e+01 -1.7129e-01 +4.1576e-02 -2.0673e+00 -2.1117e+00 +9.7655e-01
1669 +1.765437911e+00 +1.765437911e+00 +2.069543791e+01 +2.069543791e+01 -1.2647e-01 +3.1950e-02 -2.0042e+00 -2.1039e+00 +9.5439e-01
1716 +1.711682205e+00 +1.711682205e+00 +2.064168221e+01 +2.064168221e+01 -1.4789e-01 +5.5375e-02 -2.0437e+00 -2.1117e+00 +9.5600e-01
2112 +1.697995659e+00 +1.697995659e+00 +2.062799566e+01 +2.062799566e+01 -1.3263e-01 +4.9362e-02 -2.0328e+00 -2.1222e+00 +9.5679e-01
