% function evaluation | noise-free fitness - Fopt (7.948000000000e+01) | best noise-free fitness - Fopt | measured fitness | best measured fitness | x1 | x2...
1 +1.282397568e+01 +1.282397568e+01 +9.230397568e+01 +9.230397568e+01 +0.0000e+00 +0.0000e+00 +0.0000e+00 +0.0000e+00 +0.0000e+00
157 +1.120268473e+01 +1.120268473e+01 +9.068268473e+01 +9.068268473e+01 +1.5499e+00 +8.0782e-01 +8.8525e-01 +2.6951e+00 -1.1060e+00
167 +8.689929004e+00 +8.689929004e+00 +8.816992900e+01 +8.816992900e+01 +5.6258e-01 +1.0040e+00 +1.8793e-02 +3.0536e+00 -1.2308e+00
173 +4.690374869e+00 +4.690374869e+00 +8.417037487e+01 +8.417037487e+01 -1.1082e-01 -6.3790e-01 +4.9938e-01 +2.6434e+00 -1.1714e+00
198 +4.337468483e+00 +4.337468483e+00 +8.381746848e+01 +8.381746848e+01 +3.8896e-01 -1.7095e-01 -5.7614e-01 +3.3619e+00 -1.5563e+00
220 +4.248713014e+00 +4.248713014e+00 +8.372871301e+01 +8.372871301e+01 +9.0186e-02 -4.7055e-01 -2.0715e-01 +3.6727e+00 -3.3400e+00
244 +3.710325183e+00 +3.710325183e+00 +8.319032518e+01 +8.319032518e+01 -4.8869e-02 -1.5727e+00 +5.6004e-02 +2.2576e+00 -1.0291e+00
264 +2.422481670e+00 +2.422481670e+00 +8.190248167e+01 +8.190248167e+01 -4.5395e-01 -1.6261e+00 -5.6687e-01 +3.1678e+00 -2.3106e+00
289 +2.304824069e+00 +2.304824069e+00 +8.178482407e+01 +8.178482407e+01 +3.8179e-01 -8.0385e-01 -5.1292e-01 +2.9998e+00 -1.6975e+00
308 +2.003546459e+00 +2.003546459e+00 +8.148354646e+01 +8.148354646e+01 -1.9111e-01 -7.9431e-01 -7.5329e-01 +2.8750e+00 -1.8008e+00
330 +1.936525307e+00 +1.936525307e+00 +8.141652531e+01 +8.141652531e+01 -7.2255e-01 -9.8191e-01 -8.7928e-01 +2.3648e+00 -3.5400e+00
352 +1.600037295e+00 +1.600037295e+00 +8.108003729e+01 +8.108003729e+01 -3.7425e-01 -2.0441e-01 -7.2016e-01 +2.3289e+00 -3.0520e+00
392 +1.354760368e+00 +1.354760368e+00 +8.083476037e+01 +8.083476037e+01 -3.9332e-01 -7.3396e-01 -7.3882e-01 +2.5952e+00 -3.2385e+00
396 +1.012017865e+00 +1.012017865e+00 +8.049201786e+01 +8.049201786e+01 -4.4383e-01 -9.5122e-01 -5.0916e-01 +2.3678e+00 -2.1874e+00
440 +9.507955919e-01 +9.507955919e-01 +8.043079559e+01 +8.043079559e+01 -1.3368e-01 -8.6924e-01 -1.1485e+00 +2.6583e+00 -2.7332e+00
443 +8.474017525e-01 +8.474017525e-01 +8.032740175e+01 +8.032740175e+01 -2.7462e-01 -6.8737e-01 -6.4517e-01 +2.5074e+00 -2.6099e+00
453 +7.918643915e-01 +7.918643915e-01 +8.027186439e+01 +8.027186439e+01 -4.0103e-01 -1.5067e+00 -5.5491e-01 +2.3337e+00 -2.8985e+00
462 +4.697012131e-01 +4.697012131e-01 +7.994970121e+01 +7.994970121e+01 -1.8309e-02 -7.8195e-01 -5.3370e-01 +2.2658e+00 -3.0037e+00
468 +1.488086511e-01 +1.488086511e-01 +7.962880865e+01 +7.962880865e+01 +3.5880e-01 -1.1440e+00 -1.0597e+00 +2.0379e+00 -2.7916e+00
528 +5.150797410e-02 +5.150797410e-02 +7.953150797e+01 +7.953150797e+01 +1.5098e-01 -1.2999e+00 -5.8166e-01 +1.9100e+00 -2.6690e+00
704 +2.140568559e-02 +2.140568559e-02 +7.950140569e+01 +7.950140569e+01 +3.2269e-01 -1.2721e+00 -7.5621e-01 +1.9471e+00 -2.6389e+00
770 +1.994973633e-02 +1.994973633e-02 +7.949994974e+01 +7.949994974e+01 +2.6848e-01 -1.1336e+00 -7.4702e-01 +2.0570e+00 -2.7205e+00
924 +1.384664189e-02 +1.384664189e-02 +7.949384664e+01 +7.949384664e+01 +2.0237e-01 -1.2325e+00 -6.7546e-01 +1.9588e+00 -2.7273e+00
946 +8.787661785e-03 +8.787661785e-03 +7.948878766e+01 +7.948878766e+01 +2.5739e-01 -1.1741e+00 -7.7288e-01 +1.8484e+00 -2.6803e+00
1030 +7.736211844e-03 +7.736211844e-03 +7.948773621e+01 +7.948773621e+01 +3.0544e-01 -1.1664e+00 -7.5200e-01 +1.9303e+00 -2.7446e+00
1042 +4.812539914e-03 +4.812539914e-03 +7.948481254e+01 +7.948481254e+01 +2.6371e-01 -1.1715e+00 -7.6535e-01 +1.8928e+00 -2.7213e+00
1078 +3.378211310e-03 +3.378211310e-03 +7.948337821e+01 +7.948337821e+01 +2.9404e-01 -1.1503e+00 -6.8995e-01 +1.9140e+00 -2.6987e+00
1100 +3.137086910e-03 +3.137086910e-03 +7.948313709e+01 +7.948313709e+01 +2.9753e-01 -1.1761e+00 -6.9838e-01 +1.9188e+00 -2.6879e+00
1122 +2.832367980e-03 +2.832367980e-03 +7.948283237e+01 +7.948283237e+01 +2.1437e-01 -1.1381e+00 -7.1340e-01 +1.8969e+00 -2.6855e+00
1144 +1.815423767e-03 +1.815423767e-03 +7.948181542e+01 +7.948181542e+01 +2.3154e-01 -1.1575e+00 -7.4903e-01 +1.9400e+00 -2.6573e+00
1166 +1.498363731e-03 +1.498363731e-03 +7.948149836e+01 +7.948149836e+01 +2.2383e-01 -1.1432e+00 -7.3512e-01 +1.9145e+00 -2.6953e+00
1210 +9.496619030e-05 +9.496619030e-05 +7.948009497e+01 +7.948009497e+01 +2.4909e-01 -1.1494e+00 -7.2448e-01 +1.9312e+00 -2.6794e+00
1342 +3.512557930e-05 +3.512557930e-05 +7.948003513e+01 +7.948003513e+01 +2.5124e-01 -1.1599e+00 -7.2196e-01 +1.9307e+00 -2.6816e+00
1562 +3.185042117e-05 +3.185042117e-05 +7.948003185e+01 +7.948003185e+01 +2.5688e-01 -1.1565e+00 -7.2309e-01 +1.9287e+00 -2.6778e+00
1574 +2.296467572e-05 +2.296467572e-05 +7.948002296e+01 +7.948002296e+01 +2.5299e-01 -1.1607e+00 -7.2314e-01 +1.9290e+00 -2.6803e+00
1584 +1.579657847e-05 +1.579657847e-05 +7.948001580e+01 +7.948001580e+01 +2.5289e-01 -1.1560e+00 -7.2074e-01 +1.9270e+00 -2.6788e+00
1604 +5.305711809e-06 +5.305711809e-06 +7.948000531e+01 +7.948000531e+01 +2.5133e-01 -1.1582e+00 -7.2311e-01 +1.9264e+00 -2.6802e+00
1672 +5.126778987e-06 +5.126778987e-06 +7.948000513e+01 +7.948000513e+01 +2.5108e-01 -1.1562e+00 -7.2339e-01 +1.9255e+00 -2.6816e+00
1738 +3.379076588e-06 +3.379076588e-06 +7.948000338e+01 +7.948000338e+01 +2.5227e-01 -1.1562e+00 -7.2420e-01 +1.9249e+00 -2.6815e+00
1774 +3.182172094e-06 +3.182172094e-06 +7.948000318e+01 +7.948000318e+01 +2.5439e-01 -1.1569e+00 -7.2450e-01 +1.9259e+00 -2.6812e+00
1782 +4.416733503e-07 +4.416733503e-07 +7.948000044e+01 +7.948000044e+01 +2.5290e-01 -1.1573e+00 -7.2434e-01 +1.9264e+00 -2.6811e+00
1826 +3.441624727e-07 +3.441624727e-07 +7.948000034e+01 +7.948000034e+01 +2.5245e-01 -1.1568e+00 -7.2383e-01 +1.9266e+00 -2.6804e+00
1848 +2.460451611e-07 +2.460451611e-07 +7.948000025e+01 +7.948000025e+01 +2.5237e-01 -1.1567e+00 -7.2394e-01 +1.9266e+00 -2.6807e+00
1870 +6.533643671e-08 +6.533643671e-08 +7.948000007e+01 +7.948000007e+01 +2.5270e-01 -1.1567e+00 -7.2396e-01 +1.9263e+00 -2.6806e+00
3830 +3.975323182e-08 +3.975323182e-08 +7.948000004e+01 +7.948000004e+01 +2.5280e-01 -1.1570e+00 -7.2390e-01 +1.9264e+00 -2.6808e+00
3852 +3.188070252e-08 +3.188070252e-08 +7.948000003e+01 +7.948000003e+01 +2.5275e-01 -1.1569e+00 -7.2395e-01 +1.9263e+00 -2.6807e+00
3874 +1.350491630e-08 +1.350491630e-08 +7.948000001e+01 +7.948000001e+01 +2.5279e-01 -1.1568e+00 -7.2390e-01 +1.9264e+00 -2.6808e+00
3896 +1.133130922e-08 +1.133130922e-08 +7.948000001e+01 +7.948000001e+01 +2.5274e-01 -1.1568e+00 -7.2399e-01 +1.9264e+00 -2.6809e+00
3940 +6.751150750e-09 +6.751150750e-09 +7.948000001e+01 +7.948000001e+01 +2.5283e-01 -1.1568e+00 -7.2398e-01 +1.9264e+00 -2.6809e+00
% function evaluation | noise-free fitness - Fopt (3.944800000000e+02) | best noise-free fitness - Fopt | measured fitness | best measured fitness | x1 | x2...
1 +5.400211648e+01 +5.400211648e+01 +4.484821165e+02 +4.484821165e+02 +0.0000e+00 +0.0000e+00 +0.0000e+00 +0.0000e+00 +0.0000e+00
2 +5.210467299e+01 +5.210467299e+01 +4.465846730e+02 +4.465846730e+02 -1.9798e+00 +2.4757e+00 -3.6916e-01 +2.4010e+00 -1.5025e+00
3 +5.045115757e+01 +5.045115757e+01 +4.449311576e+02 +4.449311576e+02 -1.7021e+00 +2.4241e+00 -7.2221e-01 +2.4132e+00 -1.5217e+00
24 +4.665871615e+01 +4.665871615e+01 +4.411387161e+02 +4.411387161e+02 -1.8606e+00 +2.2300e+00 -8.7298e-01 +2.3751e+00 -1.4567e+00
49 +4.461048696e+01 +4.461048696e+01 +4.390904870e+02 +4.390904870e+02 -1.6665e+00 +2.0231e+00 -9.6346e-01 +2.2469e+00 -1.3032e+00
61 +4.350890632e+01 +4.350890632e+01 +4.379889063e+02 +4.379889063e+02 -1.6255e+00 +1.8363e+00 -8.1583e-01 +2.1331e+00 -1.1257e+00
69 +4.113279522e+01 +4.113279522e+01 +4.356127952e+02 +4.356127952e+02 -1.5976e+00 +1.1835e+00 -8.3902e-01 +1.7301e+00 -1.5341e+00
74 +3.627446822e+01 +3.627446822e+01 +4.307544682e+02 +4.307544682e+02 -2.1870e+00 +1.7368e+00 -1.5188e+00 +2.3491e+00 -1.2138e+00
91 +2.791001682e+01 +2.791001682e+01 +4.223900168e+02 +4.223900168e+02 -1.6433e+00 +4.4787e-01 -1.4568e+00 +2.1945e+00 -9.4366e-01
93 +2.226676247e+01 +2.226676247e+01 +4.167467625e+02 +4.167467625e+02 -2.3360e+00 -2.3751e-01 -1.1385e+00 +2.2180e+00 -8.2716e-01
127 +2.135094552e+01 +2.135094552e+01 +4.158309455e+02 +4.158309455e+02 -9.6464e-01 -2.0134e-01 -3.6491e+00 +1.9257e+00 -3.9361e-01
130 +1.721862555e+01 +1.721862555e+01 +4.116986255e+02 +4.116986255e+02 -1.5715e+00 -3.2703e-01 -2.2806e+00 +2.5124e+00 -1.2890e-01
135 +5.754503426e+00 +5.754503426e+00 +4.002345034e+02 +4.002345034e+02 -1.9386e+00 -3.4764e+00 -2.6980e+00 +3.7987e+00 +2.7684e-01
215 +4.382117862e+00 +4.382117862e+00 +3.988621179e+02 +3.988621179e+02 -2.1280e+00 -2.1092e+00 -4.0792e+00 +3.4241e+00 +1.4329e+00
220 +4.017272703e+00 +4.017272703e+00 +3.984972727e+02 +3.984972727e+02 -1.9220e+00 -2.8172e+00 -3.6896e+00 +4.1089e+00 +6.3227e-01
242 +1.991815529e+00 +1.991815529e+00 +3.964718155e+02 +3.964718155e+02 -2.8810e+00 -2.3128e+00 -3.2857e+00 +4.3421e+00 +1.2661e+00
264 +1.556799155e+00 +1.556799155e+00 +3.960367992e+02 +3.960367992e+02 -3.5998e+00 -3.5399e+00 -2.8279e+00 +3.6251e+00 +7.2740e-01
350 +5.940940902e-01 +5.940940902e-01 +3.950740941e+02 +3.950740941e+02 -3.5530e+00 -2.6605e+00 -4.0890e+00 +3.6752e+00 +3.2374e-01
352 +3.001951675e-01 +3.001951675e-01 +3.947801952e+02 +3.947801952e+02 -4.2068e+00 -3.0098e+00 -3.5061e+00 +3.8019e+00 +1.1630e+00
616 +2.815007309e-01 +2.815007309e-01 +3.947615007e+02 +3.947615007e+02 -4.0849e+00 -3.1092e+00 -3.9307e+00 +3.7603e+00 +4.5763e-01
660 +2.113592805e-01 +2.113592805e-01 +3.946913593e+02 +3.946913593e+02 -3.9058e+00 -2.6277e+00 -3.6037e+00 +3.6725e+00 +6.3906e-01
704 +1.227534489e-01 +1.227534489e-01 +3.946027534e+02 +3.946027534e+02 -4.0438e+00 -2.7883e+00 -3.9382e+00 +3.7377e+00 +6.4818e-01
736 +5.382994574e-02 +5.382994574e-02 +3.945338299e+02 +3.945338299e+02 -3.9898e+00 -2.7514e+00 -3.7420e+00 +3.9753e+00 +9.9202e-01
748 +4.378218924e-02 +4.378218924e-02 +3.945237822e+02 +3.945237822e+02 -3.9150e+00 -2.7552e+00 -3.7883e+00 +3.9041e+00 +7.0098e-01
770 +2.413168350e-02 +2.413168350e-02 +3.945041317e+02 +3.945041317e+02 -3.9036e+00 -2.8558e+00 -3.8017e+00 +4.0318e+00 +7.7564e-01
880 +1.353259427e-02 +1.353259427e-02 +3.944935326e+02 +3.944935326e+02 -3.9921e+00 -2.9129e+00 -3.7841e+00 +3.9071e+00 +7.9658e-01
902 +4.101911875e-03 +4.101911875e-03 +3.944841019e+02 +3.944841019e+02 -3.9367e+00 -2.8545e+00 -3.7709e+00 +3.8868e+00 +8.5855e-01
1078 +3.810852397e-03 +3.810852397e-03 +3.944838109e+02 +3.944838109e+02 -3.9159e+00 -2.9370e+00 -3.7942e+00 +3.9370e+00 +8.4227e-01
1100 +3.325755868e-03 +3.325755868e-03 +3.944833258e+02 +3.944833258e+02 -3.8810e+00 -2.8926e+00 -3.8207e+00 +3.9531e+00 +8.3852e-01
1122 +5.779835536e-04 +5.779835536e-04 +3.944805780e+02 +3.944805780e+02 -3.9052e+00 -2.8806e+00 -3.8218e+00 +3.8997e+00 +8.5406e-01
1188 +5.379375095e-04 +5.379375095e-04 +3.944805379e+02 +3.944805379e+02 -3.9042e+00 -2.8954e+00 -3.7953e+00 +3.9248e+00 +8.6701e-01
1276 +3.579269976e-04 +3.579269976e-04 +3.944803579e+02 +3.944803579e+02 -3.9055e+00 -2.8851e+00 -3.7896e+00 +3.9046e+00 +8.4844e-01
1298 +2.810271790e-04 +2.810271790e-04 +3.944802810e+02 +3.944802810e+02 -3.9054e+00 -2.9024e+00 -3.8046e+00 +3.8975e+00 +8.5512e-01
1320 +2.656876474e-04 +2.656876474e-04 +3.944802657e+02 +3.944802657e+02 -3.9073e+00 -2.8959e+00 -3.8141e+00 +3.9095e+00 +8.5756e-01
1322 +1.211736646e-04 +1.211736646e-04 +3.944801212e+02 +3.944801212e+02 -3.9049e+00 -2.8939e+00 -3.8071e+00 +3.9113e+00 +8.5562e-01
1370 +1.183288799e-04 +1.183288799e-04 +3.944801183e+02 +3.944801183e+02 -3.9012e+00 -2.8993e+00 -3.7969e+00 +3.9044e+00 +8.5940e-01
1408 +3.135301102e-05 +3.135301102e-05 +3.944800314e+02 +3.944800314e+02 -3.9001e+00 -2.8879e+00 -3.7979e+00 +3.9066e+00 +8.6018e-01
1518 +2.553155866e-05 +2.553155866e-05 +3.944800255e+02 +3.944800255e+02 -3.8955e+00 -2.8919e+00 -3.8025e+00 +3.9090e+00 +8.6098e-01
1540 +8.909349788e-06 +8.909349788e-06 +3.944800089e+02 +3.944800089e+02 -3.9004e+00 -2.8910e+00 -3.8033e+00 +3.9048e+00 +8.6094e-01
1584 +6.189390831e-06 +6.189390831e-06 +3.944800062e+02 +3.944800062e+02 -3.8961e+00 -2.8906e+00 -3.8014e+00 +3.9055e+00 +8.5910e-01
1606 +4.556096030e-06 +4.556096030e-06 +3.944800046e+02 +3.944800046e+02 -3.8988e+00 -2.8893e+00 -3.8030e+00 +3.9044e+00 +8.5798e-01
1644 +2.561346548e-06 +2.561346548e-06 +3.944800026e+02 +3.944800026e+02 -3.8975e+00 -2.8905e+00 -3.8018e+00 +3.9051e+00 +8.6025e-01
1782 +2.132993643e-06 +2.132993643e-06 +3.944800021e+02 +3.944800021e+02 -3.8978e+00 -2.8899e+00 -3.8027e+00 +3.9060e+00 +8.5809e-01
1804 +1.073872966e-06 +1.073872966e-06 +3.944800011e+02 +3.944800011e+02 -3.8989e+00 -2.8911e+00 -3.8022e+00 +3.9051e+00 +8.5916e-01
1848 +7.592450970e-07 +7.592450970e-07 +3.944800008e+02 +3.944800008e+02 -3.8988e+00 -2.8901e+00 -3.8019e+00 +3.9056e+00 +8.5864e-01
1892 +5.207719482e-07 +5.207719482e-07 +3.944800005e+02 +3.944800005e+02 -3.8985e+00 -2.8910e+00 -3.8022e+00 +3.9054e+00 +8.5940e-01
2013 +4.453380029e-07 +4.453380029e-07 +3.944800004e+02 +3.944800004e+02 -3.8989e+00 -2.8900e+00 -3.8025e+00 +3.9055e+00 +8.5905e-01
2024 +3.671074751e-07 +3.671074751e-07 +3.944800004e+02 +3.944800004e+02 -3.8983e+00 -2.8907e+00 -3.8027e+00 +3.9057e+00 +8.5961e-01
2068 +1.476866487e-07 +1.476866487e-07 +3.944800001e+02 +3.944800001e+02 -3.8981e+00 -2.8905e+00 -3.8026e+00 +3.9057e+00 +8.5927e-01
2156 +1.028893735e-07 +1.028893735e-07 +3.944800001e+02 +3.944800001e+02 -3.8982e+00 -2.8902e+00 -3.8025e+00 +3.9057e+00 +8.5931e-01
2178 +3.872719390e-08 +3.872719390e-08 +3.944800000e+02 +3.944800000e+02 -3.8985e+00 -2.8903e+00 -3.8025e+00 +3.9056e+00 +8.5920e-01
2244 +2.329056770e-08 +2.329056770e-08 +3.944800000e+02 +3.944800000e+02 -3.8983e+00 -2.8905e+00 -3.8024e+00 +3.9056e+00 +8.5926e-01
2310 +6.744357961e-09 +6.744357961e-09 +3.944800000e+02 +3.944800000e+02 -3.8984e+00 -2.8904e+00 -3.8024e+00 +3.9055e+00 +8.5925e-01
% function evaluation | noise-free fitness - Fopt (-2.471100000000e+02) | best noise-free fitness - Fopt | measured fitness | best measured fitness | x1 | x2...
1 +3.817688832e+01 +3.817688832e+01 -2.089331117e+02 -2.089331117e+02 +0.0000e+00 +0.0000e+00 +0.0000e+00 +0.0000e+00 +0.0000e+00
180 +2.115747808e+01 +2.115747808e+01 -2.259525219e+02 -2.259525219e+02 -3.6922e+00 -1.5658e-01 +2.9446e+00 -3.2683e+00 -3.3901e-01
184 +1.209255060e+01 +1.209255060e+01 -2.350174494e+02 -2.350174494e+02 -3.5133e+00 +1.3255e+00 +2.4403e+00 -3.2609e+00 -2.2273e+00
216 +9.155052516e+00 +9.155052516e+00 -2.379549475e+02 -2.379549475e+02 -3.3117e+00 +1.0386e+00 +1.7692e+00 -4.7428e+00 -2.0692e+00
226 +4.901701402e+00 +4.901701402e+00 -2.422082986e+02 -2.422082986e+02 -3.6630e+00 +2.5459e-01 +1.1302e+00 -4.7786e+00 -2.4822e+00
257 +1.297560991e+00 +1.297560991e+00 -2.458124390e+02 -2.458124390e+02 -2.9739e+00 -1.1548e-01 -7.2876e-01 -4.3808e+00 -3.2972e+00
330 +6.566074027e-01 +6.566074027e-01 -2.464533926e+02 -2.464533926e+02 -3.6349e+00 +5.8791e-01 -1.2411e+00 -3.4235e+00 -2.7709e+00
352 +4.359503642e-01 +4.359503642e-01 -2.466740496e+02 -2.466740496e+02 -3.8642e+00 +1.3301e-01 -1.2700e+00 -3.7206e+00 -3.4006e+00
374 +3.661129448e-01 +3.661129448e-01 -2.467438871e+02 -2.467438871e+02 -4.1283e+00 +3.4776e-01 -7.5063e-01 -3.4603e+00 -3.5229e+00
418 +2.536458273e-01 +2.536458273e-01 -2.468563542e+02 -2.468563542e+02 -4.0220e+00 +2.8496e-01 -5.3628e-01 -3.5103e+00 -2.7247e+00
440 +1.471814002e-01 +1.471814002e-01 -2.469628186e+02 -2.469628186e+02 -4.0885e+00 +4.0276e-01 -6.7274e-01 -3.6668e+00 -2.9500e+00
476 +1.422121189e-01 +1.422121189e-01 -2.469677879e+02 -2.469677879e+02 -3.9377e+00 +2.8636e-03 -4.0609e-01 -3.7061e+00 -3.1332e+00
483 +7.643093277e-02 +7.643093277e-02 -2.470335691e+02 -2.470335691e+02 -3.8466e+00 +4.4324e-01 -6.3848e-01 -3.5797e+00 -3.0634e+00
520 +7.766078373e-03 +7.766078373e-03 -2.471022339e+02 -2.471022339e+02 -3.8288e+00 +1.9693e-01 -6.9950e-01 -3.7682e+00 -3.1274e+00
858 +4.097446525e-03 +4.097446525e-03 -2.471059026e+02 -2.471059026e+02 -3.8341e+00 +1.6442e-01 -7.2045e-01 -3.7112e+00 -3.1070e+00
1052 +3.617819331e-03 +3.617819331e-03 -2.471063822e+02 -2.471063822e+02 -3.8390e+00 +1.7096e-01 -6.6564e-01 -3.6796e+00 -3.0874e+00
1070 +3.153908877e-03 +3.153908877e-03 -2.471068461e+02 -2.471068461e+02 -3.8482e+00 +1.9715e-01 -7.0917e-01 -3.6734e+00 -3.0985e+00
1078 +1.626338976e-03 +1.626338976e-03 -2.471083737e+02 -2.471083737e+02 -3.8215e+00 +1.7797e-01 -7.0789e-01 -3.6780e+00 -3.1008e+00
1100 +4.220688695e-04 +4.220688695e-04 -2.471095779e+02 -2.471095779e+02 -3.8011e+00 +2.0706e-01 -7.0073e-01 -3.7070e+00 -3.0915e+00
1210 +3.814292690e-04 +3.814292690e-04 -2.471096186e+02 -2.471096186e+02 -3.8040e+00 +1.9762e-01 -6.7398e-01 -3.6905e+00 -3.0946e+00
1221 +1.854727537e-04 +1.854727537e-04 -2.471098145e+02 -2.471098145e+02 -3.7942e+00 +1.9460e-01 -6.9992e-01 -3.6910e+00 -3.1034e+00
1232 +1.382263623e-04 +1.382263623e-04 -2.471098618e+02 -2.471098618e+02 -3.7909e+00 +2.0284e-01 -6.9361e-01 -3.6947e+00 -3.1072e+00
1342 +9.052020508e-05 +9.052020508e-05 -2.471099095e+02 -2.471099095e+02 -3.7948e+00 +2.1162e-01 -6.9052e-01 -3.6887e+00 -3.0992e+00
1452 +5.024571485e-05 +5.024571485e-05 -2.471099498e+02 -2.471099498e+02 -3.7994e+00 +1.9952e-01 -6.9635e-01 -3.6883e+00 -3.0984e+00
1455 +2.062509472e-05 +2.062509472e-05 -2.471099794e+02 -2.471099794e+02 -3.7983e+00 +2.0718e-01 -6.9234e-01 -3.6908e+00 -3.0974e+00
1606 +1.173778617e-05 +1.173778617e-05 -2.471099883e+02 -2.471099883e+02 -3.7953e+00 +2.0281e-01 -6.9025e-01 -3.6901e+00 -3.0995e+00
1672 +7.140075866e-06 +7.140075866e-06 -2.471099929e+02 -2.471099929e+02 -3.8003e+00 +2.0303e-01 -6.9028e-01 -3.6905e+00 -3.0977e+00
1694 +1.867517426e-06 +1.867517426e-06 -2.471099981e+02 -2.471099981e+02 -3.7987e+00 +2.0310e-01 -6.8991e-01 -3.6912e+00 -3.0995e+00
1726 +1.411448977e-06 +1.411448977e-06 -2.471099986e+02 -2.471099986e+02 -3.7987e+00 +2.0360e-01 -6.9036e-01 -3.6910e+00 -3.0985e+00
1829 +7.303152643e-07 +7.303152643e-07 -2.471099993e+02 -2.471099993e+02 -3.7983e+00 +2.0263e-01 -6.9167e-01 -3.6913e+00 -3.0996e+00
1848 +3.817349352e-07 +3.817349352e-07 -2.471099996e+02 -2.471099996e+02 -3.7986e+00 +2.0276e-01 -6.9095e-01 -3.6914e+00 -3.0991e+00
1945 +2.710319222e-07 +2.710319222e-07 -2.471099997e+02 -2.471099997e+02 -3.7984e+00 +2.0299e-01 -6.9138e-01 -3.6913e+00 -3.0996e+00
1958 +6.706704880e-08 +6.706704880e-08 -2.471099999e+02 -2.471099999e+02 -3.7985e+00 +2.0316e-01 -6.9115e-01 -3.6910e+00 -3.0993e+00
2046 +6.186266432e-08 +6.186266432e-08 -2.471099999e+02 -2.471099999e+02 -3.7985e+00 +2.0317e-01 -6.9109e-01 -3.6911e+00 -3.0990e+00
2068 +4.347569416e-08 +4.347569416e-08 -2.471100000e+02 -2.471100000e+02 -3.7984e+00 +2.0305e-01 -6.9129e-01 -3.6913e+00 -3.0993e+00
2156 +1.499299174e-08 +1.499299174e-08 -2.471100000e+02 -2.471100000e+02 -3.7985e+00 +2.0320e-01 -6.9122e-01 -3.6912e+00 -3.0993e+00
2266 +2.467402282e-09 +2.467402282e-09 -2.471100000e+02 -2.471100000e+02 -3.7984e+00 +2.0324e-01 -6.9121e-01 -3.6912e+00 -3.0992e+00
% function evaluation | noise-free fitness - Fopt (-1.520400000000e+02) | best noise-free fitness - Fopt | measured fitness | best measured fitness | x1 | x2...
1 +3.422464576e+01 +3.422464576e+01 -1.178153542e+02 -1.178153542e+02 +0.0000e+00 +0.0000e+00 +0.0000e+00 +0.0000e+00 +0.0000e+00
136 +2.002563193e+01 +2.002563193e+01 -1.320143681e+02 -1.320143681e+02 -3.4380e-01 -1.3894e+00 -5.0263e-01 +3.1818e+00 +1.8027e+00
157 +7.202991134e+00 +7.202991134e+00 -1.448370089e+02 -1.448370089e+02 -2.0741e+00 -1.2676e-01 -3.1988e+00 +2.3888e+00 +1.9927e+00
188 +6.862509675e+00 +6.862509675e+00 -1.451774903e+02 -1.451774903e+02 -5.0979e-01 +3.8506e+00 -4.8103e+00 +3.6152e+00 +2.2464e+00
198 +1.970478412e+00 +1.970478412e+00 -1.500695216e+02 -1.500695216e+02 -1.4536e+00 +1.7875e+00 -4.2502e+00 +2.7498e+00 +2.2586e+00
333 +1.247016448e+00 +1.247016448e+00 -1.507929836e+02 -1.507929836e+02 -4.8321e-01 +4.7306e-01 -3.9617e+00 +3.8295e+00 +2.3145e+00
374 +6.975882049e-01 +6.975882049e-01 -1.513424118e+02 -1.513424118e+02 -5.2371e-01 +1.6436e+00 -4.6311e+00 +3.1511e+00 +2.6710e+00
396 +1.212856032e-01 +1.212856032e-01 -1.519187144e+02 -1.519187144e+02 -4.2810e-01 +1.4343e+00 -3.7971e+00 +3.5774e+00 +2.4356e+00
589 +2.905568573e-02 +2.905568573e-02 -1.520109443e+02 -1.520109443e+02 -1.8824e-01 +1.3888e+00 -4.0285e+00 +3.3883e+00 +2.3696e+00
704 +6.900796219e-03 +6.900796219e-03 -1.520330992e+02 -1.520330992e+02 -2.6950e-01 +1.4219e+00 -3.9850e+00 +3.3193e+00 +2.3666e+00
902 +5.365609848e-03 +5.365609848e-03 -1.520346344e+02 -1.520346344e+02 -3.1261e-01 +1.3855e+00 -3.9084e+00 +3.2847e+00 +2.4567e+00
924 +5.216697065e-03 +5.216697065e-03 -1.520347833e+02 -1.520347833e+02 -2.8402e-01 +1.3955e+00 -3.9600e+00 +3.2771e+00 +2.4692e+00
941 +4.512691552e-03 +4.512691552e-03 -1.520354873e+02 -1.520354873e+02 -2.7264e-01 +1.4006e+00 -3.9045e+00 +3.2890e+00 +2.4781e+00
968 +2.188302055e-03 +2.188302055e-03 -1.520378117e+02 -1.520378117e+02 -2.8445e-01 +1.3995e+00 -3.9581e+00 +3.2969e+00 +2.4327e+00
1012 +1.555991308e-03 +1.555991308e-03 -1.520384440e+02 -1.520384440e+02 -2.9299e-01 +1.4385e+00 -3.9104e+00 +3.2834e+00 +2.4363e+00
1056 +7.400165800e-04 +7.400165800e-04 -1.520392600e+02 -1.520392600e+02 -2.8585e-01 +1.4300e+00 -3.9205e+00 +3.3130e+00 +2.4105e+00
1144 +1.349074230e-04 +1.349074230e-04 -1.520398651e+02 -1.520398651e+02 -2.6668e-01 +1.4276e+00 -3.9141e+00 +3.2988e+00 +2.4177e+00
1241 +6.614823448e-05 +6.614823448e-05 -1.520399339e+02 -1.520399339e+02 -2.7104e-01 +1.4262e+00 -3.9281e+00 +3.2954e+00 +2.4250e+00
1276 +4.966240780e-05 +4.966240780e-05 -1.520399503e+02 -1.520399503e+02 -2.6327e-01 +1.4255e+00 -3.9225e+00 +3.3020e+00 +2.4193e+00
1298 +2.664316119e-05 +2.664316119e-05 -1.520399734e+02 -1.520399734e+02 -2.6661e-01 +1.4264e+00 -3.9205e+00 +3.2971e+00 +2.4179e+00
1364 +1.415551773e-05 +1.415551773e-05 -1.520399858e+02 -1.520399858e+02 -2.6854e-01 +1.4223e+00 -3.9255e+00 +3.2984e+00 +2.4166e+00
1491 +7.539987479e-06 +7.539987479e-06 -1.520399925e+02 -1.520399925e+02 -2.6620e-01 +1.4221e+00 -3.9237e+00 +3.2976e+00 +2.4203e+00
1496 +4.178308160e-06 +4.178308160e-06 -1.520399958e+02 -1.520399958e+02 -2.6689e-01 +1.4227e+00 -3.9233e+00 +3.2964e+00 +2.4192e+00
1606 +1.217373750e-06 +1.217373750e-06 -1.520399988e+02 -1.520399988e+02 -2.6721e-01 +1.4231e+00 -3.9254e+00 +3.2971e+00 +2.4193e+00
1826 +9.503038427e-07 +9.503038427e-07 -1.520399990e+02 -1.520399990e+02 -2.6644e-01 +1.4240e+00 -3.9254e+00 +3.2970e+00 +2.4191e+00
1892 +7.185461470e-07 +7.185461470e-07 -1.520399993e+02 -1.520399993e+02 -2.6647e-01 +1.4238e+00 -3.9249e+00 +3.2968e+00 +2.4196e+00
1914 +3.506299322e-07 +3.506299322e-07 -1.520399996e+02 -1.520399996e+02 -2.6705e-01 +1.4239e+00 -3.9243e+00 +3.2969e+00 +2.4190e+00
1958 +3.150666714e-07 +3.150666714e-07 -1.520399997e+02 -1.520399997e+02 -2.6687e-01 +1.4237e+00 -3.9246e+00 +3.2965e+00 +2.4192e+00
1980 +2.280682168e-07 +2.280682168e-07 -1.520399998e+02 -1.520399998e+02 -2.6678e-01 +1.4240e+00 -3.9248e+00 +3.2966e+00 +2.4191e+00
2002 +1.382431947e-07 +1.382431947e-07 -1.520399999e+02 -1.520399999e+02 -2.6726e-01 +1.4240e+00 -3.9249e+00 +3.2970e+00 +2.4195e+00
2046 +1.171245572e-07 +1.171245572e-07 -1.520399999e+02 -1.520399999e+02 -2.6734e-01 +1.4243e+00 -3.9248e+00 +3.2969e+00 +2.4192e+00
2049 +8.572769161e-08 +8.572769161e-08 -1.520399999e+02 -1.520399999e+02 -2.6729e-01 +1.4240e+00 -3.9249e+00 +3.2970e+00 +2.4193e+00
2112 +4.521390906e-08 +4.521390906e-08 -1.520400000e+02 -1.520400000e+02 -2.6702e-01 +1.4241e+00 -3.9249e+00 +3.2969e+00 +2.4192e+00
2244 +3.002733706e-08 +3.002733706e-08 -1.520400000e+02 -1.520400000e+02 -2.6721e-01 +1.4240e+00 -3.9247e+00 +3.2970e+00 +2.4192e+00
2266 +2.916419817e-08 +2.916419817e-08 -1.520400000e+02 -1.520400000e+02 -2.6719e-01 +1.4239e+00 -3.9248e+00 +3.2969e+00 +2.4191e+00
4380 +1.722480647e-08 +1.722480647e-08 -1.520400000e+02 -1.520400000e+02 -2.6721e-01 +1.4241e+00 -3.9247e+00 +3.2968e+00 +2.4192e+00
4424 +1.592468379e-08 +1.592468379e-08 -1.520400000e+02 -1.520400000e+02 -2.6721e-01 +1.4241e+00 -3.9248e+00 +3.2968e+00 +2.4191e+00
4446 +8.341658031e-09 +8.341658031e-09 -1.520400000e+02 -1.520400000e+02 -2.6725e-01 +1.4240e+00 -3.9248e+00 +3.2968e+00 +2.4191e+00
% function evaluation | noise-free fitness - Fopt (-2.525000000000e+01) | best noise-free fitness - Fopt | measured fitness | best measured fitness | x1 | x2...
1 +3.099175104e+01 +3.099175104e+01 +5.741751040e+00 +5.741751040e+00 +0.0000e+00 +0.0000e+00 +0.0000e+00 +0.0000e+00 +0.0000e+00
2 +1.907258277e+01 +1.907258277e+01 -6.177417227e+00 -6.177417227e+00 -1.7068e-01 +1.2895e+00 -8.9543e-01 -2.5156e-01 +2.6441e+00
6 +1.868961786e+01 +1.868961786e+01 -6.560382145e+00 -6.560382145e+00 -1.0278e-01 +1.1625e+00 -8.3877e-01 -2.8423e-01 +2.4233e+00
34 +1.814217694e+01 +1.814217694e+01 -7.107823059e+00 -7.107823059e+00 +2.1075e-02 +1.1158e+00 -8.6922e-01 -1.5844e-01 +2.4502e+00
39 +1.579857585e+01 +1.579857585e+01 -9.451424154e+00 -9.451424154e+00 +1.5164e-01 +1.1245e+00 -8.2641e-01 -5.8852e-01 +2.4209e+00
54 +1.264359398e+01 +1.264359398e+01 -1.260640602e+01 -1.260640602e+01 +8.0231e-01 +1.2697e+00 -1.0969e+00 -1.8759e-01 +2.6922e+00
73 +1.190664745e+01 +1.190664745e+01 -1.334335255e+01 -1.334335255e+01 +1.0183e+00 +1.3513e+00 -6.0033e-01 -2.7323e-01 +2.6285e+00
83 +8.896438040e+00 +8.896438040e+00 -1.635356196e+01 -1.635356196e+01 +1.1727e+00 +5.8754e-01 -1.0871e+00 -6.0575e-01 +2.6432e+00
91 +6.559271253e+00 +6.559271253e+00 -1.869072875e+01 -1.869072875e+01 +3.0555e+00 +8.1804e-01 -2.0974e-01 -3.2012e-01 +2.1195e+00
93 +5.174512486e+00 +5.174512486e+00 -2.007548751e+01 -2.007548751e+01 +2.2177e+00 +1.2337e+00 -8.3084e-01 -6.9178e-01 +2.6788e+00
96 +5.081563974e+00 +5.081563974e+00 -2.016843603e+01 -2.016843603e+01 +2.8394e+00 +8.8070e-01 -7.7840e-01 -2.4018e-01 +2.7062e+00
113 +2.546995828e+00 +2.546995828e+00 -2.270300417e+01 -2.270300417e+01 +4.7362e+00 +9.4634e-01 -1.1121e+00 -1.1232e+00 +3.1075e+00
132 +1.833355661e+00 +1.833355661e+00 -2.341664434e+01 -2.341664434e+01 +3.2184e+00 +6.2835e-01 -9.4523e-01 -1.0254e+00 +2.8743e+00
154 +5.442450838e-01 +5.442450838e-01 -2.470575492e+01 -2.470575492e+01 +3.5026e+00 +9.9338e-01 -1.5035e+00 -1.5249e+00 +3.2473e+00
220 +3.679019667e-01 +3.679019667e-01 -2.488209803e+01 -2.488209803e+01 +3.4800e+00 +8.7821e-01 -1.9031e+00 -2.3952e+00 +3.2833e+00
330 +1.144847228e-01 +1.144847228e-01 -2.513551528e+01 -2.513551528e+01 +3.4885e+00 +4.7980e-01 -1.4806e+00 -1.9153e+00 +3.4176e+00
418 +8.209902653e-02 +8.209902653e-02 -2.516790097e+01 -2.516790097e+01 +3.4844e+00 +5.4802e-01 -1.2504e+00 -1.9848e+00 +3.2888e+00
432 +4.253036490e-02 +4.253036490e-02 -2.520746964e+01 -2.520746964e+01 +3.5024e+00 +6.8368e-01 -1.4607e+00 -2.2293e+00 +3.4391e+00
440 +2.355758650e-02 +2.355758650e-02 -2.522644241e+01 -2.522644241e+01 +3.6597e+00 +5.2843e-01 -1.3653e+00 -2.0916e+00 +3.2404e+00
484 +1.129960833e-02 +1.129960833e-02 -2.523870039e+01 -2.523870039e+01 +3.6319e+00 +5.5676e-01 -1.4003e+00 -2.1687e+00 +3.3611e+00
574 +9.344801823e-03 +9.344801823e-03 -2.524065520e+01 -2.524065520e+01 +3.5539e+00 +6.3777e-01 -1.4208e+00 -2.2276e+00 +3.3056e+00
616 +9.226169109e-03 +9.226169109e-03 -2.524077383e+01 -2.524077383e+01 +3.5393e+00 +5.8951e-01 -1.4269e+00 -2.1611e+00 +3.3342e+00
638 +4.006093333e-03 +4.006093333e-03 -2.524599391e+01 -2.524599391e+01 +3.6416e+00 +5.8465e-01 -1.4191e+00 -2.1596e+00 +3.3225e+00
704 +2.075267196e-03 +2.075267196e-03 -2.524792473e+01 -2.524792473e+01 +3.6336e+00 +6.2922e-01 -1.4411e+00 -2.1497e+00 +3.3326e+00
715 +3.585513102e-04 +3.585513102e-04 -2.524964145e+01 -2.524964145e+01 +3.6084e+00 +6.3907e-01 -1.4193e+00 -2.1358e+00 +3.3003e+00
880 +1.849898524e-04 +1.849898524e-04 -2.524981501e+01 -2.524981501e+01 +3.6198e+00 +6.4418e-01 -1.4247e+00 -2.1481e+00 +3.3033e+00
924 +8.739010964e-05 +8.739010964e-05 -2.524991261e+01 -2.524991261e+01 +3.6116e+00 +6.3622e-01 -1.4155e+00 -2.1583e+00 +3.2935e+00
990 +8.562373426e-05 +8.562373426e-05 -2.524991438e+01 -2.524991438e+01 +3.6114e+00 +6.3564e-01 -1.4205e+00 -2.1548e+00 +3.3052e+00
1078 +7.016473794e-05 +7.016473794e-05 -2.524992984e+01 -2.524992984e+01 +3.6146e+00 +6.3739e-01 -1.4139e+00 -2.1505e+00 +3.2973e+00
1235 +2.970017414e-05 +2.970017414e-05 -2.524997030e+01 -2.524997030e+01 +3.6130e+00 +6.3876e-01 -1.4216e+00 -2.1513e+00 +3.2932e+00
1364 +7.102308707e-06 +7.102308707e-06 -2.524999290e+01 -2.524999290e+01 +3.6158e+00 +6.3559e-01 -1.4208e+00 -2.1510e+00 +3.2957e+00
1408 +4.678220563e-06 +4.678220563e-06 -2.524999532e+01 -2.524999532e+01 +3.6145e+00 +6.3420e-01 -1.4199e+00 -2.1525e+00 +3.2960e+00
1452 +3.348635929e-06 +3.348635929e-06 -2.524999665e+01 -2.524999665e+01 +3.6145e+00 +6.3622e-01 -1.4214e+00 -2.1522e+00 +3.2954e+00
1461 +2.663298151e-06 +2.663298151e-06 -2.524999734e+01 -2.524999734e+01 +3.6144e+00 +6.3571e-01 -1.4207e+00 -2.1528e+00 +3.2980e+00
1474 +1.265765917e-06 +1.265765917e-06 -2.524999873e+01 -2.524999873e+01 +3.6148e+00 +6.3477e-01 -1.4216e+00 -2.1518e+00 +3.2968e+00
1496 +8.711365673e-07 +8.711365673e-07 -2.524999913e+01 -2.524999913e+01 +3.6151e+00 +6.3478e-01 -1.4219e+00 -2.1527e+00 +3.2967e+00
1562 +7.027606621e-07 +7.027606621e-07 -2.524999930e+01 -2.524999930e+01 +3.6145e+00 +6.3498e-01 -1.4211e+00 -2.1526e+00 +3.2962e+00
1569 +6.184862258e-07 +6.184862258e-07 -2.524999938e+01 -2.524999938e+01 +3.6141e+00 +6.3504e-01 -1.4222e+00 -2.1530e+00 +3.2972e+00
1589 +2.695443122e-07 +2.695443122e-07 -2.524999973e+01 -2.524999973e+01 +3.6148e+00 +6.3529e-01 -1.4218e+00 -2.1529e+00 +3.2970e+00
1628 +2.489717836e-07 +2.489717836e-07 -2.524999975e+01 -2.524999975e+01 +3.6146e+00 +6.3507e-01 -1.4213e+00 -2.1531e+00 +3.2966e+00
1650 +1.875671352e-07 +1.875671352e-07 -2.524999981e+01 -2.524999981e+01 +3.6143e+00 +6.3517e-01 -1.4212e+00 -2.1529e+00 +3.2967e+00
1672 +1.702432897e-07 +1.702432897e-07 -2.524999983e+01 -2.524999983e+01 +3.6143e+00 +6.3536e-01 -1.4216e+00 -2.1531e+00 +3.2966e+00
1694 +5.522729651e-08 +5.522729651e-08 -2.524999994e+01 -2.524999994e+01 +3.6145e+00 +6.3522e-01 -1.4216e+00 -2.1526e+00 +3.2969e+00
1826 +3.521267189e-08 +3.521267189e-08 -2.524999996e+01 -2.524999996e+01 +3.6145e+00 +6.3533e-01 -1.4216e+00 -2.1527e+00 +3.2967e+00
1854 +2.926990206e-08 +2.926990206e-08 -2.524999997e+01 -2.524999997e+01 +3.6145e+00 +6.3528e-01 -1.4216e+00 -2.1527e+00 +3.2968e+00
1870 +9.320554994e-09 +9.320554994e-09 -2.524999999e+01 -2.524999999e+01 +3.6145e+00 +6.3524e-01 -1.4216e+00 -2.1528e+00 +3.2968e+00
% function evaluation | noise-free fitness - Fopt (8.790000000000e+01) | best noise-free fitness - Fopt | measured fitness | best measured fitness | x1 | x2...
1 +1.576494400e+01 +1.576494400e+01 +1.036649440e+02 +1.036649440e+02 +0.0000e+00 +0.0000e+00 +0.0000e+00 +0.0000e+00 +0.0000e+00
94 +1.519484022e+01 +1.519484022e+01 +1.030948402e+02 +1.030948402e+02 -1.6979e-01 +5.0809e-02 +1.1780e+00 +2.7197e+00 -2.0876e+00
106 +1.313134746e+01 +1.313134746e+01 +1.010313475e+02 +1.010313475e+02 -1.0394e-01 -3.4422e-01 +6.4710e-01 +2.5685e+00 -1.9412e+00
113 +1.169498932e+01 +1.169498932e+01 +9.959498932e+01 +9.959498932e+01 -8.7813e-01 -2.3800e-01 +8.8813e-01 +2.8337e+00 -2.5794e+00
119 +1.020118510e+01 +1.020118510e+01 +9.810118510e+01 +9.810118510e+01 -1.3520e+00 +2.0911e-01 +4.8430e-01 +2.8198e+00 -2.3733e+00
124 +8.910231774e+00 +8.910231774e+00 +9.681023177e+01 +9.681023177e+01 -1.1440e+00 -2.8464e-01 +1.3556e+00 +2.6696e+00 -1.6963e+00
137 +6.673385069e+00 +6.673385069e+00 +9.457338507e+01 +9.457338507e+01 -1.6664e+00 +1.6974e-02 +1.1702e+00 +2.0201e+00 -1.9077e+00
149 +6.200692074e+00 +6.200692074e+00 +9.410069207e+01 +9.410069207e+01 -1.1579e+00 -3.4525e-01 +9.1455e-02 +1.7589e+00 -1.7744e+00
156 +5.325072236e+00 +5.325072236e+00 +9.322507224e+01 +9.322507224e+01 -3.8885e+00 -6.4059e-01 -5.5196e-01 +2.7647e+00 -2.2680e+00
162 +2.417711268e+00 +2.417711268e+00 +9.031771127e+01 +9.031771127e+01 -3.5686e+00 -9.4089e-01 +1.4603e+00 +1.8066e+00 -5.5348e-01
176 +1.985966578e+00 +1.985966578e+00 +8.988596658e+01 +8.988596658e+01 -3.6741e+00 -7.9283e-01 +5.6048e-01 +2.1246e+00 -1.7962e+00
195 +1.721108595e+00 +1.721108595e+00 +8.962110860e+01 +8.962110860e+01 -3.8824e+00 -5.8684e-01 +7.0804e-01 +1.5161e+00 -1.2019e+00
198 +1.237118515e+00 +1.237118515e+00 +8.913711851e+01 +8.913711851e+01 -3.1032e+00 -5.1245e-01 +7.7821e-02 +1.5259e+00 -8.8060e-01
220 +1.213920638e+00 +1.213920638e+00 +8.911392064e+01 +8.911392064e+01 -2.6765e+00 -6.5061e-01 +3.6037e-02 +1.5791e+00 -1.2314e+00
242 +6.800125581e-01 +6.800125581e-01 +8.858001256e+01 +8.858001256e+01 -3.1729e+00 -8.8969e-01 +1.1227e-01 +1.7542e+00 -8.3341e-01
264 +3.758627246e-01 +3.758627246e-01 +8.827586272e+01 +8.827586272e+01 -2.7612e+00 -1.5669e+00 -1.5566e-01 +1.5751e+00 -1.1418e+00
286 +2.737237794e-01 +2.737237794e-01 +8.817372378e+01 +8.817372378e+01 -2.8650e+00 -1.4647e+00 +5.0304e-02 +1.6127e+00 -7.9251e-01
308 +2.256294596e-01 +2.256294596e-01 +8.812562946e+01 +8.812562946e+01 -3.5126e+00 -1.4031e+00 +1.6849e-01 +1.6565e+00 -1.1455e+00
374 +1.869570778e-01 +1.869570778e-01 +8.808695708e+01 +8.808695708e+01 -3.5866e+00 -1.5031e+00 +2.8662e-01 +1.4227e+00 -1.1389e+00
396 +7.337408180e-02 +7.337408180e-02 +8.797337408e+01 +8.797337408e+01 -3.2193e+00 -1.4572e+00 +4.3228e-01 +1.3594e+00 -9.1737e-01
484 +4.445123337e-02 +4.445123337e-02 +8.794445123e+01 +8.794445123e+01 -3.3012e+00 -1.6777e+00 +3.9422e-01 +1.3945e+00 -1.1160e+00
506 +1.828008950e-02 +1.828008950e-02 +8.791828009e+01 +8.791828009e+01 -3.0481e+00 -1.5555e+00 +3.1350e-01 +1.4557e+00 -1.0776e+00
671 +1.338387272e-02 +1.338387272e-02 +8.791338387e+01 +8.791338387e+01 -3.1944e+00 -1.6554e+00 +2.6586e-01 +1.4777e+00 -1.0207e+00
704 +1.307386744e-02 +1.307386744e-02 +8.791307387e+01 +8.791307387e+01 -3.1428e+00 -1.5723e+00 +2.6522e-01 +1.5255e+00 -1.0834e+00
713 +8.005548516e-03 +8.005548516e-03 +8.790800555e+01 +8.790800555e+01 -3.2105e+00 -1.5704e+00 +2.4802e-01 +1.4529e+00 -1.1403e+00
748 +5.449202305e-03 +5.449202305e-03 +8.790544920e+01 +8.790544920e+01 -3.1984e+00 -1.5911e+00 +2.7887e-01 +1.4720e+00 -1.1087e+00
770 +4.310597135e-03 +4.310597135e-03 +8.790431060e+01 +8.790431060e+01 -3.1896e+00 -1.5370e+00 +2.7515e-01 +1.4353e+00 -1.1129e+00
776 +2.542537627e-03 +2.542537627e-03 +8.790254254e+01 +8.790254254e+01 -3.1958e+00 -1.5559e+00 +2.5562e-01 +1.4218e+00 -1.0511e+00
792 +1.213118710e-03 +1.213118710e-03 +8.790121312e+01 +8.790121312e+01 -3.1654e+00 -1.5755e+00 +2.5095e-01 +1.4346e+00 -1.0971e+00
902 +1.052490094e-03 +1.052490094e-03 +8.790105249e+01 +8.790105249e+01 -3.1488e+00 -1.5684e+00 +2.9160e-01 +1.4058e+00 -1.0730e+00
917 +5.524927044e-04 +5.524927044e-04 +8.790055249e+01 +8.790055249e+01 -3.1585e+00 -1.5960e+00 +2.6768e-01 +1.4011e+00 -1.0667e+00
932 +4.714118193e-04 +4.714118193e-04 +8.790047141e+01 +8.790047141e+01 -3.1700e+00 -1.5845e+00 +2.6672e-01 +1.3936e+00 -1.0806e+00
946 +2.346584333e-04 +2.346584333e-04 +8.790023466e+01 +8.790023466e+01 -3.1606e+00 -1.5702e+00 +2.6502e-01 +1.4123e+00 -1.0733e+00
968 +7.789699674e-05 +7.789699674e-05 +8.790007790e+01 +8.790007790e+01 -3.1666e+00 -1.5844e+00 +2.7503e-01 +1.4191e+00 -1.0721e+00
1100 +2.427069668e-05 +2.427069668e-05 +8.790002427e+01 +8.790002427e+01 -3.1694e+00 -1.5815e+00 +2.6843e-01 +1.4173e+00 -1.0792e+00
1254 +2.044150432e-05 +2.044150432e-05 +8.790002044e+01 +8.790002044e+01 -3.1633e+00 -1.5826e+00 +2.7332e-01 +1.4134e+00 -1.0786e+00
1276 +1.264193358e-05 +1.264193358e-05 +8.790001264e+01 +8.790001264e+01 -3.1678e+00 -1.5832e+00 +2.7337e-01 +1.4133e+00 -1.0774e+00
1342 +4.233479828e-06 +4.233479828e-06 +8.790000423e+01 +8.790000423e+01 -3.1676e+00 -1.5816e+00 +2.6918e-01 +1.4147e+00 -1.0783e+00
1408 +1.179646873e-06 +1.179646873e-06 +8.790000118e+01 +8.790000118e+01 -3.1666e+00 -1.5818e+00 +2.7026e-01 +1.4139e+00 -1.0768e+00
1474 +1.142104210e-06 +1.142104210e-06 +8.790000114e+01 +8.790000114e+01 -3.1670e+00 -1.5821e+00 +2.7044e-01 +1.4139e+00 -1.0782e+00
1496 +8.485356915e-07 +8.485356915e-07 +8.790000085e+01 +8.790000085e+01 -3.1668e+00 -1.5818e+00 +2.7085e-01 +1.4148e+00 -1.0775e+00
1540 +4.292970459e-07 +4.292970459e-07 +8.790000043e+01 +8.790000043e+01 -3.1665e+00 -1.5825e+00 +2.7057e-01 +1.4150e+00 -1.0774e+00
1562 +3.390584595e-07 +3.390584595e-07 +8.790000034e+01 +8.790000034e+01 -3.1663e+00 -1.5826e+00 +2.7075e-01 +1.4141e+00 -1.0778e+00
1606 +1.374296801e-07 +1.374296801e-07 +8.790000014e+01 +8.790000014e+01 -3.1666e+00 -1.5823e+00 +2.7050e-01 +1.4144e+00 -1.0773e+00
1628 +1.280888000e-07 +1.280888000e-07 +8.790000013e+01 +8.790000013e+01 -3.1663e+00 -1.5826e+00 +2.7066e-01 +1.4143e+00 -1.0777e+00
1650 +1.050324130e-07 +1.050324130e-07 +8.790000011e+01 +8.790000011e+01 -3.1666e+00 -1.5824e+00 +2.7067e-01 +1.4144e+00 -1.0776e+00
1672 +8.807350582e-08 +8.807350582e-08 +8.790000009e+01 +8.790000009e+01 -3.1663e+00 -1.5825e+00 +2.7068e-01 +1.4144e+00 -1.0776e+00
1782 +7.215564324e-08 +7.215564324e-08 +8.790000007e+01 +8.790000007e+01 -3.1665e+00 -1.5824e+00 +2.7059e-01 +1.4144e+00 -1.0778e+00
1804 +5.071193243e-08 +5.071193243e-08 +8.790000005e+01 +8.790000005e+01 -3.1664e+00 -1.5823e+00 +2.7058e-01 +1.4143e+00 -1.0777e+00
1814 +3.709092766e-08 +3.709092766e-08 +8.790000004e+01 +8.790000004e+01 -3.1663e+00 -1.5824e+00 +2.7053e-01 +1.4144e+00 -1.0777e+00
1826 +1.856857068e-08 +1.856857068e-08 +8.790000002e+01 +8.790000002e+01 -3.1664e+00 -1.5825e+00 +2.7048e-01 +1.4144e+00 -1.0777e+00
1848 +8.576662935e-09 +8.576662935e-09 +8.790000001e+01 +8.790000001e+01 -3.1664e+00 -1.5824e+00 +2.7047e-01 +1.4145e+00 -1.0776e+00
% function evaluation | noise-free fitness - Fopt (2.199800000000e+02) | best noise-free fitness - Fopt | measured fitness | best measured fitness | x1 | x2...
1 +1.530337472e+01 +1.530337472e+01 +2.352833747e+02 +2.352833747e+02 +0.0000e+00 +0.0000e+00 +0.0000e+00 +0.0000e+00 +0.0000e+00
158 +8.567629121e+00 +8.567629121e+00 +2.285476291e+02 +2.285476291e+02 +2.6726e+00 -2.2341e+00 +1.1811e+00 -1.3951e+00 +5.1658e-01
183 +6.392444280e+00 +6.392444280e+00 +2.263724443e+02 +2.263724443e+02 +2.7180e+00 -3.5606e+00 -1.2550e+00 -1.4260e+00 -1.0994e+00
187 +4.280255342e+00 +4.280255342e+00 +2.242602553e+02 +2.242602553e+02 +6.7818e-01 -3.0956e+00 -4.8882e-01 -2.1070e+00 -5.4471e-01
194 +3.601938904e+00 +3.601938904e+00 +2.235819389e+02 +2.235819389e+02 +1.3007e+00 -2.2922e+00 +6.1829e-01 -1.0951e+00 -4.5504e-03
198 +2.975779248e+00 +2.975779248e+00 +2.229557792e+02 +2.229557792e+02 +1.4131e+00 -2.5860e+00 -3.2504e-01 -1.3702e+00 -5.3150e-01
242 +2.458856281e+00 +2.458856281e+00 +2.224388563e+02 +2.224388563e+02 +2.3767e+00 -3.8284e+00 +4.3707e-01 +4.1216e-02 +3.0940e-01
308 +2.068979899e+00 +2.068979899e+00 +2.220489799e+02 +2.220489799e+02 +1.6317e+00 -3.2480e+00 -9.3404e-01 -3.2943e-01 -1.0288e+00
330 +3.418424605e-01 +3.418424605e-01 +2.203218425e+02 +2.203218425e+02 +1.0265e+00 -3.5604e+00 -9.7154e-02 -6.9703e-01 -3.8633e-01
396 +2.561105453e-01 +2.561105453e-01 +2.202361105e+02 +2.202361105e+02 +9.8383e-01 -3.5969e+00 +8.8469e-02 +9.0029e-02 -2.0412e-01
440 +1.736389264e-01 +1.736389264e-01 +2.201536389e+02 +2.201536389e+02 +1.2274e+00 -3.7390e+00 +1.1605e-01 -1.6743e-01 -2.2103e-01
462 +1.466092634e-02 +1.466092634e-02 +2.199946609e+02 +2.199946609e+02 +1.0187e+00 -3.8074e+00 -2.3291e-01 -3.1492e-01 -1.6138e-01
660 +1.031189456e-02 +1.031189456e-02 +2.199903119e+02 +2.199903119e+02 +1.0577e+00 -3.7545e+00 -2.3473e-01 -2.5496e-01 +2.4149e-02
682 +8.288519952e-03 +8.288519952e-03 +2.199882885e+02 +2.199882885e+02 +1.1060e+00 -3.7908e+00 -1.6962e-01 -2.7721e-01 -5.5153e-02
704 +7.636515435e-03 +7.636515435e-03 +2.199876365e+02 +2.199876365e+02 +1.1141e+00 -3.7706e+00 -2.0445e-01 -2.8980e-01 -7.9617e-02
726 +3.399351084e-03 +3.399351084e-03 +2.199833994e+02 +2.199833994e+02 +1.0712e+00 -3.7172e+00 -2.0337e-01 -2.6480e-01 -8.8189e-02
748 +2.397700844e-03 +2.397700844e-03 +2.199823977e+02 +2.199823977e+02 +1.0441e+00 -3.7657e+00 -2.4940e-01 -2.8099e-01 -6.9800e-02
836 +1.470873984e-03 +1.470873984e-03 +2.199814709e+02 +2.199814709e+02 +1.0491e+00 -3.7752e+00 -2.0458e-01 -2.7516e-01 -9.6533e-02
896 +1.003010499e-03 +1.003010499e-03 +2.199810030e+02 +2.199810030e+02 +1.0324e+00 -3.7831e+00 -2.1017e-01 -2.4692e-01 -8.3465e-02
902 +9.262550574e-04 +9.262550574e-04 +2.199809263e+02 +2.199809263e+02 +1.0459e+00 -3.7741e+00 -2.1787e-01 -2.4452e-01 -8.2684e-02
924 +5.791554246e-04 +5.791554246e-04 +2.199805792e+02 +2.199805792e+02 +1.0290e+00 -3.7477e+00 -1.9381e-01 -2.4942e-01 -5.7446e-02
1012 +3.162137173e-04 +3.162137173e-04 +2.199803162e+02 +2.199803162e+02 +1.0399e+00 -3.7520e+00 -2.0265e-01 -2.5112e-01 -5.8338e-02
1034 +1.448542302e-04 +1.448542302e-04 +2.199801449e+02 +2.199801449e+02 +1.0376e+00 -3.7621e+00 -2.0625e-01 -2.5398e-01 -6.1942e-02
1056 +1.252466914e-04 +1.252466914e-04 +2.199801252e+02 +2.199801252e+02 +1.0384e+00 -3.7649e+00 -2.0736e-01 -2.5793e-01 -6.3650e-02
1100 +4.493077799e-05 +4.493077799e-05 +2.199800449e+02 +2.199800449e+02 +1.0299e+00 -3.7601e+00 -2.0256e-01 -2.6070e-01 -7.2130e-02
1144 +3.784929623e-05 +3.784929623e-05 +2.199800378e+02 +2.199800378e+02 +1.0322e+00 -3.7524e+00 -2.0484e-01 -2.6181e-01 -7.0567e-02
1166 +1.894765958e-05 +1.894765958e-05 +2.199800189e+02 +2.199800189e+02 +1.0333e+00 -3.7582e+00 -2.0979e-01 -2.6209e-01 -6.7667e-02
1218 +7.633737766e-06 +7.633737766e-06 +2.199800076e+02 +2.199800076e+02 +1.0353e+00 -3.7575e+00 -2.0782e-01 -2.6163e-01 -7.1753e-02
1276 +3.958484513e-06 +3.958484513e-06 +2.199800040e+02 +2.199800040e+02 +1.0323e+00 -3.7566e+00 -2.0803e-01 -2.5952e-01 -7.1079e-02
1408 +2.411726172e-06 +2.411726172e-06 +2.199800024e+02 +2.199800024e+02 +1.0338e+00 -3.7588e+00 -2.0631e-01 -2.5986e-01 -7.0790e-02
1474 +6.479961314e-07 +6.479961314e-07 +2.199800006e+02 +2.199800006e+02 +1.0337e+00 -3.7576e+00 -2.0719e-01 -2.6063e-01 -7.0896e-02
1628 +2.280794433e-07 +2.280794433e-07 +2.199800002e+02 +2.199800002e+02 +1.0335e+00 -3.7575e+00 -2.0683e-01 -2.6016e-01 -7.0616e-02
1685 +1.510485390e-07 +1.510485390e-07 +2.199800002e+02 +2.199800002e+02 +1.0334e+00 -3.7578e+00 -2.0734e-01 -2.6014e-01 -7.0331e-02
1738 +1.318361740e-07 +1.318361740e-07 +2.199800001e+02 +2.199800001e+02 +1.0337e+00 -3.7575e+00 -2.0749e-01 -2.6014e-01 -7.0496e-02
1870 +3.089235179e-08 +3.089235179e-08 +2.199800000e+02 +2.199800000e+02 +1.0336e+00 -3.7578e+00 -2.0720e-01 -2.6003e-01 -7.0369e-02
2102 +2.616053507e-08 +2.616053507e-08 +2.199800000e+02 +2.199800000e+02 +1.0337e+00 -3.7575e+00 -2.0731e-01 -2.5995e-01 -7.0424e-02
2156 +1.188215037e-08 +1.188215037e-08 +2.199800000e+02 +2.199800000e+02 +1.0336e+00 -3.7576e+00 -2.0726e-01 -2.6004e-01 -7.0337e-02
2244 +4.122199471e-09 +4.122199471e-09 +2.199800000e+02 +2.199800000e+02 +1.0336e+00 -3.7576e+00 -2.0718e-01 -2.6002e-01 -7.0361e-02
% function evaluation | noise-free fitness - Fopt (-2.784000000000e+01) | best noise-free fitness - Fopt | measured fitness | best measured fitness | x1 | x2...
1 +7.475564800e+00 +7.475564800e+00 -2.036443520e+01 -2.036443520e+01 +0.0000e+00 +0.0000e+00 +0.0000e+00 +0.0000e+00 +0.0000e+00
189 +5.945100912e+00 +5.945100912e+00 -2.189489909e+01 -2.189489909e+01 -8.2929e-01 +3.3192e+00 +3.8728e-01 +1.1104e+00 -2.6876e-01
198 +3.574252274e+00 +3.574252274e+00 -2.426574773e+01 -2.426574773e+01 -5.7229e-01 +1.6813e+00 +2.8892e-01 +6.4327e-01 -1.7336e-01
213 +1.045323718e+00 +1.045323718e+00 -2.679467628e+01 -2.679467628e+01 +2.1572e-01 +1.5884e+00 +1.4092e+00 -5.7886e-02 +6.8160e-01
330 +2.694537297e-01 +2.694537297e-01 -2.757054627e+01 -2.757054627e+01 -1.7238e-01 +2.0848e+00 +7.4501e-01 -6.8216e-01 +8.5991e-01
484 +2.499878852e-01 +2.499878852e-01 -2.759001211e+01 -2.759001211e+01 -5.0944e-01 +1.8502e+00 +1.2187e+00 -3.4140e-01 +1.2354e+00
572 +1.828373202e-01 +1.828373202e-01 -2.765716268e+01 -2.765716268e+01 -2.8718e-01 +2.0661e+00 +1.0766e+00 -6.7387e-01 +1.3336e+00
586 +1.333910693e-01 +1.333910693e-01 -2.770660893e+01 -2.770660893e+01 -1.6506e-02 +2.1693e+00 +1.2021e+00 -1.9601e-01 +1.1293e+00
638 +5.277708946e-02 +5.277708946e-02 -2.778722291e+01 -2.778722291e+01 -2.9962e-01 +2.2511e+00 +1.1795e+00 -5.5286e-01 +1.1554e+00
726 +4.092932976e-02 +4.092932976e-02 -2.779907067e+01 -2.779907067e+01 -2.4455e-01 +2.2041e+00 +1.1321e+00 -5.5647e-01 +1.1076e+00
748 +2.786097241e-02 +2.786097241e-02 -2.781213903e+01 -2.781213903e+01 -3.2604e-01 +2.3395e+00 +1.0673e+00 -4.9868e-01 +1.0785e+00
769 +2.156100933e-02 +2.156100933e-02 -2.781843899e+01 -2.781843899e+01 -3.9119e-01 +2.1919e+00 +1.1040e+00 -3.9152e-01 +1.1526e+00
770 +9.560534765e-03 +9.560534765e-03 -2.783043947e+01 -2.783043947e+01 -3.0506e-01 +2.2472e+00 +1.0284e+00 -4.5160e-01 +1.1261e+00
880 +5.569638499e-03 +5.569638499e-03 -2.783443036e+01 -2.783443036e+01 -2.2791e-01 +2.2558e+00 +1.0225e+00 -3.5416e-01 +1.0718e+00
902 +1.056853031e-03 +1.056853031e-03 -2.783894315e+01 -2.783894315e+01 -2.6625e-01 +2.2422e+00 +1.0495e+00 -3.6283e-01 +1.0913e+00
1122 +3.218646467e-04 +3.218646467e-04 -2.783967814e+01 -2.783967814e+01 -2.7847e-01 +2.2387e+00 +1.0458e+00 -3.7775e-01 +1.0843e+00
1188 +2.447781893e-04 +2.447781893e-04 -2.783975522e+01 -2.783975522e+01 -2.9566e-01 +2.2226e+00 +1.0531e+00 -3.7505e-01 +1.0772e+00
1276 +1.604819228e-04 +1.604819228e-04 -2.783983952e+01 -2.783983952e+01 -2.9605e-01 +2.2277e+00 +1.0586e+00 -3.8071e-01 +1.0762e+00
1308 +1.472342232e-04 +1.472342232e-04 -2.783985277e+01 -2.783985277e+01 -2.8315e-01 +2.2396e+00 +1.0519e+00 -3.7077e-01 +1.0716e+00
1320 +4.490768515e-05 +4.490768515e-05 -2.783995509e+01 -2.783995509e+01 -2.8731e-01 +2.2268e+00 +1.0555e+00 -3.7901e-01 +1.0705e+00
1342 +3.237546219e-05 +3.237546219e-05 -2.783996762e+01 -2.783996762e+01 -2.8518e-01 +2.2288e+00 +1.0550e+00 -3.7476e-01 +1.0713e+00
1364 +2.359849692e-05 +2.359849692e-05 -2.783997640e+01 -2.783997640e+01 -2.8453e-01 +2.2348e+00 +1.0539e+00 -3.7819e-01 +1.0709e+00
1386 +1.985324958e-05 +1.985324958e-05 -2.783998015e+01 -2.783998015e+01 -2.8640e-01 +2.2353e+00 +1.0577e+00 -3.7976e-01 +1.0717e+00
1408 +1.009947133e-05 +1.009947133e-05 -2.783998990e+01 -2.783998990e+01 -2.8525e-01 +2.2351e+00 +1.0570e+00 -3.7856e-01 +1.0732e+00
1446 +4.242117296e-06 +4.242117296e-06 -2.783999576e+01 -2.783999576e+01 -2.8515e-01 +2.2338e+00 +1.0567e+00 -3.7766e-01 +1.0730e+00
1496 +3.764469447e-06 +3.764469447e-06 -2.783999624e+01 -2.783999624e+01 -2.8477e-01 +2.2313e+00 +1.0577e+00 -3.7684e-01 +1.0739e+00
1628 +2.129779507e-06 +2.129779507e-06 -2.783999787e+01 -2.783999787e+01 -2.8621e-01 +2.2317e+00 +1.0568e+00 -3.7831e-01 +1.0734e+00
1650 +2.003821397e-06 +2.003821397e-06 -2.783999800e+01 -2.783999800e+01 -2.8595e-01 +2.2323e+00 +1.0565e+00 -3.7825e-01 +1.0743e+00
1672 +1.683054670e-06 +1.683054670e-06 -2.783999832e+01 -2.783999832e+01 -2.8589e-01 +2.2323e+00 +1.0564e+00 -3.7886e-01 +1.0738e+00
1694 +4.367660047e-07 +4.367660047e-07 -2.783999956e+01 -2.783999956e+01 -2.8518e-01 +2.2317e+00 +1.0566e+00 -3.7855e-01 +1.0732e+00
1719 +3.085197910e-07 +3.085197910e-07 -2.783999969e+01 -2.783999969e+01 -2.8497e-01 +2.2323e+00 +1.0570e+00 -3.7876e-01 +1.0735e+00
1782 +2.188244217e-07 +2.188244217e-07 -2.783999978e+01 -2.783999978e+01 -2.8486e-01 +2.2321e+00 +1.0564e+00 -3.7835e-01 +1.0735e+00
1804 +1.833118226e-07 +1.833118226e-07 -2.783999982e+01 -2.783999982e+01 -2.8472e-01 +2.2321e+00 +1.0565e+00 -3.7830e-01 +1.0738e+00
1826 +3.551245698e-08 +3.551245698e-08 -2.783999996e+01 -2.783999996e+01 -2.8495e-01 +2.2321e+00 +1.0568e+00 -3.7842e-01 +1.0737e+00
1980 +1.158589669e-08 +1.158589669e-08 -2.783999999e+01 -2.783999999e+01 -2.8486e-01 +2.2320e+00 +1.0568e+00 -3.7832e-01 +1.0736e+00
2002 +1.100486813e-08 +1.100486813e-08 -2.783999999e+01 -2.783999999e+01 -2.8481e-01 +2.2320e+00 +1.0568e+00 -3.7833e-01 +1.0735e+00
5988 +2.509612074e-09 +2.509612074e-09 -2.784000000e+01 -2.784000000e+01 -2.8482e-01 +2.2320e+00 +1.0568e+00 -3.7841e-01 +1.0736e+00
% function evaluation | noise-free fitness - Fopt (2.027000000000e+01) | best noise-free fitness - Fopt | measured fitness | best measured fitness | x1 | x2...
1 +3.139960960e+01 +3.139960960e+01 +5.166960960e+01 +5.166960960e+01 +0.0000e+00 +0.0000e+00 +0.0000e+00 +0.0000e+00 +0.0000e+00
92 +3.050884580e+01 +3.050884580e+01 +5.077884580e+01 +5.077884580e+01 +1.2562e+00 -1.3874e+00 +1.2498e+00 -2.4392e-01 -6.9667e-01
115 +3.016754260e+01 +3.016754260e+01 +5.043754260e+01 +5.043754260e+01 +1.2228e+00 -1.5322e+00 +1.3605e+00 -1.8816e-01 -1.1046e+00
117 +2.210766739e+01 +2.210766739e+01 +4.237766739e+01 +4.237766739e+01 +1.0795e-01 -1.0170e+00 -9.6513e-02 -6.0124e-01 -1.4231e+00
120 +1.727174055e+01 +1.727174055e+01 +3.754174055e+01 +3.754174055e+01 +1.2387e+00 -1.6104e+00 +1.1711e-01 -6.9472e-01 -1.8986e+00
134 +1.592736526e+01 +1.592736526e+01 +3.619736526e+01 +3.619736526e+01 +1.6598e+00 -1.6952e+00 -1.6845e-01 -4.3398e-01 -1.2375e+00
136 +1.017117086e+01 +1.017117086e+01 +3.044117086e+01 +3.044117086e+01 +1.9768e+00 -1.8420e+00 -8.2238e-01 -7.3603e-01 -1.6661e+00
138 +7.598211722e+00 +7.598211722e+00 +2.786821172e+01 +2.786821172e+01 +2.4262e+00 -2.2636e+00 -1.3043e+00 -1.3880e+00 -2.0630e+00
165 +6.378410253e+00 +6.378410253e+00 +2.664841025e+01 +2.664841025e+01 +4.6352e+00 -1.7528e+00 -1.8341e+00 -1.3879e+00 -2.4421e+00
176 +3.248566845e+00 +3.248566845e+00 +2.351856685e+01 +2.351856685e+01 +2.1300e+00 -1.6224e+00 -2.3893e+00 -4.2223e-01 -1.9365e+00
197 +3.152415788e+00 +3.152415788e+00 +2.342241579e+01 +2.342241579e+01 +2.2748e+00 -1.3204e+00 -2.0333e+00 -5.6488e-01 -2.2154e+00
237 +2.460602478e+00 +2.460602478e+00 +2.273060248e+01 +2.273060248e+01 +3.1672e+00 -1.5091e+00 -3.6678e+00 -3.1013e-01 -1.4784e+00
242 +2.217706928e+00 +2.217706928e+00 +2.248770693e+01 +2.248770693e+01 +3.2663e+00 -2.1676e+00 -3.4926e+00 -4.2090e-01 -1.9337e+00
245 +1.635741989e+00 +1.635741989e+00 +2.190574199e+01 +2.190574199e+01 +2.9820e+00 -1.9314e+00 -3.4617e+00 +3.3093e-01 -2.8398e+00
264 +1.134533239e+00 +1.134533239e+00 +2.140453324e+01 +2.140453324e+01 +3.5396e+00 -1.9126e+00 -3.7513e+00 -5.7617e-01 -2.5504e+00
317 +6.305175657e-01 +6.305175657e-01 +2.090051757e+01 +2.090051757e+01 +2.7247e+00 -1.4337e+00 -3.5793e+00 -1.1452e+00 -3.3541e+00
330 +8.502177834e-02 +8.502177834e-02 +2.035502178e+01 +2.035502178e+01 +2.8557e+00 -1.1476e+00 -3.4404e+00 -8.3222e-01 -2.7969e+00
374 +2.705910075e-02 +2.705910075e-02 +2.029705910e+01 +2.029705910e+01 +3.1765e+00 -1.1599e+00 -3.4046e+00 -6.0693e-01 -2.9170e+00
550 +1.490526009e-02 +1.490526009e-02 +2.028490526e+01 +2.028490526e+01 +3.0223e+00 -1.0498e+00 -3.4111e+00 -5.6561e-01 -2.8974e+00
588 +1.403549984e-02 +1.403549984e-02 +2.028403550e+01 +2.028403550e+01 +3.0882e+00 -1.1095e+00 -3.4435e+00 -6.7150e-01 -3.0382e+00
594 +7.833213943e-03 +7.833213943e-03 +2.027783321e+01 +2.027783321e+01 +3.0762e+00 -1.0596e+00 -3.4087e+00 -6.5784e-01 -2.9622e+00
616 +3.404762712e-03 +3.404762712e-03 +2.027340476e+01 +2.027340476e+01 +3.0568e+00 -1.1422e+00 -3.4116e+00 -6.3545e-01 -2.9571e+00
686 +4.812589043e-04 +4.812589043e-04 +2.027048126e+01 +2.027048126e+01 +3.0248e+00 -1.1261e+00 -3.4332e+00 -6.4402e-01 -2.9360e+00
836 +2.980405477e-04 +2.980405477e-04 +2.027029804e+01 +2.027029804e+01 +3.0179e+00 -1.1181e+00 -3.4415e+00 -6.5005e-01 -2.9388e+00
957 +1.915575006e-04 +1.915575006e-04 +2.027019156e+01 +2.027019156e+01 +3.0228e+00 -1.1274e+00 -3.4490e+00 -6.4853e-01 -2.9347e+00
968 +7.456357135e-05 +7.456357135e-05 +2.027007456e+01 +2.027007456e+01 +3.0295e+00 -1.1128e+00 -3.4447e+00 -6.4800e-01 -2.9361e+00
1100 +5.974237041e-05 +5.974237041e-05 +2.027005974e+01 +2.027005974e+01 +3.0293e+00 -1.1208e+00 -3.4564e+00 -6.5135e-01 -2.9334e+00
1298 +4.500850843e-05 +4.500850843e-05 +2.027004501e+01 +2.027004501e+01 +3.0314e+00 -1.1134e+00 -3.4560e+00 -6.4777e-01 -2.9367e+00
1346 +3.587479560e-05 +3.587479560e-05 +2.027003587e+01 +2.027003587e+01 +3.0298e+00 -1.1229e+00 -3.4528e+00 -6.4978e-01 -2.9363e+00
1408 +2.990497737e-05 +2.990497737e-05 +2.027002990e+01 +2.027002990e+01 +3.0335e+00 -1.1159e+00 -3.4549e+00 -6.4847e-01 -2.9399e+00
1430 +9.141321719e-06 +9.141321719e-06 +2.027000914e+01 +2.027000914e+01 +3.0312e+00 -1.1166e+00 -3.4538e+00 -6.4911e-01 -2.9375e+00
1474 +3.197062458e-06 +3.197062458e-06 +2.027000320e+01 +2.027000320e+01 +3.0323e+00 -1.1186e+00 -3.4514e+00 -6.4833e-01 -2.9362e+00
1606 +2.778166063e-06 +2.778166063e-06 +2.027000278e+01 +2.027000278e+01 +3.0319e+00 -1.1174e+00 -3.4499e+00 -6.5021e-01 -2.9360e+00
1628 +4.612532614e-07 +4.612532614e-07 +2.027000046e+01 +2.027000046e+01 +3.0322e+00 -1.1178e+00 -3.4510e+00 -6.4911e-01 -2.9365e+00
1692 +3.584372692e-07 +3.584372692e-07 +2.027000036e+01 +2.027000036e+01 +3.0319e+00 -1.1177e+00 -3.4512e+00 -6.4907e-01 -2.9370e+00
1716 +2.033956221e-07 +2.033956221e-07 +2.027000020e+01 +2.027000020e+01 +3.0322e+00 -1.1176e+00 -3.4509e+00 -6.4991e-01 -2.9369e+00
1756 +3.825370953e-08 +3.825370953e-08 +2.027000004e+01 +2.027000004e+01 +3.0321e+00 -1.1176e+00 -3.4513e+00 -6.4949e-01 -2.9369e+00
1958 +1.572760411e-08 +1.572760411e-08 +2.027000002e+01 +2.027000002e+01 +3.0320e+00 -1.1175e+00 -3.4513e+00 -6.4961e-01 -2.9368e+00
4050 +1.241557968e-08 +1.241557968e-08 +2.027000001e+01 +2.027000001e+01 +3.0320e+00 -1.1176e+00 -3.4512e+00 -6.4965e-01 -2.9369e+00
4270 +1.142574746e-08 +1.142574746e-08 +2.027000001e+01 +2.027000001e+01 +3.0320e+00 -1.1176e+00 -3.4511e+00 -6.4956e-01 -2.9368e+00
4292 +5.527805769e-09 +5.527805769e-09 +2.027000001e+01 +2.027000001e+01 +3.0320e+00 -1.1176e+00 -3.4512e+00 -6.4959e-01 -2.9368e+00
% function evaluation | noise-free fitness - Fopt (9.302900000000e+02) | best noise-free fitness - Fopt | measured fitness | best measured fitness | x1 | x2...
1 +1.996927040e+01 +1.996927040e+01 +9.502592704e+02 +9.502592704e+02 +0.0000e+00 +0.0000e+00 +0.0000e+00 +0.0000e+00 +0.0000e+00
153 +1.922263367e+01 +1.922263367e+01 +9.495126337e+02 +9.495126337e+02 -1.3850e+00 -1.9911e+00 -2.9377e+00 -7.9748e-01 -2.1216e+00
158 +6.985299903e+00 +6.985299903e+00 +9.372752999e+02 +9.372752999e+02 -1.7206e+00 +7.3305e-01 -3.3031e+00 -5.6415e-01 +2.8780e-01
220 +3.831395916e+00 +3.831395916e+00 +9.341213959e+02 +9.341213959e+02 -2.1895e+00 -1.3303e+00 -1.9748e+00 -3.1379e-01 +2.6877e+00
264 +2.208887053e+00 +2.208887053e+00 +9.324988871e+02 +9.324988871e+02 -1.3803e+00 -4.1684e-01 -2.9566e+00 +4.6510e-02 +3.0766e+00
286 +1.256002381e+00 +1.256002381e+00 +9.315460024e+02 +9.315460024e+02 -9.1831e-01 -5.0530e-01 -4.1029e+00 +1.4955e-01 +2.0605e+00
291 +9.898637541e-01 +9.898637541e-01 +9.312798638e+02 +9.312798638e+02 -1.3901e+00 -1.1086e+00 -3.8986e+00 +6.2841e-02 +2.7445e+00
308 +3.843530354e-01 +3.843530354e-01 +9.306743530e+02 +9.306743530e+02 -1.7238e+00 -8.2460e-01 -3.6597e+00 +6.9846e-03 +1.5968e+00
352 +3.712940244e-01 +3.712940244e-01 +9.306612940e+02 +9.306612940e+02 -1.6433e+00 -1.5640e+00 -3.4094e+00 +2.3650e-01 +1.6625e+00
440 +2.229590005e-01 +2.229590005e-01 +9.305129590e+02 +9.305129590e+02 -1.4992e+00 -1.2746e+00 -3.5133e+00 +3.5595e-01 +1.5412e+00
462 +1.760853208e-01 +1.760853208e-01 +9.304660853e+02 +9.304660853e+02 -1.4900e+00 -1.4050e+00 -3.5247e+00 +3.8690e-01 +1.7379e+00
682 +5.283896665e-02 +5.283896665e-02 +9.303428390e+02 +9.303428390e+02 -1.6145e+00 -1.0693e+00 -3.6381e+00 +4.1594e-01 +2.1252e+00
726 +3.115115224e-02 +3.115115224e-02 +9.303211512e+02 +9.303211512e+02 -1.5546e+00 -1.0464e+00 -3.5926e+00 +5.0828e-01 +1.8340e+00
770 +1.098274287e-02 +1.098274287e-02 +9.303009827e+02 +9.303009827e+02 -1.6006e+00 -1.0882e+00 -3.5023e+00 +5.2386e-01 +1.9358e+00
880 +8.642739723e-03 +8.642739723e-03 +9.302986427e+02 +9.302986427e+02 -1.5801e+00 -1.0885e+00 -3.5305e+00 +4.2349e-01 +2.0148e+00
889 +5.757957274e-03 +5.757957274e-03 +9.302957580e+02 +9.302957580e+02 -1.5981e+00 -1.0485e+00 -3.4542e+00 +4.3402e-01 +1.8892e+00
902 +4.103141195e-03 +4.103141195e-03 +9.302941031e+02 +9.302941031e+02 -1.6070e+00 -1.1061e+00 -3.5352e+00 +3.9268e-01 +1.9309e+00
914 +2.026933092e-03 +2.026933092e-03 +9.302920269e+02 +9.302920269e+02 -1.6023e+00 -1.0400e+00 -3.5107e+00 +4.5617e-01 +1.9375e+00
968 +1.319278256e-03 +1.319278256e-03 +9.302913193e+02 +9.302913193e+02 -1.6265e+00 -1.0927e+00 -3.5096e+00 +4.1221e-01 +1.9565e+00
1011 +6.491830604e-04 +6.491830604e-04 +9.302906492e+02 +9.302906492e+02 -1.6031e+00 -1.0681e+00 -3.5071e+00 +4.2527e-01 +1.9572e+00
1034 +3.623203827e-04 +3.623203827e-04 +9.302903623e+02 +9.302903623e+02 -1.6265e+00 -1.0733e+00 -3.4993e+00 +4.1100e-01 +1.9480e+00
1078 +2.775395333e-04 +2.775395333e-04 +9.302902775e+02 +9.302902775e+02 -1.6135e+00 -1.0652e+00 -3.4989e+00 +4.3851e-01 +1.9400e+00
1100 +2.077495544e-04 +2.077495544e-04 +9.302902077e+02 +9.302902077e+02 -1.6251e+00 -1.0582e+00 -3.5113e+00 +4.3257e-01 +1.9380e+00
1144 +7.472727248e-05 +7.472727248e-05 +9.302900747e+02 +9.302900747e+02 -1.6218e+00 -1.0573e+00 -3.5074e+00 +4.2568e-01 +1.9413e+00
1188 +5.430465819e-05 +5.430465819e-05 +9.302900543e+02 +9.302900543e+02 -1.6235e+00 -1.0600e+00 -3.4997e+00 +4.1942e-01 +1.9386e+00
1298 +5.035383742e-05 +5.035383742e-05 +9.302900504e+02 +9.302900504e+02 -1.6197e+00 -1.0695e+00 -3.5036e+00 +4.2816e-01 +1.9396e+00
1320 +3.737533893e-05 +3.737533893e-05 +9.302900374e+02 +9.302900374e+02 -1.6185e+00 -1.0682e+00 -3.5061e+00 +4.2420e-01 +1.9407e+00
1403 +3.513262038e-05 +3.513262038e-05 +9.302900351e+02 +9.302900351e+02 -1.6227e+00 -1.0668e+00 -3.5052e+00 +4.2201e-01 +1.9435e+00
1408 +1.727886638e-05 +1.727886638e-05 +9.302900173e+02 +9.302900173e+02 -1.6217e+00 -1.0652e+00 -3.5041e+00 +4.2653e-01 +1.9424e+00
1452 +2.812135449e-06 +2.812135449e-06 +9.302900028e+02 +9.302900028e+02 -1.6206e+00 -1.0637e+00 -3.5036e+00 +4.2509e-01 +1.9397e+00
1610 +2.132115469e-06 +2.132115469e-06 +9.302900021e+02 +9.302900021e+02 -1.6207e+00 -1.0634e+00 -3.5034e+00 +4.2322e-01 +1.9404e+00
1650 +3.815160881e-07 +3.815160881e-07 +9.302900004e+02 +9.302900004e+02 -1.6206e+00 -1.0638e+00 -3.5028e+00 +4.2436e-01 +1.9401e+00
1738 +3.446697292e-07 +3.446697292e-07 +9.302900003e+02 +9.302900003e+02 -1.6208e+00 -1.0638e+00 -3.5027e+00 +4.2396e-01 +1.9405e+00
1760 +1.600596988e-07 +1.600596988e-07 +9.302900002e+02 +9.302900002e+02 -1.6208e+00 -1.0639e+00 -3.5023e+00 +4.2379e-01 +1.9403e+00
1782 +5.811989467e-08 +5.811989467e-08 +9.302900001e+02 +9.302900001e+02 -1.6207e+00 -1.0640e+00 -3.5024e+00 +4.2399e-01 +1.9402e+00
1804 +3.686704986e-08 +3.686704986e-08 +9.302900000e+02 +9.302900000e+02 -1.6208e+00 -1.0640e+00 -3.5023e+00 +4.2396e-01 +1.9401e+00
1826 +2.415401923e-08 +2.415401923e-08 +9.302900000e+02 +9.302900000e+02 -1.6208e+00 -1.0640e+00 -3.5025e+00 +4.2390e-01 +1.9400e+00
1870 +2.112267339e-08 +2.112267339e-08 +9.302900000e+02 +9.302900000e+02 -1.6209e+00 -1.0640e+00 -3.5024e+00 +4.2403e-01 +1.9401e+00
1914 +1.276600869e-08 +1.276600869e-08 +9.302900000e+02 +9.302900000e+02 -1.6208e+00 -1.0640e+00 -3.5023e+00 +4.2402e-01 +1.9399e+00
3698 +7.459561857e-09 +7.459561857e-09 +9.302900000e+02 +9.302900000e+02 -1.6208e+00 -1.0640e+00 -3.5024e+00 +4.2395e-01 +1.9400e+00
% function evaluation | noise-free fitness - Fopt (7.786100000000e+02) | best noise-free fitness - Fopt | measured fitness | best measured fitness | x1 | x2...
1 +3.986452096e+01 +3.986452096e+01 +8.184745210e+02 +8.184745210e+02 +0.0000e+00 +0.0000e+00 +0.0000e+00 +0.0000e+00 +0.0000e+00
98 +3.786024779e+01 +3.786024779e+01 +8.164702478e+02 +8.164702478e+02 -1.7002e+00 +6.1344e-01 -5.6598e+00 -2.3785e+00 -2.1714e+00
100 +3.358267406e+01 +3.358267406e+01 +8.121926741e+02 +8.121926741e+02 -1.0008e+00 +2.0591e-01 -5.5262e+00 -1.5233e+00 -1.8136e+00
118 +2.919593582e+01 +2.919593582e+01 +8.078059358e+02 +8.078059358e+02 -1.7263e+00 -2.4286e-01 -4.9461e+00 -2.5306e+00 -3.6635e-01
121 +2.807641795e+01 +2.807641795e+01 +8.066864180e+02 +8.066864180e+02 -2.5072e+00 +4.2064e-01 -5.1006e+00 -1.8670e+00 -1.5573e+00
122 +2.470940871e+01 +2.470940871e+01 +8.033194087e+02 +8.033194087e+02 -4.3049e+00 -2.8691e-01 -5.5224e+00 -1.8970e+00 -2.7793e+00
123 +2.407053255e+01 +2.407053255e+01 +8.026805326e+02 +8.026805326e+02 -3.5704e+00 -9.8972e-01 -5.9723e+00 -2.4856e+00 -2.1403e+00
127 +1.853760324e+01 +1.853760324e+01 +7.971476032e+02 +7.971476032e+02 -2.4256e+00 -1.5444e-01 -4.3672e+00 -7.7898e-01 -2.1291e+00
135 +1.647678141e+01 +1.647678141e+01 +7.950867814e+02 +7.950867814e+02 -3.8536e+00 -7.3212e-01 -2.0520e+00 -2.1557e+00 -2.0419e-01
140 +3.364275942e+00 +3.364275942e+00 +7.819742759e+02 +7.819742759e+02 -4.3577e+00 -3.3943e+00 -3.6998e+00 -1.4206e+00 -2.1087e+00
176 +2.893525535e+00 +2.893525535e+00 +7.815035255e+02 +7.815035255e+02 -4.2790e+00 -3.0618e+00 -3.7370e+00 -1.1791e+00 -1.8008e+00
220 +1.272425816e+00 +1.272425816e+00 +7.798824258e+02 +7.798824258e+02 -3.7242e+00 -4.1766e+00 -3.5863e+00 -7.4103e-01 -1.8947e+00
396 +2.128909601e-01 +2.128909601e-01 +7.788228910e+02 +7.788228910e+02 -3.9647e+00 -3.7532e+00 -2.7380e+00 +3.4597e-01 -1.7257e+00
440 +1.355223946e-01 +1.355223946e-01 +7.787455224e+02 +7.787455224e+02 -3.6616e+00 -3.5668e+00 -2.8969e+00 -1.0032e-01 -1.3649e+00
462 +6.792824199e-02 +6.792824199e-02 +7.786779282e+02 +7.786779282e+02 -3.9165e+00 -3.8112e+00 -2.7557e+00 -2.0761e-01 -1.4101e+00
550 +4.048995943e-02 +4.048995943e-02 +7.786504900e+02 +7.786504900e+02 -3.8705e+00 -3.9665e+00 -2.7459e+00 -6.2062e-02 -1.6230e+00
638 +3.421891507e-02 +3.421891507e-02 +7.786442189e+02 +7.786442189e+02 -3.7375e+00 -3.8563e+00 -2.7336e+00 +3.4807e-02 -1.5131e+00
643 +2.728262050e-02 +2.728262050e-02 +7.786372826e+02 +7.786372826e+02 -3.8746e+00 -3.8732e+00 -2.9138e+00 -6.4699e-03 -1.6956e+00
660 +2.063699627e-02 +2.063699627e-02 +7.786306370e+02 +7.786306370e+02 -3.7394e+00 -3.8344e+00 -2.7855e+00 +3.8198e-02 -1.5551e+00
682 +9.241395573e-03 +9.241395573e-03 +7.786192414e+02 +7.786192414e+02 -3.7716e+00 -3.8246e+00 -2.8481e+00 +3.1383e-02 -1.5574e+00
704 +3.427978634e-03 +3.427978634e-03 +7.786134280e+02 +7.786134280e+02 -3.8431e+00 -3.7760e+00 -2.8271e+00 -2.9020e-02 -1.5854e+00
814 +1.829552560e-03 +1.829552560e-03 +7.786118296e+02 +7.786118296e+02 -3.8043e+00 -3.8102e+00 -2.8373e+00 -6.1639e-02 -1.5488e+00
858 +1.419051884e-03 +1.419051884e-03 +7.786114191e+02 +7.786114191e+02 -3.8550e+00 -3.8338e+00 -2.8464e+00 -2.8715e-02 -1.5802e+00
946 +1.078202869e-03 +1.078202869e-03 +7.786110782e+02 +7.786110782e+02 -3.8233e+00 -3.8431e+00 -2.8657e+00 -5.6732e-02 -1.5608e+00
990 +1.419241160e-04 +1.419241160e-04 +7.786101419e+02 +7.786101419e+02 -3.8294e+00 -3.8087e+00 -2.8501e+00 -4.0294e-02 -1.5589e+00
1210 +1.330560724e-04 +1.330560724e-04 +7.786101331e+02 +7.786101331e+02 -3.8295e+00 -3.8112e+00 -2.8554e+00 -4.8484e-02 -1.5554e+00
1254 +5.004419097e-05 +5.004419097e-05 +7.786100500e+02 +7.786100500e+02 -3.8306e+00 -3.8213e+00 -2.8603e+00 -4.5261e-02 -1.5635e+00
1276 +1.902467989e-05 +1.902467989e-05 +7.786100190e+02 +7.786100190e+02 -3.8320e+00 -3.8199e+00 -2.8592e+00 -4.3449e-02 -1.5634e+00
1320 +1.500935866e-05 +1.500935866e-05 +7.786100150e+02 +7.786100150e+02 -3.8330e+00 -3.8160e+00 -2.8597e+00 -4.1172e-02 -1.5585e+00
1342 +1.139788230e-05 +1.139788230e-05 +7.786100114e+02 +7.786100114e+02 -3.8320e+00 -3.8138e+00 -2.8567e+00 -4.0777e-02 -1.5622e+00
1386 +3.966170084e-06 +3.966170084e-06 +7.786100040e+02 +7.786100040e+02 -3.8318e+00 -3.8154e+00 -2.8576e+00 -4.0919e-02 -1.5624e+00
1518 +1.648842272e-06 +1.648842272e-06 +7.786100016e+02 +7.786100016e+02 -3.8329e+00 -3.8163e+00 -2.8586e+00 -4.1741e-02 -1.5622e+00
1584 +7.452856607e-07 +7.452856607e-07 +7.786100007e+02 +7.786100007e+02 -3.8326e+00 -3.8164e+00 -2.8574e+00 -4.2340e-02 -1.5615e+00
1606 +4.672343721e-07 +4.672343721e-07 +7.786100005e+02 +7.786100005e+02 -3.8330e+00 -3.8166e+00 -2.8571e+00 -4.1967e-02 -1.5617e+00
1628 +3.268137334e-07 +3.268137334e-07 +7.786100003e+02 +7.786100003e+02 -3.8325e+00 -3.8166e+00 -2.8573e+00 -4.1750e-02 -1.5619e+00
1714 +3.090642622e-07 +3.090642622e-07 +7.786100003e+02 +7.786100003e+02 -3.8326e+00 -3.8169e+00 -2.8580e+00 -4.1889e-02 -1.5617e+00
1716 +2.575296776e-07 +2.575296776e-07 +7.786100003e+02 +7.786100003e+02 -3.8327e+00 -3.8172e+00 -2.8578e+00 -4.1628e-02 -1.5618e+00
1738 +2.100792926e-07 +2.100792926e-07 +7.786100002e+02 +7.786100002e+02 -3.8327e+00 -3.8168e+00 -2.8580e+00 -4.1537e-02 -1.5616e+00
1760 +7.274866221e-08 +7.274866221e-08 +7.786100001e+02 +7.786100001e+02 -3.8327e+00 -3.8169e+00 -2.8578e+00 -4.1627e-02 -1.5617e+00
1826 +6.818413567e-08 +6.818413567e-08 +7.786100001e+02 +7.786100001e+02 -3.8328e+00 -3.8169e+00 -2.8575e+00 -4.1815e-02 -1.5617e+00
1892 +2.893716555e-08 +2.893716555e-08 +7.786100000e+02 +7.786100000e+02 -3.8329e+00 -3.8170e+00 -2.8576e+00 -4.1560e-02 -1.5616e+00
1914 +2.071374183e-08 +2.071374183e-08 +7.786100000e+02 +7.786100000e+02 -3.8327e+00 -3.8168e+00 -2.8575e+00 -4.1546e-02 -1.5617e+00
1958 +1.539933692e-08 +1.539933692e-08 +7.786100000e+02 +7.786100000e+02 -3.8327e+00 -3.8167e+00 -2.8575e+00 -4.1666e-02 -1.5616e+00
1980 +1.080945822e-08 +1.080945822e-08 +7.786100000e+02 +7.786100000e+02 -3.8328e+00 -3.8168e+00 -2.8576e+00 -4.1689e-02 -1.5615e+00
2002 +3.860350262e-09 +3.860350262e-09 +7.786100000e+02 +7.786100000e+02 -3.8328e+00 -3.8168e+00 -2.8576e+00 -4.1652e-02 -1.5616e+00
% function evaluation | noise-free fitness - Fopt (-2.051000000000e+01) | best noise-free fitness - Fopt | measured fitness | best measured fitness | x1 | x2...
1 +3.703388032e+01 +3.703388032e+01 +1.652388032e+01 +1.652388032e+01 +0.0000e+00 +0.0000e+00 +0.0000e+00 +0.0000e+00 +0.0000e+00
2 +2.921463326e+01 +2.921463326e+01 +8.704633259e+00 +8.704633259e+00 -3.9934e+00 -5.3449e-01 -1.5636e+00 -8.5477e-01 +1.3321e+00
24 +2.872884365e+01 +2.872884365e+01 +8.218843647e+00 +8.218843647e+00 -3.8166e+00 -6.3965e-01 -1.5413e+00 -8.6214e-01 +1.5717e+00
27 +2.805215292e+01 +2.805215292e+01 +7.542152916e+00 +7.542152916e+00 -3.8578e+00 -5.9050e-01 -1.2580e+00 -6.1625e-01 +1.2916e+00
34 +2.515568188e+01 +2.515568188e+01 +4.645681881e+00 +4.645681881e+00 -3.8685e+00 -4.0490e-01 -1.2355e+00 -9.2351e-01 +1.5027e+00
51 +2.456016434e+01 +2.456016434e+01 +4.050164344e+00 +4.050164344e+00 -4.0259e+00 -7.1134e-01 -7.9032e-01 -8.2067e-01 +1.3098e+00
58 +2.343460281e+01 +2.343460281e+01 +2.924602814e+00 +2.924602814e+00 -3.6821e+00 -6.0552e-01 -7.1299e-01 -5.4047e-01 +1.7279e+00
69 +2.218366714e+01 +2.218366714e+01 +1.673667142e+00 +1.673667142e+00 -3.8307e+00 -6.7915e-01 -3.9015e-01 -6.0650e-01 +1.4649e+00
71 +2.126550593e+01 +2.126550593e+01 +7.555059329e-01 +7.555059329e-01 -3.7082e+00 -7.9501e-01 -5.8768e-01 -1.0369e+00 +1.8721e+00
83 +2.089064234e+01 +2.089064234e+01 +3.806423364e-01 +3.806423364e-01 -3.7684e+00 -4.8727e-01 -9.6729e-01 -1.4490e+00 +1.8995e+00
90 +1.369711287e+01 +1.369711287e+01 -6.812887131e+00 -6.812887131e+00 -4.3990e+00 -6.1623e-01 +5.9408e-01 -1.4230e+00 +2.0562e+00
112 +1.058633709e+01 +1.058633709e+01 -9.923662906e+00 -9.923662906e+00 -3.8977e+00 -4.4766e-01 +2.5402e+00 -8.6571e-01 +1.8005e+00
117 +8.791606252e+00 +8.791606252e+00 -1.171839375e+01 -1.171839375e+01 -4.0091e+00 -5.8568e-02 +1.1886e+00 -1.5911e+00 +1.6614e+00
135 +8.191718626e+00 +8.191718626e+00 -1.231828137e+01 -1.231828137e+01 -3.3078e+00 -6.0194e-01 +2.7879e+00 -1.4840e+00 +2.5095e+00
140 +7.675054723e+00 +7.675054723e+00 -1.283494528e+01 -1.283494528e+01 -3.4533e+00 +1.6644e-01 +2.3570e+00 -1.1505e+00 +1.4036e+00
143 +2.997010395e+00 +2.997010395e+00 -1.751298960e+01 -1.751298960e+01 -4.4104e+00 +8.2403e-01 +2.2264e+00 -2.5977e+00 +1.9160e+00
176 +2.672028045e+00 +2.672028045e+00 -1.783797196e+01 -1.783797196e+01 -3.8575e+00 +7.4520e-01 +2.7007e+00 -2.6416e+00 +1.6565e+00
198 +2.300726640e+00 +2.300726640e+00 -1.820927336e+01 -1.820927336e+01 -3.8667e+00 +1.5187e+00 +1.9339e+00 -3.4044e+00 +1.5657e+00
266 +2.079902021e+00 +2.079902021e+00 -1.843009798e+01 -1.843009798e+01 -4.0771e+00 +1.2562e+00 +3.2611e+00 -2.6336e+00 +1.9003e+00
324 +1.766605271e+00 +1.766605271e+00 -1.874339473e+01 -1.874339473e+01 -3.8372e+00 +1.8178e+00 +2.8094e+00 -3.1492e+00 +1.5072e+00
330 +1.710550574e+00 +1.710550574e+00 -1.879944943e+01 -1.879944943e+01 -3.7638e+00 +1.6633e+00 +2.5377e+00 -3.4562e+00 +1.6020e+00
337 +1.152077770e+00 +1.152077770e+00 -1.935792223e+01 -1.935792223e+01 -3.3599e+00 +1.2148e+00 +2.4771e+00 -3.0455e+00 +1.8611e+00
355 +4.420848809e-01 +4.420848809e-01 -2.006791512e+01 -2.006791512e+01 -3.4756e+00 +1.2914e+00 +2.6431e+00 -2.9459e+00 +2.3987e+00
453 +4.074284678e-01 +4.074284678e-01 -2.010257153e+01 -2.010257153e+01 -3.0214e+00 +1.5075e+00 +2.7011e+00 -2.5537e+00 +2.5507e+00
462 +3.218318531e-01 +3.218318531e-01 -2.018816815e+01 -2.018816815e+01 -3.3434e+00 +2.0221e+00 +2.1603e+00 -3.1483e+00 +2.4210e+00
484 +2.192447790e-01 +2.192447790e-01 -2.029075522e+01 -2.029075522e+01 -3.3847e+00 +2.0676e+00 +2.3053e+00 -2.9443e+00 +2.3625e+00
487 +1.957143205e-01 +1.957143205e-01 -2.031428568e+01 -2.031428568e+01 -3.4581e+00 +2.2423e+00 +2.3478e+00 -2.8888e+00 +2.7259e+00
491 +1.599125613e-01 +1.599125613e-01 -2.035008744e+01 -2.035008744e+01 -3.3529e+00 +1.4985e+00 +2.4411e+00 -2.8615e+00 +2.6060e+00
506 +1.077747735e-01 +1.077747735e-01 -2.040222523e+01 -2.040222523e+01 -3.5693e+00 +1.9681e+00 +2.4627e+00 -2.7018e+00 +2.6170e+00
528 +7.938443985e-02 +7.938443985e-02 -2.043061556e+01 -2.043061556e+01 -3.5603e+00 +1.9496e+00 +2.3830e+00 -2.9423e+00 +2.6716e+00
572 +7.688631372e-02 +7.688631372e-02 -2.043311369e+01 -2.043311369e+01 -3.3593e+00 +1.9247e+00 +2.3288e+00 -2.8907e+00 +2.8384e+00
594 +5.501057060e-02 +5.501057060e-02 -2.045498943e+01 -2.045498943e+01 -3.3603e+00 +1.7217e+00 +2.6337e+00 -2.9186e+00 +2.8643e+00
616 +3.405615709e-02 +3.405615709e-02 -2.047594384e+01 -2.047594384e+01 -3.3493e+00 +1.8752e+00 +2.4726e+00 -3.0414e+00 +2.7754e+00
638 +2.744934915e-02 +2.744934915e-02 -2.048255065e+01 -2.048255065e+01 -3.3917e+00 +1.9144e+00 +2.6601e+00 -2.9489e+00 +2.8063e+00
711 +2.314106023e-02 +2.314106023e-02 -2.048685894e+01 -2.048685894e+01 -3.3935e+00 +1.7475e+00 +2.5602e+00 -2.8787e+00 +2.7830e+00
726 +2.018912385e-02 +2.018912385e-02 -2.048981088e+01 -2.048981088e+01 -3.3598e+00 +1.8093e+00 +2.4580e+00 -2.8867e+00 +2.7758e+00
755 +8.700657094e-03 +8.700657094e-03 -2.050129934e+01 -2.050129934e+01 -3.2990e+00 +1.8899e+00 +2.5993e+00 -2.9440e+00 +2.6726e+00
792 +4.956070816e-03 +4.956070816e-03 -2.050504393e+01 -2.050504393e+01 -3.3591e+00 +1.9182e+00 +2.5853e+00 -2.9290e+00 +2.7260e+00
814 +2.160041405e-03 +2.160041405e-03 -2.050783996e+01 -2.050783996e+01 -3.3581e+00 +1.8567e+00 +2.5854e+00 -2.8938e+00 +2.7334e+00
902 +1.694039415e-03 +1.694039415e-03 -2.050830596e+01 -2.050830596e+01 -3.3317e+00 +1.8621e+00 +2.5840e+00 -2.9068e+00 +2.6897e+00
952 +1.230076197e-03 +1.230076197e-03 -2.050876992e+01 -2.050876992e+01 -3.3801e+00 +1.8399e+00 +2.5693e+00 -2.8964e+00 +2.7067e+00
962 +3.747473722e-04 +3.747473722e-04 -2.050962525e+01 -2.050962525e+01 -3.3596e+00 +1.8691e+00 +2.5619e+00 -2.8822e+00 +2.7031e+00
1078 +1.041646942e-04 +1.041646942e-04 -2.050989584e+01 -2.050989584e+01 -3.3653e+00 +1.8761e+00 +2.5586e+00 -2.9041e+00 +2.6979e+00
1166 +4.149456534e-05 +4.149456534e-05 -2.050995851e+01 -2.050995851e+01 -3.3625e+00 +1.8664e+00 +2.5635e+00 -2.9007e+00 +2.7021e+00
1276 +3.613914641e-05 +3.613914641e-05 -2.050996386e+01 -2.050996386e+01 -3.3638e+00 +1.8659e+00 +2.5554e+00 -2.8974e+00 +2.6992e+00
1298 +2.585495502e-05 +2.585495502e-05 -2.050997415e+01 -2.050997415e+01 -3.3647e+00 +1.8644e+00 +2.5567e+00 -2.9016e+00 +2.6954e+00
1364 +1.397925058e-05 +1.397925058e-05 -2.050998602e+01 -2.050998602e+01 -3.3638e+00 +1.8640e+00 +2.5584e+00 -2.9007e+00 +2.6975e+00
1386 +6.732273167e-06 +6.732273167e-06 -2.050999327e+01 -2.050999327e+01 -3.3631e+00 +1.8655e+00 +2.5599e+00 -2.8981e+00 +2.6967e+00
1430 +6.086391064e-06 +6.086391064e-06 -2.050999391e+01 -2.050999391e+01 -3.3627e+00 +1.8678e+00 +2.5620e+00 -2.9009e+00 +2.6960e+00
1452 +4.005763060e-06 +4.005763060e-06 -2.050999599e+01 -2.050999599e+01 -3.3638e+00 +1.8675e+00 +2.5615e+00 -2.8994e+00 +2.6958e+00
1496 +2.160690684e-06 +2.160690684e-06 -2.050999784e+01 -2.050999784e+01 -3.3631e+00 +1.8679e+00 +2.5608e+00 -2.8990e+00 +2.6965e+00
1562 +6.386121534e-07 +6.386121534e-07 -2.050999936e+01 -2.050999936e+01 -3.3629e+00 +1.8672e+00 +2.5594e+00 -2.9004e+00 +2.6969e+00
1584 +5.460836796e-07 +5.460836796e-07 -2.050999945e+01 -2.050999945e+01 -3.3629e+00 +1.8669e+00 +2.5598e+00 -2.9001e+00 +2.6974e+00
1663 +2.582512124e-07 +2.582512124e-07 -2.050999974e+01 -2.050999974e+01 -3.3632e+00 +1.8672e+00 +2.5604e+00 -2.9001e+00 +2.6970e+00
1672 +1.568207537e-07 +1.568207537e-07 -2.050999984e+01 -2.050999984e+01 -3.3632e+00 +1.8671e+00 +2.5603e+00 -2.9001e+00 +2.6971e+00
1738 +1.387465680e-07 +1.387465680e-07 -2.050999986e+01 -2.050999986e+01 -3.3632e+00 +1.8675e+00 +2.5598e+00 -2.9001e+00 +2.6968e+00
1760 +1.374924210e-07 +1.374924210e-07 -2.050999986e+01 -2.050999986e+01 -3.3632e+00 +1.8674e+00 +2.5603e+00 -2.8999e+00 +2.6969e+00
1804 +6.225778293e-08 +6.225778293e-08 -2.050999994e+01 -2.050999994e+01 -3.3633e+00 +1.8672e+00 +2.5602e+00 -2.9000e+00 +2.6969e+00
1810 +4.897694339e-08 +4.897694339e-08 -2.050999995e+01 -2.050999995e+01 -3.3632e+00 +1.8672e+00 +2.5602e+00 -2.8999e+00 +2.6967e+00
1936 +2.404015476e-08 +2.404015476e-08 -2.050999998e+01 -2.050999998e+01 -3.3632e+00 +1.8672e+00 +2.5601e+00 -2.8999e+00 +2.6968e+00
1958 +2.205522520e-08 +2.205522520e-08 -2.050999998e+01 -2.050999998e+01 -3.3633e+00 +1.8673e+00 +2.5600e+00 -2.8999e+00 +2.6968e+00
1980 +1.480240286e-08 +1.480240286e-08 -2.050999999e+01 -2.050999999e+01 -3.3631e+00 +1.8672e+00 +2.5600e+00 -2.8999e+00 +2.6968e+00
2002 +1.324668375e-08 +1.324668375e-08 -2.050999999e+01 -2.050999999e+01 -3.3632e+00 +1.8671e+00 +2.5601e+00 -2.9000e+00 +2.6968e+00
2024 +8.695305809e-09 +8.695305809e-09 -2.050999999e+01 -2.050999999e+01 -3.3632e+00 +1.8673e+00 +2.5601e+00 -2.9000e+00 +2.6968e+00
% function evaluation | noise-free fitness - Fopt (-1.000000000000e+03) | best noise-free fitness - Fopt | measured fitness | best measured fitness | x1 | x2...
1 +3.079493120e+01 +3.079493120e+01 -9.692050688e+02 -9.692050688e+02 +0.0000e+00 +0.0000e+00 +0.0000e+00 +0.0000e+00 +0.0000e+00
211 +2.773637141e+01 +2.773637141e+01 -9.722636286e+02 -9.722636286e+02 +1.9112e-01 +9.0752e-01 -1.4453e-01 -3.9314e-02 +4.8942e-01
213 +2.538663238e+01 +2.538663238e+01 -9.746133676e+02 -9.746133676e+02 -6.4451e-01 +3.5176e+00 -6.1167e-01 -2.9690e-01 +2.5486e-02
217 +1.861758257e+01 +1.861758257e+01 -9.813824174e+02 -9.813824174e+02 +5.9824e-02 +1.7473e+00 -1.7860e+00 -8.9777e-01 +8.0110e-01
222 +1.421165991e+01 +1.421165991e+01 -9.857883401e+02 -9.857883401e+02 +2.6752e-01 +6.2324e-01 -1.5902e+00 -1.3202e+00 -3.2646e-01
228 +8.223926841e+00 +8.223926841e+00 -9.917760732e+02 -9.917760732e+02 +2.0097e+00 +1.0834e+00 -3.9606e+00 -1.5030e+00 -2.0090e-01
261 +6.016271450e+00 +6.016271450e+00 -9.939837285e+02 -9.939837285e+02 +6.2590e-01 +9.8318e-01 -2.6899e+00 -1.6859e+00 -2.0642e+00
264 +5.144615180e+00 +5.144615180e+00 -9.948553848e+02 -9.948553848e+02 +2.1983e+00 +8.0729e-01 -2.0102e+00 -1.9536e+00 -9.3077e-01
286 +4.001348595e+00 +4.001348595e+00 -9.959986514e+02 -9.959986514e+02 +3.0202e+00 +1.7457e+00 -2.1626e+00 -1.5259e+00 -8.6480e-01
302 +3.614355959e+00 +3.614355959e+00 -9.963856440e+02 -9.963856440e+02 +2.2841e+00 +2.9313e+00 -1.9677e+00 -2.6297e+00 -5.5368e-01
308 +1.837902852e+00 +1.837902852e+00 -9.981620971e+02 -9.981620971e+02 +2.4507e+00 +2.5090e+00 -2.8241e+00 -2.2530e+00 -8.5275e-01
374 +1.346120333e+00 +1.346120333e+00 -9.986538797e+02 -9.986538797e+02 +2.3534e+00 +2.6457e+00 -3.1187e+00 -2.3720e+00 -1.0935e+00
415 +1.264781500e+00 +1.264781500e+00 -9.987352185e+02 -9.987352185e+02 +1.7112e+00 +2.7290e+00 -3.3311e+00 -2.2933e+00 -2.7353e+00
418 +1.258734433e+00 +1.258734433e+00 -9.987412656e+02 -9.987412656e+02 +2.6927e+00 +3.1910e+00 -2.2934e+00 -2.0867e+00 -1.9133e+00
440 +5.503606258e-01 +5.503606258e-01 -9.994496394e+02 -9.994496394e+02 +2.4175e+00 +2.6579e+00 -3.4680e+00 -2.3566e+00 -2.2779e+00
488 +5.429566343e-01 +5.429566343e-01 -9.994570434e+02 -9.994570434e+02 +1.8718e+00 +1.9192e+00 -2.7176e+00 -2.5324e+00 -2.2275e+00
506 +9.609617061e-02 +9.609617061e-02 -9.999039038e+02 -9.999039038e+02 +2.2890e+00 +2.5253e+00 -2.9980e+00 -2.5492e+00 -1.9905e+00
770 +4.214185148e-02 +4.214185148e-02 -9.999578581e+02 -9.999578581e+02 +2.2709e+00 +2.4328e+00 -2.7121e+00 -2.5665e+00 -2.2721e+00
894 +3.774225677e-02 +3.774225677e-02 -9.999622577e+02 -9.999622577e+02 +2.3373e+00 +2.4674e+00 -2.8253e+00 -2.4535e+00 -2.0437e+00
902 +3.617462152e-02 +3.617462152e-02 -9.999638254e+02 -9.999638254e+02 +2.3936e+00 +2.4431e+00 -2.9727e+00 -2.4786e+00 -2.1369e+00
924 +1.025690898e-02 +1.025690898e-02 -9.999897431e+02 -9.999897431e+02 +2.3378e+00 +2.4255e+00 -2.7775e+00 -2.5408e+00 -2.1195e+00
990 +9.852968438e-03 +9.852968438e-03 -9.999901470e+02 -9.999901470e+02 +2.3178e+00 +2.4207e+00 -2.8049e+00 -2.5495e+00 -2.1774e+00
1012 +4.265632014e-03 +4.265632014e-03 -9.999957344e+02 -9.999957344e+02 +2.3832e+00 +2.3867e+00 -2.8409e+00 -2.6110e+00 -2.1782e+00
1034 +2.570343412e-03 +2.570343412e-03 -9.999974297e+02 -9.999974297e+02 +2.3711e+00 +2.4009e+00 -2.8151e+00 -2.5442e+00 -2.1504e+00
1056 +2.176350280e-03 +2.176350280e-03 -9.999978236e+02 -9.999978236e+02 +2.4343e+00 +2.3841e+00 -2.8450e+00 -2.5607e+00 -2.1816e+00
1127 +1.218430470e-03 +1.218430470e-03 -9.999987816e+02 -9.999987816e+02 +2.4177e+00 +2.4064e+00 -2.8310e+00 -2.5450e+00 -2.1469e+00
1210 +4.514426124e-04 +4.514426124e-04 -9.999995486e+02 -9.999995486e+02 +2.4296e+00 +2.4033e+00 -2.8058e+00 -2.5773e+00 -2.1630e+00
1298 +3.598275333e-04 +3.598275333e-04 -9.999996402e+02 -9.999996402e+02 +2.4130e+00 +2.4165e+00 -2.8022e+00 -2.5756e+00 -2.1620e+00
1314 +2.013626390e-04 +2.013626390e-04 -9.999997986e+02 -9.999997986e+02 +2.4125e+00 +2.4144e+00 -2.8064e+00 -2.5615e+00 -2.1595e+00
1430 +1.535571128e-04 +1.535571128e-04 -9.999998464e+02 -9.999998464e+02 +2.4117e+00 +2.4079e+00 -2.8031e+00 -2.5671e+00 -2.1595e+00
1474 +1.265125640e-04 +1.265125640e-04 -9.999998735e+02 -9.999998735e+02 +2.4143e+00 +2.4135e+00 -2.8101e+00 -2.5624e+00 -2.1612e+00
1489 +3.674072241e-05 +3.674072241e-05 -9.999999633e+02 -9.999999633e+02 +2.4138e+00 +2.3990e+00 -2.8124e+00 -2.5657e+00 -2.1656e+00
1540 +9.992369314e-06 +9.992369314e-06 -9.999999900e+02 -9.999999900e+02 +2.4145e+00 +2.4051e+00 -2.8128e+00 -2.5641e+00 -2.1647e+00
1716 +8.058360208e-06 +8.058360208e-06 -9.999999919e+02 -9.999999919e+02 +2.4120e+00 +2.4050e+00 -2.8137e+00 -2.5669e+00 -2.1682e+00
1819 +7.235440535e-06 +7.235440535e-06 -9.999999928e+02 -9.999999928e+02 +2.4137e+00 +2.4023e+00 -2.8118e+00 -2.5647e+00 -2.1667e+00
1826 +4.010620160e-06 +4.010620160e-06 -9.999999960e+02 -9.999999960e+02 +2.4130e+00 +2.4036e+00 -2.8129e+00 -2.5649e+00 -2.1663e+00
1848 +6.054342521e-07 +6.054342521e-07 -9.999999994e+02 -9.999999994e+02 +2.4135e+00 +2.4047e+00 -2.8118e+00 -2.5662e+00 -2.1668e+00
2046 +5.270095471e-07 +5.270095471e-07 -9.999999995e+02 -9.999999995e+02 +2.4133e+00 +2.4043e+00 -2.8119e+00 -2.5655e+00 -2.1675e+00
2053 +3.975901564e-07 +3.975901564e-07 -9.999999996e+02 -9.999999996e+02 +2.4138e+00 +2.4049e+00 -2.8115e+00 -2.5655e+00 -2.1675e+00
2112 +3.076618214e-07 +3.076618214e-07 -9.999999997e+02 -9.999999997e+02 +2.4139e+00 +2.4047e+00 -2.8116e+00 -2.5655e+00 -2.1673e+00
2134 +2.723174930e-07 +2.723174930e-07 -9.999999997e+02 -9.999999997e+02 +2.4138e+00 +2.4047e+00 -2.8116e+00 -2.5657e+00 -2.1674e+00
2156 +5.244646673e-08 +5.244646673e-08 -9.999999999e+02 -9.999999999e+02 +2.4136e+00 +2.4047e+00 -2.8120e+00 -2.5655e+00 -2.1670e+00
2264 +3.732668574e-08 +3.732668574e-08 -1.000000000e+03 -1.000000000e+03 +2.4136e+00 +2.4049e+00 -2.8119e+00 -2.5655e+00 -2.1671e+00
2288 +2.473643690e-08 +2.473643690e-08 -1.000000000e+03 -1.000000000e+03 +2.4135e+00 +2.4048e+00 -2.8119e+00 -2.5655e+00 -2.1672e+00
2361 +2.056765425e-08 +2.056765425e-08 -1.000000000e+03 -1.000000000e+03 +2.4136e+00 +2.4048e+00 -2.8121e+00 -2.5655e+00 -2.1671e+00
2376 +1.791738669e-08 +1.791738669e-08 -1.000000000e+03 -1.000000000e+03 +2.4137e+00 +2.4047e+00 -2.8120e+00 -2.5656e+00 -2.1672e+00
2398 +1.517639703e-08 +1.517639703e-08 -1.000000000e+03 -1.000000000e+03 +2.4137e+00 +2.4048e+00 -2.8120e+00 -2.5657e+00 -2.1672e+00
2420 +9.410769053e-09 +9.410769053e-09 -1.000000000e+03 -1.000000000e+03 +2.4137e+00 +2.4048e+00 -2.8120e+00 -2.5656e+00 -2.1672e+00
% function evaluation | noise-free fitness - Fopt (-1.730800000000e+02) | best noise-free fitness - Fopt | measured fitness | best measured fitness | x1 | x2...
1 +4.298789888e+01 +4.298789888e+01 -1.300921011e+02 -1.300921011e+02 +0.0000e+00 +0.0000e+00 +0.0000e+00 +0.0000e+00 +0.0000e+00
90 +3.299640448e+01 +3.299640448e+01 -1.400835955e+02 -1.400835955e+02 -1.0445e+00 -7.3801e-02 +1.5081e+00 +2.0250e-01 +1.0001e-01
112 +2.697489858e+01 +2.697489858e+01 -1.461051014e+02 -1.461051014e+02 -9.8889e-01 -1.1490e+00 +9.8360e-01 +2.4792e-01 -3.3535e-01
113 +2.416076822e+01 +2.416076822e+01 -1.489192318e+02 -1.489192318e+02 -1.3515e+00 -8.6092e-01 +2.8956e-01 +8.1503e-01 -5.9062e-01
115 +1.191945197e+01 +1.191945197e+01 -1.611605480e+02 -1.611605480e+02 -2.4027e+00 -1.7376e+00 +1.0504e+00 +1.3454e+00 -1.6678e-01
157 +9.665328173e+00 +9.665328173e+00 -1.634146718e+02 -1.634146718e+02 -1.2609e+00 -1.8290e+00 +5.5224e-01 +3.4097e+00 +9.8536e-01
158 +4.593450554e+00 +4.593450554e+00 -1.684865494e+02 -1.684865494e+02 -3.0558e+00 -2.8232e+00 +2.7014e+00 +2.7305e+00 +1.8828e-01
176 +3.692203312e+00 +3.692203312e+00 -1.693877967e+02 -1.693877967e+02 -3.7672e+00 -2.4873e+00 +1.6071e+00 +2.7375e+00 -4.8306e-01
198 +1.807352721e+00 +1.807352721e+00 -1.712726473e+02 -1.712726473e+02 -3.9024e+00 -3.6891e+00 +8.3224e-01 +2.9235e+00 -3.2545e-01
236 +1.595338726e+00 +1.595338726e+00 -1.714846613e+02 -1.714846613e+02 -3.5938e+00 -4.2912e+00 +2.1309e+00 +4.0109e+00 +9.9330e-01
242 +9.801481659e-01 +9.801481659e-01 -1.720998518e+02 -1.720998518e+02 -3.0146e+00 -3.9493e+00 +1.0930e+00 +3.2061e+00 +3.4795e-01
286 +7.338744987e-01 +7.338744987e-01 -1.723461255e+02 -1.723461255e+02 -3.8925e+00 -3.8190e+00 +1.7449e+00 +4.3471e+00 +1.1473e-01
308 +6.267404585e-01 +6.267404585e-01 -1.724532595e+02 -1.724532595e+02 -3.6431e+00 -4.0461e+00 +1.8700e+00 +3.8440e+00 +4.3791e-01
358 +5.489015994e-01 +5.489015994e-01 -1.725310984e+02 -1.725310984e+02 -3.3955e+00 -3.2048e+00 +1.6570e+00 +4.2499e+00 +3.7162e-01
396 +5.089245491e-01 +5.089245491e-01 -1.725710755e+02 -1.725710755e+02 -3.5992e+00 -3.3335e+00 +1.8092e+00 +4.1616e+00 +4.2049e-01
418 +4.236030769e-01 +4.236030769e-01 -1.726563969e+02 -1.726563969e+02 -3.3329e+00 -3.4652e+00 +1.7604e+00 +3.7926e+00 +5.6591e-01
462 +3.263330704e-01 +3.263330704e-01 -1.727536669e+02 -1.727536669e+02 -3.5449e+00 -3.3366e+00 +1.6047e+00 +4.1957e+00 +4.5662e-01
484 +2.867672658e-01 +2.867672658e-01 -1.727932327e+02 -1.727932327e+02 -3.3182e+00 -3.4882e+00 +1.4880e+00 +4.2061e+00 +5.6434e-01
506 +1.344304458e-02 +1.344304458e-02 -1.730665570e+02 -1.730665570e+02 -3.6509e+00 -3.6866e+00 +1.2553e+00 +3.9472e+00 +5.1510e-01
572 +8.489857513e-03 +8.489857513e-03 -1.730715101e+02 -1.730715101e+02 -3.6767e+00 -3.6404e+00 +1.2445e+00 +3.8428e+00 +4.8508e-01
748 +8.069985767e-03 +8.069985767e-03 -1.730719300e+02 -1.730719300e+02 -3.6388e+00 -3.6582e+00 +1.2648e+00 +3.9075e+00 +4.2040e-01
751 +3.121110508e-03 +3.121110508e-03 -1.730768789e+02 -1.730768789e+02 -3.6566e+00 -3.5883e+00 +1.2424e+00 +3.8936e+00 +4.6815e-01
770 +8.656683840e-04 +8.656683840e-04 -1.730791343e+02 -1.730791343e+02 -3.6129e+00 -3.6319e+00 +1.2284e+00 +3.8832e+00 +4.6552e-01
880 +3.563708098e-04 +3.563708098e-04 -1.730796436e+02 -1.730796436e+02 -3.6153e+00 -3.6287e+00 +1.2056e+00 +3.8893e+00 +4.7266e-01
902 +2.260025806e-04 +2.260025806e-04 -1.730797740e+02 -1.730797740e+02 -3.6170e+00 -3.6254e+00 +1.2091e+00 +3.8904e+00 +4.6509e-01
963 +8.144610140e-05 +8.144610140e-05 -1.730799186e+02 -1.730799186e+02 -3.6124e+00 -3.6098e+00 +1.2172e+00 +3.8992e+00 +4.6716e-01
1012 +4.653844931e-05 +4.653844931e-05 -1.730799535e+02 -1.730799535e+02 -3.6126e+00 -3.6078e+00 +1.2141e+00 +3.8968e+00 +4.7048e-01
1144 +3.211368394e-05 +3.211368394e-05 -1.730799679e+02 -1.730799679e+02 -3.6171e+00 -3.6100e+00 +1.2112e+00 +3.8933e+00 +4.6466e-01
1166 +6.265021426e-06 +6.265021426e-06 -1.730799937e+02 -1.730799937e+02 -3.6171e+00 -3.6110e+00 +1.2094e+00 +3.8947e+00 +4.6832e-01
1188 +3.130396095e-06 +3.130396095e-06 -1.730799969e+02 -1.730799969e+02 -3.6160e+00 -3.6109e+00 +1.2107e+00 +3.8949e+00 +4.7049e-01
1298 +2.209193184e-06 +2.209193184e-06 -1.730799978e+02 -1.730799978e+02 -3.6166e+00 -3.6109e+00 +1.2115e+00 +3.8954e+00 +4.7050e-01
1342 +2.165748072e-06 +2.165748072e-06 -1.730799978e+02 -1.730799978e+02 -3.6170e+00 -3.6116e+00 +1.2106e+00 +3.8962e+00 +4.6888e-01
1364 +1.043906934e-06 +1.043906934e-06 -1.730799990e+02 -1.730799990e+02 -3.6171e+00 -3.6119e+00 +1.2104e+00 +3.8955e+00 +4.7013e-01
1452 +2.455230117e-07 +2.455230117e-07 -1.730799998e+02 -1.730799998e+02 -3.6165e+00 -3.6119e+00 +1.2109e+00 +3.8950e+00 +4.6953e-01
1474 +1.678728552e-07 +1.678728552e-07 -1.730799998e+02 -1.730799998e+02 -3.6168e+00 -3.6118e+00 +1.2110e+00 +3.8949e+00 +4.6966e-01
1496 +1.175022248e-07 +1.175022248e-07 -1.730799999e+02 -1.730799999e+02 -3.6168e+00 -3.6121e+00 +1.2112e+00 +3.8949e+00 +4.6955e-01
1606 +6.348849979e-08 +6.348849979e-08 -1.730799999e+02 -1.730799999e+02 -3.6168e+00 -3.6118e+00 +1.2113e+00 +3.8952e+00 +4.6956e-01
1694 +5.144920578e-08 +5.144920578e-08 -1.730799999e+02 -1.730799999e+02 -3.6168e+00 -3.6119e+00 +1.2112e+00 +3.8953e+00 +4.6950e-01
1738 +1.794896320e-08 +1.794896320e-08 -1.730800000e+02 -1.730800000e+02 -3.6168e+00 -3.6119e+00 +1.2112e+00 +3.8951e+00 +4.6956e-01
1760 +1.584734832e-08 +1.584734832e-08 -1.730800000e+02 -1.730800000e+02 -3.6168e+00 -3.6120e+00 +1.2113e+00 +3.8952e+00 +4.6959e-01
1804 +1.205219746e-08 +1.205219746e-08 -1.730800000e+02 -1.730800000e+02 -3.6168e+00 -3.6120e+00 +1.2112e+00 +3.8953e+00 +4.6965e-01
1826 +3.298993079e-09 +3.298993079e-09 -1.730800000e+02 -1.730800000e+02 -3.6168e+00 -3.6120e+00 +1.2112e+00 +3.8952e+00 +4.6958e-01
% function evaluation | noise-free fitness - Fopt (5.309000000000e+01) | best noise-free fitness - Fopt | measured fitness | best measured fitness | x1 | x2...
1 +2.976110016e+01 +2.976110016e+01 +8.285110016e+01 +8.285110016e+01 +0.0000e+00 +0.0000e+00 +0.0000e+00 +0.0000e+00 +0.0000e+00
91 +2.698249158e+01 +2.698249158e+01 +8.007249158e+01 +8.007249158e+01 +1.1919e+00 -4.3381e-01 -6.1287e-01 -2.0389e+00 -2.1247e+00
100 +2.676782158e+01 +2.676782158e+01 +7.985782158e+01 +7.985782158e+01 +9.0133e-01 -7.5267e-01 -1.1721e+00 -1.3707e+00 -2.1336e+00
105 +2.531497103e+01 +2.531497103e+01 +7.840497103e+01 +7.840497103e+01 +1.4518e+00 -1.0725e+00 -1.1607e+00 -1.9899e+00 -2.1181e+00
113 +1.676555909e+01 +1.676555909e+01 +6.985555909e+01 +6.985555909e+01 +5.2646e-01 -4.5450e+00 -1.2736e+00 -1.7131e+00 -2.0970e+00
115 +1.595882454e+01 +1.595882454e+01 +6.904882454e+01 +6.904882454e+01 +1.0579e+00 -1.9839e+00 -1.3984e+00 -1.8898e+00 -1.1489e+00
120 +1.431614289e+01 +1.431614289e+01 +6.740614289e+01 +6.740614289e+01 -5.0483e-02 -4.0198e+00 -1.5238e+00 -7.3493e-01 -8.2932e-01
132 +1.354223060e+01 +1.354223060e+01 +6.663223060e+01 +6.663223060e+01 +4.4042e-01 -2.8452e+00 -1.5651e+00 -1.4129e+00 -1.1353e+00
138 +1.040098328e+01 +1.040098328e+01 +6.349098328e+01 +6.349098328e+01 +9.6364e-02 -2.7133e+00 -2.1492e+00 -4.3943e+00 -1.5830e+00
154 +6.811166844e+00 +6.811166844e+00 +5.990116684e+01 +5.990116684e+01 +1.3588e-02 -2.7229e+00 -1.8833e+00 -2.6102e+00 -4.1452e-01
157 +3.798816637e+00 +3.798816637e+00 +5.688881664e+01 +5.688881664e+01 -2.0269e+00 -4.3321e+00 -1.0446e+00 -3.6620e+00 -1.0959e+00
176 +2.808570420e+00 +2.808570420e+00 +5.589857042e+01 +5.589857042e+01 -1.0359e+00 -3.7499e+00 -1.4691e+00 -2.9246e+00 -5.0472e-01
198 +7.046636486e-01 +7.046636486e-01 +5.379466365e+01 +5.379466365e+01 -1.2174e+00 -3.7471e+00 -5.5738e-01 -3.6779e+00 -2.1439e-01
330 +2.130418363e-01 +2.130418363e-01 +5.330304184e+01 +5.330304184e+01 -1.1981e+00 -3.4002e+00 -8.7361e-01 -3.9843e+00 +4.4769e-01
352 +1.610617668e-01 +1.610617668e-01 +5.325106177e+01 +5.325106177e+01 -1.3066e+00 -3.7720e+00 -7.9389e-01 -3.6870e+00 +3.5870e-01
418 +3.209829494e-02 +3.209829494e-02 +5.312209829e+01 +5.312209829e+01 -1.3381e+00 -3.5365e+00 -6.5393e-01 -3.8699e+00 +5.8907e-01
550 +1.108381355e-02 +1.108381355e-02 +5.310108381e+01 +5.310108381e+01 -1.5315e+00 -3.5464e+00 -5.7638e-01 -3.8495e+00 +5.9911e-01
638 +7.401222972e-03 +7.401222972e-03 +5.309740122e+01 +5.309740122e+01 -1.5446e+00 -3.5409e+00 -6.4865e-01 -3.8043e+00 +5.9745e-01
660 +2.767277079e-03 +2.767277079e-03 +5.309276728e+01 +5.309276728e+01 -1.4796e+00 -3.5217e+00 -6.6372e-01 -3.7633e+00 +5.3618e-01
682 +1.363636749e-03 +1.363636749e-03 +5.309136364e+01 +5.309136364e+01 -1.4733e+00 -3.5662e+00 -6.2803e-01 -3.7711e+00 +5.4288e-01
748 +7.032946434e-04 +7.032946434e-04 +5.309070329e+01 +5.309070329e+01 -1.4741e+00 -3.5183e+00 -6.3126e-01 -3.7953e+00 +5.4634e-01
814 +4.284344953e-04 +4.284344953e-04 +5.309042843e+01 +5.309042843e+01 -1.4768e+00 -3.5423e+00 -6.3753e-01 -3.7834e+00 +5.4542e-01
858 +1.191373967e-04 +1.191373967e-04 +5.309011914e+01 +5.309011914e+01 -1.4915e+00 -3.5351e+00 -6.2886e-01 -3.7905e+00 +5.3541e-01
924 +4.462541266e-05 +4.462541266e-05 +5.309004463e+01 +5.309004463e+01 -1.4897e+00 -3.5355e+00 -6.2721e-01 -3.7874e+00 +5.4078e-01
1034 +3.222930610e-05 +3.222930610e-05 +5.309003223e+01 +5.309003223e+01 -1.4874e+00 -3.5334e+00 -6.1896e-01 -3.7873e+00 +5.4399e-01
1135 +3.143429447e-05 +3.143429447e-05 +5.309003143e+01 +5.309003143e+01 -1.4868e+00 -3.5339e+00 -6.2577e-01 -3.7889e+00 +5.4095e-01
1144 +1.758706500e-05 +1.758706500e-05 +5.309001759e+01 +5.309001759e+01 -1.4894e+00 -3.5349e+00 -6.2349e-01 -3.7892e+00 +5.4030e-01
1210 +1.570886157e-05 +1.570886157e-05 +5.309001571e+01 +5.309001571e+01 -1.4884e+00 -3.5359e+00 -6.2429e-01 -3.7892e+00 +5.3957e-01
1232 +5.045154580e-06 +5.045154580e-06 +5.309000505e+01 +5.309000505e+01 -1.4867e+00 -3.5380e+00 -6.2238e-01 -3.7908e+00 +5.4117e-01
1254 +4.025296917e-06 +4.025296917e-06 +5.309000403e+01 +5.309000403e+01 -1.4890e+00 -3.5379e+00 -6.2140e-01 -3.7894e+00 +5.4142e-01
1276 +2.846158061e-06 +2.846158061e-06 +5.309000285e+01 +5.309000285e+01 -1.4872e+00 -3.5387e+00 -6.2231e-01 -3.7898e+00 +5.4157e-01
1342 +1.155447940e-06 +1.155447940e-06 +5.309000116e+01 +5.309000116e+01 -1.4870e+00 -3.5377e+00 -6.2182e-01 -3.7879e+00 +5.4207e-01
1430 +6.983080638e-07 +6.983080638e-07 +5.309000070e+01 +5.309000070e+01 -1.4867e+00 -3.5379e+00 -6.2180e-01 -3.7882e+00 +5.4159e-01
1518 +5.890789296e-07 +5.890789296e-07 +5.309000059e+01 +5.309000059e+01 -1.4875e+00 -3.5378e+00 -6.2101e-01 -3.7889e+00 +5.4191e-01
1562 +4.048540490e-07 +4.048540490e-07 +5.309000040e+01 +5.309000040e+01 -1.4870e+00 -3.5372e+00 -6.2168e-01 -3.7886e+00 +5.4117e-01
1583 +3.406181719e-07 +3.406181719e-07 +5.309000034e+01 +5.309000034e+01 -1.4871e+00 -3.5377e+00 -6.2110e-01 -3.7890e+00 +5.4177e-01
1606 +2.998343831e-07 +2.998343831e-07 +5.309000030e+01 +5.309000030e+01 -1.4874e+00 -3.5374e+00 -6.2198e-01 -3.7887e+00 +5.4181e-01
1694 +2.189268358e-07 +2.189268358e-07 +5.309000022e+01 +5.309000022e+01 -1.4874e+00 -3.5375e+00 -6.2148e-01 -3.7890e+00 +5.4127e-01
1716 +1.838143433e-07 +1.838143433e-07 +5.309000018e+01 +5.309000018e+01 -1.4875e+00 -3.5374e+00 -6.2171e-01 -3.7889e+00 +5.4137e-01
1727 +1.504745910e-07 +1.504745910e-07 +5.309000015e+01 +5.309000015e+01 -1.4870e+00 -3.5376e+00 -6.2189e-01 -3.7889e+00 +5.4155e-01
1782 +9.340202922e-08 +9.340202922e-08 +5.309000009e+01 +5.309000009e+01 -1.4872e+00 -3.5374e+00 -6.2140e-01 -3.7887e+00 +5.4150e-01
1812 +6.636430783e-08 +6.636430783e-08 +5.309000007e+01 +5.309000007e+01 -1.4873e+00 -3.5376e+00 -6.2158e-01 -3.7889e+00 +5.4137e-01
1848 +1.315423503e-08 +1.315423503e-08 +5.309000001e+01 +5.309000001e+01 -1.4872e+00 -3.5375e+00 -6.2162e-01 -3.7888e+00 +5.4151e-01
1914 +8.867623080e-09 +8.867623080e-09 +5.309000001e+01 +5.309000001e+01 -1.4871e+00 -3.5376e+00 -6.2155e-01 -3.7888e+00 +5.4157e-01
