% function evaluation | noise-free fitness - Fopt (2.997000000000e+01) | best noise-free fitness - Fopt | measured fitness | best measured fitness | x1 | x2...
1 +7.202573670e+02 +7.202573670e+02 +7.502273670e+02 +7.502273670e+02 +0.0000e+00 +0.0000e+00 +0.0000e+00
2 +6.017959758e+02 +6.017959758e+02 +6.317659758e+02 +6.317659758e+02 -2.5603e+00 +4.2740e+00 -4.4634e+00
5 +5.809153384e+02 +5.809153384e+02 +6.108853384e+02 +6.108853384e+02 -2.6048e+00 +3.9935e+00 -4.5005e+00
26 +5.752796915e+02 +5.752796915e+02 +6.052496915e+02 +6.052496915e+02 -2.4978e+00 +4.2363e+00 -4.6560e+00
31 +5.476773663e+02 +5.476773663e+02 +5.776473663e+02 +5.776473663e+02 -2.5035e+00 +3.9523e+00 -4.7224e+00
47 +5.317583208e+02 +5.317583208e+02 +5.617283208e+02 +5.617283208e+02 -2.3390e+00 +3.8654e+00 -4.6811e+00
49 +5.181522566e+02 +5.181522566e+02 +5.481222566e+02 +5.481222566e+02 -2.6527e+00 +3.7327e+00 -5.0145e+00
61 +4.607658751e+02 +4.607658751e+02 +4.907358751e+02 +4.907358751e+02 -2.3180e+00 +3.6329e+00 -5.2271e+00
68 +4.295489766e+02 +4.295489766e+02 +4.595189766e+02 +4.595189766e+02 -2.1430e+00 +3.4764e+00 -5.2809e+00
73 +3.256258760e+02 +3.256258760e+02 +3.555958760e+02 +3.555958760e+02 -2.0348e+00 +2.9836e+00 -5.9247e+00
91 +3.074487468e+02 +3.074487468e+02 +3.374187468e+02 +3.374187468e+02 -1.8443e+00 +2.0877e+00 -5.2612e+00
93 +2.947540757e+02 +2.947540757e+02 +3.247240757e+02 +3.247240757e+02 -1.5319e+00 +2.6045e+00 -5.5001e+00
99 +1.847245822e+02 +1.847245822e+02 +2.146945822e+02 +2.146945822e+02 -9.7470e-01 +2.0920e+00 -6.4735e+00
136 +1.461479976e+02 +1.461479976e+02 +1.761179976e+02 +1.761179976e+02 -1.0373e+00 +6.8967e-01 -5.2451e+00
154 +1.215203718e+02 +1.215203718e+02 +1.514903718e+02 +1.514903718e+02 -1.1259e+00 +1.0489e+00 -5.7730e+00
176 +1.179822818e+02 +1.179822818e+02 +1.479522818e+02 +1.479522818e+02 -8.4181e-01 +1.4659e-01 -5.2481e+00
187 +7.750492583e+01 +7.750492583e+01 +1.074749258e+02 +1.074749258e+02 +4.0980e-01 -7.0425e-01 -4.8683e+00
229 +6.539210435e+01 +6.539210435e+01 +9.536210435e+01 +9.536210435e+01 +2.5662e-01 -9.9555e-01 -4.7414e+00
242 +1.528431220e+01 +1.528431220e+01 +4.525431220e+01 +4.525431220e+01 +1.0964e-01 -5.7500e-01 -4.6816e+00
387 +1.332808880e+01 +1.332808880e+01 +4.329808880e+01 +4.329808880e+01 +1.4743e-01 -6.4951e-01 -4.6083e+00
396 +1.297164189e+01 +1.297164189e+01 +4.294164189e+01 +4.294164189e+01 +2.1959e-01 -7.3881e-01 -4.5439e+00
462 +1.171429388e+01 +1.171429388e+01 +4.168429388e+01 +4.168429388e+01 +1.8759e-01 -7.0639e-01 -4.5495e+00
506 +1.030974996e+01 +1.030974996e+01 +4.027974996e+01 +4.027974996e+01 +2.0796e-01 -7.1611e-01 -4.5275e+00
517 +9.427295850e+00 +9.427295850e+00 +3.939729585e+01 +3.939729585e+01 +2.8503e-01 -8.1065e-01 -4.4368e+00
638 +8.303677385e+00 +8.303677385e+00 +3.827367739e+01 +3.827367739e+01 +3.1468e-01 -8.6514e-01 -4.3881e+00
720 +7.957763286e+00 +7.957763286e+00 +3.792776329e+01 +3.792776329e+01 +3.5240e-01 -9.4552e-01 -4.3231e+00
748 +7.296732674e+00 +7.296732674e+00 +3.726673267e+01 +3.726673267e+01 +3.5597e-01 -9.1937e-01 -4.3508e+00
814 +5.774364336e+00 +5.774364336e+00 +3.574436434e+01 +3.574436434e+01 +3.8622e-01 -9.8456e-01 -4.3038e+00
836 +5.398656026e+00 +5.398656026e+00 +3.536865603e+01 +3.536865603e+01 +4.0158e-01 -1.0103e+00 -4.2792e+00
858 +5.109027272e+00 +5.109027272e+00 +3.507902727e+01 +3.507902727e+01 +4.1767e-01 -1.0308e+00 -4.2531e+00
902 +4.959428419e+00 +4.959428419e+00 +3.492942842e+01 +3.492942842e+01 +4.4386e-01 -1.0774e+00 -4.2210e+00
974 +4.656599329e+00 +4.656599329e+00 +3.462659933e+01 +3.462659933e+01 +4.8648e-01 -1.1137e+00 -4.1766e+00
1056 +4.356792942e+00 +4.356792942e+00 +3.432679294e+01 +3.432679294e+01 +4.7318e-01 -1.1090e+00 -4.1942e+00
1068 +4.173301712e+00 +4.173301712e+00 +3.414330171e+01 +3.414330171e+01 +4.7804e-01 -1.1115e+00 -4.1778e+00
1142 +3.786977483e+00 +3.786977483e+00 +3.375697748e+01 +3.375697748e+01 +4.6918e-01 -1.1048e+00 -4.1939e+00
1235 +3.589634933e+00 +3.589634933e+00 +3.355963493e+01 +3.355963493e+01 +4.8540e-01 -1.1312e+00 -4.1707e+00
1460 +3.504863776e+00 +3.504863776e+00 +3.347486378e+01 +3.347486378e+01 +4.7128e-01 -1.1069e+00 -4.1900e+00
1672 +3.460897057e+00 +3.460897057e+00 +3.343089706e+01 +3.343089706e+01 +4.7197e-01 -1.1078e+00 -4.1885e+00
% function evaluation | noise-free fitness - Fopt (-5.171000000000e+01) | best noise-free fitness - Fopt | measured fitness | best measured fitness | x1 | x2...
1 +9.345492948e+02 +9.345492948e+02 +8.828392948e+02 +8.828392948e+02 +0.0000e+00 +0.0000e+00 +0.0000e+00
54 +9.242081668e+02 +9.242081668e+02 +8.724981668e+02 +8.724981668e+02 +4.7234e-02 +9.0372e-01 +1.2365e+00
74 +8.809184484e+02 +8.809184484e+02 +8.292084484e+02 +8.292084484e+02 +1.0774e+00 +8.8194e-01 +1.3250e+00
78 +8.522576120e+02 +8.522576120e+02 +8.005476120e+02 +8.005476120e+02 +1.3658e+00 +6.8098e-01 +1.1501e+00
92 +7.526858626e+02 +7.526858626e+02 +7.009758626e+02 +7.009758626e+02 +9.0092e-01 +1.8702e+00 +6.7058e-01
107 +6.434479062e+02 +6.434479062e+02 +5.917379062e+02 +5.917379062e+02 +1.7987e+00 +1.0821e+00 -1.9471e-03
112 +6.165245205e+02 +6.165245205e+02 +5.648145205e+02 +5.648145205e+02 +2.2137e+00 +1.5687e+00 +1.0509e-01
114 +5.591750500e+02 +5.591750500e+02 +5.074650500e+02 +5.074650500e+02 +9.0151e-02 +1.6864e+00 -1.5843e+00
140 +4.829597338e+02 +4.829597338e+02 +4.312497338e+02 +4.312497338e+02 -3.7823e-01 +2.5726e+00 -1.3308e+00
149 +2.365690371e+02 +2.365690371e+02 +1.848590371e+02 +1.848590371e+02 +1.4397e+00 +2.5528e+00 -2.8912e+00
166 +1.942694010e+02 +1.942694010e+02 +1.425594010e+02 +1.425594010e+02 +3.9319e-01 +3.2981e+00 -3.3814e+00
176 +2.802104661e+01 +2.802104661e+01 -2.368895339e+01 -2.368895339e+01 +7.3957e-01 +3.9719e+00 -3.6766e+00
374 +6.327913868e+00 +6.327913868e+00 -4.538208613e+01 -4.538208613e+01 +1.6707e+00 +3.5386e+00 -3.4701e+00
635 +6.067047215e+00 +6.067047215e+00 -4.564295278e+01 -4.564295278e+01 +2.0797e+00 +3.3905e+00 -3.4520e+00
660 +4.089980922e+00 +4.089980922e+00 -4.762001908e+01 -4.762001908e+01 +2.0648e+00 +3.3889e+00 -3.4430e+00
696 +2.423641508e+00 +2.423641508e+00 -4.928635849e+01 -4.928635849e+01 +2.1083e+00 +3.3598e+00 -3.4284e+00
706 +2.097171012e+00 +2.097171012e+00 -4.961282899e+01 -4.961282899e+01 +2.0965e+00 +3.3625e+00 -3.4264e+00
726 +8.863845967e-01 +8.863845967e-01 -5.082361540e+01 -5.082361540e+01 +2.0766e+00 +3.3724e+00 -3.4232e+00
877 +8.356825690e-01 +8.356825690e-01 -5.087431743e+01 -5.087431743e+01 +2.0996e+00 +3.3636e+00 -3.4206e+00
946 +7.235719388e-01 +7.235719388e-01 -5.098642806e+01 -5.098642806e+01 +2.0479e+00 +3.3857e+00 -3.4255e+00
968 +5.582517864e-01 +5.582517864e-01 -5.115174821e+01 -5.115174821e+01 +2.0589e+00 +3.3804e+00 -3.4228e+00
1122 +5.338481687e-01 +5.338481687e-01 -5.117615183e+01 -5.117615183e+01 +2.0548e+00 +3.3823e+00 -3.4234e+00
1606 +5.235593215e-01 +5.235593215e-01 -5.118644068e+01 -5.118644068e+01 +2.0456e+00 +3.3864e+00 -3.4246e+00
% function evaluation | noise-free fitness - Fopt (-2.799500000000e+02) | best noise-free fitness - Fopt | measured fitness | best measured fitness | x1 | x2...
1 +1.696773180e+03 +1.696773180e+03 +1.416823180e+03 +1.416823180e+03 +0.0000e+00 +0.0000e+00 +0.0000e+00
2 +1.351078278e+03 +1.351078278e+03 +1.071128278e+03 +1.071128278e+03 +2.5732e+00 -2.8746e+00 -1.2922e+00
3 +1.330919400e+03 +1.330919400e+03 +1.050969400e+03 +1.050969400e+03 +2.6245e+00 -2.9080e+00 -1.2050e+00
5 +1.299768444e+03 +1.299768444e+03 +1.019818444e+03 +1.019818444e+03 +2.4673e+00 -3.1116e+00 -1.3412e+00
16 +1.270221061e+03 +1.270221061e+03 +9.902710609e+02 +9.902710609e+02 +2.5167e+00 -3.1610e+00 -1.2223e+00
24 +1.187069295e+03 +1.187069295e+03 +9.071192950e+02 +9.071192950e+02 +2.5971e+00 -3.2703e+00 -8.6117e-01
47 +1.024742230e+03 +1.024742230e+03 +7.447922298e+02 +7.447922298e+02 +2.6171e+00 -3.9904e+00 -8.4985e-01
58 +9.185860060e+02 +9.185860060e+02 +6.386360060e+02 +6.386360060e+02 +2.5255e+00 -4.4329e+00 -8.3413e-01
70 +7.235341174e+02 +7.235341174e+02 +4.435841174e+02 +4.435841174e+02 +3.4197e+00 -5.6818e+00 -8.4064e-01
74 +6.595043545e+02 +6.595043545e+02 +3.795543545e+02 +3.795543545e+02 +2.2424e+00 -5.8827e+00 -1.2545e+00
90 +4.793650035e+02 +4.793650035e+02 +1.994150035e+02 +1.994150035e+02 +3.1448e+00 -7.1068e+00 +6.0825e-01
92 +4.603499749e+02 +4.603499749e+02 +1.803999749e+02 +1.803999749e+02 +2.1251e+00 -7.3795e+00 -1.9343e+00
93 +3.214027949e+02 +3.214027949e+02 +4.145279491e+01 +4.145279491e+01 +9.4966e-01 -6.7987e+00 -9.3079e-01
112 +2.684574943e+02 +2.684574943e+02 -1.149250575e+01 -1.149250575e+01 +7.3062e-01 -5.9252e+00 +5.9357e-01
162 +2.339771344e+02 +2.339771344e+02 -4.597286558e+01 -4.597286558e+01 +2.4435e-01 -6.1283e+00 +1.7769e-01
164 +2.180100988e+02 +2.180100988e+02 -6.193990118e+01 -6.193990118e+01 +6.7080e-01 -6.5055e+00 +4.9704e-01
210 +1.805976710e+02 +1.805976710e+02 -9.935232897e+01 -9.935232897e+01 -7.5310e-02 -7.5006e+00 -1.0757e+00
260 +1.712848117e+02 +1.712848117e+02 -1.086651883e+02 -1.086651883e+02 -3.6011e-01 -6.7614e+00 +4.0071e-01
264 +1.520798788e+02 +1.520798788e+02 -1.278701212e+02 -1.278701212e+02 -2.1661e-02 -7.0786e+00 -2.1103e-01
281 +7.445382225e+01 +7.445382225e+01 -2.054961778e+02 -2.054961778e+02 -2.2162e+00 -5.6580e+00 +1.2729e+00
338 +7.085010288e+01 +7.085010288e+01 -2.090998971e+02 -2.090998971e+02 -2.4301e+00 -5.4922e+00 +1.4425e+00
455 +6.563179227e+01 +6.563179227e+01 -2.143182077e+02 -2.143182077e+02 -2.7525e+00 -4.5266e+00 +2.3003e+00
484 +2.943432296e+01 +2.943432296e+01 -2.505156770e+02 -2.505156770e+02 -2.0520e+00 -5.4043e+00 +1.5654e+00
594 +1.917256422e+01 +1.917256422e+01 -2.607774358e+02 -2.607774358e+02 -2.4550e+00 -4.9555e+00 +2.0483e+00
616 +1.313096464e+01 +1.313096464e+01 -2.668190354e+02 -2.668190354e+02 -2.4847e+00 -4.9692e+00 +2.0766e+00
792 +1.286313238e+01 +1.286313238e+01 -2.670868676e+02 -2.670868676e+02 -2.5376e+00 -4.8887e+00 +2.1685e+00
889 +1.074644214e+01 +1.074644214e+01 -2.692035579e+02 -2.692035579e+02 -2.7528e+00 -4.7210e+00 +2.3430e+00
929 +9.441407933e+00 +9.441407933e+00 -2.705085921e+02 -2.705085921e+02 -2.6307e+00 -4.8280e+00 +2.2396e+00
946 +9.121531186e+00 +9.121531186e+00 -2.708284688e+02 -2.708284688e+02 -2.6683e+00 -4.7939e+00 +2.2723e+00
1053 +8.972897785e+00 +8.972897785e+00 -2.709771022e+02 -2.709771022e+02 -2.6215e+00 -4.8463e+00 +2.2141e+00
1092 +8.878751006e+00 +8.878751006e+00 -2.710712490e+02 -2.710712490e+02 -2.6437e+00 -4.8201e+00 +2.2439e+00
1232 +8.528100708e+00 +8.528100708e+00 -2.714218993e+02 -2.714218993e+02 -2.6484e+00 -4.8182e+00 +2.2471e+00
1295 +8.463151688e+00 +8.463151688e+00 -2.714868483e+02 -2.714868483e+02 -2.6480e+00 -4.8221e+00 +2.2438e+00
% function evaluation | noise-free fitness - Fopt (9.319900000000e+02) | best noise-free fitness - Fopt | measured fitness | best measured fitness | x1 | x2...
1 +3.905578211e+02 +3.905578211e+02 +1.322547821e+03 +1.322547821e+03 +0.0000e+00 +0.0000e+00 +0.0000e+00
2 +2.365424757e+02 +2.365424757e+02 +1.168532476e+03 +1.168532476e+03 -4.1164e-03 -8.4269e-01 +5.1778e+00
20 +2.259570821e+02 +2.259570821e+02 +1.157947082e+03 +1.157947082e+03 -1.0001e-01 -9.1105e-01 +4.9273e+00
33 +2.227181418e+02 +2.227181418e+02 +1.154708142e+03 +1.154708142e+03 -1.6266e-01 -9.8295e-01 +4.8033e+00
38 +1.996349985e+02 +1.996349985e+02 +1.131624999e+03 +1.131624999e+03 -8.6759e-02 -7.6532e-01 +4.4164e+00
43 +1.861429108e+02 +1.861429108e+02 +1.118132911e+03 +1.118132911e+03 +5.5959e-02 -9.4790e-01 +4.7046e+00
48 +1.448428845e+02 +1.448428845e+02 +1.076832884e+03 +1.076832884e+03 +2.5666e-02 -1.1594e+00 +4.2081e+00
54 +1.339555134e+02 +1.339555134e+02 +1.065945513e+03 +1.065945513e+03 +6.4513e-01 -9.4044e-01 +4.4583e+00
56 +9.403807862e+01 +9.403807862e+01 +1.026028079e+03 +1.026028079e+03 +3.5983e-01 -1.0123e+00 +4.0565e+00
69 +9.093254343e+01 +9.093254343e+01 +1.022922543e+03 +1.022922543e+03 +5.5325e-01 -8.1874e-01 +4.0910e+00
80 +7.701026750e+01 +7.701026750e+01 +1.009000268e+03 +1.009000268e+03 +9.6675e-01 -4.4320e-01 +3.7246e+00
100 +5.678353268e+01 +5.678353268e+01 +9.887735327e+02 +9.887735327e+02 +5.8579e-01 -6.6374e-01 +3.7239e+00
132 +5.176048152e+01 +5.176048152e+01 +9.837504815e+02 +9.837504815e+02 +8.9935e-01 -5.0369e-01 +3.0830e+00
180 +4.381016979e+01 +4.381016979e+01 +9.758001698e+02 +9.758001698e+02 +5.9439e-01 -1.0351e+00 +3.4981e+00
181 +3.520710580e+01 +3.520710580e+01 +9.671971058e+02 +9.671971058e+02 +6.2606e-01 -8.1609e-01 +3.2610e+00
242 +3.295135863e+01 +3.295135863e+01 +9.649413586e+02 +9.649413586e+02 +6.0884e-01 -6.5449e-01 +3.4129e+00
244 +2.216315434e+01 +2.216315434e+01 +9.541531543e+02 +9.541531543e+02 +8.8890e-01 -2.4431e-01 +3.3519e+00
286 +1.537270611e+01 +1.537270611e+01 +9.473627061e+02 +9.473627061e+02 +8.3513e-01 -2.3257e-01 +3.2834e+00
330 +7.049386615e+00 +7.049386615e+00 +9.390393866e+02 +9.390393866e+02 +9.9117e-01 +7.9665e-02 +3.1381e+00
462 +6.719761606e+00 +6.719761606e+00 +9.387097616e+02 +9.387097616e+02 +1.0888e+00 +2.8814e-01 +3.1400e+00
506 +6.033179151e+00 +6.033179151e+00 +9.380231792e+02 +9.380231792e+02 +1.1140e+00 +3.5540e-01 +3.0391e+00
512 +3.850625209e+00 +3.850625209e+00 +9.358406252e+02 +9.358406252e+02 +1.1286e+00 +3.7461e-01 +3.0853e+00
535 +2.322607974e+00 +2.322607974e+00 +9.343126080e+02 +9.343126080e+02 +1.1241e+00 +3.8688e-01 +3.0753e+00
% function evaluation | noise-free fitness - Fopt (1.133100000000e+02) | best noise-free fitness - Fopt | measured fitness | best measured fitness | x1 | x2...
1 +7.209444707e+02 +7.209444707e+02 +8.342544707e+02 +8.342544707e+02 +0.0000e+00 +0.0000e+00 +0.0000e+00
90 +6.469737584e+02 +6.469737584e+02 +7.602837584e+02 +7.602837584e+02 +3.3398e+00 -1.8171e+00 -9.3971e-01
97 +6.436902689e+02 +6.436902689e+02 +7.570002689e+02 +7.570002689e+02 +4.9823e+00 -1.9311e+00 -3.0883e-01
106 +5.691751445e+02 +5.691751445e+02 +6.824851445e+02 +6.824851445e+02 +3.5509e+00 -1.8232e+00 +8.8025e-02
125 +5.606877509e+02 +5.606877509e+02 +6.739977509e+02 +6.739977509e+02 +1.0910e+00 +3.0782e-01 -4.0190e-01
171 +5.434921649e+02 +5.434921649e+02 +6.568021649e+02 +6.568021649e+02 +4.4808e+00 -1.3069e+00 -1.6162e-01
195 +4.599783187e+02 +4.599783187e+02 +5.732883187e+02 +5.732883187e+02 +4.3771e+00 -4.5710e-01 -2.6674e-01
209 +2.931220772e+02 +2.931220772e+02 +4.064320772e+02 +4.064320772e+02 +3.9693e+00 +4.0195e+00 -9.9906e-01
264 +2.715745156e+02 +2.715745156e+02 +3.848845156e+02 +3.848845156e+02 +3.0682e+00 +1.4141e+00 -7.4750e-01
270 +2.472697997e+02 +2.472697997e+02 +3.605797997e+02 +3.605797997e+02 +3.2294e+00 +4.1422e-01 +1.5646e+00
280 +2.334461404e+02 +2.334461404e+02 +3.467561404e+02 +3.467561404e+02 +1.9639e+00 +2.0516e+00 -2.4841e-01
286 +2.180258619e+02 +2.180258619e+02 +3.313358619e+02 +3.313358619e+02 +2.5532e+00 +9.9089e-01 +5.9118e-01
295 +2.108020272e+02 +2.108020272e+02 +3.241120272e+02 +3.241120272e+02 +2.7846e+00 +1.6174e+00 -2.1820e-01
308 +1.856965911e+02 +1.856965911e+02 +2.990065911e+02 +2.990065911e+02 +3.2549e+00 +1.7329e+00 +5.1644e-01
317 +1.298810521e+02 +1.298810521e+02 +2.431910521e+02 +2.431910521e+02 +1.2922e+00 +3.0022e+00 +1.1542e+00
352 +1.146006206e+02 +1.146006206e+02 +2.279106206e+02 +2.279106206e+02 +2.6174e+00 +2.8331e+00 -4.2860e-01
371 +8.704897278e+01 +8.704897278e+01 +2.003589728e+02 +2.003589728e+02 +2.7157e+00 +2.7187e+00 +3.9134e-01
374 +4.880448283e+01 +4.880448283e+01 +1.621144828e+02 +1.621144828e+02 +2.0405e+00 +3.1521e+00 +2.6147e-01
400 +3.941371893e+01 +3.941371893e+01 +1.527237189e+02 +1.527237189e+02 +1.9438e+00 +3.9046e+00 +8.9128e-03
431 +1.267914718e+01 +1.267914718e+01 +1.259891472e+02 +1.259891472e+02 +2.2043e+00 +3.2796e+00 +4.5997e-01
484 +8.436961330e+00 +8.436961330e+00 +1.217469613e+02 +1.217469613e+02 +2.1430e+00 +3.2509e+00 +3.9919e-01
556 +3.921138794e+00 +3.921138794e+00 +1.172311388e+02 +1.172311388e+02 +2.1083e+00 +2.7950e+00 +9.5078e-01
644 +2.100790815e+00 +2.100790815e+00 +1.154107908e+02 +1.154107908e+02 +2.1444e+00 +3.0835e+00 +6.4484e-01
701 +9.422078192e-01 +9.422078192e-01 +1.142522078e+02 +1.142522078e+02 +2.1326e+00 +3.0608e+00 +6.6996e-01
885 +9.257639546e-01 +9.257639546e-01 +1.142357640e+02 +1.142357640e+02 +2.1402e+00 +3.1384e+00 +5.8981e-01
902 +2.775728548e-01 +2.775728548e-01 +1.135875729e+02 +1.135875729e+02 +2.1348e+00 +3.1498e+00 +5.8193e-01
1034 +1.912408117e-01 +1.912408117e-01 +1.135012408e+02 +1.135012408e+02 +2.1356e+00 +3.1684e+00 +5.6648e-01
1232 +1.220132953e-01 +1.220132953e-01 +1.134320133e+02 +1.134320133e+02 +2.1356e+00 +3.1732e+00 +5.5889e-01
1266 +1.066817054e-01 +1.066817054e-01 +1.134166817e+02 +1.134166817e+02 +2.1364e+00 +3.1733e+00 +5.5892e-01
1298 +6.150603381e-02 +6.150603381e-02 +1.133715060e+02 +1.133715060e+02 +2.1355e+00 +3.1752e+00 +5.5845e-01
1313 +4.600142306e-02 +4.600142306e-02 +1.133560014e+02 +1.133560014e+02 +2.1357e+00 +3.1698e+00 +5.6314e-01
1578 +1.955761532e-02 +1.955761532e-02 +1.133295576e+02 +1.133295576e+02 +2.1352e+00 +3.1674e+00 +5.6612e-01
1828 +8.055372988e-03 +8.055372988e-03 +1.133180554e+02 +1.133180554e+02 +2.1354e+00 +3.1688e+00 +5.6455e-01
2024 +4.727066238e-03 +4.727066238e-03 +1.133147271e+02 +1.133147271e+02 +2.1354e+00 +3.1683e+00 +5.6507e-01
2092 +2.159133386e-03 +2.159133386e-03 +1.133121591e+02 +1.133121591e+02 +2.1354e+00 +3.1683e+00 +5.6509e-01
2222 +1.475117901e-03 +1.475117901e-03 +1.133114751e+02 +1.133114751e+02 +2.1353e+00 +3.1681e+00 +5.6536e-01
2275 +4.711128403e-04 +4.711128403e-04 +1.133104711e+02 +1.133104711e+02 +2.1353e+00 +3.1681e+00 +5.6538e-01
2376 +3.523925259e-04 +3.523925259e-04 +1.133103524e+02 +1.133103524e+02 +2.1353e+00 +3.1682e+00 +5.6522e-01
2574 +9.599163413e-05 +9.599163413e-05 +1.133100960e+02 +1.133100960e+02 +2.1353e+00 +3.1682e+00 +5.6522e-01
3585 +9.403899544e-05 +9.403899544e-05 +1.133100940e+02 +1.133100940e+02 +2.1353e+00 +3.1682e+00 +5.6523e-01
3604 +9.281482058e-05 +9.281482058e-05 +1.133100928e+02 +1.133100928e+02 +2.1353e+00 +3.1682e+00 +5.6523e-01
3759 +8.968495889e-05 +8.968495889e-05 +1.133100897e+02 +1.133100897e+02 +2.1353e+00 +3.1682e+00 +5.6523e-01
3828 +8.879109413e-05 +8.879109413e-05 +1.133100888e+02 +1.133100888e+02 +2.1353e+00 +3.1682e+00 +5.6523e-01
% function evaluation | noise-free fitness - Fopt (-2.095500000000e+02) | best noise-free fitness - Fopt | measured fitness | best measured fitness | x1 | x2...
1 +9.434242678e+02 +9.434242678e+02 +7.338742678e+02 +7.338742678e+02 +0.0000e+00 +0.0000e+00 +0.0000e+00
91 +9.038929021e+02 +9.038929021e+02 +6.943429021e+02 +6.943429021e+02 -2.4924e-01 -2.8711e-02 -9.4817e-01
94 +4.770953845e+02 +4.770953845e+02 +2.675453845e+02 +2.675453845e+02 -7.7078e-01 +2.1220e+00 -1.6110e+00
112 +3.832280720e+02 +3.832280720e+02 +1.736780720e+02 +1.736780720e+02 +1.8062e-01 +4.8393e+00 -2.4239e+00
115 +3.790600610e+02 +3.790600610e+02 +1.695100610e+02 +1.695100610e+02 -5.9936e-01 +4.3677e+00 +2.1722e-01
122 +2.200208418e+02 +2.200208418e+02 +1.047084178e+01 +1.047084178e+01 -1.6706e+00 +3.7489e+00 -9.1722e-01
180 +1.332601470e+02 +1.332601470e+02 -7.628985296e+01 -7.628985296e+01 -2.3000e+00 +3.9061e+00 -2.1952e+00
219 +1.011753818e+02 +1.011753818e+02 -1.083746182e+02 -1.083746182e+02 -3.1138e+00 +2.7931e+00 -1.5375e+00
361 +9.749825890e+01 +9.749825890e+01 -1.120517411e+02 -1.120517411e+02 -2.6303e+00 +3.4166e+00 -1.5319e+00
364 +9.515358075e+01 +9.515358075e+01 -1.143964192e+02 -1.143964192e+02 -3.3181e+00 +2.7347e+00 -1.4891e+00
373 +8.271154068e+01 +8.271154068e+01 -1.268384593e+02 -1.268384593e+02 -3.3996e+00 +3.4349e+00 -1.5674e+00
379 +2.647426751e+01 +2.647426751e+01 -1.830757325e+02 -1.830757325e+02 -3.3787e+00 +3.0958e+00 -1.4884e+00
484 +2.603132314e+01 +2.603132314e+01 -1.835186769e+02 -1.835186769e+02 -3.2846e+00 +3.2207e+00 -2.3108e+00
506 +1.688627884e+01 +1.688627884e+01 -1.926637212e+02 -1.926637212e+02 -3.2471e+00 +3.1914e+00 -2.3454e+00
638 +1.506177706e+01 +1.506177706e+01 -1.944882229e+02 -1.944882229e+02 -3.1134e+00 +3.2178e+00 -2.5893e+00
650 +8.936354938e+00 +8.936354938e+00 -2.006136451e+02 -2.006136451e+02 -3.1816e+00 +3.1560e+00 -2.4290e+00
702 +5.173515431e+00 +5.173515431e+00 -2.043764846e+02 -2.043764846e+02 -3.1640e+00 +3.1391e+00 -2.6376e+00
710 +3.114900909e+00 +3.114900909e+00 -2.064350991e+02 -2.064350991e+02 -3.1160e+00 +3.1462e+00 -2.9103e+00
880 +2.248718525e+00 +2.248718525e+00 -2.073012815e+02 -2.073012815e+02 -3.1181e+00 +3.1507e+00 -2.9223e+00
906 +1.102960770e+00 +1.102960770e+00 -2.084470392e+02 -2.084470392e+02 -3.1050e+00 +3.1489e+00 -3.0366e+00
948 +7.841032279e-01 +7.841032279e-01 -2.087658968e+02 -2.087658968e+02 -3.1123e+00 +3.1476e+00 -3.0154e+00
1037 +5.311306919e-01 +5.311306919e-01 -2.090188693e+02 -2.090188693e+02 -3.1201e+00 +3.1480e+00 -3.0053e+00
1070 +5.163895837e-01 +5.163895837e-01 -2.090336104e+02 -2.090336104e+02 -3.1150e+00 +3.1480e+00 -3.0394e+00
1188 +1.127022469e-01 +1.127022469e-01 -2.094372978e+02 -2.094372978e+02 -3.0945e+00 +3.1507e+00 -3.1354e+00
1210 +9.624802432e-02 +9.624802432e-02 -2.094537520e+02 -2.094537520e+02 -3.0970e+00 +3.1502e+00 -3.1216e+00
1232 +7.341021667e-02 +7.341021667e-02 -2.094765898e+02 -2.094765898e+02 -3.0963e+00 +3.1496e+00 -3.1265e+00
1355 +6.630937101e-02 +6.630937101e-02 -2.094836906e+02 -2.094836906e+02 -3.0973e+00 +3.1500e+00 -3.1194e+00
1606 +6.268112927e-02 +6.268112927e-02 -2.094873189e+02 -2.094873189e+02 -3.1010e+00 +3.1495e+00 -3.0999e+00
1625 +5.673392662e-02 +5.673392662e-02 -2.094932661e+02 -2.094932661e+02 -3.1001e+00 +3.1494e+00 -3.1057e+00
1679 +5.217037052e-02 +5.217037052e-02 -2.094978296e+02 -2.094978296e+02 -3.0995e+00 +3.1495e+00 -3.1082e+00
1763 +4.725979663e-02 +4.725979663e-02 -2.095027402e+02 -2.095027402e+02 -3.1001e+00 +3.1495e+00 -3.1051e+00
2046 +4.664836980e-02 +4.664836980e-02 -2.095033516e+02 -2.095033516e+02 -3.1002e+00 +3.1495e+00 -3.1044e+00
% function evaluation | noise-free fitness - Fopt (2.850000000000e+00) | best noise-free fitness - Fopt | measured fitness | best measured fitness | x1 | x2...
1 +3.939670502e+02 +3.939670502e+02 +3.968170502e+02 +3.968170502e+02 +0.0000e+00 +0.0000e+00 +0.0000e+00
2 +1.660192874e+02 +1.660192874e+02 +1.688692874e+02 +1.688692874e+02 -3.0543e-01 +9.4890e-01 -2.7366e+00
4 +1.368821828e+02 +1.368821828e+02 +1.397321828e+02 +1.397321828e+02 -9.2095e-02 +8.7027e-01 -2.7939e+00
25 +1.317858798e+02 +1.317858798e+02 +1.346358798e+02 +1.346358798e+02 -3.4370e-02 +8.3290e-01 -2.8237e+00
36 +1.263262854e+02 +1.263262854e+02 +1.291762854e+02 +1.291762854e+02 +2.5488e-02 +8.9348e-01 -2.7071e+00
37 +1.190048741e+02 +1.190048741e+02 +1.218548741e+02 +1.218548741e+02 +2.6057e-02 +8.3054e-01 -2.7018e+00
52 +9.816242002e+01 +9.816242002e+01 +1.010124200e+02 +1.010124200e+02 +1.4329e-01 +5.9671e-01 -2.6776e+00
58 +9.360820417e+01 +9.360820417e+01 +9.645820417e+01 +9.645820417e+01 +1.5293e-01 +7.5916e-01 -2.5459e+00
61 +6.270422089e+01 +6.270422089e+01 +6.555422089e+01 +6.555422089e+01 -1.5335e-01 +2.4312e-01 -2.5781e+00
82 +5.828952037e+01 +5.828952037e+01 +6.113952037e+01 +6.113952037e+01 -2.2018e-01 +2.7849e-01 -2.4703e+00
107 +3.695842469e+01 +3.695842469e+01 +3.980842469e+01 +3.980842469e+01 -1.1849e-02 +3.1965e-01 -2.3091e+00
160 +3.177736340e+01 +3.177736340e+01 +3.462736340e+01 +3.462736340e+01 +6.6796e-01 +7.3220e-01 -1.9194e+00
208 +1.457393531e+01 +1.457393531e+01 +1.742393531e+01 +1.742393531e+01 +8.9148e-01 +9.7163e-01 -1.6805e+00
% function evaluation | noise-free fitness - Fopt (1.975200000000e+02) | best noise-free fitness - Fopt | measured fitness | best measured fitness | x1 | x2...
1 +5.309843495e+02 +5.309843495e+02 +7.285043495e+02 +7.285043495e+02 +0.0000e+00 +0.0000e+00 +0.0000e+00
2 +2.675039219e+02 +2.675039219e+02 +4.650239219e+02 +4.650239219e+02 -1.8658e+00 +1.6166e+00 -5.3950e-01
19 +2.580807335e+02 +2.580807335e+02 +4.556007335e+02 +4.556007335e+02 -1.7821e+00 +1.4846e+00 -4.7516e-01
28 +2.337618904e+02 +2.337618904e+02 +4.312818904e+02 +4.312818904e+02 -1.8598e+00 +1.4732e+00 -7.7832e-01
31 +2.134701320e+02 +2.134701320e+02 +4.109901320e+02 +4.109901320e+02 -1.4620e+00 +9.8955e-01 -6.2809e-01
47 +1.251297031e+02 +1.251297031e+02 +3.226497031e+02 +3.226497031e+02 -1.7592e+00 +6.6299e-01 -5.3241e-01
56 +8.904135253e+01 +8.904135253e+01 +2.865613525e+02 +2.865613525e+02 -1.9089e+00 +6.0490e-01 -5.5340e-01
84 +6.957360495e+01 +6.957360495e+01 +2.670936050e+02 +2.670936050e+02 -1.6547e+00 -5.8391e-02 -7.9205e-01
87 +2.687921302e+01 +2.687921302e+01 +2.243992130e+02 +2.243992130e+02 -1.6143e+00 +6.1060e-02 -1.1222e+00
219 +1.891193665e+01 +1.891193665e+01 +2.164319367e+02 +2.164319367e+02 -1.7790e+00 +2.4885e-01 -9.4717e-01
330 +1.828442405e+01 +1.828442405e+01 +2.158044241e+02 +2.158044241e+02 -1.6787e+00 +1.4293e-01 -1.0368e+00
338 +1.671348955e+01 +1.671348955e+01 +2.142334896e+02 +2.142334896e+02 -1.7449e+00 +2.2271e-01 -9.9822e-01
374 +1.299545441e+01 +1.299545441e+01 +2.105154544e+02 +2.105154544e+02 -1.7128e+00 +1.9704e-01 -1.0251e+00
597 +1.220304838e+01 +1.220304838e+01 +2.097230484e+02 +2.097230484e+02 -1.7064e+00 +1.9101e-01 -1.0307e+00
726 +1.193785724e+01 +1.193785724e+01 +2.094578572e+02 +2.094578572e+02 -1.6907e+00 +1.8539e-01 -1.0441e+00
858 +1.170916272e+01 +1.170916272e+01 +2.092291627e+02 +2.092291627e+02 -1.6906e+00 +1.8248e-01 -1.0489e+00
1034 +1.140682394e+01 +1.140682394e+01 +2.089268239e+02 +2.089268239e+02 -1.6908e+00 +1.8406e-01 -1.0472e+00
% function evaluation | noise-free fitness - Fopt (-1.052700000000e+02) | best noise-free fitness - Fopt | measured fitness | best measured fitness | x1 | x2...
1 +3.290862118e+02 +3.290862118e+02 +2.238162118e+02 +2.238162118e+02 +0.0000e+00 +0.0000e+00 +0.0000e+00
2 +1.433189480e+02 +1.433189480e+02 +3.804894801e+01 +3.804894801e+01 +8.6063e-01 -1.1195e+00 -1.5116e+00
3 +1.211126830e+02 +1.211126830e+02 +1.584268299e+01 +1.584268299e+01 +9.7393e-01 -1.0320e+00 -1.6177e+00
12 +1.180759340e+02 +1.180759340e+02 +1.280593400e+01 +1.280593400e+01 +6.7359e-01 -1.0406e+00 -1.5270e+00
15 +1.035301030e+02 +1.035301030e+02 -1.739896960e+00 -1.739896960e+00 +7.9408e-01 -1.0487e+00 -1.6356e+00
16 +9.516479105e+01 +9.516479105e+01 -1.010520895e+01 -1.010520895e+01 +5.8024e-01 -1.0155e+00 -1.6134e+00
26 +7.713943227e+01 +7.713943227e+01 -2.813056773e+01 -2.813056773e+01 +8.5097e-01 -1.1356e+00 -1.8147e+00
29 +6.934497209e+01 +6.934497209e+01 -3.592502791e+01 -3.592502791e+01 +6.6054e-01 -1.1704e+00 -1.8087e+00
52 +5.838830721e+01 +5.838830721e+01 -4.688169279e+01 -4.688169279e+01 +8.7671e-01 -1.1954e+00 -1.9378e+00
62 +3.754776605e+01 +3.754776605e+01 -6.772223395e+01 -6.772223395e+01 +9.0519e-01 -9.5224e-01 -2.2112e+00
73 +2.618770051e+01 +2.618770051e+01 -7.908229949e+01 -7.908229949e+01 +8.9194e-01 -1.1282e+00 -2.2613e+00
79 +2.104516891e+01 +2.104516891e+01 -8.422483109e+01 -8.422483109e+01 +8.0949e-01 -1.2869e+00 -2.2767e+00
88 +6.606670833e+00 +6.606670833e+00 -9.866332917e+01 -9.866332917e+01 +9.4356e-01 -1.1131e+00 -2.1921e+00
154 +3.574996012e+00 +3.574996012e+00 -1.016950040e+02 -1.016950040e+02 +9.7583e-01 -1.0910e+00 -2.1818e+00
308 +3.538451412e+00 +3.538451412e+00 -1.017315486e+02 -1.017315486e+02 +1.0067e+00 -1.0877e+00 -2.2015e+00
374 +3.095887106e+00 +3.095887106e+00 -1.021741129e+02 -1.021741129e+02 +1.0210e+00 -1.0591e+00 -2.1951e+00
418 +1.765521252e+00 +1.765521252e+00 -1.035044787e+02 -1.035044787e+02 +1.0246e+00 -1.0475e+00 -2.1842e+00
654 +1.707241099e+00 +1.707241099e+00 -1.035627589e+02 -1.035627589e+02 +1.0352e+00 -1.0296e+00 -2.1823e+00
660 +1.598921348e+00 +1.598921348e+00 -1.036710787e+02 -1.036710787e+02 +1.0252e+00 -1.0442e+00 -2.1838e+00
785 +1.551590852e+00 +1.551590852e+00 -1.037184091e+02 -1.037184091e+02 +1.0289e+00 -1.0396e+00 -2.1834e+00
882 +1.476514449e+00 +1.476514449e+00 -1.037934856e+02 -1.037934856e+02 +1.0345e+00 -1.0326e+00 -2.1823e+00
% function evaluation | noise-free fitness - Fopt (2.833400000000e+02) | best noise-free fitness - Fopt | measured fitness | best measured fitness | x1 | x2...
1 +6.949197721e+02 +6.949197721e+02 +9.782597721e+02 +9.782597721e+02 +0.0000e+00 +0.0000e+00 +0.0000e+00
101 +5.740404548e+02 +5.740404548e+02 +8.573804548e+02 +8.573804548e+02 -3.3931e+00 -4.8997e+00 +3.9778e+00
103 +4.340915799e+02 +4.340915799e+02 +7.174315799e+02 +7.174315799e+02 -3.9708e+00 -4.8467e+00 +3.2628e+00
116 +3.774918326e+02 +3.774918326e+02 +6.608318326e+02 +6.608318326e+02 -5.1277e+00 -5.7614e+00 +4.1247e+00
120 +3.671827701e+02 +3.671827701e+02 +6.505227701e+02 +6.505227701e+02 -3.6652e+00 -3.1838e+00 +3.4290e+00
137 +3.468137479e+02 +3.468137479e+02 +6.301537479e+02 +6.301537479e+02 -5.1913e+00 -4.8525e+00 +2.9871e+00
224 +3.422803166e+02 +3.422803166e+02 +6.256203166e+02 +6.256203166e+02 -3.8486e+00 -3.6106e+00 +2.8751e+00
236 +2.718129028e+02 +2.718129028e+02 +5.551529028e+02 +5.551529028e+02 -4.9775e+00 -4.3381e+00 +4.2724e+00
292 +2.150617364e+02 +2.150617364e+02 +4.984017364e+02 +4.984017364e+02 -6.1399e+00 -4.4975e+00 +4.4189e+00
302 +1.778428071e+02 +1.778428071e+02 +4.611828071e+02 +4.611828071e+02 -5.3065e+00 -3.8603e+00 +4.0420e+00
395 +1.467114723e+02 +1.467114723e+02 +4.300514723e+02 +4.300514723e+02 -5.9660e+00 -4.2951e+00 +4.8263e+00
423 +1.353607615e+02 +1.353607615e+02 +4.187007615e+02 +4.187007615e+02 -5.0183e+00 -2.9612e+00 +3.8499e+00
462 +1.095090575e+02 +1.095090575e+02 +3.928490575e+02 +3.928490575e+02 -5.2100e+00 -2.8758e+00 +4.0394e+00
467 +4.300978747e+01 +4.300978747e+01 +3.263497875e+02 +3.263497875e+02 -4.9665e+00 -1.6080e+00 +3.2740e+00
594 +3.906576558e+01 +3.906576558e+01 +3.224057656e+02 +3.224057656e+02 -4.8020e+00 -1.5566e+00 +3.1399e+00
605 +3.480158964e+01 +3.480158964e+01 +3.181415896e+02 +3.181415896e+02 -4.7869e+00 -1.1527e+00 +3.0153e+00
638 +3.447036006e+01 +3.447036006e+01 +3.178103601e+02 +3.178103601e+02 -4.8404e+00 -1.3426e+00 +3.1055e+00
666 +3.134485455e+01 +3.134485455e+01 +3.146848546e+02 +3.146848546e+02 -4.8718e+00 -1.5538e+00 +3.2095e+00
669 +2.373699902e+01 +2.373699902e+01 +3.070769990e+02 +3.070769990e+02 -4.7602e+00 -1.2835e+00 +3.0694e+00
849 +2.174854607e+01 +2.174854607e+01 +3.050885461e+02 +3.050885461e+02 -4.6993e+00 -1.1388e+00 +2.9816e+00
999 +2.020950131e+01 +2.020950131e+01 +3.035495013e+02 +3.035495013e+02 -4.7156e+00 -1.1914e+00 +2.9984e+00
1056 +1.993500737e+01 +1.993500737e+01 +3.032750074e+02 +3.032750074e+02 -4.6968e+00 -1.1406e+00 +2.9702e+00
1091 +1.927939136e+01 +1.927939136e+01 +3.026193914e+02 +3.026193914e+02 -4.6750e+00 -1.1077e+00 +2.9361e+00
1168 +1.816402500e+01 +1.816402500e+01 +3.015040250e+02 +3.015040250e+02 -4.6527e+00 -1.0552e+00 +2.9093e+00
1254 +1.745112996e+01 +1.745112996e+01 +3.007911300e+02 +3.007911300e+02 -4.6467e+00 -1.0360e+00 +2.8937e+00
1298 +1.724917344e+01 +1.724917344e+01 +3.005891734e+02 +3.005891734e+02 -4.6465e+00 -1.0308e+00 +2.8947e+00
1558 +1.697500471e+01 +1.697500471e+01 +3.003150047e+02 +3.003150047e+02 -4.6415e+00 -1.0227e+00 +2.8871e+00
% function evaluation | noise-free fitness - Fopt (-8.171000000000e+01) | best noise-free fitness - Fopt | measured fitness | best measured fitness | x1 | x2...
1 +8.880090601e+02 +8.880090601e+02 +8.062990601e+02 +8.062990601e+02 +0.0000e+00 +0.0000e+00 +0.0000e+00
2 +8.430790987e+02 +8.430790987e+02 +7.613690987e+02 +7.613690987e+02 +3.7400e+00 +2.7696e-01 +1.9254e+00
3 +8.293499838e+02 +8.293499838e+02 +7.476399838e+02 +7.476399838e+02 +3.8252e+00 +3.5447e-01 +2.0197e+00
29 +7.996790111e+02 +7.996790111e+02 +7.179690111e+02 +7.179690111e+02 +3.7401e+00 +7.5405e-02 +2.4143e+00
47 +7.513195001e+02 +7.513195001e+02 +6.696095001e+02 +6.696095001e+02 +3.7312e+00 +3.6001e-01 +2.5439e+00
68 +7.041293447e+02 +7.041293447e+02 +6.224193447e+02 +6.224193447e+02 +3.9517e+00 +3.5279e-01 +3.3333e+00
78 +6.706095323e+02 +6.706095323e+02 +5.888995323e+02 +5.888995323e+02 +3.6394e+00 +6.2669e-01 +2.9455e+00
80 +6.008620647e+02 +6.008620647e+02 +5.191520647e+02 +5.191520647e+02 +3.7405e+00 +9.5954e-01 +3.3256e+00
90 +5.213442886e+02 +5.213442886e+02 +4.396342886e+02 +4.396342886e+02 +3.7338e+00 +1.2746e+00 +4.0695e+00
119 +4.381769973e+02 +4.381769973e+02 +3.564669973e+02 +3.564669973e+02 +3.8084e+00 +1.7706e+00 +4.1793e+00
121 +4.206795456e+02 +4.206795456e+02 +3.389695456e+02 +3.389695456e+02 +4.1995e+00 +1.9928e+00 +4.2933e+00
154 +4.102161609e+02 +4.102161609e+02 +3.285061609e+02 +3.285061609e+02 +3.6332e+00 +2.1486e+00 +3.6928e+00
157 +3.602203245e+02 +3.602203245e+02 +2.785103245e+02 +2.785103245e+02 +4.0887e+00 +3.4627e+00 +6.0959e+00
159 +2.789084701e+02 +2.789084701e+02 +1.971984701e+02 +1.971984701e+02 +3.4974e+00 +2.6443e+00 +4.2718e+00
174 +2.266311196e+02 +2.266311196e+02 +1.449211196e+02 +1.449211196e+02 +3.0940e+00 +3.5588e+00 +4.1266e+00
215 +2.012067774e+02 +2.012067774e+02 +1.194967774e+02 +1.194967774e+02 +3.9235e+00 +3.2560e+00 +4.6296e+00
220 +1.774354211e+02 +1.774354211e+02 +9.572542112e+01 +9.572542112e+01 +3.9505e+00 +3.5473e+00 +4.6734e+00
223 +1.659894153e+02 +1.659894153e+02 +8.427941526e+01 +8.427941526e+01 +4.9982e+00 +3.6785e+00 +5.3551e+00
235 +1.594204472e+02 +1.594204472e+02 +7.771044724e+01 +7.771044724e+01 +4.0572e+00 +4.1859e+00 +5.6155e+00
242 +1.260022753e+02 +1.260022753e+02 +4.429227531e+01 +4.429227531e+01 +4.2532e+00 +3.7364e+00 +5.3014e+00
264 +1.194601697e+02 +1.194601697e+02 +3.775016970e+01 +3.775016970e+01 +4.3300e+00 +4.0659e+00 +5.5133e+00
277 +1.154347784e+02 +1.154347784e+02 +3.372477839e+01 +3.372477839e+01 +4.2618e+00 +3.8079e+00 +5.3253e+00
286 +9.749350675e+01 +9.749350675e+01 +1.578350675e+01 +1.578350675e+01 +4.2163e+00 +4.1452e+00 +5.3696e+00
319 +8.206817908e+01 +8.206817908e+01 +3.581790773e-01 +3.581790773e-01 +4.2166e+00 +4.0705e+00 +5.2790e+00
440 +7.538961675e+01 +7.538961675e+01 -6.320383246e+00 -6.320383246e+00 +4.3404e+00 +4.0132e+00 +5.3290e+00
490 +7.410630672e+01 +7.410630672e+01 -7.603693283e+00 -7.603693283e+00 +4.2382e+00 +4.0286e+00 +5.2735e+00
516 +7.079016494e+01 +7.079016494e+01 -1.091983506e+01 -1.091983506e+01 +4.2622e+00 +4.0025e+00 +5.2845e+00
% function evaluation | noise-free fitness - Fopt (2.941500000000e+02) | best noise-free fitness - Fopt | measured fitness | best measured fitness | x1 | x2...
1 +6.369328823e+02 +6.369328823e+02 +9.310828823e+02 +9.310828823e+02 +0.0000e+00 +0.0000e+00 +0.0000e+00
71 +5.671136408e+02 +5.671136408e+02 +8.612636408e+02 +8.612636408e+02 +6.2674e-01 +5.4323e-01 -2.6025e+00
74 +2.464046691e+02 +2.464046691e+02 +5.405546691e+02 +5.405546691e+02 +2.1973e+00 +1.1776e+00 -2.2835e+00
83 +1.119515752e+02 +1.119515752e+02 +4.061015752e+02 +4.061015752e+02 +2.8001e+00 +1.4853e+00 -1.8908e+00
132 +6.950145658e+01 +6.950145658e+01 +3.636514566e+02 +3.636514566e+02 +1.9772e+00 -4.8684e-01 -1.2413e+00
154 +6.074488947e+01 +6.074488947e+01 +3.548948895e+02 +3.548948895e+02 +1.9885e+00 -1.0905e+00 -6.5325e-01
273 +3.707843833e+01 +3.707843833e+01 +3.312284383e+02 +3.312284383e+02 +1.4843e+00 -1.6626e+00 -2.4996e-01
506 +3.210131526e+01 +3.210131526e+01 +3.262513153e+02 +3.262513153e+02 +1.2781e+00 -1.7826e+00 -2.9881e-01
582 +3.086598442e+01 +3.086598442e+01 +3.250159844e+02 +3.250159844e+02 +1.3174e+00 -1.8884e+00 -1.8728e-01
594 +2.086466446e+01 +2.086466446e+01 +3.150146645e+02 +3.150146645e+02 +1.1173e+00 -2.1626e+00 -2.2584e-01
603 +1.619238770e+01 +1.619238770e+01 +3.103423877e+02 +3.103423877e+02 +1.1326e+00 -2.1992e+00 -2.0139e-01
616 +1.455493935e+01 +1.455493935e+01 +3.087049394e+02 +3.087049394e+02 +1.2495e+00 -2.0073e+00 -2.6515e-01
669 +1.257393169e+01 +1.257393169e+01 +3.067239317e+02 +3.067239317e+02 +1.1417e+00 -2.1676e+00 -1.9172e-01
867 +1.156013638e+01 +1.156013638e+01 +3.057101364e+02 +3.057101364e+02 +1.1931e+00 -2.0776e+00 -2.2965e-01
1034 +1.075616536e+01 +1.075616536e+01 +3.049061654e+02 +3.049061654e+02 +1.2463e+00 -1.9841e+00 -2.6787e-01
1094 +1.036054782e+01 +1.036054782e+01 +3.045105478e+02 +3.045105478e+02 +1.2594e+00 -1.9619e+00 -2.7897e-01
% function evaluation | noise-free fitness - Fopt (-2.703600000000e+02) | best noise-free fitness - Fopt | measured fitness | best measured fitness | x1 | x2...
1 +2.254888047e+02 +2.254888047e+02 -4.487119533e+01 -4.487119533e+01 +0.0000e+00 +0.0000e+00 +0.0000e+00
96 +7.010579904e+01 +7.010579904e+01 -2.002542010e+02 -2.002542010e+02 -1.4559e+00 -1.9612e-01 -1.3169e+00
154 +5.177023781e+01 +5.177023781e+01 -2.185897622e+02 -2.185897622e+02 -1.8842e+00 -1.9765e-02 -1.4217e+00
484 +4.594236985e+01 +4.594236985e+01 -2.244176301e+02 -2.244176301e+02 -1.3565e+00 -8.1772e-03 -9.1917e-01
496 +4.374934877e+01 +4.374934877e+01 -2.266106512e+02 -2.266106512e+02 -1.5393e+00 +4.2048e-02 -1.1589e+00
577 +4.280345302e+01 +4.280345302e+01 -2.275565470e+02 -2.275565470e+02 -1.5108e+00 -3.6951e-02 -1.1216e+00
585 +4.141581380e+01 +4.141581380e+01 -2.289441862e+02 -2.289441862e+02 -1.4468e+00 +7.9158e-03 -1.0196e+00
642 +3.978891517e+01 +3.978891517e+01 -2.305710848e+02 -2.305710848e+02 -1.5816e+00 +6.8732e-02 -1.1321e+00
682 +3.825854564e+01 +3.825854564e+01 -2.321014544e+02 -2.321014544e+02 -1.5811e+00 +4.4258e-02 -1.1251e+00
689 +3.722717509e+01 +3.722717509e+01 -2.331328249e+02 -2.331328249e+02 -1.5615e+00 +4.0208e-03 -1.1526e+00
713 +3.487249616e+01 +3.487249616e+01 -2.354875038e+02 -2.354875038e+02 -1.6547e+00 +2.1967e-02 -1.2571e+00
773 +3.391155167e+01 +3.391155167e+01 -2.364484483e+02 -2.364484483e+02 -1.6991e+00 +6.9212e-02 -1.2531e+00
792 +3.213996111e+01 +3.213996111e+01 -2.382200389e+02 -2.382200389e+02 -1.6599e+00 +4.1911e-02 -1.2531e+00
858 +3.096713395e+01 +3.096713395e+01 -2.393928660e+02 -2.393928660e+02 -1.7251e+00 +5.8291e-02 -1.3334e+00
909 +2.916502627e+01 +2.916502627e+01 -2.411949737e+02 -2.411949737e+02 -1.7720e+00 +6.6386e-02 -1.3718e+00
1012 +2.727897489e+01 +2.727897489e+01 -2.430810251e+02 -2.430810251e+02 -1.8005e+00 +8.4658e-02 -1.4002e+00
1080 +2.666516791e+01 +2.666516791e+01 -2.436948321e+02 -2.436948321e+02 -1.8475e+00 +1.0154e-01 -1.4315e+00
1122 +2.581152668e+01 +2.581152668e+01 -2.445484733e+02 -2.445484733e+02 -1.8417e+00 +9.4435e-02 -1.4423e+00
1185 +2.511295982e+01 +2.511295982e+01 -2.452470402e+02 -2.452470402e+02 -1.8703e+00 +1.0819e-01 -1.4664e+00
1320 +2.415837870e+01 +2.415837870e+01 -2.462016213e+02 -2.462016213e+02 -1.8912e+00 +1.1132e-01 -1.4881e+00
1474 +2.389557514e+01 +2.389557514e+01 -2.464644249e+02 -2.464644249e+02 -1.8972e+00 +1.1045e-01 -1.4984e+00
1568 +2.334547021e+01 +2.334547021e+01 -2.470145298e+02 -2.470145298e+02 -1.9149e+00 +1.1529e-01 -1.5146e+00
1750 +2.276386484e+01 +2.276386484e+01 -2.475961352e+02 -2.475961352e+02 -1.9330e+00 +1.2081e-01 -1.5334e+00
2926 +2.238706762e+01 +2.238706762e+01 -2.479729324e+02 -2.479729324e+02 -1.9424e+00 +1.2309e-01 -1.5442e+00
% function evaluation | noise-free fitness - Fopt (-6.645000000000e+01) | best noise-free fitness - Fopt | measured fitness | best measured fitness | x1 | x2...
1 +5.612135093e+02 +5.612135093e+02 +4.947635093e+02 +4.947635093e+02 +0.0000e+00 +0.0000e+00 +0.0000e+00
70 +3.827909913e+02 +3.827909913e+02 +3.163409913e+02 +3.163409913e+02 +2.6356e+00 +3.0118e+00 +3.9753e+00
108 +3.119875533e+02 +3.119875533e+02 +2.455375533e+02 +2.455375533e+02 +2.8945e+00 +4.2387e+00 +4.5003e+00
109 +2.046411639e+02 +2.046411639e+02 +1.381911639e+02 +1.381911639e+02 +2.0653e+00 +3.0093e+00 +2.1904e+00
139 +1.254110766e+02 +1.254110766e+02 +5.896107658e+01 +5.896107658e+01 +2.6979e+00 +4.9730e+00 +3.3821e+00
220 +2.129608770e+01 +2.129608770e+01 -4.515391230e+01 -4.515391230e+01 +3.1692e+00 +5.7194e+00 +3.3088e+00
308 +2.011501832e+01 +2.011501832e+01 -4.633498168e+01 -4.633498168e+01 +2.9864e+00 +5.2053e+00 +2.7433e+00
434 +1.618587607e+01 +1.618587607e+01 -5.026412393e+01 -5.026412393e+01 +3.0388e+00 +5.2645e+00 +2.8987e+00
483 +1.125921469e+01 +1.125921469e+01 -5.519078531e+01 -5.519078531e+01 +2.9630e+00 +5.1634e+00 +2.7808e+00
513 +1.111550992e+01 +1.111550992e+01 -5.533449008e+01 -5.533449008e+01 +2.8733e+00 +4.9122e+00 +2.5901e+00
594 +8.719607142e+00 +8.719607142e+00 -5.773039286e+01 -5.773039286e+01 +2.9627e+00 +5.0834e+00 +2.7311e+00
638 +5.694226154e+00 +5.694226154e+00 -6.075577385e+01 -6.075577385e+01 +2.9448e+00 +5.0602e+00 +2.7216e+00
682 +4.348661999e+00 +4.348661999e+00 -6.210133800e+01 -6.210133800e+01 +2.9436e+00 +5.0654e+00 +2.7513e+00
764 +3.913989743e+00 +3.913989743e+00 -6.253601026e+01 -6.253601026e+01 +2.9334e+00 +5.0219e+00 +2.6988e+00
892 +3.233398834e+00 +3.233398834e+00 -6.321660117e+01 -6.321660117e+01 +2.9292e+00 +4.9992e+00 +2.6896e+00
1012 +3.051181256e+00 +3.051181256e+00 -6.339881874e+01 -6.339881874e+01 +2.9313e+00 +5.0121e+00 +2.6975e+00
1053 +2.986754462e+00 +2.986754462e+00 -6.346324554e+01 -6.346324554e+01 +2.9309e+00 +5.0097e+00 +2.6947e+00
1166 +2.881240167e+00 +2.881240167e+00 -6.356875983e+01 -6.356875983e+01 +2.9323e+00 +5.0124e+00 +2.6990e+00
1452 +2.817670516e+00 +2.817670516e+00 -6.363232948e+01 -6.363232948e+01 +2.9321e+00 +5.0122e+00 +2.6984e+00
% function evaluation | noise-free fitness - Fopt (2.509000000000e+01) | best noise-free fitness - Fopt | measured fitness | best measured fitness | x1 | x2...
1 +8.563842623e+02 +8.563842623e+02 +8.814742623e+02 +8.814742623e+02 +0.0000e+00 +0.0000e+00 +0.0000e+00
2 +5.302694105e+02 +5.302694105e+02 +5.553594105e+02 +5.553594105e+02 +5.1575e+00 +1.8088e+00 +8.3775e-01
4 +5.200872525e+02 +5.200872525e+02 +5.451772525e+02 +5.451772525e+02 +5.1035e+00 +1.8726e+00 +9.1723e-01
7 +4.899253566e+02 +4.899253566e+02 +5.150153566e+02 +5.150153566e+02 +5.0768e+00 +1.9600e+00 +7.2198e-01
19 +4.876442196e+02 +4.876442196e+02 +5.127342196e+02 +5.127342196e+02 +5.0964e+00 +1.9835e+00 +6.5310e-01
21 +4.756751999e+02 +4.756751999e+02 +5.007651999e+02 +5.007651999e+02 +5.0113e+00 +1.8194e+00 +6.8472e-01
24 +4.101985848e+02 +4.101985848e+02 +4.352885848e+02 +4.352885848e+02 +4.8395e+00 +1.9120e+00 +5.3111e-01
29 +3.553979925e+02 +3.553979925e+02 +3.804879925e+02 +3.804879925e+02 +4.5941e+00 +1.8243e+00 +6.1025e-01
49 +1.588441427e+02 +1.588441427e+02 +1.839341427e+02 +1.839341427e+02 +4.0141e+00 +2.1795e+00 +3.5221e-01
57 +1.289791794e+02 +1.289791794e+02 +1.540691794e+02 +1.540691794e+02 +3.7370e+00 +1.9323e+00 +6.3864e-01
68 +1.231465625e+02 +1.231465625e+02 +1.482365625e+02 +1.482365625e+02 +3.5746e+00 +2.0510e+00 +8.9040e-01
72 +9.487306221e+01 +9.487306221e+01 +1.199630622e+02 +1.199630622e+02 +3.8451e+00 +1.6307e+00 -2.7137e-01
87 +5.038394350e+01 +5.038394350e+01 +7.547394350e+01 +7.547394350e+01 +3.4407e+00 +1.9589e+00 +4.5397e-01
102 +4.764672869e+01 +4.764672869e+01 +7.273672869e+01 +7.273672869e+01 +3.2696e+00 +1.1824e+00 +6.5031e-01
142 +4.054775868e+01 +4.054775868e+01 +6.563775868e+01 +6.563775868e+01 +3.2562e+00 +1.6267e+00 +3.5390e-01
171 +2.035970067e+01 +2.035970067e+01 +4.544970067e+01 +4.544970067e+01 +3.4292e+00 +1.4659e+00 +2.1395e-01
176 +1.509120712e+01 +1.509120712e+01 +4.018120712e+01 +4.018120712e+01 +3.2790e+00 +1.2817e+00 +3.6454e-01
217 +1.476102697e+01 +1.476102697e+01 +3.985102697e+01 +3.985102697e+01 +3.4054e+00 +1.6893e+00 +1.7932e-01
257 +7.398837745e+00 +7.398837745e+00 +3.248883774e+01 +3.248883774e+01 +3.4762e+00 +1.7579e+00 +8.7242e-02
386 +4.049148446e+00 +4.049148446e+00 +2.913914845e+01 +2.913914845e+01 +3.2899e+00 +1.2043e+00 +2.7889e-01
553 +3.453262715e+00 +3.453262715e+00 +2.854326271e+01 +2.854326271e+01 +3.3370e+00 +1.3385e+00 +2.2221e-01
616 +2.738160570e+00 +2.738160570e+00 +2.782816057e+01 +2.782816057e+01 +3.3122e+00 +1.2614e+00 +2.4218e-01
726 +2.243051480e+00 +2.243051480e+00 +2.733305148e+01 +2.733305148e+01 +3.3092e+00 +1.2434e+00 +2.4565e-01
741 +2.224024685e+00 +2.224024685e+00 +2.731402469e+01 +2.731402469e+01 +3.3022e+00 +1.2105e+00 +2.4457e-01
748 +2.081885563e+00 +2.081885563e+00 +2.717188556e+01 +2.717188556e+01 +3.3141e+00 +1.2496e+00 +2.3624e-01
906 +1.899495380e+00 +1.899495380e+00 +2.698949538e+01 +2.698949538e+01 +3.3092e+00 +1.2401e+00 +2.4108e-01
949 +1.816591966e+00 +1.816591966e+00 +2.690659197e+01 +2.690659197e+01 +3.3096e+00 +1.2400e+00 +2.4229e-01
1254 +1.776779483e+00 +1.776779483e+00 +2.686677948e+01 +2.686677948e+01 +3.3119e+00 +1.2471e+00 +2.3936e-01
