% function evaluation | noise-free fitness - Fopt (-5.465000000000e+02) | best noise-free fitness - Fopt | measured fitness | best measured fitness | x1 | x2...
1 +6.592654473e+03 +6.592654473e+03 +6.046154473e+03 +6.046154473e+03 +0.0000e+00 +0.0000e+00 +0.0000e+00 +0.0000e+00 +0.0000e+00
2 +4.220754357e+03 +4.220754357e+03 +3.674254357e+03 +3.674254357e+03 +1.5384e+00 +3.3603e+00 -9.5965e-01 +4.3426e-01 +2.5274e+00
3 +2.878579380e+03 +2.878579380e+03 +2.332079380e+03 +2.332079380e+03 +1.4516e+00 +3.6184e+00 -1.1646e+00 +1.1169e-01 +2.6003e+00
19 +2.816459837e+03 +2.816459837e+03 +2.269959837e+03 +2.269959837e+03 +1.6888e+00 +3.3539e+00 -8.9448e-01 +2.0275e-01 +2.4548e+00
28 +2.491077706e+03 +2.491077706e+03 +1.944577706e+03 +1.944577706e+03 +1.5151e+00 +3.5918e+00 -9.8898e-01 +9.7897e-02 +2.4579e+00
39 +2.414135013e+03 +2.414135013e+03 +1.867635013e+03 +1.867635013e+03 +1.6706e+00 +3.3312e+00 -1.0029e+00 +8.3149e-02 +2.2352e+00
42 +2.141456354e+03 +2.141456354e+03 +1.594956354e+03 +1.594956354e+03 +1.6562e+00 +3.4382e+00 -1.1431e+00 -3.2308e-02 +2.6204e+00
46 +1.745771885e+03 +1.745771885e+03 +1.199271885e+03 +1.199271885e+03 +1.4426e+00 +3.3854e+00 -1.0566e+00 -9.4849e-02 +2.6126e+00
48 +1.542538113e+03 +1.542538113e+03 +9.960381134e+02 +9.960381134e+02 +1.6967e+00 +3.5857e+00 -1.0393e+00 -1.4398e-01 +2.3720e+00
49 +9.164665049e+02 +9.164665049e+02 +3.699665049e+02 +3.699665049e+02 +1.3934e+00 +3.4222e+00 -1.0323e+00 -3.3717e-01 +2.4772e+00
68 +7.517253410e+02 +7.517253410e+02 +2.052253410e+02 +2.052253410e+02 +1.5326e+00 +3.6379e+00 -1.0997e+00 -4.4653e-01 +2.0071e+00
74 +4.451978806e+02 +4.451978806e+02 -1.013021194e+02 -1.013021194e+02 +1.7771e+00 +3.6900e+00 -8.7136e-01 -5.0301e-01 +2.4203e+00
78 +1.740179473e+02 +1.740179473e+02 -3.724820527e+02 -3.724820527e+02 +1.5827e+00 +3.2914e+00 -9.6609e-01 -6.9140e-01 +2.5347e+00
90 +7.936190720e+01 +7.936190720e+01 -4.671380928e+02 -4.671380928e+02 +1.5301e+00 +3.5101e+00 -5.2781e-01 -6.7743e-01 +2.5726e+00
93 +4.344002162e+00 +4.344002162e+00 -5.421559978e+02 -5.421559978e+02 +1.7197e+00 +3.2647e+00 -7.1505e-01 -9.1345e-01 +2.5248e+00
151 +3.438458881e+00 +3.438458881e+00 -5.430615411e+02 -5.430615411e+02 +1.3868e+00 +3.2027e+00 -1.6266e-01 -1.3618e+00 +2.3827e+00
165 +2.788549296e+00 +2.788549296e+00 -5.437114507e+02 -5.437114507e+02 +1.5254e+00 +3.2276e+00 -1.2904e-01 -7.7166e-01 +2.3720e+00
207 +2.282635950e+00 +2.282635950e+00 -5.442173640e+02 -5.442173640e+02 +1.5440e+00 +3.0489e+00 -6.4590e-01 -1.8347e+00 +2.1323e+00
276 +1.852489235e+00 +1.852489235e+00 -5.446475108e+02 -5.446475108e+02 +1.3864e+00 +2.9803e+00 -6.7878e-01 -2.8807e+00 +1.5801e+00
344 +1.508088258e+00 +1.508088258e+00 -5.449919117e+02 -5.449919117e+02 +1.4951e+00 +2.9558e+00 -9.9371e-02 -1.9332e+00 +2.1045e+00
574 +1.401578223e+00 +1.401578223e+00 -5.450984218e+02 -5.450984218e+02 +1.4557e+00 +3.0370e+00 -4.5802e-02 -2.6698e+00 +1.6089e+00
647 +9.782623766e-01 +9.782623766e-01 -5.455217376e+02 -5.455217376e+02 +1.5036e+00 +3.0370e+00 -1.4413e-01 -2.6926e+00 +1.6219e+00
739 +9.706313042e-01 +9.706313042e-01 -5.455293687e+02 -5.455293687e+02 +1.4755e+00 +2.9997e+00 -1.3221e-01 -2.6461e+00 +1.6133e+00
814 +9.538643433e-01 +9.538643433e-01 -5.455461357e+02 -5.455461357e+02 +1.4983e+00 +2.9712e+00 -1.2753e-01 -2.6647e+00 +1.6322e+00
836 +9.176556922e-01 +9.176556922e-01 -5.455823443e+02 -5.455823443e+02 +1.5045e+00 +2.9936e+00 -1.5068e-01 -2.6630e+00 +1.6280e+00
1056 +9.096434015e-01 +9.096434015e-01 -5.455903566e+02 -5.455903566e+02 +1.5139e+00 +3.0133e+00 -1.5944e-01 -2.6750e+00 +1.6200e+00
23583 +8.585001297e-01 +8.585001297e-01 -5.456414999e+02 -5.456414999e+02 -2.0761e+00 +2.0344e+00 +2.1032e+00 -1.5844e-01 +1.4596e+00
24434 +8.473576697e-01 +8.473576697e-01 -5.456526423e+02 -5.456526423e+02 -2.1047e+00 +2.0744e+00 +2.0983e+00 -6.6082e-01 +1.3044e+00
24702 +7.870045842e-01 +7.870045842e-01 -5.457129954e+02 -5.457129954e+02 -2.0986e+00 +2.1348e+00 +2.0800e+00 -6.5122e-01 +1.2991e+00
28680 +5.699873603e-01 +5.699873603e-01 -5.459300126e+02 -5.459300126e+02 -2.0806e+00 +2.1767e+00 +2.1506e+00 -5.8486e-01 +2.4519e+00
% function evaluation | noise-free fitness - Fopt (1.000000000000e+03) | best noise-free fitness - Fopt | measured fitness | best measured fitness | x1 | x2...
1 +6.592654473e+03 +6.592654473e+03 +7.592654473e+03 +7.592654473e+03 +0.0000e+00 +0.0000e+00 +0.0000e+00 +0.0000e+00 +0.0000e+00
70 +6.134523469e+03 +6.134523469e+03 +7.134523469e+03 +7.134523469e+03 +4.8671e+00 -1.2133e+00 -1.8403e+00 -3.2923e+00 -4.1562e-01
84 +6.022346051e+03 +6.022346051e+03 +7.022346051e+03 +7.022346051e+03 +4.9031e+00 -1.3730e+00 -1.7459e+00 -2.9179e+00 -7.5754e-03
86 +4.557420229e+03 +4.557420229e+03 +5.557420229e+03 +5.557420229e+03 +4.7619e+00 -1.3977e+00 -2.0496e+00 -2.6442e+00 -6.0878e-01
90 +3.950909834e+03 +3.950909834e+03 +4.950909834e+03 +4.950909834e+03 +4.7258e+00 -1.2108e+00 -1.8615e+00 -2.6406e+00 -6.1470e-01
100 +3.557593736e+03 +3.557593736e+03 +4.557593736e+03 +4.557593736e+03 +4.1924e+00 -1.2177e+00 -2.3202e+00 -2.8598e+00 -5.8271e-01
115 +1.911428488e+03 +1.911428488e+03 +2.911428488e+03 +2.911428488e+03 +4.1962e+00 +3.5686e-02 -1.4749e+00 -2.9998e+00 -1.6483e+00
142 +1.436261849e+03 +1.436261849e+03 +2.436261849e+03 +2.436261849e+03 +3.4633e+00 -1.1774e+00 -2.1333e+00 -2.1656e+00 -1.5474e+00
143 +1.258420951e+03 +1.258420951e+03 +2.258420951e+03 +2.258420951e+03 +4.1231e+00 +6.8300e-01 -2.6918e+00 -2.4232e+00 -1.2822e+00
154 +9.508352877e+02 +9.508352877e+02 +1.950835288e+03 +1.950835288e+03 +3.8662e+00 -3.8471e-01 -2.2271e+00 -2.2158e+00 -1.7964e+00
168 +3.146709070e+02 +3.146709070e+02 +1.314670907e+03 +1.314670907e+03 +3.3786e+00 +1.1901e+00 -2.3731e+00 -1.7867e+00 -2.0188e+00
175 +2.350164375e+02 +2.350164375e+02 +1.235016438e+03 +1.235016438e+03 +3.2577e+00 -6.3909e-02 -2.5708e+00 -1.6188e+00 -1.3481e+00
299 +1.179949270e+02 +1.179949270e+02 +1.117994927e+03 +1.117994927e+03 +3.0375e+00 +7.0696e-01 -2.2294e+00 -2.0939e+00 -1.5158e+00
301 +3.100783001e+01 +3.100783001e+01 +1.031007830e+03 +1.031007830e+03 +2.6763e+00 +1.6129e+00 -1.8071e+00 -1.8568e+00 -2.3504e+00
306 +4.068074945e+00 +4.068074945e+00 +1.004068075e+03 +1.004068075e+03 +2.5390e+00 +2.8506e-01 -2.2600e+00 -2.0895e+00 -1.7352e+00
321 +3.407062217e+00 +3.407062217e+00 +1.003407062e+03 +1.003407062e+03 +2.5343e+00 +1.6676e+00 -2.1228e+00 -1.6976e+00 -1.7813e+00
338 +3.353561699e+00 +3.353561699e+00 +1.003353562e+03 +1.003353562e+03 +1.3832e+00 +2.9017e-01 -2.1848e+00 -1.2484e+00 -1.9794e+00
363 +2.369226273e+00 +2.369226273e+00 +1.002369226e+03 +1.002369226e+03 +5.7959e-01 +7.3928e-01 -1.8113e+00 -2.0543e+00 -2.1224e+00
706 +2.069847015e+00 +2.069847015e+00 +1.002069847e+03 +1.002069847e+03 +1.4979e+00 +2.1160e+00 -2.0744e+00 -1.2473e+00 -1.9732e+00
1555 +2.013982309e+00 +2.013982309e+00 +1.002013982e+03 +1.002013982e+03 +6.6978e-01 +2.8055e+00 -1.3345e+00 -7.5953e-01 -1.8759e+00
1650 +1.978211524e+00 +1.978211524e+00 +1.001978212e+03 +1.001978212e+03 +6.2752e-01 +2.7846e+00 -1.3136e+00 -7.7594e-01 -1.8756e+00
7381 +1.916623189e+00 +1.916623189e+00 +1.001916623e+03 +1.001916623e+03 -2.1440e+00 -1.1001e-01 -7.3557e-01 -2.4411e+00 -1.9580e+00
7396 +1.830420521e+00 +1.830420521e+00 +1.001830421e+03 +1.001830421e+03 -2.1320e+00 +5.5619e-02 -6.1544e-01 -1.9848e+00 -1.8075e+00
7701 +1.801872428e+00 +1.801872428e+00 +1.001801872e+03 +1.001801872e+03 -2.1179e+00 +1.3167e-01 -6.6179e-01 -2.4989e+00 -1.6304e+00
7734 +1.761596122e+00 +1.761596122e+00 +1.001761596e+03 +1.001761596e+03 -2.0530e+00 +2.3154e-01 -5.6162e-01 -2.5071e+00 -1.6229e+00
7775 +1.656700142e+00 +1.656700142e+00 +1.001656700e+03 +1.001656700e+03 -2.0625e+00 -7.9709e-02 -5.2242e-01 -2.4898e+00 -1.9623e+00
7814 +1.431678865e+00 +1.431678865e+00 +1.001431679e+03 +1.001431679e+03 -2.0511e+00 +1.1467e-01 -5.4480e-01 -2.4695e+00 -1.6934e+00
7946 +1.391000342e+00 +1.391000342e+00 +1.001391000e+03 +1.001391000e+03 -2.0167e+00 +5.1398e-02 -6.0237e-01 -2.4989e+00 -1.6556e+00
7975 +1.361248436e+00 +1.361248436e+00 +1.001361248e+03 +1.001361248e+03 -2.0571e+00 +6.2664e-02 -5.7844e-01 -2.4949e+00 -1.6373e+00
7996 +1.336562390e+00 +1.336562390e+00 +1.001336562e+03 +1.001336562e+03 -2.0693e+00 +1.1680e-01 -5.6473e-01 -2.5021e+00 -1.6528e+00
8018 +1.305614322e+00 +1.305614322e+00 +1.001305614e+03 +1.001305614e+03 -2.0780e+00 +5.2987e-02 -6.1521e-01 -2.4739e+00 -1.6688e+00
8122 +1.281819661e+00 +1.281819661e+00 +1.001281820e+03 +1.001281820e+03 -2.0668e+00 +7.1266e-02 -5.8280e-01 -2.4850e+00 -1.6608e+00
28524 +1.212826362e+00 +1.212826362e+00 +1.001212826e+03 +1.001212826e+03 +1.4365e+00 +2.9800e+00 -1.8769e+00 -1.6595e+00 -2.2789e+00
28748 +1.173690800e+00 +1.173690800e+00 +1.001173691e+03 +1.001173691e+03 +1.5686e+00 +3.0622e+00 -1.8934e+00 -1.2988e+00 -2.3034e+00
28853 +1.134241239e+00 +1.134241239e+00 +1.001134241e+03 +1.001134241e+03 +1.5257e+00 +3.0184e+00 -1.8301e+00 -1.3788e+00 -2.2722e+00
28866 +1.053142101e+00 +1.053142101e+00 +1.001053142e+03 +1.001053142e+03 +1.5200e+00 +3.0283e+00 -1.8630e+00 -1.2142e+00 -2.3168e+00
28877 +1.006886773e+00 +1.006886773e+00 +1.001006887e+03 +1.001006887e+03 +1.5428e+00 +3.0317e+00 -1.8393e+00 -1.4281e+00 -2.2827e+00
29034 +9.898020694e-01 +9.898020694e-01 +1.000989802e+03 +1.000989802e+03 +1.5096e+00 +3.0165e+00 -1.8790e+00 -1.3846e+00 -2.2865e+00
29077 +9.731505385e-01 +9.731505385e-01 +1.000973151e+03 +1.000973151e+03 +1.5425e+00 +2.9902e+00 -1.8831e+00 -1.4081e+00 -2.2849e+00
29078 +9.539226848e-01 +9.539226848e-01 +1.000953923e+03 +1.000953923e+03 +1.5141e+00 +3.0059e+00 -1.8828e+00 -1.4017e+00 -2.2779e+00
38816 +7.775524910e-01 +7.775524910e-01 +1.000777552e+03 +1.000777552e+03 -2.1425e+00 +1.2498e+00 -2.2404e+00 -2.0235e+00 -2.1202e+00
% function evaluation | noise-free fitness - Fopt (2.083800000000e+02) | best noise-free fitness - Fopt | measured fitness | best measured fitness | x1 | x2...
1 +6.592654473e+03 +6.592654473e+03 +6.801034473e+03 +6.801034473e+03 +0.0000e+00 +0.0000e+00 +0.0000e+00 +0.0000e+00 +0.0000e+00
169 +3.639271176e+03 +3.639271176e+03 +3.847651176e+03 +3.847651176e+03 +4.5164e+00 -1.2573e+00 +2.0238e+00 +9.8536e-01 +6.6824e-01
204 +1.916848089e+03 +1.916848089e+03 +2.125228089e+03 +2.125228089e+03 +3.5571e+00 -6.9321e-01 +8.8990e-02 +1.1545e-01 +8.5181e-01
251 +1.463866451e+03 +1.463866451e+03 +1.672246451e+03 +1.672246451e+03 +3.8336e+00 +7.3339e-01 +9.3219e-01 -1.2021e-01 +2.0604e+00
275 +1.414996600e+03 +1.414996600e+03 +1.623376600e+03 +1.623376600e+03 +4.3794e+00 +1.6039e+00 +6.3880e-01 +2.1053e+00 +1.5404e+00
318 +6.685534430e+02 +6.685534430e+02 +8.769334430e+02 +8.769334430e+02 +2.6353e+00 -8.9945e-01 +1.0096e+00 +9.0508e-02 +2.3692e+00
346 +1.373646736e+01 +1.373646736e+01 +2.221164674e+02 +2.221164674e+02 +2.2095e+00 +5.2432e-01 +2.0117e+00 +8.7988e-01 +2.5816e+00
357 +6.774367315e+00 +6.774367315e+00 +2.151543673e+02 +2.151543673e+02 +2.0600e+00 -3.6171e-01 +1.0480e+00 +1.7907e+00 +2.0822e+00
371 +3.843052993e+00 +3.843052993e+00 +2.122230530e+02 +2.122230530e+02 +9.9616e-01 +3.5186e-01 +3.9411e-01 +1.0139e+00 +2.2587e+00
396 +3.375189599e+00 +3.375189599e+00 +2.117551896e+02 +2.117551896e+02 +2.4988e+00 +4.0214e-01 +9.6345e-01 +1.4570e+00 +1.9979e+00
554 +2.750226706e+00 +2.750226706e+00 +2.111302267e+02 +2.111302267e+02 -3.4897e-01 +2.5453e+00 +4.6851e-01 +1.3754e+00 +1.7623e+00
618 +2.669944716e+00 +2.669944716e+00 +2.110499447e+02 +2.110499447e+02 -3.3150e-01 +1.8316e+00 +1.8759e-01 +1.0819e+00 +1.9515e+00
658 +2.418177104e+00 +2.418177104e+00 +2.107981771e+02 +2.107981771e+02 -1.2257e+00 +5.9792e-01 +5.0823e-01 +2.4773e+00 +9.0592e-01
728 +2.109032764e+00 +2.109032764e+00 +2.104890328e+02 +2.104890328e+02 -2.1805e+00 +5.3939e-02 +4.6630e-01 +1.9648e+00 +2.1291e+00
1111 +1.619567159e+00 +1.619567159e+00 +2.099995672e+02 +2.099995672e+02 -2.0924e+00 +1.4088e+00 +2.3396e-01 +1.0811e+00 +2.4275e+00
1464 +1.396860527e+00 +1.396860527e+00 +2.097768605e+02 +2.097768605e+02 -2.0192e+00 +2.0908e+00 +8.5390e-02 +1.0731e+00 +1.7646e+00
1545 +1.355019656e+00 +1.355019656e+00 +2.097350197e+02 +2.097350197e+02 -2.1056e+00 +2.0815e+00 +5.1718e-02 +1.0767e+00 +1.7117e+00
1694 +1.342657786e+00 +1.342657786e+00 +2.097226578e+02 +2.097226578e+02 -2.1173e+00 +2.0828e+00 +3.3884e-02 +1.0819e+00 +1.7684e+00
1696 +1.315367488e+00 +1.315367488e+00 +2.096953675e+02 +2.096953675e+02 -2.0984e+00 +2.0816e+00 +5.8452e-02 +1.0657e+00 +1.7742e+00
1767 +1.275259518e+00 +1.275259518e+00 +2.096552595e+02 +2.096552595e+02 -2.0968e+00 +2.0712e+00 +6.4854e-02 +1.0939e+00 +1.8199e+00
1851 +1.254515803e+00 +1.254515803e+00 +2.096345158e+02 +2.096345158e+02 -2.0658e+00 +2.1177e+00 +5.4989e-02 +1.0734e+00 +1.7832e+00
1857 +1.227320955e+00 +1.227320955e+00 +2.096073210e+02 +2.096073210e+02 -2.0615e+00 +2.1344e+00 +7.8151e-02 +1.0948e+00 +1.7876e+00
1935 +1.201497310e+00 +1.201497310e+00 +2.095814973e+02 +2.095814973e+02 -2.1162e+00 +2.1148e+00 +5.7058e-02 +1.0829e+00 +1.7915e+00
15125 +1.153921614e+00 +1.153921614e+00 +2.095339216e+02 +2.095339216e+02 -2.1130e+00 +2.1379e+00 +1.4630e+00 +1.8196e+00 +1.0301e+00
15276 +1.125529687e+00 +1.125529687e+00 +2.095055297e+02 +2.095055297e+02 -2.1305e+00 +2.1009e+00 +1.4913e+00 +1.7926e+00 +1.0486e+00
15287 +1.118627011e+00 +1.118627011e+00 +2.094986270e+02 +2.094986270e+02 -2.0954e+00 +2.0954e+00 +1.5060e+00 +1.8077e+00 +1.0347e+00
40951 +1.078247193e+00 +1.078247193e+00 +2.094582472e+02 +2.094582472e+02 +1.5313e+00 +2.9926e+00 +8.3975e-01 +2.4542e+00 +2.0200e+00
41052 +1.061140813e+00 +1.061140813e+00 +2.094411408e+02 +2.094411408e+02 +1.5143e+00 +2.9443e+00 +9.2272e-01 +2.4137e+00 +2.0211e+00
41294 +1.023718762e+00 +1.023718762e+00 +2.094037188e+02 +2.094037188e+02 +1.4795e+00 +2.9553e+00 +8.7114e-01 +2.4277e+00 +2.0275e+00
41382 +9.939607993e-01 +9.939607993e-01 +2.093739608e+02 +2.093739608e+02 +1.4895e+00 +2.9846e+00 +8.5651e-01 +2.4268e+00 +2.0193e+00
41385 +9.711744903e-01 +9.711744903e-01 +2.093511745e+02 +2.093511745e+02 +1.4915e+00 +2.9853e+00 +8.7472e-01 +2.4189e+00 +2.0182e+00
41712 +9.493784608e-01 +9.493784608e-01 +2.093293785e+02 +2.093293785e+02 +1.5052e+00 +3.0069e+00 +8.7554e-01 +2.4110e+00 +2.0305e+00
44519 +7.166228033e-01 +7.166228033e-01 +2.090966228e+02 +2.090966228e+02 -2.0908e+00 -4.9514e-01 +2.7806e+00 +1.9115e+00 +2.1046e+00
45643 +7.028959741e-01 +7.028959741e-01 +2.090828960e+02 +2.090828960e+02 -2.0713e+00 -5.7093e-01 +2.7747e+00 +1.4713e+00 +2.2588e+00
45696 +6.864701123e-01 +6.864701123e-01 +2.090664701e+02 +2.090664701e+02 -2.0699e+00 -5.8716e-01 +2.7748e+00 +1.4782e+00 +2.2622e+00
45828 +6.738932562e-01 +6.738932562e-01 +2.090538933e+02 +2.090538933e+02 -2.0954e+00 -6.0121e-01 +2.7853e+00 +1.4781e+00 +2.2645e+00
% function evaluation | noise-free fitness - Fopt (-1.449600000000e+02) | best noise-free fitness - Fopt | measured fitness | best measured fitness | x1 | x2...
1 +6.592654473e+03 +6.592654473e+03 +6.447694473e+03 +6.447694473e+03 +0.0000e+00 +0.0000e+00 +0.0000e+00 +0.0000e+00 +0.0000e+00
91 +4.696117373e+03 +4.696117373e+03 +4.551157373e+03 +4.551157373e+03 +1.9926e+00 +5.6937e-01 -1.8010e+00 -3.4542e+00 +3.7731e-01
112 +1.083269474e+03 +1.083269474e+03 +9.383094737e+02 +9.383094737e+02 +1.2517e+00 +2.2524e-01 -2.6069e+00 -2.8380e+00 -6.0589e-01
139 +3.453485490e+00 +3.453485490e+00 -1.415065145e+02 -1.415065145e+02 +1.7265e+00 +3.9677e-02 -1.6615e+00 -2.2267e+00 -1.7215e+00
207 +3.124548171e+00 +3.124548171e+00 -1.418354518e+02 -1.418354518e+02 +7.3933e-01 -1.0251e+00 -4.3335e-01 -2.5165e+00 -1.4982e+00
242 +2.809733424e+00 +2.809733424e+00 -1.421502666e+02 -1.421502666e+02 +5.8747e-01 -6.6072e-01 -9.0759e-01 -1.5313e+00 -2.2768e+00
421 +2.214116333e+00 +2.214116333e+00 -1.427458837e+02 -1.427458837e+02 -2.1057e+00 -1.9469e+00 -5.8077e-01 -8.8042e-01 -9.6517e-01
425 +2.160847346e+00 +2.160847346e+00 -1.427991527e+02 -1.427991527e+02 -2.2563e+00 -1.1587e+00 -1.7403e+00 -7.3936e-01 -2.1077e+00
523 +1.605604257e+00 +1.605604257e+00 -1.433543957e+02 -1.433543957e+02 -2.0768e+00 -2.0845e+00 -1.4023e+00 -1.1076e+00 -1.2289e+00
1515 +1.440918368e+00 +1.440918368e+00 -1.435190816e+02 -1.435190816e+02 -1.1997e+00 -2.3325e+00 -1.9629e+00 -6.7761e-01 -2.4403e+00
1540 +1.326382927e+00 +1.326382927e+00 -1.436336171e+02 -1.436336171e+02 -1.1443e+00 -2.3138e+00 -2.0635e+00 -6.1637e-01 -2.1420e+00
1620 +1.311112588e+00 +1.311112588e+00 -1.436488874e+02 -1.436488874e+02 -1.0457e+00 -2.3143e+00 -1.9801e+00 -9.5460e-01 -2.4023e+00
1879 +1.284985507e+00 +1.284985507e+00 -1.436750145e+02 -1.436750145e+02 -1.1103e+00 -2.3317e+00 -2.0122e+00 -1.0226e+00 -2.3614e+00
2018 +1.154290467e+00 +1.154290467e+00 -1.438057095e+02 -1.438057095e+02 -1.0316e+00 -2.3118e+00 -2.0758e+00 -9.8242e-01 -2.3990e+00
2150 +1.145947200e+00 +1.145947200e+00 -1.438140528e+02 -1.438140528e+02 -1.0358e+00 -2.3712e+00 -2.0585e+00 -1.0041e+00 -2.3643e+00
2225 +1.105737346e+00 +1.105737346e+00 -1.438542627e+02 -1.438542627e+02 -1.0010e+00 -2.3391e+00 -2.0393e+00 -9.4849e-01 -2.3814e+00
2254 +1.060154539e+00 +1.060154539e+00 -1.438998455e+02 -1.438998455e+02 -1.0604e+00 -2.3544e+00 -2.0313e+00 -9.8408e-01 -2.3896e+00
2332 +1.041372895e+00 +1.041372895e+00 -1.439186271e+02 -1.439186271e+02 -1.0353e+00 -2.3696e+00 -2.0324e+00 -9.5852e-01 -2.3920e+00
31565 +9.636331912e-01 +9.636331912e-01 -1.439963668e+02 -1.439963668e+02 -1.9350e+00 -2.0950e+00 -1.5130e+00 -2.2692e+00 -2.0197e+00
31632 +9.465123268e-01 +9.465123268e-01 -1.440134877e+02 -1.440134877e+02 -2.1415e+00 -2.0813e+00 -1.4909e+00 -2.2322e+00 -1.7157e+00
31830 +9.330526835e-01 +9.330526835e-01 -1.440269473e+02 -1.440269473e+02 -2.1535e+00 -2.1163e+00 -1.4650e+00 -2.2603e+00 -1.7141e+00
31874 +8.971793257e-01 +8.971793257e-01 -1.440628207e+02 -1.440628207e+02 -2.1469e+00 -2.1030e+00 -1.4884e+00 -2.2702e+00 -1.7233e+00
31896 +8.816199515e-01 +8.816199515e-01 -1.440783800e+02 -1.440783800e+02 -2.1135e+00 -2.1030e+00 -1.5097e+00 -2.2624e+00 -1.7247e+00
32050 +8.694591843e-01 +8.694591843e-01 -1.440905408e+02 -1.440905408e+02 -2.1107e+00 -2.0982e+00 -1.4969e+00 -2.2561e+00 -1.7233e+00
40190 +8.213934796e-01 +8.213934796e-01 -1.441386065e+02 -1.441386065e+02 -2.1187e+00 -2.1081e+00 -8.2972e-01 -2.4159e+00 -2.0153e+00
40254 +7.714971306e-01 +7.714971306e-01 -1.441885029e+02 -1.441885029e+02 -2.0728e+00 -2.0360e+00 -5.9386e-01 -2.4989e+00 -1.9840e+00
40491 +7.391679384e-01 +7.391679384e-01 -1.442208321e+02 -1.442208321e+02 -2.0510e+00 -2.2324e+00 -1.4324e+00 -2.2683e+00 -2.0498e+00
40517 +5.760833862e-01 +5.760833862e-01 -1.443839166e+02 -1.443839166e+02 -2.0460e+00 -2.1669e+00 -1.5193e+00 -2.2616e+00 -2.0564e+00
40609 +5.572752057e-01 +5.572752057e-01 -1.444027248e+02 -1.444027248e+02 -2.0404e+00 -2.1336e+00 -1.4439e+00 -2.2621e+00 -2.0524e+00
40636 +5.011721653e-01 +5.011721653e-01 -1.444588278e+02 -1.444588278e+02 -2.0510e+00 -2.1566e+00 -1.4877e+00 -2.2462e+00 -2.0726e+00
40641 +4.828975847e-01 +4.828975847e-01 -1.444771024e+02 -1.444771024e+02 -2.0579e+00 -2.1165e+00 -1.4935e+00 -2.2786e+00 -2.0652e+00
40658 +4.754561793e-01 +4.754561793e-01 -1.444845438e+02 -1.444845438e+02 -2.0540e+00 -2.1352e+00 -1.4993e+00 -2.2650e+00 -2.0637e+00
40724 +4.673618291e-01 +4.673618291e-01 -1.444926382e+02 -1.444926382e+02 -2.0568e+00 -2.1296e+00 -1.5004e+00 -2.2514e+00 -2.0714e+00
40915 +4.523755122e-01 +4.523755122e-01 -1.445076245e+02 -1.445076245e+02 -2.0640e+00 -2.1190e+00 -1.4861e+00 -2.2570e+00 -2.0664e+00
41032 +4.460179164e-01 +4.460179164e-01 -1.445139821e+02 -1.445139821e+02 -2.0719e+00 -2.1117e+00 -1.4909e+00 -2.2569e+00 -2.0644e+00
41260 +4.358997763e-01 +4.358997763e-01 -1.445241002e+02 -1.445241002e+02 -2.1031e+00 -2.1038e+00 -1.4980e+00 -2.2584e+00 -2.0695e+00
% function evaluation | noise-free fitness - Fopt (-6.300000000000e+00) | best noise-free fitness - Fopt | measured fitness | best measured fitness | x1 | x2...
1 +6.592654473e+03 +6.592654473e+03 +6.586354473e+03 +6.586354473e+03 +0.0000e+00 +0.0000e+00 +0.0000e+00 +0.0000e+00 +0.0000e+00
2 +4.141498310e+03 +4.141498310e+03 +4.135198310e+03 +4.135198310e+03 -9.5208e-01 -1.2145e+00 -3.6813e+00 -1.2760e+00 -1.3711e+00
3 +3.395608322e+03 +3.395608322e+03 +3.389308322e+03 +3.389308322e+03 -1.0213e+00 -1.2595e+00 -3.5844e+00 -1.1513e+00 -1.6567e+00
16 +3.109329971e+03 +3.109329971e+03 +3.103029971e+03 +3.103029971e+03 -1.1395e+00 -1.0965e+00 -3.5296e+00 -1.1270e+00 -1.5437e+00
25 +2.973330655e+03 +2.973330655e+03 +2.967030655e+03 +2.967030655e+03 -9.0461e-01 -1.1655e+00 -3.3991e+00 -1.0876e+00 -1.2528e+00
37 +2.383832483e+03 +2.383832483e+03 +2.377532483e+03 +2.377532483e+03 -1.0533e+00 -1.1117e+00 -3.3459e+00 -9.9866e-01 -1.4538e+00
51 +2.314516080e+03 +2.314516080e+03 +2.308216080e+03 +2.308216080e+03 -1.0660e+00 -1.3144e+00 -3.3434e+00 -9.5320e-01 -1.5799e+00
57 +2.043784643e+03 +2.043784643e+03 +2.037484643e+03 +2.037484643e+03 -1.2508e+00 -9.9648e-01 -3.4108e+00 -8.9921e-01 -1.5006e+00
69 +1.286482525e+03 +1.286482525e+03 +1.280182525e+03 +1.280182525e+03 -1.3832e+00 -1.0482e+00 -3.4502e+00 -5.6699e-01 -1.6029e+00
73 +9.466249741e+02 +9.466249741e+02 +9.403249741e+02 +9.403249741e+02 -1.1135e+00 -9.2762e-01 -3.3341e+00 -5.0923e-01 -1.7401e+00
82 +9.109050997e+02 +9.109050997e+02 +9.046050997e+02 +9.046050997e+02 -9.8176e-01 -1.0700e+00 -3.4306e+00 -4.1469e-02 -1.1568e+00
90 +6.685635116e+02 +6.685635116e+02 +6.622635116e+02 +6.622635116e+02 -1.5851e+00 -9.6318e-01 -3.2766e+00 -2.4372e-01 -1.0932e+00
105 +4.124565013e+02 +4.124565013e+02 +4.061565013e+02 +4.061565013e+02 -7.3036e-01 -9.0715e-01 -3.1848e+00 +1.0421e-01 -1.0862e+00
113 +1.619117731e+02 +1.619117731e+02 +1.556117731e+02 +1.556117731e+02 -1.6837e+00 -1.5780e+00 -2.4362e+00 +2.6110e-01 -9.1139e-01
129 +3.437140909e+00 +3.437140909e+00 -2.862859091e+00 -2.862859091e+00 -1.2823e+00 -1.3380e+00 -2.2129e+00 +1.2294e+00 -1.6635e+00
220 +3.269100650e+00 +3.269100650e+00 -3.030899350e+00 -3.030899350e+00 -1.6616e+00 -1.5348e+00 -1.0320e+00 +1.3958e+00 -1.1241e+00
236 +2.281440252e+00 +2.281440252e+00 -4.018559748e+00 -4.018559748e+00 -1.7116e+00 -1.1147e+00 -2.3880e+00 +1.9606e+00 -1.2867e+00
650 +2.227998653e+00 +2.227998653e+00 -4.072001347e+00 -4.072001347e+00 -1.3310e+00 -1.5981e+00 -2.2937e+00 +2.0715e+00 -1.4290e+00
721 +1.876222230e+00 +1.876222230e+00 -4.423777770e+00 -4.423777770e+00 -1.3797e+00 -1.8015e+00 -1.5890e+00 +2.2193e+00 -2.0777e+00
778 +1.804616967e+00 +1.804616967e+00 -4.495383033e+00 -4.495383033e+00 -1.4433e+00 -1.6558e+00 -2.1889e+00 +2.0638e+00 -2.0176e+00
9308 +1.656142040e+00 +1.656142040e+00 -4.643857960e+00 -4.643857960e+00 +9.8275e-01 -3.8807e-01 -2.5467e+00 +3.9459e-01 -2.5130e+00
9329 +1.578186650e+00 +1.578186650e+00 -4.721813350e+00 -4.721813350e+00 +9.6894e-01 -3.7733e-01 -2.6023e+00 +4.1027e-01 -2.5139e+00
9457 +1.496102035e+00 +1.496102035e+00 -4.803897965e+00 -4.803897965e+00 +1.0209e+00 -3.7075e-01 -2.4791e+00 +4.6931e-01 -2.5416e+00
9504 +1.324579395e+00 +1.324579395e+00 -4.975420605e+00 -4.975420605e+00 +9.8290e-01 -3.5597e-01 -2.5455e+00 +4.6079e-01 -2.5354e+00
9677 +1.294128737e+00 +1.294128737e+00 -5.005871263e+00 -5.005871263e+00 +1.0131e+00 -3.3821e-01 -2.5764e+00 +4.5785e-01 -2.5183e+00
9882 +1.284136930e+00 +1.284136930e+00 -5.015863070e+00 -5.015863070e+00 +1.0431e+00 -3.2174e-01 -2.5327e+00 +4.6456e-01 -2.5181e+00
20906 +1.245893457e+00 +1.245893457e+00 -5.054106543e+00 -5.054106543e+00 +1.9993e+00 +5.6507e-01 -6.7690e-01 +1.9621e+00 -2.1513e+00
21095 +1.067101401e+00 +1.067101401e+00 -5.232898599e+00 -5.232898599e+00 +2.1247e+00 +6.0458e-01 -7.5702e-01 +1.9383e+00 -2.1664e+00
21137 +1.029861091e+00 +1.029861091e+00 -5.270138909e+00 -5.270138909e+00 +2.1143e+00 +6.2760e-01 -7.4481e-01 +1.9623e+00 -2.1685e+00
21143 +9.784926854e-01 +9.784926854e-01 -5.321507315e+00 -5.321507315e+00 +2.1233e+00 +5.8845e-01 -7.3106e-01 +1.9601e+00 -2.1388e+00
21176 +9.293164200e-01 +9.293164200e-01 -5.370683580e+00 -5.370683580e+00 +2.1227e+00 +6.2511e-01 -7.6436e-01 +1.9683e+00 -2.1374e+00
21416 +9.108478518e-01 +9.108478518e-01 -5.389152148e+00 -5.389152148e+00 +2.1043e+00 +5.9949e-01 -7.4708e-01 +1.9829e+00 -2.1324e+00
% function evaluation | noise-free fitness - Fopt (2.796000000000e+01) | best noise-free fitness - Fopt | measured fitness | best measured fitness | x1 | x2...
1 +6.592654473e+03 +6.592654473e+03 +6.620614473e+03 +6.620614473e+03 +0.0000e+00 +0.0000e+00 +0.0000e+00 +0.0000e+00 +0.0000e+00
2 +1.142336096e+03 +1.142336096e+03 +1.170296096e+03 +1.170296096e+03 -3.4633e-01 -2.1358e+00 +1.8856e+00 -2.4986e+00 -9.5892e-01
13 +1.096054249e+03 +1.096054249e+03 +1.124014249e+03 +1.124014249e+03 -3.9979e-01 -2.1621e+00 +1.6989e+00 -2.2575e+00 -1.2103e+00
19 +9.969346057e+02 +9.969346057e+02 +1.024894606e+03 +1.024894606e+03 -6.1628e-01 -2.1578e+00 +1.7894e+00 -2.3007e+00 -1.1945e+00
24 +9.419557347e+02 +9.419557347e+02 +9.699157347e+02 +9.699157347e+02 -6.2070e-01 -2.1253e+00 +1.9808e+00 -2.2520e+00 -1.0757e+00
28 +7.564743926e+02 +7.564743926e+02 +7.844343926e+02 +7.844343926e+02 -5.0338e-01 -1.9763e+00 +1.4932e+00 -2.2978e+00 -1.3768e+00
31 +7.213418901e+02 +7.213418901e+02 +7.493018901e+02 +7.493018901e+02 -4.3704e-01 -1.9348e+00 +1.8307e+00 -2.3234e+00 -9.8669e-01
48 +3.181777837e+02 +3.181777837e+02 +3.461377837e+02 +3.461377837e+02 -3.6150e-01 -1.5755e+00 +2.1235e+00 -2.2169e+00 -1.1108e+00
65 +2.454543867e+02 +2.454543867e+02 +2.734143867e+02 +2.734143867e+02 -2.9309e-01 -1.4783e+00 +1.8088e+00 -2.2667e+00 -9.5645e-01
69 +1.449547705e+02 +1.449547705e+02 +1.729147705e+02 +1.729147705e+02 -4.6872e-01 -1.3857e+00 +1.9999e+00 -2.2350e+00 -8.7635e-01
70 +1.439932428e+02 +1.439932428e+02 +1.719532428e+02 +1.719532428e+02 -5.1072e-02 -1.2792e+00 +1.8517e+00 -2.2429e+00 -1.1332e+00
96 +3.118184075e+01 +3.118184075e+01 +5.914184075e+01 +5.914184075e+01 -9.7346e-01 -1.2658e+00 +1.5164e+00 -2.0408e+00 -9.8240e-01
100 +2.273395305e+01 +2.273395305e+01 +5.069395305e+01 +5.069395305e+01 -4.7791e-01 -1.1051e+00 +1.7900e+00 -1.5364e+00 -1.2202e+00
107 +4.195882603e+00 +4.195882603e+00 +3.215588260e+01 +3.215588260e+01 -4.7810e-01 -7.1345e-01 +1.8785e+00 -2.2512e+00 -9.6905e-01
113 +4.118085044e+00 +4.118085044e+00 +3.207808504e+01 +3.207808504e+01 -2.9812e-02 -5.3997e-01 +1.8179e+00 -2.2589e+00 -9.7108e-01
114 +4.049815306e+00 +4.049815306e+00 +3.200981531e+01 +3.200981531e+01 -7.7907e-01 -3.9982e-01 +1.5165e+00 -2.0587e+00 -1.2542e+00
119 +3.939026896e+00 +3.939026896e+00 +3.189902690e+01 +3.189902690e+01 -1.0461e+00 +1.6031e-01 +1.7870e+00 -1.6261e+00 -1.3752e+00
120 +3.758573193e+00 +3.758573193e+00 +3.171857319e+01 +3.171857319e+01 -5.3869e-01 -1.2947e-02 +1.8530e+00 -2.2809e+00 -8.9463e-01
122 +3.569786087e+00 +3.569786087e+00 +3.152978609e+01 +3.152978609e+01 -1.1147e+00 -1.0685e+00 +1.9943e+00 -2.0258e+00 -1.5046e+00
125 +3.198462355e+00 +3.198462355e+00 +3.115846236e+01 +3.115846236e+01 -5.6579e-01 -9.7218e-01 +1.2748e+00 -2.3388e+00 -9.9779e-01
151 +2.607122039e+00 +2.607122039e+00 +3.056712204e+01 +3.056712204e+01 -1.1327e+00 -4.8169e-01 +1.2830e+00 -2.2717e+00 -1.4746e+00
378 +2.513210547e+00 +2.513210547e+00 +3.047321055e+01 +3.047321055e+01 -9.9764e-01 -6.0866e-01 +2.6706e+00 -1.5277e+00 -2.2594e+00
442 +2.141462584e+00 +2.141462584e+00 +3.010146258e+01 +3.010146258e+01 -8.6592e-01 -1.9416e-01 +2.6463e+00 -1.5021e+00 -1.3816e+00
545 +1.956189722e+00 +1.956189722e+00 +2.991618972e+01 +2.991618972e+01 -1.6447e+00 +2.2494e+00 +2.0731e+00 -2.0859e+00 -1.8116e+00
663 +1.907667548e+00 +1.907667548e+00 +2.986766755e+01 +2.986766755e+01 -1.3473e+00 +2.1974e+00 +2.1037e+00 -1.6839e+00 -2.1918e+00
1470 +1.381946461e+00 +1.381946461e+00 +2.934194646e+01 +2.934194646e+01 -1.0471e+00 +2.4567e+00 -2.7354e-02 -2.6623e+00 -1.5904e+00
23856 +1.209049546e+00 +1.209049546e+00 +2.916904955e+01 +2.916904955e+01 -2.1958e+00 +1.1962e+00 +3.2379e-01 -2.5902e+00 -8.5312e-01
38943 +7.937284677e-01 +7.937284677e-01 +2.875372847e+01 +2.875372847e+01 +1.5889e+00 +3.7360e-01 +2.5156e+00 -1.9445e+00 -2.1363e+00
39329 +7.015923987e-01 +7.015923987e-01 +2.866159240e+01 +2.866159240e+01 +1.6225e+00 +3.5520e-01 +2.5497e+00 -1.9536e+00 -2.1406e+00
39686 +6.561806794e-01 +6.561806794e-01 +2.861618068e+01 +2.861618068e+01 +1.5195e+00 +3.3491e-01 +2.5017e+00 -1.9995e+00 -2.1613e+00
39752 +5.956694633e-01 +5.956694633e-01 +2.855566946e+01 +2.855566946e+01 +1.5096e+00 +3.5275e-01 +2.5082e+00 -2.0218e+00 -2.1162e+00
39928 +5.653718980e-01 +5.653718980e-01 +2.852537190e+01 +2.852537190e+01 +1.5581e+00 +3.7125e-01 +2.5395e+00 -1.9956e+00 -2.1340e+00
40016 +5.560926325e-01 +5.560926325e-01 +2.851609263e+01 +2.851609263e+01 +1.5720e+00 +3.5029e-01 +2.5487e+00 -1.9984e+00 -2.1182e+00
40019 +5.387474552e-01 +5.387474552e-01 +2.849874746e+01 +2.849874746e+01 +1.5471e+00 +3.5760e-01 +2.5472e+00 -1.9988e+00 -2.1266e+00
40038 +5.216902424e-01 +5.216902424e-01 +2.848169024e+01 +2.848169024e+01 +1.5637e+00 +3.4316e-01 +2.5459e+00 -1.9981e+00 -2.1335e+00
40084 +5.070974927e-01 +5.070974927e-01 +2.846709749e+01 +2.846709749e+01 +1.5546e+00 +3.2513e-01 +2.5440e+00 -1.9836e+00 -2.1385e+00
40088 +4.985855778e-01 +4.985855778e-01 +2.845858558e+01 +2.845858558e+01 +1.5469e+00 +3.2275e-01 +2.5498e+00 -2.0001e+00 -2.1241e+00
40148 +4.859685115e-01 +4.859685115e-01 +2.844596851e+01 +2.844596851e+01 +1.5392e+00 +3.1158e-01 +2.5434e+00 -1.9925e+00 -2.1347e+00
40214 +4.764886371e-01 +4.764886371e-01 +2.843648864e+01 +2.843648864e+01 +1.5274e+00 +3.0363e-01 +2.5545e+00 -1.9906e+00 -2.1324e+00
% function evaluation | noise-free fitness - Fopt (-6.338000000000e+01) | best noise-free fitness - Fopt | measured fitness | best measured fitness | x1 | x2...
1 +6.592654473e+03 +6.592654473e+03 +6.529274473e+03 +6.529274473e+03 +0.0000e+00 +0.0000e+00 +0.0000e+00 +0.0000e+00 +0.0000e+00
134 +3.282441007e+03 +3.282441007e+03 +3.219061007e+03 +3.219061007e+03 -1.0366e+00 +2.8213e+00 +1.6501e+00 -3.4459e+00 +1.1874e-01
139 +2.038382805e+03 +2.038382805e+03 +1.975002805e+03 +1.975002805e+03 +6.5654e-01 +3.2819e+00 +1.9507e+00 +7.0415e-01 -1.6300e+00
157 +1.314613712e+03 +1.314613712e+03 +1.251233712e+03 +1.251233712e+03 +7.8365e-01 +2.4048e+00 +3.0367e+00 -5.7548e-01 -2.9775e+00
178 +4.261238705e+00 +4.261238705e+00 -5.911876129e+01 -5.911876129e+01 +4.1328e-01 +1.3636e+00 +1.8186e+00 -1.0500e+00 -1.6314e+00
259 +3.646479828e+00 +3.646479828e+00 -5.973352017e+01 -5.973352017e+01 -4.9416e-01 +2.4588e+00 +2.1419e+00 -4.9584e-01 -1.8558e+00
264 +3.184491453e+00 +3.184491453e+00 -6.019550855e+01 -6.019550855e+01 -5.0190e-01 +2.5187e+00 +2.0309e+00 -1.2204e+00 -1.6232e+00
291 +1.869286480e+00 +1.869286480e+00 -6.151071352e+01 -6.151071352e+01 -4.2550e-01 +2.7298e+00 +1.9272e+00 -9.6394e-01 -1.2169e+00
1128 +1.563409245e+00 +1.563409245e+00 -6.181659076e+01 -6.181659076e+01 +1.9872e+00 +2.1659e+00 +1.4457e+00 -1.8005e+00 -9.8452e-01
2686 +1.544376222e+00 +1.544376222e+00 -6.183562378e+01 -6.183562378e+01 -1.4874e-01 +2.5438e+00 +1.4139e+00 -2.2830e+00 -2.0769e+00
2708 +1.302472593e+00 +1.302472593e+00 -6.207752741e+01 -6.207752741e+01 +8.3021e-01 +2.6003e+00 +1.9654e+00 -2.1609e+00 -2.0756e+00
2762 +1.184353974e+00 +1.184353974e+00 -6.219564603e+01 -6.219564603e+01 +1.9367e-01 +2.4969e+00 +1.9673e+00 -2.1474e+00 -2.1347e+00
2821 +8.490656358e-01 +8.490656358e-01 -6.253093436e+01 -6.253093436e+01 +3.4632e-01 +2.4944e+00 +2.0054e+00 -2.1631e+00 -2.0737e+00
2892 +7.574625993e-01 +7.574625993e-01 -6.262253740e+01 -6.262253740e+01 +3.4031e-01 +2.5540e+00 +2.0024e+00 -2.1568e+00 -2.0958e+00
3124 +7.205889224e-01 +7.205889224e-01 -6.265941108e+01 -6.265941108e+01 +3.4917e-01 +2.5347e+00 +2.0079e+00 -2.1296e+00 -2.0982e+00
% function evaluation | noise-free fitness - Fopt (-1.337200000000e+02) | best noise-free fitness - Fopt | measured fitness | best measured fitness | x1 | x2...
1 +6.592654473e+03 +6.592654473e+03 +6.458934473e+03 +6.458934473e+03 +0.0000e+00 +0.0000e+00 +0.0000e+00 +0.0000e+00 +0.0000e+00
2 +6.282139233e+03 +6.282139233e+03 +6.148419233e+03 +6.148419233e+03 +1.9583e+00 -1.4388e+00 +3.9930e+00 -5.8418e-01 +1.6659e-01
3 +5.066465186e+03 +5.066465186e+03 +4.932745186e+03 +4.932745186e+03 +1.9284e+00 -1.3962e+00 +4.1041e+00 -6.1214e-01 +3.4609e-01
17 +4.932418533e+03 +4.932418533e+03 +4.798698533e+03 +4.798698533e+03 +2.0388e+00 -1.4650e+00 +3.9554e+00 -6.3055e-01 +3.3444e-01
30 +4.040885117e+03 +4.040885117e+03 +3.907165117e+03 +3.907165117e+03 +2.0316e+00 -1.4259e+00 +4.0417e+00 -5.0486e-01 +4.2366e-01
31 +2.409011410e+03 +2.409011410e+03 +2.275291410e+03 +2.275291410e+03 +2.0387e+00 -1.5030e+00 +3.9493e+00 -6.8893e-01 +7.5812e-01
53 +1.702017313e+03 +1.702017313e+03 +1.568297313e+03 +1.568297313e+03 +2.2716e+00 -1.6610e+00 +3.4921e+00 -7.4468e-01 +8.9349e-01
54 +9.260634738e+02 +9.260634738e+02 +7.923434738e+02 +7.923434738e+02 +1.6158e+00 -1.6938e+00 +3.7206e+00 -5.0117e-01 +9.9851e-01
69 +7.246358092e+02 +7.246358092e+02 +5.909158092e+02 +5.909158092e+02 +1.7420e+00 -1.6896e+00 +3.9581e+00 -2.9572e-01 +1.3111e+00
74 +5.026086599e+02 +5.026086599e+02 +3.688886599e+02 +3.688886599e+02 +1.6709e+00 -1.5462e+00 +3.8248e+00 -2.3290e-01 +1.3321e+00
88 +4.381982866e+02 +4.381982866e+02 +3.044782866e+02 +3.044782866e+02 +1.7629e+00 -1.6479e+00 +3.7389e+00 -3.9006e-01 +1.4731e+00
104 +3.697893366e+02 +3.697893366e+02 +2.360693366e+02 +2.360693366e+02 +1.5857e+00 -1.9336e+00 +3.0379e+00 +2.4439e-01 +1.2291e+00
108 +3.569434545e+02 +3.569434545e+02 +2.232234545e+02 +2.232234545e+02 +1.5467e+00 -1.5063e+00 +3.6754e+00 -3.6457e-01 +2.0110e+00
110 +1.733544018e+02 +1.733544018e+02 +3.963440175e+01 +3.963440175e+01 +1.7028e+00 -1.5959e+00 +3.4223e+00 -3.1070e-01 +1.9222e+00
112 +1.406516089e+02 +1.406516089e+02 +6.931608922e+00 +6.931608922e+00 +1.9842e+00 -1.7580e+00 +3.1107e+00 +1.5874e-02 +2.0110e+00
125 +1.408937554e+01 +1.408937554e+01 -1.196306245e+02 -1.196306245e+02 +1.8085e+00 -4.9364e-01 +2.6877e+00 -5.6905e-02 +2.2427e+00
142 +5.043243768e+00 +5.043243768e+00 -1.286767562e+02 -1.286767562e+02 +1.3906e+00 -1.0478e+00 +2.1740e+00 +9.7049e-01 +1.4271e+00
154 +4.293752969e+00 +4.293752969e+00 -1.294262470e+02 -1.294262470e+02 +1.4508e+00 -1.1431e+00 +2.8582e+00 +5.4779e-01 +2.2316e+00
170 +3.900504078e+00 +3.900504078e+00 -1.298194959e+02 -1.298194959e+02 +1.3209e+00 +2.5652e-01 +1.8980e+00 +1.2821e+00 +1.6250e+00
186 +3.404993741e+00 +3.404993741e+00 -1.303150063e+02 -1.303150063e+02 +1.9736e+00 -1.2598e+00 +2.0120e+00 +9.4650e-01 +1.4652e+00
196 +3.161684950e+00 +3.161684950e+00 -1.305583151e+02 -1.305583151e+02 +2.0817e+00 -3.9840e-01 +1.9236e+00 +1.2146e+00 +2.2531e+00
262 +2.913154532e+00 +2.913154532e+00 -1.308068455e+02 -1.308068455e+02 +1.9848e+00 -8.0290e-02 +2.4906e+00 +4.5326e-01 +1.9185e+00
376 +2.657920109e+00 +2.657920109e+00 -1.310620799e+02 -1.310620799e+02 +1.0267e+00 -2.5063e-01 +1.4395e+00 +7.3555e-01 +1.7234e+00
443 +2.420919722e+00 +2.420919722e+00 -1.312990803e+02 -1.312990803e+02 +2.1654e+00 +1.0767e+00 +2.2868e+00 +2.1335e+00 +1.8375e+00
449 +2.115432810e+00 +2.115432810e+00 -1.316045672e+02 -1.316045672e+02 +2.0244e+00 +3.7563e-01 +2.6028e+00 +2.0588e+00 +1.8271e+00
1234 +1.960633859e+00 +1.960633859e+00 -1.317593661e+02 -1.317593661e+02 +2.0993e+00 -4.4754e-01 +1.6578e+00 +2.1823e+00 +2.1511e+00
1749 +1.927400888e+00 +1.927400888e+00 -1.317925991e+02 -1.317925991e+02 +1.9625e+00 -6.0584e-01 +1.5409e+00 +1.7775e+00 +1.0387e+00
1804 +1.883681782e+00 +1.883681782e+00 -1.318363182e+02 -1.318363182e+02 +1.9982e+00 -6.0488e-01 +1.5529e+00 +1.7702e+00 +1.0276e+00
1826 +1.836557751e+00 +1.836557751e+00 -1.318834422e+02 -1.318834422e+02 +2.0189e+00 -6.4149e-01 +1.5446e+00 +1.7875e+00 +1.0312e+00
1836 +1.795151103e+00 +1.795151103e+00 -1.319248489e+02 -1.319248489e+02 +2.0504e+00 -5.4925e-01 +1.5209e+00 +1.8090e+00 +1.0230e+00
1958 +1.764194650e+00 +1.764194650e+00 -1.319558053e+02 -1.319558053e+02 +2.0305e+00 -5.7741e-01 +1.5106e+00 +1.7878e+00 +1.0456e+00
2134 +1.733813843e+00 +1.733813843e+00 -1.319861862e+02 -1.319861862e+02 +2.0462e+00 -5.8729e-01 +1.5178e+00 +1.7947e+00 +1.0406e+00
2568 +1.698134722e+00 +1.698134722e+00 -1.320218653e+02 -1.320218653e+02 +2.1052e+00 -6.0495e-01 +1.5271e+00 +1.7911e+00 +1.0384e+00
8840 +1.645712069e+00 +1.645712069e+00 -1.320742879e+02 -1.320742879e+02 +2.1882e+00 +9.5547e-02 +1.0007e+00 +2.4203e+00 +1.9956e+00
8856 +1.412212359e+00 +1.412212359e+00 -1.323077876e+02 -1.323077876e+02 +2.1549e+00 -5.0546e-02 +6.2545e-01 +2.4305e+00 +2.0777e+00
9164 +1.359826075e+00 +1.359826075e+00 -1.323601739e+02 -1.323601739e+02 +2.0888e+00 +1.0032e-01 +6.0179e-01 +2.4630e+00 +8.2372e-01
9271 +1.256450732e+00 +1.256450732e+00 -1.324635493e+02 -1.324635493e+02 +2.0800e+00 +1.7751e-02 +5.4812e-01 +2.5321e+00 +8.5139e-01
9324 +1.194142242e+00 +1.194142242e+00 -1.325258578e+02 -1.325258578e+02 +2.0930e+00 +1.3840e-02 +5.7371e-01 +2.4526e+00 +8.6677e-01
9411 +1.173264855e+00 +1.173264855e+00 -1.325467351e+02 -1.325467351e+02 +2.0918e+00 +8.3439e-02 +6.2323e-01 +2.4539e+00 +8.6951e-01
9530 +1.075939271e+00 +1.075939271e+00 -1.326440607e+02 -1.326440607e+02 +2.0767e+00 +7.1775e-02 +5.8156e-01 +2.4814e+00 +8.6689e-01
9769 +1.071186733e+00 +1.071186733e+00 -1.326488133e+02 -1.326488133e+02 +2.0933e+00 +7.0011e-02 +5.7168e-01 +2.4908e+00 +8.6296e-01
29408 +9.257419711e-01 +9.257419711e-01 -1.327942580e+02 -1.327942580e+02 +2.1233e+00 +2.0659e+00 +2.1212e+00 +1.6356e+00 +1.8955e+00
29584 +8.853376147e-01 +8.853376147e-01 -1.328346624e+02 -1.328346624e+02 +2.1092e+00 +2.1168e+00 +2.0948e+00 +1.6350e+00 +1.8802e+00
29870 +8.697665633e-01 +8.697665633e-01 -1.328502334e+02 -1.328502334e+02 +2.0962e+00 +2.1085e+00 +2.1050e+00 +1.6444e+00 +1.8766e+00
44414 +6.578501656e-01 +6.578501656e-01 -1.330621498e+02 -1.330621498e+02 -1.5602e+00 +2.6920e-01 +2.5974e+00 +2.0094e+00 +2.1519e+00
% function evaluation | noise-free fitness - Fopt (-4.039900000000e+02) | best noise-free fitness - Fopt | measured fitness | best measured fitness | x1 | x2...
1 +6.592654473e+03 +6.592654473e+03 +6.188664473e+03 +6.188664473e+03 +0.0000e+00 +0.0000e+00 +0.0000e+00 +0.0000e+00 +0.0000e+00
49 +4.743887680e+03 +4.743887680e+03 +4.339897680e+03 +4.339897680e+03 -1.3869e+00 +1.8547e+00 +6.1261e-01 -2.0463e-01 -4.9187e-01
63 +4.210054573e+03 +4.210054573e+03 +3.806064573e+03 +3.806064573e+03 -1.3770e+00 +1.4596e+00 +8.2472e-01 +1.0430e-02 -3.0419e-01
70 +3.879553280e+03 +3.879553280e+03 +3.475563280e+03 +3.475563280e+03 -1.3855e+00 +1.9717e+00 +6.9302e-01 -1.4455e-01 -6.3969e-01
75 +3.464906104e+03 +3.464906104e+03 +3.060916104e+03 +3.060916104e+03 -1.0310e+00 +1.7481e+00 +1.0350e+00 -1.8130e-01 -5.8294e-01
79 +1.463691413e+03 +1.463691413e+03 +1.059701413e+03 +1.059701413e+03 -1.5038e+00 +1.7108e+00 +8.0249e-01 +1.3978e-01 -1.0286e+00
91 +1.246867438e+03 +1.246867438e+03 +8.428774378e+02 +8.428774378e+02 -1.7198e+00 +1.4954e+00 +1.2333e+00 -2.7540e-02 -1.5916e+00
102 +3.769447267e+02 +3.769447267e+02 -2.704527327e+01 -2.704527327e+01 -9.1505e-01 +1.2026e+00 +8.3452e-01 +2.6134e-01 -1.1954e+00
113 +2.170825606e+02 +2.170825606e+02 -1.869074394e+02 -1.869074394e+02 -1.4464e+00 +1.0074e+00 +1.2189e+00 +1.1967e+00 -1.3400e+00
116 +2.052085923e+02 +2.052085923e+02 -1.987814077e+02 -1.987814077e+02 -1.6493e+00 +8.1874e-01 +1.1193e+00 +4.6352e-01 -9.1469e-01
131 +5.113980114e+00 +5.113980114e+00 -3.988760199e+02 -3.988760199e+02 -2.0415e+00 +3.3979e-01 +1.2519e+00 +1.3766e+00 -1.8271e+00
142 +3.413791242e+00 +3.413791242e+00 -4.005762088e+02 -4.005762088e+02 -1.4020e+00 -3.6665e-01 +1.5137e+00 +9.8429e-01 -1.6938e+00
176 +2.259478820e+00 +2.259478820e+00 -4.017305212e+02 -4.017305212e+02 -1.3387e+00 -2.5487e-01 +4.9949e-01 +1.0060e+00 -1.6084e+00
354 +2.089274465e+00 +2.089274465e+00 -4.019007255e+02 -4.019007255e+02 -1.6854e+00 -3.3250e-01 +2.4630e+00 +1.1954e+00 -1.1843e+00
524 +1.739838200e+00 +1.739838200e+00 -4.022501618e+02 -4.022501618e+02 -1.4936e+00 -2.3034e-01 +1.5497e+00 +1.7784e+00 -2.2031e+00
1045 +1.506570288e+00 +1.506570288e+00 -4.024834297e+02 -4.024834297e+02 -1.3888e+00 -4.9016e-01 +2.4622e+00 +2.0521e+00 -2.1461e+00
1584 +1.095962129e+00 +1.095962129e+00 -4.028940379e+02 -4.028940379e+02 -1.4237e+00 -2.7720e-01 +2.6054e+00 +1.9823e+00 -1.7698e+00
1675 +8.349359418e-01 +8.349359418e-01 -4.031550641e+02 -4.031550641e+02 -1.4050e+00 -2.5023e-01 +2.5043e+00 +1.9780e+00 -2.1091e+00
1693 +6.404917390e-01 +6.404917390e-01 -4.033495083e+02 -4.033495083e+02 -1.4140e+00 -2.6535e-01 +2.5992e+00 +1.9906e+00 -2.1165e+00
1804 +6.074782509e-01 +6.074782509e-01 -4.033825217e+02 -4.033825217e+02 -1.4940e+00 -2.7213e-01 +2.5169e+00 +2.0032e+00 -2.1064e+00
1810 +5.196236120e-01 +5.196236120e-01 -4.034703764e+02 -4.034703764e+02 -1.4795e+00 -2.8330e-01 +2.5315e+00 +2.0087e+00 -2.1333e+00
1848 +4.964699613e-01 +4.964699613e-01 -4.034935300e+02 -4.034935300e+02 -1.4949e+00 -2.8848e-01 +2.5618e+00 +2.0077e+00 -2.1340e+00
1980 +4.804915402e-01 +4.804915402e-01 -4.035095085e+02 -4.035095085e+02 -1.5123e+00 -3.0063e-01 +2.5494e+00 +1.9844e+00 -2.1338e+00
2083 +4.747342406e-01 +4.747342406e-01 -4.035152658e+02 -4.035152658e+02 -1.5166e+00 -2.9813e-01 +2.5574e+00 +1.9923e+00 -2.1302e+00
% function evaluation | noise-free fitness - Fopt (1.000000000000e+03) | best noise-free fitness - Fopt | measured fitness | best measured fitness | x1 | x2...
1 +6.592654473e+03 +6.592654473e+03 +7.592654473e+03 +7.592654473e+03 +0.0000e+00 +0.0000e+00 +0.0000e+00 +0.0000e+00 +0.0000e+00
46 +5.493653015e+03 +5.493653015e+03 +6.493653015e+03 +6.493653015e+03 -5.5928e+00 +3.4268e+00 -2.1704e+00 +9.7565e-01 +2.9384e-01
54 +4.478461930e+03 +4.478461930e+03 +5.478461930e+03 +5.478461930e+03 -5.3533e+00 +3.2752e+00 -2.0639e+00 +6.8395e-01 +4.5262e-01
55 +4.281051151e+03 +4.281051151e+03 +5.281051151e+03 +5.281051151e+03 -5.2106e+00 +3.2315e+00 -1.7486e+00 +8.5767e-01 +3.8200e-01
63 +4.058180864e+03 +4.058180864e+03 +5.058180864e+03 +5.058180864e+03 -5.4268e+00 +3.2707e+00 -2.0541e+00 +8.7388e-01 +5.6163e-01
68 +3.735488865e+03 +3.735488865e+03 +4.735488865e+03 +4.735488865e+03 -5.4783e+00 +3.4903e+00 -1.9575e+00 +7.2146e-01 +7.8211e-01
69 +2.931371576e+03 +2.931371576e+03 +3.931371576e+03 +3.931371576e+03 -4.7861e+00 +3.3157e+00 -2.0249e+00 +7.6521e-01 +5.2638e-01
88 +2.731481275e+03 +2.731481275e+03 +3.731481275e+03 +3.731481275e+03 -5.1104e+00 +3.2700e+00 -1.9461e+00 +7.7466e-01 +1.1513e+00
90 +1.493776821e+03 +1.493776821e+03 +2.493776821e+03 +2.493776821e+03 -4.4302e+00 +2.9400e+00 -1.5627e+00 +5.2791e-01 +1.5392e+00
115 +9.183894931e+02 +9.183894931e+02 +1.918389493e+03 +1.918389493e+03 -4.0105e+00 +3.2362e+00 -1.5816e+00 +4.7925e-01 +1.9157e+00
116 +6.906516543e+02 +6.906516543e+02 +1.690651654e+03 +1.690651654e+03 -3.4621e+00 +3.3411e+00 -1.4127e+00 -2.1712e-02 +2.8404e+00
135 +1.091934259e+02 +1.091934259e+02 +1.109193426e+03 +1.109193426e+03 -3.0138e+00 +2.6470e+00 -2.0960e+00 +1.5277e+00 +2.0555e+00
154 +8.570375184e+01 +8.570375184e+01 +1.085703752e+03 +1.085703752e+03 -2.9573e+00 +3.3793e+00 -1.8592e+00 +7.7234e-01 +1.9347e+00
176 +4.315893761e+01 +4.315893761e+01 +1.043158938e+03 +1.043158938e+03 -2.8186e+00 +3.5151e+00 -1.2871e+00 +7.8501e-01 +1.9749e+00
183 +3.627017621e+01 +3.627017621e+01 +1.036270176e+03 +1.036270176e+03 -2.6580e+00 +2.0168e+00 -1.1347e+00 +3.0203e-01 +2.1030e+00
206 +4.276134545e+00 +4.276134545e+00 +1.004276135e+03 +1.004276135e+03 -7.6165e-01 +1.4124e+00 -1.4424e+00 +1.3571e+00 +1.5798e+00
233 +3.324274363e+00 +3.324274363e+00 +1.003324274e+03 +1.003324274e+03 -1.3969e+00 +2.7230e+00 -1.7657e+00 +2.8846e-01 +1.3851e+00
462 +2.957612643e+00 +2.957612643e+00 +1.002957613e+03 +1.002957613e+03 -8.0268e-01 +1.9819e+00 -1.5078e+00 +1.4866e+00 +1.9308e+00
487 +2.914312561e+00 +2.914312561e+00 +1.002914313e+03 +1.002914313e+03 +2.1296e-01 +1.9336e+00 -1.1918e+00 +2.3495e+00 +8.5468e-01
544 +2.766033608e+00 +2.766033608e+00 +1.002766034e+03 +1.002766034e+03 +4.4009e-01 +2.4188e+00 -1.9834e+00 +1.5557e+00 +1.6926e+00
585 +2.589085542e+00 +2.589085542e+00 +1.002589086e+03 +1.002589086e+03 -4.3864e-01 +1.5945e+00 -2.2834e+00 +9.0647e-01 +2.4116e+00
711 +2.540012118e+00 +2.540012118e+00 +1.002540012e+03 +1.002540012e+03 +3.3955e-01 +2.4889e+00 -1.9864e+00 +2.0304e+00 +1.8882e+00
899 +2.436154598e+00 +2.436154598e+00 +1.002436155e+03 +1.002436155e+03 -5.7742e-01 +2.6899e+00 -1.9441e+00 +1.3707e+00 +1.3600e+00
1187 +2.394427656e+00 +2.394427656e+00 +1.002394428e+03 +1.002394428e+03 -5.7335e-01 +1.9950e+00 -2.0454e+00 +1.4592e+00 +2.2378e+00
1217 +2.280061629e+00 +2.280061629e+00 +1.002280062e+03 +1.002280062e+03 +2.4171e-01 +1.7859e+00 -2.1630e+00 +9.5050e-01 +2.0439e+00
1437 +2.152969436e+00 +2.152969436e+00 +1.002152969e+03 +1.002152969e+03 -2.4309e-01 +1.9199e+00 -2.1589e+00 +1.3040e+00 +2.3016e+00
1503 +2.080147584e+00 +2.080147584e+00 +1.002080148e+03 +1.002080148e+03 -1.4137e-01 +1.8989e+00 -2.1307e+00 +1.1609e+00 +2.3353e+00
1680 +2.038529867e+00 +2.038529867e+00 +1.002038530e+03 +1.002038530e+03 -1.5413e-01 +1.8496e+00 -2.1752e+00 +1.1519e+00 +2.3543e+00
3592 +1.962113298e+00 +1.962113298e+00 +1.001962113e+03 +1.001962113e+03 -1.7104e+00 +3.8653e-01 -2.6184e+00 +2.0193e+00 +1.5379e+00
10561 +1.878239920e+00 +1.878239920e+00 +1.001878240e+03 +1.001878240e+03 +2.0656e+00 +1.3514e+00 -7.6471e-01 +1.6856e+00 +2.2372e+00
10893 +1.805334824e+00 +1.805334824e+00 +1.001805335e+03 +1.001805335e+03 +2.0863e+00 +1.3282e+00 -7.7906e-01 +1.6765e+00 +2.1941e+00
11050 +1.763142413e+00 +1.763142413e+00 +1.001763142e+03 +1.001763142e+03 +2.0677e+00 +1.3109e+00 -7.5754e-01 +1.6838e+00 +2.2141e+00
11468 +1.737271750e+00 +1.737271750e+00 +1.001737272e+03 +1.001737272e+03 +2.1044e+00 +1.2912e+00 -7.7232e-01 +1.6883e+00 +2.2086e+00
13973 +1.685653453e+00 +1.685653453e+00 +1.001685653e+03 +1.001685653e+03 -1.5245e+00 +3.3970e-01 -2.5357e+00 +1.2524e+00 +1.9924e+00
14000 +1.640339829e+00 +1.640339829e+00 +1.001640340e+03 +1.001640340e+03 -1.5073e+00 +3.1194e-01 -2.5621e+00 +1.2539e+00 +1.9681e+00
14198 +1.621692067e+00 +1.621692067e+00 +1.001621692e+03 +1.001621692e+03 -1.5209e+00 +3.0300e-01 -2.5580e+00 +1.2436e+00 +1.9729e+00
16782 +1.501261919e+00 +1.501261919e+00 +1.001501262e+03 +1.001501262e+03 -1.5660e+00 +2.9510e+00 -1.8803e+00 +1.6360e+00 +1.1297e+00
16847 +7.895566798e-01 +7.895566798e-01 +1.000789557e+03 +1.000789557e+03 -1.4230e+00 +3.0891e+00 -1.8914e+00 +2.1482e+00 +9.3812e-01
35748 +6.605135375e-01 +6.605135375e-01 +1.000660514e+03 +1.000660514e+03 +2.0907e+00 +2.1997e+00 -2.0845e+00 +6.5668e-01 +2.4584e+00
35808 +5.087501791e-01 +5.087501791e-01 +1.000508750e+03 +1.000508750e+03 +2.0054e+00 +2.1977e+00 -2.0547e+00 +5.5694e-01 +2.4889e+00
35836 +4.210358259e-01 +4.210358259e-01 +1.000421036e+03 +1.000421036e+03 +2.0805e+00 +2.1796e+00 -2.1000e+00 +5.9621e-01 +2.4545e+00
35880 +3.373104283e-01 +3.373104283e-01 +1.000337310e+03 +1.000337310e+03 +2.0908e+00 +2.1693e+00 -2.0935e+00 +6.0580e-01 +2.4814e+00
35946 +3.133872452e-01 +3.133872452e-01 +1.000313387e+03 +1.000313387e+03 +2.0267e+00 +2.1531e+00 -2.0880e+00 +5.8659e-01 +2.4842e+00
35968 +2.813107790e-01 +2.813107790e-01 +1.000281311e+03 +1.000281311e+03 +2.0401e+00 +2.1264e+00 -2.0920e+00 +5.8056e-01 +2.4847e+00
36034 +2.617697343e-01 +2.617697343e-01 +1.000261770e+03 +1.000261770e+03 +2.0732e+00 +2.0894e+00 -2.1176e+00 +5.6972e-01 +2.4873e+00
36122 +2.568483139e-01 +2.568483139e-01 +1.000256848e+03 +1.000256848e+03 +2.0832e+00 +2.0888e+00 -2.1034e+00 +5.7662e-01 +2.4943e+00
36144 +2.428956739e-01 +2.428956739e-01 +1.000242896e+03 +1.000242896e+03 +2.1025e+00 +2.0974e+00 -2.1048e+00 +5.8800e-01 +2.4819e+00
36364 +2.385448595e-01 +2.385448595e-01 +1.000238545e+03 +1.000238545e+03 +2.1103e+00 +2.0984e+00 -2.1104e+00 +5.7697e-01 +2.4849e+00
% function evaluation | noise-free fitness - Fopt (1.005700000000e+02) | best noise-free fitness - Fopt | measured fitness | best measured fitness | x1 | x2...
1 +6.592654473e+03 +6.592654473e+03 +6.693224473e+03 +6.693224473e+03 +0.0000e+00 +0.0000e+00 +0.0000e+00 +0.0000e+00 +0.0000e+00
79 +5.606355334e+03 +5.606355334e+03 +5.706925334e+03 +5.706925334e+03 -5.2472e+00 -2.1923e+00 +2.7025e+00 -2.9323e+00 +3.3539e-02
85 +5.148883378e+03 +5.148883378e+03 +5.249453378e+03 +5.249453378e+03 -5.5347e+00 -2.3992e+00 +2.4511e+00 -2.7305e+00 -6.2427e-02
92 +5.079755843e+03 +5.079755843e+03 +5.180325843e+03 +5.180325843e+03 -4.9556e+00 -2.4581e+00 +2.6635e+00 -2.5550e+00 +1.7719e-01
93 +3.742241906e+03 +3.742241906e+03 +3.842811906e+03 +3.842811906e+03 -5.4449e+00 -2.0414e+00 +2.4360e+00 -2.5258e+00 -1.3704e+00
110 +3.462005766e+03 +3.462005766e+03 +3.562575766e+03 +3.562575766e+03 -5.1114e+00 -2.2522e+00 +2.6607e+00 -2.4453e+00 -2.7428e-01
112 +2.234580282e+03 +2.234580282e+03 +2.335150282e+03 +2.335150282e+03 -4.8612e+00 -2.0611e+00 +2.2813e+00 -1.7560e+00 -1.1591e+00
140 +5.852877739e+02 +5.852877739e+02 +6.858577739e+02 +6.858577739e+02 -3.6536e+00 -1.1543e+00 +2.7544e+00 -1.5757e+00 -2.0128e+00
185 +3.026334122e+02 +3.026334122e+02 +4.032034122e+02 +4.032034122e+02 -3.1444e+00 -2.0423e+00 +2.0363e+00 -1.5738e+00 -2.5448e+00
198 +1.499660998e+02 +1.499660998e+02 +2.505360998e+02 +2.505360998e+02 -3.1052e+00 -1.2657e+00 +1.5402e+00 -1.7826e+00 -1.2863e+00
201 +6.125857576e+00 +6.125857576e+00 +1.066958576e+02 +1.066958576e+02 -2.5848e+00 -9.4698e-01 +1.7484e+00 -2.1797e+00 -1.8769e+00
242 +4.377775510e+00 +4.377775510e+00 +1.049477755e+02 +1.049477755e+02 -2.1024e+00 -8.7392e-01 +1.7937e+00 -7.1507e-01 -2.1590e+00
273 +4.024473895e+00 +4.024473895e+00 +1.045944739e+02 +1.045944739e+02 -1.8437e+00 -2.1912e+00 +2.2032e+00 -4.0772e-01 -1.9946e+00
280 +2.508291301e+00 +2.508291301e+00 +1.030782913e+02 +1.030782913e+02 -1.4973e+00 -1.5288e+00 +2.2809e+00 -1.6311e+00 -1.5867e+00
539 +2.134884716e+00 +2.134884716e+00 +1.027048847e+02 +1.027048847e+02 -1.5484e+00 -1.0604e+00 +2.3150e+00 -1.6446e+00 -1.1310e+00
622 +1.690441609e+00 +1.690441609e+00 +1.022604416e+02 +1.022604416e+02 -1.5650e+00 -1.0253e+00 +2.2994e+00 -1.9868e+00 -9.5476e-01
1109 +1.394107902e+00 +1.394107902e+00 +1.019641079e+02 +1.019641079e+02 -1.5019e+00 -1.6784e+00 +2.2225e+00 -2.0483e+00 -1.0164e+00
12678 +1.363241752e+00 +1.363241752e+00 +1.019332418e+02 +1.019332418e+02 +2.1628e+00 -2.0927e+00 +1.1066e+00 -1.2149e+00 -2.3410e+00
12700 +1.314543773e+00 +1.314543773e+00 +1.018845438e+02 +1.018845438e+02 +2.1209e+00 -2.0880e+00 +1.1025e+00 -1.1960e+00 -2.3324e+00
47708 +9.086747717e-01 +9.086747717e-01 +1.014786748e+02 +1.014786748e+02 +2.0300e+00 -1.1917e-02 +2.6954e+00 -1.9798e+00 -2.1480e+00
% function evaluation | noise-free fitness - Fopt (1.149000000000e+01) | best noise-free fitness - Fopt | measured fitness | best measured fitness | x1 | x2...
1 +6.592654473e+03 +6.592654473e+03 +6.604144473e+03 +6.604144473e+03 +0.0000e+00 +0.0000e+00 +0.0000e+00 +0.0000e+00 +0.0000e+00
68 +5.176459395e+03 +5.176459395e+03 +5.187949395e+03 +5.187949395e+03 +1.2105e+00 -1.8178e+00 -5.0963e+00 -1.1754e+00 +2.6141e+00
72 +2.982703782e+03 +2.982703782e+03 +2.994193782e+03 +2.994193782e+03 +1.3058e+00 -1.9878e+00 -4.7208e+00 -7.0258e-01 +2.4609e+00
97 +1.761289668e+03 +1.761289668e+03 +1.772779668e+03 +1.772779668e+03 +1.1727e+00 -2.0888e+00 -4.3001e+00 +3.6965e-01 +1.8526e+00
137 +1.511353038e+03 +1.511353038e+03 +1.522843038e+03 +1.522843038e+03 +1.4894e+00 -2.4158e+00 -4.0520e+00 +3.6359e-01 +1.7377e+00
143 +6.947105364e+02 +6.947105364e+02 +7.062005364e+02 +7.062005364e+02 +1.7895e+00 -2.2536e+00 -2.9107e+00 +1.7240e+00 +1.3779e+00
154 +4.497327297e+02 +4.497327297e+02 +4.612227297e+02 +4.612227297e+02 +1.4368e+00 -1.9000e+00 -3.5736e+00 +1.6674e+00 +1.3814e+00
179 +1.311380414e+02 +1.311380414e+02 +1.426280414e+02 +1.426280414e+02 +1.8018e+00 -1.6965e+00 -2.3253e+00 +9.2739e-01 +1.8179e+00
264 +3.843484404e+00 +3.843484404e+00 +1.533348440e+01 +1.533348440e+01 +1.4669e+00 -1.0370e+00 -3.0421e+00 +1.8822e+00 +1.8269e+00
308 +2.708317149e+00 +2.708317149e+00 +1.419831715e+01 +1.419831715e+01 +2.3506e+00 +3.4122e-01 -1.4153e+00 +1.8239e+00 +2.1542e+00
482 +2.202700118e+00 +2.202700118e+00 +1.369270012e+01 +1.369270012e+01 +2.0905e+00 -6.5192e-01 -1.4486e+00 +7.5473e-01 +1.8939e+00
629 +1.948373571e+00 +1.948373571e+00 +1.343837357e+01 +1.343837357e+01 -1.5190e+00 +2.1064e+00 -2.0157e-01 +2.4894e+00 +2.0248e+00
1325 +1.822747335e+00 +1.822747335e+00 +1.331274734e+01 +1.331274734e+01 +2.0937e+00 +4.3563e-02 -1.6387e+00 +2.1875e+00 +1.7347e+00
1386 +1.814960454e+00 +1.814960454e+00 +1.330496045e+01 +1.330496045e+01 +2.1289e+00 +4.2914e-02 -1.6167e+00 +2.2123e+00 +1.7586e+00
1496 +1.754863838e+00 +1.754863838e+00 +1.324486384e+01 +1.324486384e+01 +2.1217e+00 +4.9217e-02 -1.5995e+00 +2.2354e+00 +1.7311e+00
1997 +1.737686958e+00 +1.737686958e+00 +1.322768696e+01 +1.322768696e+01 +2.1047e+00 +5.5752e-02 -1.6163e+00 +2.2293e+00 +1.7304e+00
3666 +1.603897698e+00 +1.603897698e+00 +1.309389770e+01 +1.309389770e+01 -1.3827e+00 +3.5615e-01 -2.4858e+00 +1.8926e+00 +2.1289e+00
4306 +1.262231826e+00 +1.262231826e+00 +1.275223183e+01 +1.275223183e+01 -1.5599e+00 +2.1496e+00 -1.5189e+00 +2.2729e+00 +2.0726e+00
7830 +1.241271630e+00 +1.241271630e+00 +1.273127163e+01 +1.273127163e+01 +2.0332e+00 +9.5366e-02 -2.6352e+00 +4.1886e-01 +1.4045e+00
7858 +1.174402781e+00 +1.174402781e+00 +1.266440278e+01 +1.266440278e+01 +2.0820e+00 +1.1109e-01 -2.6374e+00 +4.2535e-01 +1.3858e+00
7902 +1.118271687e+00 +1.118271687e+00 +1.260827169e+01 +1.260827169e+01 +2.0755e+00 +5.8817e-02 -2.6515e+00 +4.3972e-01 +1.3826e+00
7924 +1.095858114e+00 +1.095858114e+00 +1.258585811e+01 +1.258585811e+01 +2.0760e+00 +4.1357e-02 -2.6186e+00 +4.3739e-01 +1.3766e+00
8034 +1.071276078e+00 +1.071276078e+00 +1.256127608e+01 +1.256127608e+01 +2.0891e+00 +5.6729e-02 -2.6216e+00 +4.4978e-01 +1.3785e+00
18622 +1.046337475e+00 +1.046337475e+00 +1.253633747e+01 +1.253633747e+01 -1.1656e-01 +2.6537e+00 -1.9796e+00 +6.2429e-01 +2.4795e+00
25207 +9.868495271e-01 +9.868495271e-01 +1.247684953e+01 +1.247684953e+01 -1.5210e+00 +2.2460e+00 -2.0595e+00 +5.9558e-01 +2.4996e+00
25226 +9.588677691e-01 +9.588677691e-01 +1.244886777e+01 +1.244886777e+01 -1.5522e+00 +2.2326e+00 -2.0656e+00 +5.9906e-01 +2.4695e+00
25350 +9.446669061e-01 +9.446669061e-01 +1.243466691e+01 +1.243466691e+01 -1.5111e+00 +2.1733e+00 -2.0670e+00 +5.8534e-01 +2.4965e+00
25412 +9.231928542e-01 +9.231928542e-01 +1.241319285e+01 +1.241319285e+01 -1.5461e+00 +2.2003e+00 -2.0765e+00 +5.8964e-01 +2.4886e+00
25654 +9.109824015e-01 +9.109824015e-01 +1.240098240e+01 +1.240098240e+01 -1.5092e+00 +2.1895e+00 -2.0904e+00 +5.8127e-01 +2.4829e+00
% function evaluation | noise-free fitness - Fopt (7.731000000000e+01) | best noise-free fitness - Fopt | measured fitness | best measured fitness | x1 | x2...
1 +6.592654473e+03 +6.592654473e+03 +6.669964473e+03 +6.669964473e+03 +0.0000e+00 +0.0000e+00 +0.0000e+00 +0.0000e+00 +0.0000e+00
90 +5.168622338e+03 +5.168622338e+03 +5.245932338e+03 +5.245932338e+03 -1.4427e+00 -5.1132e+00 +1.0256e+00 +4.5137e-01 +1.7208e+00
105 +4.128077213e+03 +4.128077213e+03 +4.205387213e+03 +4.205387213e+03 -1.2085e+00 -4.1804e+00 +1.2162e+00 -2.7920e-02 +1.6067e+00
112 +1.064692018e+03 +1.064692018e+03 +1.142002018e+03 +1.142002018e+03 -1.0294e+00 -3.8906e+00 -3.3055e-01 +2.0100e+00 +1.9746e+00
113 +1.038827834e+03 +1.038827834e+03 +1.116137834e+03 +1.116137834e+03 -6.9900e-01 -3.7051e+00 +1.4396e+00 +2.0563e+00 +2.1806e+00
118 +8.381322817e+02 +8.381322817e+02 +9.154422817e+02 +9.154422817e+02 -1.1742e+00 -2.4178e+00 +5.2906e-01 +2.1232e-01 +1.9822e+00
125 +6.940244319e+01 +6.940244319e+01 +1.467124432e+02 +1.467124432e+02 -1.5248e+00 -2.8436e+00 +5.8141e-01 +1.4252e+00 +1.7559e+00
154 +4.452197345e+00 +4.452197345e+00 +8.176219734e+01 +8.176219734e+01 -8.6627e-01 -1.8421e+00 +4.4195e-01 +1.3281e+00 +1.6874e+00
228 +3.736631412e+00 +3.736631412e+00 +8.104663141e+01 +8.104663141e+01 -8.8665e-01 -1.7840e+00 -5.2238e-01 +1.1520e+00 +2.3411e+00
242 +3.298877595e+00 +3.298877595e+00 +8.060887760e+01 +8.060887760e+01 -1.0516e+00 -1.4627e+00 -1.1652e+00 +1.1492e+00 +1.7733e+00
301 +3.013295963e+00 +3.013295963e+00 +8.032329596e+01 +8.032329596e+01 -9.9093e-01 +1.0480e+00 -2.5111e+00 +5.0373e-01 +2.4456e+00
305 +2.851504323e+00 +2.851504323e+00 +8.016150432e+01 +8.016150432e+01 -1.0180e+00 -1.4992e+00 -1.1837e+00 +1.1664e+00 +1.9784e+00
315 +1.953420549e+00 +1.953420549e+00 +7.926342055e+01 +7.926342055e+01 -4.1307e-01 -1.7101e+00 -2.0931e+00 +2.1201e+00 +2.1638e+00
1530 +1.828610905e+00 +1.828610905e+00 +7.913861090e+01 +7.913861090e+01 -9.3999e-01 +2.8995e-01 -7.0247e-01 +2.4079e+00 +1.6317e+00
1598 +1.771014638e+00 +1.771014638e+00 +7.908101464e+01 +7.908101464e+01 -9.4242e-01 +2.4224e-01 -5.8761e-01 +2.5308e+00 +1.6528e+00
1771 +1.725718360e+00 +1.725718360e+00 +7.903571836e+01 +7.903571836e+01 -1.0960e+00 +4.0107e-01 -6.4958e-01 +2.4801e+00 +1.7143e+00
1813 +1.549296331e+00 +1.549296331e+00 +7.885929633e+01 +7.885929633e+01 -9.9217e-01 +3.1434e-01 -6.2959e-01 +2.4382e+00 +1.6537e+00
1825 +1.486056063e+00 +1.486056063e+00 +7.879605606e+01 +7.879605606e+01 -1.0613e+00 +3.5752e-01 -7.2942e-01 +2.4781e+00 +1.6808e+00
1844 +1.219040539e+00 +1.219040539e+00 +7.852904054e+01 +7.852904054e+01 -1.0077e+00 +3.1599e-01 -5.7576e-01 +2.4958e+00 +2.0083e+00
1902 +1.020594617e+00 +1.020594617e+00 +7.833059462e+01 +7.833059462e+01 -9.9551e-01 +3.1836e-01 -6.5748e-01 +2.4837e+00 +2.0378e+00
2024 +9.715602766e-01 +9.715602766e-01 +7.828156028e+01 +7.828156028e+01 -1.0239e+00 +2.9624e-01 -6.7376e-01 +2.4672e+00 +1.9965e+00
2046 +9.421900401e-01 +9.421900401e-01 +7.825219004e+01 +7.825219004e+01 -1.0176e+00 +3.5888e-01 -7.0261e-01 +2.4409e+00 +2.0140e+00
2156 +9.206023051e-01 +9.206023051e-01 +7.823060231e+01 +7.823060231e+01 -1.0211e+00 +3.2627e-01 -6.6108e-01 +2.4622e+00 +2.0168e+00
2354 +9.090758213e-01 +9.090758213e-01 +7.821907582e+01 +7.821907582e+01 -1.0131e+00 +3.3996e-01 -6.8131e-01 +2.4603e+00 +2.0174e+00
14615 +8.269470257e-01 +8.269470257e-01 +7.813694703e+01 +7.813694703e+01 -2.1670e+00 -2.0848e+00 -2.1375e+00 +1.3158e+00 +2.3009e+00
14616 +7.806851342e-01 +7.806851342e-01 +7.809068513e+01 +7.809068513e+01 -2.1124e+00 -2.1242e+00 -2.0597e+00 +1.3556e+00 +2.2976e+00
14858 +7.623430325e-01 +7.623430325e-01 +7.807234303e+01 +7.807234303e+01 -2.1127e+00 -2.0601e+00 -2.1183e+00 +1.3375e+00 +2.3045e+00
14880 +7.576238210e-01 +7.576238210e-01 +7.806762382e+01 +7.806762382e+01 -2.1427e+00 -2.0779e+00 -2.1338e+00 +1.3343e+00 +2.2974e+00
14990 +7.273329082e-01 +7.273329082e-01 +7.803733291e+01 +7.803733291e+01 -2.1198e+00 -2.0882e+00 -2.1068e+00 +1.3419e+00 +2.2920e+00
15051 +7.176917705e-01 +7.176917705e-01 +7.802769177e+01 +7.802769177e+01 -2.1009e+00 -2.0965e+00 -2.0953e+00 +1.3550e+00 +2.2945e+00
% function evaluation | noise-free fitness - Fopt (3.207700000000e+02) | best noise-free fitness - Fopt | measured fitness | best measured fitness | x1 | x2...
1 +6.592654473e+03 +6.592654473e+03 +6.913424473e+03 +6.913424473e+03 +0.0000e+00 +0.0000e+00 +0.0000e+00 +0.0000e+00 +0.0000e+00
113 +5.569142233e+03 +5.569142233e+03 +5.889912233e+03 +5.889912233e+03 -3.8294e+00 +4.3932e+00 +2.1825e+00 -1.6647e-01 +2.3169e+00
140 +4.715139858e+03 +4.715139858e+03 +5.035909858e+03 +5.035909858e+03 -3.5076e+00 +3.4655e+00 +4.6246e-01 -1.8459e-01 +5.1724e-01
153 +3.591156727e+03 +3.591156727e+03 +3.911926727e+03 +3.911926727e+03 -2.0557e+00 +2.9968e+00 +1.3430e+00 +2.7102e-01 +8.0972e-01
154 +3.254579706e+03 +3.254579706e+03 +3.575349706e+03 +3.575349706e+03 -3.8786e+00 +3.6176e+00 +6.3881e-01 -5.9988e-01 +1.0652e+00
176 +2.099489345e+03 +2.099489345e+03 +2.420259345e+03 +2.420259345e+03 -3.6585e+00 +3.1952e+00 +2.0504e+00 -6.5413e-01 +8.9975e-01
193 +1.779226760e+03 +1.779226760e+03 +2.099996760e+03 +2.099996760e+03 -4.3467e+00 +1.7493e+00 +2.5327e+00 -5.8695e-01 +2.9296e+00
201 +1.491048352e+03 +1.491048352e+03 +1.811818352e+03 +1.811818352e+03 -2.3936e+00 +2.8557e+00 +2.6575e+00 -3.0314e-01 +2.7552e+00
210 +8.499080653e+02 +8.499080653e+02 +1.170678065e+03 +1.170678065e+03 -2.5906e+00 +2.5573e+00 +1.0828e+00 -1.3707e+00 +1.2403e+00
241 +5.225266324e+01 +5.225266324e+01 +3.730226632e+02 +3.730226632e+02 -2.1556e+00 +1.6268e+00 +5.7505e-01 -9.9193e-01 +2.0114e+00
268 +7.118803210e+00 +7.118803210e+00 +3.278888032e+02 +3.278888032e+02 -2.2198e+00 +1.4557e+00 +1.7680e+00 -8.6102e-01 +2.4872e+00
286 +4.210885319e+00 +4.210885319e+00 +3.249808853e+02 +3.249808853e+02 -1.9408e+00 +8.4637e-01 +2.1443e+00 -7.1970e-01 +1.9535e+00
308 +3.603493731e+00 +3.603493731e+00 +3.243734937e+02 +3.243734937e+02 -2.4417e+00 -2.8224e-01 +2.4211e+00 -5.2114e-01 +1.5646e+00
352 +2.836587191e+00 +2.836587191e+00 +3.236065872e+02 +3.236065872e+02 -2.0948e+00 -1.0285e-01 +1.5407e+00 -6.6989e-01 +2.0216e+00
504 +1.962340163e+00 +1.962340163e+00 +3.227323402e+02 +3.227323402e+02 -2.2103e+00 -6.2675e-01 +2.6485e+00 -1.9388e+00 +2.1796e+00
2193 +1.915761465e+00 +1.915761465e+00 +3.226857615e+02 +3.226857615e+02 -1.0389e+00 -1.6091e+00 +2.2486e+00 -1.3282e+00 +1.1378e+00
2222 +1.847266678e+00 +1.847266678e+00 +3.226172667e+02 +3.226172667e+02 -1.0629e+00 -1.5450e+00 +2.2598e+00 -1.3161e+00 +1.1641e+00
2706 +1.819431515e+00 +1.819431515e+00 +3.225894315e+02 +3.225894315e+02 -1.0297e+00 -1.5652e+00 +2.2428e+00 -1.3254e+00 +1.1552e+00
5252 +1.661232757e+00 +1.661232757e+00 +3.224312328e+02 +3.224312328e+02 +6.1898e-01 -2.0954e+00 +2.1043e+00 -2.1566e+00 +2.0426e+00
5632 +1.634095525e+00 +1.634095525e+00 +3.224040955e+02 +3.224040955e+02 +4.8041e-01 -1.8817e+00 +2.2223e+00 -2.0648e+00 +9.8368e-01
5647 +1.585748526e+00 +1.585748526e+00 +3.223557485e+02 +3.223557485e+02 +5.4659e-01 -1.8833e+00 +2.2345e+00 -2.0659e+00 +9.6337e-01
5656 +1.581538031e+00 +1.581538031e+00 +3.223515380e+02 +3.223515380e+02 +5.4222e-01 -1.8531e+00 +2.2136e+00 -2.0969e+00 +9.5653e-01
5664 +1.457344608e+00 +1.457344608e+00 +3.222273446e+02 +3.222273446e+02 +5.7325e-01 -1.8842e+00 +2.1838e+00 -2.1149e+00 +9.6241e-01
5772 +1.420911188e+00 +1.420911188e+00 +3.221909112e+02 +3.221909112e+02 +5.4743e-01 -1.8817e+00 +2.1528e+00 -2.0995e+00 +9.7072e-01
5832 +1.390943489e+00 +1.390943489e+00 +3.221609435e+02 +3.221609435e+02 +5.4042e-01 -1.8963e+00 +2.1665e+00 -2.0838e+00 +9.6244e-01
5898 +1.367975387e+00 +1.367975387e+00 +3.221379754e+02 +3.221379754e+02 +5.4337e-01 -1.9075e+00 +2.1635e+00 -2.0929e+00 +9.6882e-01
6045 +1.345034056e+00 +1.345034056e+00 +3.221150341e+02 +3.221150341e+02 +5.3444e-01 -1.9406e+00 +2.1555e+00 -2.0928e+00 +9.6170e-01
6140 +1.315622783e+00 +1.315622783e+00 +3.220856228e+02 +3.220856228e+02 +5.5605e-01 -1.9537e+00 +2.1469e+00 -2.0869e+00 +9.5998e-01
6297 +1.286600315e+00 +1.286600315e+00 +3.220566003e+02 +3.220566003e+02 +5.8632e-01 -1.9566e+00 +2.1518e+00 -2.0994e+00 +9.5728e-01
24086 +1.165711601e+00 +1.165711601e+00 +3.219357116e+02 +3.219357116e+02 -9.8593e-01 +2.7155e-01 +2.7030e+00 -2.0443e+00 +2.1113e+00
24104 +9.470532811e-01 +9.470532811e-01 +3.217170533e+02 +3.217170533e+02 -1.0320e+00 +3.1842e-01 +2.6340e+00 -1.9383e+00 +2.1613e+00
24148 +8.218884437e-01 +8.218884437e-01 +3.215918884e+02 +3.215918884e+02 -1.0247e+00 +3.5263e-01 +2.7309e+00 -1.9032e+00 +2.1725e+00
24322 +7.673549444e-01 +7.673549444e-01 +3.215373549e+02 +3.215373549e+02 -1.0234e+00 +3.6413e-01 +2.7620e+00 -1.9246e+00 +2.1365e+00
24324 +7.445090197e-01 +7.445090197e-01 +3.215145090e+02 +3.215145090e+02 -1.0383e+00 +3.9137e-01 +2.7366e+00 -1.9512e+00 +2.1286e+00
24500 +7.193497814e-01 +7.193497814e-01 +3.214893498e+02 +3.214893498e+02 -9.9413e-01 +3.1833e-01 +2.7118e+00 -1.9722e+00 +2.1244e+00
24522 +6.905814083e-01 +6.905814083e-01 +3.214605814e+02 +3.214605814e+02 -1.0158e+00 +3.1597e-01 +2.6903e+00 -1.9583e+00 +2.1422e+00
24698 +6.741587018e-01 +6.741587018e-01 +3.214441587e+02 +3.214441587e+02 -1.0090e+00 +3.4110e-01 +2.7121e+00 -1.9523e+00 +2.1451e+00
% function evaluation | noise-free fitness - Fopt (1.893000000000e+01) | best noise-free fitness - Fopt | measured fitness | best measured fitness | x1 | x2...
1 +6.592654473e+03 +6.592654473e+03 +6.611584473e+03 +6.611584473e+03 +0.0000e+00 +0.0000e+00 +0.0000e+00 +0.0000e+00 +0.0000e+00
114 +5.291961860e+03 +5.291961860e+03 +5.310891860e+03 +5.310891860e+03 +2.6201e+00 +2.8282e+00 +9.3912e-01 -3.4436e+00 +1.0074e+00
120 +4.915802202e+03 +4.915802202e+03 +4.934732202e+03 +4.934732202e+03 +3.1428e+00 +2.1852e+00 +4.8604e-01 -4.0649e+00 -3.3533e-04
127 +2.884285776e+03 +2.884285776e+03 +2.903215776e+03 +2.903215776e+03 +1.7415e+00 +2.1366e+00 +7.5161e-01 -3.1965e+00 +4.0462e-01
136 +1.206473017e+03 +1.206473017e+03 +1.225403017e+03 +1.225403017e+03 +2.8894e+00 +1.8660e+00 -1.1346e-01 -3.3915e+00 +1.6684e+00
154 +1.138871874e+03 +1.138871874e+03 +1.157801874e+03 +1.157801874e+03 +2.7462e+00 +2.2307e+00 +8.3357e-02 -3.0733e+00 +8.6712e-01
163 +5.327450921e+02 +5.327450921e+02 +5.516750921e+02 +5.516750921e+02 +2.9282e+00 +2.2405e+00 -2.9486e-01 -2.6798e+00 +8.5547e-01
178 +1.496305045e+01 +1.496305045e+01 +3.389305045e+01 +3.389305045e+01 +2.2899e+00 +1.5255e+00 -1.6579e+00 -1.9827e+00 +2.1784e+00
209 +6.558360420e+00 +6.558360420e+00 +2.548836042e+01 +2.548836042e+01 +2.5475e+00 +1.3252e+00 -2.2020e+00 -1.4203e+00 +1.8058e+00
279 +3.734097487e+00 +3.734097487e+00 +2.266409749e+01 +2.266409749e+01 +2.2596e+00 +1.7842e-01 -2.9105e+00 -1.9646e+00 +1.5828e+00
308 +3.281140242e+00 +3.281140242e+00 +2.221114024e+01 +2.221114024e+01 +2.4891e+00 +8.9224e-01 -1.5366e+00 -2.2314e+00 +2.0037e+00
430 +1.606359426e+00 +1.606359426e+00 +2.053635943e+01 +2.053635943e+01 +2.0798e+00 +6.2002e-01 -7.8081e-01 -8.3215e-01 +1.2232e+00
1901 +1.337656397e+00 +1.337656397e+00 +2.026765640e+01 +2.026765640e+01 +2.1141e+00 -2.0848e+00 -1.3869e-01 -2.1217e+00 +1.7870e+00
2020 +1.109186901e+00 +1.109186901e+00 +2.003918690e+01 +2.003918690e+01 +2.0931e+00 -1.9944e+00 -6.4120e-02 -2.1403e+00 +2.0545e+00
5352 +8.286452849e-01 +8.286452849e-01 +1.975864528e+01 +1.975864528e+01 -1.5205e+00 -2.9495e+00 +1.4087e-01 -2.6754e+00 +8.3974e-01
5717 +8.126003552e-01 +8.126003552e-01 +1.974260036e+01 +1.974260036e+01 -1.4965e+00 -3.0488e+00 +1.4563e-01 -2.6916e+00 +8.2829e-01
5744 +7.939785904e-01 +7.939785904e-01 +1.972397859e+01 +1.972397859e+01 -1.5446e+00 -3.0359e+00 +1.4234e-01 -2.6572e+00 +8.4507e-01
5766 +7.443270845e-01 +7.443270845e-01 +1.967432708e+01 +1.967432708e+01 -1.5396e+00 -3.0306e+00 +1.6315e-01 -2.6608e+00 +8.3430e-01
5810 +7.375053868e-01 +7.375053868e-01 +1.966750539e+01 +1.966750539e+01 -1.5342e+00 -3.0063e+00 +1.6992e-01 -2.6629e+00 +8.2981e-01
5832 +7.166641093e-01 +7.166641093e-01 +1.964666411e+01 +1.964666411e+01 -1.5045e+00 -3.0202e+00 +1.6616e-01 -2.6744e+00 +8.1743e-01
47986 +6.991429606e-01 +6.991429606e-01 +1.962914296e+01 +1.962914296e+01 +2.1042e+00 -2.0807e+00 -8.7941e-02 -2.6140e+00 +1.6450e+00
48206 +6.826484963e-01 +6.826484963e-01 +1.961264850e+01 +1.961264850e+01 +2.1042e+00 -2.1171e+00 -8.3914e-02 -2.6111e+00 +1.6364e+00
48228 +6.739274996e-01 +6.739274996e-01 +1.960392750e+01 +1.960392750e+01 +2.1010e+00 -2.1037e+00 -7.5884e-02 -2.6105e+00 +1.6311e+00
