% function evaluation | noise-free fitness - Fopt (-5.465000000000e+02) | best noise-free fitness - Fopt | measured fitness | best measured fitness | x1 | x2...
1 +5.523931782e+03 +5.523931782e+03 +4.977431782e+03 +4.977431782e+03 +0.0000e+00 +0.0000e+00 +0.0000e+00
2 +5.148935342e+03 +5.148935342e+03 +4.602435342e+03 +4.602435342e+03 -4.0570e+00 -2.3348e+00 +4.0152e+00
6 +4.768110747e+03 +4.768110747e+03 +4.221610747e+03 +4.221610747e+03 -4.2215e+00 -2.2388e+00 +3.9634e+00
19 +4.618995969e+03 +4.618995969e+03 +4.072495969e+03 +4.072495969e+03 -4.1123e+00 -2.1850e+00 +3.9650e+00
24 +3.724089171e+03 +3.724089171e+03 +3.177589171e+03 +3.177589171e+03 -3.9444e+00 -2.2507e+00 +3.7460e+00
33 +3.384415969e+03 +3.384415969e+03 +2.837915969e+03 +2.837915969e+03 -4.1183e+00 -2.2335e+00 +3.6199e+00
46 +2.750266674e+03 +2.750266674e+03 +2.203766674e+03 +2.203766674e+03 -3.8391e+00 -2.1855e+00 +3.0560e+00
52 +1.522173520e+03 +1.522173520e+03 +9.756735204e+02 +9.756735204e+02 -3.6259e+00 -1.7532e+00 +3.2542e+00
68 +1.248226893e+03 +1.248226893e+03 +7.017268928e+02 +7.017268928e+02 -3.1303e+00 -1.4796e+00 +3.4404e+00
85 +7.538787184e+02 +7.538787184e+02 +2.073787184e+02 +2.073787184e+02 -3.5950e+00 -1.3200e+00 +2.2076e+00
86 +5.929521274e+02 +5.929521274e+02 +4.645212735e+01 +4.645212735e+01 -3.7152e+00 -8.1916e-01 +2.1234e+00
100 +2.452002706e+01 +2.452002706e+01 -5.219799729e+02 -5.219799729e+02 -2.7204e+00 +1.8416e+00 +1.4768e+00
135 +8.646309696e+00 +8.646309696e+00 -5.378536903e+02 -5.378536903e+02 -2.5818e+00 +1.4752e+00 +2.1086e+00
152 +2.802895838e+00 +2.802895838e+00 -5.436971042e+02 -5.436971042e+02 -1.8606e+00 +8.4614e-01 +1.2918e+00
290 +1.145109942e+00 +1.145109942e+00 -5.453548901e+02 -5.453548901e+02 -2.2647e+00 +2.0682e+00 +9.2452e-01
451 +7.326849478e-01 +7.326849478e-01 -5.457673151e+02 -5.457673151e+02 -2.0848e+00 +4.5214e-02 +2.6612e+00
15624 +4.381736685e-01 +4.381736685e-01 -5.460618263e+02 -5.460618263e+02 -2.1275e+00 +6.7899e-02 +2.6284e+00
16168 +4.028307068e-01 +4.028307068e-01 -5.460971693e+02 -5.460971693e+02 -2.1036e+00 +6.3029e-02 +2.6206e+00
16380 +3.973031996e-01 +3.973031996e-01 -5.461026968e+02 -5.461026968e+02 -2.0955e+00 +6.9947e-02 +2.6154e+00
18393 +1.662988688e-01 +1.662988688e-01 -5.463337011e+02 -5.463337011e+02 -2.1392e+00 +2.0438e+00 +2.1247e+00
19070 +1.586196896e-01 +1.586196896e-01 -5.463413803e+02 -5.463413803e+02 -2.0316e+00 +2.1468e+00 +2.1098e+00
19191 +1.033522428e-01 +1.033522428e-01 -5.463966478e+02 -5.463966478e+02 -2.0331e+00 +2.1370e+00 +2.0902e+00
19374 +4.723733549e-02 +4.723733549e-02 -5.464527627e+02 -5.464527627e+02 -2.0992e+00 +2.0816e+00 +2.1013e+00
19396 +4.024564467e-02 +4.024564467e-02 -5.464597544e+02 -5.464597544e+02 -2.0680e+00 +2.1155e+00 +2.0920e+00
19418 +2.736493597e-03 +2.736493597e-03 -5.464972635e+02 -5.464972635e+02 -2.0998e+00 +2.1011e+00 +2.1082e+00
19462 +1.409625454e-03 +1.409625454e-03 -5.464985904e+02 -5.464985904e+02 -2.1022e+00 +2.1014e+00 +2.1072e+00
19572 +6.315328294e-04 +6.315328294e-04 -5.464993685e+02 -5.464993685e+02 -2.1064e+00 +2.1077e+00 +2.1046e+00
19627 +3.907978332e-04 +3.907978332e-04 -5.464996092e+02 -5.464996092e+02 -2.1089e+00 +2.1047e+00 +2.1042e+00
19682 +1.553233881e-05 +1.553233881e-05 -5.464999845e+02 -5.464999845e+02 -2.1041e+00 +2.1047e+00 +2.1048e+00
19867 +1.418636089e-06 +1.418636089e-06 -5.464999986e+02 -5.464999986e+02 -2.1048e+00 +2.1047e+00 +2.1049e+00
20056 +1.240131610e-06 +1.240131610e-06 -5.464999988e+02 -5.464999988e+02 -2.1047e+00 +2.1050e+00 +2.1049e+00
20100 +1.166777565e-06 +1.166777565e-06 -5.464999988e+02 -5.464999988e+02 -2.1048e+00 +2.1048e+00 +2.1049e+00
20122 +4.761880064e-07 +4.761880064e-07 -5.464999995e+02 -5.464999995e+02 -2.1047e+00 +2.1049e+00 +2.1048e+00
20166 +1.981418336e-07 +1.981418336e-07 -5.464999998e+02 -5.464999998e+02 -2.1049e+00 +2.1048e+00 +2.1049e+00
20232 +1.776536465e-07 +1.776536465e-07 -5.464999998e+02 -5.464999998e+02 -2.1049e+00 +2.1049e+00 +2.1049e+00
20317 +3.704690243e-08 +3.704690243e-08 -5.465000000e+02 -5.465000000e+02 -2.1048e+00 +2.1048e+00 +2.1049e+00
20364 +2.916431185e-08 +2.916431185e-08 -5.465000000e+02 -5.465000000e+02 -2.1048e+00 +2.1048e+00 +2.1049e+00
20430 +7.718426787e-09 +7.718426787e-09 -5.465000000e+02 -5.465000000e+02 -2.1048e+00 +2.1048e+00 +2.1048e+00
% function evaluation | noise-free fitness - Fopt (1.000000000000e+03) | best noise-free fitness - Fopt | measured fitness | best measured fitness | x1 | x2...
1 +5.523931782e+03 +5.523931782e+03 +6.523931782e+03 +6.523931782e+03 +0.0000e+00 +0.0000e+00 +0.0000e+00
69 +2.076894330e+03 +2.076894330e+03 +3.076894330e+03 +3.076894330e+03 +9.4548e-01 +3.2760e-01 -3.7297e-01
90 +4.693151636e+00 +4.693151636e+00 +1.004693152e+03 +1.004693152e+03 +1.7432e-01 +4.8915e-01 -2.2646e+00
110 +3.327471817e+00 +3.327471817e+00 +1.003327472e+03 +1.003327472e+03 +1.5996e+00 +4.7340e-01 -1.7347e+00
149 +3.288031456e+00 +3.288031456e+00 +1.003288031e+03 +1.003288031e+03 +7.8494e-01 +6.9379e-01 -2.0699e+00
181 +2.693532601e+00 +2.693532601e+00 +1.002693533e+03 +1.002693533e+03 +1.6314e+00 +4.5065e-01 -2.1129e+00
244 +2.264136533e+00 +2.264136533e+00 +1.002264137e+03 +1.002264137e+03 +1.7122e+00 +9.7835e-01 -2.0322e+00
269 +1.770326254e+00 +1.770326254e+00 +1.001770326e+03 +1.001770326e+03 +1.5955e+00 +1.0906e+00 -2.4101e+00
291 +1.587511813e+00 +1.587511813e+00 +1.001587512e+03 +1.001587512e+03 +7.1568e-01 +2.7219e+00 -1.9715e+00
860 +1.320030429e+00 +1.320030429e+00 +1.001320030e+03 +1.001320030e+03 +1.5072e+00 +1.0775e+00 -2.3725e+00
2897 +1.181833298e+00 +1.181833298e+00 +1.001181833e+03 +1.001181833e+03 +6.7256e-01 +2.7652e+00 -1.9160e+00
4942 +1.168403764e+00 +1.168403764e+00 +1.001168404e+03 +1.001168404e+03 -2.0612e+00 +2.0387e+00 -1.8039e+00
4965 +1.122148314e+00 +1.122148314e+00 +1.001122148e+03 +1.001122148e+03 -2.3040e+00 +1.9585e+00 -2.1270e+00
4976 +1.026022634e+00 +1.026022634e+00 +1.001026023e+03 +1.001026023e+03 -2.1902e+00 +2.0615e+00 -1.7412e+00
4989 +7.656945503e-01 +7.656945503e-01 +1.000765695e+03 +1.000765695e+03 -2.1076e+00 +2.1836e+00 -2.0322e+00
5019 +3.995050166e-01 +3.995050166e-01 +1.000399505e+03 +1.000399505e+03 -2.0075e+00 +2.1610e+00 -2.0566e+00
7452 +3.973524010e-01 +3.973524010e-01 +1.000397352e+03 +1.000397352e+03 -2.0772e+00 +2.1303e+00 -2.0504e+00
7624 +3.332847279e-01 +3.332847279e-01 +1.000333285e+03 +1.000333285e+03 -2.0030e+00 +2.0812e+00 -2.1258e+00
% function evaluation | noise-free fitness - Fopt (2.083800000000e+02) | best noise-free fitness - Fopt | measured fitness | best measured fitness | x1 | x2...
1 +5.523931782e+03 +5.523931782e+03 +5.732311782e+03 +5.732311782e+03 +0.0000e+00 +0.0000e+00 +0.0000e+00
2 +6.420314245e+02 +6.420314245e+02 +8.504114245e+02 +8.504114245e+02 +2.9382e+00 +9.6565e-01 +5.5964e-01
3 +5.340359171e+02 +5.340359171e+02 +7.424159171e+02 +7.424159171e+02 +3.2846e+00 +1.0747e+00 +6.4175e-01
4 +3.903877737e+02 +3.903877737e+02 +5.987677737e+02 +5.987677737e+02 +3.3281e+00 +8.9647e-01 +7.8356e-01
21 +3.748303089e+02 +3.748303089e+02 +5.832103089e+02 +5.832103089e+02 +3.2461e+00 +1.0521e+00 +7.2058e-01
28 +1.510320907e+02 +1.510320907e+02 +3.594120907e+02 +3.594120907e+02 +2.9971e+00 +1.2014e+00 +7.6156e-01
60 +1.360622612e+02 +1.360622612e+02 +3.444422612e+02 +3.444422612e+02 +3.0489e+00 +1.0687e+00 +8.5171e-01
75 +1.062403217e+02 +1.062403217e+02 +3.146203217e+02 +3.146203217e+02 +3.0036e+00 +8.6694e-01 +1.0799e+00
92 +1.030933209e+02 +1.030933209e+02 +3.114733209e+02 +3.114733209e+02 +2.9989e+00 +1.0837e+00 +1.1669e+00
99 +4.279457876e+01 +4.279457876e+01 +2.511745788e+02 +2.511745788e+02 +2.8081e+00 +9.0768e-01 +1.0448e+00
102 +2.295399918e+01 +2.295399918e+01 +2.313339992e+02 +2.313339992e+02 +2.7237e+00 +1.2283e+00 +9.8745e-01
103 +6.657712137e+00 +6.657712137e+00 +2.150377121e+02 +2.150377121e+02 +2.5759e+00 +1.0264e+00 +1.4135e+00
114 +5.457587084e+00 +5.457587084e+00 +2.138375871e+02 +2.138375871e+02 +2.4784e+00 +8.3961e-01 +1.0094e+00
126 +4.198875659e+00 +4.198875659e+00 +2.125788757e+02 +2.125788757e+02 +2.2644e+00 +1.1369e+00 +1.4323e+00
147 +3.264471417e+00 +3.264471417e+00 +2.116444714e+02 +2.116444714e+02 +6.4655e-01 +1.2848e+00 +1.0902e+00
150 +2.319974489e+00 +2.319974489e+00 +2.106999745e+02 +2.106999745e+02 +2.5251e+00 +1.2051e+00 +1.4824e+00
303 +2.265326345e+00 +2.265326345e+00 +2.106453263e+02 +2.106453263e+02 +1.5017e+00 +1.0138e+00 +1.7202e+00
388 +1.898407890e+00 +1.898407890e+00 +2.102784079e+02 +2.102784079e+02 +1.4981e+00 +2.3743e+00 +9.4161e-01
657 +1.742733694e+00 +1.742733694e+00 +2.101227337e+02 +2.101227337e+02 -9.5592e-01 +1.7426e+00 +2.2255e+00
816 +1.636862213e+00 +1.636862213e+00 +2.100168622e+02 +2.100168622e+02 -9.8310e-01 +1.7265e+00 +2.2164e+00
3161 +1.612010245e+00 +1.612010245e+00 +2.099920102e+02 +2.099920102e+02 +1.3947e+00 +2.3311e+00 +2.0136e+00
3362 +1.504067219e+00 +1.504067219e+00 +2.098840672e+02 +2.098840672e+02 -1.2232e-01 +2.5928e+00 +1.9950e+00
3531 +1.318244493e+00 +1.318244493e+00 +2.096982445e+02 +2.096982445e+02 +1.5541e+00 +3.0257e+00 +1.4988e+00
3535 +5.010446980e-01 +5.010446980e-01 +2.088810447e+02 +2.088810447e+02 +1.5609e+00 +2.9936e+00 +1.8952e+00
20845 +4.351893390e-01 +4.351893390e-01 +2.088151893e+02 +2.088151893e+02 +1.4896e+00 +3.0240e+00 +1.8823e+00
21134 +4.128260060e-01 +4.128260060e-01 +2.087928260e+02 +2.087928260e+02 +1.4836e+00 +3.0079e+00 +1.8756e+00
21276 +4.062787683e-01 +4.062787683e-01 +2.087862788e+02 +2.087862788e+02 +1.4891e+00 +3.0061e+00 +1.8762e+00
21552 +3.973951708e-01 +3.973951708e-01 +2.087773952e+02 +2.087773952e+02 +1.5213e+00 +3.0148e+00 +1.8753e+00
% function evaluation | noise-free fitness - Fopt (-1.449600000000e+02) | best noise-free fitness - Fopt | measured fitness | best measured fitness | x1 | x2...
1 +5.523931782e+03 +5.523931782e+03 +5.378971782e+03 +5.378971782e+03 +0.0000e+00 +0.0000e+00 +0.0000e+00
91 +4.904811252e+03 +4.904811252e+03 +4.759851252e+03 +4.759851252e+03 -1.7998e-01 -2.1901e+00 +4.7947e-01
106 +1.281217949e+03 +1.281217949e+03 +1.136257949e+03 +1.136257949e+03 +2.3843e-01 -1.8006e+00 -1.5923e-01
113 +9.893609390e+02 +9.893609390e+02 +8.444009390e+02 +8.444009390e+02 +1.0589e+00 -1.8038e+00 -2.2764e-01
114 +9.994844890e+01 +9.994844890e+01 -4.501155110e+01 -4.501155110e+01 +1.4498e+00 -2.0180e+00 -5.1377e-01
115 +5.317972664e+00 +5.317972664e+00 -1.396420273e+02 -1.396420273e+02 -1.4433e+00 -1.2014e+00 -1.8272e+00
118 +4.356675237e+00 +4.356675237e+00 -1.406033248e+02 -1.406033248e+02 +6.8405e-01 -1.8081e+00 -1.9500e+00
132 +4.090721546e+00 +4.090721546e+00 -1.408692785e+02 -1.408692785e+02 +2.6456e-01 -1.7254e+00 -1.6073e+00
135 +3.610028518e+00 +3.610028518e+00 -1.413499715e+02 -1.413499715e+02 +1.4443e-01 -2.0114e+00 -1.6093e+00
176 +2.682728000e+00 +2.682728000e+00 -1.422772720e+02 -1.422772720e+02 -5.7862e-01 -1.8349e+00 -2.1968e+00
178 +2.367743398e+00 +2.367743398e+00 -1.425922566e+02 -1.425922566e+02 +6.5529e-01 -1.5669e+00 -2.2333e+00
193 +1.874080591e+00 +1.874080591e+00 -1.430859194e+02 -1.430859194e+02 -1.0608e+00 -1.7019e+00 -2.2447e+00
214 +1.807145692e+00 +1.807145692e+00 -1.431528543e+02 -1.431528543e+02 -2.2609e+00 -8.0290e-01 -2.4066e+00
720 +1.531910170e+00 +1.531910170e+00 -1.434280898e+02 -1.434280898e+02 +1.4809e+00 -9.6160e-01 -2.0467e+00
1073 +1.441425712e+00 +1.441425712e+00 -1.435185743e+02 -1.435185743e+02 +1.7079e+00 -1.0188e+00 -2.3577e+00
1271 +1.017466049e+00 +1.017466049e+00 -1.439425340e+02 -1.439425340e+02 +1.4093e+00 -9.6025e-01 -2.3740e+00
3610 +4.663879636e-01 +4.663879636e-01 -1.444936120e+02 -1.444936120e+02 +1.4707e+00 -2.9750e+00 -1.8959e+00
25386 +4.037661712e-01 +4.037661712e-01 -1.445562338e+02 -1.445562338e+02 -2.1026e+00 -8.3989e-02 -2.6092e+00
% function evaluation | noise-free fitness - Fopt (-6.300000000000e+00) | best noise-free fitness - Fopt | measured fitness | best measured fitness | x1 | x2...
1 +5.523931782e+03 +5.523931782e+03 +5.517631782e+03 +5.517631782e+03 +0.0000e+00 +0.0000e+00 +0.0000e+00
70 +3.876471461e+03 +3.876471461e+03 +3.870171461e+03 +3.870171461e+03 -2.3306e+00 -2.7218e+00 +4.8898e-01
75 +3.870384098e+00 +3.870384098e+00 -2.429615902e+00 -2.429615902e+00 -2.5083e+00 -2.1752e+00 -6.6925e-01
128 +2.971093360e+00 +2.971093360e+00 -3.328906640e+00 -3.328906640e+00 -2.5149e+00 -2.5497e+00 -1.1163e+00
173 +1.873828064e+00 +1.873828064e+00 -4.426171936e+00 -4.426171936e+00 -1.4653e+00 -3.1756e+00 -1.8475e+00
406 +8.260855282e-01 +8.260855282e-01 -5.473914472e+00 -5.473914472e+00 +2.0562e+00 -2.0825e+00 -1.7685e+00
1088 +7.553648992e-01 +7.553648992e-01 -5.544635101e+00 -5.544635101e+00 +1.0448e+00 -2.3612e+00 -2.0309e+00
1562 +7.336428304e-01 +7.336428304e-01 -5.566357170e+00 -5.566357170e+00 +1.0073e+00 -2.3715e+00 -2.0433e+00
1791 +7.244212149e-01 +7.244212149e-01 -5.575578785e+00 -5.575578785e+00 +1.0225e+00 -2.3774e+00 -2.0378e+00
12242 +5.593043079e-01 +5.593043079e-01 -5.740695692e+00 -5.740695692e+00 -1.4624e+00 -2.9941e+00 -1.9096e+00
12275 +5.318493589e-01 +5.318493589e-01 -5.768150641e+00 -5.768150641e+00 -1.5844e+00 -3.0198e+00 -1.8592e+00
12362 +4.542470638e-01 +4.542470638e-01 -5.845752936e+00 -5.845752936e+00 -1.5172e+00 -2.9776e+00 -1.8906e+00
12405 +4.076302378e-01 +4.076302378e-01 -5.892369762e+00 -5.892369762e+00 -1.5042e+00 -3.0182e+00 -1.8710e+00
12539 +3.993955143e-01 +3.993955143e-01 -5.900604486e+00 -5.900604486e+00 -1.4974e+00 -3.0065e+00 -1.8775e+00
12638 +3.971438742e-01 +3.971438742e-01 -5.902856126e+00 -5.902856126e+00 -1.5067e+00 -3.0023e+00 -1.8815e+00
% function evaluation | noise-free fitness - Fopt (2.796000000000e+01) | best noise-free fitness - Fopt | measured fitness | best measured fitness | x1 | x2...
1 +5.523931782e+03 +5.523931782e+03 +5.551891782e+03 +5.551891782e+03 +0.0000e+00 +0.0000e+00 +0.0000e+00
2 +1.358354752e+03 +1.358354752e+03 +1.386314752e+03 +1.386314752e+03 -1.1138e+00 +1.9770e+00 +9.8277e-02
3 +6.971559888e+02 +6.971559888e+02 +7.251159888e+02 +7.251159888e+02 -1.1987e+00 +2.0078e+00 +2.5742e-01
6 +6.881496740e+02 +6.881496740e+02 +7.161096740e+02 +7.161096740e+02 -1.1557e+00 +1.9153e+00 +2.8308e-01
8 +3.874362111e+02 +3.874362111e+02 +4.153962111e+02 +4.153962111e+02 -1.1698e+00 +2.0897e+00 +3.4393e-01
25 +1.151000655e+02 +1.151000655e+02 +1.430600655e+02 +1.430600655e+02 -1.2452e+00 +1.9981e+00 +5.0887e-01
36 +6.914201922e+01 +6.914201922e+01 +9.710201922e+01 +9.710201922e+01 -1.2393e+00 +1.9994e+00 +5.4697e-01
37 +3.248676125e+01 +3.248676125e+01 +6.044676125e+01 +6.044676125e+01 -1.3122e+00 +2.0456e+00 +5.7829e-01
46 +5.998860618e+00 +5.998860618e+00 +3.395886062e+01 +3.395886062e+01 -1.4572e+00 +2.1064e+00 +7.3315e-01
47 +4.296017497e+00 +4.296017497e+00 +3.225601750e+01 +3.225601750e+01 -9.1870e-01 +2.1311e+00 +6.6036e-01
58 +3.622243089e+00 +3.622243089e+00 +3.158224309e+01 +3.158224309e+01 -9.8877e-01 +2.1195e+00 +1.0035e+00
68 +2.843188483e+00 +2.843188483e+00 +3.080318848e+01 +3.080318848e+01 -1.2396e+00 +2.2975e+00 +1.3962e+00
69 +2.083448962e+00 +2.083448962e+00 +3.004344896e+01 +3.004344896e+01 -1.2863e+00 +2.3197e+00 +9.1377e-01
92 +1.706639922e+00 +1.706639922e+00 +2.966663992e+01 +2.966663992e+01 -9.7978e-01 +2.4470e+00 +5.6045e-01
230 +1.623067686e+00 +1.623067686e+00 +2.958306769e+01 +2.958306769e+01 -9.4144e-01 +2.3616e+00 +2.1095e+00
283 +1.542964391e+00 +1.542964391e+00 +2.950296439e+01 +2.950296439e+01 -8.0077e-01 +2.3946e+00 +2.0048e+00
330 +1.484759323e+00 +1.484759323e+00 +2.944475932e+01 +2.944475932e+01 -1.0483e+00 +2.3889e+00 +1.6935e+00
519 +1.279624262e+00 +1.279624262e+00 +2.923962426e+01 +2.923962426e+01 -9.7649e-01 +2.4557e+00 +1.9755e+00
535 +7.574866304e-01 +7.574866304e-01 +2.871748663e+01 +2.871748663e+01 -9.8938e-01 +2.4001e+00 +2.0258e+00
704 +7.399354521e-01 +7.399354521e-01 +2.869993545e+01 +2.869993545e+01 -1.0230e+00 +2.3767e+00 +2.0465e+00
938 +7.241475983e-01 +7.241475983e-01 +2.868414760e+01 +2.868414760e+01 -1.0171e+00 +2.3778e+00 +2.0354e+00
14582 +5.770837070e-01 +5.770837070e-01 +2.853708371e+01 +2.853708371e+01 -1.9749e+00 +2.1037e+00 +2.0661e+00
14874 +4.929768202e-01 +4.929768202e-01 +2.845297682e+01 +2.845297682e+01 -2.0904e+00 +2.1469e+00 +9.4055e-01
23372 +4.381223954e-01 +4.381223954e-01 +2.839812240e+01 +2.839812240e+01 -2.0727e+00 +5.8515e-02 +2.6215e+00
23378 +4.051022410e-01 +4.051022410e-01 +2.836510224e+01 +2.836510224e+01 -2.1148e+00 +8.0460e-02 +2.6126e+00
23646 +3.963830428e-01 +3.963830428e-01 +2.835638304e+01 +2.835638304e+01 -2.1052e+00 +7.4583e-02 +2.6144e+00
26355 +3.694406237e-01 +3.694406237e-01 +2.832944062e+01 +2.832944062e+01 -1.9635e+00 +2.1674e+00 +2.0811e+00
26426 +3.521324370e-01 +3.521324370e-01 +2.831213244e+01 +2.831213244e+01 -2.1295e+00 +2.0172e+00 +2.1335e+00
26444 +2.125787056e-01 +2.125787056e-01 +2.817257871e+01 +2.817257871e+01 -2.2051e+00 +2.0534e+00 +2.1249e+00
26539 +1.761088180e-01 +1.761088180e-01 +2.813610882e+01 +2.813610882e+01 -2.1954e+00 +2.1094e+00 +2.1028e+00
26542 +7.873200042e-02 +7.873200042e-02 +2.803873200e+01 +2.803873200e+01 -2.1154e+00 +2.1121e+00 +2.1237e+00
26562 +6.070789185e-02 +6.070789185e-02 +2.802070789e+01 +2.802070789e+01 -2.0583e+00 +2.0949e+00 +2.1068e+00
26614 +3.453476132e-02 +3.453476132e-02 +2.799453476e+01 +2.799453476e+01 -2.0764e+00 +2.0956e+00 +2.1008e+00
26628 +3.135310926e-02 +3.135310926e-02 +2.799135311e+01 +2.799135311e+01 -2.0837e+00 +2.1167e+00 +2.0905e+00
26631 +2.944493459e-02 +2.944493459e-02 +2.798944493e+01 +2.798944493e+01 -2.1303e+00 +2.0863e+00 +2.1174e+00
26692 +2.452193599e-02 +2.452193599e-02 +2.798452194e+01 +2.798452194e+01 -2.0687e+00 +2.1174e+00 +2.1051e+00
26823 +2.154622528e-02 +2.154622528e-02 +2.798154623e+01 +2.798154623e+01 -2.0748e+00 +2.1165e+00 +2.0962e+00
26849 +1.538385303e-02 +1.538385303e-02 +2.797538385e+01 +2.797538385e+01 -2.0765e+00 +2.1113e+00 +2.1066e+00
26887 +1.489476338e-02 +1.489476338e-02 +2.797489476e+01 +2.797489476e+01 -2.0752e+00 +2.1135e+00 +2.1034e+00
26939 +1.109930551e-02 +1.109930551e-02 +2.797109931e+01 +2.797109931e+01 -2.0839e+00 +2.1179e+00 +2.0998e+00
26959 +5.440176321e-03 +5.440176321e-03 +2.796544018e+01 +2.796544018e+01 -2.0997e+00 +2.1111e+00 +2.0986e+00
26997 +4.975940881e-03 +4.975940881e-03 +2.796497594e+01 +2.796497594e+01 -2.1071e+00 +2.1134e+00 +2.1044e+00
27010 +3.723134413e-03 +3.723134413e-03 +2.796372313e+01 +2.796372313e+01 -2.0965e+00 +2.1123e+00 +2.1055e+00
27042 +3.678027503e-03 +3.678027503e-03 +2.796367803e+01 +2.796367803e+01 -2.1081e+00 +2.1088e+00 +2.1002e+00
27054 +2.462377930e-03 +2.462377930e-03 +2.796246238e+01 +2.796246238e+01 -2.0960e+00 +2.1106e+00 +2.1017e+00
27082 +1.988002697e-03 +1.988002697e-03 +2.796198800e+01 +2.796198800e+01 -2.1001e+00 +2.1087e+00 +2.1012e+00
27120 +1.494229961e-03 +1.494229961e-03 +2.796149423e+01 +2.796149423e+01 -2.1004e+00 +2.1106e+00 +2.1031e+00
27128 +1.326231263e-03 +1.326231263e-03 +2.796132623e+01 +2.796132623e+01 -2.1003e+00 +2.1087e+00 +2.1020e+00
27142 +7.429873161e-04 +7.429873161e-04 +2.796074299e+01 +2.796074299e+01 -2.0995e+00 +2.1084e+00 +2.1042e+00
27177 +4.070838876e-04 +4.070838876e-04 +2.796040708e+01 +2.796040708e+01 -2.1021e+00 +2.1056e+00 +2.1060e+00
27193 +2.839268054e-04 +2.839268054e-04 +2.796028393e+01 +2.796028393e+01 -2.1019e+00 +2.1070e+00 +2.1039e+00
27208 +2.768153411e-04 +2.768153411e-04 +2.796027682e+01 +2.796027682e+01 -2.1033e+00 +2.1073e+00 +2.1043e+00
27223 +2.542035411e-04 +2.542035411e-04 +2.796025420e+01 +2.796025420e+01 -2.1035e+00 +2.1061e+00 +2.1056e+00
27230 +2.421433148e-04 +2.421433148e-04 +2.796024214e+01 +2.796024214e+01 -2.1050e+00 +2.1069e+00 +2.1041e+00
27237 +5.656921000e-05 +5.656921000e-05 +2.796005657e+01 +2.796005657e+01 -2.1048e+00 +2.1057e+00 +2.1049e+00
27280 +3.479576747e-05 +3.479576747e-05 +2.796003480e+01 +2.796003480e+01 -2.1059e+00 +2.1050e+00 +2.1046e+00
27296 +2.621379112e-05 +2.621379112e-05 +2.796002621e+01 +2.796002621e+01 -2.1037e+00 +2.1054e+00 +2.1048e+00
27318 +2.425168122e-05 +2.425168122e-05 +2.796002425e+01 +2.796002425e+01 -2.1038e+00 +2.1052e+00 +2.1046e+00
27362 +1.125448423e-05 +1.125448423e-05 +2.796001125e+01 +2.796001125e+01 -2.1046e+00 +2.1053e+00 +2.1047e+00
27371 +1.847474323e-06 +1.847474323e-06 +2.796000185e+01 +2.796000185e+01 -2.1048e+00 +2.1049e+00 +2.1047e+00
27494 +3.449085177e-07 +3.449085177e-07 +2.796000034e+01 +2.796000034e+01 -2.1048e+00 +2.1049e+00 +2.1049e+00
27538 +3.284863652e-07 +3.284863652e-07 +2.796000033e+01 +2.796000033e+01 -2.1050e+00 +2.1048e+00 +2.1049e+00
27560 +3.218230411e-07 +3.218230411e-07 +2.796000032e+01 +2.796000032e+01 -2.1049e+00 +2.1048e+00 +2.1049e+00
27578 +6.346487069e-08 +6.346487069e-08 +2.796000006e+01 +2.796000006e+01 -2.1049e+00 +2.1049e+00 +2.1048e+00
27660 +3.838123419e-08 +3.838123419e-08 +2.796000004e+01 +2.796000004e+01 -2.1048e+00 +2.1049e+00 +2.1048e+00
27670 +2.245230490e-08 +2.245230490e-08 +2.796000002e+01 +2.796000002e+01 -2.1049e+00 +2.1049e+00 +2.1048e+00
27766 +7.982606576e-09 +7.982606576e-09 +2.796000001e+01 +2.796000001e+01 -2.1049e+00 +2.1049e+00 +2.1048e+00
% function evaluation | noise-free fitness - Fopt (-6.338000000000e+01) | best noise-free fitness - Fopt | measured fitness | best measured fitness | x1 | x2...
1 +5.523931782e+03 +5.523931782e+03 +5.460551782e+03 +5.460551782e+03 +0.0000e+00 +0.0000e+00 +0.0000e+00
91 +2.630297463e+03 +2.630297463e+03 +2.566917463e+03 +2.566917463e+03 -2.4722e+00 +2.0675e+00 -1.5213e-01
93 +5.026999021e+02 +5.026999021e+02 +4.393199021e+02 +4.393199021e+02 -3.5663e+00 +3.4570e+00 +1.9926e+00
98 +3.370848566e+00 +3.370848566e+00 -6.000915143e+01 -6.000915143e+01 -1.3862e+00 +2.4817e+00 +1.5959e+00
247 +3.084859244e+00 +3.084859244e+00 -6.029514076e+01 -6.029514076e+01 -2.5486e+00 +2.6882e+00 +1.5816e+00
295 +2.794511620e+00 +2.794511620e+00 -6.058548838e+01 -6.058548838e+01 -1.6108e+00 +2.5787e+00 +8.6958e-01
389 +1.229448161e+00 +1.229448161e+00 -6.215055184e+01 -6.215055184e+01 -1.5331e+00 +2.4176e+00 +2.0029e+00
9119 +1.168609635e+00 +1.168609635e+00 -6.221139037e+01 -6.221139037e+01 -1.4830e+00 +2.9917e+00 +1.5264e+00
10971 +1.065448868e+00 +1.065448868e+00 -6.231455113e+01 -6.231455113e+01 +2.1843e+00 +1.5291e-01 +2.5724e+00
11137 +4.454077849e-01 +4.454077849e-01 -6.293459222e+01 -6.293459222e+01 +2.1466e+00 +5.3497e-02 +2.6283e+00
13890 +3.472651408e-01 +3.472651408e-01 -6.303273486e+01 -6.303273486e+01 +2.1768e+00 +2.0217e+00 +2.1096e+00
14023 +1.751356919e-01 +1.751356919e-01 -6.320486431e+01 -6.320486431e+01 +2.1129e+00 +2.1290e+00 +2.0699e+00
14024 +1.404638307e-02 +1.404638307e-02 -6.336595362e+01 -6.336595362e+01 +2.0784e+00 +2.1127e+00 +2.0992e+00
14159 +2.025006723e-03 +2.025006723e-03 -6.337797499e+01 -6.337797499e+01 +2.1091e+00 +2.1055e+00 +2.1016e+00
14336 +1.430277613e-03 +1.430277613e-03 -6.337856972e+01 -6.337856972e+01 +2.1095e+00 +2.1065e+00 +2.1025e+00
14430 +1.149363717e-03 +1.149363717e-03 -6.337885064e+01 -6.337885064e+01 +2.1033e+00 +2.1020e+00 +2.1037e+00
14462 +3.404871959e-04 +3.404871959e-04 -6.337965951e+01 -6.337965951e+01 +2.1062e+00 +2.1059e+00 +2.1035e+00
14552 +2.086759236e-04 +2.086759236e-04 -6.337979132e+01 -6.337979132e+01 +2.1053e+00 +2.1028e+00 +2.1054e+00
14662 +1.196560809e-04 +1.196560809e-04 -6.337988034e+01 -6.337988034e+01 +2.1039e+00 +2.1057e+00 +2.1039e+00
14702 +1.072526966e-04 +1.072526966e-04 -6.337989275e+01 -6.337989275e+01 +2.1046e+00 +2.1045e+00 +2.1057e+00
14728 +2.874651692e-05 +2.874651692e-05 -6.337997125e+01 -6.337997125e+01 +2.1040e+00 +2.1055e+00 +2.1045e+00
14772 +1.775510597e-05 +1.775510597e-05 -6.337998224e+01 -6.337998224e+01 +2.1042e+00 +2.1053e+00 +2.1049e+00
14794 +1.035095674e-05 +1.035095674e-05 -6.337998965e+01 -6.337998965e+01 +2.1052e+00 +2.1045e+00 +2.1047e+00
14838 +2.104267736e-06 +2.104267736e-06 -6.337999790e+01 -6.337999790e+01 +2.1050e+00 +2.1046e+00 +2.1049e+00
14860 +1.110257912e-06 +1.110257912e-06 -6.337999889e+01 -6.337999889e+01 +2.1047e+00 +2.1048e+00 +2.1049e+00
14868 +8.116014811e-07 +8.116014811e-07 -6.337999919e+01 -6.337999919e+01 +2.1048e+00 +2.1047e+00 +2.1048e+00
14926 +7.287254533e-07 +7.287254533e-07 -6.337999927e+01 -6.337999927e+01 +2.1049e+00 +2.1048e+00 +2.1048e+00
15014 +6.122091563e-07 +6.122091563e-07 -6.337999939e+01 -6.337999939e+01 +2.1048e+00 +2.1048e+00 +2.1049e+00
15036 +3.421906172e-07 +3.421906172e-07 -6.337999966e+01 -6.337999966e+01 +2.1049e+00 +2.1048e+00 +2.1049e+00
15089 +8.522974326e-08 +8.522974326e-08 -6.337999991e+01 -6.337999991e+01 +2.1049e+00 +2.1048e+00 +2.1049e+00
15146 +7.702506366e-08 +7.702506366e-08 -6.337999992e+01 -6.337999992e+01 +2.1048e+00 +2.1049e+00 +2.1048e+00
15234 +3.106642055e-08 +3.106642055e-08 -6.337999997e+01 -6.337999997e+01 +2.1049e+00 +2.1048e+00 +2.1048e+00
15344 +1.001578198e-08 +1.001578198e-08 -6.337999999e+01 -6.337999999e+01 +2.1048e+00 +2.1049e+00 +2.1048e+00
% function evaluation | noise-free fitness - Fopt (-1.337200000000e+02) | best noise-free fitness - Fopt | measured fitness | best measured fitness | x1 | x2...
1 +5.523931782e+03 +5.523931782e+03 +5.390211782e+03 +5.390211782e+03 +0.0000e+00 +0.0000e+00 +0.0000e+00
147 +1.219625809e+03 +1.219625809e+03 +1.085905809e+03 +1.085905809e+03 -3.8176e+00 +8.4893e-01 +6.1206e-01
148 +1.015581221e+03 +1.015581221e+03 +8.818612208e+02 +8.818612208e+02 -3.8082e+00 +1.6083e+00 +4.8809e-01
162 +4.119417023e+02 +4.119417023e+02 +2.782217023e+02 +2.782217023e+02 -3.1950e+00 +7.9097e-01 +7.4704e-01
222 +3.667106301e+02 +3.667106301e+02 +2.329906301e+02 +2.329906301e+02 -3.4340e+00 +2.1957e+00 +2.2572e+00
228 +1.410223250e+02 +1.410223250e+02 +7.302324953e+00 +7.302324953e+00 -2.8148e+00 +5.3836e-01 +9.3021e-01
244 +4.763690302e+00 +4.763690302e+00 -1.289563097e+02 -1.289563097e+02 -2.4766e+00 +8.7046e-01 +1.5631e+00
269 +2.857415371e+00 +2.857415371e+00 -1.308625846e+02 -1.308625846e+02 -2.4504e+00 +3.3367e+00 +1.2555e+00
333 +2.497858984e+00 +2.497858984e+00 -1.312221410e+02 -1.312221410e+02 -1.7682e+00 +3.0869e+00 +9.6561e-01
412 +2.240908921e+00 +2.240908921e+00 -1.314790911e+02 -1.314790911e+02 -1.4685e+00 +2.9839e+00 +1.4213e+00
429 +2.220075083e+00 +2.220075083e+00 -1.314999249e+02 -1.314999249e+02 -1.2009e+00 +3.0030e+00 +1.9292e+00
430 +6.279877349e-01 +6.279877349e-01 -1.330920123e+02 -1.330920123e+02 -1.4905e+00 +2.9891e+00 +1.9197e+00
3706 +6.111060696e-01 +6.111060696e-01 -1.331088939e+02 -1.331088939e+02 -1.4082e+00 +2.9557e+00 +1.8912e+00
3720 +5.944245872e-01 +5.944245872e-01 -1.331255754e+02 -1.331255754e+02 -1.4053e+00 +2.9954e+00 +1.8769e+00
3804 +4.099616463e-01 +4.099616463e-01 -1.333100384e+02 -1.333100384e+02 -1.5081e+00 +2.9916e+00 +1.8848e+00
3909 +4.014965917e-01 +4.014965917e-01 -1.333185034e+02 -1.333185034e+02 -1.5216e+00 +3.0093e+00 +1.8732e+00
4019 +3.973211168e-01 +3.973211168e-01 -1.333226789e+02 -1.333226789e+02 -1.5219e+00 +3.0095e+00 +1.8809e+00
9041 +1.581364461e-01 +1.581364461e-01 -1.335618636e+02 -1.335618636e+02 +2.1147e+00 +2.1439e+00 +2.1148e+00
27597 +1.487089960e-01 +1.487089960e-01 -1.335712910e+02 -1.335712910e+02 +2.1703e+00 +2.1219e+00 +2.0903e+00
27635 +1.350854442e-01 +1.350854442e-01 -1.335849146e+02 -1.335849146e+02 +2.0724e+00 +2.1062e+00 +2.1308e+00
27749 +1.138203616e-01 +1.138203616e-01 -1.336061796e+02 -1.336061796e+02 +2.1086e+00 +2.1247e+00 +2.0765e+00
27766 +1.177307544e-02 +1.177307544e-02 -1.337082269e+02 -1.337082269e+02 +2.1133e+00 +2.0990e+00 +2.0986e+00
28048 +9.673845621e-03 +9.673845621e-03 -1.337103262e+02 -1.337103262e+02 +2.1053e+00 +2.1182e+00 +2.1010e+00
28070 +5.218637863e-03 +5.218637863e-03 -1.337147814e+02 -1.337147814e+02 +2.0964e+00 +2.1140e+00 +2.1054e+00
28090 +1.670102910e-03 +1.670102910e-03 -1.337183299e+02 -1.337183299e+02 +2.1070e+00 +2.1044e+00 +2.1080e+00
28114 +3.429759808e-04 +3.429759808e-04 -1.337196570e+02 -1.337196570e+02 +2.1035e+00 +2.1076e+00 +2.1044e+00
28382 +1.572876919e-04 +1.572876919e-04 -1.337198427e+02 -1.337198427e+02 +2.1074e+00 +2.1047e+00 +2.1053e+00
28416 +8.009380070e-05 +8.009380070e-05 -1.337199199e+02 -1.337199199e+02 +2.1051e+00 +2.1041e+00 +2.1045e+00
28422 +6.659379039e-06 +6.659379039e-06 -1.337199933e+02 -1.337199933e+02 +2.1048e+00 +2.1052e+00 +2.1049e+00
28576 +5.586624440e-06 +5.586624440e-06 -1.337199944e+02 -1.337199944e+02 +2.1054e+00 +2.1047e+00 +2.1050e+00
28594 +4.395085085e-06 +4.395085085e-06 -1.337199956e+02 -1.337199956e+02 +2.1051e+00 +2.1050e+00 +2.1049e+00
28629 +2.980873774e-06 +2.980873774e-06 -1.337199970e+02 -1.337199970e+02 +2.1045e+00 +2.1049e+00 +2.1049e+00
28664 +2.350797701e-06 +2.350797701e-06 -1.337199976e+02 -1.337199976e+02 +2.1051e+00 +2.1048e+00 +2.1048e+00
28675 +1.095356339e-06 +1.095356339e-06 -1.337199989e+02 -1.337199989e+02 +2.1048e+00 +2.1047e+00 +2.1049e+00
28716 +2.976844371e-07 +2.976844371e-07 -1.337199997e+02 -1.337199997e+02 +2.1048e+00 +2.1048e+00 +2.1048e+00
28862 +1.873910662e-07 +1.873910662e-07 -1.337199998e+02 -1.337199998e+02 +2.1048e+00 +2.1048e+00 +2.1049e+00
28877 +1.266781737e-07 +1.266781737e-07 -1.337199999e+02 -1.337199999e+02 +2.1048e+00 +2.1048e+00 +2.1048e+00
28892 +1.090012631e-07 +1.090012631e-07 -1.337199999e+02 -1.337199999e+02 +2.1049e+00 +2.1048e+00 +2.1048e+00
28928 +4.330470915e-08 +4.330470915e-08 -1.337200000e+02 -1.337200000e+02 +2.1048e+00 +2.1049e+00 +2.1049e+00
29021 +2.277366207e-08 +2.277366207e-08 -1.337200000e+02 -1.337200000e+02 +2.1048e+00 +2.1049e+00 +2.1048e+00
29038 +2.178225600e-08 +2.178225600e-08 -1.337200000e+02 -1.337200000e+02 +2.1048e+00 +2.1049e+00 +2.1048e+00
29082 +1.528420057e-08 +1.528420057e-08 -1.337200000e+02 -1.337200000e+02 +2.1048e+00 +2.1049e+00 +2.1048e+00
29104 +4.588542879e-09 +4.588542879e-09 -1.337200000e+02 -1.337200000e+02 +2.1048e+00 +2.1049e+00 +2.1048e+00
% function evaluation | noise-free fitness - Fopt (-4.039900000000e+02) | best noise-free fitness - Fopt | measured fitness | best measured fitness | x1 | x2...
1 +5.523931782e+03 +5.523931782e+03 +5.119941782e+03 +5.119941782e+03 +0.0000e+00 +0.0000e+00 +0.0000e+00
99 +4.026052977e+03 +4.026052977e+03 +3.622062977e+03 +3.622062977e+03 -3.9545e+00 +4.9018e-01 +1.0486e+00
105 +3.545240136e+03 +3.545240136e+03 +3.141250136e+03 +3.141250136e+03 -4.6158e+00 -5.1894e-02 +1.0016e+00
114 +1.424944714e+03 +1.424944714e+03 +1.020954714e+03 +1.020954714e+03 -4.1550e+00 -1.3132e+00 +5.6223e-01
135 +6.176597467e+02 +6.176597467e+02 +2.136697467e+02 +2.136697467e+02 -3.5422e+00 -1.1866e+00 +6.6887e-01
301 +4.265033952e+02 +4.265033952e+02 +2.251339521e+01 +2.251339521e+01 -3.5264e+00 -1.6160e+00 +2.2593e+00
315 +2.415466134e+00 +2.415466134e+00 -4.015745339e+02 -4.015745339e+02 -1.3888e+00 -2.8697e+00 +1.3406e+00
391 +1.476480497e+00 +1.476480497e+00 -4.025135195e+02 -4.025135195e+02 -1.4009e+00 -2.9747e+00 +1.9631e+00
3885 +1.141322245e+00 +1.141322245e+00 -4.028486778e+02 -4.028486778e+02 -5.9040e-01 -2.8261e+00 +1.9343e+00
6294 +1.116473480e+00 +1.116473480e+00 -4.028735265e+02 -4.028735265e+02 +2.2350e+00 -4.0607e-02 +1.4600e+00
6471 +1.073814502e+00 +1.073814502e+00 -4.029161855e+02 -4.029161855e+02 +2.0345e+00 -1.4725e-01 +2.6451e+00
6789 +8.730949533e-01 +8.730949533e-01 -4.031169050e+02 -4.031169050e+02 +2.0207e+00 -2.1291e+00 +2.0274e+00
6882 +7.163230196e-01 +7.163230196e-01 -4.032736770e+02 -4.032736770e+02 +2.0437e+00 -2.1746e+00 +2.1431e+00
6890 +8.897285686e-02 +8.897285686e-02 -4.039010271e+02 -4.039010271e+02 +2.1080e+00 -2.0660e+00 +2.1058e+00
7344 +3.211569575e-02 +3.211569575e-02 -4.039578843e+02 -4.039578843e+02 +2.1475e+00 -2.0924e+00 +2.1052e+00
7473 +2.910345149e-02 +2.910345149e-02 -4.039608965e+02 -4.039608965e+02 +2.1280e+00 -2.1105e+00 +2.1123e+00
7484 +2.704237753e-02 +2.704237753e-02 -4.039629576e+02 -4.039629576e+02 +2.1182e+00 -2.1186e+00 +2.1085e+00
7565 +7.186255268e-03 +7.186255268e-03 -4.039828137e+02 -4.039828137e+02 +2.0943e+00 -2.1043e+00 +2.0997e+00
7660 +5.445823125e-03 +5.445823125e-03 -4.039845542e+02 -4.039845542e+02 +2.1164e+00 -2.0998e+00 +2.1019e+00
7748 +1.751670157e-03 +1.751670157e-03 -4.039882483e+02 -4.039882483e+02 +2.1132e+00 -2.1014e+00 +2.1074e+00
7866 +1.578415588e-03 +1.578415588e-03 -4.039884216e+02 -4.039884216e+02 +2.1136e+00 -2.1008e+00 +2.1066e+00
7880 +1.342747244e-03 +1.342747244e-03 -4.039886573e+02 -4.039886573e+02 +2.1136e+00 -2.1024e+00 +2.1059e+00
7943 +1.156458259e-03 +1.156458259e-03 -4.039888435e+02 -4.039888435e+02 +2.1125e+00 -2.1025e+00 +2.1064e+00
8078 +6.793757638e-04 +6.793757638e-04 -4.039893206e+02 -4.039893206e+02 +2.1088e+00 -2.1040e+00 +2.1066e+00
8118 +6.390435831e-04 +6.390435831e-04 -4.039893610e+02 -4.039893610e+02 +2.1047e+00 -2.1076e+00 +2.1030e+00
8122 +1.568976073e-04 +1.568976073e-04 -4.039898431e+02 -4.039898431e+02 +2.1071e+00 -2.1041e+00 +2.1044e+00
8234 +9.255656289e-05 +9.255656289e-05 -4.039899074e+02 -4.039899074e+02 +2.1032e+00 -2.1049e+00 +2.1043e+00
8254 +6.449554820e-05 +6.449554820e-05 -4.039899355e+02 -4.039899355e+02 +2.1066e+00 -2.1043e+00 +2.1052e+00
8276 +5.103851163e-05 +5.103851163e-05 -4.039899490e+02 -4.039899490e+02 +2.1059e+00 -2.1038e+00 +2.1051e+00
8336 +1.954848193e-05 +1.954848193e-05 -4.039899805e+02 -4.039899805e+02 +2.1048e+00 -2.1055e+00 +2.1047e+00
8364 +1.588133529e-05 +1.588133529e-05 -4.039899841e+02 -4.039899841e+02 +2.1047e+00 -2.1048e+00 +2.1045e+00
8386 +9.783740268e-06 +9.783740268e-06 -4.039899902e+02 -4.039899902e+02 +2.1045e+00 -2.1052e+00 +2.1046e+00
8408 +7.897320415e-07 +7.897320415e-07 -4.039899992e+02 -4.039899992e+02 +2.1047e+00 -2.1049e+00 +2.1049e+00
8500 +5.784607993e-07 +5.784607993e-07 -4.039899994e+02 -4.039899994e+02 +2.1047e+00 -2.1049e+00 +2.1048e+00
8606 +3.931364745e-08 +3.931364745e-08 -4.039900000e+02 -4.039900000e+02 +2.1049e+00 -2.1049e+00 +2.1048e+00
8684 +3.333030918e-08 +3.333030918e-08 -4.039900000e+02 -4.039900000e+02 +2.1048e+00 -2.1048e+00 +2.1048e+00
8694 +2.047681846e-08 +2.047681846e-08 -4.039900000e+02 -4.039900000e+02 +2.1048e+00 -2.1049e+00 +2.1049e+00
8738 +4.096307293e-09 +4.096307293e-09 -4.039900000e+02 -4.039900000e+02 +2.1048e+00 -2.1048e+00 +2.1048e+00
% function evaluation | noise-free fitness - Fopt (1.000000000000e+03) | best noise-free fitness - Fopt | measured fitness | best measured fitness | x1 | x2...
1 +5.523931782e+03 +5.523931782e+03 +6.523931782e+03 +6.523931782e+03 +0.0000e+00 +0.0000e+00 +0.0000e+00
112 +1.674243901e+03 +1.674243901e+03 +2.674243901e+03 +2.674243901e+03 -3.7627e+00 +1.7347e+00 -2.3347e-01
134 +1.554040529e+03 +1.554040529e+03 +2.554040529e+03 +2.554040529e+03 -3.4023e+00 +2.0063e-01 -7.3309e-01
137 +1.363570194e+03 +1.363570194e+03 +2.363570194e+03 +2.363570194e+03 -4.3453e+00 +2.7615e+00 -5.1375e-01
141 +6.151115958e+02 +6.151115958e+02 +1.615111596e+03 +1.615111596e+03 -3.1440e+00 +2.8223e+00 -1.3635e-01
147 +5.037493024e+02 +5.037493024e+02 +1.503749302e+03 +1.503749302e+03 -3.6117e+00 +3.7939e+00 -4.5669e-01
160 +3.376672567e+02 +3.376672567e+02 +1.337667257e+03 +1.337667257e+03 -3.2824e+00 +5.9709e-01 -1.8453e+00
222 +2.720702290e+02 +2.720702290e+02 +1.272070229e+03 +1.272070229e+03 -3.1193e+00 +1.0905e+00 -2.6511e+00
260 +8.199856923e+01 +8.199856923e+01 +1.081998569e+03 +1.081998569e+03 -2.9477e+00 +1.3945e+00 -2.3779e+00
298 +1.884910211e+01 +1.884910211e+01 +1.018849102e+03 +1.018849102e+03 -2.6993e+00 +1.4138e+00 -1.0195e+00
299 +1.299142031e+01 +1.299142031e+01 +1.012991420e+03 +1.012991420e+03 -2.6585e+00 +8.5374e-01 -2.3552e+00
317 +2.743417300e+00 +2.743417300e+00 +1.002743417e+03 +1.002743417e+03 -1.3994e+00 +2.3176e+00 -2.1455e+00
429 +1.778614102e+00 +1.778614102e+00 +1.001778614e+03 +1.001778614e+03 -1.7270e+00 +2.9628e+00 -1.9244e+00
442 +9.888441204e-01 +9.888441204e-01 +1.000988844e+03 +1.000988844e+03 -1.5485e+00 +2.9992e+00 -7.6854e-01
1135 +6.646081120e-01 +6.646081120e-01 +1.000664608e+03 +1.000664608e+03 -1.4389e+00 +2.9533e+00 -1.9180e+00
12496 +5.501142662e-01 +5.501142662e-01 +1.000550114e+03 +1.000550114e+03 -1.5575e+00 +2.9722e+00 -1.8891e+00
12515 +5.208703239e-01 +5.208703239e-01 +1.000520870e+03 +1.000520870e+03 -1.4778e+00 +3.0336e+00 -1.8895e+00
12558 +4.969248960e-01 +4.969248960e-01 +1.000496925e+03 +1.000496925e+03 -1.5344e+00 +2.9739e+00 -1.8942e+00
12605 +4.548216485e-01 +4.548216485e-01 +1.000454822e+03 +1.000454822e+03 -1.5259e+00 +3.0195e+00 -1.8942e+00
12704 +4.217344198e-01 +4.217344198e-01 +1.000421734e+03 +1.000421734e+03 -1.4836e+00 +3.0163e+00 -1.8737e+00
12748 +4.034338503e-01 +4.034338503e-01 +1.000403434e+03 +1.000403434e+03 -1.5017e+00 +3.0146e+00 -1.8731e+00
12924 +3.955727228e-01 +3.955727228e-01 +1.000395573e+03 +1.000395573e+03 -1.5066e+00 +3.0071e+00 -1.8783e+00
25531 +2.897003003e-01 +2.897003003e-01 +1.000289700e+03 +1.000289700e+03 +2.1847e+00 +2.0456e+00 -2.0948e+00
% function evaluation | noise-free fitness - Fopt (1.005700000000e+02) | best noise-free fitness - Fopt | measured fitness | best measured fitness | x1 | x2...
1 +5.523931782e+03 +5.523931782e+03 +5.624501782e+03 +5.624501782e+03 +0.0000e+00 +0.0000e+00 +0.0000e+00
68 +4.430131834e+03 +4.430131834e+03 +4.530701834e+03 +4.530701834e+03 -3.0718e+00 +7.9505e-01 +3.4634e+00
78 +3.717810544e+03 +3.717810544e+03 +3.818380544e+03 +3.818380544e+03 -3.3183e+00 +4.4070e-01 +3.4289e+00
87 +3.323665915e+03 +3.323665915e+03 +3.424235915e+03 +3.424235915e+03 -3.0645e+00 +7.8013e-01 +2.9454e+00
108 +9.234252942e+02 +9.234252942e+02 +1.023995294e+03 +1.023995294e+03 -2.1038e+00 +1.8624e-01 +3.0252e+00
117 +3.314716529e+02 +3.314716529e+02 +4.320416529e+02 +4.320416529e+02 -3.0172e+00 -3.7986e-01 +2.6755e+00
154 +1.212988499e+02 +1.212988499e+02 +2.218688499e+02 +2.218688499e+02 -2.9729e+00 -1.2965e+00 +2.5157e+00
161 +1.837035457e+01 +1.837035457e+01 +1.189403546e+02 +1.189403546e+02 -2.6948e+00 -1.1388e+00 +2.1864e+00
162 +3.547475948e+00 +3.547475948e+00 +1.041174759e+02 +1.041174759e+02 -2.5033e+00 -2.1956e+00 +2.1822e+00
198 +2.957587034e+00 +2.957587034e+00 +1.035275870e+02 +1.035275870e+02 -2.4938e+00 -1.1719e+00 +1.5759e+00
217 +2.381560673e+00 +2.381560673e+00 +1.029515607e+02 +1.029515607e+02 -2.4914e+00 -2.1310e+00 +2.0800e+00
251 +2.064945050e+00 +2.064945050e+00 +1.026349450e+02 +1.026349450e+02 -1.6855e+00 -3.1022e+00 +1.0145e+00
369 +7.928855076e-01 +7.928855076e-01 +1.013628855e+02 +1.013628855e+02 -1.4112e+00 -2.9726e+00 +1.9248e+00
3554 +7.321498468e-01 +7.321498468e-01 +1.013021498e+02 +1.013021498e+02 +2.1044e+00 -2.0258e+00 +9.9175e-01
9209 +5.679927984e-02 +5.679927984e-02 +1.006267993e+02 +1.006267993e+02 +2.1093e+00 -2.0931e+00 +2.0904e+00
9593 +5.221157672e-02 +5.221157672e-02 +1.006222116e+02 +1.006222116e+02 +2.1248e+00 -2.1277e+00 +2.0940e+00
9620 +2.727757287e-02 +2.727757287e-02 +1.005972776e+02 +1.005972776e+02 +2.0995e+00 -2.1254e+00 +2.0932e+00
9642 +2.309440642e-02 +2.309440642e-02 +1.005930944e+02 +1.005930944e+02 +2.0958e+00 -2.1138e+00 +2.1133e+00
9673 +1.928298303e-02 +1.928298303e-02 +1.005892830e+02 +1.005892830e+02 +2.0932e+00 -2.1255e+00 +2.0984e+00
9686 +1.084871938e-02 +1.084871938e-02 +1.005808487e+02 +1.005808487e+02 +2.0917e+00 -2.1202e+00 +2.1000e+00
9708 +6.968877238e-03 +6.968877238e-03 +1.005769689e+02 +1.005769689e+02 +2.0939e+00 -2.1159e+00 +2.0993e+00
9718 +5.980692320e-03 +5.980692320e-03 +1.005759807e+02 +1.005759807e+02 +2.1169e+00 -2.1100e+00 +2.1034e+00
9752 +1.097726696e-03 +1.097726696e-03 +1.005710977e+02 +1.005710977e+02 +2.1000e+00 -2.1059e+00 +2.1026e+00
9840 +7.152269102e-04 +7.152269102e-04 +1.005707152e+02 +1.005707152e+02 +2.1011e+00 -2.1087e+00 +2.1042e+00
9857 +4.832998414e-04 +4.832998414e-04 +1.005704833e+02 +1.005704833e+02 +2.1050e+00 -2.1031e+00 +2.1067e+00
9866 +1.780885707e-04 +1.780885707e-04 +1.005701781e+02 +1.005701781e+02 +2.1067e+00 -2.1029e+00 +2.1053e+00
9906 +1.085037201e-04 +1.085037201e-04 +1.005701085e+02 +1.005701085e+02 +2.1031e+00 -2.1048e+00 +2.1044e+00
9961 +1.057469789e-04 +1.057469789e-04 +1.005701057e+02 +1.005701057e+02 +2.1035e+00 -2.1064e+00 +2.1045e+00
9994 +6.244984328e-05 +6.244984328e-05 +1.005700624e+02 +1.005700624e+02 +2.1039e+00 -2.1043e+00 +2.1053e+00
10025 +5.014541850e-05 +5.014541850e-05 +1.005700501e+02 +1.005700501e+02 +2.1044e+00 -2.1058e+00 +2.1044e+00
10038 +2.489490396e-05 +2.489490396e-05 +1.005700249e+02 +1.005700249e+02 +2.1056e+00 -2.1045e+00 +2.1046e+00
10060 +1.160803433e-05 +1.160803433e-05 +1.005700116e+02 +1.005700116e+02 +2.1048e+00 -2.1044e+00 +2.1050e+00
10066 +3.864962054e-06 +3.864962054e-06 +1.005700039e+02 +1.005700039e+02 +2.1050e+00 -2.1050e+00 +2.1049e+00
10131 +3.545747091e-06 +3.545747091e-06 +1.005700035e+02 +1.005700035e+02 +2.1049e+00 -2.1046e+00 +2.1050e+00
10159 +3.241098028e-06 +3.241098028e-06 +1.005700032e+02 +1.005700032e+02 +2.1047e+00 -2.1050e+00 +2.1049e+00
10170 +1.757824620e-06 +1.757824620e-06 +1.005700018e+02 +1.005700018e+02 +2.1049e+00 -2.1049e+00 +2.1049e+00
10243 +1.479382249e-06 +1.479382249e-06 +1.005700015e+02 +1.005700015e+02 +2.1051e+00 -2.1048e+00 +2.1048e+00
10258 +2.038197522e-07 +2.038197522e-07 +1.005700002e+02 +1.005700002e+02 +2.1049e+00 -2.1048e+00 +2.1048e+00
10368 +1.813062340e-07 +1.813062340e-07 +1.005700002e+02 +1.005700002e+02 +2.1049e+00 -2.1049e+00 +2.1048e+00
10389 +1.551829030e-07 +1.551829030e-07 +1.005700002e+02 +1.005700002e+02 +2.1048e+00 -2.1048e+00 +2.1049e+00
10390 +1.404930146e-07 +1.404930146e-07 +1.005700001e+02 +1.005700001e+02 +2.1049e+00 -2.1049e+00 +2.1048e+00
10412 +5.806596448e-08 +5.806596448e-08 +1.005700001e+02 +1.005700001e+02 +2.1048e+00 -2.1049e+00 +2.1048e+00
10434 +3.278063332e-08 +3.278063332e-08 +1.005700000e+02 +1.005700000e+02 +2.1048e+00 -2.1049e+00 +2.1048e+00
10456 +1.266802485e-08 +1.266802485e-08 +1.005700000e+02 +1.005700000e+02 +2.1048e+00 -2.1049e+00 +2.1048e+00
10500 +5.616328735e-09 +5.616328735e-09 +1.005700000e+02 +1.005700000e+02 +2.1048e+00 -2.1048e+00 +2.1048e+00
% function evaluation | noise-free fitness - Fopt (1.149000000000e+01) | best noise-free fitness - Fopt | measured fitness | best measured fitness | x1 | x2...
1 +5.523931782e+03 +5.523931782e+03 +5.535421782e+03 +5.535421782e+03 +0.0000e+00 +0.0000e+00 +0.0000e+00
2 +1.707931672e+03 +1.707931672e+03 +1.719421672e+03 +1.719421672e+03 +3.5335e+00 +1.6012e+00 -2.9207e+00
4 +1.406412041e+03 +1.406412041e+03 +1.417902041e+03 +1.417902041e+03 +3.5300e+00 +1.3510e+00 -2.9129e+00
10 +1.361674903e+03 +1.361674903e+03 +1.373164903e+03 +1.373164903e+03 +3.8048e+00 +1.4348e+00 -2.8094e+00
12 +1.277431706e+03 +1.277431706e+03 +1.288921706e+03 +1.288921706e+03 +3.5384e+00 +1.3691e+00 -2.8730e+00
16 +1.047277914e+03 +1.047277914e+03 +1.058767914e+03 +1.058767914e+03 +3.6642e+00 +1.3604e+00 -2.7711e+00
28 +9.731690411e+02 +9.731690411e+02 +9.846590411e+02 +9.846590411e+02 +3.6716e+00 +1.2212e+00 -2.7765e+00
41 +7.324489942e+02 +7.324489942e+02 +7.439389942e+02 +7.439389942e+02 +3.4356e+00 +1.4180e+00 -2.7103e+00
43 +3.778236072e+02 +3.778236072e+02 +3.893136072e+02 +3.893136072e+02 +3.4438e+00 +1.3389e+00 -2.4867e+00
50 +3.504897681e+02 +3.504897681e+02 +3.619797681e+02 +3.619797681e+02 +3.4206e+00 +1.4206e+00 -2.4423e+00
65 +3.313823591e+02 +3.313823591e+02 +3.428723591e+02 +3.428723591e+02 +3.4080e+00 +1.2332e+00 -2.0285e+00
68 +1.396034652e+02 +1.396034652e+02 +1.510934652e+02 +1.510934652e+02 +3.0798e+00 +1.4069e+00 -2.1772e+00
69 +3.734322524e+01 +3.734322524e+01 +4.883322524e+01 +4.883322524e+01 +2.7803e+00 +1.2134e+00 -1.6520e+00
90 +1.284080907e+01 +1.284080907e+01 +2.433080907e+01 +2.433080907e+01 +2.6432e+00 +1.7997e+00 -1.0093e+00
99 +2.636342619e+00 +2.636342619e+00 +1.412634262e+01 +1.412634262e+01 +2.1359e+00 +6.9072e-01 -2.5440e+00
134 +1.261019492e+00 +1.261019492e+00 +1.275101949e+01 +1.275101949e+01 +9.9310e-01 +3.7344e-01 -2.5619e+00
1280 +1.201277476e+00 +1.201277476e+00 +1.269127748e+01 +1.269127748e+01 -1.5955e+00 +1.0213e+00 -2.4156e+00
1362 +1.161263619e+00 +1.161263619e+00 +1.265126362e+01 +1.265126362e+01 -1.5332e+00 +1.0620e+00 -2.3515e+00
1374 +9.175303397e-01 +9.175303397e-01 +1.240753034e+01 +1.240753034e+01 -1.5203e+00 +9.2782e-01 -2.3991e+00
1422 +8.123992665e-01 +8.123992665e-01 +1.230239927e+01 +1.230239927e+01 -1.5404e+00 +9.6943e-01 -2.3916e+00
1760 +7.915585460e-01 +7.915585460e-01 +1.228155855e+01 +1.228155855e+01 -1.5218e+00 +9.7498e-01 -2.3886e+00
3086 +2.072491075e-01 +2.072491075e-01 +1.169724911e+01 +1.169724911e+01 +2.1800e+00 +2.0622e+00 -2.0932e+00
% function evaluation | noise-free fitness - Fopt (7.731000000000e+01) | best noise-free fitness - Fopt | measured fitness | best measured fitness | x1 | x2...
1 +5.523931782e+03 +5.523931782e+03 +5.601241782e+03 +5.601241782e+03 +0.0000e+00 +0.0000e+00 +0.0000e+00
74 +3.042673775e+03 +3.042673775e+03 +3.119983775e+03 +3.119983775e+03 +1.0514e+00 +1.2442e+00 -1.5880e+00
90 +2.241953792e+03 +2.241953792e+03 +2.319263792e+03 +2.319263792e+03 +1.4614e+00 +9.2361e-01 -2.0853e+00
91 +3.749690318e+00 +3.749690318e+00 +8.105969032e+01 +8.105969032e+01 +1.3927e+00 -1.1499e+00 -1.8109e+00
103 +3.552698643e+00 +3.552698643e+00 +8.086269864e+01 +8.086269864e+01 +1.5764e+00 -8.1881e-01 -1.9041e+00
116 +2.619320414e+00 +2.619320414e+00 +7.992932041e+01 +7.992932041e+01 +1.6478e+00 -2.6089e+00 -1.9882e+00
170 +2.350963208e+00 +2.350963208e+00 +7.966096321e+01 +7.966096321e+01 +1.3270e+00 -2.8735e+00 -1.8265e+00
242 +2.271624145e+00 +2.271624145e+00 +7.958162415e+01 +7.958162415e+01 +1.4293e+00 -9.3058e-01 -1.3392e+00
315 +1.995996525e+00 +1.995996525e+00 +7.930599652e+01 +7.930599652e+01 +1.6864e+00 -2.9739e+00 -1.5668e+00
432 +1.882098903e+00 +1.882098903e+00 +7.919209890e+01 +7.919209890e+01 +1.5086e+00 -2.9646e+00 -9.7530e-01
456 +1.793592725e+00 +1.793592725e+00 +7.910359272e+01 +7.910359272e+01 +1.4482e+00 -4.0612e-01 -1.3601e+00
641 +1.609228087e+00 +1.609228087e+00 +7.891922809e+01 +7.891922809e+01 +1.4945e+00 -1.0081e+00 -2.0454e+00
790 +6.072669780e-01 +6.072669780e-01 +7.791726698e+01 +7.791726698e+01 +1.6108e+00 -3.0459e+00 -1.8532e+00
1279 +4.385445502e-01 +4.385445502e-01 +7.774854455e+01 +7.774854455e+01 +1.5387e+00 -2.9928e+00 -1.8881e+00
2190 +4.083836216e-01 +4.083836216e-01 +7.771838362e+01 +7.771838362e+01 +1.5178e+00 -3.0213e+00 -1.8822e+00
30209 +3.570205094e-01 +3.570205094e-01 +7.766702051e+01 +7.766702051e+01 -2.1314e+00 -2.0617e+00 -2.1565e+00
30211 +3.062732043e-01 +3.062732043e-01 +7.761627320e+01 +7.761627320e+01 -2.2148e+00 -2.0723e+00 -2.1380e+00
30248 +2.497966411e-01 +2.497966411e-01 +7.755979664e+01 +7.755979664e+01 -2.1378e+00 -2.0623e+00 -2.0833e+00
30261 +6.782768179e-02 +6.782768179e-02 +7.737782768e+01 +7.737782768e+01 -2.0687e+00 -2.0976e+00 -2.0928e+00
30538 +4.807239035e-02 +4.807239035e-02 +7.735807239e+01 +7.735807239e+01 -2.0892e+00 -2.1374e+00 -2.0981e+00
30605 +3.994289696e-02 +3.994289696e-02 +7.734994290e+01 +7.734994290e+01 -2.1130e+00 -2.1134e+00 -2.1167e+00
30708 +1.722637079e-02 +1.722637079e-02 +7.732722637e+01 +7.732722637e+01 -2.1287e+00 -2.1108e+00 -2.1027e+00
30734 +1.340690427e-02 +1.340690427e-02 +7.732340690e+01 +7.732340690e+01 -2.0799e+00 -2.1086e+00 -2.0999e+00
30768 +1.283765941e-02 +1.283765941e-02 +7.732283766e+01 +7.732283766e+01 -2.0899e+00 -2.0986e+00 -2.1112e+00
30844 +3.449930781e-03 +3.449930781e-03 +7.731344993e+01 +7.731344993e+01 -2.1012e+00 -2.1128e+00 -2.1010e+00
30910 +1.607886748e-03 +1.607886748e-03 +7.731160789e+01 +7.731160789e+01 -2.1117e+00 -2.0995e+00 -2.1071e+00
30998 +1.140164377e-04 +1.140164377e-04 +7.731011402e+01 +7.731011402e+01 -2.1070e+00 -2.1043e+00 -2.1045e+00
31174 +7.046216240e-05 +7.046216240e-05 +7.731007046e+01 +7.731007046e+01 -2.1031e+00 -2.1048e+00 -2.1047e+00
31220 +2.839684169e-05 +2.839684169e-05 +7.731002840e+01 +7.731002840e+01 -2.1057e+00 -2.1041e+00 -2.1051e+00
31284 +2.457898702e-06 +2.457898702e-06 +7.731000246e+01 +7.731000246e+01 -2.1050e+00 -2.1047e+00 -2.1048e+00
31438 +8.125191613e-07 +8.125191613e-07 +7.731000081e+01 +7.731000081e+01 -2.1046e+00 -2.1048e+00 -2.1049e+00
31541 +6.875173426e-07 +6.875173426e-07 +7.731000069e+01 +7.731000069e+01 -2.1047e+00 -2.1048e+00 -2.1049e+00
31567 +4.549895891e-07 +4.549895891e-07 +7.731000045e+01 +7.731000045e+01 -2.1050e+00 -2.1048e+00 -2.1049e+00
31636 +4.404730163e-07 +4.404730163e-07 +7.731000044e+01 +7.731000044e+01 -2.1048e+00 -2.1048e+00 -2.1049e+00
31714 +4.314031514e-07 +4.314031514e-07 +7.731000043e+01 +7.731000043e+01 -2.1047e+00 -2.1048e+00 -2.1048e+00
31724 +1.756379220e-08 +1.756379220e-08 +7.731000002e+01 +7.731000002e+01 -2.1048e+00 -2.1048e+00 -2.1048e+00
31790 +9.334470974e-09 +9.334470974e-09 +7.731000001e+01 +7.731000001e+01 -2.1048e+00 -2.1049e+00 -2.1048e+00
% function evaluation | noise-free fitness - Fopt (3.207700000000e+02) | best noise-free fitness - Fopt | measured fitness | best measured fitness | x1 | x2...
1 +5.523931782e+03 +5.523931782e+03 +5.844701782e+03 +5.844701782e+03 +0.0000e+00 +0.0000e+00 +0.0000e+00
2 +3.522100477e+03 +3.522100477e+03 +3.842870477e+03 +3.842870477e+03 -5.5205e-01 -2.3657e+00 -3.5391e-01
4 +2.661034890e+03 +2.661034890e+03 +2.981804890e+03 +2.981804890e+03 -3.0927e-01 -2.3292e+00 -2.2215e-01
30 +2.032684999e+03 +2.032684999e+03 +2.353454999e+03 +2.353454999e+03 -3.4897e-01 -2.4583e+00 -1.5235e-01
48 +1.894209222e+03 +1.894209222e+03 +2.214979222e+03 +2.214979222e+03 -3.1853e-01 -2.5358e+00 -1.4717e-01
51 +1.716974825e+03 +1.716974825e+03 +2.037744825e+03 +2.037744825e+03 -1.7545e-01 -2.2792e+00 -4.9634e-02
57 +1.683027324e+03 +1.683027324e+03 +2.003797324e+03 +2.003797324e+03 -2.4731e-01 -2.6364e+00 -1.3288e-01
60 +1.550608276e+03 +1.550608276e+03 +1.871378276e+03 +1.871378276e+03 -4.3347e-01 -2.4546e+00 -6.1380e-02
61 +1.097195761e+03 +1.097195761e+03 +1.417965761e+03 +1.417965761e+03 -1.5194e-01 -2.5012e+00 +2.6281e-02
70 +4.638477800e+02 +4.638477800e+02 +7.846177800e+02 +7.846177800e+02 -9.4275e-02 -2.6787e+00 +1.6669e-01
77 +3.755969565e+02 +3.755969565e+02 +6.963669565e+02 +6.963669565e+02 -4.4922e-01 -2.4155e+00 +2.6682e-01
84 +9.647801407e+01 +9.647801407e+01 +4.172480141e+02 +4.172480141e+02 -3.0850e-01 -2.8007e+00 +3.2293e-01
85 +9.757704118e+00 +9.757704118e+00 +3.305277041e+02 +3.305277041e+02 -4.4324e-01 -2.7998e+00 +5.0682e-01
90 +2.789804326e+00 +2.789804326e+00 +3.235598043e+02 +3.235598043e+02 -8.6412e-02 -2.5310e+00 +1.1188e+00
110 +2.078247078e+00 +2.078247078e+00 +3.228482471e+02 +3.228482471e+02 -3.1151e-01 -2.5096e+00 +9.1039e-01
436 +2.022368523e+00 +2.022368523e+00 +3.227923685e+02 +3.227923685e+02 +5.1130e-01 -7.4883e-01 +1.2886e+00
453 +1.740759850e+00 +1.740759850e+00 +3.225107598e+02 +3.225107598e+02 +4.9982e-01 -7.0511e-01 +2.4283e+00
604 +1.609455183e+00 +1.609455183e+00 +3.223794552e+02 +3.223794552e+02 +5.0109e-01 -7.1604e-01 +2.4498e+00
2997 +1.348982735e+00 +1.348982735e+00 +3.221189827e+02 +3.221189827e+02 -2.1557e+00 -5.2992e-01 +2.4570e+00
3110 +1.163714899e+00 +1.163714899e+00 +3.219337149e+02 +3.219337149e+02 -2.0951e+00 -1.1957e-01 +1.4977e+00
3387 +9.454262991e-01 +9.454262991e-01 +3.217154263e+02 +3.217154263e+02 -2.1339e+00 -1.4629e-01 +2.5597e+00
3394 +7.554058032e-01 +7.554058032e-01 +3.215254058e+02 +3.215254058e+02 -2.0737e+00 +3.3571e-03 +2.6358e+00
3437 +5.349057060e-01 +5.349057060e-01 +3.213049057e+02 +3.213049057e+02 -2.1956e+00 -4.8914e-02 +2.6228e+00
3456 +4.126673068e-01 +4.126673068e-01 +3.211826673e+02 +3.211826673e+02 -2.0816e+00 -7.9736e-02 +2.6181e+00
4076 +4.058660524e-01 +4.058660524e-01 +3.211758661e+02 +3.211758661e+02 -2.1133e+00 -7.9797e-02 +2.6153e+00
4248 +3.947964795e-01 +3.947964795e-01 +3.211647965e+02 +3.211647965e+02 -2.1045e+00 -7.0687e-02 +2.6133e+00
% function evaluation | noise-free fitness - Fopt (1.893000000000e+01) | best noise-free fitness - Fopt | measured fitness | best measured fitness | x1 | x2...
1 +5.523931782e+03 +5.523931782e+03 +5.542861782e+03 +5.542861782e+03 +0.0000e+00 +0.0000e+00 +0.0000e+00
13 +5.312023629e+03 +5.312023629e+03 +5.330953629e+03 +5.330953629e+03 -5.7723e+00 -2.8286e+00 -2.5543e+00
17 +5.061634602e+03 +5.061634602e+03 +5.080564602e+03 +5.080564602e+03 -5.8834e+00 -2.8187e+00 -2.3977e+00
27 +4.742786553e+03 +4.742786553e+03 +4.761716553e+03 +4.761716553e+03 -5.5421e+00 -2.9097e+00 -2.5366e+00
34 +4.346519470e+03 +4.346519470e+03 +4.365449470e+03 +4.365449470e+03 -5.6879e+00 -2.7243e+00 -2.3374e+00
48 +4.142903445e+03 +4.142903445e+03 +4.161833445e+03 +4.161833445e+03 -5.7160e+00 -2.5926e+00 -2.0426e+00
49 +3.878199296e+03 +3.878199296e+03 +3.897129296e+03 +3.897129296e+03 -5.5216e+00 -2.7568e+00 -2.3009e+00
72 +3.728676728e+03 +3.728676728e+03 +3.747606728e+03 +3.747606728e+03 -5.5505e+00 -2.6170e+00 -1.9836e+00
74 +2.992890557e+03 +2.992890557e+03 +3.011820557e+03 +3.011820557e+03 -5.2325e+00 -2.9444e+00 -1.5761e+00
78 +2.721565048e+03 +2.721565048e+03 +2.740495048e+03 +2.740495048e+03 -5.1061e+00 -3.0965e+00 -1.8679e+00
91 +1.429677873e+03 +1.429677873e+03 +1.448607873e+03 +1.448607873e+03 -4.3896e+00 -2.2512e+00 -1.6228e+00
96 +9.710418313e+02 +9.710418313e+02 +9.899718313e+02 +9.899718313e+02 -4.0551e+00 -3.4889e+00 -1.2964e+00
120 +4.578851583e+01 +4.578851583e+01 +6.471851583e+01 +6.471851583e+01 -2.8338e+00 -2.2707e+00 -2.0218e+00
158 +4.854042473e+00 +4.854042473e+00 +2.378404247e+01 +2.378404247e+01 -7.1791e-03 -1.8875e+00 -1.1895e+00
176 +2.959751590e+00 +2.959751590e+00 +2.188975159e+01 +2.188975159e+01 -1.7280e+00 -2.4706e+00 -9.4100e-01
213 +1.697719288e+00 +1.697719288e+00 +2.062771929e+01 +2.062771929e+01 +2.1898e+00 -2.0086e+00 -2.0303e+00
349 +1.618821893e+00 +1.618821893e+00 +2.054882189e+01 +2.054882189e+01 -1.3623e+00 -2.4136e+00 -2.0231e+00
436 +1.554089301e+00 +1.554089301e+00 +2.048408930e+01 +2.048408930e+01 -1.3660e+00 -2.3204e+00 -2.0431e+00
878 +1.429816839e+00 +1.429816839e+00 +2.035981684e+01 +2.035981684e+01 +1.1467e+00 -2.3684e+00 -9.0490e-01
2542 +1.360898184e+00 +1.360898184e+00 +2.029089818e+01 +2.029089818e+01 +2.2127e+00 -2.0186e+00 -1.2634e+00
5115 +1.135796744e+00 +1.135796744e+00 +2.006579674e+01 +2.006579674e+01 +1.1456e+00 -2.3488e+00 -2.0135e+00
8099 +1.064154812e+00 +1.064154812e+00 +1.999415481e+01 +1.999415481e+01 +1.1262e+00 -2.3982e+00 -2.0191e+00
8114 +8.275013325e-01 +8.275013325e-01 +1.975750133e+01 +1.975750133e+01 +1.0596e+00 -2.3820e+00 -2.0549e+00
8350 +7.341920081e-01 +7.341920081e-01 +1.966419201e+01 +1.966419201e+01 +1.0400e+00 -2.3775e+00 -2.0388e+00
8990 +7.239803979e-01 +7.239803979e-01 +1.965398040e+01 +1.965398040e+01 +1.0193e+00 -2.3778e+00 -2.0361e+00
10730 +6.457679714e-01 +6.457679714e-01 +1.957576797e+01 +1.957576797e+01 +2.0498e+00 -2.0916e+00 -9.3298e-01
10787 +5.396390135e-01 +5.396390135e-01 +1.946963901e+01 +1.946963901e+01 +2.0616e+00 -2.0703e+00 -9.6346e-01
10947 +3.270226693e-01 +3.270226693e-01 +1.925702267e+01 +1.925702267e+01 +2.0430e+00 -2.0942e+00 -2.0700e+00
10986 +1.099146317e-01 +1.099146317e-01 +1.903991463e+01 +1.903991463e+01 +2.0533e+00 -2.0908e+00 -2.0955e+00
11077 +7.881343765e-02 +7.881343765e-02 +1.900881344e+01 +1.900881344e+01 +2.0613e+00 -2.1307e+00 -2.0839e+00
11108 +6.071616366e-02 +6.071616366e-02 +1.899071616e+01 +1.899071616e+01 +2.1311e+00 -2.0831e+00 -2.0954e+00
11118 +3.137912498e-02 +3.137912498e-02 +1.896137912e+01 +1.896137912e+01 +2.0691e+00 -2.1271e+00 -2.0975e+00
11214 +1.931449196e-02 +1.931449196e-02 +1.894931449e+01 +1.894931449e+01 +2.1347e+00 -2.1009e+00 -2.1012e+00
11226 +1.447894831e-02 +1.447894831e-02 +1.894447895e+01 +1.894447895e+01 +2.1099e+00 -2.1164e+00 -2.1076e+00
11305 +1.438784480e-02 +1.438784480e-02 +1.894438784e+01 +1.894438784e+01 +2.0759e+00 -2.1137e+00 -2.1037e+00
11316 +1.028816491e-02 +1.028816491e-02 +1.894028816e+01 +1.894028816e+01 +2.0860e+00 -2.1065e+00 -2.0996e+00
11338 +2.683372614e-03 +2.683372614e-03 +1.893268337e+01 +1.893268337e+01 +2.1094e+00 -2.1038e+00 -2.1088e+00
11379 +1.808461261e-03 +1.808461261e-03 +1.893180846e+01 +1.893180846e+01 +2.0992e+00 -2.1110e+00 -2.1027e+00
11436 +6.669033096e-04 +6.669033096e-04 +1.893066690e+01 +1.893066690e+01 +2.1053e+00 -2.1062e+00 -2.1063e+00
11540 +5.470781576e-04 +5.470781576e-04 +1.893054708e+01 +1.893054708e+01 +2.1046e+00 -2.1019e+00 -2.1062e+00
11580 +3.001894321e-04 +3.001894321e-04 +1.893030019e+01 +1.893030019e+01 +2.1064e+00 -2.1067e+00 -2.1045e+00
11584 +1.371138308e-04 +1.371138308e-04 +1.893013711e+01 +1.893013711e+01 +2.1034e+00 -2.1039e+00 -2.1054e+00
11646 +1.007164663e-04 +1.007164663e-04 +1.893010072e+01 +1.893010072e+01 +2.1072e+00 -2.1045e+00 -2.1049e+00
11668 +9.639933816e-05 +9.639933816e-05 +1.893009640e+01 +1.893009640e+01 +2.1069e+00 -2.1051e+00 -2.1048e+00
11690 +7.588717733e-05 +7.588717733e-05 +1.893007589e+01 +1.893007589e+01 +2.1052e+00 -2.1056e+00 -2.1042e+00
11712 +3.357163031e-05 +3.357163031e-05 +1.893003357e+01 +1.893003357e+01 +2.1048e+00 -2.1052e+00 -2.1052e+00
11744 +1.450740183e-05 +1.450740183e-05 +1.893001451e+01 +1.893001451e+01 +2.1041e+00 -2.1053e+00 -2.1047e+00
11756 +2.993683538e-06 +2.993683538e-06 +1.893000299e+01 +1.893000299e+01 +2.1047e+00 -2.1050e+00 -2.1049e+00
11778 +2.370596089e-06 +2.370596089e-06 +1.893000237e+01 +1.893000237e+01 +2.1045e+00 -2.1048e+00 -2.1048e+00
11797 +2.056286341e-06 +2.056286341e-06 +1.893000206e+01 +1.893000206e+01 +2.1045e+00 -2.1050e+00 -2.1048e+00
11910 +1.540750695e-06 +1.540750695e-06 +1.893000154e+01 +1.893000154e+01 +2.1048e+00 -2.1048e+00 -2.1049e+00
11916 +1.895603710e-07 +1.895603710e-07 +1.893000019e+01 +1.893000019e+01 +2.1047e+00 -2.1049e+00 -2.1048e+00
12020 +9.681597746e-08 +9.681597746e-08 +1.893000010e+01 +1.893000010e+01 +2.1049e+00 -2.1048e+00 -2.1049e+00
12130 +7.194947926e-08 +7.194947926e-08 +1.893000007e+01 +1.893000007e+01 +2.1048e+00 -2.1049e+00 -2.1049e+00
12152 +3.135877336e-08 +3.135877336e-08 +1.893000003e+01 +1.893000003e+01 +2.1048e+00 -2.1049e+00 -2.1048e+00
12170 +1.267933314e-08 +1.267933314e-08 +1.893000001e+01 +1.893000001e+01 +2.1048e+00 -2.1049e+00 -2.1048e+00
12174 +1.079624923e-08 +1.079624923e-08 +1.893000001e+01 +1.893000001e+01 +2.1049e+00 -2.1048e+00 -2.1049e+00
12218 +4.866716807e-09 +4.866716807e-09 +1.893000000e+01 +1.893000000e+01 +2.1048e+00 -2.1049e+00 -2.1048e+00
