% function evaluation | noise-free fitness - Fopt (4.078000000000e+01) | best noise-free fitness - Fopt | measured fitness | best measured fitness | x1 | x2...
1 +2.342962888e+01 +2.342962888e+01 +6.420962888e+01 +6.420962888e+01 +0.0000e+00 +0.0000e+00 +0.0000e+00
2 +1.793422749e+01 +1.793422749e+01 +5.871422749e+01 +5.871422749e+01 +6.2134e-01 +2.7991e+00 +7.4929e-01
3 +1.361785828e+01 +1.361785828e+01 +5.439785828e+01 +5.439785828e+01 +5.4721e-01 +2.9165e+00 +9.1451e-01
13 +1.235077913e+01 +1.235077913e+01 +5.313077913e+01 +5.313077913e+01 +5.8800e-01 +2.8822e+00 +9.8179e-01
28 +9.651307494e+00 +9.651307494e+00 +5.043130749e+01 +5.043130749e+01 +5.4978e-01 +2.9535e+00 +1.1784e+00
34 +8.117890726e+00 +8.117890726e+00 +4.889789073e+01 +4.889789073e+01 +4.5136e-01 +2.6616e+00 +1.2993e+00
46 +6.244591113e+00 +6.244591113e+00 +4.702459111e+01 +4.702459111e+01 +2.8783e-01 +2.6166e+00 +1.5125e+00
88 +5.523967506e+00 +5.523967506e+00 +4.630396751e+01 +4.630396751e+01 +6.3748e-01 +2.5559e+00 +1.9482e+00
132 +5.205072851e+00 +5.205072851e+00 +4.598507285e+01 +4.598507285e+01 +5.6880e-01 +2.6010e+00 +1.8838e+00
143 +3.867290023e+00 +3.867290023e+00 +4.464729002e+01 +4.464729002e+01 +2.1898e-01 +2.6743e+00 +1.7910e+00
148 +2.756549116e+00 +2.756549116e+00 +4.353654912e+01 +4.353654912e+01 +1.7495e-01 +2.5077e+00 +1.9411e+00
178 +2.266187095e+00 +2.266187095e+00 +4.304618709e+01 +4.304618709e+01 +4.7349e-02 +2.3889e+00 +2.0888e+00
195 +2.171970489e+00 +2.171970489e+00 +4.295197049e+01 +4.295197049e+01 -2.9137e-02 +2.4591e+00 +2.2459e+00
201 +2.028496608e+00 +2.028496608e+00 +4.280849661e+01 +4.280849661e+01 -6.1072e-01 +2.2943e+00 +2.1917e+00
% function evaluation | noise-free fitness - Fopt (-1.600000000000e+00) | best noise-free fitness - Fopt | measured fitness | best measured fitness | x1 | x2...
1 +1.240367020e+01 +1.240367020e+01 +1.080367020e+01 +1.080367020e+01 +0.0000e+00 +0.0000e+00 +0.0000e+00
2 +1.025143018e+01 +1.025143018e+01 +8.651430181e+00 +8.651430181e+00 +4.0503e-01 -1.3963e+00 +1.3742e+00
3 +1.016024357e+01 +1.016024357e+01 +8.560243568e+00 +8.560243568e+00 +3.0195e-01 -1.4741e+00 +9.8293e-01
4 +8.667291386e+00 +8.667291386e+00 +7.067291386e+00 +7.067291386e+00 +2.5706e-01 -1.3922e+00 +1.3488e+00
29 +8.326763016e+00 +8.326763016e+00 +6.726763016e+00 +6.726763016e+00 +6.4982e-02 -1.2840e+00 +1.3295e+00
34 +8.229105538e+00 +8.229105538e+00 +6.629105538e+00 +6.629105538e+00 +9.2221e-02 -1.3494e+00 +1.1102e+00
38 +7.988214264e+00 +7.988214264e+00 +6.388214264e+00 +6.388214264e+00 +2.1663e-01 -1.6033e+00 +1.4346e+00
46 +6.589273206e+00 +6.589273206e+00 +4.989273206e+00 +4.989273206e+00 -1.1113e-01 -1.6039e+00 +1.0336e+00
82 +5.037238760e-01 +5.037238760e-01 -1.096276124e+00 -1.096276124e+00 +1.2773e+00 -1.7551e+00 +1.0996e+00
124 +5.972911912e-02 +5.972911912e-02 -1.540270881e+00 -1.540270881e+00 +1.0983e+00 -2.1967e+00 +1.0196e+00
134 +3.179437015e-02 +3.179437015e-02 -1.568205630e+00 -1.568205630e+00 +9.7859e-01 -2.2381e+00 +3.6108e-01
154 +3.316602076e-04 +3.316602076e-04 -1.599668340e+00 -1.599668340e+00 +1.0127e+00 -2.1939e+00 +6.8078e-01
374 +5.077841619e-06 +5.077841619e-06 -1.599994922e+00 -1.599994922e+00 +1.1430e+00 -2.0085e+00 +5.5098e-01
660 +1.679739425e-06 +1.679739425e-06 -1.599998320e+00 -1.599998320e+00 +1.1263e+00 -1.9958e+00 +5.7315e-01
748 +2.491733664e-07 +2.491733664e-07 -1.599999751e+00 -1.599999751e+00 +1.1288e+00 -2.0212e+00 +5.6476e-01
808 +4.268603671e-08 +4.268603671e-08 -1.599999957e+00 -1.599999957e+00 +1.1255e+00 -2.0077e+00 +5.6609e-01
814 +1.874666200e-09 +1.874666200e-09 -1.599999998e+00 -1.599999998e+00 +1.1252e+00 -2.0162e+00 +5.6796e-01
% function evaluation | noise-free fitness - Fopt (-3.708400000000e+02) | best noise-free fitness - Fopt | measured fitness | best measured fitness | x1 | x2...
1 +3.578233172e+01 +3.578233172e+01 -3.350576683e+02 -3.350576683e+02 +0.0000e+00 +0.0000e+00 +0.0000e+00
53 +3.420030539e+01 +3.420030539e+01 -3.366396946e+02 -3.366396946e+02 -4.8833e-01 +1.6457e-01 -1.4152e+00
70 +3.165752519e+01 +3.165752519e+01 -3.391824748e+02 -3.391824748e+02 -5.2492e-01 +4.0268e-01 -1.5028e+00
72 +2.774836641e+01 +2.774836641e+01 -3.430916336e+02 -3.430916336e+02 -6.6432e-01 +1.2502e-01 -1.6332e+00
78 +2.268243946e+01 +2.268243946e+01 -3.481575605e+02 -3.481575605e+02 -8.6521e-01 +3.4565e-01 -1.4116e+00
91 +2.068868098e+01 +2.068868098e+01 -3.501513190e+02 -3.501513190e+02 -9.2002e-01 +5.8882e-01 -1.6356e+00
94 +1.791728509e+01 +1.791728509e+01 -3.529227149e+02 -3.529227149e+02 -1.2295e+00 -2.0042e-01 -1.4921e+00
96 +1.385389700e+01 +1.385389700e+01 -3.569861030e+02 -3.569861030e+02 -1.2297e+00 +3.7923e-01 -1.5991e+00
97 +6.748993380e+00 +6.748993380e+00 -3.640910066e+02 -3.640910066e+02 -1.8965e+00 +5.7754e-01 -1.7438e+00
132 +5.789968727e+00 +5.789968727e+00 -3.650500313e+02 -3.650500313e+02 -2.0682e+00 +6.6012e-01 -1.8068e+00
165 +4.735422972e+00 +4.735422972e+00 -3.661045770e+02 -3.661045770e+02 -2.8060e+00 +2.3643e-01 -1.9733e+00
167 +4.578648084e+00 +4.578648084e+00 -3.662613519e+02 -3.662613519e+02 -2.4465e+00 +5.3409e-01 -2.8330e+00
174 +3.051662291e+00 +3.051662291e+00 -3.677883377e+02 -3.677883377e+02 -2.6493e+00 +2.3290e-01 -2.6043e+00
176 +2.613000969e+00 +2.613000969e+00 -3.682269990e+02 -3.682269990e+02 -2.5835e+00 +2.9993e-01 -2.4718e+00
462 +2.478685447e+00 +2.478685447e+00 -3.683613146e+02 -3.683613146e+02 -2.5285e+00 +4.2509e-01 -2.3681e+00
1759 +2.419838454e+00 +2.419838454e+00 -3.684201615e+02 -3.684201615e+02 +1.1911e+00 +3.0739e+00 +2.7242e+00
1772 +2.398447603e+00 +2.398447603e+00 -3.684415524e+02 -3.684415524e+02 +1.0458e+00 +3.0924e+00 +2.8268e+00
2146 +2.321077044e+00 +2.321077044e+00 -3.685189230e+02 -3.685189230e+02 +1.0805e+00 +3.1237e+00 +2.9222e+00
2180 +2.288111442e+00 +2.288111442e+00 -3.685518886e+02 -3.685518886e+02 +1.0016e+00 +3.1549e+00 +2.9567e+00
2186 +2.235064120e+00 +2.235064120e+00 -3.686049359e+02 -3.686049359e+02 +6.6498e-01 +3.2483e+00 +3.0926e+00
2290 +2.178296443e+00 +2.178296443e+00 -3.686617036e+02 -3.686617036e+02 +3.2125e-01 +3.4178e+00 +3.4282e+00
2378 +2.124967333e+00 +2.124967333e+00 -3.687150327e+02 -3.687150327e+02 +2.3161e-01 +3.4579e+00 +3.6421e+00
% function evaluation | noise-free fitness - Fopt (-3.256000000000e+01) | best noise-free fitness - Fopt | measured fitness | best measured fitness | x1 | x2...
1 +5.303999905e+01 +5.303999905e+01 +2.047999905e+01 +2.047999905e+01 +0.0000e+00 +0.0000e+00 +0.0000e+00
2 +4.771051016e+01 +4.771051016e+01 +1.515051016e+01 +1.515051016e+01 +4.7461e+00 +1.5034e+00 -2.3998e+00
7 +3.671626155e+01 +3.671626155e+01 +4.156261554e+00 +4.156261554e+00 +4.7532e+00 +1.4186e+00 -2.5021e+00
9 +3.462270070e+01 +3.462270070e+01 +2.062700704e+00 +2.062700704e+00 +4.7660e+00 +1.3463e+00 -2.4527e+00
14 +3.333895200e+01 +3.333895200e+01 +7.789520047e-01 +7.789520047e-01 +4.7934e+00 +1.2216e+00 -2.3380e+00
17 +2.858902083e+01 +2.858902083e+01 -3.970979168e+00 -3.970979168e+00 +4.6957e+00 +1.4422e+00 -2.5798e+00
24 +2.186949298e+01 +2.186949298e+01 -1.069050702e+01 -1.069050702e+01 +4.7018e+00 +1.0971e+00 -2.3295e+00
28 +1.723216749e+01 +1.723216749e+01 -1.532783251e+01 -1.532783251e+01 +4.5199e+00 +1.3155e+00 -2.4484e+00
80 +1.545852750e+01 +1.545852750e+01 -1.710147250e+01 -1.710147250e+01 +4.3768e+00 +1.5382e+00 -2.4146e+00
91 +1.424898603e+01 +1.424898603e+01 -1.831101397e+01 -1.831101397e+01 +4.2674e+00 +1.5798e+00 -2.3063e+00
135 +1.402186337e+01 +1.402186337e+01 -1.853813663e+01 -1.853813663e+01 +4.0857e+00 +1.8623e+00 -2.1770e+00
150 +1.137846031e+01 +1.137846031e+01 -2.118153969e+01 -2.118153969e+01 +4.5733e+00 +1.6278e+00 -1.8231e+00
158 +2.743440208e+00 +2.743440208e+00 -2.981655979e+01 -2.981655979e+01 +4.6853e+00 +2.2241e+00 -1.5757e+00
198 +2.337997012e+00 +2.337997012e+00 -3.022200299e+01 -3.022200299e+01 +4.8630e+00 +2.1521e+00 -1.3407e+00
209 +2.038494833e+00 +2.038494833e+00 -3.052150517e+01 -3.052150517e+01 +5.1241e+00 +2.6305e+00 -1.1971e+00
246 +1.861515340e+00 +1.861515340e+00 -3.069848466e+01 -3.069848466e+01 +4.5374e+00 +4.0021e+00 -1.4704e+00
283 +1.745678969e+00 +1.745678969e+00 -3.081432103e+01 -3.081432103e+01 +4.3111e+00 +3.2501e+00 -1.4071e+00
286 +1.632299070e+00 +1.632299070e+00 -3.092770093e+01 -3.092770093e+01 +4.0645e+00 +3.7557e+00 -1.4541e+00
312 +1.511714022e+00 +1.511714022e+00 -3.104828598e+01 -3.104828598e+01 +4.0565e+00 +3.9355e+00 -1.4823e+00
330 +1.093084619e+00 +1.093084619e+00 -3.146691538e+01 -3.146691538e+01 +4.3494e+00 +3.6093e+00 -1.4071e+00
332 +1.003746595e+00 +1.003746595e+00 -3.155625341e+01 -3.155625341e+01 +4.7244e+00 +3.2212e+00 -1.3613e+00
390 +9.487729158e-01 +9.487729158e-01 -3.161122708e+01 -3.161122708e+01 +4.5363e+00 +3.4894e+00 -1.4241e+00
726 +9.332393794e-01 +9.332393794e-01 -3.162676062e+01 -3.162676062e+01 +4.6318e+00 +3.3708e+00 -1.3941e+00
1963 +1.272159328e-01 +1.272159328e-01 -3.243278407e+01 -3.243278407e+01 +5.1066e-01 -2.6932e+00 -1.5384e+00
1973 +1.126039883e-01 +1.126039883e-01 -3.244739601e+01 -3.244739601e+01 +6.9191e-01 -2.8990e+00 -1.2078e+00
1992 +1.223893945e-03 +1.223893945e-03 -3.255877611e+01 -3.255877611e+01 +9.4423e-01 -3.2093e+00 -1.5549e+00
2290 +4.568600286e-04 +4.568600286e-04 -3.255954314e+01 -3.255954314e+01 +9.7540e-01 -3.2071e+00 -1.4747e+00
2312 +3.315771336e-04 +3.315771336e-04 -3.255966842e+01 -3.255966842e+01 +1.1296e+00 -3.2985e+00 -1.6366e+00
2474 +1.268861865e-04 +1.268861865e-04 -3.255987311e+01 -3.255987311e+01 +1.0627e+00 -3.2484e+00 -1.5101e+00
2475 +1.015013574e-04 +1.015013574e-04 -3.255989850e+01 -3.255989850e+01 +1.1394e+00 -3.4042e+00 -1.5783e+00
2488 +1.676315335e-06 +1.676315335e-06 -3.255999832e+01 -3.255999832e+01 +1.0770e+00 -3.3061e+00 -1.5522e+00
2598 +6.809254813e-07 +6.809254813e-07 -3.255999932e+01 -3.255999932e+01 +1.0314e+00 -3.2147e+00 -1.5786e+00
2622 +1.161472696e-07 +1.161472696e-07 -3.255999988e+01 -3.255999988e+01 +1.0502e+00 -3.2579e+00 -1.5782e+00
2794 +6.435762145e-09 +6.435762145e-09 -3.255999999e+01 -3.255999999e+01 +1.0471e+00 -3.2557e+00 -1.5639e+00
% function evaluation | noise-free fitness - Fopt (5.154000000000e+02) | best noise-free fitness - Fopt | measured fitness | best measured fitness | x1 | x2...
1 +2.054857278e+01 +2.054857278e+01 +5.359485728e+02 +5.359485728e+02 +0.0000e+00 +0.0000e+00 +0.0000e+00
70 +1.674819372e+01 +1.674819372e+01 +5.321481937e+02 +5.321481937e+02 -2.5139e+00 +4.1070e+00 +6.4623e-02
93 +6.251216614e+00 +6.251216614e+00 +5.216512166e+02 +5.216512166e+02 -1.8913e-01 +3.8991e+00 -1.3288e-01
116 +3.279596840e+00 +3.279596840e+00 +5.186795968e+02 +5.186795968e+02 +2.9707e-01 +3.3654e+00 -7.8353e-01
132 +2.153024548e+00 +2.153024548e+00 +5.175530245e+02 +5.175530245e+02 +4.0250e-01 +3.8464e+00 -3.8249e-01
484 +2.078206778e+00 +2.078206778e+00 +5.174782068e+02 +5.174782068e+02 +3.7027e-01 +3.6942e+00 -6.2690e-01
% function evaluation | noise-free fitness - Fopt (-1.000000000000e+03) | best noise-free fitness - Fopt | measured fitness | best measured fitness | x1 | x2...
1 +2.932008469e+01 +2.932008469e+01 -9.706799153e+02 -9.706799153e+02 +0.0000e+00 +0.0000e+00 +0.0000e+00
2 +7.676740586e+00 +7.676740586e+00 -9.923232594e+02 -9.923232594e+02 +3.7719e+00 -1.3001e+00 -1.0649e+00
3 +7.315453309e+00 +7.315453309e+00 -9.926845467e+02 -9.926845467e+02 +3.6273e+00 -1.2955e+00 -9.0602e-01
5 +6.444381947e+00 +6.444381947e+00 -9.935556181e+02 -9.935556181e+02 +3.6100e+00 -1.2918e+00 -1.0051e+00
461 +6.302543045e+00 +6.302543045e+00 -9.936974570e+02 -9.936974570e+02 +3.5158e+00 -1.3730e+00 -8.9252e-01
869 +6.161817328e+00 +6.161817328e+00 -9.938381827e+02 -9.938381827e+02 +3.4215e+00 -1.5228e+00 -7.8044e-01
1344 +6.010959422e+00 +6.010959422e+00 -9.939890406e+02 -9.939890406e+02 +3.2929e+00 -1.7145e+00 -6.3147e-01
2322 +5.888242713e+00 +5.888242713e+00 -9.941117573e+02 -9.941117573e+02 +3.1466e+00 -1.9189e+00 -4.3942e-01
% function evaluation | noise-free fitness - Fopt (9.190000000000e+01) | best noise-free fitness - Fopt | measured fitness | best measured fitness | x1 | x2...
1 +9.343703334e+00 +9.343703334e+00 +1.012437033e+02 +1.012437033e+02 +0.0000e+00 +0.0000e+00 +0.0000e+00
1493 +7.830379216e+00 +7.830379216e+00 +9.973037922e+01 +9.973037922e+01 -1.2351e+00 +4.9926e-01 +4.2461e+00
1500 +7.622299959e+00 +7.622299959e+00 +9.952229996e+01 +9.952229996e+01 -1.3249e+00 +1.6793e-01 +5.1889e+00
1501 +7.316493566e+00 +7.316493566e+00 +9.921649357e+01 +9.921649357e+01 -1.5743e+00 +7.3755e-02 +4.7302e+00
1503 +6.633731147e+00 +6.633731147e+00 +9.853373115e+01 +9.853373115e+01 -1.3314e+00 +2.7722e-01 +4.9574e+00
1512 +6.163723988e+00 +6.163723988e+00 +9.806372399e+01 +9.806372399e+01 -1.3267e+00 +4.3618e-01 +4.6341e+00
1564 +5.266579420e+00 +5.266579420e+00 +9.716657942e+01 +9.716657942e+01 -1.9219e+00 +5.0580e-01 +4.7843e+00
1575 +4.307549142e+00 +4.307549142e+00 +9.620754914e+01 +9.620754914e+01 -1.7783e+00 +7.2794e-01 +4.8097e+00
1747 +4.195030209e+00 +4.195030209e+00 +9.609503021e+01 +9.609503021e+01 -1.7183e+00 +6.7537e-01 +4.8743e+00
1806 +4.164560565e+00 +4.164560565e+00 +9.606456056e+01 +9.606456056e+01 -1.6544e+00 +6.9853e-01 +4.8547e+00
% function evaluation | noise-free fitness - Fopt (-7.597000000000e+01) | best noise-free fitness - Fopt | measured fitness | best measured fitness | x1 | x2...
1 +1.601181186e+01 +1.601181186e+01 -5.995818814e+01 -5.995818814e+01 +0.0000e+00 +0.0000e+00 +0.0000e+00
75 +1.162391256e+01 +1.162391256e+01 -6.434608744e+01 -6.434608744e+01 -1.8955e+00 +4.9459e+00 -1.4337e+00
77 +5.468926654e+00 +5.468926654e+00 -7.050107335e+01 -7.050107335e+01 -1.5366e+00 +4.6915e+00 -1.1491e+00
120 +5.189658581e+00 +5.189658581e+00 -7.078034142e+01 -7.078034142e+01 -2.2628e+00 +5.0316e+00 -1.0205e+00
323 +5.091149295e+00 +5.091149295e+00 -7.087885071e+01 -7.087885071e+01 -1.6351e+00 +4.7724e+00 -1.1964e+00
326 +4.892872552e+00 +4.892872552e+00 -7.107712745e+01 -7.107712745e+01 -1.8252e+00 +4.6061e+00 -1.0300e+00
1652 +4.767996481e+00 +4.767996481e+00 -7.120200352e+01 -7.120200352e+01 -1.7082e+00 +4.6406e+00 -1.1132e+00
% function evaluation | noise-free fitness - Fopt (-1.699000000000e+01) | best noise-free fitness - Fopt | measured fitness | best measured fitness | x1 | x2...
1 +3.863615797e+01 +3.863615797e+01 +2.164615797e+01 +2.164615797e+01 +0.0000e+00 +0.0000e+00 +0.0000e+00
2 +3.277655188e+01 +3.277655188e+01 +1.578655188e+01 +1.578655188e+01 -8.3548e-01 +7.2618e-01 +2.0766e+00
17 +3.027323667e+01 +3.027323667e+01 +1.328323667e+01 +1.328323667e+01 -7.3459e-01 +8.9100e-01 +2.1838e+00
28 +2.261108814e+01 +2.261108814e+01 +5.621088135e+00 +5.621088135e+00 -2.3930e-01 +6.3529e-01 +1.9157e+00
46 +1.865205700e+01 +1.865205700e+01 +1.662057003e+00 +1.662057003e+00 +5.8422e-02 +8.2168e-01 +1.9248e+00
56 +1.705630445e+01 +1.705630445e+01 +6.630444812e-02 +6.630444812e-02 -1.0450e-01 +9.3580e-01 +2.0506e+00
59 +1.455257412e+01 +1.455257412e+01 -2.437425885e+00 -2.437425885e+00 +1.7620e-01 +1.1501e+00 +1.8301e+00
88 +1.314092004e+01 +1.314092004e+01 -3.849079964e+00 -3.849079964e+00 -7.4256e-02 +1.0211e+00 +1.4562e+00
103 +1.240652781e+01 +1.240652781e+01 -4.583472187e+00 -4.583472187e+00 +1.6317e-01 +1.3618e+00 +9.6864e-01
157 +9.620272817e+00 +9.620272817e+00 -7.369727183e+00 -7.369727183e+00 -1.5242e+00 +1.7280e+00 -3.8480e-01
158 +7.086834397e+00 +7.086834397e+00 -9.903165603e+00 -9.903165603e+00 -2.0826e+00 +4.5947e-01 -1.4062e+00
184 +5.409315713e+00 +5.409315713e+00 -1.158068429e+01 -1.158068429e+01 -3.1951e+00 +3.4784e-01 -1.3818e+00
214 +3.118934176e+00 +3.118934176e+00 -1.387106582e+01 -1.387106582e+01 -4.3062e+00 +1.4434e+00 -3.3869e+00
242 +2.270422704e+00 +2.270422704e+00 -1.471957730e+01 -1.471957730e+01 +2.3402e+00 -2.2079e-01 -1.8912e+00
324 +2.181597784e+00 +2.181597784e+00 -1.480840222e+01 -1.480840222e+01 +2.4862e+00 +2.6421e-01 -1.5626e+00
396 +2.120447461e+00 +2.120447461e+00 -1.486955254e+01 -1.486955254e+01 +2.6793e+00 +1.3475e-01 -1.5255e+00
422 +2.060675546e+00 +2.060675546e+00 -1.492932445e+01 -1.492932445e+01 +2.7015e+00 +1.6316e-01 -1.6243e+00
1812 +1.972964361e+00 +1.972964361e+00 -1.501703564e+01 -1.501703564e+01 +2.9607e+00 -1.0214e+00 +4.6125e+00
1960 +1.946751291e+00 +1.946751291e+00 -1.504324871e+01 -1.504324871e+01 +2.9100e+00 -8.5582e-01 +4.4725e+00
% function evaluation | noise-free fitness - Fopt (2.740000000000e+00) | best noise-free fitness - Fopt | measured fitness | best measured fitness | x1 | x2...
1 +1.695646853e+01 +1.695646853e+01 +1.969646853e+01 +1.969646853e+01 +0.0000e+00 +0.0000e+00 +0.0000e+00
129 +1.404208982e+01 +1.404208982e+01 +1.678208982e+01 +1.678208982e+01 -3.2754e+00 -1.3857e+00 +2.6577e+00
178 +1.075001210e+01 +1.075001210e+01 +1.349001210e+01 +1.349001210e+01 -3.1026e+00 -1.3126e+00 +2.8668e+00
181 +1.015559385e+01 +1.015559385e+01 +1.289559385e+01 +1.289559385e+01 -3.8743e+00 +9.0678e-01 +2.9662e+00
186 +9.743877410e+00 +9.743877410e+00 +1.248387741e+01 +1.248387741e+01 -3.7418e+00 +1.0412e+00 +2.9654e+00
200 +6.795478137e+00 +6.795478137e+00 +9.535478137e+00 +9.535478137e+00 -3.6428e+00 +1.8121e+00 +2.8873e+00
235 +5.607213184e+00 +5.607213184e+00 +8.347213184e+00 +8.347213184e+00 -2.9409e+00 +2.4987e+00 +2.9860e+00
248 +3.688243736e+00 +3.688243736e+00 +6.428243736e+00 +6.428243736e+00 -3.3467e+00 +2.3460e+00 +3.1204e+00
252 +3.280318087e+00 +3.280318087e+00 +6.020318087e+00 +6.020318087e+00 -3.3047e+00 +2.4142e+00 +2.8246e+00
262 +2.977372911e+00 +2.977372911e+00 +5.717372911e+00 +5.717372911e+00 -3.2601e+00 +2.6829e+00 +2.8518e+00
308 +2.358757867e+00 +2.358757867e+00 +5.098757867e+00 +5.098757867e+00 -3.1106e+00 +2.9638e+00 +3.0496e+00
321 +2.016912044e+00 +2.016912044e+00 +4.756912044e+00 +4.756912044e+00 -2.8878e+00 +3.1549e+00 +3.0782e+00
330 +1.941596451e+00 +1.941596451e+00 +4.681596451e+00 +4.681596451e+00 -2.7777e+00 +3.4512e+00 +2.8637e+00
520 +1.868390067e+00 +1.868390067e+00 +4.608390067e+00 +4.608390067e+00 -2.4789e+00 +3.9331e+00 +2.8929e+00
531 +1.823073585e+00 +1.823073585e+00 +4.563073585e+00 +4.563073585e+00 -2.5922e+00 +3.8407e+00 +2.8826e+00
634 +1.806280755e+00 +1.806280755e+00 +4.546280755e+00 +4.546280755e+00 -2.5362e+00 +3.9475e+00 +2.8865e+00
2299 +1.353072841e+00 +1.353072841e+00 +4.093072841e+00 +4.093072841e+00 +3.3848e+00 +4.0123e+00 +4.2433e+00
2400 +1.309265667e+00 +1.309265667e+00 +4.049265667e+00 +4.049265667e+00 +3.5138e+00 +3.9894e+00 +4.3699e+00
2618 +1.254691925e+00 +1.254691925e+00 +3.994691925e+00 +3.994691925e+00 +3.5228e+00 +3.9639e+00 +4.5533e+00
% function evaluation | noise-free fitness - Fopt (-3.564000000000e+01) | best noise-free fitness - Fopt | measured fitness | best measured fitness | x1 | x2...
1 +5.323604944e+01 +5.323604944e+01 +1.759604944e+01 +1.759604944e+01 +0.0000e+00 +0.0000e+00 +0.0000e+00
2 +5.124935809e+01 +5.124935809e+01 +1.560935809e+01 +1.560935809e+01 -5.3828e+00 +8.1434e-01 +1.7034e+00
4 +4.903808637e+01 +4.903808637e+01 +1.339808637e+01 +1.339808637e+01 -5.6537e+00 +6.7011e-01 +1.6268e+00
5 +2.945104907e+01 +2.945104907e+01 -6.188950934e+00 -6.188950934e+00 -5.6579e+00 +8.1723e-01 +1.7789e+00
9 +2.370523322e+01 +2.370523322e+01 -1.193476678e+01 -1.193476678e+01 -5.6642e+00 +7.1851e-01 +1.8688e+00
31 +2.076817718e+01 +2.076817718e+01 -1.487182282e+01 -1.487182282e+01 -5.6005e+00 +8.3584e-01 +1.9525e+00
38 +2.010215716e+01 +2.010215716e+01 -1.553784284e+01 -1.553784284e+01 -5.4118e+00 +1.0217e+00 +2.2529e+00
39 +1.742106504e+01 +1.742106504e+01 -1.821893496e+01 -1.821893496e+01 -5.4460e+00 +7.0817e-01 +2.0575e+00
50 +1.724726879e+01 +1.724726879e+01 -1.839273121e+01 -1.839273121e+01 -5.4252e+00 +7.3567e-01 +2.0439e+00
51 +1.665560154e+01 +1.665560154e+01 -1.898439846e+01 -1.898439846e+01 -5.3921e+00 +7.2379e-01 +2.1339e+00
75 +1.657692894e+01 +1.657692894e+01 -1.906307106e+01 -1.906307106e+01 -5.2923e+00 +9.8203e-01 +2.2630e+00
78 +1.319758634e+01 +1.319758634e+01 -2.244241366e+01 -2.244241366e+01 -5.1502e+00 +7.4728e-01 +2.2568e+00
103 +1.115248233e+01 +1.115248233e+01 -2.448751767e+01 -2.448751767e+01 -4.9444e+00 +1.3025e+00 +2.2922e+00
190 +9.624595714e+00 +9.624595714e+00 -2.601540429e+01 -2.601540429e+01 -4.5985e+00 +9.2201e-01 +2.4639e+00
242 +9.512749823e+00 +9.512749823e+00 -2.612725018e+01 -2.612725018e+01 -4.6983e+00 +6.0099e-01 +2.4038e+00
264 +9.327087627e+00 +9.327087627e+00 -2.631291237e+01 -2.631291237e+01 -4.3601e+00 +4.0271e-01 +2.5531e+00
474 +4.800123696e+00 +4.800123696e+00 -3.083987630e+01 -3.083987630e+01 -4.5424e+00 -1.1688e+00 +2.4796e+00
532 +2.650560458e+00 +2.650560458e+00 -3.298943954e+01 -3.298943954e+01 -4.6630e+00 -1.4159e+00 +2.5136e+00
682 +2.630113285e+00 +2.630113285e+00 -3.300988672e+01 -3.300988672e+01 -4.3812e+00 -1.3324e+00 +2.4800e+00
751 +2.342486219e+00 +2.342486219e+00 -3.329751378e+01 -3.329751378e+01 -4.2982e+00 -1.3404e+00 +2.9102e+00
973 +2.256560101e+00 +2.256560101e+00 -3.338343990e+01 -3.338343990e+01 -4.1097e+00 -1.3055e+00 +2.8457e+00
2420 +2.189693991e+00 +2.189693991e+00 -3.345030601e+01 -3.345030601e+01 +1.1819e-02 -1.0398e+00 +1.1081e+00
2624 +2.187406057e+00 +2.187406057e+00 -3.345259394e+01 -3.345259394e+01 +9.4062e-04 -1.0683e+00 +1.1515e+00
2670 +2.108540099e+00 +2.108540099e+00 -3.353145990e+01 -3.353145990e+01 -1.1063e-01 -1.0726e+00 +1.3676e+00
2790 +2.086947544e+00 +2.086947544e+00 -3.355305246e+01 -3.355305246e+01 -3.5652e-01 -1.1153e+00 +1.3521e+00
2858 +2.020182293e+00 +2.020182293e+00 -3.361981771e+01 -3.361981771e+01 -5.0138e-01 -1.1538e+00 +2.0551e+00
% function evaluation | noise-free fitness - Fopt (-4.590900000000e+02) | best noise-free fitness - Fopt | measured fitness | best measured fitness | x1 | x2...
1 +4.725826888e+01 +4.725826888e+01 -4.118317311e+02 -4.118317311e+02 +0.0000e+00 +0.0000e+00 +0.0000e+00
3 +4.078293688e+01 +4.078293688e+01 -4.183070631e+02 -4.183070631e+02 -1.2336e+00 +6.0335e-01 +2.5975e+00
6 +3.990825844e+01 +3.990825844e+01 -4.191817416e+02 -4.191817416e+02 -1.1879e+00 +5.3062e-01 +2.5445e+00
7 +3.931348650e+01 +3.931348650e+01 -4.197765135e+02 -4.197765135e+02 -1.2140e+00 +5.1328e-01 +2.6218e+00
29 +3.778694333e+01 +3.778694333e+01 -4.213030567e+02 -4.213030567e+02 -1.1546e+00 +4.2983e-01 +2.4657e+00
31 +3.569297245e+01 +3.569297245e+01 -4.233970276e+02 -4.233970276e+02 -1.2121e+00 +3.7922e-01 +2.5784e+00
34 +3.422843399e+01 +3.422843399e+01 -4.248615660e+02 -4.248615660e+02 -1.4936e+00 +6.5286e-01 +2.4358e+00
48 +2.531227940e+01 +2.531227940e+01 -4.337777206e+02 -4.337777206e+02 -1.6343e+00 +4.0178e-01 +2.4675e+00
65 +2.320536769e+01 +2.320536769e+01 -4.358846323e+02 -4.358846323e+02 -1.4777e+00 +1.0054e-01 +2.0817e+00
69 +1.495218844e+01 +1.495218844e+01 -4.441378116e+02 -4.441378116e+02 -1.6213e+00 -2.9896e-01 +2.1833e+00
70 +1.093075043e+01 +1.093075043e+01 -4.481592496e+02 -4.481592496e+02 -2.1574e+00 -2.5516e-01 +2.7742e+00
90 +1.019976627e+01 +1.019976627e+01 -4.488902337e+02 -4.488902337e+02 -1.6347e+00 -1.0132e+00 +2.1118e+00
91 +8.972487501e+00 +8.972487501e+00 -4.501175125e+02 -4.501175125e+02 -1.7515e+00 -9.6025e-01 +1.8967e+00
92 +8.528170741e+00 +8.528170741e+00 -4.505618293e+02 -4.505618293e+02 -2.2992e+00 -4.1593e-01 +2.6620e+00
132 +7.512665718e+00 +7.512665718e+00 -4.515773343e+02 -4.515773343e+02 -2.0737e+00 -1.2029e+00 +2.1038e+00
163 +7.018687241e+00 +7.018687241e+00 -4.520713128e+02 -4.520713128e+02 -2.3243e+00 -8.2483e-01 +2.3218e+00
171 +2.233239023e+00 +2.233239023e+00 -4.568567610e+02 -4.568567610e+02 -1.3626e+00 -2.3379e+00 +2.7104e+00
237 +2.124115858e+00 +2.124115858e+00 -4.569658841e+02 -4.569658841e+02 -3.0566e+00 -4.1837e+00 +3.0941e+00
293 +1.929587767e+00 +1.929587767e+00 -4.571604122e+02 -4.571604122e+02 -1.7543e+00 -2.7791e+00 +2.9162e+00
616 +1.893922644e+00 +1.893922644e+00 -4.571960774e+02 -4.571960774e+02 +3.5788e-01 -2.4211e+00 +3.4652e+00
658 +1.636469676e+00 +1.636469676e+00 -4.574535303e+02 -4.574535303e+02 +1.5820e-01 -2.3965e+00 +3.4058e+00
726 +1.598141693e+00 +1.598141693e+00 -4.574918583e+02 -4.574918583e+02 +1.4151e-01 -2.3249e+00 +3.5215e+00
769 +1.575614519e+00 +1.575614519e+00 -4.575143855e+02 -4.575143855e+02 +1.5319e-01 -2.3176e+00 +3.4720e+00
2468 +9.643860883e-01 +9.643860883e-01 -4.581256139e+02 -4.581256139e+02 -1.6931e+00 +5.1530e-01 +1.1812e-01
2484 +6.865741766e-01 +6.865741766e-01 -4.584034258e+02 -4.584034258e+02 -1.7811e+00 +5.0264e-01 +1.9257e-01
2520 +5.215731216e-01 +5.215731216e-01 -4.585684269e+02 -4.585684269e+02 -1.7724e+00 +1.9617e-01 +5.8747e-02
2523 +5.039854355e-01 +5.039854355e-01 -4.585860146e+02 -4.585860146e+02 -1.8384e+00 +2.9838e-01 +1.3353e-01
2567 +5.005971827e-01 +5.005971827e-01 -4.585894028e+02 -4.585894028e+02 -1.8589e+00 +3.8336e-02 +2.2090e-01
2573 +3.332239174e-01 +3.332239174e-01 -4.587567761e+02 -4.587567761e+02 -1.9580e+00 -3.9860e-02 +1.2135e-01
2580 +1.417945625e-01 +1.417945625e-01 -4.589482054e+02 -4.589482054e+02 -2.2397e+00 -5.0807e-02 +1.4019e-01
2600 +1.156405755e-01 +1.156405755e-01 -4.589743594e+02 -4.589743594e+02 -2.1793e+00 -1.4614e-01 +1.9810e-01
2629 +6.571406018e-02 +6.571406018e-02 -4.590242859e+02 -4.590242859e+02 -2.2870e+00 -2.0635e-01 +2.0162e-01
2641 +5.022544715e-02 +5.022544715e-02 -4.590397746e+02 -4.590397746e+02 -2.4246e+00 -5.6647e-01 +1.3660e-01
2650 +1.174485353e-02 +1.174485353e-02 -4.590782551e+02 -4.590782551e+02 -2.9631e+00 -4.9788e-01 +4.2343e-01
2669 +6.602867700e-06 +6.602867700e-06 -4.590899934e+02 -4.590899934e+02 -3.0376e+00 -8.2207e-01 +3.4989e-01
2880 +1.791365435e-06 +1.791365435e-06 -4.590899982e+02 -4.590899982e+02 -2.9359e+00 -7.6025e-01 +3.0835e-01
2926 +1.229089378e-06 +1.229089378e-06 -4.590899988e+02 -4.590899988e+02 -3.0192e+00 -8.2088e-01 +3.3693e-01
2994 +9.336395124e-08 +9.336395124e-08 -4.590899999e+02 -4.590899999e+02 -2.9693e+00 -7.8819e-01 +3.2676e-01
3016 +2.351515604e-08 +2.351515604e-08 -4.590900000e+02 -4.590900000e+02 -2.9770e+00 -7.7436e-01 +3.2939e-01
3060 +1.382943537e-08 +1.382943537e-08 -4.590900000e+02 -4.590900000e+02 -2.9688e+00 -7.7244e-01 +3.2951e-01
3104 +1.344631073e-09 +1.344631073e-09 -4.590900000e+02 -4.590900000e+02 -2.9731e+00 -7.7931e-01 +3.2822e-01
% function evaluation | noise-free fitness - Fopt (6.085000000000e+01) | best noise-free fitness - Fopt | measured fitness | best measured fitness | x1 | x2...
1 +1.470620621e+01 +1.470620621e+01 +7.555620621e+01 +7.555620621e+01 +0.0000e+00 +0.0000e+00 +0.0000e+00
29 +1.337027623e+01 +1.337027623e+01 +7.422027623e+01 +7.422027623e+01 +1.0795e+00 +1.5449e+00 +2.9443e+00
30 +1.154574596e+01 +1.154574596e+01 +7.239574596e+01 +7.239574596e+01 +9.8228e-01 +1.4777e+00 +2.8600e+00
31 +1.030471065e+01 +1.030471065e+01 +7.115471065e+01 +7.115471065e+01 +9.4987e-01 +1.3304e+00 +2.7504e+00
52 +9.179018087e+00 +9.179018087e+00 +7.002901809e+01 +7.002901809e+01 +5.9209e-01 +1.3237e+00 +2.4568e+00
66 +8.090326524e+00 +8.090326524e+00 +6.894032652e+01 +6.894032652e+01 +7.9270e-01 +1.1273e+00 +2.7784e+00
70 +7.787944625e+00 +7.787944625e+00 +6.863794462e+01 +6.863794462e+01 +6.5497e-01 +1.1007e+00 +2.6203e+00
72 +7.282690573e+00 +7.282690573e+00 +6.813269057e+01 +6.813269057e+01 +6.5451e-01 +6.8422e-01 +2.4143e+00
88 +6.922376903e+00 +6.922376903e+00 +6.777237690e+01 +6.777237690e+01 +8.0152e-01 +7.0952e-01 +2.6226e+00
97 +4.184342131e+00 +4.184342131e+00 +6.503434213e+01 +6.503434213e+01 +8.6033e-01 -1.0343e+00 +2.9266e+00
1918 +4.160229445e+00 +4.160229445e+00 +6.501022945e+01 +6.501022945e+01 +1.1429e+00 +2.6602e-01 +3.2015e+00
2054 +4.069981152e+00 +4.069981152e+00 +6.491998115e+01 +6.491998115e+01 +1.1228e+00 +1.6492e-01 +3.1625e+00
2081 +3.965082457e+00 +3.965082457e+00 +6.481508246e+01 +6.481508246e+01 +1.1006e+00 -5.2747e-02 +3.1277e+00
2144 +3.872021176e+00 +3.872021176e+00 +6.472202118e+01 +6.472202118e+01 +1.0838e+00 -1.4096e-01 +3.0953e+00
2347 +3.799015880e+00 +3.799015880e+00 +6.464901588e+01 +6.464901588e+01 +1.0839e+00 -2.4299e-01 +3.0410e+00
2660 +3.710023216e+00 +3.710023216e+00 +6.456002322e+01 +6.456002322e+01 +1.1004e+00 -5.3430e-01 +2.8960e+00
% function evaluation | noise-free fitness - Fopt (-1.435000000000e+02) | best noise-free fitness - Fopt | measured fitness | best measured fitness | x1 | x2...
1 +3.054000602e+01 +3.054000602e+01 -1.129599940e+02 -1.129599940e+02 +0.0000e+00 +0.0000e+00 +0.0000e+00
2 +2.039422439e+01 +2.039422439e+01 -1.231057756e+02 -1.231057756e+02 +3.4805e+00 -2.2199e+00 -1.5445e+00
4 +1.443504067e+01 +1.443504067e+01 -1.290649593e+02 -1.290649593e+02 +3.2383e+00 -2.4925e+00 -1.5377e+00
9 +1.001265310e+01 +1.001265310e+01 -1.334873469e+02 -1.334873469e+02 +3.2735e+00 -2.6207e+00 -1.6768e+00
25 +9.798754007e+00 +9.798754007e+00 -1.337012460e+02 -1.337012460e+02 +3.2068e+00 -2.6418e+00 -1.6869e+00
33 +8.910051829e+00 +8.910051829e+00 -1.345899482e+02 -1.345899482e+02 +3.2791e+00 -2.7165e+00 -1.6662e+00
49 +8.411351114e+00 +8.411351114e+00 -1.350886489e+02 -1.350886489e+02 +3.0911e+00 -2.7102e+00 -1.8251e+00
56 +8.261858923e+00 +8.261858923e+00 -1.352381411e+02 -1.352381411e+02 +3.0991e+00 -2.7162e+00 -1.8422e+00
62 +7.393763683e+00 +7.393763683e+00 -1.361062363e+02 -1.361062363e+02 +3.2175e+00 -2.7920e+00 -1.9208e+00
64 +6.393572372e+00 +6.393572372e+00 -1.371064276e+02 -1.371064276e+02 +3.2889e+00 -2.9204e+00 -1.8401e+00
69 +5.662135963e+00 +5.662135963e+00 -1.378378640e+02 -1.378378640e+02 +3.0454e+00 -3.9797e+00 -1.7846e+00
84 +3.211190374e+00 +3.211190374e+00 -1.402888096e+02 -1.402888096e+02 +3.1363e+00 -3.1360e+00 -2.1038e+00
88 +2.482224941e+00 +2.482224941e+00 -1.410177751e+02 -1.410177751e+02 +3.1177e+00 -3.2764e+00 -2.0086e+00
99 +2.021475785e+00 +2.021475785e+00 -1.414785242e+02 -1.414785242e+02 +3.3256e+00 -3.8720e+00 -2.2947e+00
132 +1.973083653e+00 +1.973083653e+00 -1.415269163e+02 -1.415269163e+02 +3.3628e+00 -3.8665e+00 -2.2294e+00
154 +1.939112676e+00 +1.939112676e+00 -1.415608873e+02 -1.415608873e+02 +3.2003e+00 -3.9358e+00 -2.1698e+00
156 +1.469836820e+00 +1.469836820e+00 -1.420301632e+02 -1.420301632e+02 +3.7047e+00 -4.0031e+00 -1.9099e+00
202 +1.336390098e+00 +1.336390098e+00 -1.421636099e+02 -1.421636099e+02 +3.6752e+00 -3.9955e+00 -1.7612e+00
286 +1.311742294e+00 +1.311742294e+00 -1.421882577e+02 -1.421882577e+02 +3.9383e+00 -4.0887e+00 -1.6598e+00
330 +1.259224069e+00 +1.259224069e+00 -1.422407759e+02 -1.422407759e+02 +3.8119e+00 -4.0924e+00 -1.7037e+00
440 +1.254562073e+00 +1.254562073e+00 -1.422454379e+02 -1.422454379e+02 +3.8055e+00 -4.1146e+00 -1.7526e+00
% function evaluation | noise-free fitness - Fopt (9.465100000000e+02) | best noise-free fitness - Fopt | measured fitness | best measured fitness | x1 | x2...
1 +3.694690528e+01 +3.694690528e+01 +9.834569053e+02 +9.834569053e+02 +0.0000e+00 +0.0000e+00 +0.0000e+00
2 +2.271399167e+01 +2.271399167e+01 +9.692239917e+02 +9.692239917e+02 +2.3522e+00 +3.7289e+00 -1.1710e+00
8 +2.027464176e+01 +2.027464176e+01 +9.667846418e+02 +9.667846418e+02 +2.3304e+00 +3.7633e+00 -1.2157e+00
20 +1.544845116e+01 +1.544845116e+01 +9.619584512e+02 +9.619584512e+02 +2.3628e+00 +3.8781e+00 -1.1625e+00
28 +1.179896018e+01 +1.179896018e+01 +9.583089602e+02 +9.583089602e+02 +2.3394e+00 +3.9420e+00 -1.2667e+00
34 +1.062891649e+01 +1.062891649e+01 +9.571389165e+02 +9.571389165e+02 +2.4455e+00 +4.0178e+00 -1.3645e+00
38 +9.463568944e+00 +9.463568944e+00 +9.559735689e+02 +9.559735689e+02 +2.2273e+00 +3.9990e+00 -1.1561e+00
41 +7.581832767e+00 +7.581832767e+00 +9.540918328e+02 +9.540918328e+02 +2.2814e+00 +4.2188e+00 -1.1509e+00
53 +7.225951961e+00 +7.225951961e+00 +9.537359520e+02 +9.537359520e+02 +2.3717e+00 +4.2751e+00 -1.3498e+00
72 +6.693546203e+00 +6.693546203e+00 +9.532035462e+02 +9.532035462e+02 +2.6409e+00 +4.4923e+00 -9.0265e-01
278 +6.544795746e+00 +6.544795746e+00 +9.530547957e+02 +9.530547957e+02 +2.8107e+00 +4.6343e+00 -7.2021e-01
330 +6.406790298e+00 +6.406790298e+00 +9.529167903e+02 +9.529167903e+02 +2.8218e+00 +4.6086e+00 -8.7329e-01
446 +6.294830752e+00 +6.294830752e+00 +9.528048308e+02 +9.528048308e+02 +3.0013e+00 +4.6829e+00 -7.8088e-01
2141 +2.980696752e+00 +2.980696752e+00 +9.494906968e+02 +9.494906968e+02 +1.0033e+00 -2.9024e+00 +1.1683e+00
2158 +1.532906915e+00 +1.532906915e+00 +9.480429069e+02 +9.480429069e+02 +1.4506e+00 -3.3225e+00 +1.0862e+00
2460 +1.419072162e+00 +1.419072162e+00 +9.479290722e+02 +9.479290722e+02 -3.4890e-01 -1.8881e+00 -9.3433e-01
2466 +1.249707372e+00 +1.249707372e+00 +9.477597074e+02 +9.477597074e+02 -6.1534e-02 -2.1622e+00 -9.4388e-01
2493 +2.328592718e-01 +2.328592718e-01 +9.467428593e+02 +9.467428593e+02 +1.1395e+00 -6.3385e-01 -6.1145e-01
