% function evaluation | noise-free fitness - Fopt (4.078000000000e+01) | best noise-free fitness - Fopt | measured fitness | best measured fitness | x1 | x2...
1 +3.454477296e+01 +3.454477296e+01 +7.532477296e+01 +7.532477296e+01 +0.0000e+00 +0.0000e+00 +0.0000e+00 +0.0000e+00 +0.0000e+00
102 +3.342164143e+01 +3.342164143e+01 +7.420164143e+01 +7.420164143e+01 -6.0976e-01 -2.5617e+00 +2.5461e+00 -1.7177e+00 +1.8796e+00
104 +3.132511896e+01 +3.132511896e+01 +7.210511896e+01 +7.210511896e+01 -1.0628e+00 -2.1614e+00 +2.8405e+00 -2.0288e+00 +1.6097e+00
112 +2.967470460e+01 +2.967470460e+01 +7.045470460e+01 +7.045470460e+01 -1.5490e+00 -2.3683e+00 +2.7781e+00 -9.8338e-01 +2.1292e+00
113 +2.945869252e+01 +2.945869252e+01 +7.023869252e+01 +7.023869252e+01 -1.1960e+00 -2.5718e+00 +2.6029e+00 -2.5186e+00 +1.7608e+00
131 +2.387898641e+01 +2.387898641e+01 +6.465898641e+01 +6.465898641e+01 -9.8220e-01 -2.6976e+00 +2.7004e+00 -2.7732e+00 +2.1939e+00
142 +2.308705233e+01 +2.308705233e+01 +6.386705233e+01 +6.386705233e+01 -2.4780e+00 -2.7407e+00 +3.2388e+00 -2.0915e+00 +2.0987e+00
145 +2.227531608e+01 +2.227531608e+01 +6.305531608e+01 +6.305531608e+01 -1.7545e+00 -2.5012e+00 +3.0623e+00 -1.3857e+00 +2.3665e+00
147 +1.682120097e+01 +1.682120097e+01 +5.760120097e+01 +5.760120097e+01 -2.0624e+00 -1.9499e+00 +3.4789e+00 -8.7840e-01 +2.7355e+00
180 +8.570396402e+00 +8.570396402e+00 +4.935039640e+01 +4.935039640e+01 -7.3859e-01 -3.3430e+00 +2.8543e+00 -2.8934e+00 +3.6427e+00
286 +8.144551512e+00 +8.144551512e+00 +4.892455151e+01 +4.892455151e+01 +4.1960e-01 -3.8662e+00 +2.8680e+00 -2.8057e+00 +3.4077e+00
324 +7.598652162e+00 +7.598652162e+00 +4.837865216e+01 +4.837865216e+01 +7.1223e-02 -4.4176e+00 +3.4051e+00 -2.3969e+00 +3.3831e+00
327 +3.564088885e+00 +3.564088885e+00 +4.434408889e+01 +4.434408889e+01 +8.2376e-01 -3.1630e+00 +3.0974e+00 -3.2614e+00 +3.6522e+00
342 +3.018741722e+00 +3.018741722e+00 +4.379874172e+01 +4.379874172e+01 +1.6300e+00 -3.6296e+00 +3.1557e+00 -3.1204e+00 +3.9233e+00
556 +2.899747060e+00 +2.899747060e+00 +4.367974706e+01 +4.367974706e+01 +1.0171e+00 -4.0254e+00 +2.8942e+00 -2.6488e+00 +3.8540e+00
616 +2.832553142e+00 +2.832553142e+00 +4.361255314e+01 +4.361255314e+01 +6.8430e-01 -3.9135e+00 +3.0162e+00 -2.5763e+00 +3.6493e+00
635 +2.286941997e+00 +2.286941997e+00 +4.306694200e+01 +4.306694200e+01 +1.2124e+00 -4.2566e+00 +3.0676e+00 -2.4610e+00 +3.8227e+00
756 +2.186977831e+00 +2.186977831e+00 +4.296697783e+01 +4.296697783e+01 +2.0475e+00 -4.1017e+00 +3.2293e+00 -2.7698e+00 +3.9321e+00
935 +2.137675791e+00 +2.137675791e+00 +4.291767579e+01 +4.291767579e+01 +1.5014e+00 -4.0698e+00 +3.3351e+00 -2.8628e+00 +3.7313e+00
1073 +2.084976565e+00 +2.084976565e+00 +4.286497656e+01 +4.286497656e+01 +1.9044e+00 -4.1370e+00 +3.3388e+00 -2.7970e+00 +3.7869e+00
16557 +2.027423698e+00 +2.027423698e+00 +4.280742370e+01 +4.280742370e+01 -1.7453e+00 -1.8487e+00 +2.4453e+00 +1.5819e+00 +1.5196e+00
16791 +1.967401035e+00 +1.967401035e+00 +4.274740103e+01 +4.274740103e+01 -1.7878e+00 -1.7060e+00 +2.4590e+00 +1.3841e+00 +1.4191e+00
16866 +1.929962576e+00 +1.929962576e+00 +4.270996258e+01 +4.270996258e+01 -1.9679e+00 -1.6294e+00 +2.4783e+00 +1.2027e+00 +1.4174e+00
17090 +1.899553791e+00 +1.899553791e+00 +4.267955379e+01 +4.267955379e+01 -1.9729e+00 -1.5862e+00 +2.5722e+00 +1.0754e+00 +1.5214e+00
17205 +1.858423640e+00 +1.858423640e+00 +4.263842364e+01 +4.263842364e+01 -2.0035e+00 -1.3163e+00 +2.5601e+00 +1.0303e+00 +1.2027e+00
17297 +1.813606710e+00 +1.813606710e+00 +4.259360671e+01 +4.259360671e+01 -2.1332e+00 -1.3846e+00 +2.5517e+00 +1.0351e+00 +1.3776e+00
17414 +1.772945849e+00 +1.772945849e+00 +4.255294585e+01 +4.255294585e+01 -2.2099e+00 -1.2523e+00 +2.5444e+00 +9.9161e-01 +1.3267e+00
17438 +1.735640651e+00 +1.735640651e+00 +4.251564065e+01 +4.251564065e+01 -2.2630e+00 -1.1947e+00 +2.5571e+00 +9.2783e-01 +1.2963e+00
17486 +1.697200834e+00 +1.697200834e+00 +4.247720083e+01 +4.247720083e+01 -2.3864e+00 -1.0431e+00 +2.5641e+00 +8.0295e-01 +1.2388e+00
17636 +1.645287191e+00 +1.645287191e+00 +4.242528719e+01 +4.242528719e+01 -2.4841e+00 -9.2534e-01 +2.5555e+00 +7.6023e-01 +1.1320e+00
17852 +1.615092950e+00 +1.615092950e+00 +4.239509295e+01 +4.239509295e+01 -2.5548e+00 -8.8426e-01 +2.5964e+00 +7.0826e-01 +1.1764e+00
18331 +1.582477180e+00 +1.582477180e+00 +4.236247718e+01 +4.236247718e+01 -2.6474e+00 -7.3197e-01 +2.5686e+00 +7.1671e-01 +1.0534e+00
22494 +1.492546735e+00 +1.492546735e+00 +4.227254674e+01 +4.227254674e+01 -1.5657e+00 +1.0598e+00 +5.1121e-01 -1.5050e+00 +4.9631e-01
22516 +1.376071248e+00 +1.376071248e+00 +4.215607125e+01 +4.215607125e+01 -1.6922e+00 +1.0873e+00 +4.8731e-01 -1.5568e+00 +5.5741e-01
22560 +1.339300756e+00 +1.339300756e+00 +4.211930076e+01 +4.211930076e+01 -1.7003e+00 +1.1468e+00 +4.4435e-01 -1.4721e+00 +5.0949e-01
22736 +1.307203021e+00 +1.307203021e+00 +4.208720302e+01 +4.208720302e+01 -1.7595e+00 +1.2616e+00 +4.9390e-01 -1.4411e+00 +4.5580e-01
22846 +1.259682749e+00 +1.259682749e+00 +4.203968275e+01 +4.203968275e+01 -1.7512e+00 +1.2565e+00 +5.2036e-01 -1.5652e+00 +5.4069e-01
23000 +1.254301699e+00 +1.254301699e+00 +4.203430170e+01 +4.203430170e+01 -1.7086e+00 +1.2348e+00 +5.3849e-01 -1.4787e+00 +5.2813e-01
% function evaluation | noise-free fitness - Fopt (-1.600000000000e+00) | best noise-free fitness - Fopt | measured fitness | best measured fitness | x1 | x2...
1 +4.431357451e+01 +4.431357451e+01 +4.271357451e+01 +4.271357451e+01 +0.0000e+00 +0.0000e+00 +0.0000e+00 +0.0000e+00 +0.0000e+00
112 +4.074534588e+01 +4.074534588e+01 +3.914534588e+01 +3.914534588e+01 +4.6416e-01 -5.5173e-01 -2.3724e+00 -4.6222e+00 +5.2788e+00
120 +3.337616165e+01 +3.337616165e+01 +3.177616165e+01 +3.177616165e+01 -5.2579e-01 +6.1694e-01 -3.2891e+00 -3.8540e+00 +4.9976e+00
132 +3.182888898e+01 +3.182888898e+01 +3.022888898e+01 +3.022888898e+01 -1.7271e-01 +1.8920e-01 -2.9298e+00 -4.1353e+00 +5.0442e+00
142 +2.088993450e+01 +2.088993450e+01 +1.928993450e+01 +1.928993450e+01 -1.0777e+00 -2.7522e-02 -2.7114e+00 -4.5429e+00 +4.9754e+00
255 +1.959508851e+01 +1.959508851e+01 +1.799508851e+01 +1.799508851e+01 -2.7271e+00 -2.6063e+00 -1.7393e+00 -4.4134e+00 +5.3646e+00
308 +1.206152345e+01 +1.206152345e+01 +1.046152345e+01 +1.046152345e+01 -3.2053e+00 -3.6725e+00 -3.5793e+00 -2.9102e+00 +2.9160e+00
330 +1.201404043e+01 +1.201404043e+01 +1.041404043e+01 +1.041404043e+01 -2.8407e+00 -2.9798e+00 -3.1658e+00 -3.6641e+00 +3.7644e+00
352 +1.048455371e+01 +1.048455371e+01 +8.884553710e+00 +8.884553710e+00 -4.1937e+00 -4.3214e+00 -3.4204e+00 -3.7026e+00 +2.8156e+00
373 +8.104346375e+00 +8.104346375e+00 +6.504346375e+00 +6.504346375e+00 -3.5111e+00 -3.3714e+00 -4.3601e+00 -4.4384e+00 +2.4277e+00
396 +7.808742593e+00 +7.808742593e+00 +6.208742593e+00 +6.208742593e+00 -3.5002e+00 -4.2787e+00 -3.4961e+00 -3.1109e+00 +2.2253e+00
402 +7.006127618e+00 +7.006127618e+00 +5.406127618e+00 +5.406127618e+00 -3.3694e+00 -3.9235e+00 -3.5914e+00 -3.3635e+00 +1.0068e+00
418 +2.541292224e+00 +2.541292224e+00 +9.412922242e-01 +9.412922242e-01 -3.0419e+00 -3.4691e+00 -3.2221e+00 -4.3293e+00 +1.1349e+00
616 +2.407912497e+00 +2.407912497e+00 +8.079124974e-01 +8.079124974e-01 -3.1104e+00 -3.9954e+00 -3.1282e+00 -4.7565e+00 +1.3583e+00
638 +2.119973394e+00 +2.119973394e+00 +5.199733941e-01 +5.199733941e-01 -3.1893e+00 -3.6542e+00 -3.1477e+00 -4.5300e+00 +1.3530e+00
682 +2.076379114e+00 +2.076379114e+00 +4.763791136e-01 +4.763791136e-01 -2.9927e+00 -3.6847e+00 -3.1548e+00 -4.0974e+00 +1.7922e+00
726 +2.003403090e+00 +2.003403090e+00 +4.034030895e-01 +4.034030895e-01 -3.2163e+00 -3.8171e+00 -3.3607e+00 -4.2454e+00 +1.7349e+00
9197 +1.898244698e+00 +1.898244698e+00 +2.982446978e-01 +2.982446978e-01 +9.8286e-01 +1.3256e+00 +2.3295e+00 +3.6369e+00 -1.2168e+00
9490 +1.859885565e+00 +1.859885565e+00 +2.598855648e-01 +2.598855648e-01 +9.5665e-01 +1.3040e+00 +2.2416e+00 +3.5777e+00 -1.2505e+00
9644 +1.817403257e+00 +1.817403257e+00 +2.174032574e-01 +2.174032574e-01 +1.0743e+00 +1.2268e+00 +2.1722e+00 +3.6090e+00 -1.2212e+00
13760 +1.729910674e+00 +1.729910674e+00 +1.299106743e-01 +1.299106743e-01 +1.9330e+00 -1.3037e-01 +1.8177e+00 -3.7663e+00 -2.6912e+00
13806 +1.121773911e+00 +1.121773911e+00 -4.782260894e-01 -4.782260894e-01 +1.9755e+00 -8.7730e-02 +1.6016e+00 -3.8769e+00 -2.5893e+00
13850 +1.066948786e+00 +1.066948786e+00 -5.330512144e-01 -5.330512144e-01 +1.8808e+00 -1.8077e-01 +1.4587e+00 -4.1273e+00 -2.6304e+00
13934 +9.922816364e-01 +9.922816364e-01 -6.077183636e-01 -6.077183636e-01 +1.8572e+00 -1.2172e-01 +1.5001e+00 -4.0832e+00 -2.6649e+00
14070 +9.704134011e-01 +9.704134011e-01 -6.295865989e-01 -6.295865989e-01 +1.8775e+00 -2.6718e-02 +1.5714e+00 -4.0744e+00 -2.5230e+00
14136 +9.392590626e-01 +9.392590626e-01 -6.607409374e-01 -6.607409374e-01 +1.9242e+00 -5.3093e-02 +1.4812e+00 -4.0823e+00 -2.6276e+00
14312 +9.306697463e-01 +9.306697463e-01 -6.693302537e-01 -6.693302537e-01 +1.9354e+00 -2.0851e-02 +1.4899e+00 -4.0595e+00 -2.5733e+00
% function evaluation | noise-free fitness - Fopt (-3.708400000000e+02) | best noise-free fitness - Fopt | measured fitness | best measured fitness | x1 | x2...
1 +6.618478373e+01 +6.618478373e+01 -3.046552163e+02 -3.046552163e+02 +0.0000e+00 +0.0000e+00 +0.0000e+00 +0.0000e+00 +0.0000e+00
2 +6.133086105e+01 +6.133086105e+01 -3.095091389e+02 -3.095091389e+02 -4.1444e+00 +2.4068e+00 +3.1972e+00 +3.4239e+00 +2.2143e+00
10 +6.012283943e+01 +6.012283943e+01 -3.107171606e+02 -3.107171606e+02 -4.0207e+00 +2.4492e+00 +3.3976e+00 +3.3619e+00 +2.3254e+00
57 +5.877838946e+01 +5.877838946e+01 -3.120616105e+02 -3.120616105e+02 -4.0691e+00 +2.2992e+00 +3.2421e+00 +3.4095e+00 +2.2447e+00
80 +5.682982651e+01 +5.682982651e+01 -3.140101735e+02 -3.140101735e+02 -3.9317e+00 +2.8017e+00 +3.1189e+00 +3.1866e+00 +1.7263e+00
90 +5.517423740e+01 +5.517423740e+01 -3.156657626e+02 -3.156657626e+02 -4.2715e+00 +2.3822e+00 +3.1107e+00 +2.8623e+00 +1.7310e+00
96 +5.388446858e+01 +5.388446858e+01 -3.169555314e+02 -3.169555314e+02 -4.1624e+00 +2.5890e+00 +3.2366e+00 +3.0756e+00 +1.4031e+00
109 +5.303391658e+01 +5.303391658e+01 -3.178060834e+02 -3.178060834e+02 -3.9097e+00 +2.3252e+00 +3.1982e+00 +2.5885e+00 +1.4871e+00
121 +5.137152913e+01 +5.137152913e+01 -3.194684709e+02 -3.194684709e+02 -3.8942e+00 +2.7850e+00 +3.4202e+00 +2.8340e+00 +1.3668e+00
122 +5.018578951e+01 +5.018578951e+01 -3.206542105e+02 -3.206542105e+02 -3.8097e+00 +2.6288e+00 +3.2420e+00 +2.2000e+00 +8.7622e-01
132 +4.983841058e+01 +4.983841058e+01 -3.210015894e+02 -3.210015894e+02 -4.1280e+00 +2.5097e+00 +3.1204e+00 +2.6213e+00 +1.1302e+00
184 +4.841929723e+01 +4.841929723e+01 -3.224207028e+02 -3.224207028e+02 -4.0536e+00 +2.6796e+00 +2.9900e+00 +2.4168e+00 +7.2834e-01
264 +4.782022964e+01 +4.782022964e+01 -3.230197704e+02 -3.230197704e+02 -3.8784e+00 +3.0605e+00 +3.1294e+00 +2.4432e+00 +5.7487e-01
2334 +4.661416315e+01 +4.661416315e+01 -3.242258369e+02 -3.242258369e+02 +1.0815e+00 -1.8721e-01 -1.8279e+00 +2.1992e+00 -2.7852e+00
2347 +4.306691815e+01 +4.306691815e+01 -3.277730818e+02 -3.277730818e+02 +4.2945e-01 -1.3921e-01 -1.5006e+00 +2.3576e+00 -2.8775e+00
2369 +4.067763584e+01 +4.067763584e+01 -3.301623642e+02 -3.301623642e+02 +8.1491e-01 -1.9175e-01 -1.7530e+00 +2.5251e+00 -2.8309e+00
2411 +3.937618282e+01 +3.937618282e+01 -3.314638172e+02 -3.314638172e+02 +8.6115e-01 -1.8417e-01 -1.9648e+00 +2.5929e+00 -2.9100e+00
2447 +3.818890594e+01 +3.818890594e+01 -3.326510941e+02 -3.326510941e+02 +6.1767e-01 -3.1175e-01 -1.7846e+00 +2.7171e+00 -2.8744e+00
2452 +3.789050651e+01 +3.789050651e+01 -3.329494935e+02 -3.329494935e+02 +6.9532e-01 -3.3339e-01 -1.8383e+00 +2.6212e+00 -2.9448e+00
2478 +3.566256514e+01 +3.566256514e+01 -3.351774349e+02 -3.351774349e+02 +4.6601e-01 -1.3261e-01 -1.7673e+00 +2.7146e+00 -3.3202e+00
2500 +3.319610321e+01 +3.319610321e+01 -3.376438968e+02 -3.376438968e+02 +7.8046e-01 -1.1635e-01 -2.0525e+00 +3.1045e+00 -3.2216e+00
2642 +3.303570411e+01 +3.303570411e+01 -3.378042959e+02 -3.378042959e+02 +6.7385e-01 +3.3175e-01 -1.8588e+00 +3.2058e+00 -3.3975e+00
2856 +3.207446541e+01 +3.207446541e+01 -3.387655346e+02 -3.387655346e+02 +6.0188e-01 +1.0212e-01 -2.0499e+00 +3.4625e+00 -3.3719e+00
2994 +3.149906659e+01 +3.149906659e+01 -3.393409334e+02 -3.393409334e+02 +4.3909e-01 -1.4673e-01 -2.0749e+00 +3.4666e+00 -3.4332e+00
3368 +3.090105739e+01 +3.090105739e+01 -3.399389426e+02 -3.399389426e+02 +2.6049e-01 -5.2160e-01 -2.1550e+00 +3.4196e+00 -3.4569e+00
3845 +3.012271562e+01 +3.012271562e+01 -3.407172844e+02 -3.407172844e+02 -5.1840e-02 -1.1859e+00 -2.3138e+00 +3.3177e+00 -3.4670e+00
4362 +2.950655734e+01 +2.950655734e+01 -3.413334427e+02 -3.413334427e+02 -2.1648e-01 -1.8654e+00 -2.5363e+00 +3.3288e+00 -3.3848e+00
6585 +2.883768365e+01 +2.883768365e+01 -3.420023164e+02 -3.420023164e+02 -4.3958e-01 -3.2081e+00 -3.1120e+00 +3.3350e+00 -3.1880e+00
16573 +2.029674971e+01 +2.029674971e+01 -3.505432503e+02 -3.505432503e+02 +1.7951e+00 -3.0354e+00 +3.8620e+00 +1.7454e-01 +4.7936e+00
16590 +1.780975477e+01 +1.780975477e+01 -3.530302452e+02 -3.530302452e+02 +2.6667e+00 -1.4498e+00 +4.1171e+00 +3.8805e-01 +4.5527e+00
16611 +1.701801620e+01 +1.701801620e+01 -3.538219838e+02 -3.538219838e+02 +6.8203e-01 -2.3567e+00 +2.7033e+00 +9.6928e-02 +3.8485e+00
16653 +1.258448354e+01 +1.258448354e+01 -3.582555165e+02 -3.582555165e+02 +9.8060e-01 -3.2824e+00 +5.7286e+00 +1.8318e-01 +3.8257e+00
16658 +7.492863582e+00 +7.492863582e+00 -3.633471364e+02 -3.633471364e+02 +1.6108e+00 -2.7469e+00 +4.4492e+00 +4.0821e-01 +3.7621e+00
16843 +6.940317147e+00 +6.940317147e+00 -3.638996829e+02 -3.638996829e+02 +6.6929e-01 -1.6059e+00 +3.5233e+00 -4.7865e-01 +3.9985e+00
16852 +6.259942132e+00 +6.259942132e+00 -3.645800579e+02 -3.645800579e+02 +1.3080e+00 -2.3424e+00 +4.5643e+00 +1.2577e-01 +3.6731e+00
16916 +5.870895051e+00 +5.870895051e+00 -3.649691049e+02 -3.649691049e+02 +8.3428e-01 -2.7614e+00 +3.8229e+00 +4.9884e-02 +4.0121e+00
16922 +4.791933581e+00 +4.791933581e+00 -3.660480664e+02 -3.660480664e+02 +3.9449e-01 -2.3554e+00 +3.7131e+00 +1.0899e-01 +3.7423e+00
16953 +2.084553969e+00 +2.084553969e+00 -3.687554460e+02 -3.687554460e+02 +9.6088e-01 -1.9119e+00 +5.1538e+00 +5.2239e-01 +3.5152e+00
16971 +1.977922130e+00 +1.977922130e+00 -3.688620779e+02 -3.688620779e+02 +6.1330e-01 -1.2536e+00 +4.2677e+00 -1.6848e-01 +3.9049e+00
17032 +1.942684496e+00 +1.942684496e+00 -3.688973155e+02 -3.688973155e+02 +9.3132e-01 -1.1655e+00 +4.0072e+00 +1.1558e-01 +3.9661e+00
17050 +1.850663241e+00 +1.850663241e+00 -3.689893368e+02 -3.689893368e+02 +9.9415e-01 -8.6489e-01 +4.4156e+00 +2.6377e-02 +3.9169e+00
17076 +1.778852625e+00 +1.778852625e+00 -3.690611474e+02 -3.690611474e+02 +5.1353e-01 -7.0288e-01 +4.2048e+00 -6.6372e-02 +3.7129e+00
17098 +1.641954502e+00 +1.641954502e+00 -3.691980455e+02 -3.691980455e+02 +6.8550e-01 -6.9371e-01 +4.1649e+00 +1.0546e-02 +3.8668e+00
17252 +1.593946369e+00 +1.593946369e+00 -3.692460536e+02 -3.692460536e+02 +7.1470e-01 -8.0833e-01 +4.3140e+00 +3.3910e-02 +3.7614e+00
17362 +1.579303193e+00 +1.579303193e+00 -3.692606968e+02 -3.692606968e+02 +8.5334e-01 -8.9529e-01 +4.5327e+00 +1.3968e-01 +3.7504e+00
25156 +1.331819495e+00 +1.331819495e+00 -3.695081805e+02 -3.695081805e+02 +3.3571e+00 +3.8999e-01 -1.8513e+00 +1.7373e+00 +3.7991e-01
25175 +4.993933182e-01 +4.993933182e-01 -3.703406067e+02 -3.703406067e+02 +3.2267e+00 -1.8158e-01 -1.9624e+00 +1.3315e+00 +6.0980e-01
25206 +1.122280424e-01 +1.122280424e-01 -3.707277720e+02 -3.707277720e+02 +3.1949e+00 -2.7024e-01 -1.7447e+00 +2.1465e+00 +3.6568e-01
25253 +4.581096191e-02 +4.581096191e-02 -3.707941890e+02 -3.707941890e+02 +2.8721e+00 -1.2558e+00 -1.8046e+00 +1.7350e+00 +7.8188e-01
25266 +1.613314036e-02 +1.613314036e-02 -3.708238669e+02 -3.708238669e+02 +3.1503e+00 -1.1215e+00 -1.6126e+00 +1.6765e+00 +6.4289e-01
25336 +1.582931676e-02 +1.582931676e-02 -3.708241707e+02 -3.708241707e+02 +3.0217e+00 -8.3669e-01 -1.5989e+00 +1.6691e+00 +8.3992e-01
25354 +3.271050178e-03 +3.271050178e-03 -3.708367289e+02 -3.708367289e+02 +3.1810e+00 -5.8291e-01 -1.5249e+00 +1.7901e+00 +6.5659e-01
25614 +3.003641189e-03 +3.003641189e-03 -3.708369964e+02 -3.708369964e+02 +2.9365e+00 -7.8170e-01 -1.8346e+00 +1.8990e+00 +5.6341e-01
25618 +4.422741267e-04 +4.422741267e-04 -3.708395577e+02 -3.708395577e+02 +3.0648e+00 -9.9536e-01 -1.6443e+00 +1.8938e+00 +6.5310e-01
25662 +2.882941112e-05 +2.882941112e-05 -3.708399712e+02 -3.708399712e+02 +3.0799e+00 -8.1388e-01 -1.6053e+00 +1.9531e+00 +6.4377e-01
25886 +1.815132168e-05 +1.815132168e-05 -3.708399818e+02 -3.708399818e+02 +3.1057e+00 -8.0914e-01 -1.5526e+00 +1.9415e+00 +6.2644e-01
25904 +3.825412819e-06 +3.825412819e-06 -3.708399962e+02 -3.708399962e+02 +3.1322e+00 -7.8652e-01 -1.5764e+00 +1.9686e+00 +5.8604e-01
25948 +3.044607411e-07 +3.044607411e-07 -3.708399997e+02 -3.708399997e+02 +3.1139e+00 -8.2338e-01 -1.5837e+00 +1.9513e+00 +5.9369e-01
26102 +2.944826178e-07 +2.944826178e-07 -3.708399997e+02 -3.708399997e+02 +3.1114e+00 -8.2279e-01 -1.5777e+00 +1.9369e+00 +6.1262e-01
26155 +5.720107765e-08 +5.720107765e-08 -3.708399999e+02 -3.708399999e+02 +3.1048e+00 -8.1218e-01 -1.6015e+00 +1.9407e+00 +6.1032e-01
26244 +3.373497748e-08 +3.373497748e-08 -3.708400000e+02 -3.708400000e+02 +3.1163e+00 -8.0421e-01 -1.5897e+00 +1.9453e+00 +6.0094e-01
26269 +1.059487431e-08 +1.059487431e-08 -3.708400000e+02 -3.708400000e+02 +3.1192e+00 -8.1993e-01 -1.5844e+00 +1.9380e+00 +5.9909e-01
26300 +5.278423032e-09 +5.278423032e-09 -3.708400000e+02 -3.708400000e+02 +3.1211e+00 -8.0203e-01 -1.5810e+00 +1.9376e+00 +6.0158e-01
% function evaluation | noise-free fitness - Fopt (-3.256000000000e+01) | best noise-free fitness - Fopt | measured fitness | best measured fitness | x1 | x2...
1 +5.577473827e+01 +5.577473827e+01 +2.321473827e+01 +2.321473827e+01 +0.0000e+00 +0.0000e+00 +0.0000e+00 +0.0000e+00 +0.0000e+00
113 +5.270549372e+01 +5.270549372e+01 +2.014549372e+01 +2.014549372e+01 +5.7039e-01 +2.1787e+00 +8.0818e-01 -1.1160e+00 -1.1283e+00
123 +5.227057389e+01 +5.227057389e+01 +1.971057389e+01 +1.971057389e+01 +7.8139e-01 +2.6290e+00 +5.8987e-01 -1.5052e+00 -6.0891e-01
126 +4.785680627e+01 +4.785680627e+01 +1.529680627e+01 +1.529680627e+01 +5.5174e-01 +2.1981e+00 +8.9557e-01 -1.0074e+00 -3.2955e-01
128 +4.107890978e+01 +4.107890978e+01 +8.518909780e+00 +8.518909780e+00 +3.9931e-01 +2.0690e+00 +1.2103e+00 -1.5165e+00 -3.9874e-01
147 +3.882761618e+01 +3.882761618e+01 +6.267616178e+00 +6.267616178e+00 +6.1550e-01 +1.2609e+00 +8.1787e-01 -2.1794e+00 -5.9002e-01
154 +3.760105481e+01 +3.760105481e+01 +5.041054809e+00 +5.041054809e+00 +4.0950e-01 +1.7703e+00 +1.4098e+00 -1.7959e+00 -4.4963e-01
171 +2.891927964e+01 +2.891927964e+01 -3.640720362e+00 -3.640720362e+00 +4.4190e-01 +8.4074e-01 +3.8298e+00 -2.2940e+00 +9.9561e-02
193 +2.337401591e+01 +2.337401591e+01 -9.185984087e+00 -9.185984087e+00 +2.7521e+00 +1.5296e-01 -2.6852e+00 -4.0316e+00 +7.0014e-01
217 +2.190941007e+01 +2.190941007e+01 -1.065058993e+01 -1.065058993e+01 +4.9938e-01 -2.8001e-01 -1.0134e-01 -3.7672e+00 +6.2975e-03
222 +7.969302168e+00 +7.969302168e+00 -2.459069783e+01 -2.459069783e+01 -6.2602e-01 +1.5726e+00 +4.4278e+00 -2.7744e+00 +5.0458e-01
393 +7.737834877e+00 +7.737834877e+00 -2.482216512e+01 -2.482216512e+01 -6.3459e-01 +5.0850e-01 +3.9884e+00 -3.3935e+00 +1.2004e+00
658 +6.815658432e+00 +6.815658432e+00 -2.574434157e+01 -2.574434157e+01 -1.8287e+00 +1.3366e+00 +4.1629e+00 -3.3216e+00 +4.6016e-01
685 +4.923857071e+00 +4.923857071e+00 -2.763614293e+01 -2.763614293e+01 -1.3904e+00 +1.0471e+00 +4.0650e+00 -3.5039e+00 +2.5998e-01
770 +4.432392656e+00 +4.432392656e+00 -2.812760734e+01 -2.812760734e+01 -1.1417e+00 +1.2035e+00 +4.4567e+00 -3.7015e+00 +4.9225e-01
780 +3.105717943e+00 +3.105717943e+00 -2.945428206e+01 -2.945428206e+01 -1.1393e+00 +1.3457e+00 +4.1346e+00 -3.7538e+00 +6.0849e-01
792 +2.952987997e+00 +2.952987997e+00 -2.960701200e+01 -2.960701200e+01 -9.8541e-01 +1.2729e+00 +4.3149e+00 -3.6532e+00 +5.7657e-01
814 +2.922184290e+00 +2.922184290e+00 -2.963781571e+01 -2.963781571e+01 -1.0174e+00 +1.3792e+00 +4.2932e+00 -3.6832e+00 +4.9926e-01
836 +2.633164285e+00 +2.633164285e+00 -2.992683572e+01 -2.992683572e+01 -9.2762e-01 +1.3614e+00 +4.4853e+00 -3.2218e+00 +4.3216e-01
880 +2.545517580e+00 +2.545517580e+00 -3.001448242e+01 -3.001448242e+01 -8.8918e-01 +1.5815e+00 +4.6353e+00 -3.2689e+00 +3.6643e-01
902 +2.509352963e+00 +2.509352963e+00 -3.005064704e+01 -3.005064704e+01 -8.0850e-01 +1.6229e+00 +4.5584e+00 -3.4308e+00 +4.1637e-01
9743 +2.173521517e+00 +2.173521517e+00 -3.038647848e+01 -3.038647848e+01 -2.5076e+00 +1.5259e+00 +1.8689e+00 -4.8093e+00 +3.3239e+00
9820 +2.010584543e+00 +2.010584543e+00 -3.054941546e+01 -3.054941546e+01 -2.3387e+00 +1.8448e+00 +2.1100e+00 -4.9613e+00 +3.6721e+00
9933 +1.982795053e+00 +1.982795053e+00 -3.057720495e+01 -3.057720495e+01 -2.7494e+00 +1.7767e+00 +2.2676e+00 -4.8334e+00 +3.6828e+00
10005 +1.908907773e+00 +1.908907773e+00 -3.065109223e+01 -3.065109223e+01 -2.5694e+00 +1.8253e+00 +2.4094e+00 -4.8819e+00 +3.7701e+00
10049 +1.904608363e+00 +1.904608363e+00 -3.065539164e+01 -3.065539164e+01 -2.6651e+00 +1.6662e+00 +2.3931e+00 -4.8054e+00 +3.8040e+00
10194 +1.860455571e+00 +1.860455571e+00 -3.069954443e+01 -3.069954443e+01 -2.4613e+00 +1.7399e+00 +2.4627e+00 -4.7957e+00 +3.8979e+00
10326 +1.815564212e+00 +1.815564212e+00 -3.074443579e+01 -3.074443579e+01 -2.4977e+00 +1.8718e+00 +2.6303e+00 -4.8085e+00 +3.9528e+00
22414 +1.777743741e+00 +1.777743741e+00 -3.078225626e+01 -3.078225626e+01 +4.3214e-01 +1.5533e+00 -1.5668e+00 +1.7362e+00 -3.1598e+00
22455 +1.630714328e+00 +1.630714328e+00 -3.092928567e+01 -3.092928567e+01 +3.8134e-01 +1.6626e+00 -1.5148e+00 +2.0372e+00 -3.2419e+00
22458 +1.535256016e+00 +1.535256016e+00 -3.102474398e+01 -3.102474398e+01 +5.4743e-01 +1.5826e+00 -1.4778e+00 +1.9087e+00 -3.0903e+00
22475 +1.454677215e+00 +1.454677215e+00 -3.110532278e+01 -3.110532278e+01 +5.3048e-01 +1.5984e+00 -1.3074e+00 +1.9743e+00 -3.3379e+00
22519 +1.422658698e+00 +1.422658698e+00 -3.113734130e+01 -3.113734130e+01 +6.0049e-01 +1.7366e+00 -1.5526e+00 +2.1510e+00 -3.6629e+00
22568 +1.275723654e+00 +1.275723654e+00 -3.128427635e+01 -3.128427635e+01 +6.3753e-01 +1.6215e+00 -1.4620e+00 +2.1352e+00 -3.3613e+00
22699 +1.249130043e+00 +1.249130043e+00 -3.131086996e+01 -3.131086996e+01 +6.7776e-01 +1.6221e+00 -1.4921e+00 +2.1012e+00 -3.4690e+00
% function evaluation | noise-free fitness - Fopt (5.154000000000e+02) | best noise-free fitness - Fopt | measured fitness | best measured fitness | x1 | x2...
1 +2.019037433e+01 +2.019037433e+01 +5.355903743e+02 +5.355903743e+02 +0.0000e+00 +0.0000e+00 +0.0000e+00 +0.0000e+00 +0.0000e+00
47 +1.562003095e+01 +1.562003095e+01 +5.310200309e+02 +5.310200309e+02 -1.3237e+00 -2.0192e+00 +5.8564e-01 +7.2006e-01 -1.1796e+00
58 +1.074786882e+01 +1.074786882e+01 +5.261478688e+02 +5.261478688e+02 -1.1638e+00 -2.1367e+00 +2.8615e-01 +3.0184e-01 -1.3531e+00
78 +5.860136193e+00 +5.860136193e+00 +5.212601362e+02 +5.212601362e+02 -7.3067e-01 -2.3431e+00 +2.5716e-01 +1.0511e+00 -1.7392e+00
115 +5.587174131e+00 +5.587174131e+00 +5.209871741e+02 +5.209871741e+02 -6.9896e-01 -3.4463e+00 -1.3560e+00 -1.5626e-01 -1.4788e+00
128 +4.573967386e+00 +4.573967386e+00 +5.199739674e+02 +5.199739674e+02 +2.3408e-01 -3.1043e+00 -6.2519e-01 +1.0095e+00 -1.4932e+00
130 +3.128876735e+00 +3.128876735e+00 +5.185288767e+02 +5.185288767e+02 -7.8751e-01 -2.6962e+00 -6.0343e-01 +2.3731e-01 -2.7015e+00
132 +1.910556748e+00 +1.910556748e+00 +5.173105567e+02 +5.173105567e+02 -6.1237e-01 -2.8445e+00 -6.8932e-01 +3.6666e-01 -1.7933e+00
169 +1.626191333e+00 +1.626191333e+00 +5.170261913e+02 +5.170261913e+02 -5.2266e-01 -3.1489e+00 -9.4216e-01 +7.9870e-01 -1.6222e+00
176 +1.520522861e+00 +1.520522861e+00 +5.169205229e+02 +5.169205229e+02 -4.4269e-01 -3.1526e+00 -6.9445e-01 +4.7284e-01 -1.9524e+00
330 +1.420543547e+00 +1.420543547e+00 +5.168205435e+02 +5.168205435e+02 -6.0347e-01 -3.0233e+00 -6.0457e-01 +6.5139e-01 -1.9106e+00
396 +1.357988015e+00 +1.357988015e+00 +5.167579880e+02 +5.167579880e+02 -6.9511e-01 -3.0908e+00 -6.2557e-01 +6.0838e-01 -2.0225e+00
418 +1.284575498e+00 +1.284575498e+00 +5.166845755e+02 +5.166845755e+02 -6.7639e-01 -3.0538e+00 -8.1072e-01 +7.1705e-01 -1.9069e+00
638 +1.254272611e+00 +1.254272611e+00 +5.166542726e+02 +5.166542726e+02 -6.6366e-01 -3.1637e+00 -8.4707e-01 +6.7559e-01 -1.9463e+00
9358 +1.190992878e+00 +1.190992878e+00 +5.165909929e+02 +5.165909929e+02 -1.9017e+00 -3.0296e+00 +9.0216e-01 -4.0072e+00 -1.1138e-01
9382 +1.146930025e+00 +1.146930025e+00 +5.165469300e+02 +5.165469300e+02 -2.0629e+00 -2.8205e+00 +1.0862e+00 -4.2860e+00 -4.0636e-01
9446 +1.062841238e+00 +1.062841238e+00 +5.164628412e+02 +5.164628412e+02 -1.8590e+00 -2.9649e+00 +9.1001e-01 -4.0744e+00 -5.8581e-02
9468 +1.030093535e+00 +1.030093535e+00 +5.164300935e+02 +5.164300935e+02 -1.9009e+00 -2.8462e+00 +7.9169e-01 -4.1105e+00 -5.1610e-02
9490 +1.018072980e+00 +1.018072980e+00 +5.164180730e+02 +5.164180730e+02 -1.8922e+00 -2.8444e+00 +8.6738e-01 -4.0862e+00 -6.8953e-02
9551 +9.909586699e-01 +9.909586699e-01 +5.163909587e+02 +5.163909587e+02 -1.9614e+00 -2.7675e+00 +8.4868e-01 -4.0386e+00 -1.2340e-01
9556 +9.650351530e-01 +9.650351530e-01 +5.163650352e+02 +5.163650352e+02 -1.9941e+00 -2.8385e+00 +8.8552e-01 -4.1134e+00 -1.5820e-01
9600 +9.465433972e-01 +9.465433972e-01 +5.163465434e+02 +5.163465434e+02 -2.0140e+00 -2.7962e+00 +9.2091e-01 -4.0938e+00 -1.7339e-01
10036 +9.326355668e-01 +9.326355668e-01 +5.163326356e+02 +5.163326356e+02 -2.0619e+00 -2.6970e+00 +9.9449e-01 -4.1315e+00 -2.5884e-01
% function evaluation | noise-free fitness - Fopt (-1.000000000000e+03) | best noise-free fitness - Fopt | measured fitness | best measured fitness | x1 | x2...
1 +6.307126318e+01 +6.307126318e+01 -9.369287368e+02 -9.369287368e+02 +0.0000e+00 +0.0000e+00 +0.0000e+00 +0.0000e+00 +0.0000e+00
2 +5.914518920e+01 +5.914518920e+01 -9.408548108e+02 -9.408548108e+02 -2.2437e+00 -6.8996e-01 -4.6592e+00 +2.3948e+00 +8.1632e-01
4 +5.572079389e+01 +5.572079389e+01 -9.442792061e+02 -9.442792061e+02 -2.1738e+00 -7.6976e-01 -4.7723e+00 +2.3365e+00 +5.0484e-01
30 +5.382987300e+01 +5.382987300e+01 -9.461701270e+02 -9.461701270e+02 -2.1809e+00 -7.0820e-01 -4.9622e+00 +2.1441e+00 +6.5878e-01
34 +5.307972226e+01 +5.307972226e+01 -9.469202777e+02 -9.469202777e+02 -2.2933e+00 -6.4827e-01 -5.0499e+00 +2.2887e+00 +5.6149e-01
36 +5.198884505e+01 +5.198884505e+01 -9.480111549e+02 -9.480111549e+02 -2.4688e+00 -4.2189e-01 -4.8939e+00 +1.9700e+00 +6.8758e-01
48 +5.100895894e+01 +5.100895894e+01 -9.489910411e+02 -9.489910411e+02 -2.4054e+00 -6.0087e-01 -4.9828e+00 +2.4329e+00 +2.8492e-01
51 +4.972288402e+01 +4.972288402e+01 -9.502771160e+02 -9.502771160e+02 -2.2332e+00 -6.9456e-01 -4.7482e+00 +1.9619e+00 +4.2018e-01
52 +4.738722261e+01 +4.738722261e+01 -9.526127774e+02 -9.526127774e+02 -2.2165e+00 -8.7231e-01 -5.1371e+00 +2.1377e+00 +2.4887e-01
80 +4.378220910e+01 +4.378220910e+01 -9.562177909e+02 -9.562177909e+02 -2.5424e+00 -1.0840e+00 -5.0822e+00 +2.0217e+00 -6.2914e-02
88 +4.341752885e+01 +4.341752885e+01 -9.565824712e+02 -9.565824712e+02 -2.5631e+00 -9.6514e-01 -4.9319e+00 +1.9135e+00 +2.2572e-01
91 +3.417678091e+01 +3.417678091e+01 -9.658232191e+02 -9.658232191e+02 -2.8432e+00 -1.6555e-01 -4.5977e+00 +9.5588e-01 -1.3578e-01
117 +3.268301259e+01 +3.268301259e+01 -9.673169874e+02 -9.673169874e+02 -2.9608e+00 -6.5922e-01 -4.8463e+00 +1.0705e+00 -2.4532e-01
154 +3.145363657e+01 +3.145363657e+01 -9.685463634e+02 -9.685463634e+02 -2.6483e+00 -4.4806e-01 -4.9414e+00 +9.5992e-01 -5.4912e-01
213 +3.056481489e+01 +3.056481489e+01 -9.694351851e+02 -9.694351851e+02 -2.5647e+00 -3.6096e-01 -4.8812e+00 +3.0154e-01 -4.9341e-01
277 +2.234177807e+01 +2.234177807e+01 -9.776582219e+02 -9.776582219e+02 -3.2984e+00 +2.4512e-01 -5.0450e+00 -1.4180e-01 +4.3500e-01
311 +1.584022998e+01 +1.584022998e+01 -9.841597700e+02 -9.841597700e+02 -3.6075e+00 +1.1145e+00 -4.7374e+00 -7.5372e-01 -6.5690e-01
348 +9.471322590e+00 +9.471322590e+00 -9.905286774e+02 -9.905286774e+02 -3.2292e+00 +1.9268e+00 -4.8473e+00 +1.6636e-01 +3.5792e-02
393 +8.005182432e+00 +8.005182432e+00 -9.919948176e+02 -9.919948176e+02 -2.9237e+00 +1.4426e+00 -5.2954e+00 -5.9200e-01 +3.3931e-01
748 +7.927396185e+00 +7.927396185e+00 -9.920726038e+02 -9.920726038e+02 -2.4626e+00 +2.3155e+00 -4.4431e+00 -2.5686e+00 +1.1313e+00
2554 +7.056124557e+00 +7.056124557e+00 -9.929438754e+02 -9.929438754e+02 -9.2789e-01 -2.8771e+00 -2.8383e+00 -2.6641e+00 +2.2262e+00
2576 +6.107735559e+00 +6.107735559e+00 -9.938922644e+02 -9.938922644e+02 -1.0787e+00 -2.7491e+00 -2.7891e+00 -2.7460e+00 +2.3190e+00
2598 +5.569109687e+00 +5.569109687e+00 -9.944308903e+02 -9.944308903e+02 -1.5511e+00 -2.6659e+00 -2.0570e+00 -2.8819e+00 +2.5326e+00
2642 +5.075432802e+00 +5.075432802e+00 -9.949245672e+02 -9.949245672e+02 -1.3824e+00 -2.4001e+00 -2.3126e+00 -3.0248e+00 +2.1547e+00
2664 +4.380165907e+00 +4.380165907e+00 -9.956198341e+02 -9.956198341e+02 -1.4178e+00 -2.0447e+00 -3.0551e+00 -2.9043e+00 +2.5228e+00
2686 +3.980901116e+00 +3.980901116e+00 -9.960190989e+02 -9.960190989e+02 -1.4703e+00 -1.9730e+00 -2.2625e+00 -2.7547e+00 +2.5993e+00
2711 +3.879832975e+00 +3.879832975e+00 -9.961201670e+02 -9.961201670e+02 -1.5196e+00 -2.0909e+00 -2.3461e+00 -3.0576e+00 +2.4597e+00
2730 +3.553286110e+00 +3.553286110e+00 -9.964467139e+02 -9.964467139e+02 -1.3542e+00 -1.9976e+00 -2.3435e+00 -2.9109e+00 +2.5361e+00
2752 +3.485003906e+00 +3.485003906e+00 -9.965149961e+02 -9.965149961e+02 -1.4292e+00 -2.0549e+00 -2.4530e+00 -2.8323e+00 +2.6341e+00
2774 +3.356517731e+00 +3.356517731e+00 -9.966434823e+02 -9.966434823e+02 -1.4535e+00 -1.8056e+00 -2.6374e+00 -2.9037e+00 +2.6956e+00
2796 +3.285229260e+00 +3.285229260e+00 -9.967147707e+02 -9.967147707e+02 -1.4860e+00 -1.9069e+00 -2.5291e+00 -2.8275e+00 +2.5776e+00
2884 +3.217207377e+00 +3.217207377e+00 -9.967827926e+02 -9.967827926e+02 -1.4145e+00 -1.7598e+00 -2.7562e+00 -2.7793e+00 +2.4872e+00
15498 +2.986071993e+00 +2.986071993e+00 -9.970139280e+02 -9.970139280e+02 -2.4977e+00 -3.6906e-01 +2.1234e+00 -1.6284e-01 -1.6453e+00
15500 +2.172804298e+00 +2.172804298e+00 -9.978271957e+02 -9.978271957e+02 -3.3442e+00 -5.0621e-01 +2.1635e+00 -7.5800e-01 -1.9914e+00
15520 +2.099988922e+00 +2.099988922e+00 -9.979000111e+02 -9.979000111e+02 -3.1627e+00 -6.5507e-01 +2.2028e+00 -2.5731e-01 -2.1666e+00
15527 +1.998589249e+00 +1.998589249e+00 -9.980014108e+02 -9.980014108e+02 -3.1682e+00 -8.8725e-01 +1.7912e+00 -2.4481e-01 -1.7939e+00
15542 +1.922637844e+00 +1.922637844e+00 -9.980773622e+02 -9.980773622e+02 -3.2165e+00 -1.3658e+00 +1.7229e+00 -5.2370e-01 -2.0806e+00
15584 +1.757059583e+00 +1.757059583e+00 -9.982429404e+02 -9.982429404e+02 -2.6223e+00 -1.2543e+00 +1.9305e+00 -1.1120e+00 -1.9667e+00
15657 +1.241410659e+00 +1.241410659e+00 -9.987585893e+02 -9.987585893e+02 -2.8284e+00 -9.9237e-01 +2.1470e+00 -7.0587e-01 -1.9322e+00
15718 +1.002389686e+00 +1.002389686e+00 -9.989976103e+02 -9.989976103e+02 -2.7085e+00 -9.2504e-01 +1.8493e+00 -7.2801e-01 -2.1489e+00
15806 +9.459482951e-01 +9.459482951e-01 -9.990540517e+02 -9.990540517e+02 -2.7402e+00 -1.0295e+00 +1.8312e+00 -7.3274e-01 -2.0485e+00
16114 +9.329566649e-01 +9.329566649e-01 -9.990670433e+02 -9.990670433e+02 -2.7898e+00 -1.0154e+00 +1.8523e+00 -7.1997e-01 -2.0574e+00
% function evaluation | noise-free fitness - Fopt (9.190000000000e+01) | best noise-free fitness - Fopt | measured fitness | best measured fitness | x1 | x2...
1 +4.082584245e+01 +4.082584245e+01 +1.327258424e+02 +1.327258424e+02 +0.0000e+00 +0.0000e+00 +0.0000e+00 +0.0000e+00 +0.0000e+00
68 +3.540787097e+01 +3.540787097e+01 +1.273078710e+02 +1.273078710e+02 +4.3068e+00 +2.7451e+00 +3.8497e+00 +1.5779e+00 -1.1792e+00
72 +3.294803748e+01 +3.294803748e+01 +1.248480375e+02 +1.248480375e+02 +4.0654e+00 +2.4568e+00 +4.2653e+00 +1.3159e+00 -1.2474e+00
82 +2.654117090e+01 +2.654117090e+01 +1.184411709e+02 +1.184411709e+02 +4.5075e+00 +2.8499e+00 +3.9639e+00 +1.3801e+00 -1.4908e+00
92 +2.399027321e+01 +2.399027321e+01 +1.158902732e+02 +1.158902732e+02 +5.5408e+00 +2.9553e+00 +4.6018e+00 +1.2717e+00 -1.4217e+00
93 +1.569662575e+01 +1.569662575e+01 +1.075966258e+02 +1.075966258e+02 +4.6738e+00 +2.1484e+00 +3.4092e+00 +1.1361e+00 -1.5103e+00
120 +1.444966299e+01 +1.444966299e+01 +1.063496630e+02 +1.063496630e+02 +4.6222e+00 +2.2197e+00 +3.7271e+00 +8.0396e-01 -1.2900e+00
124 +8.114174087e+00 +8.114174087e+00 +1.000141741e+02 +1.000141741e+02 +4.2984e+00 +2.4538e+00 +4.7371e+00 -8.4561e-01 -1.9509e+00
152 +7.341704709e+00 +7.341704709e+00 +9.924170471e+01 +9.924170471e+01 +5.0220e+00 +2.5267e+00 +4.5603e+00 -6.4357e-01 -2.5320e+00
154 +5.878344356e+00 +5.878344356e+00 +9.777834436e+01 +9.777834436e+01 +4.7637e+00 +2.3357e+00 +3.6942e+00 -2.1924e-01 -1.8660e+00
159 +2.794250726e+00 +2.794250726e+00 +9.469425073e+01 +9.469425073e+01 +4.6239e+00 +2.1406e+00 +3.9469e+00 -9.5317e-03 -2.1479e+00
242 +2.044803891e+00 +2.044803891e+00 +9.394480389e+01 +9.394480389e+01 +4.8173e+00 +2.0563e+00 +4.2716e+00 -2.3907e-01 -2.4981e+00
286 +1.809678303e+00 +1.809678303e+00 +9.370967830e+01 +9.370967830e+01 +4.8086e+00 +1.4523e+00 +4.5723e+00 -2.6137e-01 -2.4797e+00
308 +1.303438944e+00 +1.303438944e+00 +9.320343894e+01 +9.320343894e+01 +4.4907e+00 +1.3300e+00 +4.5036e+00 -3.0001e-01 -2.7146e+00
317 +1.221495524e+00 +1.221495524e+00 +9.312149552e+01 +9.312149552e+01 +4.9200e+00 +1.1824e+00 +4.4384e+00 -2.7417e-01 -2.9486e+00
396 +1.027396912e+00 +1.027396912e+00 +9.292739691e+01 +9.292739691e+01 +4.5078e+00 +1.3184e+00 +4.3698e+00 -4.7319e-01 -2.7685e+00
484 +9.986118984e-01 +9.986118984e-01 +9.289861190e+01 +9.289861190e+01 +4.7754e+00 +1.3875e+00 +4.3144e+00 -2.9909e-01 -2.8159e+00
594 +9.540142447e-01 +9.540142447e-01 +9.285401424e+01 +9.285401424e+01 +4.6397e+00 +1.2752e+00 +4.4382e+00 -4.6471e-01 -2.8542e+00
902 +9.332290991e-01 +9.332290991e-01 +9.283322910e+01 +9.283322910e+01 +4.6742e+00 +1.3276e+00 +4.4157e+00 -4.0447e-01 -2.8742e+00
24720 +6.101448824e-01 +6.101448824e-01 +9.251014488e+01 +9.251014488e+01 -1.9416e+00 -2.9636e+00 -1.8811e+00 +1.6787e+00 -2.8657e+00
24798 +5.163235207e-01 +5.163235207e-01 +9.241632352e+01 +9.241632352e+01 -2.3108e+00 -2.5149e+00 -1.7267e+00 +2.2247e+00 -3.0662e+00
24800 +2.700768647e-01 +2.700768647e-01 +9.217007686e+01 +9.217007686e+01 -2.6049e+00 -2.5945e+00 -1.4219e+00 +2.5251e+00 -3.2571e+00
24822 +1.477905458e-01 +1.477905458e-01 +9.204779055e+01 +9.204779055e+01 -2.6179e+00 -2.8160e+00 -1.4567e+00 +2.4608e+00 -3.0797e+00
24866 +5.878079802e-02 +5.878079802e-02 +9.195878080e+01 +9.195878080e+01 -2.3795e+00 -2.9899e+00 -1.2605e+00 +2.6914e+00 -2.8300e+00
24888 +2.758067362e-02 +2.758067362e-02 +9.192758067e+01 +9.192758067e+01 -2.4773e+00 -2.9422e+00 -1.2269e+00 +2.8859e+00 -2.5159e+00
24932 +1.239567726e-02 +1.239567726e-02 +9.191239568e+01 +9.191239568e+01 -2.3051e+00 -3.1405e+00 -1.1982e+00 +2.7567e+00 -2.5525e+00
24988 +3.506575938e-03 +3.506575938e-03 +9.190350658e+01 +9.190350658e+01 -2.1488e+00 -3.3210e+00 -1.3213e+00 +2.4485e+00 -2.2027e+00
25020 +1.278657277e-03 +1.278657277e-03 +9.190127866e+01 +9.190127866e+01 -2.2186e+00 -3.2608e+00 -1.3727e+00 +2.6096e+00 -2.4500e+00
25174 +8.646451955e-04 +8.646451955e-04 +9.190086465e+01 +9.190086465e+01 -2.0689e+00 -3.5177e+00 -1.4371e+00 +2.4775e+00 -2.2161e+00
25178 +7.086890312e-04 +7.086890312e-04 +9.190070869e+01 +9.190070869e+01 -2.0587e+00 -3.4860e+00 -1.4024e+00 +2.5569e+00 -2.2357e+00
25216 +5.475533909e-04 +5.475533909e-04 +9.190054755e+01 +9.190054755e+01 -2.0412e+00 -3.5613e+00 -1.4177e+00 +2.6096e+00 -2.1306e+00
25218 +2.463957439e-04 +2.463957439e-04 +9.190024640e+01 +9.190024640e+01 -2.0613e+00 -3.5320e+00 -1.4118e+00 +2.5576e+00 -2.1510e+00
25240 +2.095419946e-04 +2.095419946e-04 +9.190020954e+01 +9.190020954e+01 -2.0561e+00 -3.5273e+00 -1.3504e+00 +2.6188e+00 -2.1277e+00
25262 +5.643924543e-05 +5.643924543e-05 +9.190005644e+01 +9.190005644e+01 -2.1426e+00 -3.4921e+00 -1.3087e+00 +2.6603e+00 -2.2035e+00
25350 +4.900920189e-05 +4.900920189e-05 +9.190004901e+01 +9.190004901e+01 -2.1939e+00 -3.5052e+00 -1.3404e+00 +2.6006e+00 -2.1981e+00
25504 +2.803865195e-05 +2.803865195e-05 +9.190002804e+01 +9.190002804e+01 -2.1918e+00 -3.4852e+00 -1.3066e+00 +2.7348e+00 -2.1757e+00
25526 +3.199331388e-06 +3.199331388e-06 +9.190000320e+01 +9.190000320e+01 -2.1896e+00 -3.4269e+00 -1.2778e+00 +2.6678e+00 -2.2102e+00
25671 +8.431341882e-07 +8.431341882e-07 +9.190000084e+01 +9.190000084e+01 -2.1994e+00 -3.4292e+00 -1.3123e+00 +2.6427e+00 -2.2276e+00
25702 +2.671273904e-07 +2.671273904e-07 +9.190000027e+01 +9.190000027e+01 -2.2138e+00 -3.4277e+00 -1.3090e+00 +2.6648e+00 -2.2424e+00
25746 +4.694960865e-08 +4.694960865e-08 +9.190000005e+01 +9.190000005e+01 -2.2095e+00 -3.4377e+00 -1.3052e+00 +2.6738e+00 -2.2292e+00
25834 +2.752707928e-08 +2.752707928e-08 +9.190000003e+01 +9.190000003e+01 -2.2151e+00 -3.4508e+00 -1.3042e+00 +2.6785e+00 -2.2260e+00
25994 +3.018627126e-09 +3.018627126e-09 +9.190000000e+01 +9.190000000e+01 -2.2055e+00 -3.4554e+00 -1.3038e+00 +2.6654e+00 -2.2127e+00
% function evaluation | noise-free fitness - Fopt (-7.597000000000e+01) | best noise-free fitness - Fopt | measured fitness | best measured fitness | x1 | x2...
1 +6.713218106e+01 +6.713218106e+01 -8.837818940e+00 -8.837818940e+00 +0.0000e+00 +0.0000e+00 +0.0000e+00 +0.0000e+00 +0.0000e+00
2 +6.517410788e+01 +6.517410788e+01 -1.079589212e+01 -1.079589212e+01 -2.0532e+00 +1.5776e+00 -3.6801e+00 +9.6985e-01 +2.7862e+00
3 +6.438565870e+01 +6.438565870e+01 -1.158434130e+01 -1.158434130e+01 -2.2990e+00 +1.6061e+00 -3.9054e+00 +1.0154e+00 +2.7079e+00
5 +6.305411422e+01 +6.305411422e+01 -1.291588578e+01 -1.291588578e+01 -2.2215e+00 +1.5602e+00 -3.7096e+00 +1.0252e+00 +2.9792e+00
16 +6.164417042e+01 +6.164417042e+01 -1.432582958e+01 -1.432582958e+01 -2.3767e+00 +1.5615e+00 -3.7351e+00 +8.4996e-01 +2.6486e+00
35 +5.754443776e+01 +5.754443776e+01 -1.842556224e+01 -1.842556224e+01 -2.3508e+00 +1.8702e+00 -3.5243e+00 +8.3093e-01 +3.0526e+00
43 +5.371801105e+01 +5.371801105e+01 -2.225198895e+01 -2.225198895e+01 -2.2871e+00 +1.4877e+00 -3.7927e+00 +6.1329e-01 +2.9956e+00
49 +5.143868126e+01 +5.143868126e+01 -2.453131874e+01 -2.453131874e+01 -2.2028e+00 +1.3295e+00 -3.7515e+00 +4.3840e-01 +2.9756e+00
57 +4.210823411e+01 +4.210823411e+01 -3.386176589e+01 -3.386176589e+01 -2.4804e+00 +1.8996e+00 -3.4126e+00 +4.3859e-01 +3.2301e+00
68 +3.518289556e+01 +3.518289556e+01 -4.078710444e+01 -4.078710444e+01 -1.9447e+00 +1.3775e+00 -3.3986e+00 -5.2111e-01 +3.1625e+00
86 +2.455334724e+01 +2.455334724e+01 -5.141665276e+01 -5.141665276e+01 -2.9052e+00 +1.5640e+00 -3.5217e+00 -3.3059e-01 +3.1181e+00
107 +2.078820099e+01 +2.078820099e+01 -5.518179901e+01 -5.518179901e+01 -2.9708e+00 +8.8167e-01 -4.3574e+00 -6.8051e-01 +3.4791e+00
115 +1.607868292e+01 +1.607868292e+01 -5.989131708e+01 -5.989131708e+01 -3.1720e+00 +1.2265e+00 -3.8522e+00 -9.4109e-01 +3.5294e+00
120 +1.479362290e+01 +1.479362290e+01 -6.117637710e+01 -6.117637710e+01 -2.9943e+00 +1.1539e+00 -3.8266e+00 -3.3727e-01 +4.4196e+00
127 +1.093302461e+01 +1.093302461e+01 -6.503697539e+01 -6.503697539e+01 -3.2746e+00 +1.2554e+00 -3.7701e+00 -6.6821e-01 +4.7553e+00
176 +1.006683361e+01 +1.006683361e+01 -6.590316639e+01 -6.590316639e+01 -3.2831e+00 +1.4752e+00 -3.7167e+00 -5.7009e-01 +4.4248e+00
198 +9.405426974e+00 +9.405426974e+00 -6.656457303e+01 -6.656457303e+01 -3.4551e+00 +1.7953e+00 -3.7836e+00 -9.0176e-01 +4.6600e+00
308 +9.319359082e+00 +9.319359082e+00 -6.665064092e+01 -6.665064092e+01 -3.8468e+00 +1.4297e+00 -4.0017e+00 -5.5942e-01 +4.5605e+00
462 +9.115032858e+00 +9.115032858e+00 -6.685496714e+01 -6.685496714e+01 -3.7324e+00 +1.6336e+00 -3.9604e+00 -7.4764e-01 +4.5679e+00
2268 +8.789189826e+00 +8.789189826e+00 -6.718081017e+01 -6.718081017e+01 +2.0532e+00 +9.8811e-02 -3.1899e-01 +2.4533e+00 +4.8994e+00
2298 +8.363931842e+00 +8.363931842e+00 -6.760606816e+01 -6.760606816e+01 +1.9926e+00 -3.3865e-01 -3.9357e-01 +2.6228e+00 +4.8559e+00
2435 +7.866275266e+00 +7.866275266e+00 -6.810372473e+01 -6.810372473e+01 +1.6935e+00 +4.2667e-01 -1.2569e+00 +2.6798e+00 +4.6314e+00
2576 +7.761700315e+00 +7.761700315e+00 -6.820829969e+01 -6.820829969e+01 +1.4337e+00 +4.6587e-01 -1.3174e+00 +2.3700e+00 +4.6105e+00
3006 +7.537757469e+00 +7.537757469e+00 -6.843224253e+01 -6.843224253e+01 +1.5440e+00 +8.6394e-01 -1.3066e+00 +2.7159e+00 +4.4972e+00
3778 +7.411439713e+00 +7.411439713e+00 -6.855856029e+01 -6.855856029e+01 +1.6482e+00 +5.2554e-01 -1.0848e+00 +3.0023e+00 +4.5485e+00
13404 +6.439761743e+00 +6.439761743e+00 -6.953023826e+01 -6.953023826e+01 +3.0969e+00 -4.6987e+00 +3.3637e-01 +4.6643e-01 +2.0961e+00
13406 +2.766684041e+00 +2.766684041e+00 -7.320331596e+01 -7.320331596e+01 +2.9817e+00 -5.3904e+00 +8.8086e-01 -3.8749e-01 +2.8554e+00
13434 +1.915452603e+00 +1.915452603e+00 -7.405454740e+01 -7.405454740e+01 +2.9506e+00 -3.9218e+00 +5.5006e-01 -2.4088e-01 +2.3665e+00
13495 +5.016477891e-01 +5.016477891e-01 -7.546835221e+01 -7.546835221e+01 +2.9215e+00 -4.5377e+00 +5.0815e-01 -9.4589e-01 +2.1016e+00
13578 +4.691371532e-01 +4.691371532e-01 -7.550086285e+01 -7.550086285e+01 +3.2413e+00 -4.6768e+00 +2.8793e-01 -8.7078e-01 +2.4303e+00
13600 +4.539516879e-01 +4.539516879e-01 -7.551604831e+01 -7.551604831e+01 +3.3560e+00 -4.4805e+00 +2.6054e-01 -8.1046e-01 +2.2068e+00
13603 +1.230249306e-01 +1.230249306e-01 -7.584697507e+01 -7.584697507e+01 +3.1296e+00 -4.3503e+00 -1.5921e-01 -1.5706e+00 +2.3148e+00
13626 +1.163160111e-01 +1.163160111e-01 -7.585368399e+01 -7.585368399e+01 +3.1237e+00 -4.3769e+00 +1.1584e-01 -1.0332e+00 +2.2153e+00
13644 +6.033092161e-02 +6.033092161e-02 -7.590966908e+01 -7.590966908e+01 +3.0729e+00 -3.9648e+00 +6.1274e-02 -1.0132e+00 +2.1069e+00
13666 +1.894048110e-02 +1.894048110e-02 -7.595105952e+01 -7.595105952e+01 +2.9842e+00 -3.9949e+00 -1.5339e-02 -1.2481e+00 +2.0492e+00
13706 +1.826894427e-02 +1.826894427e-02 -7.595173106e+01 -7.595173106e+01 +2.9333e+00 -3.7815e+00 -2.0949e-01 -1.5350e+00 +2.2766e+00
13744 +3.704006089e-03 +3.704006089e-03 -7.596629599e+01 -7.596629599e+01 +2.7696e+00 -3.3865e+00 -3.7020e-01 -1.6528e+00 +1.9461e+00
13820 +2.127304287e-03 +2.127304287e-03 -7.596787270e+01 -7.596787270e+01 +2.9660e+00 -3.6536e+00 -2.9179e-01 -1.2913e+00 +1.9031e+00
13891 +1.211419650e-03 +1.211419650e-03 -7.596878858e+01 -7.596878858e+01 +3.0059e+00 -3.5253e+00 -3.8639e-01 -1.4144e+00 +1.8807e+00
14005 +1.017004150e-03 +1.017004150e-03 -7.596898300e+01 -7.596898300e+01 +2.7814e+00 -2.9985e+00 -5.9313e-01 -1.4797e+00 +1.7723e+00
14084 +9.155423394e-04 +9.155423394e-04 -7.596908446e+01 -7.596908446e+01 +2.9202e+00 -3.2780e+00 -4.2279e-01 -1.4178e+00 +1.8579e+00
14168 +8.222049586e-04 +8.222049586e-04 -7.596917780e+01 -7.596917780e+01 +2.8499e+00 -3.2124e+00 -4.7520e-01 -1.3764e+00 +1.7561e+00
14228 +2.467838243e-04 +2.467838243e-04 -7.596975322e+01 -7.596975322e+01 +2.8072e+00 -3.2059e+00 -4.5034e-01 -1.3606e+00 +1.8609e+00
14260 +1.221162779e-04 +1.221162779e-04 -7.596987788e+01 -7.596987788e+01 +2.8571e+00 -3.1655e+00 -5.2600e-01 -1.3932e+00 +1.8627e+00
14271 +3.624666705e-05 +3.624666705e-05 -7.596996375e+01 -7.596996375e+01 +2.8455e+00 -3.2875e+00 -4.5496e-01 -1.3824e+00 +1.8582e+00
14321 +3.409384966e-05 +3.409384966e-05 -7.596996591e+01 -7.596996591e+01 +2.8777e+00 -3.2890e+00 -4.4837e-01 -1.4023e+00 +1.9060e+00
14326 +3.661619104e-06 +3.661619104e-06 -7.596999634e+01 -7.596999634e+01 +2.8332e+00 -3.2776e+00 -4.9144e-01 -1.4861e+00 +1.8873e+00
14480 +4.770041073e-08 +4.770041073e-08 -7.596999995e+01 -7.596999995e+01 +2.8471e+00 -3.3189e+00 -4.6899e-01 -1.4501e+00 +1.9250e+00
14973 +4.240939688e-08 +4.240939688e-08 -7.596999996e+01 -7.596999996e+01 +2.8575e+00 -3.3552e+00 -4.4671e-01 -1.4530e+00 +1.9274e+00
15001 +1.170204200e-08 +1.170204200e-08 -7.596999999e+01 -7.596999999e+01 +2.8544e+00 -3.3454e+00 -4.5847e-01 -1.4602e+00 +1.9205e+00
15008 +1.002209160e-08 +1.002209160e-08 -7.596999999e+01 -7.596999999e+01 +2.8547e+00 -3.3473e+00 -4.5208e-01 -1.4580e+00 +1.9266e+00
15029 +5.299867212e-09 +5.299867212e-09 -7.596999999e+01 -7.596999999e+01 +2.8562e+00 -3.3369e+00 -4.5665e-01 -1.4480e+00 +1.9228e+00
% function evaluation | noise-free fitness - Fopt (-1.699000000000e+01) | best noise-free fitness - Fopt | measured fitness | best measured fitness | x1 | x2...
1 +5.292290980e+01 +5.292290980e+01 +3.593290980e+01 +3.593290980e+01 +0.0000e+00 +0.0000e+00 +0.0000e+00 +0.0000e+00 +0.0000e+00
6 +5.190826694e+01 +5.190826694e+01 +3.491826694e+01 +3.491826694e+01 +1.3112e+00 +1.7107e+00 +3.8795e+00 -3.9699e+00 +2.2613e+00
16 +5.015702368e+01 +5.015702368e+01 +3.316702368e+01 +3.316702368e+01 +1.1088e+00 +1.7249e+00 +4.0305e+00 -4.0684e+00 +2.3430e+00
26 +4.822059406e+01 +4.822059406e+01 +3.123059406e+01 +3.123059406e+01 +1.3480e+00 +1.9880e+00 +4.0279e+00 -4.0245e+00 +2.3197e+00
42 +4.752133443e+01 +4.752133443e+01 +3.053133443e+01 +3.053133443e+01 +1.2751e+00 +1.9587e+00 +3.7686e+00 -3.9579e+00 +2.2054e+00
49 +4.439483803e+01 +4.439483803e+01 +2.740483803e+01 +2.740483803e+01 +1.2642e+00 +2.0119e+00 +3.7859e+00 -3.8794e+00 +2.1345e+00
63 +4.112727223e+01 +4.112727223e+01 +2.413727223e+01 +2.413727223e+01 +1.0646e+00 +1.8595e+00 +3.9614e+00 -3.8101e+00 +2.0871e+00
65 +4.025872885e+01 +4.025872885e+01 +2.326872885e+01 +2.326872885e+01 +1.0916e+00 +1.9978e+00 +3.9237e+00 -3.8746e+00 +2.0450e+00
72 +3.884786734e+01 +3.884786734e+01 +2.185786734e+01 +2.185786734e+01 +1.1694e+00 +2.3022e+00 +4.3302e+00 -4.0232e+00 +2.1237e+00
77 +3.532273768e+01 +3.532273768e+01 +1.833273768e+01 +1.833273768e+01 +1.0875e+00 +2.2991e+00 +3.9797e+00 -3.6958e+00 +2.1131e+00
101 +2.827592279e+01 +2.827592279e+01 +1.128592279e+01 +1.128592279e+01 +1.0590e+00 +2.5686e+00 +3.9154e+00 -3.1179e+00 +2.1189e+00
136 +2.733314654e+01 +2.733314654e+01 +1.034314654e+01 +1.034314654e+01 +1.0231e+00 +2.2987e+00 +4.0297e+00 -2.8447e+00 +1.8102e+00
138 +2.339728224e+01 +2.339728224e+01 +6.407282241e+00 +6.407282241e+00 +9.4034e-01 +2.0416e+00 +4.3243e+00 -3.2996e+00 +1.5843e+00
184 +2.152914338e+01 +2.152914338e+01 +4.539143381e+00 +4.539143381e+00 +1.3299e+00 +1.5109e+00 +3.5011e+00 -2.7235e+00 +1.4214e+00
197 +1.773978425e+01 +1.773978425e+01 +7.497842530e-01 +7.497842530e-01 +1.1252e+00 +2.2579e+00 +3.7843e+00 -2.7365e+00 +1.2717e+00
262 +1.529895251e+01 +1.529895251e+01 -1.691047490e+00 -1.691047490e+00 +1.1111e+00 +2.4051e+00 +3.8447e+00 -2.9938e+00 +1.0779e+00
355 +1.395310635e+01 +1.395310635e+01 -3.036893651e+00 -3.036893651e+00 +1.1837e+00 +2.1474e+00 +3.8388e+00 -3.3159e+00 +9.9977e-01
440 +1.323459316e+01 +1.323459316e+01 -3.755406845e+00 -3.755406845e+00 +1.4386e+00 +1.9466e+00 +3.6522e+00 -3.1356e+00 +1.1722e+00
483 +1.289846179e+01 +1.289846179e+01 -4.091538206e+00 -4.091538206e+00 +1.5963e+00 +1.7611e+00 +3.5270e+00 -3.0039e+00 +1.2028e+00
496 +1.188780920e+01 +1.188780920e+01 -5.102190801e+00 -5.102190801e+00 +1.5873e+00 +1.6092e+00 +3.2080e+00 -3.5634e+00 +7.9588e-01
528 +1.152688337e+01 +1.152688337e+01 -5.463116626e+00 -5.463116626e+00 +1.5828e+00 +1.6635e+00 +3.3648e+00 -3.2522e+00 +9.2786e-01
616 +1.123514975e+01 +1.123514975e+01 -5.754850245e+00 -5.754850245e+00 +1.7680e+00 +1.2671e+00 +2.9884e+00 -3.4298e+00 +8.0099e-01
622 +1.055535461e+01 +1.055535461e+01 -6.434645391e+00 -6.434645391e+00 +1.3778e+00 +1.2937e+00 +3.3661e+00 -3.5490e+00 +9.2530e-01
668 +1.023799992e+01 +1.023799992e+01 -6.752000084e+00 -6.752000084e+00 +1.9708e+00 +5.9545e-01 +3.0726e+00 -3.6472e+00 +1.2555e+00
682 +9.944072885e+00 +9.944072885e+00 -7.045927115e+00 -7.045927115e+00 +1.5769e+00 +9.6698e-01 +3.3489e+00 -3.6298e+00 +1.0957e+00
718 +9.731989427e+00 +9.731989427e+00 -7.258010573e+00 -7.258010573e+00 +1.8026e+00 +2.5237e-01 +3.3565e+00 -3.7977e+00 +1.3906e+00
814 +9.437493553e+00 +9.437493553e+00 -7.552506447e+00 -7.552506447e+00 +1.7327e+00 +6.7567e-01 +3.1621e+00 -3.8866e+00 +9.0854e-01
953 +9.306820688e+00 +9.306820688e+00 -7.683179312e+00 -7.683179312e+00 +1.7074e+00 +4.2821e-01 +3.1743e+00 -4.0774e+00 +9.9320e-01
1481 +9.111992616e+00 +9.111992616e+00 -7.878007384e+00 -7.878007384e+00 +1.5440e+00 +3.8163e-01 +3.2369e+00 -4.2205e+00 +8.7812e-01
13701 +8.352304121e+00 +8.352304121e+00 -8.637695879e+00 -8.637695879e+00 -1.0501e+00 -2.5015e+00 +2.0642e+00 -8.0844e-01 -6.1656e-01
13703 +8.241892135e+00 +8.241892135e+00 -8.748107865e+00 -8.748107865e+00 -1.0590e+00 -2.2637e+00 +1.8533e+00 -9.3367e-01 -1.0182e+00
13704 +7.782574822e+00 +7.782574822e+00 -9.207425178e+00 -9.207425178e+00 -1.2152e+00 -2.5800e+00 +1.6805e+00 -4.9625e-01 -8.3506e-01
13714 +6.314353751e+00 +6.314353751e+00 -1.067564625e+01 -1.067564625e+01 -6.5234e-01 -3.0711e+00 +2.1245e+00 -2.9296e-01 -8.6311e-01
13726 +5.141733475e+00 +5.141733475e+00 -1.184826653e+01 -1.184826653e+01 -1.0885e+00 -2.7111e+00 +1.6470e+00 -4.7175e-01 -1.0201e+00
13732 +4.242256868e+00 +4.242256868e+00 -1.274774313e+01 -1.274774313e+01 -1.1448e+00 -2.4992e+00 +2.5371e+00 -6.2452e-01 -1.0544e+00
13752 +3.609246070e+00 +3.609246070e+00 -1.338075393e+01 -1.338075393e+01 -1.1222e+00 -2.7420e+00 +2.1408e+00 -4.7032e-01 -1.1052e+00
14502 +3.415908703e+00 +3.415908703e+00 -1.357409130e+01 -1.357409130e+01 -1.2166e+00 -2.6662e+00 +1.9847e+00 -5.4534e-01 -1.0925e+00
14610 +3.370829190e+00 +3.370829190e+00 -1.361917081e+01 -1.361917081e+01 -1.1963e+00 -2.7026e+00 +2.0138e+00 -4.9896e-01 -1.0477e+00
14764 +3.288682764e+00 +3.288682764e+00 -1.370131724e+01 -1.370131724e+01 -1.0272e+00 -2.7597e+00 +2.0761e+00 -5.6609e-01 -9.8846e-01
14842 +3.229548900e+00 +3.229548900e+00 -1.376045110e+01 -1.376045110e+01 -7.9858e-01 -2.7833e+00 +2.1176e+00 -6.1912e-01 -9.6021e-01
15090 +3.158112680e+00 +3.158112680e+00 -1.383188732e+01 -1.383188732e+01 -8.9251e-01 -2.7070e+00 +2.1344e+00 -6.0989e-01 -1.0617e+00
15186 +3.045257254e+00 +3.045257254e+00 -1.394474275e+01 -1.394474275e+01 -8.6028e-01 -2.5951e+00 +2.2502e+00 -7.2076e-01 -1.0668e+00
15279 +3.005563311e+00 +3.005563311e+00 -1.398443669e+01 -1.398443669e+01 -8.1221e-01 -2.6631e+00 +2.3391e+00 -6.8863e-01 -1.0231e+00
15568 +2.949946024e+00 +2.949946024e+00 -1.404005398e+01 -1.404005398e+01 -7.7609e-01 -2.6248e+00 +2.3362e+00 -7.3182e-01 -1.0597e+00
15765 +2.858113311e+00 +2.858113311e+00 -1.413188669e+01 -1.413188669e+01 -6.5796e-01 -2.5871e+00 +2.4559e+00 -8.1403e-01 -1.0543e+00
15826 +2.811452672e+00 +2.811452672e+00 -1.417854733e+01 -1.417854733e+01 -5.7430e-01 -2.5596e+00 +2.5504e+00 -8.7726e-01 -1.0439e+00
15942 +2.751648890e+00 +2.751648890e+00 -1.423835111e+01 -1.423835111e+01 -4.4382e-01 -2.4699e+00 +2.7390e+00 -9.5815e-01 -1.0842e+00
16072 +2.689597425e+00 +2.689597425e+00 -1.430040257e+01 -1.430040257e+01 -4.3570e-01 -2.4477e+00 +2.7246e+00 -9.9888e-01 -1.1183e+00
16203 +2.627964310e+00 +2.627964310e+00 -1.436203569e+01 -1.436203569e+01 -2.1365e-01 -2.3979e+00 +2.9071e+00 -1.1080e+00 -1.1097e+00
16392 +2.569781413e+00 +2.569781413e+00 -1.442021859e+01 -1.442021859e+01 -9.0321e-02 -2.3603e+00 +2.9075e+00 -1.1706e+00 -1.1659e+00
17594 +2.511583376e+00 +2.511583376e+00 -1.447841662e+01 -1.447841662e+01 +1.0215e-01 -2.2555e+00 +3.1005e+00 -1.3139e+00 -1.2220e+00
39359 +2.098855182e+00 +2.098855182e+00 -1.489114482e+01 -1.489114482e+01 +4.2914e-01 -1.4985e+00 +3.8809e+00 -1.8711e+00 +3.0366e+00
39496 +2.073055519e+00 +2.073055519e+00 -1.491694448e+01 -1.491694448e+01 +3.4531e-01 -1.8234e+00 +4.4294e+00 -1.8872e+00 +2.9147e+00
39518 +1.996113138e+00 +1.996113138e+00 -1.499388686e+01 -1.499388686e+01 +3.9968e-01 -2.1369e+00 +4.0880e+00 -1.9805e+00 +2.9758e+00
39540 +1.991415213e+00 +1.991415213e+00 -1.499858479e+01 -1.499858479e+01 +5.3817e-01 -1.8307e+00 +3.9254e+00 -2.0833e+00 +3.0768e+00
39694 +1.945217940e+00 +1.945217940e+00 -1.504478206e+01 -1.504478206e+01 +3.8450e-01 -1.9758e+00 +4.0253e+00 -1.7858e+00 +2.9606e+00
42269 +1.904179929e+00 +1.904179929e+00 -1.508582007e+01 -1.508582007e+01 +1.1124e+00 -1.0404e+00 +3.1429e+00 +4.0488e+00 -4.4307e+00
42446 +1.857651741e+00 +1.857651741e+00 -1.513234826e+01 -1.513234826e+01 +1.2017e+00 -1.1615e+00 +3.2187e+00 +4.2532e+00 -4.5776e+00
42792 +1.819563564e+00 +1.819563564e+00 -1.517043644e+01 -1.517043644e+01 +1.1970e+00 -1.2533e+00 +3.3221e+00 +4.3814e+00 -4.6647e+00
46760 +1.761133453e+00 +1.761133453e+00 -1.522886655e+01 -1.522886655e+01 -3.5970e+00 -4.5346e+00 +2.2795e+00 -1.1809e+00 -2.7699e+00
46804 +1.544938570e+00 +1.544938570e+00 -1.544506143e+01 -1.544506143e+01 -3.0133e+00 -4.2262e+00 +2.4985e+00 -9.9524e-01 -2.7705e+00
46947 +1.478986810e+00 +1.478986810e+00 -1.551101319e+01 -1.551101319e+01 -3.1779e+00 -4.3508e+00 +2.3375e+00 -1.1012e+00 -2.7834e+00
47015 +1.351051310e+00 +1.351051310e+00 -1.563894869e+01 -1.563894869e+01 -3.3196e+00 -4.2874e+00 +2.3271e+00 -9.2178e-01 -2.8407e+00
47068 +1.339926544e+00 +1.339926544e+00 -1.565007346e+01 -1.565007346e+01 -3.3335e+00 -4.3988e+00 +2.3936e+00 -1.1177e+00 -2.9365e+00
47134 +1.304234194e+00 +1.304234194e+00 -1.568576581e+01 -1.568576581e+01 -3.2987e+00 -4.3884e+00 +2.2772e+00 -1.0098e+00 -2.9322e+00
47208 +1.286901587e+00 +1.286901587e+00 -1.570309841e+01 -1.570309841e+01 -3.2404e+00 -4.3435e+00 +2.3445e+00 -1.0334e+00 -2.9817e+00
47394 +1.256549203e+00 +1.256549203e+00 -1.573345080e+01 -1.573345080e+01 -3.1780e+00 -4.2743e+00 +2.3967e+00 -1.0677e+00 -2.8977e+00
% function evaluation | noise-free fitness - Fopt (2.740000000000e+00) | best noise-free fitness - Fopt | measured fitness | best measured fitness | x1 | x2...
1 +6.291308264e+01 +6.291308264e+01 +6.565308264e+01 +6.565308264e+01 +0.0000e+00 +0.0000e+00 +0.0000e+00 +0.0000e+00 +0.0000e+00
2 +5.348417480e+01 +5.348417480e+01 +5.622417480e+01 +5.622417480e+01 +3.0214e+00 -2.2017e+00 -7.3549e-01 -3.1665e-01 +4.4341e+00
6 +4.902936027e+01 +4.902936027e+01 +5.176936027e+01 +5.176936027e+01 +3.0086e+00 -2.4156e+00 -7.3870e-01 -1.7842e-01 +4.4747e+00
8 +4.571158235e+01 +4.571158235e+01 +4.845158235e+01 +4.845158235e+01 +2.8995e+00 -2.2806e+00 -6.9081e-01 -1.8053e-01 +4.2974e+00
30 +4.145434249e+01 +4.145434249e+01 +4.419434249e+01 +4.419434249e+01 +2.9481e+00 -2.5311e+00 -6.2837e-01 -1.0991e-01 +4.2753e+00
32 +3.998787602e+01 +3.998787602e+01 +4.272787602e+01 +4.272787602e+01 +2.6706e+00 -2.4131e+00 -6.6808e-01 -1.7107e-01 +4.3904e+00
48 +3.745707286e+01 +3.745707286e+01 +4.019707286e+01 +4.019707286e+01 +3.0055e+00 -2.4149e+00 -5.1004e-01 +1.0747e-01 +4.0796e+00
56 +3.487197211e+01 +3.487197211e+01 +3.761197211e+01 +3.761197211e+01 +2.7688e+00 -2.6422e+00 -5.2624e-01 +6.5319e-04 +4.4112e+00
57 +3.325134058e+01 +3.325134058e+01 +3.599134058e+01 +3.599134058e+01 +2.8076e+00 -3.0433e+00 -5.6976e-01 +1.8279e-02 +4.4580e+00
72 +2.776676579e+01 +2.776676579e+01 +3.050676579e+01 +3.050676579e+01 +2.5405e+00 -3.1322e+00 -4.9343e-01 -1.1298e-01 +4.3017e+00
78 +2.215999585e+01 +2.215999585e+01 +2.489999585e+01 +2.489999585e+01 +2.3770e+00 -2.8637e+00 -4.9180e-01 +2.6719e-01 +4.2221e+00
103 +2.146453443e+01 +2.146453443e+01 +2.420453443e+01 +2.420453443e+01 +2.2259e+00 -2.6072e+00 -1.8613e-01 +1.5901e-01 +3.9688e+00
108 +2.001279794e+01 +2.001279794e+01 +2.275279794e+01 +2.275279794e+01 +2.0763e+00 -3.1444e+00 -3.2109e-01 +6.9193e-02 +4.3163e+00
117 +1.829240506e+01 +1.829240506e+01 +2.103240506e+01 +2.103240506e+01 +1.6517e+00 -3.4903e+00 -6.6646e-01 +3.5986e-01 +4.9380e+00
120 +1.664442585e+01 +1.664442585e+01 +1.938442585e+01 +1.938442585e+01 +1.5631e+00 -3.7102e+00 -3.7805e-01 +9.7941e-02 +4.5847e+00
132 +1.050267671e+01 +1.050267671e+01 +1.324267671e+01 +1.324267671e+01 +1.6983e+00 -3.8388e+00 -3.9635e-01 +5.7179e-01 +4.3917e+00
153 +8.026329113e+00 +8.026329113e+00 +1.076632911e+01 +1.076632911e+01 +1.2370e+00 -2.7316e+00 -4.8760e-01 +1.0602e+00 +3.8088e+00
198 +7.434578059e+00 +7.434578059e+00 +1.017457806e+01 +1.017457806e+01 +1.5995e+00 -3.8130e+00 -4.5432e-02 +9.3167e-01 +3.7381e+00
220 +5.626773757e+00 +5.626773757e+00 +8.366773757e+00 +8.366773757e+00 +9.4568e-01 -3.6326e+00 -2.0435e-01 +1.0914e+00 +3.8658e+00
228 +5.285608817e+00 +5.285608817e+00 +8.025608817e+00 +8.025608817e+00 +9.6691e-01 -3.8193e+00 -6.2988e-01 +7.9410e-01 +3.6204e+00
242 +3.873133135e+00 +3.873133135e+00 +6.613133135e+00 +6.613133135e+00 +5.4427e-01 -3.9377e+00 -5.7219e-01 +1.0274e+00 +3.6540e+00
352 +3.791144017e+00 +3.791144017e+00 +6.531144017e+00 +6.531144017e+00 +5.5611e-01 -3.2182e+00 -6.0047e-01 +1.3084e+00 +3.4774e+00
405 +3.149093960e+00 +3.149093960e+00 +5.889093960e+00 +5.889093960e+00 +4.7859e-01 -3.2299e+00 -8.2840e-01 +1.1276e+00 +3.4407e+00
473 +3.037706414e+00 +3.037706414e+00 +5.777706414e+00 +5.777706414e+00 +1.0436e-01 -3.6241e+00 -8.9785e-01 +1.1479e+00 +3.4972e+00
484 +2.826620801e+00 +2.826620801e+00 +5.566620801e+00 +5.566620801e+00 +3.0785e-01 -3.5475e+00 -9.1835e-01 +1.2525e+00 +3.5487e+00
594 +2.796053481e+00 +2.796053481e+00 +5.536053481e+00 +5.536053481e+00 +2.2439e-01 -3.4790e+00 -9.8924e-01 +1.1796e+00 +3.5130e+00
4459 +1.976029082e+00 +1.976029082e+00 +4.716029082e+00 +4.716029082e+00 +2.8374e+00 -1.9976e+00 +2.1233e+00 -8.6028e-01 -3.1235e-01
4464 +1.617979121e+00 +1.617979121e+00 +4.357979121e+00 +4.357979121e+00 +2.4999e+00 -2.0415e+00 +2.4310e+00 -1.1425e+00 -1.4191e-02
4478 +4.853696117e-01 +4.853696117e-01 +3.225369612e+00 +3.225369612e+00 +2.6791e+00 -2.6105e+00 +2.4671e+00 -1.2897e+00 -9.8448e-02
4538 +4.466945173e-01 +4.466945173e-01 +3.186694517e+00 +3.186694517e+00 +1.8720e+00 -1.6099e+00 +2.6749e+00 -1.8743e+00 -6.3620e-01
4541 +1.455023200e-01 +1.455023200e-01 +2.885502320e+00 +2.885502320e+00 +2.2803e+00 -2.1095e+00 +2.7648e+00 -1.8761e+00 +1.0261e-01
4646 +1.439528574e-01 +1.439528574e-01 +2.883952857e+00 +2.883952857e+00 +2.4758e+00 -2.0240e+00 +2.6211e+00 -1.5993e+00 -2.8224e-01
4652 +6.050394112e-02 +6.050394112e-02 +2.800503941e+00 +2.800503941e+00 +2.0393e+00 -2.3253e+00 +2.8769e+00 -1.7771e+00 -1.7470e-01
4773 +4.692069228e-02 +4.692069228e-02 +2.786920692e+00 +2.786920692e+00 +2.1779e+00 -2.0491e+00 +2.8786e+00 -1.7780e+00 -1.7636e-01
4786 +1.246413355e-02 +1.246413355e-02 +2.752464134e+00 +2.752464134e+00 +2.0157e+00 -1.9150e+00 +3.0723e+00 -2.0958e+00 -1.4732e-01
4998 +6.522602682e-03 +6.522602682e-03 +2.746522603e+00 +2.746522603e+00 +2.0840e+00 -2.1000e+00 +3.0252e+00 -2.0486e+00 -1.6322e-01
5029 +3.651195393e-03 +3.651195393e-03 +2.743651195e+00 +2.743651195e+00 +1.7330e+00 -1.9849e+00 +3.1049e+00 -2.2561e+00 -5.2148e-02
5152 +1.146266312e-03 +1.146266312e-03 +2.741146266e+00 +2.741146266e+00 +2.0232e+00 -2.0644e+00 +3.2237e+00 -2.1555e+00 -2.2444e-01
5166 +8.950164860e-04 +8.950164860e-04 +2.740895016e+00 +2.740895016e+00 +2.0260e+00 -2.0390e+00 +3.3473e+00 -2.3244e+00 -1.4961e-01
5218 +8.606257946e-04 +8.606257946e-04 +2.740860626e+00 +2.740860626e+00 +1.9501e+00 -2.0908e+00 +3.2614e+00 -2.2666e+00 -1.6071e-01
5240 +1.266296174e-04 +1.266296174e-04 +2.740126630e+00 +2.740126630e+00 +1.8077e+00 -2.0000e+00 +3.2901e+00 -2.2943e+00 -1.3389e-01
5284 +1.163963971e-04 +1.163963971e-04 +2.740116396e+00 +2.740116396e+00 +1.8667e+00 -2.0143e+00 +3.2820e+00 -2.2763e+00 -1.5897e-01
5328 +1.094958145e-04 +1.094958145e-04 +2.740109496e+00 +2.740109496e+00 +1.8434e+00 -2.0027e+00 +3.2858e+00 -2.2945e+00 -1.3701e-01
5350 +6.589322901e-05 +6.589322901e-05 +2.740065893e+00 +2.740065893e+00 +1.8559e+00 -1.9877e+00 +3.3237e+00 -2.3548e+00 -1.4959e-01
5372 +1.130441209e-05 +1.130441209e-05 +2.740011304e+00 +2.740011304e+00 +1.8404e+00 -1.9868e+00 +3.3458e+00 -2.3511e+00 -1.6491e-01
5394 +8.755596689e-06 +8.755596689e-06 +2.740008756e+00 +2.740008756e+00 +1.8256e+00 -1.9692e+00 +3.3783e+00 -2.3973e+00 -1.4863e-01
5438 +5.514958585e-06 +5.514958585e-06 +2.740005515e+00 +2.740005515e+00 +1.7676e+00 -1.9588e+00 +3.3819e+00 -2.4234e+00 -1.5282e-01
5592 +1.014024696e-06 +1.014024696e-06 +2.740001014e+00 +2.740001014e+00 +1.7916e+00 -1.9647e+00 +3.3759e+00 -2.3862e+00 -1.7026e-01
5790 +7.482924174e-07 +7.482924174e-07 +2.740000748e+00 +2.740000748e+00 +1.7315e+00 -1.9574e+00 +3.4330e+00 -2.4501e+00 -1.4611e-01
5812 +2.364393930e-07 +2.364393930e-07 +2.740000236e+00 +2.740000236e+00 +1.7381e+00 -1.9493e+00 +3.4350e+00 -2.4466e+00 -1.5569e-01
5849 +1.611858331e-07 +1.611858331e-07 +2.740000161e+00 +2.740000161e+00 +1.7638e+00 -1.9407e+00 +3.4234e+00 -2.4327e+00 -1.6585e-01
5856 +1.256946502e-08 +1.256946502e-08 +2.740000013e+00 +2.740000013e+00 +1.7561e+00 -1.9477e+00 +3.4297e+00 -2.4410e+00 -1.6317e-01
5988 +3.060717013e-09 +3.060717013e-09 +2.740000003e+00 +2.740000003e+00 +1.7618e+00 -1.9533e+00 +3.4239e+00 -2.4324e+00 -1.6260e-01
% function evaluation | noise-free fitness - Fopt (-3.564000000000e+01) | best noise-free fitness - Fopt | measured fitness | best measured fitness | x1 | x2...
1 +6.419139959e+01 +6.419139959e+01 +2.855139959e+01 +2.855139959e+01 +0.0000e+00 +0.0000e+00 +0.0000e+00 +0.0000e+00 +0.0000e+00
46 +5.743223016e+01 +5.743223016e+01 +2.179223016e+01 +2.179223016e+01 -2.3317e+00 -1.4141e+00 +3.3286e-01 -4.8467e+00 -2.5550e+00
73 +5.124596364e+01 +5.124596364e+01 +1.560596364e+01 +1.560596364e+01 -2.2111e+00 -8.0939e-01 +5.9941e-01 -5.0028e+00 -3.0372e+00
74 +4.476215966e+01 +4.476215966e+01 +9.122159665e+00 +9.122159665e+00 -2.4975e+00 -1.1320e+00 +6.6469e-01 -4.3427e+00 -2.7358e+00
77 +3.277575791e+01 +3.277575791e+01 -2.864242094e+00 -2.864242094e+00 -1.7741e+00 -1.2476e+00 +5.7620e-01 -4.7890e+00 -3.1302e+00
79 +2.557567026e+01 +2.557567026e+01 -1.006432974e+01 -1.006432974e+01 -2.2083e+00 -1.2116e+00 +5.9762e-01 -4.4749e+00 -3.5260e+00
92 +2.314256005e+01 +2.314256005e+01 -1.249743995e+01 -1.249743995e+01 -2.3651e+00 -1.3576e+00 +6.1209e-01 -4.2601e+00 -3.8358e+00
96 +2.078448787e+01 +2.078448787e+01 -1.485551213e+01 -1.485551213e+01 -1.8246e+00 -1.1402e+00 +9.4774e-01 -3.7739e+00 -4.6126e+00
110 +1.999266012e+01 +1.999266012e+01 -1.564733988e+01 -1.564733988e+01 -1.9460e+00 -1.2387e+00 +6.0056e-01 -4.3748e+00 -4.0491e+00
113 +1.424545414e+01 +1.424545414e+01 -2.139454586e+01 -2.139454586e+01 -1.8710e+00 -1.3238e+00 +5.9219e-01 -3.2654e+00 -3.8415e+00
132 +1.278517580e+01 +1.278517580e+01 -2.285482420e+01 -2.285482420e+01 -1.4427e+00 -1.4441e+00 +3.5921e-01 -4.0086e+00 -3.8272e+00
135 +1.074570202e+01 +1.074570202e+01 -2.489429798e+01 -2.489429798e+01 -8.0002e-01 -1.0361e+00 +3.7877e-01 -3.6352e+00 -3.4953e+00
151 +7.533845331e+00 +7.533845331e+00 -2.810615467e+01 -2.810615467e+01 -1.0291e+00 -1.6212e+00 +1.0876e+00 -2.5790e+00 -3.1233e+00
198 +7.191331222e+00 +7.191331222e+00 -2.844866878e+01 -2.844866878e+01 -8.2034e-01 -1.8757e+00 +1.1451e+00 -2.7665e+00 -3.6954e+00
330 +6.857551879e+00 +6.857551879e+00 -2.878244812e+01 -2.878244812e+01 -9.1962e-01 -2.0016e+00 +1.2061e+00 -3.0797e+00 -3.3816e+00
382 +6.734958705e+00 +6.734958705e+00 -2.890504130e+01 -2.890504130e+01 -6.2784e-01 -1.5150e+00 +1.1214e+00 -2.6970e+00 -3.5041e+00
396 +6.425722831e+00 +6.425722831e+00 -2.921427717e+01 -2.921427717e+01 -7.6748e-01 -1.7281e+00 +1.3288e+00 -2.8994e+00 -3.3513e+00
584 +6.290690093e+00 +6.290690093e+00 -2.934930991e+01 -2.934930991e+01 -6.4236e-01 -1.7034e+00 +1.1943e+00 -2.9016e+00 -3.4682e+00
3676 +6.152128208e+00 +6.152128208e+00 -2.948787179e+01 -2.948787179e+01 +3.7751e+00 -2.9774e-01 +3.9935e-01 -2.5013e+00 -1.0114e-01
3912 +6.025113229e+00 +6.025113229e+00 -2.961488677e+01 -2.961488677e+01 +3.7707e+00 -4.1523e-01 +3.7107e-01 -2.2905e+00 -3.6953e-01
4209 +5.874991503e+00 +5.874991503e+00 -2.976500850e+01 -2.976500850e+01 +3.5954e+00 -4.0516e-01 +5.0300e-01 -2.2791e+00 -4.8140e-01
24678 +5.190712341e+00 +5.190712341e+00 -3.044928766e+01 -3.044928766e+01 -6.6112e-01 -7.2896e-01 -2.5512e+00 -2.3332e-01 -1.0091e+00
24682 +4.674928557e+00 +4.674928557e+00 -3.096507144e+01 -3.096507144e+01 -5.4863e-01 -6.7190e-01 -2.5095e+00 -1.4439e-01 -9.6810e-01
24690 +4.122056155e+00 +4.122056155e+00 -3.151794384e+01 -3.151794384e+01 -4.1245e-01 -9.2135e-01 -2.4398e+00 -1.2467e-01 -9.6629e-01
24696 +3.820042322e+00 +3.820042322e+00 -3.181995768e+01 -3.181995768e+01 -5.3880e-01 -1.2323e+00 -2.6890e+00 -1.9803e-02 -9.4044e-01
24699 +3.451868240e+00 +3.451868240e+00 -3.218813176e+01 -3.218813176e+01 -2.7355e-01 -1.0172e+00 -2.8143e+00 -2.3746e-01 -8.4395e-01
24714 +3.190992119e+00 +3.190992119e+00 -3.244900788e+01 -3.244900788e+01 -3.8710e-01 -9.2435e-01 -2.7559e+00 -1.2906e-01 -9.1243e-01
24736 +2.952746377e+00 +2.952746377e+00 -3.268725362e+01 -3.268725362e+01 -3.7022e-01 -9.4244e-01 -2.6433e+00 +1.1263e-01 -8.4113e-01
24846 +2.943424714e+00 +2.943424714e+00 -3.269657529e+01 -3.269657529e+01 -3.4382e-01 -9.1421e-01 -2.7304e+00 +3.2454e-02 -1.0406e+00
24926 +2.867723927e+00 +2.867723927e+00 -3.277227607e+01 -3.277227607e+01 -1.1622e-01 -1.0939e+00 -2.5898e+00 +2.2834e-01 -8.2762e-01
24975 +2.803323843e+00 +2.803323843e+00 -3.283667616e+01 -3.283667616e+01 -2.3688e-01 -9.5592e-01 -2.6885e+00 +1.5521e-01 -9.6101e-01
29470 +2.047675063e+00 +2.047675063e+00 -3.359232494e+01 -3.359232494e+01 +4.0898e+00 -1.5131e+00 -1.3102e+00 -4.0491e+00 -3.1374e+00
29492 +1.906685147e+00 +1.906685147e+00 -3.373331485e+01 -3.373331485e+01 +4.0949e+00 -1.5092e+00 -1.1176e+00 -4.1670e+00 -3.6225e+00
29514 +1.879885685e+00 +1.879885685e+00 -3.376011432e+01 -3.376011432e+01 +4.0197e+00 -2.2476e+00 -7.2320e-01 -4.0286e+00 -3.4723e+00
29580 +1.807968563e+00 +1.807968563e+00 -3.383203144e+01 -3.383203144e+01 +3.8987e+00 -1.8687e+00 -1.3030e+00 -4.0819e+00 -3.6189e+00
29602 +1.697059888e+00 +1.697059888e+00 -3.394294011e+01 -3.394294011e+01 +3.8219e+00 -1.7473e+00 -1.2213e+00 -4.0872e+00 -3.6014e+00
29668 +1.595287583e+00 +1.595287583e+00 -3.404471242e+01 -3.404471242e+01 +4.0529e+00 -1.9519e+00 -1.1267e+00 -4.1299e+00 -3.5172e+00
29699 +1.570939016e+00 +1.570939016e+00 -3.406906098e+01 -3.406906098e+01 +3.8708e+00 -1.8678e+00 -8.9711e-01 -4.3042e+00 -3.7090e+00
29712 +1.541836747e+00 +1.541836747e+00 -3.409816325e+01 -3.409816325e+01 +3.9969e+00 -1.7146e+00 -1.0797e+00 -4.0860e+00 -3.5963e+00
29721 +1.430805926e+00 +1.430805926e+00 -3.420919407e+01 -3.420919407e+01 +3.8630e+00 -1.7083e+00 -9.0370e-01 -4.2073e+00 -3.6120e+00
29730 +1.389727160e+00 +1.389727160e+00 -3.425027284e+01 -3.425027284e+01 +3.7285e+00 -1.8869e+00 -9.7461e-01 -4.0822e+00 -3.6043e+00
29746 +1.360468104e+00 +1.360468104e+00 -3.427953190e+01 -3.427953190e+01 +3.7750e+00 -1.7672e+00 -9.9207e-01 -4.1626e+00 -3.4674e+00
29778 +1.320979343e+00 +1.320979343e+00 -3.431902066e+01 -3.431902066e+01 +3.8310e+00 -1.9008e+00 -8.9001e-01 -4.1402e+00 -3.6091e+00
29800 +1.264243284e+00 +1.264243284e+00 -3.437575672e+01 -3.437575672e+01 +3.8372e+00 -1.8300e+00 -9.0634e-01 -4.1508e+00 -3.5040e+00
29844 +1.250772104e+00 +1.250772104e+00 -3.438922790e+01 -3.438922790e+01 +3.8739e+00 -1.8471e+00 -8.7857e-01 -4.1283e+00 -3.4725e+00
% function evaluation | noise-free fitness - Fopt (-4.590900000000e+02) | best noise-free fitness - Fopt | measured fitness | best measured fitness | x1 | x2...
1 +5.870251641e+01 +5.870251641e+01 -4.003874836e+02 -4.003874836e+02 +0.0000e+00 +0.0000e+00 +0.0000e+00 +0.0000e+00 +0.0000e+00
2 +3.173018503e+01 +3.173018503e+01 -4.273598150e+02 -4.273598150e+02 +2.9566e+00 -6.3192e-01 +1.2682e+00 +2.6368e+00 -1.4944e-01
6 +2.656525824e+01 +2.656525824e+01 -4.325247418e+02 -4.325247418e+02 +2.8618e+00 -5.6294e-01 +1.2804e+00 +2.7927e+00 -5.8793e-02
8 +2.201838793e+01 +2.201838793e+01 -4.370716121e+02 -4.370716121e+02 +2.8232e+00 -6.8071e-01 +1.2173e+00 +2.9283e+00 +1.0949e-01
11 +1.915507485e+01 +1.915507485e+01 -4.399349252e+02 -4.399349252e+02 +2.9160e+00 -5.8561e-01 +1.3524e+00 +2.9186e+00 -3.8191e-01
28 +1.687013320e+01 +1.687013320e+01 -4.422198668e+02 -4.422198668e+02 +2.7006e+00 -6.5069e-01 +1.2354e+00 +3.0417e+00 -3.6970e-01
43 +1.618886882e+01 +1.618886882e+01 -4.429011312e+02 -4.429011312e+02 +2.7926e+00 -7.4981e-01 +1.3155e+00 +2.9882e+00 -4.7072e-01
69 +1.520847167e+01 +1.520847167e+01 -4.438815283e+02 -4.438815283e+02 +2.5820e+00 -7.8464e-01 +1.0720e+00 +2.8469e+00 -5.6301e-01
109 +1.451122197e+01 +1.451122197e+01 -4.445787780e+02 -4.445787780e+02 +2.2889e+00 -8.1116e-01 +1.3794e+00 +2.8840e+00 -6.6393e-01
115 +1.352536062e+01 +1.352536062e+01 -4.455646394e+02 -4.455646394e+02 +2.1575e+00 -6.2748e-01 +1.1534e+00 +2.8533e+00 -1.1425e+00
154 +1.341034074e+01 +1.341034074e+01 -4.456796593e+02 -4.456796593e+02 +2.2806e+00 -7.5109e-01 +1.3809e+00 +2.9264e+00 -9.1911e-01
242 +1.303663838e+01 +1.303663838e+01 -4.460533616e+02 -4.460533616e+02 +2.3404e+00 -6.3842e-01 +1.4367e+00 +2.9366e+00 -1.1270e+00
264 +1.258176128e+01 +1.258176128e+01 -4.465082387e+02 -4.465082387e+02 +2.3002e+00 -5.6168e-01 +1.4798e+00 +2.9288e+00 -1.2201e+00
286 +1.220104189e+01 +1.220104189e+01 -4.468889581e+02 -4.468889581e+02 +2.2010e+00 -5.1488e-01 +1.4885e+00 +2.9000e+00 -1.3756e+00
330 +1.197254616e+01 +1.197254616e+01 -4.471174538e+02 -4.471174538e+02 +2.0882e+00 -5.1763e-01 +1.5287e+00 +2.9146e+00 -1.3710e+00
337 +1.150544720e+01 +1.150544720e+01 -4.475845528e+02 -4.475845528e+02 +1.7996e+00 -4.0015e-01 +1.6455e+00 +3.0076e+00 -1.6153e+00
400 +1.145379384e+01 +1.145379384e+01 -4.476362062e+02 -4.476362062e+02 +1.5769e+00 -4.1242e-01 +1.4600e+00 +2.9224e+00 -1.4642e+00
424 +1.112684987e+01 +1.112684987e+01 -4.479631501e+02 -4.479631501e+02 +1.7994e+00 -3.0307e-01 +1.4855e+00 +2.9148e+00 -1.5720e+00
477 +1.077943409e+01 +1.077943409e+01 -4.483105659e+02 -4.483105659e+02 +1.7565e+00 -1.3113e-01 +1.5444e+00 +2.8988e+00 -1.8542e+00
506 +1.071199138e+01 +1.071199138e+01 -4.483780086e+02 -4.483780086e+02 +1.5992e+00 -1.3735e-01 +1.4950e+00 +2.9613e+00 -1.7473e+00
594 +1.044802372e+01 +1.044802372e+01 -4.486419763e+02 -4.486419763e+02 +1.4145e+00 -3.4050e-02 +1.4746e+00 +2.9398e+00 -2.0117e+00
826 +1.021455961e+01 +1.021455961e+01 -4.488754404e+02 -4.488754404e+02 +1.3069e+00 +1.7174e-01 +1.5925e+00 +2.9358e+00 -2.3634e+00
1298 +9.989639025e+00 +9.989639025e+00 -4.491003610e+02 -4.491003610e+02 +1.3439e+00 +2.9535e-01 +2.0271e+00 +2.9461e+00 -2.9604e+00
5361 +8.971041878e+00 +8.971041878e+00 -4.501189581e+02 -4.501189581e+02 -2.3666e+00 +1.2789e-02 +6.4798e-01 -2.4002e+00 -2.6346e+00
5381 +3.701496932e+00 +3.701496932e+00 -4.553885031e+02 -4.553885031e+02 -2.6235e+00 +4.3514e-01 +5.8939e-01 -2.4496e+00 -2.0575e+00
5408 +2.627699729e+00 +2.627699729e+00 -4.564623003e+02 -4.564623003e+02 -2.3908e+00 -4.4517e-01 +6.6768e-01 -2.7985e+00 -2.9199e+00
5413 +7.019144160e-01 +7.019144160e-01 -4.583880856e+02 -4.583880856e+02 -2.8546e+00 +2.5170e-01 +5.4194e-01 -2.7704e+00 -2.3200e+00
5427 +3.879005987e-01 +3.879005987e-01 -4.587020994e+02 -4.587020994e+02 -2.6588e+00 +1.0783e-01 +5.2932e-01 -3.1121e+00 -2.6423e+00
5439 +2.041871304e-01 +2.041871304e-01 -4.588858129e+02 -4.588858129e+02 -2.2484e+00 -4.3391e-01 +7.4189e-01 -3.2863e+00 -2.7873e+00
5457 +1.541476029e-01 +1.541476029e-01 -4.589358524e+02 -4.589358524e+02 -3.2667e+00 -5.8465e-02 +1.9873e-01 -3.1863e+00 -2.8824e+00
5458 +9.667239393e-02 +9.667239393e-02 -4.589933276e+02 -4.589933276e+02 -2.7584e+00 -3.2079e-01 +4.2896e-01 -3.3389e+00 -3.0650e+00
5480 +2.357475399e-02 +2.357475399e-02 -4.590664252e+02 -4.590664252e+02 -3.0271e+00 -5.4037e-01 +3.8604e-01 -3.3034e+00 -3.0167e+00
5514 +3.758248134e-03 +3.758248134e-03 -4.590862418e+02 -4.590862418e+02 -2.7563e+00 -7.7471e-01 +5.0312e-01 -3.4475e+00 -2.7554e+00
5564 +2.532783034e-03 +2.532783034e-03 -4.590874672e+02 -4.590874672e+02 -2.7333e+00 -8.1550e-01 +4.9901e-01 -3.4763e+00 -2.8859e+00
5568 +9.281558397e-04 +9.281558397e-04 -4.590890718e+02 -4.590890718e+02 -2.9365e+00 -5.9891e-01 +4.2833e-01 -3.4667e+00 -2.8035e+00
5722 +6.523389027e-04 +6.523389027e-04 -4.590893477e+02 -4.590893477e+02 -2.9700e+00 -7.0430e-01 +4.7945e-01 -3.4537e+00 -2.9403e+00
5740 +4.323274516e-05 +4.323274516e-05 -4.590899568e+02 -4.590899568e+02 -2.9627e+00 -7.5527e-01 +3.4043e-01 -3.5092e+00 -3.0121e+00
5758 +2.718182839e-05 +2.718182839e-05 -4.590899728e+02 -4.590899728e+02 -2.9410e+00 -7.8312e-01 +3.9505e-01 -3.5466e+00 -2.9841e+00
5788 +2.365766028e-05 +2.365766028e-05 -4.590899763e+02 -4.590899763e+02 -3.0130e+00 -7.5488e-01 +3.4328e-01 -3.5199e+00 -2.9814e+00
6008 +1.082885063e-05 +1.082885063e-05 -4.590899892e+02 -4.590899892e+02 -2.9897e+00 -7.0536e-01 +3.7643e-01 -3.5159e+00 -2.9647e+00
6030 +5.785292615e-06 +5.785292615e-06 -4.590899942e+02 -4.590899942e+02 -2.9650e+00 -7.2741e-01 +3.7888e-01 -3.5259e+00 -2.9796e+00
6052 +3.874202321e-06 +3.874202321e-06 -4.590899961e+02 -4.590899961e+02 -2.9670e+00 -7.2566e-01 +3.6431e-01 -3.5273e+00 -2.9746e+00
6067 +9.179496487e-07 +9.179496487e-07 -4.590899991e+02 -4.590899991e+02 -2.9839e+00 -7.4334e-01 +3.5495e-01 -3.5369e+00 -2.9974e+00
6118 +1.541495180e-07 +1.541495180e-07 -4.590899998e+02 -4.590899998e+02 -2.9800e+00 -7.5601e-01 +3.3451e-01 -3.5432e+00 -3.0069e+00
6228 +6.022600019e-08 +6.022600019e-08 -4.590899999e+02 -4.590899999e+02 -2.9818e+00 -7.5999e-01 +3.3834e-01 -3.5441e+00 -3.0140e+00
6260 +2.794990905e-08 +2.794990905e-08 -4.590900000e+02 -4.590900000e+02 -2.9816e+00 -7.7601e-01 +3.3705e-01 -3.5515e+00 -3.0243e+00
6316 +1.184457687e-08 +1.184457687e-08 -4.590900000e+02 -4.590900000e+02 -2.9678e+00 -7.7856e-01 +3.3686e-01 -3.5529e+00 -3.0175e+00
6342 +1.087147439e-08 +1.087147439e-08 -4.590900000e+02 -4.590900000e+02 -2.9749e+00 -7.7117e-01 +3.3519e-01 -3.5548e+00 -3.0234e+00
6404 +1.061277999e-08 +1.061277999e-08 -4.590900000e+02 -4.590900000e+02 -2.9732e+00 -7.7512e-01 +3.3828e-01 -3.5523e+00 -3.0223e+00
6448 +5.918138868e-09 +5.918138868e-09 -4.590900000e+02 -4.590900000e+02 -2.9785e+00 -7.7170e-01 +3.3311e-01 -3.5516e+00 -3.0191e+00
% function evaluation | noise-free fitness - Fopt (6.085000000000e+01) | best noise-free fitness - Fopt | measured fitness | best measured fitness | x1 | x2...
1 +6.278523772e+01 +6.278523772e+01 +1.236352377e+02 +1.236352377e+02 +0.0000e+00 +0.0000e+00 +0.0000e+00 +0.0000e+00 +0.0000e+00
12 +6.165516276e+01 +6.165516276e+01 +1.225051628e+02 +1.225051628e+02 +8.7276e-02 +4.7233e+00 -2.0078e+00 -1.0931e+00 +2.1724e+00
28 +6.016462412e+01 +6.016462412e+01 +1.210146241e+02 +1.210146241e+02 -5.7038e-02 +4.8423e+00 -2.0510e+00 -1.1881e+00 +1.9279e+00
50 +5.799693409e+01 +5.799693409e+01 +1.188469341e+02 +1.188469341e+02 -2.6241e-02 +4.8504e+00 -1.8538e+00 -8.6700e-01 +2.0501e+00
54 +5.692809611e+01 +5.692809611e+01 +1.177780961e+02 +1.177780961e+02 +1.1757e-01 +4.9202e+00 -2.0970e+00 -1.1038e+00 +1.7870e+00
56 +5.609776129e+01 +5.609776129e+01 +1.169477613e+02 +1.169477613e+02 -1.1294e-01 +4.6870e+00 -2.1298e+00 -1.0525e+00 +1.8741e+00
63 +5.479938397e+01 +5.479938397e+01 +1.156493840e+02 +1.156493840e+02 -1.7243e-01 +4.9581e+00 -2.1087e+00 -8.6640e-01 +2.0911e+00
71 +4.977112777e+01 +4.977112777e+01 +1.106211278e+02 +1.106211278e+02 +1.6624e-01 +4.8502e+00 -1.9350e+00 -6.1254e-01 +1.9062e+00
77 +3.802957509e+01 +3.802957509e+01 +9.887957509e+01 +9.887957509e+01 -2.2775e-01 +5.1444e+00 -2.4672e+00 -5.1976e-01 +1.9590e+00
106 +3.376010723e+01 +3.376010723e+01 +9.461010723e+01 +9.461010723e+01 +2.4108e-01 +4.7291e+00 -1.9115e+00 +1.5462e-02 +1.7563e+00
112 +2.745919864e+01 +2.745919864e+01 +8.830919864e+01 +8.830919864e+01 -1.9446e-01 +4.7632e+00 -2.4328e+00 -3.7270e-01 +1.4459e+00
121 +2.609574890e+01 +2.609574890e+01 +8.694574890e+01 +8.694574890e+01 -9.8255e-02 +4.8183e+00 -2.7770e+00 +1.4628e-03 +2.1242e+00
126 +2.446856202e+01 +2.446856202e+01 +8.531856202e+01 +8.531856202e+01 -1.0354e-02 +4.5407e+00 -2.1396e+00 +1.0975e-03 +1.2976e+00
136 +1.378427577e+01 +1.378427577e+01 +7.463427577e+01 +7.463427577e+01 -5.1624e-01 +4.6583e+00 -2.3389e+00 +7.5697e-01 +1.4339e+00
144 +1.184575967e+01 +1.184575967e+01 +7.269575967e+01 +7.269575967e+01 +1.4313e-01 +5.0480e+00 -3.0954e+00 +8.5398e-02 +1.0484e+00
165 +7.973765628e+00 +7.973765628e+00 +6.882376563e+01 +6.882376563e+01 -5.6718e-01 +5.0877e+00 -3.2972e+00 +1.0752e+00 +1.6791e+00
166 +5.203978356e+00 +5.203978356e+00 +6.605397836e+01 +6.605397836e+01 +1.5436e-01 +5.1942e+00 -2.7737e+00 +1.5966e+00 +1.8661e-01
168 +2.245352720e+00 +2.245352720e+00 +6.309535272e+01 +6.309535272e+01 -5.3635e-01 +4.8213e+00 -3.3244e+00 +1.3552e+00 +9.0272e-01
198 +2.053560573e+00 +2.053560573e+00 +6.290356057e+01 +6.290356057e+01 -4.0494e-01 +4.7668e+00 -3.3419e+00 +1.2597e+00 +3.9914e-01
242 +2.027636212e+00 +2.027636212e+00 +6.287763621e+01 +6.287763621e+01 -4.8797e-01 +4.7458e+00 -3.8131e+00 +1.3414e+00 +4.4282e-01
325 +1.949810616e+00 +1.949810616e+00 +6.279981062e+01 +6.279981062e+01 -1.9484e-01 +4.7992e+00 -3.6751e+00 +1.5438e+00 +5.2580e-01
24764 +1.041632444e+00 +1.041632444e+00 +6.189163244e+01 +6.189163244e+01 +1.0116e+00 +2.9222e+00 +3.9027e-01 +1.2042e+00 +2.2296e+00
24771 +6.997156434e-01 +6.997156434e-01 +6.154971564e+01 +6.154971564e+01 +1.1477e+00 +2.7624e+00 -6.1285e-01 +1.9112e+00 +2.6469e+00
24874 +3.452357678e-01 +3.452357678e-01 +6.119523577e+01 +6.119523577e+01 +1.0732e+00 +3.2834e+00 -8.7640e-01 +1.3544e+00 +2.1085e+00
24881 +1.762799043e-01 +1.762799043e-01 +6.102627990e+01 +6.102627990e+01 +1.4045e+00 +3.1248e+00 -9.0821e-01 +1.3156e+00 +2.2838e+00
24918 +1.252902989e-01 +1.252902989e-01 +6.097529030e+01 +6.097529030e+01 +1.5905e+00 +2.7899e+00 -7.5225e-01 +1.0630e+00 +2.1267e+00
24995 +1.188493239e-01 +1.188493239e-01 +6.096884932e+01 +6.096884932e+01 +1.5167e+00 +2.7703e+00 -1.2487e+00 +1.1033e+00 +2.3664e+00
25031 +1.145257516e-01 +1.145257516e-01 +6.096452575e+01 +6.096452575e+01 +1.7273e+00 +2.8865e+00 -1.2979e+00 +1.3311e+00 +2.3064e+00
25041 +9.275669722e-02 +9.275669722e-02 +6.094275670e+01 +6.094275670e+01 +1.3700e+00 +2.8175e+00 -1.0521e+00 +1.2546e+00 +2.3436e+00
25050 +8.754460512e-02 +8.754460512e-02 +6.093754461e+01 +6.093754461e+01 +1.4668e+00 +2.8003e+00 -1.0883e+00 +1.2445e+00 +2.3644e+00
25055 +7.184682272e-02 +7.184682272e-02 +6.092184682e+01 +6.092184682e+01 +1.5263e+00 +3.2886e+00 -1.1052e+00 +1.4442e+00 +2.0457e+00
25072 +4.268187684e-02 +4.268187684e-02 +6.089268188e+01 +6.089268188e+01 +1.4837e+00 +3.0691e+00 -1.0992e+00 +1.4167e+00 +2.2173e+00
25094 +1.170115266e-02 +1.170115266e-02 +6.086170115e+01 +6.086170115e+01 +1.5050e+00 +3.0529e+00 -1.1199e+00 +1.4504e+00 +2.0978e+00
25116 +5.560445496e-03 +5.560445496e-03 +6.085556045e+01 +6.085556045e+01 +1.4540e+00 +3.1195e+00 -1.0425e+00 +1.7929e+00 +1.9312e+00
25138 +4.789076888e-03 +4.789076888e-03 +6.085478908e+01 +6.085478908e+01 +1.3784e+00 +3.0351e+00 -1.1072e+00 +1.7406e+00 +1.9837e+00
25182 +1.141546699e-03 +1.141546699e-03 +6.085114155e+01 +6.085114155e+01 +1.3539e+00 +3.1461e+00 -1.0910e+00 +1.7057e+00 +1.9199e+00
25204 +2.693129335e-04 +2.693129335e-04 +6.085026931e+01 +6.085026931e+01 +1.3165e+00 +3.2095e+00 -1.0379e+00 +1.7920e+00 +1.9177e+00
25303 +2.519263446e-04 +2.519263446e-04 +6.085025193e+01 +6.085025193e+01 +1.2877e+00 +3.1491e+00 -9.6608e-01 +1.6967e+00 +1.9561e+00
25317 +2.422558558e-04 +2.422558558e-04 +6.085024226e+01 +6.085024226e+01 +1.3041e+00 +3.2257e+00 -9.4828e-01 +1.7139e+00 +1.9238e+00
25336 +1.307281276e-04 +1.307281276e-04 +6.085013073e+01 +6.085013073e+01 +1.3253e+00 +3.1548e+00 -9.2930e-01 +1.7072e+00 +1.9571e+00
25358 +8.562548538e-05 +8.562548538e-05 +6.085008563e+01 +6.085008563e+01 +1.3203e+00 +3.1650e+00 -8.7128e-01 +1.7181e+00 +1.9268e+00
25402 +2.626655407e-05 +2.626655407e-05 +6.085002627e+01 +6.085002627e+01 +1.2624e+00 +3.1752e+00 -8.2166e-01 +1.7740e+00 +1.9002e+00
25446 +2.483746767e-05 +2.483746767e-05 +6.085002484e+01 +6.085002484e+01 +1.2130e+00 +3.2304e+00 -8.6020e-01 +1.8609e+00 +1.8934e+00
25490 +6.990750165e-06 +6.990750165e-06 +6.085000699e+01 +6.085000699e+01 +1.2637e+00 +3.2142e+00 -8.3732e-01 +1.8657e+00 +1.9061e+00
25556 +5.038908014e-06 +5.038908014e-06 +6.085000504e+01 +6.085000504e+01 +1.2633e+00 +3.2110e+00 -8.0296e-01 +1.8536e+00 +1.8846e+00
25666 +4.728424884e-06 +4.728424884e-06 +6.085000473e+01 +6.085000473e+01 +1.2385e+00 +3.2231e+00 -8.4697e-01 +1.8635e+00 +1.8938e+00
25693 +1.346814990e-06 +1.346814990e-06 +6.085000135e+01 +6.085000135e+01 +1.2535e+00 +3.2112e+00 -8.3205e-01 +1.8124e+00 +1.9042e+00
25754 +5.225906889e-07 +5.225906889e-07 +6.085000052e+01 +6.085000052e+01 +1.2302e+00 +3.2152e+00 -8.0528e-01 +1.8373e+00 +1.8988e+00
25842 +3.608802857e-07 +3.608802857e-07 +6.085000036e+01 +6.085000036e+01 +1.2461e+00 +3.2215e+00 -8.0705e-01 +1.8463e+00 +1.8983e+00
25864 +1.496007229e-08 +1.496007229e-08 +6.085000001e+01 +6.085000001e+01 +1.2387e+00 +3.2060e+00 -7.8922e-01 +1.8382e+00 +1.9010e+00
25908 +1.391808979e-08 +1.391808979e-08 +6.085000001e+01 +6.085000001e+01 +1.2362e+00 +3.2118e+00 -7.8988e-01 +1.8448e+00 +1.8970e+00
25943 +8.405606877e-09 +8.405606877e-09 +6.085000001e+01 +6.085000001e+01 +1.2366e+00 +3.2090e+00 -7.7164e-01 +1.8506e+00 +1.9000e+00
% function evaluation | noise-free fitness - Fopt (-1.435000000000e+02) | best noise-free fitness - Fopt | measured fitness | best measured fitness | x1 | x2...
1 +6.636973448e+01 +6.636973448e+01 -7.713026552e+01 -7.713026552e+01 +0.0000e+00 +0.0000e+00 +0.0000e+00 +0.0000e+00 +0.0000e+00
2 +1.995807158e+01 +1.995807158e+01 -1.235419284e+02 -1.235419284e+02 -1.4973e+00 -4.5045e+00 -1.0000e+00 -1.5310e+00 +3.7428e+00
9 +1.841414586e+01 +1.841414586e+01 -1.250858541e+02 -1.250858541e+02 -1.4065e+00 -4.4732e+00 -8.3873e-01 -1.2968e+00 +3.7087e+00
12 +1.520072453e+01 +1.520072453e+01 -1.282992755e+02 -1.282992755e+02 -1.5335e+00 -4.3690e+00 -8.4284e-01 -1.6166e+00 +3.8348e+00
26 +1.088434065e+01 +1.088434065e+01 -1.326156594e+02 -1.326156594e+02 -1.4978e+00 -4.3358e+00 -8.8147e-01 -1.4461e+00 +4.0460e+00
54 +9.193388928e+00 +9.193388928e+00 -1.343066111e+02 -1.343066111e+02 -1.5228e+00 -4.3904e+00 -6.9132e-01 -1.5684e+00 +4.1101e+00
57 +7.521052740e+00 +7.521052740e+00 -1.359789473e+02 -1.359789473e+02 -1.5331e+00 -4.2642e+00 -4.9029e-01 -1.4637e+00 +4.1378e+00
90 +6.777413623e+00 +6.777413623e+00 -1.367225864e+02 -1.367225864e+02 -1.6830e+00 -4.2206e+00 -4.8169e-01 -1.3580e+00 +4.2096e+00
93 +5.615865657e+00 +5.615865657e+00 -1.378841343e+02 -1.378841343e+02 -1.7689e+00 -4.0653e+00 -4.9343e-01 -1.5440e+00 +4.6027e+00
121 +3.142052609e+00 +3.142052609e+00 -1.403579474e+02 -1.403579474e+02 -1.8851e+00 -4.0390e+00 -1.4679e-01 -1.4284e+00 +4.5768e+00
200 +2.736397067e+00 +2.736397067e+00 -1.407636029e+02 -1.407636029e+02 -2.1526e+00 -3.9070e+00 +6.0399e-02 -1.3051e+00 +4.6796e+00
225 +2.501527765e+00 +2.501527765e+00 -1.409984722e+02 -1.409984722e+02 -1.8002e+00 -4.1544e+00 +5.7640e-02 -1.0157e+00 +4.3906e+00
315 +2.274337070e+00 +2.274337070e+00 -1.412256629e+02 -1.412256629e+02 -2.3040e+00 -4.2167e+00 +1.3254e-02 -1.0229e+00 +4.6581e+00
374 +2.230261931e+00 +2.230261931e+00 -1.412697381e+02 -1.412697381e+02 -2.2817e+00 -4.2013e+00 -9.7552e-03 -8.7003e-01 +4.7476e+00
410 +2.165612158e+00 +2.165612158e+00 -1.413343878e+02 -1.413343878e+02 -2.0102e+00 -4.2074e+00 +1.5060e-01 -7.8308e-01 +4.5580e+00
693 +2.127758066e+00 +2.127758066e+00 -1.413722419e+02 -1.413722419e+02 -2.1111e+00 -4.2026e+00 +3.0304e-01 -7.2523e-01 +4.5939e+00
30326 +2.057698736e+00 +2.057698736e+00 -1.414423013e+02 -1.414423013e+02 +7.7398e-01 -2.4170e+00 -4.6519e-01 -4.2697e+00 -7.1195e-01
34189 +1.112228382e+00 +1.112228382e+00 -1.423877716e+02 -1.423877716e+02 -7.7836e-01 +1.7528e+00 -3.4889e+00 -6.3419e-01 -1.1238e+00
34278 +7.014652545e-01 +7.014652545e-01 -1.427985347e+02 -1.427985347e+02 -7.8783e-01 +1.7590e+00 -2.8537e+00 -9.2522e-01 -1.3757e+00
34352 +9.158910210e-02 +9.158910210e-02 -1.434084109e+02 -1.434084109e+02 -1.3776e+00 +2.2605e+00 -2.8937e+00 -1.2085e+00 -8.1128e-01
34510 +8.791586141e-02 +8.791586141e-02 -1.434120841e+02 -1.434120841e+02 -1.2864e+00 +2.2054e+00 -2.8660e+00 -1.2116e+00 -9.1233e-01
34556 +6.963649257e-02 +6.963649257e-02 -1.434303635e+02 -1.434303635e+02 -1.4492e+00 +2.0525e+00 -2.9092e+00 -1.2407e+00 -8.8295e-01
34576 +3.704266255e-02 +3.704266255e-02 -1.434629573e+02 -1.434629573e+02 -1.4618e+00 +2.0643e+00 -2.8129e+00 -1.4235e+00 -9.2457e-01
34620 +3.219833039e-02 +3.219833039e-02 -1.434678017e+02 -1.434678017e+02 -1.5770e+00 +2.0865e+00 -2.8273e+00 -1.4096e+00 -9.4472e-01
34666 +1.614774967e-02 +1.614774967e-02 -1.434838523e+02 -1.434838523e+02 -1.7995e+00 +2.1600e+00 -2.6822e+00 -1.4497e+00 -8.2003e-01
34774 +1.577214359e-02 +1.577214359e-02 -1.434842279e+02 -1.434842279e+02 -1.6416e+00 +2.1697e+00 -2.7594e+00 -1.5758e+00 -8.7053e-01
34795 +1.322689411e-02 +1.322689411e-02 -1.434867731e+02 -1.434867731e+02 -1.7383e+00 +2.2754e+00 -2.6490e+00 -1.6669e+00 -7.6601e-01
34818 +1.256483232e-02 +1.256483232e-02 -1.434874352e+02 -1.434874352e+02 -1.6955e+00 +2.1920e+00 -2.6691e+00 -1.4712e+00 -8.5875e-01
34820 +4.838490137e-03 +4.838490137e-03 -1.434951615e+02 -1.434951615e+02 -1.7089e+00 +2.1245e+00 -2.5568e+00 -1.4817e+00 -8.6257e-01
34862 +4.273210614e-03 +4.273210614e-03 -1.434957268e+02 -1.434957268e+02 -1.7406e+00 +2.2432e+00 -2.5484e+00 -1.5647e+00 -8.0578e-01
34906 +3.719169409e-03 +3.719169409e-03 -1.434962808e+02 -1.434962808e+02 -1.7689e+00 +2.2796e+00 -2.4552e+00 -1.4921e+00 -7.9964e-01
34924 +3.479821403e-03 +3.479821403e-03 -1.434965202e+02 -1.434965202e+02 -1.7674e+00 +2.2308e+00 -2.4340e+00 -1.5353e+00 -8.2731e-01
34931 +3.438105530e-03 +3.438105530e-03 -1.434965619e+02 -1.434965619e+02 -1.8326e+00 +2.2157e+00 -2.4666e+00 -1.4730e+00 -7.5044e-01
34939 +2.190757197e-03 +2.190757197e-03 -1.434978092e+02 -1.434978092e+02 -1.8630e+00 +2.2838e+00 -2.4077e+00 -1.5157e+00 -7.7724e-01
34950 +1.901430454e-03 +1.901430454e-03 -1.434980986e+02 -1.434980986e+02 -1.8374e+00 +2.2542e+00 -2.4408e+00 -1.5382e+00 -7.6771e-01
34994 +1.749944858e-03 +1.749944858e-03 -1.434982501e+02 -1.434982501e+02 -1.8749e+00 +2.2306e+00 -2.4486e+00 -1.5089e+00 -7.8365e-01
34996 +1.132276955e-03 +1.132276955e-03 -1.434988677e+02 -1.434988677e+02 -1.8792e+00 +2.2516e+00 -2.3819e+00 -1.4902e+00 -7.9476e-01
35016 +6.192821907e-04 +6.192821907e-04 -1.434993807e+02 -1.434993807e+02 -1.9205e+00 +2.2089e+00 -2.3728e+00 -1.5439e+00 -8.0096e-01
35020 +2.230808563e-04 +2.230808563e-04 -1.434997769e+02 -1.434997769e+02 -1.9757e+00 +2.2096e+00 -2.2454e+00 -1.5322e+00 -8.2063e-01
35098 +1.981510606e-04 +1.981510606e-04 -1.434998018e+02 -1.434998018e+02 -1.9753e+00 +2.2346e+00 -2.2348e+00 -1.5649e+00 -8.0339e-01
35104 +1.411781827e-04 +1.411781827e-04 -1.434998588e+02 -1.434998588e+02 -1.9869e+00 +2.2212e+00 -2.2919e+00 -1.5894e+00 -7.8698e-01
35148 +2.749092565e-05 +2.749092565e-05 -1.434999725e+02 -1.434999725e+02 -2.0322e+00 +2.1996e+00 -2.2152e+00 -1.6001e+00 -7.7888e-01
35192 +6.401845297e-06 +6.401845297e-06 -1.434999936e+02 -1.434999936e+02 -2.0727e+00 +2.2416e+00 -2.1679e+00 -1.6015e+00 -7.4962e-01
35280 +1.713873473e-06 +1.713873473e-06 -1.434999983e+02 -1.434999983e+02 -2.1457e+00 +2.2508e+00 -2.0858e+00 -1.5846e+00 -7.2317e-01
35324 +5.097836890e-07 +5.097836890e-07 -1.434999995e+02 -1.434999995e+02 -2.1001e+00 +2.2285e+00 -2.1068e+00 -1.5916e+00 -7.4790e-01
35526 +2.835325290e-07 +2.835325290e-07 -1.434999997e+02 -1.434999997e+02 -2.1061e+00 +2.2218e+00 -2.1059e+00 -1.5895e+00 -7.5852e-01
35544 +3.198988452e-08 +3.198988452e-08 -1.435000000e+02 -1.435000000e+02 -2.1176e+00 +2.2214e+00 -2.1014e+00 -1.5927e+00 -7.4993e-01
35786 +1.789189241e-08 +1.789189241e-08 -1.435000000e+02 -1.435000000e+02 -2.1387e+00 +2.2267e+00 -2.0846e+00 -1.5920e+00 -7.4218e-01
35805 +6.026908750e-09 +6.026908750e-09 -1.435000000e+02 -1.435000000e+02 -2.1243e+00 +2.2234e+00 -2.0966e+00 -1.5908e+00 -7.4424e-01
% function evaluation | noise-free fitness - Fopt (9.465100000000e+02) | best noise-free fitness - Fopt | measured fitness | best measured fitness | x1 | x2...
1 +3.926232692e+01 +3.926232692e+01 +9.857723269e+02 +9.857723269e+02 +0.0000e+00 +0.0000e+00 +0.0000e+00 +0.0000e+00 +0.0000e+00
2 +2.417936787e+01 +2.417936787e+01 +9.706893679e+02 +9.706893679e+02 +3.6931e+00 +3.2106e+00 -7.2540e-01 +5.7577e-01 +7.3075e-02
11 +2.323343700e+01 +2.323343700e+01 +9.697434370e+02 +9.697434370e+02 +3.6908e+00 +3.0833e+00 -6.1763e-01 +6.6211e-01 -2.2442e-01
30 +2.275630138e+01 +2.275630138e+01 +9.692663014e+02 +9.692663014e+02 +3.6758e+00 +3.0033e+00 -7.4107e-01 +6.4366e-01 -3.4348e-01
49 +2.194124580e+01 +2.194124580e+01 +9.684512458e+02 +9.684512458e+02 +3.6239e+00 +2.3719e+00 -6.6092e-01 +5.6432e-01 -2.0912e-01
58 +2.141081605e+01 +2.141081605e+01 +9.679208160e+02 +9.679208160e+02 +4.2535e+00 +3.1154e+00 -5.4338e-01 +4.4125e-01 -3.5699e-01
82 +2.121987845e+01 +2.121987845e+01 +9.677298785e+02 +9.677298785e+02 +3.8141e+00 +2.4428e+00 -6.4921e-01 +4.7885e-01 -3.5992e-02
84 +2.045531467e+01 +2.045531467e+01 +9.669653147e+02 +9.669653147e+02 +4.1072e+00 +2.8525e+00 -4.0992e-01 +4.0491e-01 -4.9959e-01
90 +2.017913547e+01 +2.017913547e+01 +9.666891355e+02 +9.666891355e+02 +4.1526e+00 +2.2096e+00 -4.4563e-01 -1.6006e-01 -5.5356e-01
110 +1.943839593e+01 +1.943839593e+01 +9.659483959e+02 +9.659483959e+02 +4.0618e+00 +2.6737e+00 -7.3165e-01 +1.3447e-01 -4.3801e-01
2092 +1.711668624e+01 +1.711668624e+01 +9.636266862e+02 +9.636266862e+02 -3.6294e+00 -1.2218e+00 -5.5874e-01 +2.8678e+00 +8.8772e-01
2136 +1.635490820e+01 +1.635490820e+01 +9.628649082e+02 +9.628649082e+02 -3.5311e+00 -1.5284e+00 -7.8820e-01 +2.9847e+00 +1.2483e+00
2224 +1.619656707e+01 +1.619656707e+01 +9.627065671e+02 +9.627065671e+02 -3.3816e+00 -1.6465e+00 -6.8519e-01 +2.9065e+00 +1.2989e+00
2328 +1.578584048e+01 +1.578584048e+01 +9.622958405e+02 +9.622958405e+02 -3.3438e+00 -1.5657e+00 -4.2515e-01 +3.1371e+00 +1.1546e+00
4413 +1.203199610e+01 +1.203199610e+01 +9.585419961e+02 +9.585419961e+02 +4.1363e+00 -4.0272e+00 +1.2868e+00 +4.6202e+00 -5.4141e-01
4492 +8.700782538e+00 +8.700782538e+00 +9.552107825e+02 +9.552107825e+02 +4.8534e+00 -1.0725e+00 +1.3056e+00 -3.9757e-01 -9.5647e-01
4514 +7.039450457e+00 +7.039450457e+00 +9.535494505e+02 +9.535494505e+02 +5.2206e+00 -1.4376e+00 +1.3296e+00 +4.2560e-01 -7.1468e-01
4602 +6.915095559e+00 +6.915095559e+00 +9.534250956e+02 +9.534250956e+02 +4.6720e+00 -1.7379e+00 +1.5898e+00 +5.8467e-01 -5.8078e-01
4609 +6.150293593e+00 +6.150293593e+00 +9.526602936e+02 +9.526602936e+02 +4.7211e+00 -1.5533e+00 +1.5972e+00 +4.0343e-01 -7.1802e-01
4627 +5.555898058e+00 +5.555898058e+00 +9.520658981e+02 +9.520658981e+02 +4.9084e+00 -1.1840e+00 +1.7091e+00 +6.0541e-01 -6.6798e-01
4646 +5.457129330e+00 +5.457129330e+00 +9.519671293e+02 +9.519671293e+02 +4.9726e+00 -1.4070e+00 +1.6945e+00 +5.2415e-01 -7.3794e-01
4712 +5.154019754e+00 +5.154019754e+00 +9.516640198e+02 +9.516640198e+02 +4.9089e+00 -1.0407e+00 +1.8307e+00 +9.1733e-01 -7.7140e-01
4910 +4.843968975e+00 +4.843968975e+00 +9.513539690e+02 +9.513539690e+02 +4.5157e+00 -9.7369e-01 +1.9762e+00 +7.2250e-01 -9.9715e-01
4998 +4.753835370e+00 +4.753835370e+00 +9.512638354e+02 +9.512638354e+02 +4.4957e+00 -9.8811e-01 +2.0990e+00 +8.2315e-01 -9.9617e-01
7417 +1.788467849e+00 +1.788467849e+00 +9.482984678e+02 +9.482984678e+02 +2.9666e+00 -8.6718e-01 -1.3382e+00 -2.9923e+00 -2.3325e+00
7420 +1.029674538e+00 +1.029674538e+00 +9.475396745e+02 +9.475396745e+02 +1.4721e+00 +1.0921e-01 -1.0694e+00 -3.1017e+00 -2.7896e+00
7463 +3.504850987e-01 +3.504850987e-01 +9.468604851e+02 +9.468604851e+02 +1.6725e+00 -2.2925e-01 -8.7619e-01 -2.6676e+00 -2.8649e+00
7537 +1.190525070e-01 +1.190525070e-01 +9.466290525e+02 +9.466290525e+02 +9.2132e-01 -6.4142e-01 -1.5668e+00 -3.8035e+00 -2.3505e+00
7596 +7.339716264e-02 +7.339716264e-02 +9.465833972e+02 +9.465833972e+02 +4.3356e-01 -6.2290e-02 -9.1509e-01 -3.2557e+00 -3.0553e+00
7654 +4.415408417e-02 +4.415408417e-02 +9.465541541e+02 +9.465541541e+02 +9.3634e-01 -1.9413e-01 -1.3468e+00 -3.2384e+00 -2.8775e+00
7684 +1.642731890e-02 +1.642731890e-02 +9.465264273e+02 +9.465264273e+02 +6.2167e-01 -2.6868e-01 -1.1091e+00 -3.2671e+00 -2.8870e+00
7706 +1.542617130e-02 +1.542617130e-02 +9.465254262e+02 +9.465254262e+02 +6.8123e-01 -3.4170e-01 -1.3023e+00 -3.4344e+00 -2.7565e+00
7708 +7.513159845e-03 +7.513159845e-03 +9.465175132e+02 +9.465175132e+02 +1.1871e+00 -4.2082e-01 -1.4309e+00 -3.2393e+00 -2.4465e+00
7728 +3.159447857e-03 +3.159447857e-03 +9.465131594e+02 +9.465131594e+02 +9.4182e-01 -2.7925e-01 -1.2839e+00 -3.2730e+00 -2.6160e+00
7860 +1.346770233e-03 +1.346770233e-03 +9.465113468e+02 +9.465113468e+02 +9.7421e-01 -4.4375e-01 -1.2684e+00 -3.3865e+00 -2.7738e+00
7869 +8.902799977e-04 +8.902799977e-04 +9.465108903e+02 +9.465108903e+02 +1.0851e+00 -4.9095e-01 -1.3497e+00 -3.4699e+00 -2.5779e+00
7906 +3.713553258e-04 +3.713553258e-04 +9.465103714e+02 +9.465103714e+02 +1.1340e+00 -4.8226e-01 -1.3258e+00 -3.4080e+00 -2.7170e+00
7926 +1.175323526e-04 +1.175323526e-04 +9.465101175e+02 +9.465101175e+02 +1.1276e+00 -4.7706e-01 -1.3275e+00 -3.3947e+00 -2.6737e+00
8012 +4.492230244e-05 +4.492230244e-05 +9.465100449e+02 +9.465100449e+02 +1.3188e+00 -5.1248e-01 -1.3394e+00 -3.3292e+00 -2.5854e+00
8102 +2.675581334e-05 +2.675581334e-05 +9.465100268e+02 +9.465100268e+02 +1.3438e+00 -4.9588e-01 -1.4317e+00 -3.3610e+00 -2.5288e+00
8146 +6.475821351e-06 +6.475821351e-06 +9.465100065e+02 +9.465100065e+02 +1.2819e+00 -4.7732e-01 -1.3754e+00 -3.3447e+00 -2.5531e+00
8256 +6.273800182e-06 +6.273800182e-06 +9.465100063e+02 +9.465100063e+02 +1.2940e+00 -4.4433e-01 -1.3512e+00 -3.2969e+00 -2.5679e+00
8278 +3.074453957e-06 +3.074453957e-06 +9.465100031e+02 +9.465100031e+02 +1.3012e+00 -4.4215e-01 -1.3391e+00 -3.3243e+00 -2.5764e+00
8300 +2.760971711e-06 +2.760971711e-06 +9.465100028e+02 +9.465100028e+02 +1.2864e+00 -4.5645e-01 -1.3501e+00 -3.3098e+00 -2.5734e+00
8312 +1.373111559e-06 +1.373111559e-06 +9.465100014e+02 +9.465100014e+02 +1.3067e+00 -4.6712e-01 -1.3391e+00 -3.3381e+00 -2.5872e+00
8344 +9.888536852e-07 +9.888536852e-07 +9.465100010e+02 +9.465100010e+02 +1.2552e+00 -4.5275e-01 -1.3548e+00 -3.3305e+00 -2.5763e+00
8366 +6.046475391e-07 +6.046475391e-07 +9.465100006e+02 +9.465100006e+02 +1.2872e+00 -4.5714e-01 -1.3463e+00 -3.3183e+00 -2.5859e+00
8386 +1.687528766e-07 +1.687528766e-07 +9.465100002e+02 +9.465100002e+02 +1.2320e+00 -4.4204e-01 -1.3296e+00 -3.3357e+00 -2.5990e+00
8388 +1.949013040e-08 +1.949013040e-08 +9.465100000e+02 +9.465100000e+02 +1.2625e+00 -4.5150e-01 -1.3437e+00 -3.3400e+00 -2.5874e+00
8520 +1.135413186e-08 +1.135413186e-08 +9.465100000e+02 +9.465100000e+02 +1.2767e+00 -4.6268e-01 -1.3518e+00 -3.3459e+00 -2.5820e+00
