% function evaluation | noise-free fitness - Fopt (4.078000000000e+01) | best noise-free fitness - Fopt | measured fitness | best measured fitness | x1 | x2...
1 +3.454477296e+01 +3.454477296e+01 +7.532477296e+01 +7.532477296e+01 +0.0000e+00 +0.0000e+00 +0.0000e+00 +0.0000e+00 +0.0000e+00
124 +3.204676562e+01 +3.204676562e+01 +7.282676562e+01 +7.282676562e+01 +8.3995e-02 -1.0532e+00 +4.0103e+00 +2.4190e+00 -4.2552e+00
138 +2.959413870e+01 +2.959413870e+01 +7.037413870e+01 +7.037413870e+01 +8.3711e-01 -1.4526e-01 +3.3934e+00 +2.1919e+00 -4.5736e+00
141 +2.878705841e+01 +2.878705841e+01 +6.956705841e+01 +6.956705841e+01 -2.2746e-01 -4.4913e-01 +4.2182e+00 +3.0448e+00 -3.9602e+00
175 +2.083859875e+01 +2.083859875e+01 +6.161859875e+01 +6.161859875e+01 +1.9826e+00 -3.4630e-01 +4.3657e+00 +2.6982e+00 -4.7218e+00
195 +2.041314068e+01 +2.041314068e+01 +6.119314068e+01 +6.119314068e+01 +1.2858e+00 +1.0827e-01 +4.1531e+00 +2.7879e+00 -4.5175e+00
220 +1.901812129e+01 +1.901812129e+01 +5.979812129e+01 +5.979812129e+01 +1.8466e+00 +1.0433e-02 +4.0299e+00 +2.7321e+00 -4.4840e+00
286 +1.838128830e+01 +1.838128830e+01 +5.916128830e+01 +5.916128830e+01 +1.4130e+00 +5.6699e-01 +4.4868e+00 +2.9084e+00 -4.5665e+00
308 +1.766638801e+01 +1.766638801e+01 +5.844638801e+01 +5.844638801e+01 +1.6790e+00 +3.4959e-01 +4.4451e+00 +3.1606e+00 -4.5995e+00
330 +1.719857239e+01 +1.719857239e+01 +5.797857239e+01 +5.797857239e+01 +1.7892e+00 +4.2531e-01 +4.4305e+00 +3.1046e+00 -4.6375e+00
374 +1.693017767e+01 +1.693017767e+01 +5.771017767e+01 +5.771017767e+01 +1.9076e+00 +6.7118e-01 +4.5485e+00 +2.6809e+00 -4.5938e+00
506 +1.653003046e+01 +1.653003046e+01 +5.731003046e+01 +5.731003046e+01 +1.9788e+00 +5.4762e-01 +4.5157e+00 +2.8561e+00 -4.5509e+00
2387 +1.570415008e+01 +1.570415008e+01 +5.648415008e+01 +5.648415008e+01 -1.9430e+00 -2.7160e+00 +4.2299e+00 -2.0317e+00 +2.6374e+00
2422 +1.489045542e+01 +1.489045542e+01 +5.567045542e+01 +5.567045542e+01 -1.8821e+00 -2.7984e+00 +4.1031e+00 -1.8199e+00 +2.5615e+00
2528 +1.446245160e+01 +1.446245160e+01 +5.524245160e+01 +5.524245160e+01 -1.7990e+00 -3.0187e+00 +4.1473e+00 -1.8707e+00 +2.3325e+00
2532 +1.433679056e+01 +1.433679056e+01 +5.511679056e+01 +5.511679056e+01 -1.8143e+00 -3.1556e+00 +4.1014e+00 -1.8088e+00 +2.3743e+00
11037 +1.405370125e+01 +1.405370125e+01 +5.483370125e+01 +5.483370125e+01 -5.0150e-01 +9.7157e-01 +7.5191e-01 -2.0425e+00 +1.8604e+00
11052 +1.294818118e+01 +1.294818118e+01 +5.372818118e+01 +5.372818118e+01 -6.3255e-01 +8.3426e-01 +6.1939e-01 -9.8709e-01 +1.8172e+00
11055 +8.143784243e+00 +8.143784243e+00 +4.892378424e+01 +4.892378424e+01 -1.7149e+00 +3.8885e-01 +7.6742e-01 -1.8862e+00 +1.6792e+00
11063 +2.534277368e+00 +2.534277368e+00 +4.331427737e+01 +4.331427737e+01 -1.4674e+00 +9.4737e-01 +1.0014e-01 -1.4728e+00 +1.1688e+00
11140 +2.235867987e+00 +2.235867987e+00 +4.301586799e+01 +4.301586799e+01 -1.3812e+00 +7.5585e-01 +7.9058e-01 -1.1405e+00 +7.2487e-01
11184 +1.936864068e+00 +1.936864068e+00 +4.271686407e+01 +4.271686407e+01 -1.7266e+00 +1.3446e+00 +7.7520e-01 -1.4347e+00 +1.0011e+00
11250 +1.878249034e+00 +1.878249034e+00 +4.265824903e+01 +4.265824903e+01 -1.9071e+00 +9.7410e-01 +3.3232e-01 -1.4503e+00 +8.0512e-01
11294 +1.767186208e+00 +1.767186208e+00 +4.254718621e+01 +4.254718621e+01 -1.6503e+00 +1.4652e+00 +7.0549e-01 -1.6350e+00 +8.2877e-01
11404 +1.456199506e+00 +1.456199506e+00 +4.223619951e+01 +4.223619951e+01 -1.7585e+00 +1.2567e+00 +3.5076e-01 -1.5746e+00 +6.7652e-01
11426 +1.368180385e+00 +1.368180385e+00 +4.214818039e+01 +4.214818039e+01 -1.7081e+00 +1.1873e+00 +4.1991e-01 -1.6076e+00 +4.6937e-01
11514 +1.322412152e+00 +1.322412152e+00 +4.210241215e+01 +4.210241215e+01 -1.6277e+00 +1.1805e+00 +5.3311e-01 -1.5173e+00 +4.6327e-01
11536 +1.276226557e+00 +1.276226557e+00 +4.205622656e+01 +4.205622656e+01 -1.6615e+00 +1.2640e+00 +5.9337e-01 -1.5632e+00 +5.1402e-01
11690 +1.253044232e+00 +1.253044232e+00 +4.203304423e+01 +4.203304423e+01 -1.7322e+00 +1.2863e+00 +5.2529e-01 -1.5060e+00 +5.1615e-01
% function evaluation | noise-free fitness - Fopt (-1.600000000000e+00) | best noise-free fitness - Fopt | measured fitness | best measured fitness | x1 | x2...
1 +4.431357451e+01 +4.431357451e+01 +4.271357451e+01 +4.271357451e+01 +0.0000e+00 +0.0000e+00 +0.0000e+00 +0.0000e+00 +0.0000e+00
2 +2.327856130e+01 +2.327856130e+01 +2.167856130e+01 +2.167856130e+01 +2.4179e+00 -9.7544e-01 +1.4061e+00 +9.5266e-01 -6.3074e-01
5 +2.162982754e+01 +2.162982754e+01 +2.002982754e+01 +2.002982754e+01 +2.2274e+00 -5.8579e-01 +1.4004e+00 +1.1418e+00 -4.7815e-01
34 +1.912484845e+01 +1.912484845e+01 +1.752484845e+01 +1.752484845e+01 +2.1414e+00 -7.8191e-01 +1.2086e+00 +7.6337e-01 -5.1792e-01
38 +1.785084391e+01 +1.785084391e+01 +1.625084391e+01 +1.625084391e+01 +2.3550e+00 -5.2624e-01 +1.6705e+00 +5.8396e-01 -4.7034e-01
51 +1.408738448e+01 +1.408738448e+01 +1.248738448e+01 +1.248738448e+01 +2.4078e+00 -9.0607e-01 +1.3164e+00 +5.3817e-01 -2.7655e-02
71 +1.278141341e+01 +1.278141341e+01 +1.118141341e+01 +1.118141341e+01 +2.6405e+00 -9.1076e-01 +1.3429e+00 +1.2244e-01 +1.4840e-01
73 +1.138689190e+01 +1.138689190e+01 +9.786891897e+00 +9.786891897e+00 +2.2853e+00 -1.0078e+00 +1.3792e+00 +2.1156e-01 +9.3564e-02
76 +1.037508830e+01 +1.037508830e+01 +8.775088304e+00 +8.775088304e+00 +2.2523e+00 -7.2736e-01 +1.4439e+00 +5.6254e-01 +3.1428e-01
92 +8.542419064e+00 +8.542419064e+00 +6.942419064e+00 +6.942419064e+00 +2.1239e+00 -3.7478e-01 +1.0412e+00 +6.0893e-02 +4.4012e-01
104 +7.691065677e+00 +7.691065677e+00 +6.091065677e+00 +6.091065677e+00 +1.9800e+00 -4.8707e-01 +1.4598e+00 -5.3866e-01 +5.7681e-01
132 +7.165058107e+00 +7.165058107e+00 +5.565058107e+00 +5.565058107e+00 +1.8340e+00 -3.3313e-01 +1.3376e+00 -2.1680e-01 +9.7590e-01
356 +7.077297688e+00 +7.077297688e+00 +5.477297688e+00 +5.477297688e+00 +1.8327e+00 -4.2111e-01 +1.5566e+00 -2.3610e-01 +8.5414e-01
2239 +5.121506603e+00 +5.121506603e+00 +3.521506603e+00 +3.521506603e+00 +2.6848e+00 +3.8718e-01 +2.8879e-01 -3.4740e+00 -2.1163e+00
2255 +2.403576959e+00 +2.403576959e+00 +8.035769592e-01 +8.035769592e-01 +1.9480e+00 -5.5929e-01 +7.4540e-01 -3.6892e+00 -2.8669e+00
2278 +2.287327123e+00 +2.287327123e+00 +6.873271233e-01 +6.873271233e-01 +1.9547e+00 +5.5903e-01 +1.0258e+00 -3.8024e+00 -1.9547e+00
2290 +1.992823734e+00 +1.992823734e+00 +3.928237339e-01 +3.928237339e-01 +2.3802e+00 +1.7060e-01 +1.0074e+00 -3.7290e+00 -2.0365e+00
2312 +1.902465774e+00 +1.902465774e+00 +3.024657743e-01 +3.024657743e-01 +2.0724e+00 +1.3054e-01 +1.1832e+00 -3.5202e+00 -2.1605e+00
2355 +1.644105403e+00 +1.644105403e+00 +4.410540317e-02 +4.410540317e-02 +2.3176e+00 +2.3683e-02 +1.3180e+00 -4.0230e+00 -2.2502e+00
2378 +1.484806980e+00 +1.484806980e+00 -1.151930198e-01 -1.151930198e-01 +2.1131e+00 +2.0245e-02 +1.3156e+00 -3.7805e+00 -2.2093e+00
2405 +1.307014963e+00 +1.307014963e+00 -2.929850370e-01 -2.929850370e-01 +1.8342e+00 -1.2669e-01 +1.6684e+00 -3.8226e+00 -2.5544e+00
2415 +1.257752109e+00 +1.257752109e+00 -3.422478910e-01 -3.422478910e-01 +1.8136e+00 +1.1602e-01 +1.4494e+00 -3.8555e+00 -2.5488e+00
2418 +1.200925497e+00 +1.200925497e+00 -3.990745026e-01 -3.990745026e-01 +2.1036e+00 -6.8284e-02 +1.5258e+00 -3.8502e+00 -2.4353e+00
2422 +1.039682803e+00 +1.039682803e+00 -5.603171974e-01 -5.603171974e-01 +1.9151e+00 +1.1147e-01 +1.5449e+00 -3.9680e+00 -2.4869e+00
2532 +9.813271934e-01 +9.813271934e-01 -6.186728066e-01 -6.186728066e-01 +1.8964e+00 +3.9018e-02 +1.5324e+00 -4.0048e+00 -2.6115e+00
2708 +9.582563410e-01 +9.582563410e-01 -6.417436590e-01 -6.417436590e-01 +1.8859e+00 -3.6679e-02 +1.5703e+00 -4.1034e+00 -2.6525e+00
2752 +9.484349998e-01 +9.484349998e-01 -6.515650002e-01 -6.515650002e-01 +1.9196e+00 -3.3399e-02 +1.5313e+00 -4.1429e+00 -2.6176e+00
2818 +9.314750736e-01 +9.314750736e-01 -6.685249264e-01 -6.685249264e-01 +1.9470e+00 -3.0413e-02 +1.4808e+00 -4.0508e+00 -2.5893e+00
25172 +7.447786262e-01 +7.447786262e-01 -8.552213738e-01 -8.552213738e-01 +1.6684e+00 -2.0870e+00 +5.0160e-01 +3.4690e+00 -1.7556e+00
25216 +6.063751072e-01 +6.063751072e-01 -9.936248928e-01 -9.936248928e-01 +7.1060e-01 -1.3419e+00 +1.5802e+00 +3.1278e+00 -9.1328e-01
25262 +5.305674289e-01 +5.305674289e-01 -1.069432571e+00 -1.069432571e+00 +1.4229e+00 -1.1186e+00 +1.7146e+00 +3.2873e+00 -1.9552e+00
25284 +1.234121009e-01 +1.234121009e-01 -1.476587899e+00 -1.476587899e+00 +1.5050e+00 -1.3530e+00 +1.1156e+00 +3.2940e+00 -1.7075e+00
25355 +4.476811557e-02 +4.476811557e-02 -1.555231884e+00 -1.555231884e+00 +1.1051e+00 -1.6453e+00 +1.2215e+00 +2.9014e+00 -1.5135e+00
25389 +3.676513896e-03 +3.676513896e-03 -1.596323486e+00 -1.596323486e+00 +1.2596e+00 -1.8430e+00 +8.5114e-01 +3.0093e+00 -1.8465e+00
25416 +3.059791865e-04 +3.059791865e-04 -1.599694021e+00 -1.599694021e+00 +1.1217e+00 -1.9219e+00 +7.8733e-01 +3.0190e+00 -1.9414e+00
25490 +1.880017112e-04 +1.880017112e-04 -1.599811998e+00 -1.599811998e+00 +1.1538e+00 -2.0010e+00 +6.4905e-01 +3.0018e+00 -1.9721e+00
25570 +2.818284196e-05 +2.818284196e-05 -1.599971817e+00 -1.599971817e+00 +1.1631e+00 -2.0078e+00 +5.0312e-01 +3.0184e+00 -2.1637e+00
26071 +2.651884318e-05 +2.651884318e-05 -1.599973481e+00 -1.599973481e+00 +1.1713e+00 -1.9930e+00 +5.7404e-01 +3.0513e+00 -2.1783e+00
26084 +6.569055268e-06 +6.569055268e-06 -1.599993431e+00 -1.599993431e+00 +1.1783e+00 -1.9741e+00 +6.0634e-01 +3.0370e+00 -2.1328e+00
26131 +4.989797763e-06 +4.989797763e-06 -1.599995010e+00 -1.599995010e+00 +1.1577e+00 -2.0169e+00 +5.4740e-01 +3.0101e+00 -2.1865e+00
26136 +1.574556249e-06 +1.574556249e-06 -1.599998425e+00 -1.599998425e+00 +1.1284e+00 -2.0058e+00 +5.9118e-01 +3.0158e+00 -2.0632e+00
26164 +5.697439498e-07 +5.697439498e-07 -1.599999430e+00 -1.599999430e+00 +1.1466e+00 -1.9838e+00 +6.0799e-01 +3.0179e+00 -2.0924e+00
26296 +4.660291197e-07 +4.660291197e-07 -1.599999534e+00 -1.599999534e+00 +1.1471e+00 -1.9914e+00 +5.9831e-01 +3.0254e+00 -2.1110e+00
26318 +2.262671057e-07 +2.262671057e-07 -1.599999774e+00 -1.599999774e+00 +1.1365e+00 -1.9910e+00 +5.9207e-01 +3.0220e+00 -2.1141e+00
26359 +6.144809395e-08 +6.144809395e-08 -1.599999939e+00 -1.599999939e+00 +1.1350e+00 -2.0112e+00 +5.7820e-01 +3.0193e+00 -2.1123e+00
26362 +4.796608488e-08 +4.796608488e-08 -1.599999952e+00 -1.599999952e+00 +1.1320e+00 -1.9961e+00 +5.8806e-01 +3.0175e+00 -2.1045e+00
26369 +4.652001029e-08 +4.652001029e-08 -1.599999953e+00 -1.599999953e+00 +1.1281e+00 -1.9999e+00 +5.8881e-01 +3.0163e+00 -2.0999e+00
26435 +2.061066295e-08 +2.061066295e-08 -1.599999979e+00 -1.599999979e+00 +1.1272e+00 -2.0059e+00 +5.7118e-01 +3.0179e+00 -2.1159e+00
26450 +1.198148802e-08 +1.198148802e-08 -1.599999988e+00 -1.599999988e+00 +1.1348e+00 -2.0034e+00 +5.8422e-01 +3.0126e+00 -2.1217e+00
26454 +9.564230519e-09 +9.564230519e-09 -1.599999990e+00 -1.599999990e+00 +1.1344e+00 -2.0028e+00 +5.7655e-01 +3.0147e+00 -2.1205e+00
% function evaluation | noise-free fitness - Fopt (-3.708400000000e+02) | best noise-free fitness - Fopt | measured fitness | best measured fitness | x1 | x2...
1 +6.618478373e+01 +6.618478373e+01 -3.046552163e+02 -3.046552163e+02 +0.0000e+00 +0.0000e+00 +0.0000e+00 +0.0000e+00 +0.0000e+00
2 +6.539144697e+01 +6.539144697e+01 -3.054485530e+02 -3.054485530e+02 +4.4791e+00 -8.4548e-01 +2.3542e+00 -1.1503e+00 +1.4729e+00
4 +6.191054817e+01 +6.191054817e+01 -3.089294518e+02 -3.089294518e+02 +4.6339e+00 -8.9584e-01 +2.4099e+00 -1.1284e+00 +1.4826e+00
5 +5.605956504e+01 +5.605956504e+01 -3.147804350e+02 -3.147804350e+02 +4.7999e+00 -7.6404e-01 +2.3398e+00 -1.1387e+00 +1.5843e+00
18 +5.462070445e+01 +5.462070445e+01 -3.162192956e+02 -3.162192956e+02 +4.7523e+00 -1.0750e+00 +2.2889e+00 -1.2486e+00 +1.5855e+00
28 +5.188569887e+01 +5.188569887e+01 -3.189543011e+02 -3.189543011e+02 +5.0351e+00 -7.7699e-01 +2.3759e+00 -1.2696e+00 +1.5313e+00
41 +4.707981654e+01 +4.707981654e+01 -3.237601835e+02 -3.237601835e+02 +4.8990e+00 -1.0567e+00 +2.2063e+00 -1.2872e+00 +1.6684e+00
56 +4.062492672e+01 +4.062492672e+01 -3.302150733e+02 -3.302150733e+02 +5.3101e+00 -8.3052e-01 +2.0649e+00 -1.4232e+00 +2.2547e+00
59 +3.650583436e+01 +3.650583436e+01 -3.343341656e+02 -3.343341656e+02 +5.3716e+00 -7.8110e-01 +2.0710e+00 -9.9365e-01 +1.2907e+00
69 +3.486128300e+01 +3.486128300e+01 -3.359787170e+02 -3.359787170e+02 +5.3418e+00 -6.8155e-01 +1.9709e+00 -7.6455e-01 +1.3031e+00
81 +3.377654462e+01 +3.377654462e+01 -3.370634554e+02 -3.370634554e+02 +5.6639e+00 -1.0726e+00 +2.2138e+00 -1.2930e+00 +1.5160e+00
88 +3.151244474e+01 +3.151244474e+01 -3.393275553e+02 -3.393275553e+02 +5.5600e+00 -9.9880e-01 +2.1247e+00 -1.0478e+00 +1.7481e+00
102 +2.436147711e+01 +2.436147711e+01 -3.464785229e+02 -3.464785229e+02 +4.9887e+00 -1.1746e+00 +1.2899e+00 -3.0995e-01 +1.4303e+00
176 +2.240539694e+01 +2.240539694e+01 -3.484346031e+02 -3.484346031e+02 +5.0740e+00 -1.5259e+00 +1.9621e+00 -6.1619e-01 +1.8996e+00
178 +1.681046252e+01 +1.681046252e+01 -3.540295375e+02 -3.540295375e+02 +5.0297e+00 -2.2952e+00 +1.5309e+00 -2.9404e-01 +2.1105e+00
220 +1.589580227e+01 +1.589580227e+01 -3.549441977e+02 -3.549441977e+02 +4.7320e+00 -2.0559e+00 +1.5867e+00 +6.8393e-02 +2.1776e+00
264 +1.513381963e+01 +1.513381963e+01 -3.557061804e+02 -3.557061804e+02 +4.4717e+00 -2.6209e+00 +1.4361e+00 +1.4704e+00 +2.2368e+00
330 +1.436983209e+01 +1.436983209e+01 -3.564701679e+02 -3.564701679e+02 +4.5834e+00 -2.1719e+00 +1.7314e+00 +8.5662e-01 +2.1275e+00
367 +1.326261429e+01 +1.326261429e+01 -3.575773857e+02 -3.575773857e+02 +4.6509e+00 -2.3582e+00 +1.4451e+00 +9.5273e-01 +2.1388e+00
726 +1.315429629e+01 +1.315429629e+01 -3.576857037e+02 -3.576857037e+02 +4.5544e+00 -2.2485e+00 +1.3423e+00 +1.1838e+00 +2.0525e+00
1078 +1.287489328e+01 +1.287489328e+01 -3.579651067e+02 -3.579651067e+02 +4.6912e+00 -2.1435e+00 +1.3953e+00 +9.9349e-01 +1.8938e+00
2755 +5.511676415e+00 +5.511676415e+00 -3.653283236e+02 -3.653283236e+02 +3.5777e+00 -4.3520e-01 +1.4796e-01 +1.7288e+00 +9.9151e-01
2840 +1.957480711e+00 +1.957480711e+00 -3.688825193e+02 -3.688825193e+02 +3.7634e+00 -1.4342e-01 -4.4008e-01 +1.5984e+00 +9.0840e-01
2884 +1.424040554e+00 +1.424040554e+00 -3.694159594e+02 -3.694159594e+02 +3.3419e+00 -4.0041e-01 -6.0820e-01 +1.8063e+00 +1.0084e+00
2896 +1.097489177e+00 +1.097489177e+00 -3.697425108e+02 -3.697425108e+02 +2.8244e+00 -3.2648e-01 -1.3746e+00 +1.6863e+00 +1.2018e+00
2906 +2.017028485e-01 +2.017028485e-01 -3.706382972e+02 -3.706382972e+02 +3.4604e+00 -7.9018e-01 -7.7041e-01 +2.1325e+00 +7.9722e-01
2928 +1.475410120e-01 +1.475410120e-01 -3.706924590e+02 -3.706924590e+02 +3.1658e+00 -8.8566e-01 -9.8430e-01 +1.9942e+00 +5.5136e-01
2950 +4.227694902e-02 +4.227694902e-02 -3.707977231e+02 -3.707977231e+02 +3.1875e+00 -8.2284e-01 -1.4203e+00 +1.7946e+00 +8.9135e-01
3031 +1.075334861e-02 +1.075334861e-02 -3.708292467e+02 -3.708292467e+02 +2.9177e+00 -9.5096e-01 -1.9081e+00 +1.6961e+00 +8.1235e-01
3038 +4.010945483e-03 +4.010945483e-03 -3.708359891e+02 -3.708359891e+02 +2.9588e+00 -7.5590e-01 -1.9010e+00 +1.6832e+00 +6.3860e-01
3082 +3.057327121e-03 +3.057327121e-03 -3.708369427e+02 -3.708369427e+02 +3.0006e+00 -1.0087e+00 -1.7637e+00 +1.9387e+00 +7.1867e-01
3126 +9.453789865e-04 +9.453789865e-04 -3.708390546e+02 -3.708390546e+02 +3.0324e+00 -7.1897e-01 -1.6550e+00 +2.0547e+00 +5.9078e-01
3170 +5.924889427e-05 +5.924889427e-05 -3.708399408e+02 -3.708399408e+02 +3.1258e+00 -8.9146e-01 -1.6205e+00 +1.9177e+00 +6.3299e-01
3390 +4.558480595e-05 +4.558480595e-05 -3.708399544e+02 -3.708399544e+02 +3.1065e+00 -8.4709e-01 -1.5440e+00 +1.9156e+00 +6.3960e-01
3456 +3.233807240e-05 +3.233807240e-05 -3.708399677e+02 -3.708399677e+02 +3.0844e+00 -7.8828e-01 -1.6383e+00 +1.9578e+00 +5.6534e-01
3544 +2.705204150e-05 +2.705204150e-05 -3.708399729e+02 -3.708399729e+02 +3.1194e+00 -7.6663e-01 -1.6363e+00 +1.9201e+00 +5.7906e-01
3602 +2.575061183e-05 +2.575061183e-05 -3.708399742e+02 -3.708399742e+02 +3.1044e+00 -8.4049e-01 -1.5875e+00 +1.9643e+00 +6.3747e-01
3610 +5.794487038e-06 +5.794487038e-06 -3.708399942e+02 -3.708399942e+02 +3.1283e+00 -7.6214e-01 -1.5917e+00 +1.9091e+00 +5.9726e-01
3632 +1.397320375e-07 +1.397320375e-07 -3.708399999e+02 -3.708399999e+02 +3.1309e+00 -8.1105e-01 -1.5787e+00 +1.9366e+00 +5.9882e-01
3764 +1.296630785e-07 +1.296630785e-07 -3.708399999e+02 -3.708399999e+02 +3.1039e+00 -8.1488e-01 -1.5969e+00 +1.9231e+00 +6.1641e-01
3830 +4.143208798e-08 +4.143208798e-08 -3.708400000e+02 -3.708400000e+02 +3.1110e+00 -8.1929e-01 -1.6033e+00 +1.9257e+00 +6.0625e-01
3852 +3.029884965e-08 +3.029884965e-08 -3.708400000e+02 -3.708400000e+02 +3.1085e+00 -8.1395e-01 -1.5990e+00 +1.9344e+00 +6.0035e-01
3874 +7.321375506e-09 +7.321375506e-09 -3.708400000e+02 -3.708400000e+02 +3.1113e+00 -8.1689e-01 -1.5987e+00 +1.9315e+00 +6.0380e-01
% function evaluation | noise-free fitness - Fopt (-3.256000000000e+01) | best noise-free fitness - Fopt | measured fitness | best measured fitness | x1 | x2...
1 +5.577473827e+01 +5.577473827e+01 +2.321473827e+01 +2.321473827e+01 +0.0000e+00 +0.0000e+00 +0.0000e+00 +0.0000e+00 +0.0000e+00
24 +5.327402795e+01 +5.327402795e+01 +2.071402795e+01 +2.071402795e+01 -2.7658e-01 -2.2625e+00 +2.1409e+00 +2.8974e+00 +4.0802e+00
39 +5.136902774e+01 +5.136902774e+01 +1.880902774e+01 +1.880902774e+01 -2.6335e-01 -2.1862e+00 +2.0057e+00 +3.1077e+00 +4.3662e+00
40 +5.011103094e+01 +5.011103094e+01 +1.755103094e+01 +1.755103094e+01 -7.6605e-02 -2.1343e+00 +2.2701e+00 +3.1109e+00 +4.1251e+00
53 +4.697426565e+01 +4.697426565e+01 +1.441426565e+01 +1.441426565e+01 -6.0928e-01 -1.8991e+00 +2.0010e+00 +2.9267e+00 +4.0238e+00
62 +4.602942284e+01 +4.602942284e+01 +1.346942284e+01 +1.346942284e+01 -2.7189e-01 -1.9936e+00 +2.1797e+00 +2.9650e+00 +4.4364e+00
63 +4.498391994e+01 +4.498391994e+01 +1.242391994e+01 +1.242391994e+01 -1.5289e-02 -1.8618e+00 +2.2637e+00 +2.9136e+00 +4.5878e+00
71 +4.166674950e+01 +4.166674950e+01 +9.106749505e+00 +9.106749505e+00 -1.1651e-01 -1.6177e+00 +2.1827e+00 +2.9510e+00 +4.6557e+00
82 +3.977135027e+01 +3.977135027e+01 +7.211350270e+00 +7.211350270e+00 -3.3060e-01 -1.6253e+00 +2.1064e+00 +2.9961e+00 +4.4333e+00
85 +3.124853874e+01 +3.124853874e+01 -1.311461264e+00 -1.311461264e+00 -5.6055e-01 -5.1949e-01 +2.1707e+00 +3.1892e+00 +3.9362e+00
109 +2.530687559e+01 +2.530687559e+01 -7.253124413e+00 -7.253124413e+00 -8.9244e-01 +3.9506e-01 +1.9787e+00 +3.1627e+00 +4.6539e+00
112 +1.098123615e+01 +1.098123615e+01 -2.157876385e+01 -2.157876385e+01 -1.3251e+00 +2.4729e-01 +2.0730e+00 +2.9694e+00 +4.3009e+00
151 +8.143841646e+00 +8.143841646e+00 -2.441615835e+01 -2.441615835e+01 -1.8629e+00 -7.3918e-02 +2.4786e+00 +3.6006e+00 +4.3610e+00
154 +7.946731023e+00 +7.946731023e+00 -2.461326898e+01 -2.461326898e+01 -1.7622e+00 +1.0564e-01 +2.6613e+00 +3.4717e+00 +4.2826e+00
176 +7.605961091e+00 +7.605961091e+00 -2.495403891e+01 -2.495403891e+01 -1.6757e+00 +1.1605e-02 +2.3780e+00 +3.1682e+00 +4.0253e+00
198 +6.380268483e+00 +6.380268483e+00 -2.617973152e+01 -2.617973152e+01 -1.6730e+00 +4.0979e-01 +2.2061e+00 +3.3625e+00 +4.0141e+00
201 +6.307232463e+00 +6.307232463e+00 -2.625276754e+01 -2.625276754e+01 -2.2594e+00 +5.2243e-01 +2.6464e+00 +3.9681e+00 +3.4859e+00
204 +4.401138440e+00 +4.401138440e+00 -2.815886156e+01 -2.815886156e+01 -1.8930e+00 +7.3818e-01 +2.0477e+00 +3.7255e+00 +4.0758e+00
220 +3.401143455e+00 +3.401143455e+00 -2.915885655e+01 -2.915885655e+01 -2.1399e+00 +5.5089e-01 +2.0093e+00 +3.6764e+00 +3.8887e+00
402 +3.091035228e+00 +3.091035228e+00 -2.946896477e+01 -2.946896477e+01 -2.0067e+00 +6.4259e-01 +1.8564e+00 +3.5180e+00 +4.0297e+00
673 +2.976623019e+00 +2.976623019e+00 -2.958337698e+01 -2.958337698e+01 -2.1224e+00 +6.0076e-01 +1.9186e+00 +3.5389e+00 +4.2059e+00
722 +2.937893034e+00 +2.937893034e+00 -2.962210697e+01 -2.962210697e+01 -2.0417e+00 +4.9354e-01 +1.7441e+00 +3.4631e+00 +4.1218e+00
798 +2.845449403e+00 +2.845449403e+00 -2.971455060e+01 -2.971455060e+01 -2.1046e+00 +5.1546e-01 +1.7527e+00 +3.3950e+00 +4.2200e+00
923 +2.797902100e+00 +2.797902100e+00 -2.976209790e+01 -2.976209790e+01 -2.1324e+00 +5.2394e-01 +1.7119e+00 +3.2627e+00 +4.2485e+00
20850 +2.483768298e+00 +2.483768298e+00 -3.007623170e+01 -3.007623170e+01 -2.0554e+00 -1.6820e+00 -1.0160e+00 -3.9096e+00 +8.6659e-01
20860 +2.356386369e+00 +2.356386369e+00 -3.020361363e+01 -3.020361363e+01 -2.1528e+00 -1.6415e+00 -1.2059e+00 -3.7906e+00 +5.4196e-01
20888 +2.137926015e+00 +2.137926015e+00 -3.042207398e+01 -3.042207398e+01 -1.6755e+00 -1.0661e+00 -1.3991e+00 -4.3637e+00 +9.8819e-01
20904 +2.063567016e+00 +2.063567016e+00 -3.049643298e+01 -3.049643298e+01 -2.0772e+00 -1.4487e+00 -1.2228e+00 -4.0440e+00 +7.2828e-01
20948 +2.035281349e+00 +2.035281349e+00 -3.052471865e+01 -3.052471865e+01 -2.2054e+00 -1.4958e+00 -1.4589e+00 -4.2309e+00 +1.0502e+00
21020 +1.979998363e+00 +1.979998363e+00 -3.058000164e+01 -3.058000164e+01 -1.9477e+00 -1.2816e+00 -1.2822e+00 -4.5321e+00 +1.2529e+00
21366 +1.947558466e+00 +1.947558466e+00 -3.061244153e+01 -3.061244153e+01 -1.9276e+00 -1.2257e+00 -1.4736e+00 -4.7462e+00 +1.3905e+00
% function evaluation | noise-free fitness - Fopt (5.154000000000e+02) | best noise-free fitness - Fopt | measured fitness | best measured fitness | x1 | x2...
1 +2.019037433e+01 +2.019037433e+01 +5.355903743e+02 +5.355903743e+02 +0.0000e+00 +0.0000e+00 +0.0000e+00 +0.0000e+00 +0.0000e+00
158 +1.878340323e+01 +1.878340323e+01 +5.341834032e+02 +5.341834032e+02 +5.9275e-01 +2.7359e+00 -3.5391e+00 +1.0581e-02 +3.1919e+00
163 +1.387727010e+01 +1.387727010e+01 +5.292772701e+02 +5.292772701e+02 +3.6627e-01 +4.0208e+00 -3.2423e+00 -6.7525e-01 +2.1367e+00
198 +1.092241600e+01 +1.092241600e+01 +5.263224160e+02 +5.263224160e+02 -1.6432e-01 +3.6766e+00 -3.4871e+00 -4.1183e-01 +2.7182e+00
204 +1.022673803e+01 +1.022673803e+01 +5.256267380e+02 +5.256267380e+02 -4.5831e-01 +3.8776e+00 -4.3549e+00 -2.9273e-01 +2.2275e+00
227 +9.944236472e+00 +9.944236472e+00 +5.253442365e+02 +5.253442365e+02 +4.8262e-01 +3.8682e+00 -3.9828e+00 -7.9306e-01 +2.6176e+00
352 +9.461425760e+00 +9.461425760e+00 +5.248614258e+02 +5.248614258e+02 +4.9814e-02 +4.2476e+00 -3.9800e+00 -5.2596e-01 +2.6319e+00
462 +9.181774531e+00 +9.181774531e+00 +5.245817745e+02 +5.245817745e+02 -8.4248e-04 +3.9964e+00 -4.1372e+00 -5.6117e-01 +2.4001e+00
572 +9.118062629e+00 +9.118062629e+00 +5.245180626e+02 +5.245180626e+02 +6.3630e-02 +3.8472e+00 -4.1564e+00 -4.6253e-01 +2.5438e+00
2583 +8.594778868e+00 +8.594778868e+00 +5.239947789e+02 +5.239947789e+02 -6.6806e-01 +2.5780e+00 -2.9325e+00 -3.0494e+00 +2.0180e+00
2605 +8.255105914e+00 +8.255105914e+00 +5.236551059e+02 +5.236551059e+02 -1.2607e-01 +2.0565e+00 -2.9774e+00 -2.5883e+00 +2.1215e+00
2610 +7.979823840e+00 +7.979823840e+00 +5.233798238e+02 +5.233798238e+02 -8.0078e-01 +2.3224e+00 -2.7513e+00 -2.3830e+00 +2.5616e+00
2612 +7.386705513e+00 +7.386705513e+00 +5.227867055e+02 +5.227867055e+02 -4.6128e-01 +2.1937e+00 -2.9674e+00 -2.9965e+00 +2.6636e+00
2620 +7.015319635e+00 +7.015319635e+00 +5.224153196e+02 +5.224153196e+02 -4.9352e-01 +2.2802e+00 -2.7376e+00 -2.7082e+00 +2.2996e+00
2642 +6.802786065e+00 +6.802786065e+00 +5.222027861e+02 +5.222027861e+02 -8.1361e-02 +2.3751e+00 -2.8341e+00 -3.0049e+00 +2.5304e+00
2686 +6.309509601e+00 +6.309509601e+00 +5.217095096e+02 +5.217095096e+02 +1.4284e-01 +2.1883e+00 -2.5575e+00 -3.5713e+00 +2.2912e+00
2708 +6.141738284e+00 +6.141738284e+00 +5.215417383e+02 +5.215417383e+02 +1.1771e-01 +1.6407e+00 -2.6491e+00 -3.6270e+00 +2.3765e+00
2774 +5.883354278e+00 +5.883354278e+00 +5.212833543e+02 +5.212833543e+02 +4.0724e-03 +1.5107e+00 -2.5070e+00 -3.4212e+00 +2.4255e+00
2818 +5.574190515e+00 +5.574190515e+00 +5.209741905e+02 +5.209741905e+02 -5.6619e-02 +1.6960e+00 -2.4266e+00 -3.5639e+00 +2.2108e+00
3038 +5.490101373e+00 +5.490101373e+00 +5.208901014e+02 +5.208901014e+02 +4.0262e-02 +1.7370e+00 -2.4278e+00 -3.4888e+00 +2.3495e+00
3072 +5.309017248e+00 +5.309017248e+00 +5.207090172e+02 +5.207090172e+02 -1.3838e-01 +1.7775e+00 -2.5361e+00 -3.3555e+00 +2.2804e+00
8212 +3.836313606e+00 +3.836313606e+00 +5.192363136e+02 +5.192363136e+02 +8.5968e-01 -4.9667e-01 -1.5662e-02 -2.1275e+00 -3.7887e-01
8234 +3.490390244e+00 +3.490390244e+00 +5.188903902e+02 +5.188903902e+02 +8.2932e-01 -6.1877e-01 -4.3716e-01 -2.2321e+00 +1.2157e-01
8238 +2.639268255e+00 +2.639268255e+00 +5.180392683e+02 +5.180392683e+02 +8.3170e-01 -1.0505e+00 +3.4167e-02 -2.1464e+00 -2.8624e-02
8256 +2.360407251e+00 +2.360407251e+00 +5.177604073e+02 +5.177604073e+02 +9.0498e-01 -8.0165e-01 -3.4143e-01 -2.3291e+00 -1.8162e-01
8322 +2.193639547e+00 +2.193639547e+00 +5.175936395e+02 +5.175936395e+02 +1.1421e+00 -9.9944e-01 -4.7050e-01 -2.2787e+00 -3.6629e-01
8388 +2.174906528e+00 +2.174906528e+00 +5.175749065e+02 +5.175749065e+02 +1.1021e+00 -1.1468e+00 -6.1202e-01 -2.1492e+00 -3.5368e-02
8564 +2.127463808e+00 +2.127463808e+00 +5.175274638e+02 +5.175274638e+02 +1.0734e+00 -1.0702e+00 -4.8337e-01 -2.1548e+00 -1.3485e-01
10066 +8.722490778e-01 +8.722490778e-01 +5.162722491e+02 +5.162722491e+02 -2.3190e+00 +8.8818e-01 -2.2304e+00 -3.2335e-01 -2.0526e+00
10100 +5.990558905e-01 +5.990558905e-01 +5.159990559e+02 +5.159990559e+02 -3.2440e+00 +1.7856e-01 -2.1902e+00 -3.0189e-01 -2.3280e+00
10150 +5.321504108e-01 +5.321504108e-01 +5.159321504e+02 +5.159321504e+02 -3.0793e+00 +6.1323e-01 -2.7693e+00 -3.3813e-01 -2.3842e+00
10172 +5.043110598e-01 +5.043110598e-01 +5.159043111e+02 +5.159043111e+02 -2.7941e+00 +3.9285e-01 -2.2949e+00 -2.2941e-01 -2.4550e+00
10176 +4.372552374e-01 +4.372552374e-01 +5.158372552e+02 +5.158372552e+02 -2.4702e+00 -3.1190e-01 -1.7446e+00 +4.0686e-01 -2.0204e+00
10193 +1.284920930e-01 +1.284920930e-01 +5.155284921e+02 +5.155284921e+02 -2.6881e+00 -9.3877e-03 -2.2668e+00 +1.9139e-01 -1.9183e+00
10216 +9.122164837e-02 +9.122164837e-02 +5.154912216e+02 +5.154912216e+02 -2.9106e+00 -2.0707e-02 -2.5983e+00 -4.5463e-02 -2.0482e+00
10304 +8.728110386e-02 +8.728110386e-02 +5.154872811e+02 +5.154872811e+02 -3.0136e+00 -9.4681e-02 -2.4256e+00 -6.6896e-02 -2.1897e+00
10350 +5.399830029e-02 +5.399830029e-02 +5.154539983e+02 +5.154539983e+02 -3.0684e+00 -1.0864e-01 -2.2691e+00 +3.3183e-02 -2.1674e+00
10486 +2.206101064e-02 +2.206101064e-02 +5.154220610e+02 +5.154220610e+02 -3.0815e+00 -2.6878e-01 -2.4787e+00 +1.5841e-01 -2.4035e+00
10612 +1.507006119e-02 +1.507006119e-02 +5.154150701e+02 +5.154150701e+02 -3.1688e+00 -1.7239e-01 -2.5366e+00 +1.2037e-01 -2.3438e+00
10692 +6.789876086e-03 +6.789876086e-03 +5.154067899e+02 +5.154067899e+02 -3.0987e+00 -5.4934e-01 -2.2697e+00 +3.7707e-01 -2.1370e+00
10776 +3.757496479e-03 +3.757496479e-03 +5.154037575e+02 +5.154037575e+02 -3.2472e+00 -3.7772e-01 -2.6239e+00 +2.1647e-01 -2.2532e+00
10810 +3.322768348e-03 +3.322768348e-03 +5.154033228e+02 +5.154033228e+02 -3.1545e+00 -3.8370e-01 -2.5148e+00 +2.5372e-01 -2.2502e+00
10849 +2.021879809e-03 +2.021879809e-03 +5.154020219e+02 +5.154020219e+02 -3.4087e+00 -5.4759e-01 -2.5637e+00 +4.2281e-01 -2.4610e+00
10876 +1.007246326e-03 +1.007246326e-03 +5.154010072e+02 +5.154010072e+02 -3.2733e+00 -4.7765e-01 -2.4700e+00 +2.6579e-01 -2.3173e+00
10898 +5.005114589e-04 +5.005114589e-04 +5.154005005e+02 +5.154005005e+02 -3.2410e+00 -5.9974e-01 -2.4714e+00 +3.3222e-01 -2.2652e+00
10920 +3.228762920e-04 +3.228762920e-04 +5.154003229e+02 +5.154003229e+02 -3.3095e+00 -5.8387e-01 -2.5503e+00 +3.8486e-01 -2.3800e+00
10942 +1.390062947e-04 +1.390062947e-04 +5.154001390e+02 +5.154001390e+02 -3.4055e+00 -5.7598e-01 -2.5512e+00 +3.2740e-01 -2.3629e+00
11025 +9.894535640e-05 +9.894535640e-05 +5.154000989e+02 +5.154000989e+02 -3.5093e+00 -6.7871e-01 -2.5365e+00 +3.7515e-01 -2.4093e+00
11052 +9.448006949e-05 +9.448006949e-05 +5.154000945e+02 +5.154000945e+02 -3.3195e+00 -6.3021e-01 -2.4991e+00 +3.7120e-01 -2.3074e+00
11083 +3.458223080e-05 +3.458223080e-05 +5.154000346e+02 +5.154000346e+02 -3.4060e+00 -6.6763e-01 -2.5150e+00 +3.7638e-01 -2.3313e+00
11154 +2.769765229e-05 +2.769765229e-05 +5.154000277e+02 +5.154000277e+02 -3.3593e+00 -6.5412e-01 -2.5304e+00 +3.7105e-01 -2.3323e+00
11183 +2.361238626e-05 +2.361238626e-05 +5.154000236e+02 +5.154000236e+02 -3.3900e+00 -6.5054e-01 -2.5936e+00 +3.7896e-01 -2.3409e+00
11184 +1.543237227e-05 +1.543237227e-05 +5.154000154e+02 +5.154000154e+02 -3.3737e+00 -6.6555e-01 -2.5376e+00 +3.8483e-01 -2.3413e+00
11206 +1.282016899e-05 +1.282016899e-05 +5.154000128e+02 +5.154000128e+02 -3.3736e+00 -6.8423e-01 -2.5472e+00 +4.0132e-01 -2.3437e+00
11272 +7.424167393e-06 +7.424167393e-06 +5.154000074e+02 +5.154000074e+02 -3.3957e+00 -6.5374e-01 -2.5604e+00 +3.7456e-01 -2.3534e+00
11294 +6.638900800e-06 +6.638900800e-06 +5.154000066e+02 +5.154000066e+02 -3.3934e+00 -6.6743e-01 -2.5743e+00 +3.9111e-01 -2.3720e+00
11319 +6.014158998e-06 +6.014158998e-06 +5.154000060e+02 +5.154000060e+02 -3.4216e+00 -6.9523e-01 -2.5585e+00 +3.8351e-01 -2.3592e+00
11338 +2.492859949e-06 +2.492859949e-06 +5.154000025e+02 +5.154000025e+02 -3.4174e+00 -6.7279e-01 -2.5875e+00 +3.8716e-01 -2.3818e+00
11360 +1.779241870e-06 +1.779241870e-06 +5.154000018e+02 +5.154000018e+02 -3.4210e+00 -6.8100e-01 -2.5901e+00 +3.8860e-01 -2.3807e+00
11393 +1.268340498e-06 +1.268340498e-06 +5.154000013e+02 +5.154000013e+02 -3.4310e+00 -6.9917e-01 -2.5777e+00 +3.9427e-01 -2.3825e+00
11395 +1.040441248e-06 +1.040441248e-06 +5.154000010e+02 +5.154000010e+02 -3.4505e+00 -7.1308e-01 -2.5549e+00 +4.0504e-01 -2.3819e+00
11404 +4.623085488e-07 +4.623085488e-07 +5.154000005e+02 +5.154000005e+02 -3.4383e+00 -6.8980e-01 -2.5819e+00 +3.9601e-01 -2.3767e+00
11448 +1.932406803e-07 +1.932406803e-07 +5.154000002e+02 +5.154000002e+02 -3.4438e+00 -6.9798e-01 -2.5805e+00 +4.0211e-01 -2.3853e+00
11470 +1.847287194e-07 +1.847287194e-07 +5.154000002e+02 +5.154000002e+02 -3.4449e+00 -7.0311e-01 -2.5855e+00 +4.0890e-01 -2.3873e+00
11514 +1.552537015e-07 +1.552537015e-07 +5.154000002e+02 +5.154000002e+02 -3.4460e+00 -7.0475e-01 -2.5948e+00 +4.0155e-01 -2.3841e+00
11543 +1.485950634e-07 +1.485950634e-07 +5.154000001e+02 +5.154000001e+02 -3.4596e+00 -7.0487e-01 -2.6058e+00 +4.0534e-01 -2.3923e+00
11546 +1.251365802e-07 +1.251365802e-07 +5.154000001e+02 +5.154000001e+02 -3.4546e+00 -7.0240e-01 -2.5929e+00 +4.0729e-01 -2.3942e+00
11572 +1.184821485e-07 +1.184821485e-07 +5.154000001e+02 +5.154000001e+02 -3.4581e+00 -7.0664e-01 -2.5879e+00 +4.0131e-01 -2.3824e+00
11580 +8.345432434e-08 +8.345432434e-08 +5.154000001e+02 +5.154000001e+02 -3.4590e+00 -7.0321e-01 -2.5968e+00 +4.0241e-01 -2.3882e+00
11589 +6.590266821e-08 +6.590266821e-08 +5.154000001e+02 +5.154000001e+02 -3.4674e+00 -7.2147e-01 -2.6057e+00 +4.0879e-01 -2.4004e+00
11602 +4.954608812e-08 +4.954608812e-08 +5.154000000e+02 +5.154000000e+02 -3.4626e+00 -7.1181e-01 -2.5931e+00 +4.0202e-01 -2.3917e+00
11618 +1.344938028e-08 +1.344938028e-08 +5.154000000e+02 +5.154000000e+02 -3.4615e+00 -7.2354e-01 -2.5882e+00 +4.1492e-01 -2.3957e+00
11648 +4.801677278e-09 +4.801677278e-09 +5.154000000e+02 +5.154000000e+02 -3.4610e+00 -7.2049e-01 -2.5944e+00 +4.1204e-01 -2.3884e+00
% function evaluation | noise-free fitness - Fopt (-1.000000000000e+03) | best noise-free fitness - Fopt | measured fitness | best measured fitness | x1 | x2...
1 +6.307126318e+01 +6.307126318e+01 -9.369287368e+02 -9.369287368e+02 +0.0000e+00 +0.0000e+00 +0.0000e+00 +0.0000e+00 +0.0000e+00
2 +5.912037389e+01 +5.912037389e+01 -9.408796261e+02 -9.408796261e+02 +5.2312e-01 -6.1050e-01 -1.5903e+00 +2.1873e+00 -5.3112e-01
4 +5.882268484e+01 +5.882268484e+01 -9.411773152e+02 -9.411773152e+02 +7.2086e-01 -6.8168e-01 -1.6749e+00 +2.2393e+00 -6.2674e-01
5 +5.712952640e+01 +5.712952640e+01 -9.428704736e+02 -9.428704736e+02 +6.4493e-01 -6.6057e-01 -1.6537e+00 +2.2936e+00 -7.2585e-01
25 +5.344933524e+01 +5.344933524e+01 -9.465506648e+02 -9.465506648e+02 +6.1358e-01 -6.6050e-01 -1.6105e+00 +2.2133e+00 -9.6424e-01
49 +5.139844868e+01 +5.139844868e+01 -9.486015513e+02 -9.486015513e+02 +8.3691e-01 -6.9514e-01 -1.2814e+00 +2.2860e+00 -1.3032e+00
59 +4.950540034e+01 +4.950540034e+01 -9.504945997e+02 -9.504945997e+02 +5.4104e-01 -9.1601e-01 -1.5784e+00 +2.3081e+00 -9.8928e-01
60 +4.499892078e+01 +4.499892078e+01 -9.550010792e+02 -9.550010792e+02 +5.3755e-01 -7.8979e-01 -1.6136e+00 +2.2369e+00 -1.4065e+00
75 +4.133260334e+01 +4.133260334e+01 -9.586673967e+02 -9.586673967e+02 +4.3800e-01 -6.5198e-01 -1.3913e+00 +1.8983e+00 -1.9173e+00
77 +1.821218316e+01 +1.821218316e+01 -9.817878168e+02 -9.817878168e+02 +5.9114e-01 -3.5186e-01 -9.7694e-01 +2.2882e+00 +3.7841e-01
211 +1.248558118e+01 +1.248558118e+01 -9.875144188e+02 -9.875144188e+02 +3.0575e-01 -3.1626e+00 -1.9457e+00 +1.8780e+00 -1.4519e+00
212 +9.402468996e+00 +9.402468996e+00 -9.905975310e+02 -9.905975310e+02 -2.4705e-01 -8.4233e-01 -1.8149e+00 +1.7953e+00 +8.0119e-01
440 +9.298811679e+00 +9.298811679e+00 -9.907011883e+02 -9.907011883e+02 +1.4555e-01 -3.6466e+00 -2.2872e+00 +2.6626e+00 -7.5346e-01
497 +8.934496601e+00 +8.934496601e+00 -9.910655034e+02 -9.910655034e+02 -1.6267e-01 -3.4507e+00 -2.3765e+00 +3.1829e+00 -8.7216e-01
589 +8.776422720e+00 +8.776422720e+00 -9.912235773e+02 -9.912235773e+02 -1.4891e-01 -3.7507e+00 -2.1558e+00 +2.8349e+00 -8.8300e-01
607 +8.644532821e+00 +8.644532821e+00 -9.913554672e+02 -9.913554672e+02 -1.1448e-01 -3.7305e+00 -2.1838e+00 +3.1400e+00 -8.2390e-01
748 +8.505534270e+00 +8.505534270e+00 -9.914944657e+02 -9.914944657e+02 -2.2363e-01 -3.7712e+00 -2.1060e+00 +3.0804e+00 -7.8223e-01
2111 +7.592549993e+00 +7.592549993e+00 -9.924074500e+02 -9.924074500e+02 -4.2666e+00 +2.8625e+00 +5.9120e-01 +8.3851e-02 +3.3227e+00
2162 +7.413278469e+00 +7.413278469e+00 -9.925867215e+02 -9.925867215e+02 -4.1617e+00 +2.7251e+00 +5.7647e-01 -1.8903e-01 +3.3034e+00
2202 +7.137212415e+00 +7.137212415e+00 -9.928627876e+02 -9.928627876e+02 -4.1143e+00 +2.8436e+00 +5.5612e-01 -1.7635e-01 +3.2394e+00
2224 +6.879544483e+00 +6.879544483e+00 -9.931204555e+02 -9.931204555e+02 -4.0926e+00 +2.8595e+00 +6.1715e-01 -2.6156e-01 +3.2696e+00
2244 +6.655948101e+00 +6.655948101e+00 -9.933440519e+02 -9.933440519e+02 -3.9707e+00 +2.8575e+00 +6.6806e-01 -1.8429e-01 +3.2230e+00
2257 +6.518452845e+00 +6.518452845e+00 -9.934815472e+02 -9.934815472e+02 -4.0480e+00 +2.9595e+00 +7.2063e-01 -2.5978e-01 +3.3514e+00
2268 +6.326178804e+00 +6.326178804e+00 -9.936738212e+02 -9.936738212e+02 -4.0149e+00 +3.0958e+00 +6.2267e-01 -2.9379e-01 +3.2968e+00
2275 +5.268675143e+00 +5.268675143e+00 -9.947313249e+02 -9.947313249e+02 -3.8098e+00 +3.1690e+00 +7.0962e-01 -3.7041e-01 +3.2533e+00
2345 +4.951596050e+00 +4.951596050e+00 -9.950484039e+02 -9.950484039e+02 -3.4918e+00 +3.4835e+00 +6.1508e-01 -5.9464e-01 +3.0884e+00
2356 +4.889001056e+00 +4.889001056e+00 -9.951109989e+02 -9.951109989e+02 -3.5881e+00 +3.4363e+00 +6.5471e-01 -4.5524e-01 +3.1685e+00
2373 +4.314549699e+00 +4.314549699e+00 -9.956854503e+02 -9.956854503e+02 -3.6328e+00 +3.3454e+00 +8.4174e-01 -3.6535e-01 +3.2759e+00
2397 +4.110297177e+00 +4.110297177e+00 -9.958897028e+02 -9.958897028e+02 -3.5466e+00 +3.4862e+00 +7.5583e-01 -4.4067e-01 +3.2735e+00
2422 +3.672137556e+00 +3.672137556e+00 -9.963278624e+02 -9.963278624e+02 -3.4124e+00 +3.3425e+00 +8.5157e-01 -4.0823e-01 +3.1758e+00
2431 +3.401623181e+00 +3.401623181e+00 -9.965983768e+02 -9.965983768e+02 -3.3549e+00 +3.4633e+00 +9.5183e-01 -3.6198e-01 +3.2175e+00
2444 +3.292043638e+00 +3.292043638e+00 -9.967079564e+02 -9.967079564e+02 -3.3512e+00 +3.5603e+00 +9.2061e-01 -3.8955e-01 +3.2555e+00
2456 +3.201236003e+00 +3.201236003e+00 -9.967987640e+02 -9.967987640e+02 -3.1341e+00 +3.8046e+00 +1.0266e+00 -5.9643e-02 +3.4442e+00
2457 +2.979542334e+00 +2.979542334e+00 -9.970204577e+02 -9.970204577e+02 -3.1493e+00 +3.6182e+00 +1.0390e+00 -2.2756e-01 +3.2650e+00
2463 +2.650177851e+00 +2.650177851e+00 -9.973498221e+02 -9.973498221e+02 -3.1136e+00 +3.4264e+00 +1.0396e+00 -4.3754e-01 +3.1741e+00
2485 +2.539269558e+00 +2.539269558e+00 -9.974607304e+02 -9.974607304e+02 -3.1810e+00 +3.3446e+00 +1.1582e+00 -2.4639e-01 +3.3009e+00
2503 +2.469406276e+00 +2.469406276e+00 -9.975305937e+02 -9.975305937e+02 -2.5973e+00 +3.6628e+00 +1.2879e+00 -2.8619e-01 +3.1860e+00
2510 +2.294163292e+00 +2.294163292e+00 -9.977058367e+02 -9.977058367e+02 -2.9891e+00 +3.6286e+00 +1.2001e+00 -2.8789e-01 +3.3084e+00
2532 +2.212625663e+00 +2.212625663e+00 -9.977873743e+02 -9.977873743e+02 -2.9331e+00 +3.5054e+00 +1.2693e+00 -2.2422e-01 +3.3560e+00
2541 +2.112433882e+00 +2.112433882e+00 -9.978875661e+02 -9.978875661e+02 -2.7304e+00 +3.8096e+00 +1.3668e+00 -3.0761e-01 +3.3448e+00
2647 +2.076985439e+00 +2.076985439e+00 -9.979230146e+02 -9.979230146e+02 -2.7492e+00 +3.7348e+00 +1.4337e+00 -3.0771e-01 +3.3821e+00
2758 +2.029129039e+00 +2.029129039e+00 -9.979708710e+02 -9.979708710e+02 -2.4608e+00 +3.5540e+00 +1.7848e+00 -2.5302e-01 +3.4128e+00
3133 +1.986663449e+00 +1.986663449e+00 -9.980133366e+02 -9.980133366e+02 -2.2220e+00 +3.7322e+00 +1.8150e+00 -3.5248e-01 +3.3786e+00
3302 +1.946505633e+00 +1.946505633e+00 -9.980534944e+02 -9.980534944e+02 -2.0096e+00 +3.8972e+00 +1.9414e+00 -5.6207e-01 +3.3409e+00
3422 +1.900134885e+00 +1.900134885e+00 -9.980998651e+02 -9.980998651e+02 -2.0334e+00 +3.8540e+00 +1.9013e+00 -8.6290e-01 +3.2126e+00
3638 +1.844511215e+00 +1.844511215e+00 -9.981554888e+02 -9.981554888e+02 -1.9673e+00 +3.9084e+00 +1.8255e+00 -8.1994e-01 +3.1901e+00
3675 +1.811547221e+00 +1.811547221e+00 -9.981884528e+02 -9.981884528e+02 -1.9848e+00 +3.9212e+00 +1.7664e+00 -9.1914e-01 +3.1562e+00
3703 +1.771150901e+00 +1.771150901e+00 -9.982288491e+02 -9.982288491e+02 -2.1044e+00 +3.8021e+00 +1.7058e+00 -1.1476e+00 +3.0757e+00
3718 +1.676744225e+00 +1.676744225e+00 -9.983232558e+02 -9.983232558e+02 -1.8911e+00 +3.9468e+00 +1.8058e+00 -1.1901e+00 +3.0752e+00
3719 +1.656240899e+00 +1.656240899e+00 -9.983437591e+02 -9.983437591e+02 -1.8391e+00 +3.9344e+00 +1.8419e+00 -1.2959e+00 +3.0734e+00
3798 +1.501441708e+00 +1.501441708e+00 -9.984985583e+02 -9.984985583e+02 -1.5891e+00 +3.9932e+00 +1.8381e+00 -1.6105e+00 +2.8769e+00
3896 +1.475326419e+00 +1.475326419e+00 -9.985246736e+02 -9.985246736e+02 -1.7762e+00 +3.9480e+00 +1.7729e+00 -1.6774e+00 +2.9095e+00
4008 +1.421030122e+00 +1.421030122e+00 -9.985789699e+02 -9.985789699e+02 -1.6976e+00 +3.9810e+00 +1.7591e+00 -1.7476e+00 +2.8589e+00
4094 +1.406966199e+00 +1.406966199e+00 -9.985930338e+02 -9.985930338e+02 -1.7225e+00 +3.9621e+00 +1.7303e+00 -1.8400e+00 +2.8235e+00
4204 +1.374407416e+00 +1.374407416e+00 -9.986255926e+02 -9.986255926e+02 -1.6867e+00 +3.9729e+00 +1.7331e+00 -2.0585e+00 +2.7606e+00
4234 +1.342970585e+00 +1.342970585e+00 -9.986570294e+02 -9.986570294e+02 -1.6235e+00 +3.9758e+00 +1.7452e+00 -2.0869e+00 +2.7299e+00
4634 +1.314796115e+00 +1.314796115e+00 -9.986852039e+02 -9.986852039e+02 -1.5569e+00 +4.0224e+00 +1.7898e+00 -2.1495e+00 +2.7315e+00
4952 +1.287385197e+00 +1.287385197e+00 -9.987126148e+02 -9.987126148e+02 -1.5125e+00 +4.0555e+00 +1.7707e+00 -2.1932e+00 +2.6973e+00
5493 +1.257167035e+00 +1.257167035e+00 -9.987428330e+02 -9.987428330e+02 -1.4105e+00 +4.1236e+00 +1.7994e+00 -2.3343e+00 +2.6586e+00
12945 +1.221789422e+00 +1.221789422e+00 -9.987782106e+02 -9.987782106e+02 -2.6150e+00 -9.5239e-01 +1.9421e+00 -9.3127e-01 -1.9398e+00
12956 +1.117692682e+00 +1.117692682e+00 -9.988823073e+02 -9.988823073e+02 -2.8654e+00 -1.0032e+00 +1.7083e+00 -7.5410e-01 -2.2119e+00
12964 +9.844866210e-01 +9.844866210e-01 -9.990155134e+02 -9.990155134e+02 -2.8001e+00 -9.6050e-01 +1.8179e+00 -7.7053e-01 -1.9680e+00
13096 +9.577223213e-01 +9.577223213e-01 -9.990422777e+02 -9.990422777e+02 -2.8363e+00 -9.6457e-01 +1.9186e+00 -6.9856e-01 -2.0818e+00
13118 +9.527312274e-01 +9.527312274e-01 -9.990472688e+02 -9.990472688e+02 -2.7927e+00 -9.5384e-01 +1.9154e+00 -6.8976e-01 -2.0794e+00
13206 +9.307023639e-01 +9.307023639e-01 -9.990692976e+02 -9.990692976e+02 -2.7906e+00 -1.0017e+00 +1.8698e+00 -7.3919e-01 -2.0486e+00
20533 +9.048528138e-01 +9.048528138e-01 -9.990951472e+02 -9.990951472e+02 -3.7971e+00 +2.2242e+00 -9.5047e-01 -4.0226e+00 -1.1365e-01
20601 +8.815702279e-01 +8.815702279e-01 -9.991184298e+02 -9.991184298e+02 -3.8524e+00 +2.2053e+00 -9.3460e-01 -4.0533e+00 -8.4808e-02
20632 +8.233402752e-01 +8.233402752e-01 -9.991766597e+02 -9.991766597e+02 -3.9859e+00 +2.1745e+00 -1.0382e+00 -4.0933e+00 -1.2031e-01
20734 +8.115177370e-01 +8.115177370e-01 -9.991884823e+02 -9.991884823e+02 -4.0076e+00 +2.1567e+00 -1.0723e+00 -4.0827e+00 -1.2716e-01
20758 +7.915715679e-01 +7.915715679e-01 -9.992084284e+02 -9.992084284e+02 -4.0593e+00 +2.1355e+00 -1.0873e+00 -4.1302e+00 -9.7546e-02
20900 +7.760082750e-01 +7.760082750e-01 -9.992239917e+02 -9.992239917e+02 -4.0432e+00 +2.1351e+00 -1.1330e+00 -4.1808e+00 -1.6305e-01
20948 +7.584564155e-01 +7.584564155e-01 -9.992415436e+02 -9.992415436e+02 -4.1418e+00 +2.1163e+00 -1.1366e+00 -4.1756e+00 -1.1521e-01
21086 +7.334837103e-01 +7.334837103e-01 -9.992665163e+02 -9.992665163e+02 -4.2095e+00 +2.0724e+00 -1.1969e+00 -4.2346e+00 -1.4352e-01
21138 +7.202333531e-01 +7.202333531e-01 -9.992797666e+02 -9.992797666e+02 -4.3732e+00 +2.0046e+00 -1.2750e+00 -4.2912e+00 -1.6766e-01
21262 +7.051190612e-01 +7.051190612e-01 -9.992948809e+02 -9.992948809e+02 -4.3836e+00 +2.0289e+00 -1.3221e+00 -4.3431e+00 -1.7270e-01
% function evaluation | noise-free fitness - Fopt (9.190000000000e+01) | best noise-free fitness - Fopt | measured fitness | best measured fitness | x1 | x2...
1 +4.082584245e+01 +4.082584245e+01 +1.327258424e+02 +1.327258424e+02 +0.0000e+00 +0.0000e+00 +0.0000e+00 +0.0000e+00 +0.0000e+00
2 +3.504461834e+01 +3.504461834e+01 +1.269446183e+02 +1.269446183e+02 -4.1312e+00 -9.2996e-01 +3.7390e+00 -2.7451e+00 -2.5895e+00
7 +3.455531707e+01 +3.455531707e+01 +1.264553171e+02 +1.264553171e+02 -4.0103e+00 -1.0040e+00 +3.6421e+00 -2.8622e+00 -2.5516e+00
17 +3.301608981e+01 +3.301608981e+01 +1.249160898e+02 +1.249160898e+02 -3.9858e+00 -9.3711e-01 +3.8752e+00 -2.7678e+00 -2.5131e+00
25 +3.069263466e+01 +3.069263466e+01 +1.225926347e+02 +1.225926347e+02 -4.0383e+00 -8.3833e-01 +3.9189e+00 -2.7884e+00 -2.3126e+00
38 +2.829892656e+01 +2.829892656e+01 +1.201989266e+02 +1.201989266e+02 -3.9303e+00 -1.0605e+00 +3.8924e+00 -2.9258e+00 -2.3850e+00
53 +2.589021171e+01 +2.589021171e+01 +1.177902117e+02 +1.177902117e+02 -4.1077e+00 -1.0838e+00 +3.9043e+00 -2.8668e+00 -2.3188e+00
55 +2.539268715e+01 +2.539268715e+01 +1.172926872e+02 +1.172926872e+02 -3.9652e+00 -1.1072e+00 +4.0963e+00 -2.6435e+00 -2.2404e+00
63 +2.487494431e+01 +2.487494431e+01 +1.167749443e+02 +1.167749443e+02 -4.2709e+00 -1.1408e+00 +4.0668e+00 -2.8218e+00 -2.4637e+00
68 +1.941150353e+01 +1.941150353e+01 +1.113115035e+02 +1.113115035e+02 -4.2166e+00 -1.7479e+00 +4.0004e+00 -2.6311e+00 -2.3694e+00
73 +1.833307336e+01 +1.833307336e+01 +1.102330734e+02 +1.102330734e+02 -4.4864e+00 -1.6337e+00 +4.1516e+00 -2.6326e+00 -2.3531e+00
91 +1.731467035e+01 +1.731467035e+01 +1.092146704e+02 +1.092146704e+02 -4.3380e+00 -1.8207e+00 +3.8018e+00 -2.8311e+00 -2.1334e+00
103 +1.252241829e+01 +1.252241829e+01 +1.044224183e+02 +1.044224183e+02 -4.7099e+00 -2.2359e+00 +3.9951e+00 -3.0248e+00 -2.1940e+00
112 +1.003755525e+01 +1.003755525e+01 +1.019375552e+02 +1.019375552e+02 -4.2378e+00 -2.1446e+00 +5.1303e+00 -2.8850e+00 -2.1397e+00
122 +8.948572012e+00 +8.948572012e+00 +1.008485720e+02 +1.008485720e+02 -4.6718e+00 -2.6042e+00 +4.1250e+00 -2.5764e+00 -2.3840e+00
125 +8.672140740e+00 +8.672140740e+00 +1.005721407e+02 +1.005721407e+02 -4.2304e+00 -2.6198e+00 +4.2175e+00 -2.9759e+00 -1.7650e+00
138 +4.951367530e+00 +4.951367530e+00 +9.685136753e+01 +9.685136753e+01 -4.7589e+00 -3.2268e+00 +4.4358e+00 -2.6465e+00 -1.5819e+00
143 +3.788058108e+00 +3.788058108e+00 +9.568805811e+01 +9.568805811e+01 -4.6665e+00 -3.3117e+00 +4.2126e+00 -2.5264e+00 -2.3080e+00
154 +3.290306201e+00 +3.290306201e+00 +9.519030620e+01 +9.519030620e+01 -4.6587e+00 -3.3631e+00 +4.1229e+00 -2.7513e+00 -2.1617e+00
198 +2.646134690e+00 +2.646134690e+00 +9.454613469e+01 +9.454613469e+01 -4.8164e+00 -3.6847e+00 +3.7483e+00 -2.4557e+00 -2.5827e+00
220 +2.449820255e+00 +2.449820255e+00 +9.434982026e+01 +9.434982026e+01 -4.9729e+00 -3.9978e+00 +3.9889e+00 -2.5459e+00 -2.2957e+00
242 +2.315032561e+00 +2.315032561e+00 +9.421503256e+01 +9.421503256e+01 -4.7800e+00 -3.7393e+00 +4.0915e+00 -2.5376e+00 -2.2172e+00
288 +2.284719019e+00 +2.284719019e+00 +9.418471902e+01 +9.418471902e+01 -4.7323e+00 -3.6959e+00 +3.7720e+00 -2.5162e+00 -2.1017e+00
340 +2.192664789e+00 +2.192664789e+00 +9.409266479e+01 +9.409266479e+01 -4.8944e+00 -3.7819e+00 +3.9283e+00 -2.1940e+00 -2.1110e+00
352 +2.170555557e+00 +2.170555557e+00 +9.407055556e+01 +9.407055556e+01 -4.8519e+00 -3.9188e+00 +3.9114e+00 -2.2569e+00 -2.0006e+00
440 +2.133784435e+00 +2.133784435e+00 +9.403378443e+01 +9.403378443e+01 -4.9344e+00 -3.9668e+00 +3.9155e+00 -2.2877e+00 -2.1818e+00
2224 +1.770712788e+00 +1.770712788e+00 +9.367071279e+01 +9.367071279e+01 +4.5356e+00 +1.6822e+00 +4.1903e+00 -2.4836e-01 -2.7607e+00
2267 +1.652033591e+00 +1.652033591e+00 +9.355203359e+01 +9.355203359e+01 +4.9985e+00 +1.3285e+00 +4.6325e+00 -9.5730e-02 -2.7579e+00
2268 +1.503874107e+00 +1.503874107e+00 +9.340387411e+01 +9.340387411e+01 +4.7256e+00 +1.4729e+00 +4.4865e+00 -5.5701e-01 -2.5796e+00
2312 +1.082980346e+00 +1.082980346e+00 +9.298298035e+01 +9.298298035e+01 +4.5680e+00 +1.3005e+00 +4.4404e+00 -2.9831e-01 -2.8885e+00
2422 +1.030699307e+00 +1.030699307e+00 +9.293069931e+01 +9.293069931e+01 +4.6028e+00 +1.3480e+00 +4.3172e+00 -3.9105e-01 -2.9240e+00
2578 +1.012004252e+00 +1.012004252e+00 +9.291200425e+01 +9.291200425e+01 +4.7329e+00 +1.2870e+00 +4.3793e+00 -3.3626e-01 -3.0232e+00
2598 +9.893511465e-01 +9.893511465e-01 +9.288935115e+01 +9.288935115e+01 +4.6516e+00 +1.1932e+00 +4.5355e+00 -4.3581e-01 -2.9663e+00
2620 +9.666994272e-01 +9.666994272e-01 +9.286669943e+01 +9.286669943e+01 +4.6714e+00 +1.3092e+00 +4.5180e+00 -3.9218e-01 -2.9349e+00
2686 +9.450388791e-01 +9.450388791e-01 +9.284503888e+01 +9.284503888e+01 +4.7154e+00 +1.3047e+00 +4.4313e+00 -3.7102e-01 -2.9531e+00
2708 +9.322086576e-01 +9.322086576e-01 +9.283220866e+01 +9.283220866e+01 +4.7095e+00 +1.3054e+00 +4.4449e+00 -3.7970e-01 -2.9154e+00
% function evaluation | noise-free fitness - Fopt (-7.597000000000e+01) | best noise-free fitness - Fopt | measured fitness | best measured fitness | x1 | x2...
1 +6.713218106e+01 +6.713218106e+01 -8.837818940e+00 -8.837818940e+00 +0.0000e+00 +0.0000e+00 +0.0000e+00 +0.0000e+00 +0.0000e+00
2 +4.550483941e+01 +4.550483941e+01 -3.046516059e+01 -3.046516059e+01 -3.4526e+00 +2.6634e+00 -2.5282e+00 +6.6407e-01 +4.3764e+00
3 +4.364087627e+01 +4.364087627e+01 -3.232912373e+01 -3.232912373e+01 -3.3542e+00 +2.7340e+00 -2.3106e+00 +5.0226e-01 +4.5217e+00
10 +3.834331061e+01 +3.834331061e+01 -3.762668939e+01 -3.762668939e+01 -3.4433e+00 +2.5948e+00 -2.5394e+00 +5.3825e-01 +4.6146e+00
30 +3.539753389e+01 +3.539753389e+01 -4.057246611e+01 -4.057246611e+01 -3.2916e+00 +2.8675e+00 -2.7290e+00 +4.4742e-01 +4.4826e+00
32 +3.377984262e+01 +3.377984262e+01 -4.219015738e+01 -4.219015738e+01 -3.2574e+00 +2.7672e+00 -2.5670e+00 +3.8523e-01 +4.6711e+00
46 +3.189674733e+01 +3.189674733e+01 -4.407325267e+01 -4.407325267e+01 -3.3762e+00 +2.8059e+00 -2.4653e+00 +2.1383e-01 +4.7783e+00
51 +2.822861839e+01 +2.822861839e+01 -4.774138161e+01 -4.774138161e+01 -3.2912e+00 +2.7543e+00 -2.7897e+00 +2.8189e-01 +4.6939e+00
55 +2.573060664e+01 +2.573060664e+01 -5.023939336e+01 -5.023939336e+01 -3.2589e+00 +2.8487e+00 -2.9763e+00 +2.0539e-01 +4.7937e+00
68 +2.344212143e+01 +2.344212143e+01 -5.252787857e+01 -5.252787857e+01 -2.7784e+00 +2.7898e+00 -3.0011e+00 -4.9383e-02 +4.2785e+00
69 +2.254072793e+01 +2.254072793e+01 -5.342927207e+01 -5.342927207e+01 -3.1553e+00 +2.7758e+00 -2.8730e+00 -4.1509e-03 +4.7917e+00
84 +2.183557537e+01 +2.183557537e+01 -5.413442463e+01 -5.413442463e+01 -3.3899e+00 +2.7694e+00 -3.0078e+00 -1.6558e-01 +4.2281e+00
93 +1.718527157e+01 +1.718527157e+01 -5.878472843e+01 -5.878472843e+01 -3.3166e+00 +2.8670e+00 -3.2512e+00 -4.0478e-01 +5.0660e+00
98 +1.651227136e+01 +1.651227136e+01 -5.945772864e+01 -5.945772864e+01 -3.1767e+00 +2.5164e+00 -2.6516e+00 -6.1362e-01 +4.9008e+00
105 +1.574561823e+01 +1.574561823e+01 -6.022438177e+01 -6.022438177e+01 -3.4344e+00 +2.6099e+00 -2.9401e+00 -5.6853e-01 +4.7486e+00
120 +1.377399961e+01 +1.377399961e+01 -6.219600039e+01 -6.219600039e+01 -3.3815e+00 +2.8649e+00 -3.6597e+00 -6.6974e-01 +4.8575e+00
126 +1.261140706e+01 +1.261140706e+01 -6.335859294e+01 -6.335859294e+01 -3.1784e+00 +2.5515e+00 -3.5928e+00 -1.3969e+00 +4.5663e+00
132 +1.238550512e+01 +1.238550512e+01 -6.358449488e+01 -6.358449488e+01 -3.0875e+00 +2.7077e+00 -3.2554e+00 -9.9039e-01 +4.7016e+00
142 +1.173916696e+01 +1.173916696e+01 -6.423083304e+01 -6.423083304e+01 -2.8907e+00 +1.9038e+00 -3.4034e+00 -1.0034e+00 +4.7599e+00
154 +1.116145842e+01 +1.116145842e+01 -6.480854158e+01 -6.480854158e+01 -3.0204e+00 +2.3876e+00 -3.4852e+00 -9.4021e-01 +4.5709e+00
176 +1.061906946e+01 +1.061906946e+01 -6.535093054e+01 -6.535093054e+01 -3.0974e+00 +2.2339e+00 -3.5392e+00 -1.0628e+00 +4.3817e+00
179 +1.031732272e+01 +1.031732272e+01 -6.565267728e+01 -6.565267728e+01 -3.5616e+00 +1.6062e+00 -3.7821e+00 -3.1907e-01 +4.4228e+00
198 +1.003427345e+01 +1.003427345e+01 -6.593572655e+01 -6.593572655e+01 -3.2586e+00 +2.2337e+00 -3.6528e+00 -8.3348e-01 +4.4187e+00
208 +9.780032989e+00 +9.780032989e+00 -6.618996701e+01 -6.618996701e+01 -3.4996e+00 +2.1650e+00 -3.8743e+00 -6.3801e-01 +4.4984e+00
220 +9.741641952e+00 +9.741641952e+00 -6.622835805e+01 -6.622835805e+01 -3.4185e+00 +2.0336e+00 -3.5789e+00 -7.2397e-01 +4.3989e+00
284 +9.477949396e+00 +9.477949396e+00 -6.649205060e+01 -6.649205060e+01 -3.6186e+00 +1.9546e+00 -4.0739e+00 -6.3110e-01 +4.5309e+00
286 +9.267087166e+00 +9.267087166e+00 -6.670291283e+01 -6.670291283e+01 -3.5346e+00 +1.9395e+00 -3.9401e+00 -8.2270e-01 +4.4155e+00
440 +9.113161449e+00 +9.113161449e+00 -6.685683855e+01 -6.685683855e+01 -3.7555e+00 +1.7320e+00 -4.0535e+00 -7.0659e-01 +4.4932e+00
2400 +6.926489369e+00 +6.926489369e+00 -6.904351063e+01 -6.904351063e+01 +3.3151e+00 +1.4317e+00 -3.8564e+00 +4.3535e+00 -1.4618e+00
2444 +5.684198671e+00 +5.684198671e+00 -7.028580133e+01 -7.028580133e+01 +3.0669e+00 +1.5228e+00 -3.8978e+00 +4.6956e+00 -1.1913e+00
2488 +5.294990794e+00 +5.294990794e+00 -7.067500921e+01 -7.067500921e+01 +3.3957e+00 +1.3929e+00 -4.0135e+00 +4.6190e+00 -9.4496e-01
2510 +4.628966053e+00 +4.628966053e+00 -7.134103395e+01 -7.134103395e+01 +3.6350e+00 +1.6245e+00 -4.1292e+00 +4.5905e+00 -9.1792e-01
2554 +4.475678249e+00 +4.475678249e+00 -7.149432175e+01 -7.149432175e+01 +3.4686e+00 +1.8516e+00 -4.0281e+00 +4.5787e+00 -7.7566e-01
2576 +3.861904709e+00 +3.861904709e+00 -7.210809529e+01 -7.210809529e+01 +3.2288e+00 +1.7822e+00 -4.1852e+00 +4.6767e+00 -1.0213e+00
2620 +3.747846938e+00 +3.747846938e+00 -7.222215306e+01 -7.222215306e+01 +3.2145e+00 +1.8802e+00 -4.2465e+00 +4.5064e+00 -9.6678e-01
2774 +3.670951144e+00 +3.670951144e+00 -7.229904886e+01 -7.229904886e+01 +3.2673e+00 +1.8392e+00 -4.3149e+00 +4.5770e+00 -1.0211e+00
4624 +3.419011427e+00 +3.419011427e+00 -7.255098857e+01 -7.255098857e+01 +2.8352e+00 -7.2946e-01 -2.9410e+00 -3.6222e+00 -3.4691e+00
4644 +3.367323408e+00 +3.367323408e+00 -7.260267659e+01 -7.260267659e+01 +2.4945e+00 -5.4378e-01 -2.4916e+00 -3.3463e+00 -3.9063e+00
4668 +3.136116349e+00 +3.136116349e+00 -7.283388365e+01 -7.283388365e+01 +2.7047e+00 -7.1889e-01 -2.8736e+00 -3.6917e+00 -3.5488e+00
4712 +2.640371931e+00 +2.640371931e+00 -7.332962807e+01 -7.332962807e+01 +2.4859e+00 -8.2095e-01 -2.9048e+00 -3.5417e+00 -3.7271e+00
4732 +2.530212649e+00 +2.530212649e+00 -7.343978735e+01 -7.343978735e+01 +2.3949e+00 -7.7747e-01 -2.7605e+00 -3.5617e+00 -3.7164e+00
4756 +2.405381657e+00 +2.405381657e+00 -7.356461834e+01 -7.356461834e+01 +2.2646e+00 -8.6935e-01 -2.9335e+00 -3.5551e+00 -3.7164e+00
4778 +2.283127539e+00 +2.283127539e+00 -7.368687246e+01 -7.368687246e+01 +2.1329e+00 -8.6827e-01 -2.9005e+00 -3.3979e+00 -3.7896e+00
4910 +2.197407054e+00 +2.197407054e+00 -7.377259295e+01 -7.377259295e+01 +1.9393e+00 -9.7905e-01 -2.9875e+00 -3.2914e+00 -3.8600e+00
4980 +2.165212865e+00 +2.165212865e+00 -7.380478714e+01 -7.380478714e+01 +1.8980e+00 -1.0113e+00 -2.9436e+00 -3.3652e+00 -3.9347e+00
5038 +2.113218512e+00 +2.113218512e+00 -7.385678149e+01 -7.385678149e+01 +1.7667e+00 -1.0786e+00 -3.0792e+00 -3.2550e+00 -3.9485e+00
5115 +2.085517036e+00 +2.085517036e+00 -7.388448296e+01 -7.388448296e+01 +1.5887e+00 -1.1059e+00 -3.0341e+00 -3.2074e+00 -4.0695e+00
5650 +2.040870683e+00 +2.040870683e+00 -7.392912932e+01 -7.392912932e+01 +1.2913e+00 -1.2694e+00 -3.1329e+00 -3.2875e+00 -4.1779e+00
6887 +1.994290424e+00 +1.994290424e+00 -7.397570958e+01 -7.397570958e+01 +1.0870e+00 -1.6335e+00 -3.8170e+00 -3.0747e+00 -4.1761e+00
9970 +1.949830864e+00 +1.949830864e+00 -7.402016914e+01 -7.402016914e+01 +4.9938e-01 -2.0286e+00 -4.2890e+00 -2.8949e+00 -4.3892e+00
22379 +1.874721323e+00 +1.874721323e+00 -7.409527868e+01 -7.409527868e+01 +1.5070e-01 -2.9646e+00 -3.6382e+00 -1.7841e+00 +1.9982e+00
22382 +1.837288032e+00 +1.837288032e+00 -7.413271197e+01 -7.413271197e+01 +1.3979e-01 -2.9831e+00 -3.4359e+00 -1.7340e+00 +2.0987e+00
22404 +1.800652446e+00 +1.800652446e+00 -7.416934755e+01 -7.416934755e+01 +1.7967e-01 -3.0403e+00 -3.4897e+00 -1.7305e+00 +2.0788e+00
22434 +1.735372728e+00 +1.735372728e+00 -7.423462727e+01 -7.423462727e+01 +2.2594e-01 -2.8362e+00 -3.6993e+00 -1.9342e+00 +2.1422e+00
22480 +1.630806910e+00 +1.630806910e+00 -7.433919309e+01 -7.433919309e+01 +3.5030e-01 -2.7522e+00 -3.7011e+00 -1.8548e+00 +2.1792e+00
22492 +1.595393426e+00 +1.595393426e+00 -7.437460657e+01 -7.437460657e+01 +3.3917e-01 -2.9369e+00 -3.5971e+00 -1.8572e+00 +2.0572e+00
22551 +1.538509472e+00 +1.538509472e+00 -7.443149053e+01 -7.443149053e+01 +3.7971e-01 -3.0813e+00 -3.6787e+00 -1.8126e+00 +2.1776e+00
22598 +1.507164594e+00 +1.507164594e+00 -7.446283541e+01 -7.446283541e+01 +4.2567e-01 -2.8907e+00 -3.7238e+00 -1.8929e+00 +2.0331e+00
22602 +1.461157042e+00 +1.461157042e+00 -7.450884296e+01 -7.450884296e+01 +3.7983e-01 -2.9908e+00 -3.6483e+00 -1.7821e+00 +2.2026e+00
22621 +1.391545918e+00 +1.391545918e+00 -7.457845408e+01 -7.457845408e+01 +5.2758e-01 -2.9502e+00 -3.7192e+00 -1.6518e+00 +2.2868e+00
22662 +1.339592130e+00 +1.339592130e+00 -7.463040787e+01 -7.463040787e+01 +4.7159e-01 -2.9664e+00 -3.7345e+00 -1.7694e+00 +2.2853e+00
22676 +1.308366484e+00 +1.308366484e+00 -7.466163352e+01 -7.466163352e+01 +5.6660e-01 -2.8753e+00 -3.7812e+00 -1.6962e+00 +2.2496e+00
22740 +1.183318830e+00 +1.183318830e+00 -7.478668117e+01 -7.478668117e+01 +5.9783e-01 -2.8460e+00 -3.8957e+00 -1.7795e+00 +2.2965e+00
22783 +1.142166691e+00 +1.142166691e+00 -7.482783331e+01 -7.482783331e+01 +6.0579e-01 -2.8406e+00 -3.9983e+00 -1.7558e+00 +2.3393e+00
22839 +1.053531071e+00 +1.053531071e+00 -7.491646893e+01 -7.491646893e+01 +6.9252e-01 -2.8668e+00 -4.0406e+00 -1.7494e+00 +2.3033e+00
22927 +1.018886999e+00 +1.018886999e+00 -7.495111300e+01 -7.495111300e+01 +7.5880e-01 -2.9169e+00 -3.9819e+00 -1.7083e+00 +2.3251e+00
22941 +9.938884672e-01 +9.938884672e-01 -7.497611153e+01 -7.497611153e+01 +7.7634e-01 -2.9367e+00 -4.0314e+00 -1.7093e+00 +2.3216e+00
23051 +9.749034144e-01 +9.749034144e-01 -7.499509659e+01 -7.499509659e+01 +8.4551e-01 -2.9585e+00 -4.0610e+00 -1.7250e+00 +2.3195e+00
23194 +9.467152376e-01 +9.467152376e-01 -7.502328476e+01 -7.502328476e+01 +9.2145e-01 -2.8966e+00 -4.1757e+00 -1.6604e+00 +2.4058e+00
23460 +9.314644359e-01 +9.314644359e-01 -7.503853556e+01 -7.503853556e+01 +9.8524e-01 -2.9216e+00 -4.2018e+00 -1.6705e+00 +2.4267e+00
% function evaluation | noise-free fitness - Fopt (-1.699000000000e+01) | best noise-free fitness - Fopt | measured fitness | best measured fitness | x1 | x2...
1 +5.292290980e+01 +5.292290980e+01 +3.593290980e+01 +3.593290980e+01 +0.0000e+00 +0.0000e+00 +0.0000e+00 +0.0000e+00 +0.0000e+00
2 +4.670750259e+01 +4.670750259e+01 +2.971750259e+01 +2.971750259e+01 +1.3439e+00 +7.7311e-01 +4.8959e-01 -9.4194e-01 +1.9198e-01
10 +4.249774795e+01 +4.249774795e+01 +2.550774795e+01 +2.550774795e+01 +1.3189e+00 +6.8071e-01 +1.4668e-01 -1.0280e+00 +2.2209e-01
24 +3.608269451e+01 +3.608269451e+01 +1.909269451e+01 +1.909269451e+01 +1.3297e+00 +7.3169e-01 +3.2056e-01 -7.9195e-01 +6.4324e-01
50 +3.258023921e+01 +3.258023921e+01 +1.559023921e+01 +1.559023921e+01 +1.1759e+00 +8.4011e-01 +2.5791e-02 -9.2949e-01 +5.0437e-01
53 +3.201558934e+01 +3.201558934e+01 +1.502558934e+01 +1.502558934e+01 +1.2006e+00 +8.9754e-01 +2.4226e-01 -1.0342e+00 +5.9017e-01
65 +2.851512382e+01 +2.851512382e+01 +1.152512382e+01 +1.152512382e+01 +9.5492e-01 +8.9226e-01 +2.4498e-01 -1.0648e+00 +8.1971e-01
68 +2.496179438e+01 +2.496179438e+01 +7.971794377e+00 +7.971794377e+00 +1.3610e+00 +9.0726e-01 -2.7803e-01 -6.9844e-01 +9.2022e-01
80 +2.306860113e+01 +2.306860113e+01 +6.078601126e+00 +6.078601126e+00 +8.1697e-01 +1.3306e+00 +3.2621e-01 -1.0186e+00 +1.0551e+00
86 +2.179555281e+01 +2.179555281e+01 +4.805552807e+00 +4.805552807e+00 +9.6154e-01 +1.2642e+00 +1.9319e-01 -9.0130e-01 +1.1213e+00
90 +1.867199798e+01 +1.867199798e+01 +1.681997978e+00 +1.681997978e+00 +1.9766e+00 +1.5645e+00 -4.6297e-01 -9.7907e-01 +1.1460e+00
93 +1.394540259e+01 +1.394540259e+01 -3.044597415e+00 -3.044597415e+00 +1.2601e+00 +1.4319e+00 -8.8259e-02 -1.0968e+00 +1.5786e+00
112 +1.366631332e+01 +1.366631332e+01 -3.323686680e+00 -3.323686680e+00 +1.1682e+00 +1.3663e+00 -4.3838e-01 -1.0675e+00 +2.8706e+00
113 +1.203485645e+01 +1.203485645e+01 -4.955143555e+00 -4.955143555e+00 +1.0708e+00 +2.4841e+00 -5.0624e-01 -7.2666e-01 +1.6055e+00
125 +1.181996602e+01 +1.181996602e+01 -5.170033981e+00 -5.170033981e+00 +1.5786e+00 +2.4241e+00 -9.9250e-01 -7.9767e-01 +2.6029e+00
132 +9.484090002e+00 +9.484090002e+00 -7.505909998e+00 -7.505909998e+00 +1.2092e+00 +1.9106e+00 -5.4325e-01 -8.8860e-01 +2.3511e+00
176 +8.969008897e+00 +8.969008897e+00 -8.020991103e+00 -8.020991103e+00 +1.0957e+00 +2.4905e+00 -8.4348e-01 -1.2287e+00 +2.0942e+00
264 +8.656933234e+00 +8.656933234e+00 -8.333066766e+00 -8.333066766e+00 +1.2820e+00 +1.9580e+00 -5.4351e-01 -1.4095e+00 +2.1775e+00
374 +8.465166163e+00 +8.465166163e+00 -8.524833837e+00 -8.524833837e+00 +1.2268e+00 +2.0147e+00 -8.3221e-01 -1.3784e+00 +2.2201e+00
2334 +7.952161610e+00 +7.952161610e+00 -9.037838390e+00 -9.037838390e+00 +1.4610e+00 -9.2767e-01 +2.3297e+00 +3.1898e+00 -2.2352e+00
2356 +6.091852225e+00 +6.091852225e+00 -1.089814777e+01 -1.089814777e+01 +1.3253e+00 -8.5508e-01 +2.2676e+00 +2.9143e+00 -2.5773e+00
2416 +2.358250608e+00 +2.358250608e+00 -1.463174939e+01 -1.463174939e+01 +1.0524e+00 -7.2082e-01 +2.5625e+00 +3.3750e+00 -3.5117e+00
2434 +2.267815318e+00 +2.267815318e+00 -1.472218468e+01 -1.472218468e+01 +9.4577e-01 -3.0327e-01 +2.6326e+00 +3.4926e+00 -3.6433e+00
2664 +2.142087972e+00 +2.142087972e+00 -1.484791203e+01 -1.484791203e+01 +1.2339e+00 -5.9487e-01 +2.5886e+00 +3.5670e+00 -3.5167e+00
2686 +2.105404918e+00 +2.105404918e+00 -1.488459508e+01 -1.488459508e+01 +1.2321e+00 -5.7088e-01 +2.7467e+00 +3.6983e+00 -3.7112e+00
2742 +2.058276601e+00 +2.058276601e+00 -1.493172340e+01 -1.493172340e+01 +1.3866e+00 -1.0635e+00 +2.7085e+00 +3.7125e+00 -3.7030e+00
2796 +2.030943800e+00 +2.030943800e+00 -1.495905620e+01 -1.495905620e+01 +1.1161e+00 -7.8760e-01 +2.7411e+00 +3.5972e+00 -3.8806e+00
2906 +1.987330546e+00 +1.987330546e+00 -1.500266945e+01 -1.500266945e+01 +1.1155e+00 -8.5013e-01 +2.9223e+00 +3.8464e+00 -4.0481e+00
3007 +1.944703609e+00 +1.944703609e+00 -1.504529639e+01 -1.504529639e+01 +1.1063e+00 -9.0270e-01 +3.0898e+00 +4.0394e+00 -4.5115e+00
3120 +1.895777989e+00 +1.895777989e+00 -1.509422201e+01 -1.509422201e+01 +1.1275e+00 -9.8555e-01 +3.1281e+00 +4.1214e+00 -4.4478e+00
3254 +1.855004783e+00 +1.855004783e+00 -1.513499522e+01 -1.513499522e+01 +1.1249e+00 -1.0607e+00 +3.2660e+00 +4.2728e+00 -4.5769e+00
3595 +1.819117801e+00 +1.819117801e+00 -1.517088220e+01 -1.517088220e+01 +1.1411e+00 -1.1821e+00 +3.3656e+00 +4.3971e+00 -4.7671e+00
23568 +1.751629189e+00 +1.751629189e+00 -1.523837081e+01 -1.523837081e+01 -3.1633e+00 -4.6162e+00 +2.4815e+00 -1.5037e+00 -3.1281e+00
23634 +1.557738197e+00 +1.557738197e+00 -1.543226180e+01 -1.543226180e+01 -3.1814e+00 -4.2471e+00 +2.2520e+00 -7.4252e-01 -2.8923e+00
23840 +1.535323080e+00 +1.535323080e+00 -1.545467692e+01 -1.545467692e+01 -3.3963e+00 -4.3243e+00 +2.1105e+00 -1.0118e+00 -2.8258e+00
23845 +1.340895913e+00 +1.340895913e+00 -1.564910409e+01 -1.564910409e+01 -3.0676e+00 -4.3257e+00 +2.5615e+00 -1.1265e+00 -2.9216e+00
23898 +1.315407056e+00 +1.315407056e+00 -1.567459294e+01 -1.567459294e+01 -3.1761e+00 -4.3492e+00 +2.4585e+00 -1.0239e+00 -2.9465e+00
24030 +1.280622295e+00 +1.280622295e+00 -1.570937771e+01 -1.570937771e+01 -3.1945e+00 -4.3187e+00 +2.4165e+00 -1.1368e+00 -2.8747e+00
24096 +1.256054852e+00 +1.256054852e+00 -1.573394515e+01 -1.573394515e+01 -3.0945e+00 -4.2647e+00 +2.4527e+00 -1.1435e+00 -2.9463e+00
% function evaluation | noise-free fitness - Fopt (2.740000000000e+00) | best noise-free fitness - Fopt | measured fitness | best measured fitness | x1 | x2...
1 +6.291308264e+01 +6.291308264e+01 +6.565308264e+01 +6.565308264e+01 +0.0000e+00 +0.0000e+00 +0.0000e+00 +0.0000e+00 +0.0000e+00
2 +4.740736511e+01 +4.740736511e+01 +5.014736511e+01 +5.014736511e+01 +2.8052e+00 -1.3209e+00 +1.5935e-01 +3.2426e+00 +2.2796e+00
3 +3.163202573e+01 +3.163202573e+01 +3.437202573e+01 +3.437202573e+01 +2.5502e+00 -1.2334e+00 -1.4662e-01 +3.2406e+00 +2.3751e+00
24 +3.155779197e+01 +3.155779197e+01 +3.429779197e+01 +3.429779197e+01 +2.5152e+00 -1.1290e+00 -1.8955e-01 +3.3406e+00 +2.4611e+00
25 +2.933720010e+01 +2.933720010e+01 +3.207720010e+01 +3.207720010e+01 +2.5423e+00 -1.3699e+00 -3.8498e-01 +3.3005e+00 +2.2469e+00
27 +2.832143756e+01 +2.832143756e+01 +3.106143756e+01 +3.106143756e+01 +2.4617e+00 -1.2836e+00 -2.7978e-01 +3.3580e+00 +2.3630e+00
29 +2.695979488e+01 +2.695979488e+01 +2.969979488e+01 +2.969979488e+01 +2.3723e+00 -1.2303e+00 -1.7208e-01 +3.3105e+00 +2.4045e+00
46 +2.157906993e+01 +2.157906993e+01 +2.431906993e+01 +2.431906993e+01 +2.1094e+00 -1.1973e+00 -1.8499e-01 +3.0234e+00 +2.5449e+00
69 +2.023966863e+01 +2.023966863e+01 +2.297966863e+01 +2.297966863e+01 +2.0903e+00 -1.5935e+00 +8.3721e-02 +3.2617e+00 +2.1616e+00
72 +1.961700859e+01 +1.961700859e+01 +2.235700859e+01 +2.235700859e+01 +2.1765e+00 -1.4987e+00 -4.5063e-01 +3.0551e+00 +2.3800e+00
80 +1.614111466e+01 +1.614111466e+01 +1.888111466e+01 +1.888111466e+01 +1.8654e+00 -1.5911e+00 -2.1365e-01 +3.3133e+00 +2.4458e+00
90 +1.179814772e+01 +1.179814772e+01 +1.453814772e+01 +1.453814772e+01 +1.4191e+00 -1.7972e+00 -1.6916e-01 +3.1639e+00 +2.3065e+00
116 +8.576967011e+00 +8.576967011e+00 +1.131696701e+01 +1.131696701e+01 +1.4094e+00 -2.1710e+00 -4.5835e-01 +2.4745e+00 +2.3321e+00
154 +7.920927620e+00 +7.920927620e+00 +1.066092762e+01 +1.066092762e+01 +9.7953e-01 -2.2373e+00 +2.2847e-01 +2.7931e+00 +2.2978e+00
176 +7.438015425e+00 +7.438015425e+00 +1.017801542e+01 +1.017801542e+01 +9.6074e-01 -2.3503e+00 +4.4616e-01 +2.9172e+00 +2.2035e+00
214 +7.178375881e+00 +7.178375881e+00 +9.918375881e+00 +9.918375881e+00 +1.1615e+00 -2.9363e+00 +3.4336e-02 +3.0061e+00 +2.0970e+00
278 +6.804680393e+00 +6.804680393e+00 +9.544680393e+00 +9.544680393e+00 +8.3033e-01 -2.9970e+00 +2.1537e-02 +2.5236e+00 +1.9761e+00
308 +6.657570534e+00 +6.657570534e+00 +9.397570534e+00 +9.397570534e+00 +8.7113e-01 -2.5015e+00 +2.6898e-01 +2.7294e+00 +1.9268e+00
323 +6.151088420e+00 +6.151088420e+00 +8.891088420e+00 +8.891088420e+00 +9.8438e-01 -3.1284e+00 +4.5231e-01 +2.3783e+00 +1.5210e+00
344 +4.493047464e+00 +4.493047464e+00 +7.233047464e+00 +7.233047464e+00 +9.5660e-01 -3.5222e+00 +1.3493e-02 +2.4013e+00 +1.3732e+00
352 +4.217837621e+00 +4.217837621e+00 +6.957837621e+00 +6.957837621e+00 +1.0640e+00 -3.1295e+00 +6.6027e-02 +2.5434e+00 +1.5805e+00
374 +4.109564024e+00 +4.109564024e+00 +6.849564024e+00 +6.849564024e+00 +1.1671e+00 -3.0444e+00 -2.4268e-02 +2.4932e+00 +1.5840e+00
418 +3.997166169e+00 +3.997166169e+00 +6.737166169e+00 +6.737166169e+00 +1.2214e+00 -3.1438e+00 -2.0791e-01 +2.3669e+00 +1.6157e+00
440 +3.712428093e+00 +3.712428093e+00 +6.452428093e+00 +6.452428093e+00 +1.1147e+00 -3.1607e+00 -2.8410e-02 +2.2656e+00 +1.3529e+00
462 +3.573973774e+00 +3.573973774e+00 +6.313973774e+00 +6.313973774e+00 +1.2127e+00 -3.3625e+00 -2.5831e-01 +2.1708e+00 +1.3274e+00
488 +3.543549595e+00 +3.543549595e+00 +6.283549595e+00 +6.283549595e+00 +1.1495e+00 -3.2746e+00 -4.8090e-01 +1.9242e+00 +1.0772e+00
528 +3.284561749e+00 +3.284561749e+00 +6.024561749e+00 +6.024561749e+00 +1.1161e+00 -3.2109e+00 -3.5028e-01 +2.0324e+00 +1.2710e+00
682 +3.201641123e+00 +3.201641123e+00 +5.941641123e+00 +5.941641123e+00 +1.0958e+00 -3.2522e+00 -2.9579e-01 +1.9734e+00 +1.3043e+00
17197 +2.941563296e+00 +2.941563296e+00 +5.681563296e+00 +5.681563296e+00 +3.1398e-01 -3.3826e+00 -8.0177e-01 +1.1739e+00 +3.4991e+00
17332 +2.835506811e+00 +2.835506811e+00 +5.575506811e+00 +5.575506811e+00 +2.5930e-01 -3.3734e+00 -9.0291e-01 +1.2097e+00 +3.4924e+00
17390 +2.813954274e+00 +2.813954274e+00 +5.553954274e+00 +5.553954274e+00 +3.2233e-01 -3.4214e+00 -8.9067e-01 +1.1809e+00 +3.4955e+00
19387 +2.380668590e+00 +2.380668590e+00 +5.120668590e+00 +5.120668590e+00 -1.1438e+00 +5.2672e-01 -6.0046e-01 -1.5097e+00 -1.6662e+00
19416 +2.233239990e+00 +2.233239990e+00 +4.973239990e+00 +4.973239990e+00 -1.1874e+00 +1.8967e-01 -4.4567e-01 -1.6716e+00 -1.4031e+00
19428 +2.180337700e+00 +2.180337700e+00 +4.920337700e+00 +4.920337700e+00 -1.4185e+00 +1.2044e-01 -2.4073e-01 -1.7320e+00 -1.6361e+00
19518 +2.092419610e+00 +2.092419610e+00 +4.832419610e+00 +4.832419610e+00 -1.1253e+00 +3.9623e-01 -4.6336e-01 -1.4191e+00 -2.2246e+00
19614 +2.089097711e+00 +2.089097711e+00 +4.829097711e+00 +4.829097711e+00 -1.1711e+00 +2.8287e-01 -4.7930e-01 -1.5095e+00 -1.7449e+00
19738 +2.009805472e+00 +2.009805472e+00 +4.749805472e+00 +4.749805472e+00 -1.2407e+00 +6.1890e-02 -3.8200e-01 -1.3843e+00 -2.0328e+00
19778 +1.981664052e+00 +1.981664052e+00 +4.721664052e+00 +4.721664052e+00 -1.2971e+00 -7.8341e-02 -3.5843e-01 -1.3874e+00 -2.0765e+00
19856 +1.949081095e+00 +1.949081095e+00 +4.689081095e+00 +4.689081095e+00 -1.3632e+00 -2.0386e-01 -3.5319e-01 -1.3090e+00 -2.2637e+00
20001 +1.889924628e+00 +1.889924628e+00 +4.629924628e+00 +4.629924628e+00 -1.4801e+00 -4.3774e-01 -2.9489e-01 -1.2596e+00 -2.4665e+00
20016 +1.861096599e+00 +1.861096599e+00 +4.601096599e+00 +4.601096599e+00 -1.5108e+00 -5.1519e-01 -2.2722e-01 -1.2640e+00 -2.5389e+00
20213 +1.813882612e+00 +1.813882612e+00 +4.553882612e+00 +4.553882612e+00 -1.6847e+00 -7.0238e-01 -1.3397e-01 -1.2664e+00 -2.5700e+00
% function evaluation | noise-free fitness - Fopt (-3.564000000000e+01) | best noise-free fitness - Fopt | measured fitness | best measured fitness | x1 | x2...
1 +6.419139959e+01 +6.419139959e+01 +2.855139959e+01 +2.855139959e+01 +0.0000e+00 +0.0000e+00 +0.0000e+00 +0.0000e+00 +0.0000e+00
47 +6.307563668e+01 +6.307563668e+01 +2.743563668e+01 +2.743563668e+01 -2.5026e+00 +2.3877e+00 +4.2684e+00 +2.3562e+00 -3.8030e+00
50 +5.947809843e+01 +5.947809843e+01 +2.383809843e+01 +2.383809843e+01 -2.1930e+00 +2.2687e+00 +4.2635e+00 +2.2645e+00 -3.6601e+00
71 +5.556436236e+01 +5.556436236e+01 +1.992436236e+01 +1.992436236e+01 -2.1744e+00 +2.3318e+00 +4.0344e+00 +2.4240e+00 -3.6129e+00
95 +4.818129652e+01 +4.818129652e+01 +1.254129652e+01 +1.254129652e+01 -1.9896e+00 +2.2007e+00 +3.8959e+00 +2.5558e+00 -3.5055e+00
120 +3.731696223e+01 +3.731696223e+01 +1.676962227e+00 +1.676962227e+00 -1.1767e+00 +2.1152e+00 +3.9987e+00 +2.6417e+00 -4.1353e+00
123 +3.699159553e+01 +3.699159553e+01 +1.351595533e+00 +1.351595533e+00 -1.8018e+00 +1.6096e+00 +3.8107e+00 +2.5670e+00 -3.8385e+00
136 +3.134370318e+01 +3.134370318e+01 -4.296296821e+00 -4.296296821e+00 -1.0780e+00 +2.7403e+00 +2.3637e+00 +2.1082e+00 -4.6307e+00
154 +2.864382621e+01 +2.864382621e+01 -6.996173789e+00 -6.996173789e+00 -1.4160e+00 +1.9031e+00 +3.4501e+00 +2.4515e+00 -4.2112e+00
163 +2.020458265e+01 +2.020458265e+01 -1.543541735e+01 -1.543541735e+01 -1.7717e+00 +1.3689e+00 +2.2806e+00 +3.3612e+00 -3.7684e+00
166 +1.786351284e+01 +1.786351284e+01 -1.777648716e+01 -1.777648716e+01 -6.9242e-01 +1.9154e+00 +2.8051e+00 +3.1151e+00 -4.5094e+00
170 +1.724085509e+01 +1.724085509e+01 -1.839914491e+01 -1.839914491e+01 -9.7687e-01 +1.4861e+00 +2.9285e+00 +3.6743e+00 -3.7616e+00
175 +1.645559645e+01 +1.645559645e+01 -1.918440355e+01 -1.918440355e+01 -9.4242e-01 +1.7807e+00 +2.8676e+00 +3.2457e+00 -3.9892e+00
176 +1.557841581e+01 +1.557841581e+01 -2.006158419e+01 -2.006158419e+01 -1.0388e+00 +1.6642e+00 +2.6842e+00 +3.3616e+00 -4.1517e+00
190 +1.388582412e+01 +1.388582412e+01 -2.175417588e+01 -2.175417588e+01 -4.6757e-01 +1.2257e+00 +2.0089e+00 +3.7789e+00 -4.4368e+00
195 +1.231938461e+01 +1.231938461e+01 -2.332061539e+01 -2.332061539e+01 -2.2954e-01 +1.4664e+00 +1.8144e+00 +3.5457e+00 -3.4761e+00
291 +1.227267096e+01 +1.227267096e+01 -2.336732904e+01 -2.336732904e+01 -7.2400e-01 +1.8217e+00 +1.2036e+00 +2.0743e+00 -3.3286e+00
330 +1.199649080e+01 +1.199649080e+01 -2.364350920e+01 -2.364350920e+01 -9.5551e-01 +1.4451e+00 +1.8323e+00 +2.9999e+00 -3.8439e+00
352 +1.130677047e+01 +1.130677047e+01 -2.433322953e+01 -2.433322953e+01 -5.7046e-01 +1.3396e+00 +2.1540e+00 +2.8497e+00 -3.6228e+00
414 +1.121835380e+01 +1.121835380e+01 -2.442164620e+01 -2.442164620e+01 -2.6670e-01 +1.4047e+00 +1.6525e+00 +3.2542e+00 -3.8315e+00
418 +1.071427336e+01 +1.071427336e+01 -2.492572664e+01 -2.492572664e+01 -5.1156e-01 +1.2173e+00 +2.1658e+00 +2.9901e+00 -3.9124e+00
572 +1.046057458e+01 +1.046057458e+01 -2.517942542e+01 -2.517942542e+01 -4.5008e-01 +1.2593e+00 +2.0131e+00 +3.1346e+00 -3.9286e+00
2334 +9.517858729e+00 +9.517858729e+00 -2.612214127e+01 -2.612214127e+01 -2.8393e+00 -4.7552e+00 -3.4683e+00 -4.8495e+00 -1.6191e+00
2400 +8.792918868e+00 +8.792918868e+00 -2.684708113e+01 -2.684708113e+01 -2.9242e+00 -4.8576e+00 -3.0958e+00 -4.8394e+00 -1.3322e+00
2422 +7.865258967e+00 +7.865258967e+00 -2.777474103e+01 -2.777474103e+01 -3.3499e+00 -4.9140e+00 -3.3560e+00 -4.7814e+00 -1.4104e+00
2444 +7.585372514e+00 +7.585372514e+00 -2.805462749e+01 -2.805462749e+01 -3.4113e+00 -5.0780e+00 -3.2350e+00 -4.4887e+00 -1.2310e+00
2576 +7.406878225e+00 +7.406878225e+00 -2.823312177e+01 -2.823312177e+01 -3.6163e+00 -4.8358e+00 -3.1060e+00 -4.2925e+00 -1.4723e+00
5310 +7.193181687e+00 +7.193181687e+00 -2.844681831e+01 -2.844681831e+01 +3.9970e+00 +1.4416e-01 +3.3450e-01 -2.9738e+00 +8.5247e-01
5359 +7.078208664e+00 +7.078208664e+00 -2.856179134e+01 -2.856179134e+01 +3.9193e+00 +1.2794e-01 +4.2650e-01 -3.0501e+00 +9.5375e-01
5389 +6.899828093e+00 +6.899828093e+00 -2.874017191e+01 -2.874017191e+01 +3.9156e+00 -6.0426e-02 +5.7833e-01 -2.8207e+00 +7.3059e-01
5397 +6.745956427e+00 +6.745956427e+00 -2.889404357e+01 -2.889404357e+01 +3.6815e+00 -2.2987e-02 +7.5916e-01 -2.8149e+00 +6.1316e-01
5680 +6.575665338e+00 +6.575665338e+00 -2.906433466e+01 -2.906433466e+01 +3.5450e+00 -1.3680e-01 +1.0431e+00 -2.8786e+00 +4.5772e-01
5693 +6.446615437e+00 +6.446615437e+00 -2.919338456e+01 -2.919338456e+01 +3.5231e+00 -2.0240e-01 +9.7841e-01 -2.6523e+00 +1.7850e-01
5849 +6.276566116e+00 +6.276566116e+00 -2.936343388e+01 -2.936343388e+01 +3.5047e+00 -3.4154e-01 +9.2253e-01 -2.7046e+00 -4.5802e-02
6307 +6.165740314e+00 +6.165740314e+00 -2.947425969e+01 -2.947425969e+01 +3.5702e+00 -2.3170e-01 +7.8798e-01 -2.6358e+00 +6.6112e-02
6714 +6.022514389e+00 +6.022514389e+00 -2.961748561e+01 -2.961748561e+01 +3.6515e+00 -3.3607e-01 +6.2990e-01 -2.5155e+00 -1.4365e-01
7300 +5.878271097e+00 +5.878271097e+00 -2.976172890e+01 -2.976172890e+01 +3.5911e+00 -3.9620e-01 +5.2785e-01 -2.3003e+00 -4.8597e-01
14878 +3.642928094e+00 +3.642928094e+00 -3.199707191e+01 -3.199707191e+01 -2.3272e+00 +2.0588e+00 -5.3984e+00 -1.7201e+00 +6.7609e-01
14895 +3.220134590e+00 +3.220134590e+00 -3.241986541e+01 -3.241986541e+01 -2.3297e+00 +2.3298e+00 -4.9431e+00 -1.8627e+00 +9.1688e-01
14978 +2.678848656e+00 +2.678848656e+00 -3.296115134e+01 -3.296115134e+01 -2.6629e+00 +2.0870e+00 -4.5760e+00 -2.1084e+00 +8.3190e-01
15328 +2.611500623e+00 +2.611500623e+00 -3.302849938e+01 -3.302849938e+01 -2.6729e+00 +2.1725e+00 -4.5557e+00 -2.1260e+00 +1.0090e+00
15428 +2.552622094e+00 +2.552622094e+00 -3.308737791e+01 -3.308737791e+01 -2.7131e+00 +2.1178e+00 -4.5083e+00 -2.0446e+00 +8.7808e-01
15600 +2.511567402e+00 +2.511567402e+00 -3.312843260e+01 -3.312843260e+01 -2.7629e+00 +2.1446e+00 -4.3548e+00 -2.0515e+00 +8.0819e-01
% function evaluation | noise-free fitness - Fopt (-4.590900000000e+02) | best noise-free fitness - Fopt | measured fitness | best measured fitness | x1 | x2...
1 +5.870251641e+01 +5.870251641e+01 -4.003874836e+02 -4.003874836e+02 +0.0000e+00 +0.0000e+00 +0.0000e+00 +0.0000e+00 +0.0000e+00
2 +3.026562563e+01 +3.026562563e+01 -4.288243744e+02 -4.288243744e+02 -2.2245e+00 -2.3045e+00 +3.0099e-02 -8.2796e-02 -5.6918e+00
3 +2.399065027e+01 +2.399065027e+01 -4.350993497e+02 -4.350993497e+02 -2.1289e+00 -2.2770e+00 +1.5581e-01 -2.5281e-01 -5.4664e+00
12 +2.354581095e+01 +2.354581095e+01 -4.355441891e+02 -4.355441891e+02 -1.9435e+00 -2.5525e+00 +4.5423e-02 -1.8545e-01 -5.6246e+00
30 +2.260177701e+01 +2.260177701e+01 -4.364882230e+02 -4.364882230e+02 -2.1996e+00 -2.4660e+00 +1.6232e-02 -3.1761e-01 -5.4849e+00
36 +1.890928750e+01 +1.890928750e+01 -4.401807125e+02 -4.401807125e+02 -1.9038e+00 -2.4855e+00 +4.0568e-02 -3.3756e-01 -5.3136e+00
46 +1.784433380e+01 +1.784433380e+01 -4.412456662e+02 -4.412456662e+02 -1.9321e+00 -2.7774e+00 +8.9103e-02 -1.4333e-01 -5.3744e+00
57 +1.753460334e+01 +1.753460334e+01 -4.415553967e+02 -4.415553967e+02 -2.2156e+00 -2.6625e+00 +7.6755e-02 -3.7882e-01 -5.3310e+00
61 +1.667290381e+01 +1.667290381e+01 -4.424170962e+02 -4.424170962e+02 -1.7757e+00 -2.7034e+00 +1.5562e-02 -2.5865e-01 -5.2753e+00
71 +1.446879012e+01 +1.446879012e+01 -4.446212099e+02 -4.446212099e+02 -2.1327e+00 -2.9388e+00 +3.8533e-01 -2.2623e-01 -5.3422e+00
72 +1.384578110e+01 +1.384578110e+01 -4.452442189e+02 -4.452442189e+02 -1.6037e+00 -2.8704e+00 +1.6473e-01 -1.9773e-01 -5.1683e+00
73 +1.282856451e+01 +1.282856451e+01 -4.462614355e+02 -4.462614355e+02 -1.8248e+00 -3.3246e+00 +2.7631e-01 -4.0069e-02 -5.2601e+00
82 +1.253876487e+01 +1.253876487e+01 -4.465512351e+02 -4.465512351e+02 -1.9330e+00 -2.3474e+00 +1.0933e-01 -5.4780e-01 -4.7223e+00
86 +1.226035826e+01 +1.226035826e+01 -4.468296417e+02 -4.468296417e+02 -2.0399e+00 -2.7940e+00 +7.2660e-02 -2.8193e-01 -5.0071e+00
95 +1.131443244e+01 +1.131443244e+01 -4.477755676e+02 -4.477755676e+02 -1.8036e+00 -3.0663e+00 -2.8853e-01 -1.9149e-01 -4.7421e+00
98 +1.096003595e+01 +1.096003595e+01 -4.481299640e+02 -4.481299640e+02 -1.2942e+00 -3.4960e+00 -3.3300e-01 -3.8815e-01 -4.7855e+00
102 +6.553419132e+00 +6.553419132e+00 -4.525365809e+02 -4.525365809e+02 -1.6009e+00 -3.4807e+00 +1.1941e-02 -5.9111e-01 -4.1558e+00
131 +5.471764013e+00 +5.471764013e+00 -4.536182360e+02 -4.536182360e+02 -1.7277e+00 -2.9121e+00 +6.1954e-01 -9.9145e-01 -4.4343e+00
132 +4.845283100e+00 +4.845283100e+00 -4.542447169e+02 -4.542447169e+02 -1.7824e+00 -3.0951e+00 +1.6572e-01 -9.2587e-01 -4.2465e+00
176 +4.265786701e+00 +4.265786701e+00 -4.548242133e+02 -4.548242133e+02 -2.0062e+00 -3.2196e+00 +6.2371e-01 -8.2346e-01 -4.4109e+00
308 +2.955898509e+00 +2.955898509e+00 -4.561341015e+02 -4.561341015e+02 -1.9316e+00 -3.4432e+00 +7.3494e-01 -1.5495e+00 -4.1097e+00
330 +2.777631974e+00 +2.777631974e+00 -4.563123680e+02 -4.563123680e+02 -2.1754e+00 -3.7852e+00 +4.2770e-01 -1.3597e+00 -4.1310e+00
462 +2.693221943e+00 +2.693221943e+00 -4.563967781e+02 -4.563967781e+02 -1.8668e+00 -3.7538e+00 +2.9104e-01 -1.4253e+00 -4.2062e+00
484 +2.579067549e+00 +2.579067549e+00 -4.565109325e+02 -4.565109325e+02 -1.9537e+00 -3.7556e+00 +3.4939e-01 -1.4369e+00 -4.2909e+00
572 +2.556000649e+00 +2.556000649e+00 -4.565339994e+02 -4.565339994e+02 -1.9077e+00 -3.6469e+00 +4.2587e-01 -1.4953e+00 -4.2589e+00
600 +2.497945751e+00 +2.497945751e+00 -4.565920542e+02 -4.565920542e+02 -1.9676e+00 -3.6197e+00 +4.2001e-01 -1.4703e+00 -4.2292e+00
10214 +2.145703655e+00 +2.145703655e+00 -4.569442963e+02 -4.569442963e+02 -4.0359e-01 -7.1367e-01 -2.3020e+00 -2.7000e+00 -1.7077e+00
10295 +2.135491211e+00 +2.135491211e+00 -4.569545088e+02 -4.569545088e+02 -7.4730e-01 -1.0672e+00 -2.7508e+00 -2.2528e+00 -9.9318e-01
10324 +2.058434637e+00 +2.058434637e+00 -4.570315654e+02 -4.570315654e+02 -5.7752e-01 -1.1116e+00 -2.2708e+00 -2.4830e+00 -1.4996e+00
10338 +1.847770695e+00 +1.847770695e+00 -4.572422293e+02 -4.572422293e+02 +3.2447e-01 -9.7602e-01 -2.3324e+00 -2.7062e+00 -1.2580e+00
10654 +1.759586835e+00 +1.759586835e+00 -4.573304132e+02 -4.573304132e+02 -5.4525e-01 -8.5278e-01 -2.6817e+00 -2.5640e+00 -1.1856e+00
10720 +1.690386529e+00 +1.690386529e+00 -4.573996135e+02 -4.573996135e+02 -3.1699e-01 -7.8338e-01 -2.6773e+00 -2.6363e+00 -1.3023e+00
10764 +1.654060649e+00 +1.654060649e+00 -4.574359394e+02 -4.574359394e+02 -2.8547e-01 -8.1295e-01 -2.6732e+00 -2.5886e+00 -1.2407e+00
10789 +1.579632979e+00 +1.579632979e+00 -4.575103670e+02 -4.575103670e+02 +3.0884e-02 -1.0005e+00 -2.5344e+00 -2.5810e+00 -1.1515e+00
22740 +1.450402180e+00 +1.450402180e+00 -4.576395978e+02 -4.576395978e+02 +3.9494e+00 -3.4253e+00 -4.3950e-01 -4.2372e-01 -2.9980e+00
22850 +1.401059840e+00 +1.401059840e+00 -4.576889402e+02 -4.576889402e+02 +4.0888e+00 -3.2916e+00 -6.8695e-01 -4.0450e-01 -2.8212e+00
22916 +1.339163617e+00 +1.339163617e+00 -4.577508364e+02 -4.577508364e+02 +4.0003e+00 -3.2826e+00 -5.2899e-01 -3.9042e-01 -2.7625e+00
22982 +1.262959393e+00 +1.262959393e+00 -4.578270406e+02 -4.578270406e+02 +3.8942e+00 -3.2737e+00 -5.9395e-01 -3.1999e-01 -2.8604e+00
23199 +1.256247861e+00 +1.256247861e+00 -4.578337521e+02 -4.578337521e+02 +3.8622e+00 -3.3379e+00 -5.0525e-01 -3.6076e-01 -2.8276e+00
% function evaluation | noise-free fitness - Fopt (6.085000000000e+01) | best noise-free fitness - Fopt | measured fitness | best measured fitness | x1 | x2...
1 +6.278523772e+01 +6.278523772e+01 +1.236352377e+02 +1.236352377e+02 +0.0000e+00 +0.0000e+00 +0.0000e+00 +0.0000e+00 +0.0000e+00
117 +6.032510059e+01 +6.032510059e+01 +1.211751006e+02 +1.211751006e+02 -4.6204e+00 +1.9409e+00 +2.5521e+00 -6.0342e+00 +1.4737e+00
150 +4.772111534e+01 +4.772111534e+01 +1.085711153e+02 +1.085711153e+02 -5.5667e+00 +7.2314e-01 +2.4544e+00 -6.4780e+00 +1.0035e+00
161 +3.751060653e+01 +3.751060653e+01 +9.836060653e+01 +9.836060653e+01 -5.0904e+00 +1.2252e+00 +2.5030e+00 -6.2440e+00 +6.7109e-01
242 +3.424240252e+01 +3.424240252e+01 +9.509240252e+01 +9.509240252e+01 -5.3252e+00 +9.2792e-01 +2.5320e+00 -6.3041e+00 +6.9343e-01
256 +3.182933243e+01 +3.182933243e+01 +9.267933243e+01 +9.267933243e+01 -5.4937e+00 +6.2245e-01 +2.4106e+00 -6.0086e+00 +3.1675e-01
330 +3.158360477e+01 +3.158360477e+01 +9.243360477e+01 +9.243360477e+01 -5.5542e+00 +7.3509e-01 +2.5720e+00 -6.2926e+00 +4.1281e-01
332 +2.971977307e+01 +2.971977307e+01 +9.056977307e+01 +9.056977307e+01 -5.3583e+00 +3.4315e-01 +2.3966e+00 -6.0150e+00 +2.9852e-01
378 +2.896747297e+01 +2.896747297e+01 +8.981747297e+01 +8.981747297e+01 -5.5283e+00 -1.4330e-01 +2.5425e+00 -6.0098e+00 +3.9929e-01
418 +2.871855278e+01 +2.871855278e+01 +8.956855278e+01 +8.956855278e+01 -5.4907e+00 +1.9512e-01 +2.5021e+00 -6.1356e+00 +2.6485e-01
423 +2.809093817e+01 +2.809093817e+01 +8.894093817e+01 +8.894093817e+01 -5.1295e+00 +4.5053e-01 +2.5502e+00 -6.0075e+00 +1.8002e-01
492 +2.741353087e+01 +2.741353087e+01 +8.826353087e+01 +8.826353087e+01 -5.0996e+00 +2.6456e-01 +2.5475e+00 -6.0090e+00 +3.4300e-02
780 +2.683466326e+01 +2.683466326e+01 +8.768466326e+01 +8.768466326e+01 -5.0091e+00 +2.4748e-02 +2.5887e+00 -5.9163e+00 +2.0127e-01
866 +2.573353438e+01 +2.573353438e+01 +8.658353438e+01 +8.658353438e+01 -4.7221e+00 -9.3253e-02 +2.5798e+00 -5.6241e+00 +3.1533e-01
882 +2.550339410e+01 +2.550339410e+01 +8.635339410e+01 +8.635339410e+01 -4.4167e+00 +1.2665e-01 +2.6312e+00 -5.6815e+00 +2.6458e-01
923 +2.509690974e+01 +2.509690974e+01 +8.594690974e+01 +8.594690974e+01 -4.2161e+00 +1.4907e-01 +2.7186e+00 -5.4437e+00 +4.5443e-01
968 +2.415225108e+01 +2.415225108e+01 +8.500225108e+01 +8.500225108e+01 -3.9693e+00 +1.3623e-01 +2.6869e+00 -5.5677e+00 +6.0922e-03
1012 +2.381156512e+01 +2.381156512e+01 +8.466156512e+01 +8.466156512e+01 -3.6208e+00 +6.5709e-03 +2.8271e+00 -5.3151e+00 +3.3456e-01
1024 +2.313745261e+01 +2.313745261e+01 +8.398745261e+01 +8.398745261e+01 -3.2653e+00 -8.2800e-02 +2.8630e+00 -5.2807e+00 +7.6350e-02
1188 +2.288771730e+01 +2.288771730e+01 +8.373771730e+01 +8.373771730e+01 -3.4182e+00 -2.1551e-01 +2.7560e+00 -4.9775e+00 +1.8508e-01
1227 +2.198194103e+01 +2.198194103e+01 +8.283194103e+01 +8.283194103e+01 -2.7322e+00 -4.4393e-01 +2.8250e+00 -4.5416e+00 +2.3172e-01
1254 +2.181442515e+01 +2.181442515e+01 +8.266442515e+01 +8.266442515e+01 -2.7851e+00 -2.4264e-01 +2.8820e+00 -4.8214e+00 +9.5578e-02
1329 +2.120912360e+01 +2.120912360e+01 +8.205912360e+01 +8.205912360e+01 -2.3182e+00 -2.4879e-01 +2.9548e+00 -4.7481e+00 -4.4652e-02
1408 +2.087222122e+01 +2.087222122e+01 +8.172222122e+01 +8.172222122e+01 -2.1236e+00 -1.2174e-01 +2.9441e+00 -4.6977e+00 -1.8317e-01
1598 +2.037257535e+01 +2.037257535e+01 +8.122257535e+01 +8.122257535e+01 -1.6438e+00 -9.9975e-02 +3.0250e+00 -4.5760e+00 -2.0944e-01
1883 +1.983105575e+01 +1.983105575e+01 +8.068105575e+01 +8.068105575e+01 -1.1125e+00 -2.0057e-01 +3.1016e+00 -4.3936e+00 -3.6261e-01
2184 +1.947560571e+01 +1.947560571e+01 +8.032560571e+01 +8.032560571e+01 -7.7868e-01 -2.2120e-01 +3.1170e+00 -4.1999e+00 -3.9939e-01
2613 +1.905229290e+01 +1.905229290e+01 +7.990229290e+01 +7.990229290e+01 -1.8150e-01 -3.8939e-01 +3.2092e+00 -3.9155e+00 -4.7110e-01
3273 +1.859467324e+01 +1.859467324e+01 +7.944467324e+01 +7.944467324e+01 +1.1891e+00 -5.1819e-01 +3.3761e+00 -3.2071e+00 -4.5727e-01
17158 +1.742809849e+01 +1.742809849e+01 +7.827809849e+01 +7.827809849e+01 -2.5267e+00 -2.1499e+00 -2.4157e+00 -4.5617e+00 +3.1298e+00
17166 +1.643644153e+01 +1.643644153e+01 +7.728644153e+01 +7.728644153e+01 -2.0311e+00 -2.5807e+00 -2.4131e+00 -4.4301e+00 +2.8473e+00
17177 +1.601406900e+01 +1.601406900e+01 +7.686406900e+01 +7.686406900e+01 -2.0595e+00 -2.6585e+00 -1.8264e+00 -5.1391e+00 +3.0516e+00
17188 +1.461695974e+01 +1.461695974e+01 +7.546695974e+01 +7.546695974e+01 -2.1032e+00 -2.4039e+00 -2.1730e+00 -4.7752e+00 +2.8570e+00
17210 +1.422975997e+01 +1.422975997e+01 +7.507975997e+01 +7.507975997e+01 -2.1088e+00 -2.3203e+00 -1.8744e+00 -4.6946e+00 +2.7000e+00
17276 +1.384312908e+01 +1.384312908e+01 +7.469312908e+01 +7.469312908e+01 -2.5841e+00 -2.4476e+00 -1.9623e+00 -4.7833e+00 +2.7700e+00
17408 +1.380358696e+01 +1.380358696e+01 +7.465358696e+01 +7.465358696e+01 -2.4752e+00 -2.3003e+00 -1.8123e+00 -4.5838e+00 +2.5721e+00
19137 +9.703849035e+00 +9.703849035e+00 +7.055384904e+01 +7.055384904e+01 -7.3327e-01 +3.2605e+00 +2.7009e-01 +1.1029e+00 -4.7267e+00
19175 +8.878972839e+00 +8.878972839e+00 +6.972897284e+01 +6.972897284e+01 -7.6639e-01 +4.0559e+00 +6.0295e-01 +1.4851e+00 -2.3306e+00
19204 +8.330553538e+00 +8.330553538e+00 +6.918055354e+01 +6.918055354e+01 -7.9028e-01 +3.7318e+00 +5.9573e-01 +1.7496e+00 -2.1589e+00
19214 +7.660419560e+00 +7.660419560e+00 +6.851041956e+01 +6.851041956e+01 -1.1158e+00 +3.7909e+00 +6.1061e-01 +2.3074e+00 -2.2722e+00
19236 +6.603814366e+00 +6.603814366e+00 +6.745381437e+01 +6.745381437e+01 -1.2993e+00 +3.7788e+00 +5.3853e-01 +2.2201e+00 -2.2392e+00
19242 +4.567292669e+00 +4.567292669e+00 +6.541729267e+01 +6.541729267e+01 -1.9805e+00 +3.4138e+00 +3.6521e-01 +1.7215e+00 -2.3372e+00
19271 +4.009423576e+00 +4.009423576e+00 +6.485942358e+01 +6.485942358e+01 -1.9042e+00 +3.1079e+00 +5.8527e-01 +1.6974e+00 -2.5175e+00
19309 +3.976542351e+00 +3.976542351e+00 +6.482654235e+01 +6.482654235e+01 -1.6025e+00 +3.3786e+00 +3.4873e-01 +2.1763e+00 -2.1633e+00
19324 +3.463398607e+00 +3.463398607e+00 +6.431339861e+01 +6.431339861e+01 -1.5991e+00 +3.3624e+00 +3.7983e-01 +2.0311e+00 -2.2552e+00
19368 +2.846805697e+00 +2.846805697e+00 +6.369680570e+01 +6.369680570e+01 -1.5548e+00 +3.2006e+00 +4.5850e-01 +2.0760e+00 -2.1865e+00
19412 +2.607234395e+00 +2.607234395e+00 +6.345723440e+01 +6.345723440e+01 -1.4862e+00 +3.1174e+00 +4.7934e-01 +2.0163e+00 -2.4504e+00
19544 +2.549995661e+00 +2.549995661e+00 +6.339999566e+01 +6.339999566e+01 -1.6559e+00 +3.0670e+00 +4.5638e-01 +1.9342e+00 -2.4721e+00
19566 +2.433260347e+00 +2.433260347e+00 +6.328326035e+01 +6.328326035e+01 -1.7175e+00 +3.0107e+00 +4.0219e-01 +2.0305e+00 -2.5833e+00
19610 +2.383112780e+00 +2.383112780e+00 +6.323311278e+01 +6.323311278e+01 -1.5460e+00 +2.9044e+00 +4.1264e-01 +2.0719e+00 -2.7274e+00
19674 +2.273265201e+00 +2.273265201e+00 +6.312326520e+01 +6.312326520e+01 -1.6692e+00 +2.7279e+00 +4.5113e-01 +2.1694e+00 -2.3861e+00
19788 +2.211199418e+00 +2.211199418e+00 +6.306119942e+01 +6.306119942e+01 -1.8362e+00 +2.4479e+00 +3.7354e-01 +2.1659e+00 -2.6090e+00
19860 +2.185353538e+00 +2.185353538e+00 +6.303535354e+01 +6.303535354e+01 -1.7230e+00 +2.5180e+00 +4.0427e-01 +2.2735e+00 -2.5458e+00
19986 +2.134806271e+00 +2.134806271e+00 +6.298480627e+01 +6.298480627e+01 -1.8262e+00 +2.1473e+00 +3.5858e-01 +2.5586e+00 -2.3024e+00
% function evaluation | noise-free fitness - Fopt (-1.435000000000e+02) | best noise-free fitness - Fopt | measured fitness | best measured fitness | x1 | x2...
1 +6.636973448e+01 +6.636973448e+01 -7.713026552e+01 -7.713026552e+01 +0.0000e+00 +0.0000e+00 +0.0000e+00 +0.0000e+00 +0.0000e+00
49 +6.522154883e+01 +6.522154883e+01 -7.827845117e+01 -7.827845117e+01 -2.4519e+00 +4.6922e+00 +6.6499e-01 +3.2456e+00 -5.2291e+00
68 +6.006473145e+01 +6.006473145e+01 -8.343526855e+01 -8.343526855e+01 -2.1422e+00 +4.6484e+00 +9.5318e-01 +3.4432e+00 -5.4249e+00
72 +4.385295162e+01 +4.385295162e+01 -9.964704838e+01 -9.964704838e+01 -1.4269e+00 +4.8932e+00 +6.0874e-01 +3.6608e+00 -5.0075e+00
91 +3.981105576e+01 +3.981105576e+01 -1.036889442e+02 -1.036889442e+02 -1.3948e+00 +5.0254e+00 +1.2838e+00 +2.9955e+00 -5.1547e+00
92 +2.349619388e+01 +2.349619388e+01 -1.200038061e+02 -1.200038061e+02 -4.0032e-01 +4.7366e+00 +5.5587e-01 +3.4888e+00 -5.2326e+00
99 +1.214519895e+01 +1.214519895e+01 -1.313548011e+02 -1.313548011e+02 +2.0421e-01 +3.9391e+00 +8.9928e-01 +3.1120e+00 -5.5354e+00
176 +1.111498891e+01 +1.111498891e+01 -1.323850111e+02 -1.323850111e+02 +5.5002e-01 +4.3698e+00 +1.3029e+00 +3.4263e+00 -4.7428e+00
198 +7.906372082e+00 +7.906372082e+00 -1.355936279e+02 -1.355936279e+02 +7.8635e-01 +3.7626e+00 +1.2393e+00 +3.0029e+00 -4.8052e+00
247 +5.918385846e+00 +5.918385846e+00 -1.375816142e+02 -1.375816142e+02 +2.5195e-01 +3.8794e+00 +1.9243e+00 +2.3444e+00 -5.1580e+00
262 +4.593944433e+00 +4.593944433e+00 -1.389060556e+02 -1.389060556e+02 +1.1119e+00 +3.3298e+00 +1.7440e+00 +2.1519e+00 -5.2892e+00
264 +3.869383991e+00 +3.869383991e+00 -1.396306160e+02 -1.396306160e+02 +6.6921e-01 +3.9839e+00 +1.6450e+00 +2.1866e+00 -5.1122e+00
286 +3.407699858e+00 +3.407699858e+00 -1.400923001e+02 -1.400923001e+02 +7.5438e-01 +3.5137e+00 +1.6312e+00 +1.9021e+00 -5.2966e+00
305 +2.627818360e+00 +2.627818360e+00 -1.408721816e+02 -1.408721816e+02 +5.2669e-01 +3.5372e+00 +1.7827e+00 +2.2763e+00 -4.9129e+00
308 +2.366352815e+00 +2.366352815e+00 -1.411336472e+02 -1.411336472e+02 +5.2683e-01 +3.1942e+00 +1.7667e+00 +2.1260e+00 -5.0443e+00
418 +2.268147105e+00 +2.268147105e+00 -1.412318529e+02 -1.412318529e+02 +6.7232e-01 +3.2413e+00 +1.7240e+00 +2.0568e+00 -4.8133e+00
2485 +1.777076894e+00 +1.777076894e+00 -1.417229231e+02 -1.417229231e+02 -1.5360e+00 -3.7659e+00 -2.1351e-01 +5.0687e+00 +2.3497e+00
2505 +1.676822062e+00 +1.676822062e+00 -1.418231779e+02 -1.418231779e+02 -1.5153e+00 -3.7193e+00 -1.0949e-01 +4.8008e+00 +2.2379e+00
2532 +1.457862866e+00 +1.457862866e+00 -1.420421371e+02 -1.420421371e+02 -1.7882e+00 -3.6962e+00 +1.3011e-01 +4.8380e+00 +2.4988e+00
2554 +1.321691148e+00 +1.321691148e+00 -1.421783089e+02 -1.421783089e+02 -1.7476e+00 -3.6753e+00 +2.0618e-01 +4.6926e+00 +2.3527e+00
2568 +1.302675002e+00 +1.302675002e+00 -1.421973250e+02 -1.421973250e+02 -1.6033e+00 -3.6334e+00 -7.0009e-02 +4.8622e+00 +2.4211e+00
2576 +1.173551671e+00 +1.173551671e+00 -1.423264483e+02 -1.423264483e+02 -1.6584e+00 -3.6932e+00 +3.9730e-02 +4.5761e+00 +2.3009e+00
2648 +9.800816525e-01 +9.800816525e-01 -1.425199183e+02 -1.425199183e+02 -1.3324e+00 -3.5897e+00 -1.8728e-01 +4.3095e+00 +2.2227e+00
2651 +9.097690846e-01 +9.097690846e-01 -1.425902309e+02 -1.425902309e+02 -1.3985e+00 -3.4537e+00 -8.0544e-02 +4.3032e+00 +2.2969e+00
2664 +7.978922056e-01 +7.978922056e-01 -1.427021078e+02 -1.427021078e+02 -1.5327e+00 -3.6025e+00 -1.7341e-01 +4.4384e+00 +2.3211e+00
2700 +7.807514543e-01 +7.807514543e-01 -1.427192485e+02 -1.427192485e+02 -1.7733e+00 -3.6700e+00 -2.9941e-01 +4.5292e+00 +2.4698e+00
2793 +7.751951761e-01 +7.751951761e-01 -1.427248048e+02 -1.427248048e+02 -1.5695e+00 -3.6811e+00 -3.3844e-01 +4.6057e+00 +2.4186e+00
2796 +7.227711584e-01 +7.227711584e-01 -1.427772288e+02 -1.427772288e+02 -1.5904e+00 -3.6864e+00 -4.1864e-01 +4.6512e+00 +2.4165e+00
3148 +7.077340374e-01 +7.077340374e-01 -1.427922660e+02 -1.427922660e+02 -1.4053e+00 -3.6459e+00 -4.5431e-01 +4.5730e+00 +2.3453e+00
7945 +1.110283136e-01 +1.110283136e-01 -1.433889717e+02 -1.433889717e+02 -1.7464e+00 +1.9865e+00 -2.2145e+00 -8.8767e-01 -7.3053e-01
8058 +4.348534454e-02 +4.348534454e-02 -1.434565147e+02 -1.434565147e+02 -2.1912e+00 +2.1347e+00 -2.2959e+00 -2.1102e+00 -8.1736e-01
8210 +3.924721681e-02 +3.924721681e-02 -1.434607528e+02 -1.434607528e+02 -1.7713e+00 +1.9772e+00 -2.7283e+00 -1.5345e+00 -8.5989e-01
8364 +3.358385413e-02 +3.358385413e-02 -1.434664161e+02 -1.434664161e+02 -1.8168e+00 +1.8439e+00 -2.3724e+00 -1.3770e+00 -9.6383e-01
8399 +2.931590862e-02 +2.931590862e-02 -1.434706841e+02 -1.434706841e+02 -1.5719e+00 +2.1729e+00 -2.6904e+00 -1.2748e+00 -7.7525e-01
8463 +9.899052054e-03 +9.899052054e-03 -1.434901009e+02 -1.434901009e+02 -2.1383e+00 +2.0665e+00 -2.1470e+00 -1.4961e+00 -6.8993e-01
8474 +4.051986158e-03 +4.051986158e-03 -1.434959480e+02 -1.434959480e+02 -2.1308e+00 +2.0095e+00 -2.1349e+00 -1.4812e+00 -8.0399e-01
8509 +2.899447928e-03 +2.899447928e-03 -1.434971006e+02 -1.434971006e+02 -2.1532e+00 +2.3047e+00 -1.8234e+00 -1.4644e+00 -6.8189e-01
8518 +7.779960472e-04 +7.779960472e-04 -1.434992220e+02 -1.434992220e+02 -1.9159e+00 +2.2137e+00 -2.1642e+00 -1.4771e+00 -7.6528e-01
8562 +3.989224799e-04 +3.989224799e-04 -1.434996011e+02 -1.434996011e+02 -2.1584e+00 +2.2215e+00 -2.1105e+00 -1.6962e+00 -8.1284e-01
8628 +2.551766360e-05 +2.551766360e-05 -1.434999745e+02 -1.434999745e+02 -2.0236e+00 +2.2253e+00 -2.2008e+00 -1.5589e+00 -7.4768e-01
8715 +2.495049924e-05 +2.495049924e-05 -1.434999750e+02 -1.434999750e+02 -2.0654e+00 +2.1643e+00 -2.1601e+00 -1.5504e+00 -7.9154e-01
8892 +6.554233892e-06 +6.554233892e-06 -1.434999934e+02 -1.434999934e+02 -2.0867e+00 +2.2294e+00 -2.1791e+00 -1.5880e+00 -7.5410e-01
9017 +6.185457778e-06 +6.185457778e-06 -1.434999938e+02 -1.434999938e+02 -2.1405e+00 +2.2477e+00 -2.1104e+00 -1.6071e+00 -7.4682e-01
9068 +5.283445148e-07 +5.283445148e-07 -1.434999995e+02 -1.434999995e+02 -2.1080e+00 +2.2230e+00 -2.1140e+00 -1.6016e+00 -7.4401e-01
9090 +5.149953211e-07 +5.149953211e-07 -1.434999995e+02 -1.434999995e+02 -2.1397e+00 +2.2331e+00 -2.1095e+00 -1.6064e+00 -7.3427e-01
9112 +2.396234322e-08 +2.396234322e-08 -1.435000000e+02 -1.435000000e+02 -2.1324e+00 +2.2290e+00 -2.0987e+00 -1.5928e+00 -7.4056e-01
9200 +1.215028078e-09 +1.215028078e-09 -1.435000000e+02 -1.435000000e+02 -2.1209e+00 +2.2235e+00 -2.1030e+00 -1.5880e+00 -7.4613e-01
% function evaluation | noise-free fitness - Fopt (9.465100000000e+02) | best noise-free fitness - Fopt | measured fitness | best measured fitness | x1 | x2...
1 +3.926232692e+01 +3.926232692e+01 +9.857723269e+02 +9.857723269e+02 +0.0000e+00 +0.0000e+00 +0.0000e+00 +0.0000e+00 +0.0000e+00
68 +3.397599602e+01 +3.397599602e+01 +9.804859960e+02 +9.804859960e+02 +3.7201e+00 +2.0439e+00 +2.6885e-02 -1.2004e+00 -4.0614e-01
75 +3.071807678e+01 +3.071807678e+01 +9.772280768e+02 +9.772280768e+02 +3.9218e+00 +2.2066e+00 +5.4899e-01 -7.6250e-01 -5.0023e-01
82 +2.912509930e+01 +2.912509930e+01 +9.756350993e+02 +9.756350993e+02 +3.8231e+00 +2.3326e+00 +3.6423e-01 -7.9489e-01 -5.0500e-01
92 +2.688597397e+01 +2.688597397e+01 +9.733959740e+02 +9.733959740e+02 +4.0766e+00 +2.2597e+00 -1.4856e-01 -9.6367e-01 -2.4156e-01
99 +2.488138290e+01 +2.488138290e+01 +9.713913829e+02 +9.713913829e+02 +3.8946e+00 +2.0688e+00 +2.0459e-01 -4.1004e-01 -6.7446e-01
103 +2.361044233e+01 +2.361044233e+01 +9.701204423e+02 +9.701204423e+02 +3.8681e+00 +2.3837e+00 +1.3594e-01 -2.3357e-01 -2.2572e-01
104 +2.310334606e+01 +2.310334606e+01 +9.696133461e+02 +9.696133461e+02 +4.1048e+00 +1.8001e+00 -3.9697e-01 -3.8997e-01 -6.0619e-01
131 +2.259010577e+01 +2.259010577e+01 +9.691001058e+02 +9.691001058e+02 +4.3977e+00 +2.0886e+00 +6.9080e-02 +3.3202e-01 -2.0000e-01
132 +2.196823095e+01 +2.196823095e+01 +9.684782310e+02 +9.684782310e+02 +4.3926e+00 +2.2221e+00 +9.8023e-03 -3.2658e-01 -5.1088e-01
147 +2.077095989e+01 +2.077095989e+01 +9.672809599e+02 +9.672809599e+02 +4.1847e+00 +2.7407e+00 -7.6953e-02 +1.6594e-01 -4.2225e-01
231 +2.030172670e+01 +2.030172670e+01 +9.668117267e+02 +9.668117267e+02 +4.3427e+00 +2.5980e+00 -1.0485e+00 +1.5781e-01 -2.0859e-01
308 +1.988323142e+01 +1.988323142e+01 +9.663932314e+02 +9.663932314e+02 +4.0712e+00 +2.8534e+00 -5.0142e-01 +2.2712e-01 -4.4730e-01
440 +1.942817805e+01 +1.942817805e+01 +9.659381780e+02 +9.659381780e+02 +4.1454e+00 +2.5212e+00 -5.1413e-01 +5.6953e-03 -6.1276e-01
2479 +1.716112348e+01 +1.716112348e+01 +9.636711235e+02 +9.636711235e+02 +1.2399e+00 -4.3355e+00 -1.4573e+00 -3.5830e+00 +4.2581e+00
2481 +1.374535331e+01 +1.374535331e+01 +9.602553533e+02 +9.602553533e+02 +6.6542e-01 -5.5047e+00 -1.1741e+00 -3.2776e+00 +4.2837e+00
2488 +9.784508768e+00 +9.784508768e+00 +9.562945088e+02 +9.562945088e+02 +6.5123e-01 -4.6844e+00 -1.3885e+00 -3.2702e+00 +4.0711e+00
2499 +6.860231140e+00 +6.860231140e+00 +9.533702311e+02 +9.533702311e+02 -3.2162e-01 -4.4037e+00 -2.2095e-01 -2.6781e+00 +3.5333e+00
2554 +2.375778279e+00 +2.375778279e+00 +9.488857783e+02 +9.488857783e+02 -3.5707e-02 -3.9613e+00 -8.2822e-01 -3.6509e+00 +3.3355e+00
2598 +2.187516290e+00 +2.187516290e+00 +9.486975163e+02 +9.486975163e+02 -4.2053e-01 -4.1960e+00 -6.9283e-01 -3.7652e+00 +3.3699e+00
3185 +2.134507846e+00 +2.134507846e+00 +9.486445078e+02 +9.486445078e+02 -1.9078e-01 -4.1388e+00 -6.7823e-01 -3.4717e+00 +3.5072e+00
3342 +2.084446474e+00 +2.084446474e+00 +9.485944465e+02 +9.485944465e+02 -4.5350e-01 -4.4398e+00 -6.7811e-01 -3.3913e+00 +3.4935e+00
22528 +1.907348121e+00 +1.907348121e+00 +9.484173481e+02 +9.484173481e+02 -2.4998e+00 +1.0298e+00 -3.0375e+00 -1.2951e+00 +2.9881e+00
22590 +1.897847152e+00 +1.897847152e+00 +9.484078472e+02 +9.484078472e+02 -2.0746e+00 +1.3164e+00 -3.5361e+00 -5.7300e-01 +2.9944e+00
22684 +1.802053062e+00 +1.802053062e+00 +9.483120531e+02 +9.483120531e+02 -2.6797e+00 +1.3063e+00 -3.2722e+00 -1.2356e+00 +2.9742e+00
22700 +1.745508801e+00 +1.745508801e+00 +9.482555088e+02 +9.482555088e+02 -2.7350e+00 +1.1303e+00 -3.5323e+00 -1.4852e+00 +2.8531e+00
22706 +1.405282335e+00 +1.405282335e+00 +9.479152823e+02 +9.479152823e+02 -2.4498e+00 +1.1177e+00 -3.5402e+00 -1.1839e+00 +2.8912e+00
22712 +1.320619857e+00 +1.320619857e+00 +9.478306199e+02 +9.478306199e+02 -2.6903e+00 +1.1122e+00 -3.4276e+00 -1.3483e+00 +3.0276e+00
22916 +1.171372485e+00 +1.171372485e+00 +9.476813725e+02 +9.476813725e+02 -3.0845e+00 +6.2877e-01 -3.5076e+00 -2.1531e+00 +2.8604e+00
22938 +1.114002137e+00 +1.114002137e+00 +9.476240021e+02 +9.476240021e+02 -3.0919e+00 +6.2096e-01 -3.5562e+00 -2.1602e+00 +2.7587e+00
22953 +9.816796569e-01 +9.816796569e-01 +9.474916797e+02 +9.474916797e+02 -3.0177e+00 +9.2207e-01 -3.4329e+00 -1.7098e+00 +2.7349e+00
22958 +8.748595475e-01 +8.748595475e-01 +9.473848595e+02 +9.473848595e+02 -3.2138e+00 +6.2858e-01 -3.6694e+00 -2.0618e+00 +2.5032e+00
22960 +8.087973960e-01 +8.087973960e-01 +9.473187974e+02 +9.473187974e+02 -3.1720e+00 +6.6585e-01 -3.5543e+00 -1.9606e+00 +2.6617e+00
23021 +7.870181166e-01 +7.870181166e-01 +9.472970181e+02 +9.472970181e+02 -3.0150e+00 +8.2440e-01 -3.6158e+00 -1.6428e+00 +2.6822e+00
23116 +7.668505412e-01 +7.668505412e-01 +9.472768505e+02 +9.472768505e+02 -3.1460e+00 +6.7332e-01 -3.5699e+00 -1.7775e+00 +2.5517e+00
23136 +7.280399051e-01 +7.280399051e-01 +9.472380399e+02 +9.472380399e+02 -3.0545e+00 +7.4090e-01 -3.5371e+00 -1.7023e+00 +2.5552e+00
23152 +6.961771976e-01 +6.961771976e-01 +9.472061772e+02 +9.472061772e+02 -2.9298e+00 +7.3637e-01 -3.6840e+00 -1.6023e+00 +2.4972e+00
