% function evaluation | noise-free fitness - Fopt (-5.465000000000e+02) | best noise-free fitness - Fopt | measured fitness | best measured fitness | x1 | x2...
1 +1.033747614e+04 +1.033747614e+04 +9.790976136e+03 +9.790976136e+03 +0.0000e+00 +0.0000e+00 +0.0000e+00 +0.0000e+00 +0.0000e+00 +0.0000e+00 +0.0000e+00 +0.0000e+00 +0.0000e+00 +0.0000e+00
138 +9.750331613e+03 +9.750331613e+03 +9.203831613e+03 +9.203831613e+03 +2.1257e+00 +1.3444e+00 -1.5608e+00 +1.2726e+00 +1.7524e+00 +1.4356e+00 -1.8341e+00 +1.5404e+00 -3.5623e+00 -4.5723e-01
152 +5.619009203e+03 +5.619009203e+03 +5.072509203e+03 +5.072509203e+03 +2.6061e+00 +1.8922e+00 -1.7886e+00 +1.2177e+00 +1.8537e+00 +1.0246e+00 -1.8150e+00 +1.5771e+00 -3.2661e+00 -1.6187e-01
160 +5.149488744e+03 +5.149488744e+03 +4.602988744e+03 +4.602988744e+03 +2.3586e+00 +9.9301e-01 -1.6049e+00 +1.4562e+00 +2.4185e+00 +5.1369e-01 -1.5894e+00 +1.7246e+00 -1.9865e+00 -2.4851e-01
161 +5.055019863e+03 +5.055019863e+03 +4.508519863e+03 +4.508519863e+03 +2.6101e+00 +1.9067e+00 -1.3024e+00 +1.8234e+00 +1.5238e+00 +8.9762e-01 -1.9215e+00 +1.7688e+00 -2.6122e+00 -1.3654e-01
170 +2.660586908e+03 +2.660586908e+03 +2.114086908e+03 +2.114086908e+03 +2.5687e+00 +1.5042e+00 -9.0595e-01 +8.9775e-01 +1.9701e+00 +1.0807e+00 -2.1778e+00 +1.0384e+00 -2.6516e+00 -7.2853e-02
174 +1.704820498e+03 +1.704820498e+03 +1.158320498e+03 +1.158320498e+03 +2.1475e+00 +1.4081e+00 -1.4868e+00 +7.7231e-01 +1.8184e+00 +1.1913e+00 -2.0121e+00 +1.3982e+00 -2.4843e+00 +4.4706e-01
197 +8.955983032e+02 +8.955983032e+02 +3.490983032e+02 +3.490983032e+02 +1.9786e+00 +8.6477e-01 -6.3337e-01 +1.3646e+00 +2.2411e+00 +1.8162e-01 -2.6834e+00 +6.6915e-01 -2.4091e+00 +7.4870e-01
198 +7.039532953e+02 +7.039532953e+02 +1.574532953e+02 +1.574532953e+02 +2.2395e+00 +1.2825e+00 -1.2744e+00 +7.4134e-01 +1.7111e+00 +5.5517e-01 -1.7002e+00 +1.2636e+00 -2.2470e+00 +3.4912e-01
201 +5.953813970e+02 +5.953813970e+02 +4.888139701e+01 +4.888139701e+01 +1.9805e+00 +1.4574e+00 -1.6949e+00 -6.6056e-01 +1.3261e+00 +7.1092e-01 -2.0721e+00 +1.6918e+00 -1.1146e+00 +1.1229e+00
220 +2.232005257e+01 +2.232005257e+01 -5.241799474e+02 -5.241799474e+02 +2.3119e+00 +7.5196e-01 -1.2236e+00 -1.1334e-03 +2.1900e+00 +4.1950e-01 -1.4549e+00 +1.3119e+00 -2.4787e+00 +9.2032e-01
242 +4.297320491e+00 +4.297320491e+00 -5.422026795e+02 -5.422026795e+02 +2.5091e+00 +4.3492e-01 -8.7584e-01 -3.5706e-01 +2.3367e+00 +6.1154e-02 -1.9855e+00 +1.6224e+00 -1.7809e+00 +1.5979e+00
357 +4.166128854e+00 +4.166128854e+00 -5.423338711e+02 -5.423338711e+02 +2.3569e+00 +8.8649e-03 +2.0964e-01 -2.0792e-01 +2.1353e+00 -2.1173e-01 -1.6270e+00 +1.8740e+00 -1.8737e+00 +2.0389e+00
374 +4.012055600e+00 +4.012055600e+00 -5.424879444e+02 -5.424879444e+02 +2.0002e+00 -6.8343e-02 -2.8114e-01 -8.0356e-01 +2.2429e+00 -6.7782e-01 -1.4185e+00 +1.7230e+00 -1.7013e+00 +1.4578e+00
387 +3.689337398e+00 +3.689337398e+00 -5.428106626e+02 -5.428106626e+02 +1.6971e+00 -3.6368e-01 -1.0251e-01 -1.6478e-01 +2.1562e+00 -1.4499e+00 -1.6186e+00 +1.8711e+00 -1.2921e+00 +1.9001e+00
429 +3.419546031e+00 +3.419546031e+00 -5.430804540e+02 -5.430804540e+02 +1.5937e+00 +1.5711e-01 -1.5641e-01 -9.1118e-01 +2.3521e+00 -4.5965e-01 -1.6053e+00 +1.6933e+00 -8.1933e-01 +1.2050e+00
448 +2.707888109e+00 +2.707888109e+00 -5.437921119e+02 -5.437921119e+02 +1.2259e+00 +8.4130e-02 +5.4241e-01 -1.2443e-01 +2.6281e+00 -1.5019e+00 -5.9131e-01 +1.6351e+00 -5.7304e-01 +2.4883e+00
791 +2.555895666e+00 +2.555895666e+00 -5.439441043e+02 -5.439441043e+02 +1.4551e+00 -1.0577e-01 -1.5067e-01 -2.5465e+00 +1.9037e+00 -1.4360e+00 -5.0161e-01 +1.5668e+00 -2.3071e+00 +1.5657e+00
909 +2.405041766e+00 +2.405041766e+00 -5.440949582e+02 -5.440949582e+02 +1.3807e+00 -3.9424e-01 -1.4553e-01 -2.6489e+00 +2.0097e+00 -1.1886e+00 -1.0647e+00 +1.8855e+00 -1.8787e+00 +2.2301e+00
1078 +2.099894841e+00 +2.099894841e+00 -5.444001052e+02 -5.444001052e+02 +1.5398e+00 -2.4608e-01 -9.0799e-02 -2.7194e+00 +1.9279e+00 -1.1854e+00 -1.0600e+00 +1.9292e+00 -1.7375e+00 +1.7105e+00
1389 +1.972603356e+00 +1.972603356e+00 -5.445273966e+02 -5.445273966e+02 +1.6599e+00 -1.5995e-01 -1.4486e-01 -2.6940e+00 +2.0058e+00 -1.0265e+00 -1.0958e+00 +1.9387e+00 -1.7512e+00 +1.3323e+00
1606 +1.944217330e+00 +1.944217330e+00 -5.445557827e+02 -5.445557827e+02 +1.5265e+00 -2.0114e-01 -8.1487e-02 -2.6466e+00 +1.9585e+00 -7.5764e-01 -1.1645e+00 +1.8973e+00 -1.5517e+00 +1.3939e+00
1623 +1.876460100e+00 +1.876460100e+00 -5.446235399e+02 -5.446235399e+02 +1.5178e+00 -2.0775e-01 -1.3822e-01 -2.6099e+00 +1.9616e+00 -7.7391e-01 -1.1952e+00 +1.8722e+00 -1.5610e+00 +1.1235e+00
1677 +1.784028592e+00 +1.784028592e+00 -5.447159714e+02 -5.447159714e+02 +1.5058e+00 -2.3882e-01 -1.2260e-01 -2.6127e+00 +2.0131e+00 -6.9265e-01 -1.2300e+00 +1.8872e+00 -1.7682e+00 +1.3257e+00
1782 +1.767505689e+00 +1.767505689e+00 -5.447324943e+02 -5.447324943e+02 +1.5144e+00 -1.8643e-01 -1.3145e-01 -2.6209e+00 +1.9659e+00 -7.0898e-01 -1.1708e+00 +1.8856e+00 -1.7507e+00 +1.3605e+00
1848 +1.737663905e+00 +1.737663905e+00 -5.447623361e+02 -5.447623361e+02 +1.4919e+00 -1.5654e-01 -1.2265e-01 -2.6156e+00 +1.9641e+00 -7.0559e-01 -1.1859e+00 +1.8935e+00 -1.7432e+00 +1.3423e+00
1980 +1.689281265e+00 +1.689281265e+00 -5.448107187e+02 -5.448107187e+02 +1.4927e+00 -1.6784e-01 -1.3538e-01 -2.6517e+00 +1.9743e+00 -6.9947e-01 -1.1804e+00 +1.8860e+00 -1.7770e+00 +1.3249e+00
% function evaluation | noise-free fitness - Fopt (1.000000000000e+03) | best noise-free fitness - Fopt | measured fitness | best measured fitness | x1 | x2...
1 +1.033747614e+04 +1.033747614e+04 +1.133747614e+04 +1.133747614e+04 +0.0000e+00 +0.0000e+00 +0.0000e+00 +0.0000e+00 +0.0000e+00 +0.0000e+00 +0.0000e+00 +0.0000e+00 +0.0000e+00 +0.0000e+00
204 +7.893994007e+03 +7.893994007e+03 +8.893994007e+03 +8.893994007e+03 -1.4551e+00 +2.9052e+00 +2.1000e+00 -7.6785e-01 -1.3186e+00 -1.8491e+00 -4.4993e+00 -5.9200e-01 -7.5353e-01 -7.9750e-01
230 +6.853701312e+03 +6.853701312e+03 +7.853701312e+03 +7.853701312e+03 -8.4585e-01 +3.1102e+00 +2.1334e+00 -1.0689e+00 -6.1389e-01 -1.6927e+00 -4.3533e+00 -3.0319e-01 -2.5373e+00 -8.2430e-01
254 +5.000331022e+03 +5.000331022e+03 +6.000331022e+03 +6.000331022e+03 -8.5622e-01 +3.8456e+00 +2.6585e+00 -1.5784e+00 -2.0549e-01 -1.0910e+00 -4.0686e+00 +8.7929e-01 -2.0491e+00 -1.0952e+00
272 +3.965612651e+03 +3.965612651e+03 +4.965612651e+03 +4.965612651e+03 -9.9858e-01 +3.7766e+00 +1.9088e+00 -1.7059e+00 -1.3589e+00 -7.8378e-01 -4.2373e+00 +7.1700e-01 -2.1473e+00 -1.4243e+00
281 +2.927142024e+03 +2.927142024e+03 +3.927142024e+03 +3.927142024e+03 -9.9539e-01 +3.2284e+00 +1.5186e+00 -1.7591e+00 -1.1472e+00 -7.3351e-01 -4.0310e+00 +1.0555e+00 -9.3898e-01 -7.1327e-01
301 +1.407126499e+03 +1.407126499e+03 +2.407126499e+03 +2.407126499e+03 -2.2527e+00 +3.2148e+00 +1.7247e+00 -1.5457e+00 -9.6751e-01 -8.6625e-01 -2.8871e+00 +1.3990e+00 -4.5287e-01 -1.4787e+00
334 +1.017379344e+03 +1.017379344e+03 +2.017379344e+03 +2.017379344e+03 -1.4725e+00 +2.9632e+00 +2.5273e+00 -1.1714e-01 -1.3148e+00 +1.2360e-01 -2.0880e+00 +1.0508e+00 -2.8863e+00 -2.1141e+00
352 +2.995313093e+02 +2.995313093e+02 +1.299531309e+03 +1.299531309e+03 -1.2484e+00 +2.5222e+00 +1.9627e+00 -1.1921e+00 -1.0511e+00 -2.0192e-01 -3.1605e+00 +1.8028e+00 -1.9062e+00 -1.1498e+00
357 +2.202981549e+02 +2.202981549e+02 +1.220298155e+03 +1.220298155e+03 -1.3646e+00 +2.2408e+00 +1.4297e+00 -1.1861e-01 -1.6160e+00 -3.4461e-01 -3.2181e+00 +1.5018e+00 -1.0257e+00 -9.7085e-01
396 +4.364879421e+01 +4.364879421e+01 +1.043648794e+03 +1.043648794e+03 -1.4953e+00 +2.8799e+00 +1.5946e+00 -1.1679e+00 -1.2390e+00 +2.5501e-01 -2.4843e+00 +9.3155e-01 -1.2457e+00 -1.1177e+00
418 +2.330863884e+01 +2.330863884e+01 +1.023308639e+03 +1.023308639e+03 -1.5128e+00 +2.7872e+00 +1.6138e+00 -1.2701e+00 -8.7357e-01 +2.3336e-01 -2.6297e+00 +6.5562e-01 -2.2388e+00 -1.2395e+00
440 +2.143339193e+01 +2.143339193e+01 +1.021433392e+03 +1.021433392e+03 -1.5962e+00 +2.7622e+00 +1.1213e+00 -1.2097e+00 -7.1074e-01 +5.8246e-01 -2.5788e+00 +1.1083e+00 -1.3323e+00 -1.1874e+00
495 +3.928007514e+00 +3.928007514e+00 +1.003928008e+03 +1.003928008e+03 -7.6438e-01 +2.5675e+00 +1.0920e+00 -2.1601e+00 -1.5119e+00 +7.1520e-01 -2.5587e+00 +1.6381e+00 -1.4104e+00 -9.0540e-01
506 +3.842284313e+00 +3.842284313e+00 +1.003842284e+03 +1.003842284e+03 -9.4428e-01 +2.6221e+00 +8.8025e-01 -1.8637e+00 -1.3557e+00 +4.3160e-01 -2.3345e+00 +1.4135e+00 -1.4409e+00 -1.3390e+00
513 +3.380012159e+00 +3.380012159e+00 +1.003380012e+03 +1.003380012e+03 +1.0219e-01 +2.8202e+00 +1.5430e-01 -1.5784e+00 -1.5903e+00 +7.1124e-01 -2.4369e+00 +1.8698e+00 -1.3195e+00 -1.7868e+00
528 +3.265253563e+00 +3.265253563e+00 +1.003265254e+03 +1.003265254e+03 -9.2499e-01 +2.6663e+00 +2.8430e-01 -1.8358e+00 -1.5041e+00 +3.5868e-01 -2.3783e+00 +1.4617e+00 -1.3199e+00 -1.1845e+00
626 +3.009603649e+00 +3.009603649e+00 +1.003009604e+03 +1.003009604e+03 -9.3133e-02 +1.8626e-01 +3.0839e-01 -1.3622e+00 -1.6882e-01 +6.5246e-01 -1.1464e+00 +1.6199e+00 -1.5374e+00 -1.8981e+00
883 +2.843005287e+00 +2.843005287e+00 +1.002843005e+03 +1.002843005e+03 -2.7377e-01 +1.7019e+00 +5.2795e-01 -3.0719e-01 -3.3900e-01 +1.6147e+00 -1.6666e+00 +1.0123e+00 -1.1178e+00 -1.8438e+00
1740 +2.511404542e+00 +2.511404542e+00 +1.002511405e+03 +1.002511405e+03 -3.8363e-01 +1.6094e+00 +6.2723e-01 -3.5759e-01 -4.2596e-01 +1.8010e+00 -8.2544e-01 +2.4085e+00 -2.0273e+00 -1.6559e+00
2099 +2.367894761e+00 +2.367894761e+00 +1.002367895e+03 +1.002367895e+03 -3.4547e-01 +1.4878e+00 +5.1392e-01 -2.0547e-01 -3.5042e-01 +1.0535e+00 -1.0957e+00 +2.4033e+00 -1.6291e+00 -1.3775e+00
2190 +2.205088076e+00 +2.205088076e+00 +1.002205088e+03 +1.002205088e+03 -2.8359e-01 +1.6590e+00 +5.7470e-01 -3.3544e-01 -3.5044e-01 +1.0427e+00 -1.2136e+00 +2.2977e+00 -2.0388e+00 -1.5727e+00
2594 +2.161169307e+00 +2.161169307e+00 +1.002161169e+03 +1.002161169e+03 -2.8109e-01 +1.6061e+00 +5.8457e-01 -2.7801e-01 -4.0965e-01 +1.3598e+00 -1.2964e+00 +2.3263e+00 -2.0302e+00 -1.5706e+00
2698 +2.136696289e+00 +2.136696289e+00 +1.002136696e+03 +1.002136696e+03 -3.8567e-01 +1.5791e+00 +5.5869e-01 -2.7230e-01 -4.4862e-01 +1.5685e+00 -1.3630e+00 +2.3266e+00 -2.0857e+00 -1.7285e+00
2816 +2.078559111e+00 +2.078559111e+00 +1.002078559e+03 +1.002078559e+03 -3.4984e-01 +1.5791e+00 +5.6889e-01 -3.3876e-01 -3.7243e-01 +1.5542e+00 -1.3894e+00 +2.2829e+00 -2.0654e+00 -1.5709e+00
2948 +2.033116081e+00 +2.033116081e+00 +1.002033116e+03 +1.002033116e+03 -3.8523e-01 +1.5698e+00 +5.6985e-01 -3.0321e-01 -3.8964e-01 +1.6103e+00 -1.4156e+00 +2.2573e+00 -2.0692e+00 -1.5470e+00
3432 +1.995017150e+00 +1.995017150e+00 +1.001995017e+03 +1.001995017e+03 -3.2448e-01 +1.5916e+00 +5.6979e-01 -3.0745e-01 -3.8457e-01 +1.5996e+00 -1.4062e+00 +2.2823e+00 -2.0566e+00 -1.5561e+00
% function evaluation | noise-free fitness - Fopt (2.083800000000e+02) | best noise-free fitness - Fopt | measured fitness | best measured fitness | x1 | x2...
1 +1.033747614e+04 +1.033747614e+04 +1.054585614e+04 +1.054585614e+04 +0.0000e+00 +0.0000e+00 +0.0000e+00 +0.0000e+00 +0.0000e+00 +0.0000e+00 +0.0000e+00 +0.0000e+00 +0.0000e+00 +0.0000e+00
307 +8.667049902e+03 +8.667049902e+03 +8.875429902e+03 +8.875429902e+03 +3.3451e+00 -4.3027e+00 +4.2781e-01 -1.4800e+00 +9.4230e-01 +1.6250e+00 +2.9429e+00 +1.2266e-01 -2.8778e+00 +1.1801e+00
320 +4.341976773e+03 +4.341976773e+03 +4.550356773e+03 +4.550356773e+03 +3.6939e+00 -2.7874e+00 -9.4247e-01 -9.3406e-01 +2.3926e+00 +2.5644e+00 +2.4973e+00 +3.4951e-01 -2.5583e+00 +7.6329e-01
332 +1.958382596e+03 +1.958382596e+03 +2.166762596e+03 +2.166762596e+03 +1.2837e+00 -2.6188e+00 +5.5832e-01 -2.8271e-01 -6.6787e-01 +1.5667e+00 +2.3849e+00 +2.9843e-01 -3.0335e+00 +2.0181e+00
462 +1.129087975e+03 +1.129087975e+03 +1.337467975e+03 +1.337467975e+03 +4.0152e+00 -1.0478e+00 +8.8935e-01 -6.9496e-01 +1.4263e+00 +1.0930e+00 +2.0289e+00 +4.4818e-01 -9.8087e-01 +1.8707e+00
484 +5.207376747e+02 +5.207376747e+02 +7.291176747e+02 +7.291176747e+02 +3.6366e+00 +4.9268e-01 +5.7054e-01 +9.7715e-03 +2.0305e+00 +1.3171e+00 +2.2101e+00 +4.2172e-01 -2.1429e+00 +2.1503e+00
557 +3.967704911e+02 +3.967704911e+02 +6.051504911e+02 +6.051504911e+02 +2.7215e+00 +1.5290e+00 -6.9596e-01 +2.6521e+00 +2.7851e+00 +6.3006e-01 +1.9295e+00 +6.8008e-01 -1.3805e+00 +1.5127e+00
572 +2.783020601e+02 +2.783020601e+02 +4.866820601e+02 +4.866820601e+02 +3.3271e+00 +1.8463e-01 +3.7475e-01 +1.3780e+00 +1.2542e+00 +5.7445e-01 +2.1120e+00 +8.8170e-01 -1.6885e+00 +1.7462e+00
574 +4.950702415e+01 +4.950702415e+01 +2.578870242e+02 +2.578870242e+02 +2.6270e+00 -6.4670e-01 -8.2890e-01 +1.4514e+00 +8.3204e-01 +9.9475e-01 +1.8305e+00 +7.5606e-01 -1.0297e+00 +8.1965e-01
581 +7.178869271e+00 +7.178869271e+00 +2.155588693e+02 +2.155588693e+02 +2.5957e+00 -5.6454e-01 +5.0934e-01 +1.3127e-01 +8.2779e-01 +7.6227e-01 +2.4311e+00 +2.1766e+00 -1.6252e+00 +2.2529e+00
616 +4.572128692e+00 +4.572128692e+00 +2.129521287e+02 +2.129521287e+02 +2.3771e+00 +3.2179e-01 +1.0189e+00 +4.2483e-01 +8.8378e-01 +8.0563e-01 +1.6164e+00 +9.9542e-01 -1.8912e+00 +1.3772e+00
638 +4.148219878e+00 +4.148219878e+00 +2.125282199e+02 +2.125282199e+02 +1.9737e+00 +5.6921e-01 +1.1978e+00 -2.8459e-01 +1.8987e+00 +1.1577e+00 +1.8526e+00 +1.0473e+00 -1.7145e+00 +1.4132e+00
798 +3.649372066e+00 +3.649372066e+00 +2.120293721e+02 +2.120293721e+02 +2.4915e+00 +1.4686e+00 +1.9750e+00 +8.1783e-01 +2.7323e-01 +1.4374e+00 +1.1819e+00 +9.1668e-01 -1.6504e+00 +1.6873e+00
885 +3.313156016e+00 +3.313156016e+00 +2.116931560e+02 +2.116931560e+02 +1.4463e+00 +2.1406e+00 +1.9486e+00 +1.6180e+00 +9.7350e-01 +1.4683e+00 +1.4869e+00 +1.4718e+00 -6.1530e-01 +2.5509e+00
887 +3.152339309e+00 +3.152339309e+00 +2.115323393e+02 +2.115323393e+02 +1.7670e+00 +1.5485e+00 +1.7774e+00 -2.1731e-01 +1.0492e+00 +1.1578e+00 +2.2245e+00 +1.6373e+00 -2.1514e+00 +9.6382e-01
975 +2.998450159e+00 +2.998450159e+00 +2.113784502e+02 +2.113784502e+02 +1.1968e+00 +1.8791e+00 +1.2629e+00 +2.1890e+00 +1.9970e+00 +1.2960e+00 +1.2258e+00 +1.8081e+00 -2.2096e+00 +1.4349e+00
985 +2.785733998e+00 +2.785733998e+00 +2.111657340e+02 +2.111657340e+02 +1.4619e+00 +1.9080e+00 +1.6256e+00 +5.5951e-01 +1.7650e+00 +2.0937e+00 +1.3535e+00 +2.2645e+00 -2.1099e+00 +2.1639e+00
1083 +2.743018816e+00 +2.743018816e+00 +2.111230188e+02 +2.111230188e+02 +8.3472e-01 +1.6100e+00 +2.0415e+00 +2.1694e+00 +1.4780e+00 +2.2567e+00 +1.5618e+00 +6.3077e-01 -1.1906e+00 +1.7774e+00
1352 +2.647090946e+00 +2.647090946e+00 +2.110270909e+02 +2.110270909e+02 +1.5015e+00 +1.5259e+00 +2.2167e+00 -2.6687e-01 +1.8791e+00 +2.2022e+00 +1.3573e+00 +2.3272e+00 -1.3991e+00 +1.5435e+00
1462 +2.573701412e+00 +2.573701412e+00 +2.109537014e+02 +2.109537014e+02 +1.4788e+00 +2.0049e+00 +1.9994e+00 -1.1723e-01 +1.1737e+00 +2.2761e+00 +1.5510e+00 +1.7623e+00 -1.7750e+00 +1.6207e+00
1638 +2.419755456e+00 +2.419755456e+00 +2.107997555e+02 +2.107997555e+02 +1.6356e+00 +1.7501e+00 +2.0899e+00 +2.6297e-01 +2.6111e+00 +1.9704e+00 +8.7044e-01 +2.4608e+00 -9.7250e-01 +1.8821e+00
2159 +2.375553383e+00 +2.375553383e+00 +2.107555534e+02 +2.107555534e+02 +1.3984e+00 +2.1425e+00 +2.1394e+00 +9.2798e-01 +7.2374e-01 +2.4424e+00 +1.5170e+00 +1.8718e+00 -1.7699e+00 +1.7738e+00
2189 +2.217177261e+00 +2.217177261e+00 +2.105971773e+02 +2.105971773e+02 +1.4886e+00 +2.0366e+00 +2.1821e+00 +5.4596e-01 +1.3513e+00 +2.3564e+00 +1.5493e+00 +1.7566e+00 -1.7967e+00 +1.8130e+00
2415 +2.173470164e+00 +2.173470164e+00 +2.105534702e+02 +2.105534702e+02 +1.5910e+00 +2.0139e+00 +2.0862e+00 +5.6393e-01 +1.7806e+00 +2.1787e+00 +1.5897e+00 +1.8582e+00 -1.7732e+00 +1.3023e+00
2775 +2.114687364e+00 +2.114687364e+00 +2.104946874e+02 +2.104946874e+02 +1.4764e+00 +2.0157e+00 +2.1857e+00 +2.1176e-01 +1.4442e+00 +2.2525e+00 +1.5689e+00 +1.7952e+00 -1.8037e+00 +1.6018e+00
2794 +2.051913668e+00 +2.051913668e+00 +2.104319137e+02 +2.104319137e+02 +1.4672e+00 +2.0351e+00 +2.1546e+00 +2.2237e-01 +1.4881e+00 +2.2360e+00 +1.5578e+00 +1.7951e+00 -1.7818e+00 +1.6068e+00
2838 +2.031626549e+00 +2.031626549e+00 +2.104116265e+02 +2.104116265e+02 +1.4758e+00 +2.0319e+00 +2.1291e+00 +2.4790e-01 +1.5066e+00 +2.2586e+00 +1.5528e+00 +1.8258e+00 -1.7732e+00 +1.6276e+00
3542 +1.994747929e+00 +1.994747929e+00 +2.103747479e+02 +2.103747479e+02 +1.5069e+00 +2.0501e+00 +2.1194e+00 +2.4204e-01 +1.5098e+00 +2.2497e+00 +1.5647e+00 +1.7943e+00 -1.7928e+00 +1.6211e+00
% function evaluation | noise-free fitness - Fopt (-1.449600000000e+02) | best noise-free fitness - Fopt | measured fitness | best measured fitness | x1 | x2...
1 +1.033747614e+04 +1.033747614e+04 +1.019251614e+04 +1.019251614e+04 +0.0000e+00 +0.0000e+00 +0.0000e+00 +0.0000e+00 +0.0000e+00 +0.0000e+00 +0.0000e+00 +0.0000e+00 +0.0000e+00 +0.0000e+00
95 +7.873598090e+03 +7.873598090e+03 +7.728638090e+03 +7.728638090e+03 +4.7970e-01 -7.5932e-01 -2.5146e+00 -1.6640e+00 +9.1582e-01 -3.7591e-01 -2.2658e+00 -4.6365e-01 +2.6474e-01 +1.1031e+00
99 +6.743581154e+03 +6.743581154e+03 +6.598621154e+03 +6.598621154e+03 -9.4521e-02 -2.8417e-01 -2.1964e+00 -1.7952e+00 +4.1540e-01 -3.9269e-02 -1.7548e+00 -3.6240e-01 +2.1327e-01 +9.1050e-01
114 +3.673544876e+03 +3.673544876e+03 +3.528584876e+03 +3.528584876e+03 -7.3062e-01 -6.1066e-01 -2.3672e+00 -1.8020e+00 +3.7222e-01 -1.5019e-01 -1.8879e+00 +4.1841e-02 -5.5693e-03 +8.5986e-01
124 +1.027684207e+03 +1.027684207e+03 +8.827242070e+02 +8.827242070e+02 -1.9816e-02 -1.1496e-01 -2.0363e+00 -1.7297e+00 +4.9556e-01 +2.4662e-01 -2.6885e+00 +6.1163e-02 -3.8865e-01 +1.2553e+00
168 +3.934306778e+02 +3.934306778e+02 +2.484706778e+02 +2.484706778e+02 +2.3706e-01 -3.1781e-01 -2.6860e+00 -1.6556e+00 +1.7444e-01 +3.8851e-01 -2.7823e+00 -3.2205e-01 -1.2194e+00 +7.7040e-01
182 +3.489845596e+02 +3.489845596e+02 +2.040245596e+02 +2.040245596e+02 -4.3601e-01 -8.4177e-01 -1.7180e+00 -2.3790e+00 -3.1735e-01 -3.2202e-01 -2.2434e+00 +3.0180e-02 -2.0659e+00 +8.8068e-01
184 +3.019595358e+00 +3.019595358e+00 -1.419404046e+02 -1.419404046e+02 +5.6729e-01 -9.3551e-01 -2.4190e+00 -2.2045e+00 -3.8032e-01 +9.7546e-02 -1.7345e+00 +3.1236e-01 -1.3598e+00 +1.1082e+00
787 +2.751537270e+00 +2.751537270e+00 -1.422084627e+02 -1.422084627e+02 +1.3221e+00 -1.2967e+00 -2.2616e+00 -2.0168e+00 -1.9530e+00 +1.1545e+00 -1.6542e+00 +1.5145e+00 -1.7952e+00 +2.1792e+00
814 +2.514347526e+00 +2.514347526e+00 -1.424456525e+02 -1.424456525e+02 +1.3933e+00 -6.6080e-01 -2.4341e+00 -1.9072e+00 -1.5214e+00 +1.6747e+00 -1.6857e+00 +1.8086e+00 -9.6970e-01 +1.9052e+00
823 +2.361513528e+00 +2.361513528e+00 -1.425984865e+02 -1.425984865e+02 +1.5135e+00 -6.6899e-01 -2.4578e+00 -2.0304e+00 -1.5174e+00 +1.9973e+00 -1.6560e+00 +1.8617e+00 -1.5174e+00 +2.2483e+00
1114 +2.240690512e+00 +2.240690512e+00 -1.427193095e+02 -1.427193095e+02 +1.4367e+00 -3.7423e-01 -2.7171e+00 -1.9034e+00 -2.2803e+00 +2.0473e+00 -1.0801e+00 +1.2347e+00 -2.3265e+00 +2.1453e+00
1364 +2.230620777e+00 +2.230620777e+00 -1.427293792e+02 -1.427293792e+02 +1.3995e+00 -5.1429e-01 -2.4546e+00 -2.0556e+00 -2.0455e+00 +1.5779e+00 -1.2299e+00 +1.9385e+00 -1.1902e+00 +1.4409e+00
1414 +2.135412843e+00 +2.135412843e+00 -1.428245872e+02 -1.428245872e+02 +1.3747e+00 -6.8017e-01 -2.5320e+00 -2.0611e+00 -2.2107e+00 +1.5939e+00 -1.4605e+00 +2.2219e+00 -1.3259e+00 +1.1640e+00
1452 +1.881769021e+00 +1.881769021e+00 -1.430782310e+02 -1.430782310e+02 +1.4317e+00 -5.5923e-01 -2.4445e+00 -2.1049e+00 -2.0761e+00 +1.4826e+00 -1.1601e+00 +1.9279e+00 -8.7860e-01 +1.3062e+00
1584 +1.842429285e+00 +1.842429285e+00 -1.431175707e+02 -1.431175707e+02 +1.5619e+00 -5.4133e-01 -2.4630e+00 -2.0177e+00 -2.0261e+00 +1.5074e+00 -1.3638e+00 +1.8371e+00 -9.1499e-01 +1.2834e+00
1694 +1.781730692e+00 +1.781730692e+00 -1.431782693e+02 -1.431782693e+02 +1.4996e+00 -5.4302e-01 -2.4690e+00 -2.0258e+00 -2.1470e+00 +1.5435e+00 -1.2673e+00 +1.8886e+00 -1.1492e+00 +1.2122e+00
1826 +1.756561334e+00 +1.756561334e+00 -1.432034387e+02 -1.432034387e+02 +1.5061e+00 -6.2856e-01 -2.4722e+00 -2.0321e+00 -2.0900e+00 +1.5412e+00 -1.2861e+00 +1.8229e+00 -1.1988e+00 +1.1880e+00
1892 +1.724765061e+00 +1.724765061e+00 -1.432352349e+02 -1.432352349e+02 +1.5278e+00 -6.4690e-01 -2.4514e+00 -2.0347e+00 -2.0996e+00 +1.5606e+00 -1.2862e+00 +1.8703e+00 -1.1745e+00 +1.1848e+00
2156 +1.693858816e+00 +1.693858816e+00 -1.432661412e+02 -1.432661412e+02 +1.5139e+00 -6.2233e-01 -2.4498e+00 -2.0136e+00 -2.1369e+00 +1.5269e+00 -1.2719e+00 +1.8635e+00 -1.1910e+00 +1.1877e+00
% function evaluation | noise-free fitness - Fopt (-6.300000000000e+00) | best noise-free fitness - Fopt | measured fitness | best measured fitness | x1 | x2...
1 +1.033747614e+04 +1.033747614e+04 +1.033117614e+04 +1.033117614e+04 +0.0000e+00 +0.0000e+00 +0.0000e+00 +0.0000e+00 +0.0000e+00 +0.0000e+00 +0.0000e+00 +0.0000e+00 +0.0000e+00 +0.0000e+00
245 +7.803066427e+03 +7.803066427e+03 +7.796766427e+03 +7.796766427e+03 -6.4792e+00 +8.2421e-01 -2.7812e+00 -1.3637e+00 -4.0609e-02 +5.2334e-01 +1.4216e+00 -2.6744e+00 +4.9583e-01 +1.8435e+00
254 +7.359810163e+03 +7.359810163e+03 +7.353510163e+03 +7.353510163e+03 -4.3399e+00 +8.2834e-01 -4.2362e+00 -1.4978e+00 -1.0516e+00 +1.1341e+00 +2.3527e+00 -3.3429e+00 -1.8028e-01 +2.7307e+00
264 +6.808989501e+03 +6.808989501e+03 +6.802689501e+03 +6.802689501e+03 -5.6528e+00 +5.3232e-01 -3.3972e+00 -9.0644e-01 -6.3266e-01 +9.6881e-01 +1.3353e+00 -3.0683e+00 -7.4796e-02 +2.6766e+00
268 +6.108990949e+03 +6.108990949e+03 +6.102690949e+03 +6.102690949e+03 -5.0457e+00 +4.9109e-01 -2.0151e+00 -1.7612e-01 -9.1442e-01 -1.4966e+00 +6.6669e-01 -2.9250e+00 -3.5877e-01 +3.5725e+00
273 +3.622188934e+03 +3.622188934e+03 +3.615888934e+03 +3.615888934e+03 -5.3533e+00 +6.5020e-01 -1.7821e+00 -6.6811e-01 -1.0518e+00 +2.2396e-02 +2.4305e+00 -2.4692e+00 +2.0677e+00 +1.6971e+00
279 +2.527933142e+03 +2.527933142e+03 +2.521633142e+03 +2.521633142e+03 -4.8178e+00 +8.5874e-01 -2.6208e+00 -1.3438e+00 -7.0966e-01 -6.6095e-02 +8.6886e-01 -2.4449e+00 +1.5654e-01 +2.4164e+00
308 +1.965348481e+03 +1.965348481e+03 +1.959048481e+03 +1.959048481e+03 -4.4672e+00 +6.7416e-01 -2.7859e+00 -1.5352e+00 +2.1858e-01 -1.2926e+00 +1.5286e+00 -2.1238e+00 +6.7703e-01 +1.8371e+00
315 +1.625651130e+03 +1.625651130e+03 +1.619351130e+03 +1.619351130e+03 -3.5784e+00 +8.1107e-01 -1.5638e+00 -1.8522e+00 -2.2517e-01 -7.1375e-01 +1.8518e+00 -2.1048e-01 +2.9140e+00 +2.2430e+00
325 +6.424999624e+02 +6.424999624e+02 +6.361999624e+02 +6.361999624e+02 -2.2238e+00 +1.8896e-01 -2.9510e+00 -2.1040e+00 -1.1242e+00 -1.1047e+00 +1.5789e+00 -1.5609e+00 +1.1133e+00 +2.4030e+00
352 +4.277686680e+02 +4.277686680e+02 +4.214686680e+02 +4.214686680e+02 -3.4632e+00 +2.3006e-01 -2.1934e+00 -1.2955e+00 -5.1299e-01 -1.8772e+00 -9.4632e-03 -1.8899e+00 +1.3897e+00 +2.3329e+00
374 +1.528964564e+02 +1.528964564e+02 +1.465964564e+02 +1.465964564e+02 -3.0709e+00 +8.0948e-01 -1.6846e+00 -1.0142e+00 -1.2563e-01 -1.4940e+00 +3.4190e-01 -7.9066e-01 +1.5839e+00 +2.2284e+00
462 +9.129877855e+00 +9.129877855e+00 +2.829877855e+00 +2.829877855e+00 -1.0855e+00 +1.0995e+00 -6.5111e-01 -7.4890e-01 -7.7843e-01 -1.2838e+00 +9.9709e-01 -1.0258e+00 +1.7106e+00 +1.3229e+00
484 +4.818902248e+00 +4.818902248e+00 -1.481097752e+00 -1.481097752e+00 -7.5657e-01 +1.1862e+00 -1.2515e+00 -4.8115e-01 -2.1152e-01 -1.0568e+00 +7.8325e-01 -1.4434e+00 +1.5235e+00 +1.6244e+00
519 +3.590590921e+00 +3.590590921e+00 -2.709409079e+00 -2.709409079e+00 +2.9263e-01 +1.3866e+00 -9.7275e-01 +8.2986e-01 -1.9345e+00 -2.2315e+00 +1.5524e+00 -3.9510e-01 +1.8456e+00 +1.8489e+00
687 +3.211783138e+00 +3.211783138e+00 -3.088216862e+00 -3.088216862e+00 -4.3952e-01 +1.2544e+00 -2.8719e+00 +4.1185e-01 -1.9490e+00 -4.0934e-01 +7.9760e-01 -9.3714e-01 +2.1394e+00 +1.7372e+00
763 +2.953808811e+00 +2.953808811e+00 -3.346191189e+00 -3.346191189e+00 +2.0363e+00 +1.4735e-02 -1.7925e+00 -4.0318e-01 -7.7513e-01 -5.4501e-01 +1.9566e+00 -1.5355e+00 +2.1734e+00 +1.7943e+00
842 +2.655109455e+00 +2.655109455e+00 -3.644890545e+00 -3.644890545e+00 +2.1271e+00 +8.7773e-01 -2.9283e+00 +5.8970e-01 -1.8981e+00 -2.1423e+00 +1.0023e+00 -9.4477e-01 +9.5982e-01 +2.0881e+00
1017 +2.246423174e+00 +2.246423174e+00 -4.053576826e+00 -4.053576826e+00 +2.0638e+00 -4.2860e-01 -2.5624e+00 +1.1807e+00 -2.3180e+00 -3.1705e-02 +1.3139e+00 -1.9207e+00 +1.2067e+00 +1.1454e+00
2092 +2.054252274e+00 +2.054252274e+00 -4.245747726e+00 -4.245747726e+00 +2.2185e+00 -2.0773e+00 -2.0332e+00 +4.7495e-01 -2.4444e+00 -5.7935e-02 +9.3660e-01 -1.4368e+00 +1.8824e+00 +1.6415e+00
2285 +1.869713168e+00 +1.869713168e+00 -4.430286832e+00 -4.430286832e+00 +2.1074e+00 -2.0701e+00 -2.0406e+00 +3.5555e-01 -2.5015e+00 -9.5811e-01 +7.4678e-01 -1.3862e+00 +1.8830e+00 +1.8011e+00
2398 +1.744204695e+00 +1.744204695e+00 -4.555795305e+00 -4.555795305e+00 +2.1761e+00 -2.0479e+00 -2.1511e+00 +3.1730e-01 -2.5901e+00 -5.3300e-01 +8.2558e-01 -1.6199e+00 +1.8374e+00 +1.8074e+00
2508 +1.633805035e+00 +1.633805035e+00 -4.666194965e+00 -4.666194965e+00 +2.0960e+00 -1.9891e+00 -2.1061e+00 +2.4913e-01 -2.5763e+00 -5.3855e-01 +8.3346e-01 -1.6761e+00 +1.8015e+00 +1.8296e+00
2706 +1.616219025e+00 +1.616219025e+00 -4.683780975e+00 -4.683780975e+00 +2.1745e+00 -2.0572e+00 -2.1392e+00 +2.1098e-01 -2.5962e+00 -5.5401e-01 +8.2648e-01 -1.5791e+00 +1.8459e+00 +1.8334e+00
2860 +1.577653360e+00 +1.577653360e+00 -4.722346640e+00 -4.722346640e+00 +2.1206e+00 -2.1018e+00 -2.1301e+00 +2.2007e-01 -2.5893e+00 -5.4794e-01 +8.2315e-01 -1.5432e+00 +1.8582e+00 +1.8200e+00
3256 +1.547158279e+00 +1.547158279e+00 -4.752841721e+00 -4.752841721e+00 +2.1299e+00 -2.0847e+00 -2.1056e+00 +2.3605e-01 -2.5773e+00 -5.4619e-01 +8.1487e-01 -1.5090e+00 +1.8625e+00 +1.8203e+00
% function evaluation | noise-free fitness - Fopt (2.796000000000e+01) | best noise-free fitness - Fopt | measured fitness | best measured fitness | x1 | x2...
1 +1.033747614e+04 +1.033747614e+04 +1.036543614e+04 +1.036543614e+04 +0.0000e+00 +0.0000e+00 +0.0000e+00 +0.0000e+00 +0.0000e+00 +0.0000e+00 +0.0000e+00 +0.0000e+00 +0.0000e+00 +0.0000e+00
207 +9.570965077e+03 +9.570965077e+03 +9.598925077e+03 +9.598925077e+03 +1.4591e-01 -2.9737e+00 -1.8502e+00 -2.7144e-02 -6.2277e-01 -2.9348e+00 -3.4271e-01 +7.8715e-01 -2.3814e+00 -1.7258e+00
220 +8.882248690e+03 +8.882248690e+03 +8.910208690e+03 +8.910208690e+03 +9.0315e-01 -1.1820e+00 -3.0124e+00 +4.5683e-01 -1.8955e+00 -2.3070e+00 -1.1562e-01 +5.7250e-01 -3.2313e+00 -1.4604e+00
242 +8.115614837e+03 +8.115614837e+03 +8.143574837e+03 +8.143574837e+03 +1.4320e-01 -1.1191e+00 -3.1711e+00 -7.2407e-01 -2.2224e+00 -2.7933e+00 +2.3366e-01 +4.6965e-01 -3.1892e+00 -1.4205e+00
248 +5.853648741e+03 +5.853648741e+03 +5.881608741e+03 +5.881608741e+03 +2.6046e-01 -1.2327e+00 -2.4577e+00 +7.3321e-01 -9.4085e-01 -3.2385e+00 -6.2569e-01 -1.5225e-01 -2.6440e+00 -2.5643e+00
286 +4.304150331e+03 +4.304150331e+03 +4.332110331e+03 +4.332110331e+03 -1.3696e-01 -2.0981e+00 -2.4977e+00 -8.9735e-01 -1.3860e+00 -1.9408e+00 -2.5887e-01 -1.5509e-01 -1.9557e+00 -1.8989e+00
298 +1.712396307e+03 +1.712396307e+03 +1.740356307e+03 +1.740356307e+03 +6.6529e-01 -8.9776e-01 -1.7514e+00 +1.0676e+00 -1.9134e+00 -1.6347e+00 +4.9844e-01 -3.9832e-01 -9.0157e-01 -2.0633e+00
343 +1.300181780e+03 +1.300181780e+03 +1.328141780e+03 +1.328141780e+03 +3.8291e-01 +3.3316e-01 -2.0995e+00 -1.5915e+00 -2.5731e+00 -2.4228e+00 +1.4507e+00 +3.4687e-02 -2.0095e+00 -1.5005e+00
374 +5.243507777e+00 +5.243507777e+00 +3.320350778e+01 +3.320350778e+01 -1.4971e+00 +9.4965e-01 -1.2108e+00 -2.1119e+00 -4.5817e-01 -1.0031e+00 +2.0247e+00 -9.3612e-01 -9.9201e-01 -1.8056e+00
594 +4.419411958e+00 +4.419411958e+00 +3.237941196e+01 +3.237941196e+01 +2.3411e-01 +1.0637e+00 -1.1521e+00 -2.8129e+00 -1.4184e+00 -6.0311e-01 +2.1861e+00 -1.2861e+00 -1.1025e+00 -1.8596e+00
616 +4.107545413e+00 +4.107545413e+00 +3.206754541e+01 +3.206754541e+01 -2.9616e-01 +8.8874e-01 -8.3727e-01 -2.7728e+00 -1.6750e+00 -4.0911e-01 +1.1186e+00 -1.1859e+00 -1.3455e+00 -1.4255e+00
643 +3.455874192e+00 +3.455874192e+00 +3.141587419e+01 +3.141587419e+01 +1.0906e-02 +1.5536e+00 +4.6281e-02 -1.8343e+00 -1.4980e+00 -1.4182e+00 +1.7407e+00 -8.1234e-01 -8.3399e-01 -9.6466e-01
751 +3.202747082e+00 +3.202747082e+00 +3.116274708e+01 +3.116274708e+01 +1.9967e-01 +2.7880e+00 -2.1406e-01 -2.5668e+00 -5.8876e-01 -1.9652e+00 +5.4791e-01 -1.3654e+00 -1.2341e+00 -1.3875e+00
770 +2.999818650e+00 +2.999818650e+00 +3.095981865e+01 +3.095981865e+01 +4.8361e-01 +1.7216e+00 -6.4323e-01 -2.8010e+00 -1.3493e+00 -1.8128e+00 +1.2884e+00 -1.4346e+00 -1.3342e+00 -1.7600e+00
1179 +2.521881209e+00 +2.521881209e+00 +3.048188121e+01 +3.048188121e+01 +4.2547e-01 +8.9267e-01 +2.6961e-01 -1.3406e+00 -2.2791e+00 -1.4499e+00 +2.2724e+00 -1.2020e+00 -1.0356e+00 -2.0179e+00
2266 +2.484402958e+00 +2.484402958e+00 +3.044440296e+01 +3.044440296e+01 +7.5342e-01 +1.1658e+00 -5.1198e-01 -1.8805e+00 -2.2129e+00 -1.2295e+00 +2.3240e+00 -1.5838e+00 -9.1039e-01 -2.0177e+00
2419 +2.269590098e+00 +2.269590098e+00 +3.022959010e+01 +3.022959010e+01 +1.3897e-01 +1.2543e+00 -3.8792e-01 -2.0535e+00 -2.1652e+00 -1.1176e+00 +2.3593e+00 -1.5421e+00 -9.5313e-01 -2.4411e+00
2429 +2.217349775e+00 +2.217349775e+00 +3.017734977e+01 +3.017734977e+01 +5.6772e-01 +1.0218e+00 -3.1611e-01 -1.8192e+00 -2.2274e+00 -1.2063e+00 +2.3543e+00 -1.5802e+00 -9.1908e-01 -2.4026e+00
2526 +2.150299412e+00 +2.150299412e+00 +3.011029941e+01 +3.011029941e+01 +5.8726e-01 +1.1400e+00 -4.5449e-01 -1.8216e+00 -2.1819e+00 -1.0857e+00 +2.4111e+00 -1.5573e+00 -9.2230e-01 -2.3761e+00
2552 +2.100564919e+00 +2.100564919e+00 +3.006056492e+01 +3.006056492e+01 +6.3602e-01 +1.1743e+00 -4.3217e-01 -1.6196e+00 -2.2132e+00 -1.0684e+00 +2.3951e+00 -1.5906e+00 -9.8152e-01 -2.3832e+00
2574 +2.042815391e+00 +2.042815391e+00 +3.000281539e+01 +3.000281539e+01 +5.8005e-01 +1.1851e+00 -4.6026e-01 -1.6347e+00 -2.2057e+00 -1.0775e+00 +2.3699e+00 -1.5823e+00 -9.6367e-01 -2.3702e+00
2596 +1.941448754e+00 +1.941448754e+00 +2.990144875e+01 +2.990144875e+01 +6.0064e-01 +1.1828e+00 -4.7573e-01 -1.5614e+00 -2.1943e+00 -1.0695e+00 +2.3675e+00 -1.5899e+00 -9.4513e-01 -2.3914e+00
2662 +1.902234371e+00 +1.902234371e+00 +2.986223437e+01 +2.986223437e+01 +6.0258e-01 +1.1996e+00 -4.4487e-01 -1.5146e+00 -2.2121e+00 -1.0989e+00 +2.3476e+00 -1.6116e+00 -9.4639e-01 -2.3867e+00
2794 +1.858822739e+00 +1.858822739e+00 +2.981882274e+01 +2.981882274e+01 +6.0417e-01 +1.2164e+00 -4.4304e-01 -1.5384e+00 -2.2214e+00 -1.1602e+00 +2.3554e+00 -1.6103e+00 -9.1712e-01 -2.4034e+00
3322 +1.819026790e+00 +1.819026790e+00 +2.977902679e+01 +2.977902679e+01 +6.2742e-01 +1.2188e+00 -4.8074e-01 -1.5468e+00 -2.2381e+00 -1.1303e+00 +2.3432e+00 -1.6046e+00 -9.2956e-01 -2.4000e+00
% function evaluation | noise-free fitness - Fopt (-6.338000000000e+01) | best noise-free fitness - Fopt | measured fitness | best measured fitness | x1 | x2...
1 +1.033747614e+04 +1.033747614e+04 +1.027409614e+04 +1.027409614e+04 +0.0000e+00 +0.0000e+00 +0.0000e+00 +0.0000e+00 +0.0000e+00 +0.0000e+00 +0.0000e+00 +0.0000e+00 +0.0000e+00 +0.0000e+00
172 +8.220193951e+03 +8.220193951e+03 +8.156813951e+03 +8.156813951e+03 +1.4971e+00 +1.1201e+00 +6.8058e-01 -2.5011e+00 +4.1324e-01 +3.2876e-01 -1.2642e+00 +5.4505e-01 +3.4800e-01 +3.5842e-01
180 +5.079976295e+03 +5.079976295e+03 +5.016596295e+03 +5.016596295e+03 +2.0494e+00 +1.0448e+00 +3.8181e-01 -1.5417e+00 +3.7815e-01 +4.0524e-01 -7.3211e-01 -5.3287e-01 -4.2166e-01 +1.1077e+00
185 +9.840797794e+02 +9.840797794e+02 +9.206997794e+02 +9.206997794e+02 +2.0573e+00 +2.6267e-01 +2.2840e-01 -3.0507e+00 +4.4669e-01 -1.5506e-01 -1.3683e+00 +2.3930e-01 -4.0724e-01 +2.7485e+00
206 +2.561258861e+02 +2.561258861e+02 +1.927458861e+02 +1.927458861e+02 +2.2616e+00 +6.3665e-01 -9.9272e-01 -2.2947e+00 -1.2220e+00 -2.3680e+00 -7.9953e-01 +4.3743e-01 -2.1379e+00 +2.4576e+00
220 +5.467756900e+01 +5.467756900e+01 -8.702430998e+00 -8.702430998e+00 +1.4420e+00 +6.5060e-01 -1.1073e-01 -3.0529e+00 -4.6492e-01 -8.6565e-01 -1.4183e+00 +2.7248e-01 -1.6986e+00 +1.7388e+00
231 +4.375272794e+00 +4.375272794e+00 -5.900472721e+01 -5.900472721e+01 +1.5063e+00 +1.3315e+00 +1.3969e+00 -2.1209e+00 -3.4780e-01 -1.3402e+00 -1.0897e+00 +6.8251e-01 -1.2547e+00 +1.8657e+00
308 +3.995613385e+00 +3.995613385e+00 -5.938438662e+01 -5.938438662e+01 -2.2299e-02 +1.6039e+00 -8.7025e-01 -2.6549e+00 -7.1154e-01 -4.9165e-01 -2.0661e+00 +1.3419e+00 -1.2411e+00 +1.3660e+00
330 +3.358354624e+00 +3.358354624e+00 -6.002164538e+01 -6.002164538e+01 -1.3415e-01 +1.1044e+00 -6.1474e-01 -2.6208e+00 -9.6652e-01 -1.1623e+00 -2.1920e+00 +1.6728e+00 -1.5435e+00 +1.0788e+00
508 +3.117683597e+00 +3.117683597e+00 -6.026231640e+01 -6.026231640e+01 +1.0406e+00 +7.7990e-01 +8.7107e-01 -2.3504e+00 -9.7827e-01 -1.2193e+00 -2.2351e+00 +9.8488e-01 -1.1706e+00 +1.9115e+00
510 +2.833668336e+00 +2.833668336e+00 -6.054633166e+01 -6.054633166e+01 +1.0961e+00 +8.0815e-01 +2.4602e+00 -2.1229e+00 -8.6039e-01 -1.2354e+00 -1.7231e+00 +9.3435e-01 -2.4040e+00 +1.7236e+00
878 +2.743486791e+00 +2.743486791e+00 -6.063651321e+01 -6.063651321e+01 +1.8893e-01 +6.6083e-01 +2.5150e+00 -2.0102e+00 -9.3114e-01 -4.4664e-01 -1.9695e+00 +1.1702e+00 -2.2689e+00 +1.3497e+00
1032 +2.539883012e+00 +2.539883012e+00 -6.084011699e+01 -6.084011699e+01 +3.9634e-01 -5.2695e-01 +1.4210e+00 -2.3329e+00 -1.3344e+00 -3.5426e-01 -2.0849e+00 +1.2284e+00 -1.9533e+00 +1.7904e+00
1322 +2.291490829e+00 +2.291490829e+00 -6.108850917e+01 -6.108850917e+01 +1.0744e+00 +3.7996e-01 +1.1553e+00 -2.3686e+00 -1.3310e+00 -6.0292e-01 -2.5050e+00 +1.5600e+00 -9.7646e-01 +2.3518e+00
1323 +2.216886126e+00 +2.216886126e+00 -6.116311387e+01 -6.116311387e+01 +1.2195e+00 -1.6428e-01 +1.0724e+00 -2.2720e+00 -1.4389e+00 -3.3747e-01 -2.5460e+00 +1.5502e+00 -1.2215e+00 +2.2986e+00
1581 +1.974359047e+00 +1.974359047e+00 -6.140564095e+01 -6.140564095e+01 +1.0906e+00 -2.3477e-02 +1.8486e+00 -2.1229e+00 -1.4809e+00 -4.3264e-01 -2.5099e+00 +1.5119e+00 -1.4897e+00 +2.2674e+00
1759 +1.928169191e+00 +1.928169191e+00 -6.145183081e+01 -6.145183081e+01 +1.0989e+00 -6.3252e-02 +1.7502e+00 -2.1533e+00 -1.4730e+00 -3.5821e-01 -2.5081e+00 +1.5407e+00 -1.2674e+00 +1.9778e+00
1870 +1.887700582e+00 +1.887700582e+00 -6.149229942e+01 -6.149229942e+01 +1.0073e+00 -2.1054e-02 +1.8165e+00 -2.1092e+00 -1.4762e+00 -3.8219e-01 -2.5256e+00 +1.5392e+00 -1.2738e+00 +1.9763e+00
2046 +1.818036396e+00 +1.818036396e+00 -6.156196360e+01 -6.156196360e+01 +1.0058e+00 +2.4280e-03 +1.7917e+00 -2.1632e+00 -1.4601e+00 -3.5841e-01 -2.5512e+00 +1.5399e+00 -1.2703e+00 +1.9678e+00
6145 +1.736546265e+00 +1.736546265e+00 -6.164345374e+01 -6.164345374e+01 -1.5725e+00 -1.8743e-01 -1.4800e-01 -2.6561e+00 -2.9661e-01 -2.5901e+00 -1.3618e+00 +2.2609e+00 -1.1130e+00 +2.0135e+00
6206 +1.610078910e+00 +1.610078910e+00 -6.176992109e+01 -6.176992109e+01 -1.5307e+00 -1.0673e-01 -9.8348e-02 -2.6593e+00 -2.8228e-01 -2.5945e+00 -1.5212e+00 +2.2206e+00 -1.1373e+00 +2.0014e+00
6228 +1.583867026e+00 +1.583867026e+00 -6.179613297e+01 -6.179613297e+01 -1.5092e+00 -3.2439e-02 -1.1619e-01 -2.6441e+00 -3.2383e-01 -2.5938e+00 -1.5001e+00 +2.2674e+00 -1.0998e+00 +2.0100e+00
6237 +1.526466461e+00 +1.526466461e+00 -6.185353354e+01 -6.185353354e+01 -1.5110e+00 -1.7381e-01 -1.0787e-01 -2.6491e+00 -2.8106e-01 -2.5810e+00 -1.4650e+00 +2.2644e+00 -1.1290e+00 +1.9851e+00
6272 +1.512992835e+00 +1.512992835e+00 -6.186700716e+01 -6.186700716e+01 -1.5294e+00 -1.4418e-01 -1.1476e-01 -2.6834e+00 -3.1050e-01 -2.5808e+00 -1.4218e+00 +2.2483e+00 -1.0908e+00 +2.0142e+00
6404 +1.459875933e+00 +1.459875933e+00 -6.192012407e+01 -6.192012407e+01 -1.5740e+00 -1.7426e-01 -1.0773e-01 -2.6672e+00 -3.1200e-01 -2.5613e+00 -1.4510e+00 +2.2708e+00 -1.0756e+00 +2.0001e+00
6580 +1.421126141e+00 +1.421126141e+00 -6.195887386e+01 -6.195887386e+01 -1.5839e+00 -1.5874e-01 -1.1046e-01 -2.6557e+00 -3.2613e-01 -2.5660e+00 -1.4750e+00 +2.2554e+00 -1.0904e+00 +2.0175e+00
6602 +1.404264813e+00 +1.404264813e+00 -6.197573519e+01 -6.197573519e+01 -1.5731e+00 -1.6448e-01 -1.2357e-01 -2.6656e+00 -3.1890e-01 -2.5540e+00 -1.4825e+00 +2.2659e+00 -1.0819e+00 +2.0173e+00
% function evaluation | noise-free fitness - Fopt (-1.337200000000e+02) | best noise-free fitness - Fopt | measured fitness | best measured fitness | x1 | x2...
1 +1.033747614e+04 +1.033747614e+04 +1.020375614e+04 +1.020375614e+04 +0.0000e+00 +0.0000e+00 +0.0000e+00 +0.0000e+00 +0.0000e+00 +0.0000e+00 +0.0000e+00 +0.0000e+00 +0.0000e+00 +0.0000e+00
184 +9.429609376e+03 +9.429609376e+03 +9.295889376e+03 +9.295889376e+03 +1.3569e+00 +4.1244e+00 -4.9387e+00 -4.8802e-01 -2.3264e-01 -4.0441e-01 -1.6018e+00 +2.4705e+00 +1.9932e+00 +1.6601e-01
198 +9.319582335e+03 +9.319582335e+03 +9.185862335e+03 +9.185862335e+03 +2.3844e+00 +4.4252e+00 -4.7783e+00 -1.9111e-01 -1.1751e+00 -3.7867e-01 -2.3469e+00 +1.6577e+00 +2.2402e+00 +4.2527e-01
201 +8.175409818e+03 +8.175409818e+03 +8.041689818e+03 +8.041689818e+03 +2.3757e+00 +4.4984e+00 -3.9063e+00 +3.4996e-01 -3.6410e-01 -6.2305e-02 -2.1352e+00 +1.9272e+00 +2.3141e+00 -3.3527e-01
203 +6.699553924e+03 +6.699553924e+03 +6.565833924e+03 +6.565833924e+03 +2.2524e+00 +4.6643e+00 -4.4797e+00 +3.1724e-01 +9.1010e-02 -6.3707e-01 -1.2974e+00 +9.0704e-01 +2.8190e+00 +9.7139e-01
220 +6.597249763e+03 +6.597249763e+03 +6.463529763e+03 +6.463529763e+03 +2.5124e+00 +4.5127e+00 -4.5313e+00 +2.9267e-01 -1.3765e-01 -3.0206e-01 -2.2764e+00 +1.3013e+00 +2.5135e+00 +6.9956e-01
222 +5.644563995e+03 +5.644563995e+03 +5.510843995e+03 +5.510843995e+03 +2.2355e+00 +3.6497e+00 -4.4925e+00 +1.5238e-01 +2.4734e+00 -1.6273e+00 -2.1514e+00 +1.4973e+00 +2.4289e+00 +1.1615e+00
239 +4.397133834e+03 +4.397133834e+03 +4.263413834e+03 +4.263413834e+03 +3.5177e+00 +3.6586e+00 -3.7714e+00 +1.3085e-01 +3.8056e-01 +2.4345e-01 -1.8245e+00 +1.1512e+00 +6.7573e-01 +2.1218e+00
264 +4.141683458e+03 +4.141683458e+03 +4.007963458e+03 +4.007963458e+03 +2.3349e+00 +3.9529e+00 -4.0010e+00 +6.5537e-01 +1.7728e+00 -2.4604e-01 -2.4829e+00 +1.7709e+00 +1.3610e+00 +1.2503e+00
268 +3.689873395e+03 +3.689873395e+03 +3.556153395e+03 +3.556153395e+03 +3.4141e+00 +3.8403e+00 -2.6931e+00 +9.0345e-01 +3.1197e-01 -1.9367e-01 -1.9212e+00 +3.0775e+00 +1.7749e+00 +1.8749e+00
286 +3.344757198e+03 +3.344757198e+03 +3.211037198e+03 +3.211037198e+03 +2.7336e+00 +4.1228e+00 -3.5098e+00 +8.4262e-01 +1.3265e+00 +1.5151e-01 -2.5763e+00 +1.7587e+00 +1.0702e+00 +1.2874e+00
294 +2.837756681e+03 +2.837756681e+03 +2.704036681e+03 +2.704036681e+03 +2.9553e+00 +4.0226e+00 -2.5235e+00 +1.5345e+00 +1.0744e+00 -2.0000e-01 -2.3254e+00 +2.6478e+00 +1.2178e+00 +5.4559e-01
307 +1.826461315e+03 +1.826461315e+03 +1.692741315e+03 +1.692741315e+03 +2.7687e+00 +4.0087e+00 -2.4519e+00 +8.3788e-01 +8.7476e-01 +2.5717e-01 -1.9059e+00 +1.7691e+00 +6.7095e-01 +1.0092e+00
317 +1.674750113e+03 +1.674750113e+03 +1.541030113e+03 +1.541030113e+03 +2.4594e+00 +3.9166e+00 -2.3986e+00 +5.3578e-01 +3.2018e+00 +5.5420e-01 -3.0641e+00 +2.0240e+00 +1.0438e+00 +1.8894e+00
319 +9.891343539e+02 +9.891343539e+02 +8.554143539e+02 +8.554143539e+02 +2.6100e+00 +3.6568e+00 -1.7216e+00 +1.0771e+00 -6.9379e-03 -4.8506e-01 -2.8784e+00 +1.8331e+00 +1.6433e+00 +9.1045e-01
343 +9.125913820e+02 +9.125913820e+02 +7.788713820e+02 +7.788713820e+02 +1.9842e+00 +3.6103e+00 -2.4481e+00 +2.7147e-01 +1.1051e+00 -3.2324e-01 -1.5602e+00 +1.0965e+00 +2.4543e+00 +2.1666e+00
352 +6.642558491e+02 +6.642558491e+02 +5.305358491e+02 +5.305358491e+02 +2.1390e+00 +3.5125e+00 -1.9750e+00 +6.0211e-01 +1.8999e+00 +4.6877e-01 -2.0127e+00 +1.7775e+00 +9.7152e-01 +1.7951e+00
354 +5.642738590e+01 +5.642738590e+01 -7.729261410e+01 -7.729261410e+01 +2.3801e+00 +1.4088e+00 -1.5660e+00 +4.3468e-01 +1.0719e+00 -8.4584e-01 -2.1195e+00 +1.7785e+00 +1.0274e+00 +1.5797e+00
405 +1.174135403e+01 +1.174135403e+01 -1.219786460e+02 -1.219786460e+02 +6.6138e-01 +2.9212e+00 -1.2979e+00 +1.5181e+00 +1.7319e+00 -8.0898e-01 -2.0746e+00 +1.4766e+00 +2.0161e+00 +1.9889e+00
406 +8.380034119e+00 +8.380034119e+00 -1.253399659e+02 -1.253399659e+02 +1.1545e+00 +2.7710e+00 -5.1144e-01 +7.7028e-01 +7.9805e-01 -1.2740e-01 -1.6872e+00 +1.0264e+00 +1.9349e+00 +8.7659e-01
413 +4.071145442e+00 +4.071145442e+00 -1.296488546e+02 -1.296488546e+02 +1.8734e+00 +1.3639e+00 -1.1779e+00 +6.9825e-01 +1.6912e+00 -5.1470e-01 -1.7324e+00 +2.0284e+00 +1.1801e+00 +2.2796e+00
467 +3.814089509e+00 +3.814089509e+00 -1.299059105e+02 -1.299059105e+02 +1.7189e+00 +1.3072e+00 -2.1605e-01 +7.0242e-01 +1.7040e+00 -9.3605e-01 -1.2858e+00 +1.2272e+00 +1.6338e+00 +2.2452e+00
484 +3.714206971e+00 +3.714206971e+00 -1.300057930e+02 -1.300057930e+02 +1.8848e+00 +1.9954e+00 -6.6966e-01 +5.0566e-01 +1.0270e+00 -6.8185e-01 -1.5192e+00 +1.2702e+00 +2.1883e+00 +1.5574e+00
575 +3.541954611e+00 +3.541954611e+00 -1.301780454e+02 -1.301780454e+02 +1.3093e+00 +1.5551e+00 -6.0574e-01 +3.4452e-01 +7.8260e-01 -5.6519e-01 -2.0428e+00 +1.2435e+00 +1.5448e+00 +1.7852e+00
609 +3.338209365e+00 +3.338209365e+00 -1.303817906e+02 -1.303817906e+02 +1.1879e+00 +1.4331e+00 +1.9032e-02 +3.9430e-01 +2.6205e+00 -1.3310e+00 -1.4846e+00 +1.1207e+00 +7.5512e-01 +1.2848e+00
612 +3.168242779e+00 +3.168242779e+00 -1.305517572e+02 -1.305517572e+02 +9.4835e-01 +2.1312e+00 -6.5648e-01 +3.3429e-01 +1.6295e+00 -2.4867e-01 -1.9646e+00 +1.0342e+00 +1.6961e+00 +1.4443e+00
672 +3.046467397e+00 +3.046467397e+00 -1.306735326e+02 -1.306735326e+02 +7.4556e-01 +1.6443e+00 -6.3162e-01 +3.5304e-01 +1.3664e+00 -9.3191e-01 -1.9417e+00 +2.1036e+00 +1.9932e+00 +1.5376e+00
733 +2.852177055e+00 +2.852177055e+00 -1.308678229e+02 -1.308678229e+02 +5.3066e-01 +2.4085e+00 -5.0521e-01 +4.2017e-01 +3.5607e-01 -6.4458e-01 -1.5115e+00 +7.2926e-01 +1.4574e+00 +1.0473e+00
938 +2.184076048e+00 +2.184076048e+00 -1.315359240e+02 -1.315359240e+02 +1.0257e+00 +2.5268e+00 -6.5140e-02 +1.5148e-01 +2.5889e+00 -2.1526e+00 -1.5767e+00 +9.1959e-01 +2.4192e+00 +9.0336e-01
1848 +2.031785953e+00 +2.031785953e+00 -1.316882140e+02 -1.316882140e+02 +9.1414e-01 +2.4353e+00 +1.1686e+00 +2.2740e+00 +7.9630e-01 -1.4946e+00 -2.2574e+00 +1.9386e+00 +2.1304e+00 +1.2550e+00
2272 +1.946386007e+00 +1.946386007e+00 -1.317736140e+02 -1.317736140e+02 +8.7298e-01 +2.4769e+00 +1.1628e+00 +2.2878e+00 +2.5905e-01 -1.6005e+00 -2.2613e+00 +2.0838e+00 +2.1021e+00 +1.4118e+00
2288 +1.874503922e+00 +1.874503922e+00 -1.318454961e+02 -1.318454961e+02 +1.0259e+00 +2.3994e+00 +1.2509e+00 +2.3339e+00 +3.2064e-01 -1.5703e+00 -2.2796e+00 +1.9952e+00 +2.1604e+00 +1.4215e+00
2310 +1.854726387e+00 +1.854726387e+00 -1.318652736e+02 -1.318652736e+02 +9.8276e-01 +2.3456e+00 +1.2478e+00 +2.3107e+00 +4.6493e-01 -1.6029e+00 -2.2768e+00 +1.9923e+00 +2.1783e+00 +1.4438e+00
2332 +1.750362193e+00 +1.750362193e+00 -1.319696378e+02 -1.319696378e+02 +9.3253e-01 +2.2946e+00 +1.2745e+00 +2.3083e+00 +4.1933e-01 -1.5481e+00 -2.2669e+00 +2.0348e+00 +2.1577e+00 +1.4267e+00
2354 +1.716229168e+00 +1.716229168e+00 -1.320037708e+02 -1.320037708e+02 +9.3562e-01 +2.2955e+00 +1.2619e+00 +2.3232e+00 +4.1958e-01 -1.5225e+00 -2.2680e+00 +2.0346e+00 +2.1245e+00 +1.4190e+00
2442 +1.682172470e+00 +1.682172470e+00 -1.320378275e+02 -1.320378275e+02 +9.0389e-01 +2.3055e+00 +1.2152e+00 +2.3566e+00 +4.3724e-01 -1.5301e+00 -2.2622e+00 +2.0724e+00 +2.1175e+00 +1.4006e+00
2506 +1.635096578e+00 +1.635096578e+00 -1.320849034e+02 -1.320849034e+02 +1.0105e+00 +2.3116e+00 +1.2823e+00 +2.3484e+00 +3.8487e-01 -1.5638e+00 -2.2605e+00 +2.0703e+00 +2.1094e+00 +1.3724e+00
2530 +1.594375526e+00 +1.594375526e+00 -1.321256245e+02 -1.321256245e+02 +1.0085e+00 +2.3439e+00 +1.2404e+00 +2.3516e+00 +4.5459e-01 -1.5795e+00 -2.2746e+00 +2.0770e+00 +2.1240e+00 +1.3822e+00
2662 +1.584861515e+00 +1.584861515e+00 -1.321351385e+02 -1.321351385e+02 +1.0159e+00 +2.3440e+00 +1.2095e+00 +2.3501e+00 +4.2977e-01 -1.6068e+00 -2.2330e+00 +2.0773e+00 +2.1092e+00 +1.3500e+00
2728 +1.543634264e+00 +1.543634264e+00 -1.321763657e+02 -1.321763657e+02 +1.0135e+00 +2.3887e+00 +1.1702e+00 +2.3522e+00 +3.9954e-01 -1.6188e+00 -2.2379e+00 +2.0883e+00 +2.1100e+00 +1.2999e+00
2772 +1.475946631e+00 +1.475946631e+00 -1.322440534e+02 -1.322440534e+02 +1.0147e+00 +2.4035e+00 +1.1551e+00 +2.3683e+00 +4.1276e-01 -1.6297e+00 -2.2225e+00 +2.0893e+00 +2.0983e+00 +1.2696e+00
2816 +1.423470090e+00 +1.423470090e+00 -1.322965299e+02 -1.322965299e+02 +1.0251e+00 +2.3776e+00 +1.1671e+00 +2.3623e+00 +4.2647e-01 -1.5978e+00 -2.2235e+00 +2.0582e+00 +2.1031e+00 +1.2491e+00
2926 +1.404687045e+00 +1.404687045e+00 -1.323153130e+02 -1.323153130e+02 +1.0287e+00 +2.3617e+00 +1.1846e+00 +2.3288e+00 +4.4124e-01 -1.6010e+00 -2.2300e+00 +2.0800e+00 +2.1090e+00 +1.2435e+00
% function evaluation | noise-free fitness - Fopt (-4.039900000000e+02) | best noise-free fitness - Fopt | measured fitness | best measured fitness | x1 | x2...
1 +1.033747614e+04 +1.033747614e+04 +9.933486136e+03 +9.933486136e+03 +0.0000e+00 +0.0000e+00 +0.0000e+00 +0.0000e+00 +0.0000e+00 +0.0000e+00 +0.0000e+00 +0.0000e+00 +0.0000e+00 +0.0000e+00
200 +4.976826022e+03 +4.976826022e+03 +4.572836022e+03 +4.572836022e+03 +1.3482e+00 +2.9490e+00 +2.0598e+00 +4.0043e-01 +4.6459e-01 +4.5975e-02 -8.9938e-01 -3.3597e+00 -7.5902e-01 +1.9263e+00
242 +3.493725585e+03 +3.493725585e+03 +3.089735585e+03 +3.089735585e+03 +1.3824e+00 +3.3802e+00 +2.4571e+00 +8.3451e-01 +1.3731e-01 +2.3351e-01 -1.3074e+00 -3.2437e+00 -1.8186e-01 +1.2282e+00
246 +1.919665812e+03 +1.919665812e+03 +1.515675812e+03 +1.515675812e+03 +1.7906e+00 +3.5231e+00 +1.0446e+00 +1.3244e+00 -2.8120e-01 +3.3429e-01 -6.3681e-01 -2.5991e+00 +7.9384e-02 +2.0044e+00
264 +1.736635449e+03 +1.736635449e+03 +1.332645449e+03 +1.332645449e+03 +2.0113e+00 +3.3736e+00 +2.2967e+00 +9.5767e-01 +1.4487e-01 +9.2870e-02 -9.4311e-01 -3.0089e+00 +5.9423e-01 +1.6221e+00
275 +1.514888729e+03 +1.514888729e+03 +1.110898729e+03 +1.110898729e+03 +1.3664e+00 +3.1289e+00 +2.2606e+00 +1.4788e+00 -2.0732e-01 -2.9385e-01 -1.8519e+00 -2.7785e+00 +1.3864e-01 +2.1115e+00
291 +1.022589658e+03 +1.022589658e+03 +6.185996583e+02 +6.185996583e+02 +2.1032e+00 +3.2079e+00 +1.5942e+00 -2.3339e-01 +3.6414e-01 -1.2099e-01 -1.7065e+00 -2.2252e+00 +8.0819e-01 +2.6765e+00
308 +7.583696578e+02 +7.583696578e+02 +3.543796578e+02 +3.543796578e+02 +1.9921e+00 +3.0586e+00 +1.8024e+00 +1.1186e+00 +2.2637e-01 -1.7170e-02 -2.1297e+00 -2.1115e+00 +8.3759e-01 +1.7379e+00
317 +7.006342519e+02 +7.006342519e+02 +2.966442519e+02 +2.966442519e+02 +2.7857e+00 +3.0671e+00 +1.9439e+00 +1.7015e+00 +1.0466e-01 -1.5168e-01 -1.1677e+00 -2.3302e+00 +4.5231e-01 +2.8600e+00
328 +1.898500856e+02 +1.898500856e+02 -2.141399144e+02 -2.141399144e+02 +1.7920e+00 +2.4667e+00 +2.6045e+00 +4.5722e-01 -5.4116e-02 -5.5280e-01 -1.7783e+00 -1.8961e+00 +9.0163e-01 +1.0847e+00
334 +4.734698322e+00 +4.734698322e+00 -3.992553017e+02 -3.992553017e+02 +1.7442e+00 +1.8484e+00 -7.2830e-02 +8.8797e-01 -6.1208e-01 -1.6383e-01 -1.0293e+00 -7.5596e-01 +1.2544e+00 +2.2525e+00
418 +4.306024143e+00 +4.306024143e+00 -3.996839759e+02 -3.996839759e+02 +1.5069e+00 +1.7330e+00 +1.3240e+00 +1.0116e+00 +7.1066e-02 -8.4468e-01 -1.9037e+00 -1.0387e+00 +1.3612e+00 +1.5181e+00
433 +3.854851259e+00 +3.854851259e+00 -4.001351487e+02 -4.001351487e+02 +2.4534e+00 +1.8566e+00 +8.4494e-01 +4.4781e-01 -3.3244e-01 -6.4052e-01 -6.7184e-01 -2.3723e+00 +1.7953e+00 +9.7824e-01
483 +3.426084288e+00 +3.426084288e+00 -4.005639157e+02 -4.005639157e+02 +1.7917e+00 +4.0741e-01 +2.4901e+00 +1.2899e+00 +3.6585e-01 -2.0598e+00 -1.5938e+00 -8.0825e-01 +1.0368e+00 +1.1829e+00
500 +3.186551964e+00 +3.186551964e+00 -4.008034480e+02 -4.008034480e+02 +2.0365e+00 -6.9515e-02 +1.1834e+00 +1.6725e+00 -2.3101e-02 -1.1109e+00 -2.0991e+00 -1.1792e+00 +1.6550e+00 +2.1938e+00
506 +3.045344186e+00 +3.045344186e+00 -4.009446558e+02 -4.009446558e+02 +2.0689e+00 +8.3996e-01 +1.2441e+00 +1.0734e+00 -1.7275e-01 -8.2247e-01 -1.9116e+00 -1.3842e+00 +1.3382e+00 +1.7163e+00
616 +2.971623361e+00 +2.971623361e+00 -4.010183766e+02 -4.010183766e+02 +2.0928e+00 +1.0618e+00 +1.1804e+00 +1.0246e+00 -2.6417e-01 -1.2318e+00 -1.7773e+00 -1.2415e+00 +1.5727e+00 +1.8454e+00
745 +2.883548811e+00 +2.883548811e+00 -4.011064512e+02 -4.011064512e+02 +1.6313e+00 +8.3450e-01 +7.5723e-01 +6.7469e-01 -3.1579e-01 -9.8971e-01 -1.4194e+00 -2.3102e+00 +1.6293e+00 +2.2228e+00
757 +2.808046772e+00 +2.808046772e+00 -4.011819532e+02 -4.011819532e+02 +2.1748e+00 +1.0315e+00 +1.2210e+00 +3.8420e-01 -4.3709e-01 -1.0868e+00 -1.0848e+00 -1.4419e+00 +1.0039e+00 +2.1241e+00
772 +2.455679733e+00 +2.455679733e+00 -4.015343203e+02 -4.015343203e+02 +2.2102e+00 +1.0095e+00 +1.1296e+00 +6.2496e-01 -3.8260e-01 -1.0608e+00 -1.3542e+00 -1.8169e+00 +2.1724e+00 +1.7432e+00
1818 +1.806039832e+00 +1.806039832e+00 -4.021839602e+02 -4.021839602e+02 +2.1106e+00 +1.0661e+00 +1.4373e-01 +6.9996e-02 -4.1197e-01 -1.5128e+00 -1.7448e+00 -1.7546e+00 +1.8731e+00 +2.1572e+00
% function evaluation | noise-free fitness - Fopt (1.000000000000e+03) | best noise-free fitness - Fopt | measured fitness | best measured fitness | x1 | x2...
1 +1.033747614e+04 +1.033747614e+04 +1.133747614e+04 +1.133747614e+04 +0.0000e+00 +0.0000e+00 +0.0000e+00 +0.0000e+00 +0.0000e+00 +0.0000e+00 +0.0000e+00 +0.0000e+00 +0.0000e+00 +0.0000e+00
267 +5.141562382e+03 +5.141562382e+03 +6.141562382e+03 +6.141562382e+03 -5.0716e+00 -9.6078e-01 -2.6203e+00 -2.5908e+00 +9.0303e-01 -5.4684e-01 +1.1177e+00 -1.2949e+00 +8.7400e-01 +1.2350e+00
286 +4.956679553e+03 +4.956679553e+03 +5.956679553e+03 +5.956679553e+03 -4.7896e+00 -1.6240e+00 -2.8543e+00 -2.4947e+00 +1.0581e+00 -6.1735e-01 +1.1606e+00 -6.6361e-01 +1.3668e+00 +1.6949e+00
299 +3.294017995e+03 +3.294017995e+03 +4.294017995e+03 +4.294017995e+03 -3.2736e+00 -1.0451e+00 -3.2225e+00 -1.8286e+00 +1.3166e+00 -5.9157e-01 +1.9062e+00 -1.2198e+00 -2.1048e-01 +1.7931e+00
303 +6.942228999e+02 +6.942228999e+02 +1.694222900e+03 +1.694222900e+03 -3.3248e+00 -1.4872e+00 -2.7722e+00 -2.3382e-03 +1.0745e+00 +6.7274e-01 +1.4831e+00 -6.1766e-01 +2.2899e+00 +1.6294e+00
373 +3.559125962e+02 +3.559125962e+02 +1.355912596e+03 +1.355912596e+03 -3.3275e+00 -3.5660e-01 -2.6639e+00 +9.0754e-01 +1.8621e+00 -4.9578e-01 +7.2295e-01 -1.4803e+00 +1.3679e+00 +1.5925e+00
374 +1.440322568e+02 +1.440322568e+02 +1.144032257e+03 +1.144032257e+03 -3.0341e+00 -8.6053e-01 -2.9611e+00 -4.8442e-01 +1.0218e+00 -1.2410e-01 +1.1303e+00 -1.7434e+00 +9.3709e-01 +1.9137e+00
418 +3.434400075e+01 +3.434400075e+01 +1.034344001e+03 +1.034344001e+03 -2.7761e+00 +3.0387e-01 -2.7485e+00 -3.5545e-01 +1.7878e+00 +4.1824e-01 +1.4417e+00 -1.7782e+00 +6.9071e-01 +2.2220e+00
440 +4.152907884e+00 +4.152907884e+00 +1.004152908e+03 +1.004152908e+03 -1.5426e+00 -2.1413e-01 -2.2299e+00 -2.3805e-01 +2.2208e+00 +7.4038e-01 +1.7899e+00 -1.4446e+00 +1.1381e+00 +1.7794e+00
457 +3.574923958e+00 +3.574923958e+00 +1.003574924e+03 +1.003574924e+03 +1.8761e-01 +2.5236e+00 -1.7301e+00 +1.4494e+00 +1.8980e+00 -2.2303e-01 +1.3610e+00 -1.9064e+00 +2.2368e+00 +1.5133e+00
528 +3.481456501e+00 +3.481456501e+00 +1.003481457e+03 +1.003481457e+03 +4.0524e-01 +1.4433e+00 -1.3442e+00 -7.1059e-01 +1.4695e+00 +2.1430e+00 +2.0032e+00 -2.0584e+00 +1.7925e+00 +1.7267e+00
726 +3.344485264e+00 +3.344485264e+00 +1.003344485e+03 +1.003344485e+03 -1.1244e-01 -4.1543e-01 -2.6156e+00 -2.7133e-01 +1.8529e+00 +1.2388e+00 +1.4601e+00 -1.8234e+00 +9.2571e-01 +1.6237e+00
752 +3.216203174e+00 +3.216203174e+00 +1.003216203e+03 +1.003216203e+03 +2.9858e-01 -6.9878e-01 -2.7242e+00 -3.0968e-01 +1.7830e+00 +4.0444e-01 +4.9297e-01 -1.3915e+00 +9.6822e-01 +1.2887e+00
907 +3.144603510e+00 +3.144603510e+00 +1.003144604e+03 +1.003144604e+03 -7.3758e-01 -6.6316e-02 -2.6512e+00 -2.7544e-02 +1.4456e+00 +1.7386e+00 +5.1975e-01 -9.2033e-01 +1.4501e+00 +8.0845e-01
920 +3.074406089e+00 +3.074406089e+00 +1.003074406e+03 +1.003074406e+03 -1.4400e+00 +6.2910e-01 -2.4688e+00 +3.2130e-01 +1.5487e+00 +1.1636e+00 +1.2693e+00 -8.4285e-01 +1.4494e+00 +1.0307e+00
1089 +2.590082198e+00 +2.590082198e+00 +1.002590082e+03 +1.002590082e+03 +2.3616e-01 -8.1905e-01 -2.2060e+00 +2.1943e+00 +2.0339e+00 +2.0044e+00 +1.1742e+00 -2.2636e+00 +7.9216e-01 +1.2461e+00
1184 +2.558207453e+00 +2.558207453e+00 +1.002558207e+03 +1.002558207e+03 +3.5953e-01 -6.1349e-01 -2.6257e+00 +1.7160e+00 +2.1249e+00 +1.6583e+00 +2.2168e+00 -2.0503e+00 +9.1747e-01 +1.1805e+00
1672 +2.298749314e+00 +2.298749314e+00 +1.002298749e+03 +1.002298749e+03 -9.0877e-02 -5.2815e-01 -2.7684e+00 +5.9128e-01 +1.4274e+00 +1.2183e+00 +1.8319e+00 -2.1627e+00 +7.6551e-01 +1.2625e+00
2464 +2.221706787e+00 +2.221706787e+00 +1.002221707e+03 +1.002221707e+03 +1.4716e-01 -5.1402e-01 -2.7844e+00 +1.1812e+00 +1.1900e+00 +9.2729e-01 +7.4964e-01 -2.3959e+00 +7.5951e-01 +1.5602e+00
2530 +2.162920086e+00 +2.162920086e+00 +1.002162920e+03 +1.002162920e+03 +2.0144e-01 -5.6071e-01 -2.7167e+00 +1.1370e+00 +1.2664e+00 +9.0421e-01 +7.6160e-01 -2.4334e+00 +7.2681e-01 +1.5446e+00
2552 +2.125410297e+00 +2.125410297e+00 +1.002125410e+03 +1.002125410e+03 +1.6946e-01 -6.0698e-01 -2.7277e+00 +1.2032e+00 +1.2574e+00 +9.4381e-01 +6.7718e-01 -2.4540e+00 +7.4388e-01 +1.5684e+00
2618 +2.039970437e+00 +2.039970437e+00 +1.002039970e+03 +1.002039970e+03 +1.9276e-01 -5.4798e-01 -2.7320e+00 +1.2215e+00 +1.2218e+00 +9.2712e-01 +7.0695e-01 -2.4557e+00 +7.2532e-01 +1.5717e+00
2706 +1.995110333e+00 +1.995110333e+00 +1.001995110e+03 +1.001995110e+03 +2.6325e-01 -5.0924e-01 -2.7177e+00 +1.2261e+00 +1.2583e+00 +8.9327e-01 +7.2370e-01 -2.4370e+00 +7.2353e-01 +1.5878e+00
2794 +1.933426032e+00 +1.933426032e+00 +1.001933426e+03 +1.001933426e+03 +3.1099e-01 -5.8105e-01 -2.7282e+00 +1.2384e+00 +1.2325e+00 +8.8113e-01 +7.2976e-01 -2.4465e+00 +7.2980e-01 +1.5878e+00
2904 +1.897065234e+00 +1.897065234e+00 +1.001897065e+03 +1.001897065e+03 +3.3852e-01 -6.1400e-01 -2.7506e+00 +1.2238e+00 +1.2517e+00 +8.7206e-01 +7.3067e-01 -2.4494e+00 +7.1400e-01 +1.5934e+00
% function evaluation | noise-free fitness - Fopt (1.005700000000e+02) | best noise-free fitness - Fopt | measured fitness | best measured fitness | x1 | x2...
1 +1.033747614e+04 +1.033747614e+04 +1.043804614e+04 +1.043804614e+04 +0.0000e+00 +0.0000e+00 +0.0000e+00 +0.0000e+00 +0.0000e+00 +0.0000e+00 +0.0000e+00 +0.0000e+00 +0.0000e+00 +0.0000e+00
226 +8.839957708e+03 +8.839957708e+03 +8.940527708e+03 +8.940527708e+03 +2.1503e+00 -2.0043e+00 -1.6907e+00 +1.5713e+00 -3.3685e+00 +2.5139e+00 +4.0065e+00 -6.2529e-01 +2.0655e+00 -1.0060e+00
237 +8.479049689e+03 +8.479049689e+03 +8.579619689e+03 +8.579619689e+03 +5.3745e-01 -3.1295e+00 -8.3671e-01 +2.0936e+00 -2.3524e+00 +2.1549e+00 +4.0201e+00 -1.6023e-01 +1.5189e+00 -1.5987e+00
238 +5.501854874e+03 +5.501854874e+03 +5.602424874e+03 +5.602424874e+03 +8.9763e-01 -2.4850e+00 -8.3989e-01 +1.4697e+00 -1.4070e+00 +1.8710e+00 +3.8467e+00 -3.4520e-01 +1.2097e+00 -7.1989e-01
246 +3.716226569e+03 +3.716226569e+03 +3.816796569e+03 +3.816796569e+03 +1.2602e+00 -2.6513e+00 -1.8459e+00 -3.3554e-01 -1.3392e+00 +2.6061e+00 +3.5057e+00 +8.5580e-01 +6.4060e-01 -2.8530e+00
264 +2.735508847e+03 +2.735508847e+03 +2.836078847e+03 +2.836078847e+03 +1.0431e+00 -2.6114e+00 -1.5082e+00 +9.4777e-01 -2.0307e+00 +2.5176e+00 +3.2493e+00 -1.1786e-02 +1.8299e+00 -1.2309e+00
275 +1.125082184e+03 +1.125082184e+03 +1.225652184e+03 +1.225652184e+03 +1.7467e+00 -2.1414e+00 -8.3078e-01 -7.4641e-01 -1.2622e+00 +2.1640e+00 +3.0504e+00 +1.2870e+00 +1.7485e+00 -2.1070e+00
308 +4.036385594e+02 +4.036385594e+02 +5.042085594e+02 +5.042085594e+02 +9.8153e-01 -3.4002e+00 -1.6222e+00 +1.3096e-01 -1.2670e+00 +1.7869e+00 +2.6700e+00 +1.2393e+00 +2.2156e+00 -1.5786e+00
352 +1.108797013e+02 +1.108797013e+02 +2.114497013e+02 +2.114497013e+02 +3.7263e-01 -2.8730e+00 -1.9524e+00 -5.1989e-01 -1.5193e+00 +1.7562e+00 +2.4073e+00 +1.8855e+00 +1.7001e+00 -6.4303e-01
426 +6.361495672e+01 +6.361495672e+01 +1.641849567e+02 +1.641849567e+02 +4.8222e-01 -2.8005e+00 -2.7862e-01 -3.2309e+00 -1.3176e+00 +1.0927e+00 +1.8737e+00 +3.6283e-01 +1.8465e+00 -1.2328e+00
440 +5.591111598e+00 +5.591111598e+00 +1.061611116e+02 +1.061611116e+02 +8.3714e-01 -2.1321e+00 -1.5158e+00 -1.5362e+00 -1.4880e+00 +1.8069e+00 +1.8744e+00 +7.5720e-01 +2.2892e+00 -1.4728e+00
506 +4.380274369e+00 +4.380274369e+00 +1.049502744e+02 +1.049502744e+02 +6.8776e-01 -2.0544e+00 -7.6701e-01 -1.7882e+00 -1.8677e+00 +1.9542e+00 +1.5294e+00 +8.1479e-01 +1.8947e+00 -1.0292e+00
528 +3.176980064e+00 +3.176980064e+00 +1.037469801e+02 +1.037469801e+02 +8.1304e-01 -1.6837e+00 -5.8945e-01 -1.3605e+00 -2.1646e+00 +2.0375e+00 +1.7010e+00 +1.1696e+00 +1.3363e+00 -1.7773e+00
762 +2.925408456e+00 +2.925408456e+00 +1.034954085e+02 +1.034954085e+02 +5.6361e-01 -1.4747e+00 -5.6833e-01 -1.5927e+00 -2.0682e+00 +2.1190e+00 +4.7197e-01 +8.6859e-01 +2.3956e+00 -1.5279e+00
778 +2.634000230e+00 +2.634000230e+00 +1.032040002e+02 +1.032040002e+02 +8.9977e-01 -1.4793e+00 -5.5152e-01 -1.3543e+00 -2.3398e+00 +1.9545e+00 +1.1208e+00 +8.7875e-01 +1.5301e+00 -1.4428e+00
1477 +2.425183030e+00 +2.425183030e+00 +1.029951830e+02 +1.029951830e+02 -9.0885e-02 -2.6753e+00 +1.9074e+00 -7.4294e-01 -2.7345e-01 +1.5284e+00 +2.3276e+00 +1.0170e+00 +2.3768e+00 -1.4172e+00
2062 +2.190170418e+00 +2.190170418e+00 +1.027601704e+02 +1.027601704e+02 -1.1849e-01 -2.5915e+00 +2.0510e+00 -4.9675e-01 -3.1778e-01 +1.9400e+00 +1.6405e+00 +1.0744e+00 +1.9798e+00 -9.8095e-01
2372 +2.162863695e+00 +2.162863695e+00 +1.027328637e+02 +1.027328637e+02 +2.1653e-01 -2.5366e+00 +1.9687e+00 -3.0658e-01 -3.8591e-01 +2.0076e+00 +1.5758e+00 +1.1202e+00 +1.6894e+00 -1.0598e+00
2420 +2.073382414e+00 +2.073382414e+00 +1.026433824e+02 +1.026433824e+02 +3.6886e-01 -2.5702e+00 +1.9477e+00 -2.6949e-01 -3.6899e-01 +1.9745e+00 +1.6387e+00 +1.1168e+00 +1.7496e+00 -1.0421e+00
2772 +2.039366980e+00 +2.039366980e+00 +1.026093670e+02 +1.026093670e+02 +3.0514e-01 -2.5487e+00 +2.0107e+00 -2.9023e-01 -4.1609e-01 +1.9641e+00 +1.6439e+00 +1.0870e+00 +1.6918e+00 -1.0704e+00
2882 +1.989931439e+00 +1.989931439e+00 +1.025599314e+02 +1.025599314e+02 +3.0358e-01 -2.5653e+00 +1.9878e+00 -2.7738e-01 -3.9084e-01 +1.9564e+00 +1.6364e+00 +1.1076e+00 +1.6993e+00 -1.0675e+00
% function evaluation | noise-free fitness - Fopt (1.149000000000e+01) | best noise-free fitness - Fopt | measured fitness | best measured fitness | x1 | x2...
1 +1.033747614e+04 +1.033747614e+04 +1.034896614e+04 +1.034896614e+04 +0.0000e+00 +0.0000e+00 +0.0000e+00 +0.0000e+00 +0.0000e+00 +0.0000e+00 +0.0000e+00 +0.0000e+00 +0.0000e+00 +0.0000e+00
277 +9.664914574e+03 +9.664914574e+03 +9.676404574e+03 +9.676404574e+03 -1.2387e+00 -1.8059e+00 -2.9418e+00 -4.0150e+00 +3.7511e+00 +1.3923e+00 +1.6932e+00 -1.4176e-01 -2.8517e-01 -1.0740e+00
278 +7.619527316e+03 +7.619527316e+03 +7.631017316e+03 +7.631017316e+03 -2.4904e+00 -9.2211e-01 -3.4752e+00 -3.5829e+00 +3.8613e+00 +1.4368e+00 +1.2927e+00 -5.4515e-01 -3.2746e+00 -9.0932e-01
286 +6.617271154e+03 +6.617271154e+03 +6.628761154e+03 +6.628761154e+03 -1.9477e+00 -1.0472e+00 -3.5850e+00 -3.7554e+00 +3.7938e+00 +1.2336e+00 +1.6822e+00 -4.3274e-01 -1.1215e+00 -1.0040e+00
293 +6.491829380e+03 +6.491829380e+03 +6.503319380e+03 +6.503319380e+03 -7.3335e-01 -1.0054e+00 -3.4820e+00 -3.8393e+00 +4.0656e+00 +3.8096e-01 +1.7250e+00 -3.7067e-01 -1.9544e+00 -1.5913e+00
308 +6.231464871e+03 +6.231464871e+03 +6.242954871e+03 +6.242954871e+03 -1.7732e+00 -1.2244e+00 -3.5174e+00 -3.6005e+00 +3.7269e+00 +1.2050e+00 +1.7100e+00 -4.9210e-01 -2.0216e+00 -1.6960e+00
315 +3.520383791e+03 +3.520383791e+03 +3.531873791e+03 +3.531873791e+03 -2.7779e+00 -1.2346e+00 -2.7126e+00 -2.7622e+00 +4.4826e+00 +1.3409e+00 +1.7264e+00 +5.5388e-01 -1.2172e+00 -1.0236e+00
382 +3.090204447e+03 +3.090204447e+03 +3.101694447e+03 +3.101694447e+03 -2.6628e+00 -7.1314e-01 -4.2925e+00 -1.8811e+00 +3.0998e+00 -1.3032e+00 +1.8989e+00 -4.0516e-01 -2.0192e+00 -2.7418e+00
396 +2.181707613e+03 +2.181707613e+03 +2.193197613e+03 +2.193197613e+03 -2.6677e+00 -1.4718e+00 -4.0293e+00 -2.5698e+00 +3.2186e+00 +3.1744e-01 +2.1576e+00 -2.8473e-01 -1.7279e+00 -1.8616e+00
400 +1.960266575e+03 +1.960266575e+03 +1.971756575e+03 +1.971756575e+03 -3.2051e+00 -1.2084e+00 -3.9491e+00 -2.3223e+00 +3.5005e+00 +6.2592e-01 +1.6305e+00 -1.7627e-01 -2.7302e+00 -1.4092e+00
416 +1.817480256e+03 +1.817480256e+03 +1.828970256e+03 +1.828970256e+03 -2.6644e+00 -1.6747e+00 -3.9139e+00 -2.6438e+00 +2.9450e+00 +1.4242e-01 +2.8100e+00 +3.8845e-01 -1.4796e+00 -1.9353e+00
444 +1.025880282e+03 +1.025880282e+03 +1.037370282e+03 +1.037370282e+03 -2.4690e+00 -9.1478e-01 -3.3689e+00 -2.3338e+00 +1.3530e+00 +4.5989e-01 +1.9600e+00 +8.5890e-01 -1.3188e+00 -2.3647e+00
567 +9.408530617e+02 +9.408530617e+02 +9.523430617e+02 +9.523430617e+02 -3.0223e+00 -7.8358e-01 -3.1748e+00 -2.2752e+00 +1.2558e+00 -1.1481e-01 +2.6703e+00 +4.0281e-01 -2.1091e+00 -2.0643e+00
572 +5.191877780e+02 +5.191877780e+02 +5.306777780e+02 +5.306777780e+02 -2.9283e+00 -8.7340e-01 -3.7137e+00 -1.9346e+00 +1.8975e+00 -7.1911e-01 +2.1857e+00 +2.0642e-01 -2.2141e+00 -2.2213e+00
594 +4.253609132e+02 +4.253609132e+02 +4.368509132e+02 +4.368509132e+02 -2.7629e+00 -7.5651e-01 -3.4323e+00 -1.7156e+00 +1.5210e+00 -1.2508e+00 +1.8220e+00 -1.1521e-02 -1.9591e+00 -2.0640e+00
604 +2.889128129e+02 +2.889128129e+02 +3.004028129e+02 +3.004028129e+02 -3.3433e+00 -4.1337e-01 -2.9487e+00 -1.1904e+00 +1.5135e+00 +1.7959e-01 +1.8737e+00 +1.0003e+00 -2.3776e+00 -6.6012e-01
616 +9.003038588e+01 +9.003038588e+01 +1.015203859e+02 +1.015203859e+02 -2.5577e+00 -3.9262e-01 -3.3742e+00 -1.3071e+00 +1.6325e+00 -1.1399e+00 +1.9756e+00 +2.0046e-01 -1.8623e+00 -1.9086e+00
704 +3.047643968e+01 +3.047643968e+01 +4.196643968e+01 +4.196643968e+01 -1.6365e+00 -6.4716e-01 -3.2935e+00 -7.9751e-01 +1.3525e+00 -1.6665e+00 +2.0842e+00 +3.2288e-01 -2.3431e+00 -1.4642e+00
726 +9.622216578e+00 +9.622216578e+00 +2.111221658e+01 +2.111221658e+01 -1.5982e+00 -5.3775e-01 -3.1566e+00 -8.8865e-01 +1.1834e+00 -1.4805e+00 +2.0184e+00 +7.1895e-01 -1.4765e+00 -1.5967e+00
737 +4.113928217e+00 +4.113928217e+00 +1.560392822e+01 +1.560392822e+01 -2.0414e+00 -6.4181e-01 -2.8674e+00 -7.5711e-01 +1.1601e+00 +7.2967e-02 +9.9873e-01 +8.6672e-01 -8.3363e-01 -1.5159e+00
831 +3.652580796e+00 +3.652580796e+00 +1.514258080e+01 +1.514258080e+01 -1.9147e+00 -9.1022e-01 -2.9199e+00 -2.9922e-01 +9.7454e-01 -2.4747e+00 +1.5714e+00 +6.5256e-01 -1.4511e+00 -1.3454e+00
845 +3.613572276e+00 +3.613572276e+00 +1.510357228e+01 +1.510357228e+01 -1.3206e+00 -1.8253e-01 -2.7943e+00 -1.0482e+00 +6.6634e-01 -1.9039e+00 +1.5125e+00 +1.0981e+00 -1.2667e+00 -1.2977e+00
861 +3.470782035e+00 +3.470782035e+00 +1.496078203e+01 +1.496078203e+01 -1.3831e+00 -5.9736e-01 -3.0026e+00 -6.2249e-01 +6.6091e-01 -1.3581e+00 +1.1458e+00 +1.3921e+00 -1.3342e+00 -1.1051e+00
880 +3.402982584e+00 +3.402982584e+00 +1.489298258e+01 +1.489298258e+01 -1.1919e+00 -3.1385e-01 -2.7021e+00 -6.1838e-01 +7.2446e-01 -1.7407e+00 +1.2798e+00 +1.5448e+00 -1.5964e+00 -1.2511e+00
902 +3.128474974e+00 +3.128474974e+00 +1.461847497e+01 +1.461847497e+01 -1.4071e+00 +6.2572e-02 -2.5685e+00 -3.8548e-01 +9.9984e-01 -1.8357e+00 +1.3924e+00 +1.7292e+00 -1.5639e+00 -1.5077e+00
909 +2.007842689e+00 +2.007842689e+00 +1.349784269e+01 +1.349784269e+01 -1.4896e+00 +5.4947e-01 -2.6212e+00 -3.5335e-01 +1.4237e+00 -2.2959e+00 +2.0107e+00 +2.1358e+00 -1.7146e+00 -2.0927e+00
1358 +1.968206934e+00 +1.968206934e+00 +1.345820693e+01 +1.345820693e+01 -7.9208e-01 -3.8512e-01 -2.6432e+00 -5.5536e-01 +6.8933e-01 -2.5079e+00 +1.3575e+00 +2.2832e+00 -1.9827e+00 -1.8060e+00
1672 +1.822749425e+00 +1.822749425e+00 +1.331274943e+01 +1.331274943e+01 -5.0671e-01 -4.3083e-01 -2.7310e+00 -5.1790e-01 +5.7329e-01 -2.4495e+00 +1.1424e+00 +2.3449e+00 -1.6088e+00 -1.6448e+00
1694 +1.774487763e+00 +1.774487763e+00 +1.326448776e+01 +1.326448776e+01 -5.8710e-01 -4.0008e-01 -2.7078e+00 -4.5684e-01 +5.8234e-01 -2.4743e+00 +1.1203e+00 +2.3162e+00 -1.6366e+00 -1.6407e+00
1782 +1.722244677e+00 +1.722244677e+00 +1.321224468e+01 +1.321224468e+01 -5.6710e-01 -4.5433e-01 -2.7877e+00 -5.3711e-01 +5.6726e-01 -2.5093e+00 +1.1509e+00 +2.3229e+00 -1.6362e+00 -1.6364e+00
1826 +1.636842516e+00 +1.636842516e+00 +1.312684252e+01 +1.312684252e+01 -5.5271e-01 -3.7972e-01 -2.7579e+00 -5.2456e-01 +5.7780e-01 -2.4730e+00 +1.1820e+00 +2.3470e+00 -1.6576e+00 -1.6637e+00
1980 +1.620531399e+00 +1.620531399e+00 +1.311053140e+01 +1.311053140e+01 -6.3017e-01 -3.8409e-01 -2.7304e+00 -4.9767e-01 +6.1243e-01 -2.4741e+00 +1.1896e+00 +2.3397e+00 -1.6661e+00 -1.6312e+00
2178 +1.582646154e+00 +1.582646154e+00 +1.307264615e+01 +1.307264615e+01 -6.3073e-01 -3.9329e-01 -2.7409e+00 -5.1279e-01 +5.9396e-01 -2.4904e+00 +1.1830e+00 +2.3334e+00 -1.6552e+00 -1.6543e+00
% function evaluation | noise-free fitness - Fopt (7.731000000000e+01) | best noise-free fitness - Fopt | measured fitness | best measured fitness | x1 | x2...
1 +1.033747614e+04 +1.033747614e+04 +1.041478614e+04 +1.041478614e+04 +0.0000e+00 +0.0000e+00 +0.0000e+00 +0.0000e+00 +0.0000e+00 +0.0000e+00 +0.0000e+00 +0.0000e+00 +0.0000e+00 +0.0000e+00
2 +4.107794786e+03 +4.107794786e+03 +4.185104786e+03 +4.185104786e+03 -2.3733e+00 +1.0064e+00 -9.3208e-01 +6.2970e-01 -1.3646e+00 -1.4888e-03 +6.9789e-01 -4.2080e-01 +1.1513e+00 +8.6092e-01
3 +3.423807493e+03 +3.423807493e+03 +3.501117493e+03 +3.501117493e+03 -2.5299e+00 +8.5725e-01 -1.2696e+00 +5.4712e-01 -1.4180e+00 -3.3598e-02 +9.1950e-01 -2.4168e-01 +1.0293e+00 +8.0473e-01
7 +3.104402049e+03 +3.104402049e+03 +3.181712049e+03 +3.181712049e+03 -2.5980e+00 +9.8322e-01 -8.2335e-01 +8.1381e-01 -1.3559e+00 -7.2432e-02 +6.9017e-01 -1.7098e-01 +1.3911e+00 +7.1846e-01
14 +2.883181072e+03 +2.883181072e+03 +2.960491072e+03 +2.960491072e+03 -2.6803e+00 +9.2206e-01 -1.1090e+00 +6.4113e-01 -1.2159e+00 +2.8169e-01 +6.5484e-01 -2.8912e-01 +1.1233e+00 +9.2781e-01
24 +1.997444159e+03 +1.997444159e+03 +2.074754159e+03 +2.074754159e+03 -2.6887e+00 +8.4761e-01 -1.0029e+00 +8.2477e-01 -1.1116e+00 +2.5718e-02 +1.0109e+00 -1.4586e-01 +1.1935e+00 +8.0857e-01
53 +1.540992492e+03 +1.540992492e+03 +1.618302492e+03 +1.618302492e+03 -2.5384e+00 +7.7328e-01 -1.1261e+00 +5.9539e-01 -1.0903e+00 +2.9600e-01 +9.5485e-01 -4.9880e-02 +1.2666e+00 +9.3475e-01
56 +1.503200461e+03 +1.503200461e+03 +1.580510461e+03 +1.580510461e+03 -2.7174e+00 +7.1697e-01 -9.4187e-01 +1.0094e+00 -9.3593e-01 +1.4027e-01 +1.1048e+00 -1.1860e-01 +1.2419e+00 +6.5902e-01
57 +1.473537607e+03 +1.473537607e+03 +1.550847607e+03 +1.550847607e+03 -2.5336e+00 +8.0412e-01 -7.7522e-01 +7.8402e-01 -9.3710e-01 +4.6561e-02 +8.2994e-01 -4.6414e-02 +1.1857e+00 +8.8822e-01
76 +8.236227980e+02 +8.236227980e+02 +9.009327980e+02 +9.009327980e+02 -2.7313e+00 +9.1697e-01 -9.7564e-01 +7.8455e-01 -7.9477e-01 +3.4625e-01 +3.2442e-01 +1.9676e-01 +9.2070e-01 +9.7814e-01
88 +7.576972144e+02 +7.576972144e+02 +8.350072144e+02 +8.350072144e+02 -2.7043e+00 +7.4535e-01 -9.5985e-01 +8.2074e-01 -8.7994e-01 +1.8344e-01 +7.8446e-01 +1.9245e-01 +1.3376e+00 +7.9172e-01
90 +6.801033576e+02 +6.801033576e+02 +7.574133576e+02 +7.574133576e+02 -2.8985e+00 +1.0048e+00 -9.8593e-01 +1.0212e+00 -3.9653e-01 +3.4568e-01 +1.3282e+00 -8.6506e-02 +1.2300e+00 +9.1594e-01
94 +4.212583435e+02 +4.212583435e+02 +4.985683435e+02 +4.985683435e+02 -3.0431e+00 +1.0002e+00 -1.1773e+00 +9.2908e-01 -6.2836e-01 +2.8793e-01 +8.1632e-01 +2.6396e-01 +1.1478e+00 +8.1261e-01
108 +2.157116558e+02 +2.157116558e+02 +2.930216558e+02 +2.930216558e+02 -2.8046e+00 +1.0092e+00 -9.1132e-01 +1.1198e+00 -3.5537e-01 +7.1205e-01 +8.3916e-01 +4.8844e-01 +1.4559e+00 +6.0591e-01
109 +1.775560626e+02 +1.775560626e+02 +2.548660626e+02 +2.548660626e+02 -2.5832e+00 +6.6918e-01 -6.8080e-01 +8.1352e-01 -6.9068e-01 +2.6724e-01 +9.6130e-01 +4.3942e-01 +1.3392e+00 +9.9798e-01
114 +1.492699045e+01 +1.492699045e+01 +9.223699045e+01 +9.223699045e+01 -2.3193e+00 +8.4564e-01 -9.7463e-01 +9.5194e-01 -2.6842e-01 +1.8390e-01 +1.4290e+00 +4.5576e-01 +1.8676e+00 +6.9380e-01
118 +8.438259887e+00 +8.438259887e+00 +8.574825989e+01 +8.574825989e+01 -2.5956e+00 +9.1333e-01 -1.3489e+00 +1.3755e+00 -8.4650e-02 +2.0987e-01 +9.0980e-01 +1.8985e+00 +1.3719e+00 +9.9744e-01
134 +6.969477356e+00 +6.969477356e+00 +8.427947736e+01 +8.427947736e+01 -2.5772e+00 +1.1758e-01 -9.1197e-01 +3.2481e-01 -1.1460e-01 +8.7294e-01 +9.4162e-01 +8.8057e-01 +1.1638e+00 +1.1075e+00
162 +3.629028722e+00 +3.629028722e+00 +8.093902872e+01 +8.093902872e+01 -2.2751e+00 +7.4285e-01 -1.0849e+00 +5.6048e-01 +4.7521e-01 +5.7413e-01 +9.6541e-01 +8.5752e-01 +1.3511e+00 +1.5629e+00
222 +3.329750548e+00 +3.329750548e+00 +8.063975055e+01 +8.063975055e+01 -2.2391e+00 +3.1598e-01 -2.7606e-02 +9.6482e-01 +3.0656e-01 +1.6758e+00 +9.9139e-01 +1.6723e+00 +1.4972e+00 +1.3314e+00
282 +3.304847391e+00 +3.304847391e+00 +8.061484739e+01 +8.061484739e+01 -1.9289e+00 +7.9653e-01 -1.3192e+00 +1.1861e+00 +1.2252e+00 +1.1028e+00 +1.0958e+00 +2.4719e+00 +2.0854e+00 +1.7531e+00
395 +3.045147165e+00 +3.045147165e+00 +8.035514716e+01 +8.035514716e+01 -2.1751e+00 -2.8919e-01 -1.0386e+00 +7.7236e-01 +7.7772e-01 +4.9086e-01 +2.4974e+00 +1.3121e+00 +1.9985e+00 +1.4446e+00
466 +2.689164512e+00 +2.689164512e+00 +7.999916451e+01 +7.999916451e+01 -1.9120e+00 -3.2353e-01 -3.5458e-01 +1.3862e+00 +1.6624e+00 +1.5899e+00 +1.7983e+00 +1.7353e+00 +2.2342e+00 +1.9923e+00
1026 +2.555247165e+00 +2.555247165e+00 +7.986524717e+01 +7.986524717e+01 -2.2185e+00 -2.9063e-01 -3.7628e-01 +4.7782e-02 +1.7648e+00 +1.5744e+00 +5.5718e-01 +1.1098e+00 +1.0079e+00 +1.2055e+00
1163 +2.476726582e+00 +2.476726582e+00 +7.978672658e+01 +7.978672658e+01 -2.1910e+00 -1.5450e-01 -9.9388e-01 -6.2940e-02 +2.5555e+00 +1.4384e+00 +5.9839e-01 +1.8407e+00 +8.4725e-01 +1.7205e+00
1360 +2.417310364e+00 +2.417310364e+00 +7.972731036e+01 +7.972731036e+01 -2.1893e+00 +6.5928e-02 -9.8387e-01 -7.2119e-02 +2.5657e+00 +1.4126e+00 +5.7164e-01 +2.0822e+00 +1.1252e+00 +1.7945e+00
1397 +2.202164029e+00 +2.202164029e+00 +7.951216403e+01 +7.951216403e+01 -2.0191e+00 +1.3480e-01 -8.9211e-01 +6.7514e-02 +2.5879e+00 +1.3715e+00 +6.0621e-01 +2.0372e+00 +7.7716e-01 +1.5620e+00
1584 +2.174634689e+00 +2.174634689e+00 +7.948463469e+01 +7.948463469e+01 -2.1402e+00 -3.4173e-02 -8.7015e-01 -5.2195e-03 +2.6027e+00 +1.3560e+00 +6.3608e-01 +1.9855e+00 +8.8302e-01 +1.5562e+00
1606 +2.120555874e+00 +2.120555874e+00 +7.943055587e+01 +7.943055587e+01 -2.1743e+00 -1.0691e-01 -8.4316e-01 -2.1819e-02 +2.6266e+00 +1.3213e+00 +6.3783e-01 +2.0220e+00 +8.3423e-01 +1.5160e+00
1650 +2.089136712e+00 +2.089136712e+00 +7.939913671e+01 +7.939913671e+01 -2.1902e+00 -4.8036e-02 -8.4583e-01 -2.1096e-02 +2.6747e+00 +1.3493e+00 +6.3959e-01 +2.0395e+00 +8.0146e-01 +1.5395e+00
1685 +2.034339867e+00 +2.034339867e+00 +7.934433987e+01 +7.934433987e+01 -2.1887e+00 -5.8380e-02 -8.9868e-01 -4.3659e-02 +2.6382e+00 +1.4380e+00 +6.0178e-01 +2.0681e+00 +8.1191e-01 +1.5380e+00
1716 +1.950338212e+00 +1.950338212e+00 +7.926033821e+01 +7.926033821e+01 -2.1657e+00 -1.2352e-01 -8.6769e-01 +4.1891e-03 +2.6193e+00 +1.3880e+00 +6.0050e-01 +2.0283e+00 +8.4189e-01 +1.5653e+00
1738 +1.947087110e+00 +1.947087110e+00 +7.925708711e+01 +7.925708711e+01 -2.1415e+00 -9.4745e-02 -8.7651e-01 -2.8467e-03 +2.5948e+00 +1.4284e+00 +5.9114e-01 +2.0447e+00 +8.1305e-01 +1.5698e+00
2024 +1.899450074e+00 +1.899450074e+00 +7.920945007e+01 +7.920945007e+01 -2.1304e+00 -1.0991e-01 -8.5888e-01 -5.3430e-02 +2.6466e+00 +1.3851e+00 +6.1806e-01 +2.0180e+00 +8.2842e-01 +1.5662e+00
% function evaluation | noise-free fitness - Fopt (3.207700000000e+02) | best noise-free fitness - Fopt | measured fitness | best measured fitness | x1 | x2...
1 +1.033747614e+04 +1.033747614e+04 +1.065824614e+04 +1.065824614e+04 +0.0000e+00 +0.0000e+00 +0.0000e+00 +0.0000e+00 +0.0000e+00 +0.0000e+00 +0.0000e+00 +0.0000e+00 +0.0000e+00 +0.0000e+00
166 +9.968252111e+03 +9.968252111e+03 +1.028902211e+04 +1.028902211e+04 +5.3891e+00 -2.8500e-01 -2.2317e+00 +9.9080e-01 -1.5084e+00 -2.6815e-01 -3.0730e+00 +7.8002e-01 -2.4910e+00 -4.9783e-01
198 +9.629537745e+03 +9.629537745e+03 +9.950307745e+03 +9.950307745e+03 +5.3155e+00 -5.2682e-01 -2.6336e+00 +1.2066e+00 -8.4246e-01 -6.3950e-01 -3.6932e+00 -3.6482e-02 -2.9188e+00 -6.2019e-01
208 +8.403676201e+03 +8.403676201e+03 +8.724446201e+03 +8.724446201e+03 +4.8151e+00 -8.7668e-01 -2.5117e+00 +3.3081e-01 -1.3159e+00 -6.9255e-01 -3.8099e+00 -1.0979e+00 -2.9093e+00 -1.3603e+00
217 +7.465033289e+03 +7.465033289e+03 +7.785803289e+03 +7.785803289e+03 +4.9927e+00 -8.7267e-01 -2.1906e+00 +5.3667e-01 -6.7913e-01 -3.7770e-01 -3.5987e+00 +1.0396e+00 -3.1086e+00 -2.1320e+00
230 +4.877956791e+03 +4.877956791e+03 +5.198726791e+03 +5.198726791e+03 +4.1239e+00 -4.6332e-01 -2.1174e+00 -2.5664e-01 -5.4031e-03 +1.9606e-01 -3.7297e+00 -3.5506e-02 -1.9086e+00 -9.8695e-02
242 +4.277223902e+03 +4.277223902e+03 +4.597993902e+03 +4.597993902e+03 +4.3774e+00 -4.7340e-01 -2.6002e+00 -7.1952e-03 -8.5474e-01 -4.6152e-01 -3.2559e+00 +2.6136e-01 -2.4827e+00 -1.3535e+00
247 +2.547772778e+03 +2.547772778e+03 +2.868542778e+03 +2.868542778e+03 +4.6450e+00 -5.8225e-01 -1.4022e+00 -1.2468e+00 -7.9762e-01 -1.7925e+00 -2.7237e+00 +2.5804e-01 -2.2844e+00 -1.3297e+00
264 +2.037450460e+03 +2.037450460e+03 +2.358220460e+03 +2.358220460e+03 +3.5912e+00 -8.4919e-01 -2.0741e+00 -4.3952e-01 -5.4852e-01 -8.3418e-01 -3.2850e+00 +2.5934e-02 -2.5785e+00 -2.1805e+00
273 +1.868217815e+03 +1.868217815e+03 +2.188987815e+03 +2.188987815e+03 +3.5190e+00 -3.5575e-01 -4.8424e-01 +2.9851e-01 -3.6302e-01 -8.8639e-01 -3.4431e+00 -4.3702e-01 -1.6303e+00 -1.3181e+00
286 +1.067612369e+03 +1.067612369e+03 +1.388382369e+03 +1.388382369e+03 +3.1976e+00 -9.2738e-01 -1.7624e+00 -1.3631e-01 -1.4267e-01 -9.0706e-01 -2.9991e+00 +3.6286e-01 -1.9718e+00 -1.5533e+00
325 +6.660557796e+01 +6.660557796e+01 +3.873755780e+02 +3.873755780e+02 +2.8002e+00 -1.2706e+00 -5.5489e-01 +3.3146e-02 +1.5587e+00 -1.6640e+00 -2.5172e+00 -7.2626e-01 -2.2952e+00 -1.5092e+00
395 +5.410248544e+01 +5.410248544e+01 +3.748724854e+02 +3.748724854e+02 +2.6006e+00 -2.6361e+00 -6.8033e-01 -4.1243e-01 +1.0320e-01 -5.0993e-01 -2.8429e+00 -1.3014e+00 -1.2428e+00 -1.5551e+00
396 +3.747355428e+00 +3.747355428e+00 +3.245173554e+02 +3.245173554e+02 +2.4160e+00 -2.3034e+00 -9.9556e-01 -4.7725e-01 +3.0468e-01 -1.0440e+00 -2.5430e+00 -9.6305e-01 -1.8372e+00 -1.2673e+00
535 +3.460838722e+00 +3.460838722e+00 +3.242308387e+02 +3.242308387e+02 +5.7794e-01 -1.5644e+00 -6.7774e-01 -2.0470e+00 +3.3512e-01 -6.9851e-01 -2.3056e+00 -1.6404e+00 -5.9981e-01 -1.8232e+00
576 +3.367154206e+00 +3.367154206e+00 +3.241371542e+02 +3.241371542e+02 +1.4118e+00 -2.1149e+00 -8.3139e-01 -1.3859e+00 +1.0008e+00 -1.2919e+00 -1.8399e+00 -1.8655e+00 -8.6552e-01 -1.7945e+00
586 +3.265834507e+00 +3.265834507e+00 +3.240358345e+02 +3.240358345e+02 -1.0401e+00 -1.8351e+00 -3.2705e-01 -1.2150e+00 +9.5882e-02 -1.6534e+00 -2.2041e+00 -1.0127e+00 -2.3515e+00 -6.1575e-01
729 +3.021126743e+00 +3.021126743e+00 +3.237911267e+02 +3.237911267e+02 +4.4772e-01 -2.8815e+00 +1.0244e+00 -7.6909e-01 +2.5693e+00 -4.7497e-01 -1.2532e+00 -1.2262e+00 -1.0830e+00 -8.9831e-01
809 +2.878875807e+00 +2.878875807e+00 +3.236488758e+02 +3.236488758e+02 -2.3621e-01 -2.4535e+00 +9.9362e-01 -1.4375e+00 +8.8444e-01 -5.3758e-01 -8.1709e-01 -1.0779e+00 -1.1061e+00 -1.2045e+00
1478 +2.632152407e+00 +2.632152407e+00 +3.234021524e+02 +3.234021524e+02 +2.4109e-01 +6.0511e-01 +6.6611e-01 -1.7768e+00 +2.1442e+00 -1.8018e-01 -2.1090e+00 -1.3582e+00 -1.5028e+00 -1.0504e+00
2357 +2.542409137e+00 +2.542409137e+00 +3.233124091e+02 +3.233124091e+02 -9.3871e-01 +6.7325e-01 +7.2761e-02 -2.0230e+00 +1.0952e+00 -2.4834e+00 -1.6019e+00 -7.6053e-01 -2.0594e+00 -9.8208e-01
2872 +2.506064216e+00 +2.506064216e+00 +3.232760642e+02 +3.232760642e+02 -8.6644e-01 +8.4328e-01 +1.5000e+00 -1.6534e+00 -1.6707e-02 -1.2153e+00 -1.5768e+00 -1.7443e+00 -2.2150e+00 -2.0559e+00
2882 +2.353090480e+00 +2.353090480e+00 +3.231230905e+02 +3.231230905e+02 -9.7855e-01 +7.7348e-01 +1.3860e+00 -2.1084e+00 -4.8222e-02 -1.1865e+00 -1.2773e+00 -1.5720e+00 -2.2902e+00 -2.0300e+00
3159 +2.283909545e+00 +2.283909545e+00 +3.230539095e+02 +3.230539095e+02 -2.1780e+00 +1.1347e+00 +2.0845e+00 -2.3334e+00 -4.8854e-02 -1.7004e+00 -1.6713e+00 -1.4580e+00 -2.2699e+00 -1.2031e+00
3278 +2.161795549e+00 +2.161795549e+00 +3.229317955e+02 +3.229317955e+02 -1.8314e+00 +9.6513e-01 +2.0302e+00 -2.0835e+00 -2.7064e-02 -2.0183e+00 -1.6515e+00 -1.3407e+00 -2.2757e+00 -1.3828e+00
3322 +2.137654033e+00 +2.137654033e+00 +3.229076540e+02 +3.229076540e+02 -2.0469e+00 +9.4015e-01 +2.0174e+00 -2.1590e+00 +7.5502e-03 -1.9504e+00 -1.6221e+00 -1.3742e+00 -2.2512e+00 -1.3578e+00
3344 +1.947735873e+00 +1.947735873e+00 +3.227177359e+02 +3.227177359e+02 -2.0146e+00 +9.8758e-01 +2.0668e+00 -2.1961e+00 -6.3294e-02 -2.0348e+00 -1.6124e+00 -1.3173e+00 -2.2594e+00 -1.3798e+00
3388 +1.877872846e+00 +1.877872846e+00 +3.226478728e+02 +3.226478728e+02 -1.9538e+00 +9.4483e-01 +1.9997e+00 -2.1895e+00 -6.2668e-02 -2.0275e+00 -1.6242e+00 -1.3379e+00 -2.2728e+00 -1.1892e+00
3454 +1.842032863e+00 +1.842032863e+00 +3.226120329e+02 +3.226120329e+02 -2.1291e+00 +9.8104e-01 +2.1167e+00 -2.1579e+00 -3.9363e-02 -2.0905e+00 -1.5923e+00 -1.3602e+00 -2.3097e+00 -1.2163e+00
3502 +1.776328196e+00 +1.776328196e+00 +3.225463282e+02 +3.225463282e+02 -2.0883e+00 +1.0287e+00 +2.0681e+00 -2.1242e+00 -9.7668e-02 -2.0906e+00 -1.6250e+00 -1.4433e+00 -2.2714e+00 -1.3896e+00
3734 +1.737335722e+00 +1.737335722e+00 +3.225073357e+02 +3.225073357e+02 -2.1396e+00 +9.7048e-01 +1.9999e+00 -2.0801e+00 -5.0335e-02 -2.0611e+00 -1.6015e+00 -1.4853e+00 -2.2541e+00 -1.1715e+00
3850 +1.684033739e+00 +1.684033739e+00 +3.224540337e+02 +3.224540337e+02 -2.0837e+00 +9.4973e-01 +2.0532e+00 -2.1086e+00 -3.6788e-02 -2.0417e+00 -1.6397e+00 -1.5008e+00 -2.2690e+00 -1.2019e+00
3941 +1.656280353e+00 +1.656280353e+00 +3.224262804e+02 +3.224262804e+02 -2.0681e+00 +9.6210e-01 +2.0153e+00 -2.1051e+00 -2.5911e-02 -2.0664e+00 -1.6208e+00 -1.4964e+00 -2.2713e+00 -1.1967e+00
4004 +1.620213683e+00 +1.620213683e+00 +3.223902137e+02 +3.223902137e+02 -2.0784e+00 +9.8280e-01 +2.0231e+00 -2.1070e+00 -2.7327e-02 -2.0682e+00 -1.6207e+00 -1.5034e+00 -2.2536e+00 -1.2051e+00
4158 +1.568872557e+00 +1.568872557e+00 +3.223388726e+02 +3.223388726e+02 -2.0823e+00 +1.0697e+00 +2.0319e+00 -2.1029e+00 -3.8480e-02 -2.0673e+00 -1.6151e+00 -1.4992e+00 -2.2697e+00 -1.2004e+00
4312 +1.547082645e+00 +1.547082645e+00 +3.223170826e+02 +3.223170826e+02 -2.1131e+00 +1.0901e+00 +2.0525e+00 -2.1080e+00 -5.6222e-02 -2.0764e+00 -1.6113e+00 -1.5027e+00 -2.2632e+00 -1.2052e+00
% function evaluation | noise-free fitness - Fopt (1.893000000000e+01) | best noise-free fitness - Fopt | measured fitness | best measured fitness | x1 | x2...
1 +1.033747614e+04 +1.033747614e+04 +1.035640614e+04 +1.035640614e+04 +0.0000e+00 +0.0000e+00 +0.0000e+00 +0.0000e+00 +0.0000e+00 +0.0000e+00 +0.0000e+00 +0.0000e+00 +0.0000e+00 +0.0000e+00
229 +8.465068788e+03 +8.465068788e+03 +8.483998788e+03 +8.483998788e+03 +3.1623e+00 -1.5083e+00 +7.9613e-02 -2.6320e-01 -9.7336e-01 -1.8005e+00 -1.7103e+00 +2.7519e+00 -1.7899e+00 +6.9933e-01
235 +7.583733117e+03 +7.583733117e+03 +7.602663117e+03 +7.602663117e+03 +3.4960e+00 -1.5017e+00 +5.1450e-01 +5.0048e-01 -1.0217e+00 -1.5892e+00 -2.4969e+00 +2.0779e+00 -1.8692e+00 +1.3979e+00
247 +2.695137842e+03 +2.695137842e+03 +2.714067842e+03 +2.714067842e+03 +3.5592e+00 -2.9701e+00 +2.7253e-01 +6.2957e-02 -6.8657e-01 -2.3216e-01 -2.6450e+00 +2.7601e+00 -1.3846e+00 +8.3635e-01
272 +5.649822479e+02 +5.649822479e+02 +5.839122479e+02 +5.839122479e+02 +3.4409e+00 -2.3762e+00 +6.0113e-01 +6.9701e-02 +1.2105e+00 -1.1516e-01 -1.9732e+00 +1.4405e+00 -2.2615e+00 +2.3982e+00
286 +4.864086084e+02 +4.864086084e+02 +5.053386084e+02 +5.053386084e+02 +3.4844e+00 -2.0671e+00 -1.3926e-02 +2.6470e-01 +2.0906e+00 -5.6283e-01 -2.3281e+00 +2.2782e+00 -1.5243e+00 +1.0989e+00
314 +3.963425015e+02 +3.963425015e+02 +4.152725015e+02 +4.152725015e+02 +2.8698e+00 -1.6167e+00 -1.4435e+00 -1.8895e-01 -1.0009e-01 +1.2193e+00 -2.9356e+00 +1.6180e+00 -1.2779e+00 +9.6656e-01
343 +1.701958230e+02 +1.701958230e+02 +1.891258230e+02 +1.891258230e+02 +3.0146e+00 -1.5649e+00 +3.6900e-01 -1.0295e+00 +2.8411e+00 +1.2629e-02 -2.2551e+00 +1.4614e+00 -1.4362e+00 +1.7830e+00
382 +1.008649021e+02 +1.008649021e+02 +1.197949021e+02 +1.197949021e+02 +2.9848e+00 -1.5294e+00 +4.3747e-01 +4.3791e-01 +7.0360e-01 +3.8548e-01 -1.4118e+00 +3.7304e-01 -1.2660e+00 +2.1392e+00
396 +9.344810536e+01 +9.344810536e+01 +1.123781054e+02 +1.123781054e+02 +2.9734e+00 -2.1743e+00 +4.2764e-02 +1.4429e-03 +1.3032e+00 +3.9717e-01 -1.9989e+00 +6.1079e-01 -1.3300e+00 +1.4284e+00
418 +9.286107310e+00 +9.286107310e+00 +2.821610731e+01 +2.821610731e+01 +2.6036e+00 -1.7786e+00 +1.7146e-01 +2.4436e-01 +1.3400e+00 +6.1687e-02 -1.8785e+00 +7.1226e-01 -1.6504e+00 +1.3529e+00
437 +3.645689721e+00 +3.645689721e+00 +2.257568972e+01 +2.257568972e+01 +1.9928e+00 -6.0098e-01 +1.6139e-02 -2.3441e-01 +2.3903e+00 +2.8974e-01 -1.9634e+00 +3.0015e-01 -1.6074e+00 +1.9659e+00
462 +3.378371593e+00 +3.378371593e+00 +2.230837159e+01 +2.230837159e+01 +2.2475e+00 -1.7512e+00 -1.2451e-01 -4.6682e-02 +1.5380e+00 +1.1388e+00 -1.7564e+00 +1.1150e+00 -1.6781e+00 +1.6122e+00
570 +3.085830193e+00 +3.085830193e+00 +2.201583019e+01 +2.201583019e+01 +8.8202e-01 -1.2741e+00 -6.4863e-01 -1.3152e+00 +3.0517e-02 +6.1128e-01 -1.4615e+00 +3.9309e-01 -2.1999e+00 +2.0858e+00
927 +2.973301630e+00 +2.973301630e+00 +2.190330163e+01 +2.190330163e+01 +1.0980e+00 -1.5499e+00 -8.2892e-01 -1.2962e+00 +1.2425e+00 +3.7155e-01 -1.5139e+00 +7.1819e-01 -2.1225e+00 +2.0513e+00
952 +2.765929570e+00 +2.765929570e+00 +2.169592957e+01 +2.169592957e+01 +7.0805e-01 -1.4844e+00 -1.1169e+00 -1.1757e+00 +1.7337e-01 +7.0662e-01 -1.2446e+00 +8.3556e-01 -2.4913e+00 +1.6730e+00
1259 +2.740073954e+00 +2.740073954e+00 +2.167007395e+01 +2.167007395e+01 +1.8817e-01 -1.4204e+00 -1.2393e+00 -2.2107e+00 +4.8756e-01 +1.1603e+00 -6.8410e-01 +1.0700e+00 -2.3785e+00 +9.0497e-01
1498 +2.481016418e+00 +2.481016418e+00 +2.141101642e+01 +2.141101642e+01 -5.0481e-01 -2.4835e+00 -1.1169e+00 -1.2308e+00 +1.9861e-01 +6.4705e-01 -1.2351e+00 +1.1777e+00 -2.3124e+00 +9.1271e-01
1728 +2.273762591e+00 +2.273762591e+00 +2.120376259e+01 +2.120376259e+01 -5.9100e-01 -1.7854e+00 -1.3167e+00 -1.5021e+00 +8.9079e-01 +5.1280e-01 -8.6957e-01 +9.8738e-01 -2.4110e+00 +1.2009e+00
1936 +1.990893585e+00 +1.990893585e+00 +2.092089359e+01 +2.092089359e+01 -5.8528e-01 -1.8179e+00 -1.2981e+00 -1.5714e+00 +9.7011e-01 +4.6707e-01 -8.9198e-01 +9.0407e-01 -2.4291e+00 +8.9392e-01
2134 +1.841134654e+00 +1.841134654e+00 +2.077113465e+01 +2.077113465e+01 -5.9519e-01 -1.8698e+00 -1.3203e+00 -1.6182e+00 +6.2248e-01 +5.6227e-01 -8.0508e-01 +9.1337e-01 -2.4026e+00 +9.0047e-01
2200 +1.818875723e+00 +1.818875723e+00 +2.074887572e+01 +2.074887572e+01 -6.6099e-01 -1.8524e+00 -1.3189e+00 -1.6036e+00 +5.9789e-01 +5.3301e-01 -8.1801e-01 +9.2215e-01 -2.4240e+00 +8.8480e-01
2288 +1.771444163e+00 +1.771444163e+00 +2.070144416e+01 +2.070144416e+01 -6.2859e-01 -1.8504e+00 -1.3387e+00 -1.5732e+00 +5.7050e-01 +5.5877e-01 -8.2661e-01 +9.3299e-01 -2.4147e+00 +8.9199e-01
2332 +1.736329209e+00 +1.736329209e+00 +2.066632921e+01 +2.066632921e+01 -6.2746e-01 -1.8561e+00 -1.3385e+00 -1.5753e+00 +5.9880e-01 +5.8600e-01 -7.9195e-01 +9.6224e-01 -2.3944e+00 +8.8442e-01
