% function evaluation | noise-free fitness - Fopt (7.627000000000e+01) | best noise-free fitness - Fopt | measured fitness | best measured fitness | x1 | x2...
1 +1.019131247e+07 +1.019131247e+07 +1.019138874e+07 +1.019138874e+07 +0.0000e+00 +0.0000e+00
69 +9.174265760e+06 +9.174265760e+06 +9.174342030e+06 +9.174342030e+06 +2.3878e+00 -9.4938e-01
73 +8.532920084e+06 +8.532920084e+06 +8.532996354e+06 +8.532996354e+06 +2.3757e+00 -1.1015e+00
75 +6.077102105e+06 +6.077102105e+06 +6.077178375e+06 +6.077178375e+06 +3.0942e+00 -1.9887e+00
76 +3.478889713e+05 +3.478889713e+05 +3.479652413e+05 +3.479652413e+05 +2.3888e+00 -4.8720e+00
110 +1.201649187e+05 +1.201649187e+05 +1.202411887e+05 +1.202411887e+05 +4.1417e+00 -4.3951e+00
122 +1.518361642e+04 +1.518361642e+04 +1.525988642e+04 +1.525988642e+04 +8.1462e+00 -5.8935e+00
143 +3.237750387e+03 +3.237750387e+03 +3.314020387e+03 +3.314020387e+03 +5.2158e+00 -5.1581e+00
198 +2.391292488e+03 +2.391292488e+03 +2.467562488e+03 +2.467562488e+03 +4.0645e+00 -4.6847e+00
270 +1.509326679e+03 +1.509326679e+03 +1.585596679e+03 +1.585596679e+03 +4.4566e-01 -3.6263e+00
272 +4.028143489e+02 +4.028143489e+02 +4.790843489e+02 +4.790843489e+02 +7.1646e-01 -3.6948e+00
396 +5.508605007e+01 +5.508605007e+01 +1.313560501e+02 +1.313560501e+02 -4.9770e-01 -3.2982e+00
398 +1.009443024e+01 +1.009443024e+01 +8.636443024e+01 +8.636443024e+01 -2.9691e+00 -2.5107e+00
% function evaluation | noise-free fitness - Fopt (-2.255000000000e+01) | best noise-free fitness - Fopt | measured fitness | best measured fitness | x1 | x2...
1 +1.001445220e+07 +1.001445220e+07 +1.001442965e+07 +1.001442965e+07 +0.0000e+00 +0.0000e+00
2 +6.049920027e+05 +6.049920027e+05 +6.049694527e+05 +6.049694527e+05 +2.4363e+00 +2.9478e-01
24 +4.792523145e+05 +4.792523145e+05 +4.792297645e+05 +4.792297645e+05 +2.5921e+00 +4.4854e-01
36 +5.992023163e+04 +5.992023163e+04 +5.989768163e+04 +5.989768163e+04 +3.1617e+00 +5.6810e-02
65 +4.509067016e+04 +4.509067016e+04 +4.506812016e+04 +4.506812016e+04 +2.9048e+00 +9.2049e-01
73 +4.422866534e+04 +4.422866534e+04 +4.420611534e+04 +4.420611534e+04 +3.3533e+00 -3.9657e-01
74 +6.525457189e+02 +6.525457189e+02 +6.299957189e+02 +6.299957189e+02 +3.5720e+00 -4.6583e-01
88 +2.583686559e+02 +2.583686559e+02 +2.358186559e+02 +2.358186559e+02 +3.4380e+00 -4.6768e-02
115 +3.505840181e+01 +3.505840181e+01 +1.250840181e+01 +1.250840181e+01 +3.6313e+00 -5.8101e-01
132 +1.118556040e+01 +1.118556040e+01 -1.136443960e+01 -1.136443960e+01 +3.5750e+00 -4.0431e-01
556 +1.078353828e+01 +1.078353828e+01 -1.176646172e+01 -1.176646172e+01 +3.6259e+00 -5.4962e-01
567 +1.066504984e+01 +1.066504984e+01 -1.188495016e+01 -1.188495016e+01 +3.6232e+00 -5.4197e-01
13895 +1.047019538e+01 +1.047019538e+01 -1.207980462e+01 -1.207980462e+01 +3.6173e+00 -5.2530e-01
22554 +1.023234959e+01 +1.023234959e+01 -1.231765041e+01 -1.231765041e+01 +3.6067e+00 -4.9398e-01
30506 +9.997948623e+00 +9.997948623e+00 -1.255205138e+01 -1.255205138e+01 +3.5961e+00 -4.6267e-01
39314 +9.771993277e+00 +9.771993277e+00 -1.277800672e+01 -1.277800672e+01 +3.5857e+00 -4.3210e-01
% function evaluation | noise-free fitness - Fopt (1.366000000000e+01) | best noise-free fitness - Fopt | measured fitness | best measured fitness | x1 | x2...
1 +5.237814535e+05 +5.237814535e+05 +5.237951135e+05 +5.237951135e+05 +0.0000e+00 +0.0000e+00
81 +2.978233453e+05 +2.978233453e+05 +2.978370053e+05 +2.978370053e+05 +1.2969e+00 +4.7863e+00
82 +2.611180845e+05 +2.611180845e+05 +2.611317445e+05 +2.611317445e+05 +9.4016e-01 +4.0925e+00
100 +1.337428631e+05 +1.337428631e+05 +1.337565231e+05 +1.337565231e+05 +8.9230e-01 +2.2631e+00
136 +4.866506264e+03 +4.866506264e+03 +4.880166264e+03 +4.880166264e+03 +1.3779e+00 +3.9532e+00
154 +1.127308690e+03 +1.127308690e+03 +1.140968690e+03 +1.140968690e+03 +1.7578e+00 +4.3645e+00
277 +4.123325214e+02 +4.123325214e+02 +4.259925214e+02 +4.259925214e+02 +2.1495e+00 +5.1255e+00
363 +1.000690197e+02 +1.000690197e+02 +1.137290197e+02 +1.137290197e+02 +1.5801e+00 +4.1215e+00
399 +1.005235738e+01 +1.005235738e+01 +2.371235738e+01 +2.371235738e+01 +1.7588e+00 +4.4338e+00
542 +8.350631467e+00 +8.350631467e+00 +2.201063147e+01 +2.201063147e+01 +1.8697e+00 +4.6226e+00
704 +7.698464411e+00 +7.698464411e+00 +2.135846441e+01 +2.135846441e+01 +1.8028e+00 +4.5095e+00
1007 +7.525536788e+00 +7.525536788e+00 +2.118553679e+01 +2.118553679e+01 +1.7947e+00 +4.4971e+00
% function evaluation | noise-free fitness - Fopt (9.378400000000e+02) | best noise-free fitness - Fopt | measured fitness | best measured fitness | x1 | x2...
1 +4.596821521e+06 +4.596821521e+06 +4.597759361e+06 +4.597759361e+06 +0.0000e+00 +0.0000e+00
2 +3.025852701e+06 +3.025852701e+06 +3.026790541e+06 +3.026790541e+06 -2.7510e+00 +3.1478e+00
4 +2.362081548e+06 +2.362081548e+06 +2.363019388e+06 +2.363019388e+06 -2.5706e+00 +3.1128e+00
12 +2.316679076e+06 +2.316679076e+06 +2.317616916e+06 +2.317616916e+06 -2.5482e+00 +3.1156e+00
25 +2.030127744e+06 +2.030127744e+06 +2.031065584e+06 +2.031065584e+06 -2.3508e+00 +3.0348e+00
32 +1.955961168e+06 +1.955961168e+06 +1.956899008e+06 +1.956899008e+06 -2.2791e+00 +2.9213e+00
38 +1.921924953e+06 +1.921924953e+06 +1.922862793e+06 +1.922862793e+06 -1.9748e+00 +3.3425e+00
49 +1.618148381e+05 +1.618148381e+05 +1.627526781e+05 +1.627526781e+05 -1.1154e+00 +3.0849e+00
60 +1.426424626e+05 +1.426424626e+05 +1.435803026e+05 +1.435803026e+05 -9.8807e-01 +3.2305e+00
68 +1.619537263e+04 +1.619537263e+04 +1.713321263e+04 +1.713321263e+04 -7.1931e-01 +2.6822e+00
77 +1.276357100e+04 +1.276357100e+04 +1.370141100e+04 +1.370141100e+04 -4.7547e-01 +3.4941e+00
88 +2.323051759e+03 +2.323051759e+03 +3.260891759e+03 +3.260891759e+03 -4.7147e-01 +3.2177e+00
119 +1.924317998e+02 +1.924317998e+02 +1.130271800e+03 +1.130271800e+03 -2.6667e-01 +3.6515e+00
200 +3.181479032e+01 +3.181479032e+01 +9.696547903e+02 +9.696547903e+02 -8.9047e-01 +2.6532e+00
267 +1.739988107e+01 +1.739988107e+01 +9.552398811e+02 +9.552398811e+02 -6.1685e-01 +3.0811e+00
294 +1.748113494e+00 +1.748113494e+00 +9.395881135e+02 +9.395881135e+02 -7.5875e-01 +2.8480e+00
394 +6.952313519e-01 +6.952313519e-01 +9.385352314e+02 +9.385352314e+02 -7.3188e-01 +2.8918e+00
650 +5.918862826e-01 +5.918862826e-01 +9.384318863e+02 +9.384318863e+02 -7.3553e-01 +2.8865e+00
717 +5.791201898e-01 +5.791201898e-01 +9.384191202e+02 +9.384191202e+02 -7.3482e-01 +2.8877e+00
1055 +5.586695254e-01 +5.586695254e-01 +9.383986695e+02 +9.383986695e+02 -7.2692e-01 +2.9001e+00
26544 +5.492831076e-01 +5.492831076e-01 +9.383892831e+02 +9.383892831e+02 -7.2562e-01 +2.9023e+00
% function evaluation | noise-free fitness - Fopt (-7.872000000000e+01) | best noise-free fitness - Fopt | measured fitness | best measured fitness | x1 | x2...
1 +9.358657819e+06 +9.358657819e+06 +9.358579099e+06 +9.358579099e+06 +0.0000e+00 +0.0000e+00
2 +4.362420106e+05 +4.362420106e+05 +4.361632906e+05 +4.361632906e+05 +3.3167e+00 -7.4142e-01
3 +3.381664214e+05 +3.381664214e+05 +3.380877014e+05 +3.380877014e+05 +3.6856e+00 -5.5362e-01
6 +2.763948886e+05 +2.763948886e+05 +2.763161686e+05 +2.763161686e+05 +3.5565e+00 -6.8697e-01
7 +2.082730606e+05 +2.082730606e+05 +2.081943406e+05 +2.081943406e+05 +3.7031e+00 -6.3506e-01
24 +1.364403021e+05 +1.364403021e+05 +1.363615821e+05 +1.363615821e+05 +4.1113e+00 -4.4937e-01
33 +1.300006192e+05 +1.300006192e+05 +1.299218992e+05 +1.299218992e+05 +3.6529e+00 -7.9539e-01
35 +1.778203273e+04 +1.778203273e+04 +1.770331273e+04 +1.770331273e+04 +3.9468e+00 -8.6810e-01
53 +5.584780122e+03 +5.584780122e+03 +5.506060122e+03 +5.506060122e+03 +4.6168e+00 -6.6187e-01
64 +8.709998037e+02 +8.709998037e+02 +7.922798037e+02 +7.922798037e+02 +4.5136e+00 -5.9965e-01
84 +8.468417476e+02 +8.468417476e+02 +7.681217476e+02 +7.681217476e+02 +4.1742e+00 -8.4306e-01
110 +1.383613456e+01 +1.383613456e+01 -6.488386544e+01 -6.488386544e+01 +4.5353e+00 -6.1489e-01
198 +4.239505857e+00 +4.239505857e+00 -7.448049414e+01 -7.448049414e+01 +4.5578e+00 -6.0499e-01
267 +2.499451382e+00 +2.499451382e+00 -7.622054862e+01 -7.622054862e+01 +4.5391e+00 -6.1562e-01
630 +2.033663902e+00 +2.033663902e+00 -7.668633610e+01 -7.668633610e+01 +4.4737e+00 -6.6359e-01
682 +1.979258885e+00 +1.979258885e+00 -7.674074112e+01 -7.674074112e+01 +4.5101e+00 -6.3716e-01
858 +1.939118435e+00 +1.939118435e+00 -7.678088156e+01 -7.678088156e+01 +4.4713e+00 -6.6484e-01
% function evaluation | noise-free fitness - Fopt (-6.949000000000e+01) | best noise-free fitness - Fopt | measured fitness | best measured fitness | x1 | x2...
1 +1.474815317e+06 +1.474815317e+06 +1.474745827e+06 +1.474745827e+06 +0.0000e+00 +0.0000e+00
2 +3.626426572e+05 +3.626426572e+05 +3.625731672e+05 +3.625731672e+05 +1.5635e+00 +1.7257e+00
11 +3.051387146e+05 +3.051387146e+05 +3.050692246e+05 +3.050692246e+05 +1.4931e+00 +1.6593e+00
16 +2.829824654e+05 +2.829824654e+05 +2.829129754e+05 +2.829129754e+05 +1.5447e+00 +1.6273e+00
26 +2.776772544e+05 +2.776772544e+05 +2.776077644e+05 +2.776077644e+05 +1.4138e+00 +1.6238e+00
27 +2.717851334e+05 +2.717851334e+05 +2.717156434e+05 +2.717156434e+05 +1.3877e+00 +1.6161e+00
30 +1.706617764e+05 +1.706617764e+05 +1.705922864e+05 +1.705922864e+05 +1.5490e+00 +1.4720e+00
41 +1.374044431e+05 +1.374044431e+05 +1.373349531e+05 +1.373349531e+05 +1.6265e+00 +1.4287e+00
48 +5.350858748e+03 +5.350858748e+03 +5.281368748e+03 +5.281368748e+03 +1.8290e+00 +1.1436e+00
53 +4.496629049e+03 +4.496629049e+03 +4.427139049e+03 +4.427139049e+03 +1.1557e+00 +1.0104e+00
57 +5.800844152e+02 +5.800844152e+02 +5.105944152e+02 +5.105944152e+02 +1.5544e+00 +1.0957e+00
66 +6.330076090e+01 +6.330076090e+01 -6.189239097e+00 -6.189239097e+00 +1.5391e+00 +1.0805e+00
176 +9.943390745e-01 +9.943390745e-01 -6.849566093e+01 -6.849566093e+01 +1.4449e+00 +1.0753e+00
286 +8.296906653e-01 +8.296906653e-01 -6.866030933e+01 -6.866030933e+01 +1.4787e+00 +1.0739e+00
762 +8.032888045e-01 +8.032888045e-01 -6.868671120e+01 -6.868671120e+01 +1.4637e+00 +1.0744e+00
792 +7.708126415e-01 +7.708126415e-01 -6.871918736e+01 -6.871918736e+01 +1.4586e+00 +1.0744e+00
861 +7.233488476e-01 +7.233488476e-01 -6.876665115e+01 -6.876665115e+01 +1.4367e+00 +1.0750e+00
882 +6.967308071e-01 +6.967308071e-01 -6.879326919e+01 -6.879326919e+01 +1.4234e+00 +1.0756e+00
922 +6.826330803e-01 +6.826330803e-01 -6.880736692e+01 -6.880736692e+01 +1.4191e+00 +1.0757e+00
1143 +6.755683012e-01 +6.755683012e-01 -6.881443170e+01 -6.881443170e+01 +1.4146e+00 +1.0757e+00
1206 +6.599243393e-01 +6.599243393e-01 -6.883007566e+01 -6.883007566e+01 +1.4084e+00 +1.0760e+00
1234 +6.292619852e-01 +6.292619852e-01 -6.886073801e+01 -6.886073801e+01 +1.3891e+00 +1.0765e+00
1297 +6.111019413e-01 +6.111019413e-01 -6.887889806e+01 -6.887889806e+01 +1.3827e+00 +1.0767e+00
1369 +6.021084990e-01 +6.021084990e-01 -6.888789150e+01 -6.888789150e+01 +1.3745e+00 +1.0771e+00
1619 +5.850812689e-01 +5.850812689e-01 -6.890491873e+01 -6.890491873e+01 +1.3675e+00 +1.0772e+00
1636 +5.740472259e-01 +5.740472259e-01 -6.891595277e+01 -6.891595277e+01 +1.3627e+00 +1.0774e+00
1899 +5.605532434e-01 +5.605532434e-01 -6.892944676e+01 -6.892944676e+01 +1.3479e+00 +1.0777e+00
1957 +5.456081727e-01 +5.456081727e-01 -6.894439183e+01 -6.894439183e+01 +1.3453e+00 +1.0780e+00
2100 +5.359909041e-01 +5.359909041e-01 -6.895400910e+01 -6.895400910e+01 +1.3358e+00 +1.0781e+00
2124 +5.150041589e-01 +5.150041589e-01 -6.897499584e+01 -6.897499584e+01 +1.3166e+00 +1.0789e+00
2192 +5.114473138e-01 +5.114473138e-01 -6.897855269e+01 -6.897855269e+01 +1.3240e+00 +1.0786e+00
2237 +4.966587679e-01 +4.966587679e-01 -6.899334123e+01 -6.899334123e+01 +1.3143e+00 +1.0788e+00
2262 +4.763957364e-01 +4.763957364e-01 -6.901360426e+01 -6.901360426e+01 +1.2984e+00 +1.0793e+00
2427 +4.549436971e-01 +4.549436971e-01 -6.903505630e+01 -6.903505630e+01 +1.2823e+00 +1.0799e+00
2826 +4.457089350e-01 +4.457089350e-01 -6.904429107e+01 -6.904429107e+01 +1.2757e+00 +1.0800e+00
3308 +4.338128026e-01 +4.338128026e-01 -6.905618720e+01 -6.905618720e+01 +1.2679e+00 +1.0803e+00
3918 +4.236030326e-01 +4.236030326e-01 -6.906639697e+01 -6.906639697e+01 +1.2587e+00 +1.0805e+00
4072 +4.147661736e-01 +4.147661736e-01 -6.907523383e+01 -6.907523383e+01 +1.2506e+00 +1.0809e+00
4161 +4.069289949e-01 +4.069289949e-01 -6.908307101e+01 -6.908307101e+01 +1.2449e+00 +1.0810e+00
4297 +3.974666108e-01 +3.974666108e-01 -6.909253339e+01 -6.909253339e+01 +1.2362e+00 +1.0813e+00
4500 +3.826727077e-01 +3.826727077e-01 -6.910732729e+01 -6.910732729e+01 +1.2220e+00 +1.0817e+00
4518 +3.761482226e-01 +3.761482226e-01 -6.911385178e+01 -6.911385178e+01 +1.2145e+00 +1.0819e+00
4559 +3.619525707e-01 +3.619525707e-01 -6.912804743e+01 -6.912804743e+01 +1.1991e+00 +1.0824e+00
5065 +3.530743838e-01 +3.530743838e-01 -6.913692562e+01 -6.913692562e+01 +1.1907e+00 +1.0827e+00
5342 +3.466801983e-01 +3.466801983e-01 -6.914331980e+01 -6.914331980e+01 +1.1842e+00 +1.0828e+00
5595 +3.350787110e-01 +3.350787110e-01 -6.915492129e+01 -6.915492129e+01 +1.1709e+00 +1.0833e+00
5621 +3.294502275e-01 +3.294502275e-01 -6.916054977e+01 -6.916054977e+01 +1.1642e+00 +1.0835e+00
6332 +3.225372635e-01 +3.225372635e-01 -6.916746274e+01 -6.916746274e+01 +1.1558e+00 +1.0837e+00
6580 +3.160374647e-01 +3.160374647e-01 -6.917396254e+01 -6.917396254e+01 +1.1472e+00 +1.0840e+00
6911 +3.087158799e-01 +3.087158799e-01 -6.918128412e+01 -6.918128412e+01 +1.1351e+00 +1.0843e+00
7509 +3.019369148e-01 +3.019369148e-01 -6.918806309e+01 -6.918806309e+01 +1.1289e+00 +1.0845e+00
7881 +2.947200013e-01 +2.947200013e-01 -6.919528000e+01 -6.919528000e+01 +1.1182e+00 +1.0849e+00
8087 +2.876811935e-01 +2.876811935e-01 -6.920231881e+01 -6.920231881e+01 +1.1094e+00 +1.0852e+00
8415 +2.818228856e-01 +2.818228856e-01 -6.920817711e+01 -6.920817711e+01 +1.0995e+00 +1.0854e+00
8662 +2.725230722e-01 +2.725230722e-01 -6.921747693e+01 -6.921747693e+01 +1.0851e+00 +1.0860e+00
8842 +2.687774392e-01 +2.687774392e-01 -6.922122256e+01 -6.922122256e+01 +1.0799e+00 +1.0860e+00
9077 +2.618095257e-01 +2.618095257e-01 -6.922819047e+01 -6.922819047e+01 +1.0704e+00 +1.0863e+00
9364 +2.547708352e-01 +2.547708352e-01 -6.923522916e+01 -6.923522916e+01 +1.0622e+00 +1.0866e+00
9638 +2.505825267e-01 +2.505825267e-01 -6.923941747e+01 -6.923941747e+01 +1.0562e+00 +1.0868e+00
9815 +2.440212846e-01 +2.440212846e-01 -6.924597872e+01 -6.924597872e+01 +1.0463e+00 +1.0871e+00
10026 +2.393325302e-01 +2.393325302e-01 -6.925066747e+01 -6.925066747e+01 +1.0389e+00 +1.0874e+00
10110 +2.330069526e-01 +2.330069526e-01 -6.925699305e+01 -6.925699305e+01 +1.0306e+00 +1.0876e+00
10172 +2.269313984e-01 +2.269313984e-01 -6.926306860e+01 -6.926306860e+01 +1.0216e+00 +1.0878e+00
10235 +2.163862155e-01 +2.163862155e-01 -6.927361378e+01 -6.927361378e+01 +1.0071e+00 +1.0883e+00
10392 +2.137827142e-01 +2.137827142e-01 -6.927621729e+01 -6.927621729e+01 +1.0010e+00 +1.0885e+00
10440 +2.070840965e-01 +2.070840965e-01 -6.928291590e+01 -6.928291590e+01 +9.9472e-01 +1.0887e+00
10527 +2.032689697e-01 +2.032689697e-01 -6.928673103e+01 -6.928673103e+01 +9.8943e-01 +1.0889e+00
10724 +1.992249862e-01 +1.992249862e-01 -6.929077501e+01 -6.929077501e+01 +9.8318e-01 +1.0891e+00
10751 +1.932835938e-01 +1.932835938e-01 -6.929671641e+01 -6.929671641e+01 +9.7400e-01 +1.0893e+00
10904 +1.901170732e-01 +1.901170732e-01 -6.929988293e+01 -6.929988293e+01 +9.7245e-01 +1.0894e+00
11201 +1.860926072e-01 +1.860926072e-01 -6.930390739e+01 -6.930390739e+01 +9.6720e-01 +1.0895e+00
11418 +1.818997215e-01 +1.818997215e-01 -6.930810028e+01 -6.930810028e+01 +9.6210e-01 +1.0897e+00
11468 +1.766096607e-01 +1.766096607e-01 -6.931339034e+01 -6.931339034e+01 +9.5531e-01 +1.0899e+00
11561 +1.724820699e-01 +1.724820699e-01 -6.931751793e+01 -6.931751793e+01 +9.5020e-01 +1.0900e+00
11821 +1.687710235e-01 +1.687710235e-01 -6.932122898e+01 -6.932122898e+01 +9.4560e-01 +1.0902e+00
11950 +1.650484218e-01 +1.650484218e-01 -6.932495158e+01 -6.932495158e+01 +9.4086e-01 +1.0903e+00
12103 +1.611744424e-01 +1.611744424e-01 -6.932882556e+01 -6.932882556e+01 +9.3623e-01 +1.0905e+00
12257 +1.583984038e-01 +1.583984038e-01 -6.933160160e+01 -6.933160160e+01 +9.3145e-01 +1.0906e+00
12513 +1.522464529e-01 +1.522464529e-01 -6.933775355e+01 -6.933775355e+01 +9.2521e-01 +1.0908e+00
12526 +1.509493675e-01 +1.509493675e-01 -6.933905063e+01 -6.933905063e+01 +9.2329e-01 +1.0909e+00
12955 +1.476606492e-01 +1.476606492e-01 -6.934233935e+01 -6.934233935e+01 +9.1943e-01 +1.0910e+00
12994 +1.442009911e-01 +1.442009911e-01 -6.934579901e+01 -6.934579901e+01 +9.1526e-01 +1.0911e+00
13119 +1.406975279e-01 +1.406975279e-01 -6.934930247e+01 -6.934930247e+01 +9.0990e-01 +1.0913e+00
13232 +1.378304137e-01 +1.378304137e-01 -6.935216959e+01 -6.935216959e+01 +9.0725e-01 +1.0914e+00
13374 +1.341578055e-01 +1.341578055e-01 -6.935584219e+01 -6.935584219e+01 +9.0298e-01 +1.0915e+00
13474 +1.314841970e-01 +1.314841970e-01 -6.935851580e+01 -6.935851580e+01 +8.9954e-01 +1.0916e+00
13579 +1.269600356e-01 +1.269600356e-01 -6.936303996e+01 -6.936303996e+01 +8.9369e-01 +1.0918e+00
13616 +1.239975630e-01 +1.239975630e-01 -6.936600244e+01 -6.936600244e+01 +8.8946e-01 +1.0919e+00
13788 +1.229951825e-01 +1.229951825e-01 -6.936700482e+01 -6.936700482e+01 +8.8915e-01 +1.0919e+00
13895 +1.188350136e-01 +1.188350136e-01 -6.937116499e+01 -6.937116499e+01 +8.8352e-01 +1.0921e+00
14109 +1.172829801e-01 +1.172829801e-01 -6.937271702e+01 -6.937271702e+01 +8.8184e-01 +1.0921e+00
14136 +1.146331310e-01 +1.146331310e-01 -6.937536687e+01 -6.937536687e+01 +8.7688e-01 +1.0923e+00
14206 +1.081561587e-01 +1.081561587e-01 -6.938184384e+01 -6.938184384e+01 +8.6993e-01 +1.0925e+00
14222 +1.053971168e-01 +1.053971168e-01 -6.938460288e+01 -6.938460288e+01 +8.6121e-01 +1.0928e+00
14331 +1.040610237e-01 +1.040610237e-01 -6.938593898e+01 -6.938593898e+01 +8.6068e-01 +1.0927e+00
14358 +1.003482402e-01 +1.003482402e-01 -6.938965176e+01 -6.938965176e+01 +8.5860e-01 +1.0929e+00
14491 +9.847224817e-02 +9.847224817e-02 -6.939152775e+01 -6.939152775e+01 +8.5628e-01 +1.0929e+00
14551 +9.630353894e-02 +9.630353894e-02 -6.939369646e+01 -6.939369646e+01 +8.5278e-01 +1.0931e+00
14847 +9.481120656e-02 +9.481120656e-02 -6.939518879e+01 -6.939518879e+01 +8.5182e-01 +1.0931e+00
15140 +9.266178765e-02 +9.266178765e-02 -6.939733821e+01 -6.939733821e+01 +8.4865e-01 +1.0932e+00
15172 +9.054547535e-02 +9.054547535e-02 -6.939945452e+01 -6.939945452e+01 +8.4526e-01 +1.0933e+00
15259 +8.866243737e-02 +8.866243737e-02 -6.940133756e+01 -6.940133756e+01 +8.4250e-01 +1.0933e+00
15353 +8.693549232e-02 +8.693549232e-02 -6.940306451e+01 -6.940306451e+01 +8.4040e-01 +1.0934e+00
15369 +8.474097489e-02 +8.474097489e-02 -6.940525903e+01 -6.940525903e+01 +8.3617e-01 +1.0936e+00
15469 +8.080308548e-02 +8.080308548e-02 -6.940919691e+01 -6.940919691e+01 +8.2592e-01 +1.0938e+00
15501 +7.724983648e-02 +7.724983648e-02 -6.941275016e+01 -6.941275016e+01 +8.2514e-01 +1.0939e+00
15583 +7.453178736e-02 +7.453178736e-02 -6.941546821e+01 -6.941546821e+01 +8.2016e-01 +1.0940e+00
15633 +7.358484480e-02 +7.358484480e-02 -6.941641516e+01 -6.941641516e+01 +8.1735e-01 +1.0941e+00
15635 +7.180397828e-02 +7.180397828e-02 -6.941819602e+01 -6.941819602e+01 +8.1547e-01 +1.0942e+00
15647 +6.737223009e-02 +6.737223009e-02 -6.942262777e+01 -6.942262777e+01 +8.0797e-01 +1.0944e+00
16233 +6.574583429e-02 +6.574583429e-02 -6.942425417e+01 -6.942425417e+01 +8.0488e-01 +1.0945e+00
16272 +6.239057047e-02 +6.239057047e-02 -6.942760943e+01 -6.942760943e+01 +7.9836e-01 +1.0947e+00
16306 +6.058112685e-02 +6.058112685e-02 -6.942941887e+01 -6.942941887e+01 +7.9460e-01 +1.0948e+00
16446 +5.965551114e-02 +5.965551114e-02 -6.943034449e+01 -6.943034449e+01 +7.9038e-01 +1.0950e+00
16478 +5.758413058e-02 +5.758413058e-02 -6.943241587e+01 -6.943241587e+01 +7.8815e-01 +1.0950e+00
16482 +5.696939848e-02 +5.696939848e-02 -6.943303060e+01 -6.943303060e+01 +7.8058e-01 +1.0952e+00
16629 +5.570729452e-02 +5.570729452e-02 -6.943429271e+01 -6.943429271e+01 +7.8386e-01 +1.0951e+00
16704 +5.454978536e-02 +5.454978536e-02 -6.943545021e+01 -6.943545021e+01 +7.8034e-01 +1.0952e+00
16811 +5.254972043e-02 +5.254972043e-02 -6.943745028e+01 -6.943745028e+01 +7.7683e-01 +1.0954e+00
16915 +5.139729941e-02 +5.139729941e-02 -6.943860270e+01 -6.943860270e+01 +7.7402e-01 +1.0955e+00
17116 +5.090228159e-02 +5.090228159e-02 -6.943909772e+01 -6.943909772e+01 +7.7281e-01 +1.0955e+00
17152 +4.867668645e-02 +4.867668645e-02 -6.944132331e+01 -6.944132331e+01 +7.6707e-01 +1.0957e+00
17295 +4.755163206e-02 +4.755163206e-02 -6.944244837e+01 -6.944244837e+01 +7.6375e-01 +1.0958e+00
17406 +4.671464695e-02 +4.671464695e-02 -6.944328535e+01 -6.944328535e+01 +7.5977e-01 +1.0959e+00
18140 +4.548727278e-02 +4.548727278e-02 -6.944451273e+01 -6.944451273e+01 +7.5805e-01 +1.0960e+00
18253 +4.458359528e-02 +4.458359528e-02 -6.944541640e+01 -6.944541640e+01 +7.5624e-01 +1.0960e+00
18355 +4.361299509e-02 +4.361299509e-02 -6.944638700e+01 -6.944638700e+01 +7.5323e-01 +1.0961e+00
18603 +4.263099655e-02 +4.263099655e-02 -6.944736900e+01 -6.944736900e+01 +7.4944e-01 +1.0962e+00
18846 +4.148345935e-02 +4.148345935e-02 -6.944851654e+01 -6.944851654e+01 +7.4732e-01 +1.0963e+00
18862 +4.054907428e-02 +4.054907428e-02 -6.944945093e+01 -6.944945093e+01 +7.4417e-01 +1.0964e+00
19353 +3.980724205e-02 +3.980724205e-02 -6.945019276e+01 -6.945019276e+01 +7.4231e-01 +1.0964e+00
19439 +3.884764047e-02 +3.884764047e-02 -6.945115236e+01 -6.945115236e+01 +7.3935e-01 +1.0965e+00
19745 +3.783591574e-02 +3.783591574e-02 -6.945216408e+01 -6.945216408e+01 +7.3628e-01 +1.0966e+00
19816 +3.654244671e-02 +3.654244671e-02 -6.945345755e+01 -6.945345755e+01 +7.3224e-01 +1.0967e+00
20097 +3.629199726e-02 +3.629199726e-02 -6.945370800e+01 -6.945370800e+01 +7.3083e-01 +1.0968e+00
20191 +3.530232522e-02 +3.530232522e-02 -6.945469767e+01 -6.945469767e+01 +7.2659e-01 +1.0969e+00
20331 +3.462121506e-02 +3.462121506e-02 -6.945537878e+01 -6.945537878e+01 +7.2627e-01 +1.0969e+00
20671 +3.376923414e-02 +3.376923414e-02 -6.945623077e+01 -6.945623077e+01 +7.2207e-01 +1.0970e+00
20696 +3.302316053e-02 +3.302316053e-02 -6.945697684e+01 -6.945697684e+01 +7.2126e-01 +1.0971e+00
20721 +3.207650513e-02 +3.207650513e-02 -6.945792349e+01 -6.945792349e+01 +7.1799e-01 +1.0972e+00
21039 +3.137196945e-02 +3.137196945e-02 -6.945862803e+01 -6.945862803e+01 +7.1601e-01 +1.0972e+00
21147 +3.079688751e-02 +3.079688751e-02 -6.945920311e+01 -6.945920311e+01 +7.1421e-01 +1.0973e+00
21419 +2.997875983e-02 +2.997875983e-02 -6.946002124e+01 -6.946002124e+01 +7.1150e-01 +1.0974e+00
21763 +2.949803198e-02 +2.949803198e-02 -6.946050197e+01 -6.946050197e+01 +7.1019e-01 +1.0974e+00
21849 +2.881334039e-02 +2.881334039e-02 -6.946118666e+01 -6.946118666e+01 +7.0812e-01 +1.0975e+00
21947 +2.807216255e-02 +2.807216255e-02 -6.946192784e+01 -6.946192784e+01 +7.0495e-01 +1.0976e+00
22104 +2.721614476e-02 +2.721614476e-02 -6.946278386e+01 -6.946278386e+01 +7.0294e-01 +1.0977e+00
22161 +2.622843833e-02 +2.622843833e-02 -6.946377156e+01 -6.946377156e+01 +7.0027e-01 +1.0977e+00
22450 +2.567646770e-02 +2.567646770e-02 -6.946432353e+01 -6.946432353e+01 +6.9867e-01 +1.0978e+00
22468 +2.467642414e-02 +2.467642414e-02 -6.946532358e+01 -6.946532358e+01 +6.9564e-01 +1.0979e+00
22493 +2.420096047e-02 +2.420096047e-02 -6.946579904e+01 -6.946579904e+01 +6.9438e-01 +1.0979e+00
22540 +2.343485639e-02 +2.343485639e-02 -6.946656514e+01 -6.946656514e+01 +6.8938e-01 +1.0980e+00
22736 +2.245654024e-02 +2.245654024e-02 -6.946754346e+01 -6.946754346e+01 +6.8813e-01 +1.0981e+00
22752 +2.226912107e-02 +2.226912107e-02 -6.946773088e+01 -6.946773088e+01 +6.8807e-01 +1.0981e+00
23328 +2.141290231e-02 +2.141290231e-02 -6.946858710e+01 -6.946858710e+01 +6.8627e-01 +1.0982e+00
23351 +2.129861230e-02 +2.129861230e-02 -6.946870139e+01 -6.946870139e+01 +6.8578e-01 +1.0982e+00
23413 +2.079122977e-02 +2.079122977e-02 -6.946920877e+01 -6.946920877e+01 +6.8385e-01 +1.0982e+00
23447 +2.009396919e-02 +2.009396919e-02 -6.946990603e+01 -6.946990603e+01 +6.8099e-01 +1.0983e+00
23454 +1.910439747e-02 +1.910439747e-02 -6.947089560e+01 -6.947089560e+01 +6.7888e-01 +1.0984e+00
23577 +1.857904795e-02 +1.857904795e-02 -6.947142095e+01 -6.947142095e+01 +6.7805e-01 +1.0984e+00
23594 +1.751856762e-02 +1.751856762e-02 -6.947248143e+01 -6.947248143e+01 +6.7194e-01 +1.0986e+00
23700 +1.717209933e-02 +1.717209933e-02 -6.947282790e+01 -6.947282790e+01 +6.7370e-01 +1.0986e+00
23746 +1.601474877e-02 +1.601474877e-02 -6.947398525e+01 -6.947398525e+01 +6.7061e-01 +1.0986e+00
24389 +1.582058442e-02 +1.582058442e-02 -6.947417942e+01 -6.947417942e+01 +6.7003e-01 +1.0987e+00
24437 +1.544746211e-02 +1.544746211e-02 -6.947455254e+01 -6.947455254e+01 +6.6815e-01 +1.0987e+00
24605 +1.510740332e-02 +1.510740332e-02 -6.947489260e+01 -6.947489260e+01 +6.6776e-01 +1.0987e+00
24633 +1.475760417e-02 +1.475760417e-02 -6.947524240e+01 -6.947524240e+01 +6.6590e-01 +1.0988e+00
24736 +1.426298933e-02 +1.426298933e-02 -6.947573701e+01 -6.947573701e+01 +6.6519e-01 +1.0988e+00
24914 +1.410463492e-02 +1.410463492e-02 -6.947589537e+01 -6.947589537e+01 +6.6451e-01 +1.0988e+00
24941 +1.369512819e-02 +1.369512819e-02 -6.947630487e+01 -6.947630487e+01 +6.6313e-01 +1.0989e+00
24962 +1.341172769e-02 +1.341172769e-02 -6.947658827e+01 -6.947658827e+01 +6.6208e-01 +1.0989e+00
25073 +1.310565743e-02 +1.310565743e-02 -6.947689434e+01 -6.947689434e+01 +6.6167e-01 +1.0989e+00
25263 +1.283757275e-02 +1.283757275e-02 -6.947716243e+01 -6.947716243e+01 +6.6072e-01 +1.0989e+00
25349 +1.256210517e-02 +1.256210517e-02 -6.947743789e+01 -6.947743789e+01 +6.5987e-01 +1.0990e+00
25416 +1.229307012e-02 +1.229307012e-02 -6.947770693e+01 -6.947770693e+01 +6.5842e-01 +1.0990e+00
25464 +1.197481943e-02 +1.197481943e-02 -6.947802518e+01 -6.947802518e+01 +6.5798e-01 +1.0990e+00
25507 +1.168591399e-02 +1.168591399e-02 -6.947831409e+01 -6.947831409e+01 +6.5668e-01 +1.0991e+00
25606 +1.147929217e-02 +1.147929217e-02 -6.947852071e+01 -6.947852071e+01 +6.5623e-01 +1.0991e+00
25728 +1.114750062e-02 +1.114750062e-02 -6.947885250e+01 -6.947885250e+01 +6.5510e-01 +1.0991e+00
25742 +1.067224737e-02 +1.067224737e-02 -6.947932775e+01 -6.947932775e+01 +6.5345e-01 +1.0992e+00
25822 +1.042363608e-02 +1.042363608e-02 -6.947957636e+01 -6.947957636e+01 +6.5232e-01 +1.0992e+00
25943 +1.017705538e-02 +1.017705538e-02 -6.947982294e+01 -6.947982294e+01 +6.5168e-01 +1.0992e+00
26059 +9.772503941e-03 +9.772503941e-03 -6.948022750e+01 -6.948022750e+01 +6.5017e-01 +1.0993e+00
26087 +9.730206750e-03 +9.730206750e-03 -6.948026979e+01 -6.948026979e+01 +6.4986e-01 +1.0993e+00
26124 +9.467345388e-03 +9.467345388e-03 -6.948053265e+01 -6.948053265e+01 +6.4901e-01 +1.0993e+00
26183 +9.298488672e-03 +9.298488672e-03 -6.948070151e+01 -6.948070151e+01 +6.4697e-01 +1.0993e+00
26215 +8.968705003e-03 +8.968705003e-03 -6.948103129e+01 -6.948103129e+01 +6.4657e-01 +1.0994e+00
26253 +8.448335223e-03 +8.448335223e-03 -6.948155166e+01 -6.948155166e+01 +6.4487e-01 +1.0994e+00
26982 +8.227692712e-03 +8.227692712e-03 -6.948177231e+01 -6.948177231e+01 +6.4344e-01 +1.0995e+00
27072 +8.120977697e-03 +8.120977697e-03 -6.948187902e+01 -6.948187902e+01 +6.4316e-01 +1.0995e+00
27086 +7.926835399e-03 +7.926835399e-03 -6.948207316e+01 -6.948207316e+01 +6.4090e-01 +1.0996e+00
27156 +7.547606199e-03 +7.547606199e-03 -6.948245239e+01 -6.948245239e+01 +6.4041e-01 +1.0996e+00
27327 +7.339183377e-03 +7.339183377e-03 -6.948266082e+01 -6.948266082e+01 +6.3974e-01 +1.0996e+00
27349 +7.056002839e-03 +7.056002839e-03 -6.948294400e+01 -6.948294400e+01 +6.3817e-01 +1.0996e+00
27396 +6.900017299e-03 +6.900017299e-03 -6.948309998e+01 -6.948309998e+01 +6.3615e-01 +1.0997e+00
27525 +6.692310148e-03 +6.692310148e-03 -6.948330769e+01 -6.948330769e+01 +6.3648e-01 +1.0997e+00
27565 +6.487275521e-03 +6.487275521e-03 -6.948351272e+01 -6.948351272e+01 +6.3499e-01 +1.0997e+00
27596 +6.323875004e-03 +6.323875004e-03 -6.948367612e+01 -6.948367612e+01 +6.3444e-01 +1.0997e+00
27645 +6.250048631e-03 +6.250048631e-03 -6.948374995e+01 -6.948374995e+01 +6.3357e-01 +1.0998e+00
27667 +6.131855928e-03 +6.131855928e-03 -6.948386814e+01 -6.948386814e+01 +6.3329e-01 +1.0998e+00
28053 +6.024929388e-03 +6.024929388e-03 -6.948397507e+01 -6.948397507e+01 +6.3271e-01 +1.0998e+00
28188 +5.866795312e-03 +5.866795312e-03 -6.948413320e+01 -6.948413320e+01 +6.3143e-01 +1.0998e+00
28310 +5.671469846e-03 +5.671469846e-03 -6.948432853e+01 -6.948432853e+01 +6.3047e-01 +1.0999e+00
28609 +5.604644078e-03 +5.604644078e-03 -6.948439536e+01 -6.948439536e+01 +6.3012e-01 +1.0999e+00
28721 +5.438757534e-03 +5.438757534e-03 -6.948456124e+01 -6.948456124e+01 +6.2905e-01 +1.0999e+00
28748 +5.273885103e-03 +5.273885103e-03 -6.948472611e+01 -6.948472611e+01 +6.2750e-01 +1.1000e+00
28762 +5.228267642e-03 +5.228267642e-03 -6.948477173e+01 -6.948477173e+01 +6.2719e-01 +1.1000e+00
28827 +5.080833084e-03 +5.080833084e-03 -6.948491917e+01 -6.948491917e+01 +6.2648e-01 +1.1000e+00
28832 +4.928197330e-03 +4.928197330e-03 -6.948507180e+01 -6.948507180e+01 +6.2537e-01 +1.1000e+00
28870 +4.801845549e-03 +4.801845549e-03 -6.948519815e+01 -6.948519815e+01 +6.2368e-01 +1.1001e+00
30089 +4.780115896e-03 +4.780115896e-03 -6.948521988e+01 -6.948521988e+01 +6.2413e-01 +1.1001e+00
30162 +4.652811823e-03 +4.652811823e-03 -6.948534719e+01 -6.948534719e+01 +6.2304e-01 +1.1001e+00
30164 +4.555111079e-03 +4.555111079e-03 -6.948544489e+01 -6.948544489e+01 +6.2152e-01 +1.1001e+00
30413 +4.445624353e-03 +4.445624353e-03 -6.948555438e+01 -6.948555438e+01 +6.2115e-01 +1.1001e+00
30492 +4.352372630e-03 +4.352372630e-03 -6.948564763e+01 -6.948564763e+01 +6.2022e-01 +1.1002e+00
30503 +4.253249674e-03 +4.253249674e-03 -6.948574675e+01 -6.948574675e+01 +6.1943e-01 +1.1002e+00
30523 +4.168189197e-03 +4.168189197e-03 -6.948583181e+01 -6.948583181e+01 +6.1846e-01 +1.1002e+00
31101 +4.062848431e-03 +4.062848431e-03 -6.948593715e+01 -6.948593715e+01 +6.1751e-01 +1.1003e+00
31342 +3.931169274e-03 +3.931169274e-03 -6.948606883e+01 -6.948606883e+01 +6.1609e-01 +1.1003e+00
31707 +3.886352100e-03 +3.886352100e-03 -6.948611365e+01 -6.948611365e+01 +6.1558e-01 +1.1003e+00
31840 +3.781044933e-03 +3.781044933e-03 -6.948621896e+01 -6.948621896e+01 +6.1416e-01 +1.1004e+00
32062 +3.678169111e-03 +3.678169111e-03 -6.948632183e+01 -6.948632183e+01 +6.1303e-01 +1.1004e+00
32301 +3.625271966e-03 +3.625271966e-03 -6.948637473e+01 -6.948637473e+01 +6.1213e-01 +1.1004e+00
32437 +3.519239905e-03 +3.519239905e-03 -6.948648076e+01 -6.948648076e+01 +6.1094e-01 +1.1005e+00
33361 +3.305173888e-03 +3.305173888e-03 -6.948669483e+01 -6.948669483e+01 +6.0732e-01 +1.1006e+00
34720 +3.229499075e-03 +3.229499075e-03 -6.948677050e+01 -6.948677050e+01 +6.0682e-01 +1.1006e+00
34751 +3.149926741e-03 +3.149926741e-03 -6.948685007e+01 -6.948685007e+01 +6.0540e-01 +1.1006e+00
34770 +3.061177428e-03 +3.061177428e-03 -6.948693882e+01 -6.948693882e+01 +6.0433e-01 +1.1007e+00
35351 +3.017323508e-03 +3.017323508e-03 -6.948698268e+01 -6.948698268e+01 +6.0366e-01 +1.1007e+00
35574 +2.942564960e-03 +2.942564960e-03 -6.948705744e+01 -6.948705744e+01 +6.0251e-01 +1.1007e+00
35593 +2.880741153e-03 +2.880741153e-03 -6.948711926e+01 -6.948711926e+01 +6.0155e-01 +1.1008e+00
35715 +2.779027421e-03 +2.779027421e-03 -6.948722097e+01 -6.948722097e+01 +5.9996e-01 +1.1008e+00
35770 +2.734043701e-03 +2.734043701e-03 -6.948726596e+01 -6.948726596e+01 +5.9935e-01 +1.1008e+00
35921 +2.663076095e-03 +2.663076095e-03 -6.948733692e+01 -6.948733692e+01 +5.9826e-01 +1.1009e+00
36410 +2.629493828e-03 +2.629493828e-03 -6.948737051e+01 -6.948737051e+01 +5.9782e-01 +1.1009e+00
36789 +2.567608653e-03 +2.567608653e-03 -6.948743239e+01 -6.948743239e+01 +5.9694e-01 +1.1009e+00
36930 +2.416327547e-03 +2.416327547e-03 -6.948758367e+01 -6.948758367e+01 +5.9479e-01 +1.1010e+00
37092 +2.397704571e-03 +2.397704571e-03 -6.948760230e+01 -6.948760230e+01 +5.9462e-01 +1.1010e+00
37246 +2.342522570e-03 +2.342522570e-03 -6.948765748e+01 -6.948765748e+01 +5.9384e-01 +1.1010e+00
37590 +2.279113877e-03 +2.279113877e-03 -6.948772089e+01 -6.948772089e+01 +5.9306e-01 +1.1010e+00
37979 +2.231764525e-03 +2.231764525e-03 -6.948776824e+01 -6.948776824e+01 +5.9251e-01 +1.1010e+00
38095 +2.171053518e-03 +2.171053518e-03 -6.948782895e+01 -6.948782895e+01 +5.9159e-01 +1.1011e+00
38261 +2.136089585e-03 +2.136089585e-03 -6.948786391e+01 -6.948786391e+01 +5.9134e-01 +1.1011e+00
38398 +2.089072906e-03 +2.089072906e-03 -6.948791093e+01 -6.948791093e+01 +5.9076e-01 +1.1011e+00
38614 +2.040151879e-03 +2.040151879e-03 -6.948795985e+01 -6.948795985e+01 +5.8988e-01 +1.1011e+00
38924 +1.983953699e-03 +1.983953699e-03 -6.948801605e+01 -6.948801605e+01 +5.8948e-01 +1.1011e+00
39044 +1.930565544e-03 +1.930565544e-03 -6.948806943e+01 -6.948806943e+01 +5.8897e-01 +1.1011e+00
39104 +1.867315359e-03 +1.867315359e-03 -6.948813268e+01 -6.948813268e+01 +5.8826e-01 +1.1012e+00
39148 +1.835112968e-03 +1.835112968e-03 -6.948816489e+01 -6.948816489e+01 +5.8785e-01 +1.1012e+00
39209 +1.811232266e-03 +1.811232266e-03 -6.948818877e+01 -6.948818877e+01 +5.8764e-01 +1.1012e+00
39281 +1.771965898e-03 +1.771965898e-03 -6.948822803e+01 -6.948822803e+01 +5.8702e-01 +1.1012e+00
39341 +1.695655906e-03 +1.695655906e-03 -6.948830434e+01 -6.948830434e+01 +5.8632e-01 +1.1012e+00
39495 +1.633920063e-03 +1.633920063e-03 -6.948836608e+01 -6.948836608e+01 +5.8571e-01 +1.1012e+00
39572 +1.578709656e-03 +1.578709656e-03 -6.948842129e+01 -6.948842129e+01 +5.8507e-01 +1.1013e+00
39775 +1.545595596e-03 +1.545595596e-03 -6.948845440e+01 -6.948845440e+01 +5.8440e-01 +1.1013e+00
39808 +1.507461806e-03 +1.507461806e-03 -6.948849254e+01 -6.948849254e+01 +5.8434e-01 +1.1013e+00
39812 +1.473880350e-03 +1.473880350e-03 -6.948852612e+01 -6.948852612e+01 +5.8377e-01 +1.1013e+00
39877 +1.419906319e-03 +1.419906319e-03 -6.948858009e+01 -6.948858009e+01 +5.8295e-01 +1.1013e+00
39890 +1.386514223e-03 +1.386514223e-03 -6.948861349e+01 -6.948861349e+01 +5.8279e-01 +1.1013e+00
39958 +1.372704277e-03 +1.372704277e-03 -6.948862730e+01 -6.948862730e+01 +5.8267e-01 +1.1013e+00
40004 +1.313934114e-03 +1.313934114e-03 -6.948868607e+01 -6.948868607e+01 +5.8222e-01 +1.1013e+00
40048 +1.260383543e-03 +1.260383543e-03 -6.948873962e+01 -6.948873962e+01 +5.8161e-01 +1.1014e+00
40215 +1.247688512e-03 +1.247688512e-03 -6.948875231e+01 -6.948875231e+01 +5.8136e-01 +1.1014e+00
40235 +1.220483568e-03 +1.220483568e-03 -6.948877952e+01 -6.948877952e+01 +5.8120e-01 +1.1014e+00
40262 +1.201824118e-03 +1.201824118e-03 -6.948879818e+01 -6.948879818e+01 +5.8099e-01 +1.1014e+00
40268 +1.174202948e-03 +1.174202948e-03 -6.948882580e+01 -6.948882580e+01 +5.8052e-01 +1.1014e+00
40343 +1.102787413e-03 +1.102787413e-03 -6.948889721e+01 -6.948889721e+01 +5.7980e-01 +1.1014e+00
40344 +1.089876999e-03 +1.089876999e-03 -6.948891012e+01 -6.948891012e+01 +5.7958e-01 +1.1014e+00
40350 +1.046578411e-03 +1.046578411e-03 -6.948895342e+01 -6.948895342e+01 +5.7872e-01 +1.1015e+00
40372 +9.918180141e-04 +9.918180141e-04 -6.948900818e+01 -6.948900818e+01 +5.7848e-01 +1.1015e+00
40394 +9.359098878e-04 +9.359098878e-04 -6.948906409e+01 -6.948906409e+01 +5.7778e-01 +1.1015e+00
40400 +8.036574610e-04 +8.036574610e-04 -6.948919634e+01 -6.948919634e+01 +5.7469e-01 +1.1016e+00
40419 +6.797739752e-04 +6.797739752e-04 -6.948932023e+01 -6.948932023e+01 +5.7354e-01 +1.1016e+00
40480 +6.603067016e-04 +6.603067016e-04 -6.948933969e+01 -6.948933969e+01 +5.7333e-01 +1.1016e+00
40542 +5.145924951e-04 +5.145924951e-04 -6.948948541e+01 -6.948948541e+01 +5.7067e-01 +1.1017e+00
40551 +4.902967297e-04 +4.902967297e-04 -6.948950970e+01 -6.948950970e+01 +5.7021e-01 +1.1017e+00
40624 +4.718845670e-04 +4.718845670e-04 -6.948952812e+01 -6.948952812e+01 +5.6955e-01 +1.1017e+00
40656 +4.391581337e-04 +4.391581337e-04 -6.948956084e+01 -6.948956084e+01 +5.6901e-01 +1.1018e+00
40676 +3.958012519e-04 +3.958012519e-04 -6.948960420e+01 -6.948960420e+01 +5.6771e-01 +1.1018e+00
42105 +3.880098779e-04 +3.880098779e-04 -6.948961199e+01 -6.948961199e+01 +5.6751e-01 +1.1018e+00
42179 +3.797665198e-04 +3.797665198e-04 -6.948962023e+01 -6.948962023e+01 +5.6740e-01 +1.1018e+00
42397 +3.700524016e-04 +3.700524016e-04 -6.948962995e+01 -6.948962995e+01 +5.6712e-01 +1.1018e+00
42575 +3.609571822e-04 +3.609571822e-04 -6.948963904e+01 -6.948963904e+01 +5.6678e-01 +1.1018e+00
42720 +3.402760505e-04 +3.402760505e-04 -6.948965972e+01 -6.948965972e+01 +5.6618e-01 +1.1018e+00
42729 +3.285419876e-04 +3.285419876e-04 -6.948967146e+01 -6.948967146e+01 +5.6573e-01 +1.1019e+00
42828 +3.192510310e-04 +3.192510310e-04 -6.948968075e+01 -6.948968075e+01 +5.6552e-01 +1.1019e+00
42917 +3.146284881e-04 +3.146284881e-04 -6.948968537e+01 -6.948968537e+01 +5.6485e-01 +1.1019e+00
42940 +3.086692594e-04 +3.086692594e-04 -6.948969133e+01 -6.948969133e+01 +5.6496e-01 +1.1019e+00
43007 +2.999112210e-04 +2.999112210e-04 -6.948970009e+01 -6.948970009e+01 +5.6435e-01 +1.1019e+00
43548 +2.950235593e-04 +2.950235593e-04 -6.948970498e+01 -6.948970498e+01 +5.6486e-01 +1.1019e+00
43602 +2.765801877e-04 +2.765801877e-04 -6.948972342e+01 -6.948972342e+01 +5.6429e-01 +1.1019e+00
43606 +2.706843318e-04 +2.706843318e-04 -6.948972932e+01 -6.948972932e+01 +5.6410e-01 +1.1019e+00
43746 +2.677352306e-04 +2.677352306e-04 -6.948973226e+01 -6.948973226e+01 +5.6399e-01 +1.1019e+00
43827 +2.591885183e-04 +2.591885183e-04 -6.948974081e+01 -6.948974081e+01 +5.6374e-01 +1.1019e+00
43996 +2.535014580e-04 +2.535014580e-04 -6.948974650e+01 -6.948974650e+01 +5.6351e-01 +1.1019e+00
% function evaluation | noise-free fitness - Fopt (-2.718000000000e+01) | best noise-free fitness - Fopt | measured fitness | best measured fitness | x1 | x2...
1 +2.510320374e+06 +2.510320374e+06 +2.510293194e+06 +2.510293194e+06 +0.0000e+00 +0.0000e+00
2 +5.555273037e+05 +5.555273037e+05 +5.555001237e+05 +5.555001237e+05 +3.0176e-01 +5.7122e-01
3 +5.009696785e+05 +5.009696785e+05 +5.009424985e+05 +5.009424985e+05 +4.8355e-01 +5.1307e-01
5 +3.770936229e+05 +3.770936229e+05 +3.770664429e+05 +3.770664429e+05 +4.6258e-01 +6.3863e-01
7 +3.304481418e+05 +3.304481418e+05 +3.304209618e+05 +3.304209618e+05 +4.5221e-01 +7.0235e-01
11 +2.723635511e+05 +2.723635511e+05 +2.723363711e+05 +2.723363711e+05 +3.8750e-01 +8.2511e-01
24 +3.639363840e+03 +3.639363840e+03 +3.612183840e+03 +3.612183840e+03 +4.3448e-01 +1.3392e+00
40 +2.311605298e+00 +2.311605298e+00 -2.486839470e+01 -2.486839470e+01 +4.5982e-01 +1.3996e+00
525 +2.275809154e+00 +2.275809154e+00 -2.490419085e+01 -2.490419085e+01 +6.8389e-01 +1.2787e+00
39991 +2.238711134e+00 +2.238711134e+00 -2.494128887e+01 -2.494128887e+01 +6.9244e-01 +1.2745e+00
% function evaluation | noise-free fitness - Fopt (-6.968800000000e+02) | best noise-free fitness - Fopt | measured fitness | best measured fitness | x1 | x2...
1 +2.908289433e+06 +2.908289433e+06 +2.907592553e+06 +2.907592553e+06 +0.0000e+00 +0.0000e+00
3 +2.827845713e+06 +2.827845713e+06 +2.827148833e+06 +2.827148833e+06 +2.9096e+00 -1.7804e+00
5 +2.650032984e+06 +2.650032984e+06 +2.649336104e+06 +2.649336104e+06 +2.7676e+00 -1.9730e+00
9 +2.469207315e+06 +2.469207315e+06 +2.468510435e+06 +2.468510435e+06 +2.8025e+00 -1.7416e+00
17 +2.295996674e+06 +2.295996674e+06 +2.295299794e+06 +2.295299794e+06 +2.6951e+00 -1.8649e+00
34 +2.136858094e+06 +2.136858094e+06 +2.136161214e+06 +2.136161214e+06 +2.6958e+00 -1.7418e+00
37 +1.944034089e+06 +1.944034089e+06 +1.943337209e+06 +1.943337209e+06 +2.6690e+00 -1.6622e+00
42 +1.722220973e+06 +1.722220973e+06 +1.721524093e+06 +1.721524093e+06 +2.5468e+00 -1.7925e+00
46 +1.490481108e+06 +1.490481108e+06 +1.489784228e+06 +1.489784228e+06 +2.3970e+00 -1.9802e+00
47 +2.536572914e+05 +2.536572914e+05 +2.529604114e+05 +2.529604114e+05 +1.7832e+00 -1.7856e+00
71 +2.103334042e+05 +2.103334042e+05 +2.096365242e+05 +2.096365242e+05 +1.4258e+00 -2.4886e+00
76 +1.883064301e+04 +1.883064301e+04 +1.813376301e+04 +1.813376301e+04 +1.2025e+00 -2.1896e+00
79 +1.602837612e+03 +1.602837612e+03 +9.059576122e+02 +9.059576122e+02 +1.3788e+00 -1.5193e+00
87 +1.953095915e+02 +1.953095915e+02 -5.015704085e+02 -5.015704085e+02 +1.3517e+00 -1.4514e+00
204 +1.490020040e+02 +1.490020040e+02 -5.478779960e+02 -5.478779960e+02 +1.3267e+00 -1.5161e+00
271 +2.833864907e+01 +2.833864907e+01 -6.685413509e+02 -6.685413509e+02 +1.3355e+00 -1.5380e+00
440 +9.745226942e+00 +9.745226942e+00 -6.871347731e+02 -6.871347731e+02 +1.2692e+00 -1.6799e+00
568 +3.940270152e+00 +3.940270152e+00 -6.929397298e+02 -6.929397298e+02 +1.3313e+00 -1.5350e+00
633 +3.384123851e+00 +3.384123851e+00 -6.934958761e+02 -6.934958761e+02 +1.2824e+00 -1.6542e+00
% function evaluation | noise-free fitness - Fopt (-4.895300000000e+02) | best noise-free fitness - Fopt | measured fitness | best measured fitness | x1 | x2...
1 +1.580122802e+06 +1.580122802e+06 +1.579633272e+06 +1.579633272e+06 +0.0000e+00 +0.0000e+00
47 +4.301042984e+05 +4.301042984e+05 +4.296147684e+05 +4.296147684e+05 +4.0862e-01 +5.9599e-01
54 +4.087127952e+05 +4.087127952e+05 +4.082232652e+05 +4.082232652e+05 +3.2308e-01 +9.9189e-01
68 +1.121357027e+05 +1.121357027e+05 +1.116461727e+05 +1.116461727e+05 +1.2004e+00 +1.2574e+00
74 +5.597028686e+04 +5.597028686e+04 +5.548075686e+04 +5.548075686e+04 +8.4550e-01 +3.6762e-01
109 +4.761525800e+04 +4.761525800e+04 +4.712572800e+04 +4.712572800e+04 +1.4313e+00 -9.1832e-02
110 +6.336858907e+03 +6.336858907e+03 +5.847328907e+03 +5.847328907e+03 +7.4630e-01 +1.3797e+00
147 +5.575571457e+02 +5.575571457e+02 +6.802714570e+01 +6.802714570e+01 +1.0069e+00 +6.0185e-01
178 +4.111184840e+02 +4.111184840e+02 -7.841151599e+01 -7.841151599e+01 +1.1843e+00 +8.0734e-02
248 +1.401102003e+02 +1.401102003e+02 -3.494197997e+02 -3.494197997e+02 +1.0142e+00 +6.1782e-01
366 +5.260268371e+00 +5.260268371e+00 -4.842697316e+02 -4.842697316e+02 +9.7368e-01 +8.2410e-01
528 +5.098678807e+00 +5.098678807e+00 -4.844313212e+02 -4.844313212e+02 +9.3413e-01 +9.8145e-01
570 +4.119228964e+00 +4.119228964e+00 -4.854107710e+02 -4.854107710e+02 +9.3553e-01 +9.7089e-01
15255 +4.073274421e+00 +4.073274421e+00 -4.854567256e+02 -4.854567256e+02 +9.3560e-01 +9.7135e-01
16305 +3.977729848e+00 +3.977729848e+00 -4.855522702e+02 -4.855522702e+02 +9.3186e-01 +9.8577e-01
18866 +3.889677138e+00 +3.889677138e+00 -4.856403229e+02 -4.856403229e+02 +9.2865e-01 +9.9845e-01
21751 +3.799290174e+00 +3.799290174e+00 -4.857307098e+02 -4.857307098e+02 +9.2521e-01 +1.0121e+00
23659 +3.713197726e+00 +3.713197726e+00 -4.858168023e+02 -4.858168023e+02 +9.2181e-01 +1.0254e+00
25977 +3.629075592e+00 +3.629075592e+00 -4.859009244e+02 -4.859009244e+02 +9.1847e-01 +1.0382e+00
29988 +3.545001021e+00 +3.545001021e+00 -4.859849990e+02 -4.859849990e+02 +9.1503e-01 +1.0516e+00
30226 +3.466764393e+00 +3.466764393e+00 -4.860632356e+02 -4.860632356e+02 +9.1182e-01 +1.0642e+00
33887 +3.384467019e+00 +3.384467019e+00 -4.861455330e+02 -4.861455330e+02 +9.0835e-01 +1.0778e+00
36637 +3.309987215e+00 +3.309987215e+00 -4.862200128e+02 -4.862200128e+02 +9.0513e-01 +1.0905e+00
39655 +3.235267165e+00 +3.235267165e+00 -4.862947328e+02 -4.862947328e+02 +9.0181e-01 +1.1034e+00
43226 +3.161690750e+00 +3.161690750e+00 -4.863683093e+02 -4.863683093e+02 +8.9837e-01 +1.1167e+00
% function evaluation | noise-free fitness - Fopt (-4.004000000000e+01) | best noise-free fitness - Fopt | measured fitness | best measured fitness | x1 | x2...
1 +1.001419768e+07 +1.001419768e+07 +1.001415764e+07 +1.001415764e+07 +0.0000e+00 +0.0000e+00
2 +7.546419418e+06 +7.546419418e+06 +7.546379378e+06 +7.546379378e+06 +4.7330e+00 -3.0435e-01
13 +7.317025489e+06 +7.317025489e+06 +7.316985449e+06 +7.316985449e+06 +4.7628e+00 -3.4436e-01
19 +7.142213251e+06 +7.142213251e+06 +7.142173211e+06 +7.142173211e+06 +5.0411e+00 -3.7137e-01
25 +5.419797514e+06 +5.419797514e+06 +5.419757474e+06 +5.419757474e+06 +5.0095e+00 -7.3636e-01
50 +2.350209573e+06 +2.350209573e+06 +2.350169533e+06 +2.350169533e+06 +4.7674e+00 -1.7332e+00
68 +2.460755587e+05 +2.460755587e+05 +2.460355187e+05 +2.460355187e+05 +4.7691e+00 -2.6333e+00
87 +6.960288304e+04 +6.960288304e+04 +6.956284304e+04 +6.956284304e+04 +4.8478e+00 -2.8698e+00
88 +1.281113742e+03 +1.281113742e+03 +1.241073742e+03 +1.241073742e+03 +4.6458e+00 -3.1037e+00
132 +8.956216319e+01 +8.956216319e+01 +4.952216319e+01 +4.952216319e+01 +4.6753e+00 -3.1448e+00
225 +7.901030564e+01 +7.901030564e+01 +3.897030564e+01 +3.897030564e+01 +4.6633e+00 -3.1445e+00
330 +6.212923468e+01 +6.212923468e+01 +2.208923468e+01 +2.208923468e+01 +4.6651e+00 -3.1307e+00
348 +2.607581917e+01 +2.607581917e+01 -1.396418083e+01 -1.396418083e+01 +4.7172e+00 -3.1347e+00
414 +2.384894505e+01 +2.384894505e+01 -1.619105495e+01 -1.619105495e+01 +4.6862e+00 -3.1364e+00
1115 +2.337992683e+01 +2.337992683e+01 -1.666007317e+01 -1.666007317e+01 +4.6135e+00 -3.1384e+00
1253 +2.272740197e+01 +2.272740197e+01 -1.731259803e+01 -1.731259803e+01 +4.5623e+00 -3.1386e+00
1279 +2.215777655e+01 +2.215777655e+01 -1.788222345e+01 -1.788222345e+01 +4.4854e+00 -3.1397e+00
1367 +2.173602103e+01 +2.173602103e+01 -1.830397897e+01 -1.830397897e+01 +4.4162e+00 -3.1407e+00
1412 +2.125336668e+01 +2.125336668e+01 -1.878663332e+01 -1.878663332e+01 +4.3748e+00 -3.1416e+00
1415 +2.017589115e+01 +2.017589115e+01 -1.986410885e+01 -1.986410885e+01 +4.2541e+00 -3.1440e+00
1458 +1.929358672e+01 +1.929358672e+01 -2.074641328e+01 -2.074641328e+01 +4.1482e+00 -3.1457e+00
1461 +1.866336819e+01 +1.866336819e+01 -2.137663181e+01 -2.137663181e+01 +4.0463e+00 -3.1469e+00
1597 +1.834085883e+01 +1.834085883e+01 -2.169914117e+01 -2.169914117e+01 +4.0314e+00 -3.1478e+00
1728 +1.814074501e+01 +1.814074501e+01 -2.189925499e+01 -2.189925499e+01 +3.9731e+00 -3.1492e+00
1829 +1.671416809e+01 +1.671416809e+01 -2.332583191e+01 -2.332583191e+01 +3.7805e+00 -3.1526e+00
1868 +1.654724778e+01 +1.654724778e+01 -2.349275222e+01 -2.349275222e+01 +3.7901e+00 -3.1523e+00
1947 +1.572098402e+01 +1.572098402e+01 -2.431901598e+01 -2.431901598e+01 +3.7300e+00 -3.1529e+00
1974 +1.464105456e+01 +1.464105456e+01 -2.539894544e+01 -2.539894544e+01 +3.6111e+00 -3.1545e+00
2173 +1.433006540e+01 +1.433006540e+01 -2.570993460e+01 -2.570993460e+01 +3.5794e+00 -3.1552e+00
2249 +1.410822279e+01 +1.410822279e+01 -2.593177721e+01 -2.593177721e+01 +3.5142e+00 -3.1557e+00
2265 +1.377277944e+01 +1.377277944e+01 -2.626722056e+01 -2.626722056e+01 +3.5160e+00 -3.1563e+00
2291 +1.283350734e+01 +1.283350734e+01 -2.720649266e+01 -2.720649266e+01 +3.3378e+00 -3.1585e+00
2478 +1.253770898e+01 +1.253770898e+01 -2.750229102e+01 -2.750229102e+01 +3.3694e+00 -3.1586e+00
2599 +1.202395371e+01 +1.202395371e+01 -2.801604629e+01 -2.801604629e+01 +3.2902e+00 -3.1597e+00
2617 +1.190541510e+01 +1.190541510e+01 -2.813458490e+01 -2.813458490e+01 +3.2897e+00 -3.1602e+00
2627 +1.150415900e+01 +1.150415900e+01 -2.853584100e+01 -2.853584100e+01 +3.1740e+00 -3.1613e+00
2676 +1.085733764e+01 +1.085733764e+01 -2.918266236e+01 -2.918266236e+01 +3.1316e+00 -3.1631e+00
2688 +1.001307644e+01 +1.001307644e+01 -3.002692356e+01 -3.002692356e+01 +2.9511e+00 -3.1664e+00
2716 +9.478039258e+00 +9.478039258e+00 -3.056196074e+01 -3.056196074e+01 +2.8596e+00 -3.1668e+00
2732 +8.788549799e+00 +8.788549799e+00 -3.125145020e+01 -3.125145020e+01 +2.6768e+00 -3.1697e+00
2772 +8.194986494e+00 +8.194986494e+00 -3.184501351e+01 -3.184501351e+01 +2.6206e+00 -3.1713e+00
2799 +7.260288386e+00 +7.260288386e+00 -3.277971161e+01 -3.277971161e+01 +2.2197e+00 -3.1787e+00
3681 +7.149012019e+00 +7.149012019e+00 -3.289098798e+01 -3.289098798e+01 +2.3035e+00 -3.1764e+00
3710 +6.995232858e+00 +6.995232858e+00 -3.304476714e+01 -3.304476714e+01 +2.2734e+00 -3.1771e+00
3728 +6.698155859e+00 +6.698155859e+00 -3.334184414e+01 -3.334184414e+01 +2.2010e+00 -3.1782e+00
3736 +6.200014382e+00 +6.200014382e+00 -3.383998562e+01 -3.383998562e+01 +2.0397e+00 -3.1804e+00
3751 +5.440489081e+00 +5.440489081e+00 -3.459951092e+01 -3.459951092e+01 +1.9534e+00 -3.1821e+00
3908 +5.249382813e+00 +5.249382813e+00 -3.479061719e+01 -3.479061719e+01 +1.9480e+00 -3.1824e+00
4061 +5.234864607e+00 +5.234864607e+00 -3.480513539e+01 -3.480513539e+01 +1.9446e+00 -3.1828e+00
4074 +4.943630748e+00 +4.943630748e+00 -3.509636925e+01 -3.509636925e+01 +1.8745e+00 -3.1843e+00
4135 +4.804961830e+00 +4.804961830e+00 -3.523503817e+01 -3.523503817e+01 +1.8763e+00 -3.1835e+00
4143 +4.424123726e+00 +4.424123726e+00 -3.561587627e+01 -3.561587627e+01 +1.7829e+00 -3.1859e+00
4164 +3.862332505e+00 +3.862332505e+00 -3.617766749e+01 -3.617766749e+01 +1.6485e+00 -3.1868e+00
4194 +3.320147035e+00 +3.320147035e+00 -3.671985297e+01 -3.671985297e+01 +1.6561e+00 -3.1876e+00
4250 +2.541073307e+00 +2.541073307e+00 -3.749892669e+01 -3.749892669e+01 +1.4332e+00 -3.1908e+00
4327 +2.391786193e+00 +2.391786193e+00 -3.764821381e+01 -3.764821381e+01 +1.2526e+00 -3.1937e+00
4337 +2.341916163e+00 +2.341916163e+00 -3.769808384e+01 -3.769808384e+01 +1.4039e+00 -3.1919e+00
4390 +2.264502595e+00 +2.264502595e+00 -3.777549740e+01 -3.777549740e+01 +1.2775e+00 -3.1942e+00
4391 +2.230377356e+00 +2.230377356e+00 -3.780962264e+01 -3.780962264e+01 +1.3727e+00 -3.1921e+00
4418 +2.112780516e+00 +2.112780516e+00 -3.792721948e+01 -3.792721948e+01 +1.2500e+00 -3.1945e+00
4439 +2.031016282e+00 +2.031016282e+00 -3.800898372e+01 -3.800898372e+01 +1.2008e+00 -3.1950e+00
5150 +1.993809588e+00 +1.993809588e+00 -3.804619041e+01 -3.804619041e+01 +1.1255e+00 -3.1964e+00
5518 +1.943595474e+00 +1.943595474e+00 -3.809640453e+01 -3.809640453e+01 +1.0679e+00 -3.1973e+00
5728 +1.894915116e+00 +1.894915116e+00 -3.814508488e+01 -3.814508488e+01 +1.0309e+00 -3.1980e+00
5753 +1.841677289e+00 +1.841677289e+00 -3.819832271e+01 -3.819832271e+01 +1.0015e+00 -3.1985e+00
5769 +1.611670418e+00 +1.611670418e+00 -3.842832958e+01 -3.842832958e+01 +9.1453e-01 -3.1998e+00
6149 +1.549511388e+00 +1.549511388e+00 -3.849048861e+01 -3.849048861e+01 +9.0000e-01 -3.2001e+00
6210 +1.514918182e+00 +1.514918182e+00 -3.852508182e+01 -3.852508182e+01 +8.8770e-01 -3.2002e+00
6222 +1.224910311e+00 +1.224910311e+00 -3.881508969e+01 -3.881508969e+01 +8.1599e-01 -3.2014e+00
6371 +1.159691400e+00 +1.159691400e+00 -3.888030860e+01 -3.888030860e+01 +8.0144e-01 -3.2018e+00
6455 +1.131294082e+00 +1.131294082e+00 -3.890870592e+01 -3.890870592e+01 +7.9034e-01 -3.2018e+00
6477 +1.085366153e+00 +1.085366153e+00 -3.895463385e+01 -3.895463385e+01 +7.8277e-01 -3.2021e+00
6496 +1.024386749e+00 +1.024386749e+00 -3.901561325e+01 -3.901561325e+01 +7.5273e-01 -3.2023e+00
6516 +1.002957358e+00 +1.002957358e+00 -3.903704264e+01 -3.903704264e+01 +7.5845e-01 -3.2026e+00
6518 +8.815112319e-01 +8.815112319e-01 -3.915848877e+01 -3.915848877e+01 +7.0598e-01 -3.2031e+00
6537 +7.515267309e-01 +7.515267309e-01 -3.928847327e+01 -3.928847327e+01 +6.8393e-01 -3.2037e+00
6545 +7.243874801e-01 +7.243874801e-01 -3.931561252e+01 -3.931561252e+01 +6.2200e-01 -3.2044e+00
6605 +6.398910957e-01 +6.398910957e-01 -3.940010890e+01 -3.940010890e+01 +6.2622e-01 -3.2046e+00
6764 +6.173876409e-01 +6.173876409e-01 -3.942261236e+01 -3.942261236e+01 +6.2207e-01 -3.2047e+00
6787 +5.391070437e-01 +5.391070437e-01 -3.950089296e+01 -3.950089296e+01 +5.5008e-01 -3.2059e+00
7077 +5.257975982e-01 +5.257975982e-01 -3.951420240e+01 -3.951420240e+01 +5.3667e-01 -3.2061e+00
7709 +5.248033644e-01 +5.248033644e-01 -3.951519664e+01 -3.951519664e+01 +5.4357e-01 -3.2061e+00
7928 +5.121822622e-01 +5.121822622e-01 -3.952781774e+01 -3.952781774e+01 +5.1905e-01 -3.2065e+00
8633 +5.001866810e-01 +5.001866810e-01 -3.953981332e+01 -3.953981332e+01 +4.8356e-01 -3.2071e+00
9418 +4.894914242e-01 +4.894914242e-01 -3.955050858e+01 -3.955050858e+01 +4.4321e-01 -3.2078e+00
10125 +4.780764698e-01 +4.780764698e-01 -3.956192353e+01 -3.956192353e+01 +4.1789e-01 -3.2082e+00
10329 +4.663190531e-01 +4.663190531e-01 -3.957368095e+01 -3.957368095e+01 +4.0019e-01 -3.2085e+00
10370 +4.534943423e-01 +4.534943423e-01 -3.958650566e+01 -3.958650566e+01 +3.8229e-01 -3.2087e+00
10454 +4.414435694e-01 +4.414435694e-01 -3.959855643e+01 -3.959855643e+01 +3.7190e-01 -3.2089e+00
10480 +4.316823345e-01 +4.316823345e-01 -3.960831767e+01 -3.960831767e+01 +3.6275e-01 -3.2091e+00
10496 +4.003814466e-01 +4.003814466e-01 -3.963961855e+01 -3.963961855e+01 +3.4418e-01 -3.2095e+00
10616 +3.909634470e-01 +3.909634470e-01 -3.964903655e+01 -3.964903655e+01 +3.3765e-01 -3.2096e+00
10648 +3.885142088e-01 +3.885142088e-01 -3.965148579e+01 -3.965148579e+01 +3.3551e-01 -3.2095e+00
10657 +3.428852231e-01 +3.428852231e-01 -3.969711478e+01 -3.969711478e+01 +3.1082e-01 -3.2100e+00
10675 +3.155141859e-01 +3.155141859e-01 -3.972448581e+01 -3.972448581e+01 +2.9464e-01 -3.2102e+00
10761 +2.668890895e-01 +2.668890895e-01 -3.977311091e+01 -3.977311091e+01 +2.6793e-01 -3.2108e+00
10863 +2.494935504e-01 +2.494935504e-01 -3.979050645e+01 -3.979050645e+01 +2.5861e-01 -3.2108e+00
10999 +2.244019308e-01 +2.244019308e-01 -3.981559807e+01 -3.981559807e+01 +2.4352e-01 -3.2111e+00
11115 +2.181197219e-01 +2.181197219e-01 -3.982188028e+01 -3.982188028e+01 +2.3526e-01 -3.2112e+00
11236 +1.964741748e-01 +1.964741748e-01 -3.984352583e+01 -3.984352583e+01 +2.1757e-01 -3.2116e+00
11293 +1.755416846e-01 +1.755416846e-01 -3.986445832e+01 -3.986445832e+01 +2.0270e-01 -3.2118e+00
11298 +1.693224737e-01 +1.693224737e-01 -3.987067753e+01 -3.987067753e+01 +1.9007e-01 -3.2119e+00
11367 +1.604308953e-01 +1.604308953e-01 -3.987956910e+01 -3.987956910e+01 +1.7248e-01 -3.2122e+00
11408 +1.569083709e-01 +1.569083709e-01 -3.988309163e+01 -3.988309163e+01 +1.8199e-01 -3.2121e+00
11453 +1.505909898e-01 +1.505909898e-01 -3.988940901e+01 -3.988940901e+01 +1.7195e-01 -3.2123e+00
11519 +1.477474882e-01 +1.477474882e-01 -3.989225251e+01 -3.989225251e+01 +1.6779e-01 -3.2124e+00
11584 +1.435358936e-01 +1.435358936e-01 -3.989646411e+01 -3.989646411e+01 +1.5971e-01 -3.2126e+00
11618 +1.405501676e-01 +1.405501676e-01 -3.989944983e+01 -3.989944983e+01 +1.5367e-01 -3.2127e+00
11660 +1.380341650e-01 +1.380341650e-01 -3.990196583e+01 -3.990196583e+01 +1.4815e-01 -3.2127e+00
11707 +1.345161168e-01 +1.345161168e-01 -3.990548388e+01 -3.990548388e+01 +1.3932e-01 -3.2128e+00
11716 +1.293480852e-01 +1.293480852e-01 -3.991065191e+01 -3.991065191e+01 +1.0909e-01 -3.2133e+00
11736 +1.254579358e-01 +1.254579358e-01 -3.991454206e+01 -3.991454206e+01 +1.1786e-01 -3.2133e+00
11750 +1.186567301e-01 +1.186567301e-01 -3.992134327e+01 -3.992134327e+01 +9.9254e-02 -3.2135e+00
11993 +1.169636784e-01 +1.169636784e-01 -3.992303632e+01 -3.992303632e+01 +9.8592e-02 -3.2135e+00
12031 +1.120758161e-01 +1.120758161e-01 -3.992792418e+01 -3.992792418e+01 +8.9533e-02 -3.2137e+00
12060 +1.068003859e-01 +1.068003859e-01 -3.993319961e+01 -3.993319961e+01 +7.8757e-02 -3.2139e+00
12093 +1.032057344e-01 +1.032057344e-01 -3.993679427e+01 -3.993679427e+01 +7.3625e-02 -3.2140e+00
12098 +1.022810649e-01 +1.022810649e-01 -3.993771894e+01 -3.993771894e+01 +7.2287e-02 -3.2140e+00
12147 +8.772577530e-02 +8.772577530e-02 -3.995227422e+01 -3.995227422e+01 +4.8967e-02 -3.2144e+00
12169 +8.080961343e-02 +8.080961343e-02 -3.995919039e+01 -3.995919039e+01 +3.4906e-02 -3.2146e+00
12284 +7.864889608e-02 +7.864889608e-02 -3.996135110e+01 -3.996135110e+01 +3.6688e-02 -3.2146e+00
12345 +7.617774822e-02 +7.617774822e-02 -3.996382225e+01 -3.996382225e+01 +1.9405e-02 -3.2148e+00
12359 +7.547678294e-02 +7.547678294e-02 -3.996452322e+01 -3.996452322e+01 +2.2711e-02 -3.2149e+00
12369 +6.988558455e-02 +6.988558455e-02 -3.997011442e+01 -3.997011442e+01 +3.1046e-03 -3.2153e+00
12382 +6.684363361e-02 +6.684363361e-02 -3.997315637e+01 -3.997315637e+01 +1.2812e-02 -3.2151e+00
12437 +6.119871582e-02 +6.119871582e-02 -3.997880128e+01 -3.997880128e+01 +8.7619e-03 -3.2151e+00
12511 +5.795574850e-02 +5.795574850e-02 -3.998204425e+01 -3.998204425e+01 -4.7160e-03 -3.2153e+00
12534 +5.130134285e-02 +5.130134285e-02 -3.998869866e+01 -3.998869866e+01 -1.2198e-02 -3.2154e+00
12661 +4.741816440e-02 +4.741816440e-02 -3.999258184e+01 -3.999258184e+01 -2.2629e-02 -3.2156e+00
12752 +4.644520342e-02 +4.644520342e-02 -3.999355480e+01 -3.999355480e+01 -2.3814e-02 -3.2156e+00
12838 +4.548949606e-02 +4.548949606e-02 -3.999451050e+01 -3.999451050e+01 -2.6395e-02 -3.2156e+00
12855 +4.118151928e-02 +4.118151928e-02 -3.999881848e+01 -3.999881848e+01 -3.7793e-02 -3.2158e+00
12943 +4.021349444e-02 +4.021349444e-02 -3.999978651e+01 -3.999978651e+01 -4.0568e-02 -3.2159e+00
13026 +3.405319578e-02 +3.405319578e-02 -4.000594680e+01 -4.000594680e+01 -5.6818e-02 -3.2161e+00
13217 +3.383011492e-02 +3.383011492e-02 -4.000616989e+01 -4.000616989e+01 -5.6256e-02 -3.2161e+00
13269 +3.243425922e-02 +3.243425922e-02 -4.000756574e+01 -4.000756574e+01 -6.0616e-02 -3.2162e+00
13280 +3.235414618e-02 +3.235414618e-02 -4.000764585e+01 -4.000764585e+01 -5.9930e-02 -3.2162e+00
13310 +3.146642671e-02 +3.146642671e-02 -4.000853357e+01 -4.000853357e+01 -6.2503e-02 -3.2162e+00
13317 +2.897656603e-02 +2.897656603e-02 -4.001102343e+01 -4.001102343e+01 -7.7093e-02 -3.2166e+00
13336 +2.321039715e-02 +2.321039715e-02 -4.001678960e+01 -4.001678960e+01 -8.3073e-02 -3.2166e+00
13379 +1.977015289e-02 +1.977015289e-02 -4.002022985e+01 -4.002022985e+01 -9.2588e-02 -3.2167e+00
13389 +1.940403702e-02 +1.940403702e-02 -4.002059596e+01 -4.002059596e+01 -9.3086e-02 -3.2168e+00
13410 +1.842284040e-02 +1.842284040e-02 -4.002157716e+01 -4.002157716e+01 -1.1040e-01 -3.2170e+00
13864 +1.804019079e-02 +1.804019079e-02 -4.002195981e+01 -4.002195981e+01 -9.8035e-02 -3.2168e+00
13886 +1.755497556e-02 +1.755497556e-02 -4.002244502e+01 -4.002244502e+01 -1.0030e-01 -3.2169e+00
13952 +1.714879340e-02 +1.714879340e-02 -4.002285121e+01 -4.002285121e+01 -1.0667e-01 -3.2170e+00
14034 +1.669932686e-02 +1.669932686e-02 -4.002330067e+01 -4.002330067e+01 -1.0410e-01 -3.2170e+00
14318 +1.655963975e-02 +1.655963975e-02 -4.002344036e+01 -4.002344036e+01 -1.0486e-01 -3.2170e+00
14394 +1.604665924e-02 +1.604665924e-02 -4.002395334e+01 -4.002395334e+01 -1.0904e-01 -3.2170e+00
14413 +1.568214188e-02 +1.568214188e-02 -4.002431786e+01 -4.002431786e+01 -1.1047e-01 -3.2170e+00
14437 +1.541602386e-02 +1.541602386e-02 -4.002458398e+01 -4.002458398e+01 -1.1254e-01 -3.2171e+00
14468 +1.492607210e-02 +1.492607210e-02 -4.002507393e+01 -4.002507393e+01 -1.1659e-01 -3.2172e+00
14506 +1.450537256e-02 +1.450537256e-02 -4.002549463e+01 -4.002549463e+01 -1.2287e-01 -3.2172e+00
14527 +1.444994754e-02 +1.444994754e-02 -4.002555005e+01 -4.002555005e+01 -1.2014e-01 -3.2172e+00
14533 +1.329843951e-02 +1.329843951e-02 -4.002670156e+01 -4.002670156e+01 -1.2974e-01 -3.2174e+00
14968 +1.313057089e-02 +1.313057089e-02 -4.002686943e+01 -4.002686943e+01 -1.3242e-01 -3.2174e+00
15018 +1.224524455e-02 +1.224524455e-02 -4.002775476e+01 -4.002775476e+01 -1.3626e-01 -3.2175e+00
15209 +1.198654382e-02 +1.198654382e-02 -4.002801346e+01 -4.002801346e+01 -1.3656e-01 -3.2175e+00
15363 +1.171299347e-02 +1.171299347e-02 -4.002828701e+01 -4.002828701e+01 -1.3779e-01 -3.2175e+00
15405 +1.142210611e-02 +1.142210611e-02 -4.002857789e+01 -4.002857789e+01 -1.3946e-01 -3.2176e+00
15407 +1.070471683e-02 +1.070471683e-02 -4.002929528e+01 -4.002929528e+01 -1.4279e-01 -3.2176e+00
15434 +1.024063052e-02 +1.024063052e-02 -4.002975937e+01 -4.002975937e+01 -1.4351e-01 -3.2176e+00
15470 +9.848006491e-03 +9.848006491e-03 -4.003015199e+01 -4.003015199e+01 -1.4563e-01 -3.2176e+00
15510 +9.539039277e-03 +9.539039277e-03 -4.003046096e+01 -4.003046096e+01 -1.4562e-01 -3.2176e+00
15529 +6.521617635e-03 +6.521617635e-03 -4.003347838e+01 -4.003347838e+01 -1.5579e-01 -3.2178e+00
15728 +5.406501395e-03 +5.406501395e-03 -4.003459350e+01 -4.003459350e+01 -1.6011e-01 -3.2179e+00
15866 +4.782834397e-03 +4.782834397e-03 -4.003521717e+01 -4.003521717e+01 -1.6333e-01 -3.2179e+00
15961 +4.358512187e-03 +4.358512187e-03 -4.003564149e+01 -4.003564149e+01 -1.6745e-01 -3.2180e+00
16023 +3.998680178e-03 +3.998680178e-03 -4.003600132e+01 -4.003600132e+01 -1.6974e-01 -3.2180e+00
16051 +3.660683311e-03 +3.660683311e-03 -4.003633932e+01 -4.003633932e+01 -1.7968e-01 -3.2182e+00
16066 +3.103168353e-03 +3.103168353e-03 -4.003689683e+01 -4.003689683e+01 -1.8984e-01 -3.2184e+00
19803 +2.913992832e-03 +2.913992832e-03 -4.003708601e+01 -4.003708601e+01 -1.8931e-01 -3.2184e+00
19830 +2.856459465e-03 +2.856459465e-03 -4.003714354e+01 -4.003714354e+01 -1.8997e-01 -3.2184e+00
20048 +2.633811509e-03 +2.633811509e-03 -4.003736619e+01 -4.003736619e+01 -1.9132e-01 -3.2184e+00
20133 +2.581426845e-03 +2.581426845e-03 -4.003741857e+01 -4.003741857e+01 -1.9300e-01 -3.2184e+00
20165 +2.407884989e-03 +2.407884989e-03 -4.003759212e+01 -4.003759212e+01 -1.9240e-01 -3.2184e+00
20169 +2.280414705e-03 +2.280414705e-03 -4.003771959e+01 -4.003771959e+01 -1.9335e-01 -3.2184e+00
20286 +1.902396738e-03 +1.902396738e-03 -4.003809760e+01 -4.003809760e+01 -1.9533e-01 -3.2185e+00
20362 +1.785537542e-03 +1.785537542e-03 -4.003821446e+01 -4.003821446e+01 -1.9671e-01 -3.2185e+00
20397 +1.756151463e-03 +1.756151463e-03 -4.003824385e+01 -4.003824385e+01 -1.9672e-01 -3.2185e+00
20437 +1.700074585e-03 +1.700074585e-03 -4.003829993e+01 -4.003829993e+01 -1.9705e-01 -3.2185e+00
20438 +1.696111799e-03 +1.696111799e-03 -4.003830389e+01 -4.003830389e+01 -1.9687e-01 -3.2185e+00
20517 +1.505571185e-03 +1.505571185e-03 -4.003849443e+01 -4.003849443e+01 -1.9806e-01 -3.2185e+00
20541 +1.452379260e-03 +1.452379260e-03 -4.003854762e+01 -4.003854762e+01 -2.0022e-01 -3.2185e+00
20552 +1.214759799e-03 +1.214759799e-03 -4.003878524e+01 -4.003878524e+01 -2.0108e-01 -3.2186e+00
20732 +1.192069457e-03 +1.192069457e-03 -4.003880793e+01 -4.003880793e+01 -2.0090e-01 -3.2186e+00
20771 +1.163732676e-03 +1.163732676e-03 -4.003883627e+01 -4.003883627e+01 -2.0132e-01 -3.2186e+00
20786 +1.133098501e-03 +1.133098501e-03 -4.003886690e+01 -4.003886690e+01 -2.0173e-01 -3.2186e+00
20854 +1.110957477e-03 +1.110957477e-03 -4.003888904e+01 -4.003888904e+01 -2.0211e-01 -3.2186e+00
20951 +1.092558457e-03 +1.092558457e-03 -4.003890744e+01 -4.003890744e+01 -2.0219e-01 -3.2186e+00
20970 +1.047881673e-03 +1.047881673e-03 -4.003895212e+01 -4.003895212e+01 -2.0316e-01 -3.2186e+00
21021 +9.842483677e-04 +9.842483677e-04 -4.003901575e+01 -4.003901575e+01 -2.0432e-01 -3.2186e+00
21172 +9.737252929e-04 +9.737252929e-04 -4.003902627e+01 -4.003902627e+01 -2.0472e-01 -3.2186e+00
21219 +9.545843076e-04 +9.545843076e-04 -4.003904542e+01 -4.003904542e+01 -2.0534e-01 -3.2186e+00
21427 +9.305783336e-04 +9.305783336e-04 -4.003906942e+01 -4.003906942e+01 -2.0630e-01 -3.2187e+00
21619 +8.529406003e-04 +8.529406003e-04 -4.003914706e+01 -4.003914706e+01 -2.1059e-01 -3.2187e+00
22751 +8.506873254e-04 +8.506873254e-04 -4.003914931e+01 -4.003914931e+01 -2.1073e-01 -3.2187e+00
22965 +8.253661721e-04 +8.253661721e-04 -4.003917463e+01 -4.003917463e+01 -2.1143e-01 -3.2187e+00
23009 +8.109214709e-04 +8.109214709e-04 -4.003918908e+01 -4.003918908e+01 -2.1185e-01 -3.2188e+00
23102 +7.669232477e-04 +7.669232477e-04 -4.003923308e+01 -4.003923308e+01 -2.1266e-01 -3.2188e+00
23125 +7.251383238e-04 +7.251383238e-04 -4.003927486e+01 -4.003927486e+01 -2.1382e-01 -3.2188e+00
23138 +7.210534908e-04 +7.210534908e-04 -4.003927895e+01 -4.003927895e+01 -2.1350e-01 -3.2188e+00
23162 +6.705426342e-04 +6.705426342e-04 -4.003932946e+01 -4.003932946e+01 -2.1419e-01 -3.2188e+00
23358 +6.565360491e-04 +6.565360491e-04 -4.003934346e+01 -4.003934346e+01 -2.1444e-01 -3.2188e+00
23378 +6.373585049e-04 +6.373585049e-04 -4.003936264e+01 -4.003936264e+01 -2.1469e-01 -3.2188e+00
23430 +6.260129343e-04 +6.260129343e-04 -4.003937399e+01 -4.003937399e+01 -2.1481e-01 -3.2188e+00
23438 +4.388878919e-04 +4.388878919e-04 -4.003956111e+01 -4.003956111e+01 -2.1760e-01 -3.2188e+00
23476 +4.317393471e-04 +4.317393471e-04 -4.003956826e+01 -4.003956826e+01 -2.1794e-01 -3.2189e+00
23496 +4.234022552e-04 +4.234022552e-04 -4.003957660e+01 -4.003957660e+01 -2.1770e-01 -3.2189e+00
23503 +4.044637663e-04 +4.044637663e-04 -4.003959554e+01 -4.003959554e+01 -2.1804e-01 -3.2189e+00
23540 +3.971928749e-04 +3.971928749e-04 -4.003960281e+01 -4.003960281e+01 -2.1838e-01 -3.2189e+00
23548 +3.497150047e-04 +3.497150047e-04 -4.003965028e+01 -4.003965028e+01 -2.2060e-01 -3.2189e+00
23569 +3.370415937e-04 +3.370415937e-04 -4.003966296e+01 -4.003966296e+01 -2.2046e-01 -3.2189e+00
23571 +2.823873370e-04 +2.823873370e-04 -4.003971761e+01 -4.003971761e+01 -2.2108e-01 -3.2189e+00
23604 +2.421938124e-04 +2.421938124e-04 -4.003975781e+01 -4.003975781e+01 -2.2299e-01 -3.2189e+00
23795 +2.369211049e-04 +2.369211049e-04 -4.003976308e+01 -4.003976308e+01 -2.2278e-01 -3.2189e+00
23817 +2.326478854e-04 +2.326478854e-04 -4.003976735e+01 -4.003976735e+01 -2.2310e-01 -3.2189e+00
23870 +2.280353666e-04 +2.280353666e-04 -4.003977196e+01 -4.003977196e+01 -2.2320e-01 -3.2189e+00
23873 +2.221562353e-04 +2.221562353e-04 -4.003977784e+01 -4.003977784e+01 -2.2347e-01 -3.2189e+00
23878 +2.160738710e-04 +2.160738710e-04 -4.003978393e+01 -4.003978393e+01 -2.2397e-01 -3.2190e+00
23949 +2.126802492e-04 +2.126802492e-04 -4.003978732e+01 -4.003978732e+01 -2.2400e-01 -3.2190e+00
23990 +2.088835927e-04 +2.088835927e-04 -4.003979112e+01 -4.003979112e+01 -2.2458e-01 -3.2190e+00
23999 +2.032145499e-04 +2.032145499e-04 -4.003979679e+01 -4.003979679e+01 -2.2433e-01 -3.2190e+00
24105 +1.955699942e-04 +1.955699942e-04 -4.003980443e+01 -4.003980443e+01 -2.2476e-01 -3.2190e+00
24142 +1.908091848e-04 +1.908091848e-04 -4.003980919e+01 -4.003980919e+01 -2.2479e-01 -3.2190e+00
24199 +1.871068330e-04 +1.871068330e-04 -4.003981289e+01 -4.003981289e+01 -2.2492e-01 -3.2190e+00
24260 +1.841092102e-04 +1.841092102e-04 -4.003981589e+01 -4.003981589e+01 -2.2504e-01 -3.2190e+00
24426 +1.744020645e-04 +1.744020645e-04 -4.003982560e+01 -4.003982560e+01 -2.2543e-01 -3.2190e+00
24468 +1.698749354e-04 +1.698749354e-04 -4.003983013e+01 -4.003983013e+01 -2.2556e-01 -3.2190e+00
24485 +1.666125888e-04 +1.666125888e-04 -4.003983339e+01 -4.003983339e+01 -2.2588e-01 -3.2190e+00
24526 +1.632005334e-04 +1.632005334e-04 -4.003983680e+01 -4.003983680e+01 -2.2610e-01 -3.2190e+00
24561 +1.553057432e-04 +1.553057432e-04 -4.003984469e+01 -4.003984469e+01 -2.2607e-01 -3.2190e+00
24612 +1.504010444e-04 +1.504010444e-04 -4.003984960e+01 -4.003984960e+01 -2.2644e-01 -3.2190e+00
24651 +1.394329654e-04 +1.394329654e-04 -4.003986057e+01 -4.003986057e+01 -2.2683e-01 -3.2190e+00
24744 +1.356261452e-04 +1.356261452e-04 -4.003986437e+01 -4.003986437e+01 -2.2679e-01 -3.2190e+00
24764 +1.280298233e-04 +1.280298233e-04 -4.003987197e+01 -4.003987197e+01 -2.2713e-01 -3.2190e+00
25060 +1.255684790e-04 +1.255684790e-04 -4.003987443e+01 -4.003987443e+01 -2.2720e-01 -3.2190e+00
25135 +1.217314219e-04 +1.217314219e-04 -4.003987827e+01 -4.003987827e+01 -2.2738e-01 -3.2190e+00
25173 +1.200760347e-04 +1.200760347e-04 -4.003987992e+01 -4.003987992e+01 -2.2743e-01 -3.2190e+00
25209 +1.172792957e-04 +1.172792957e-04 -4.003988272e+01 -4.003988272e+01 -2.2781e-01 -3.2190e+00
25221 +1.115982727e-04 +1.115982727e-04 -4.003988840e+01 -4.003988840e+01 -2.2805e-01 -3.2190e+00
25326 +1.093462281e-04 +1.093462281e-04 -4.003989065e+01 -4.003989065e+01 -2.2807e-01 -3.2190e+00
25368 +1.049495685e-04 +1.049495685e-04 -4.003989505e+01 -4.003989505e+01 -2.2829e-01 -3.2190e+00
25383 +1.040039105e-04 +1.040039105e-04 -4.003989600e+01 -4.003989600e+01 -2.2823e-01 -3.2190e+00
25404 +1.008695365e-04 +1.008695365e-04 -4.003989913e+01 -4.003989913e+01 -2.2855e-01 -3.2190e+00
25423 +9.938442020e-05 +9.938442020e-05 -4.003990062e+01 -4.003990062e+01 -2.2851e-01 -3.2190e+00
25507 +9.706657372e-05 +9.706657372e-05 -4.003990293e+01 -4.003990293e+01 -2.2869e-01 -3.2190e+00
25562 +9.497942532e-05 +9.497942532e-05 -4.003990502e+01 -4.003990502e+01 -2.2883e-01 -3.2190e+00
25645 +9.126790250e-05 +9.126790250e-05 -4.003990873e+01 -4.003990873e+01 -2.2902e-01 -3.2190e+00
25720 +9.102497737e-05 +9.102497737e-05 -4.003990898e+01 -4.003990898e+01 -2.2902e-01 -3.2190e+00
25834 +8.877880334e-05 +8.877880334e-05 -4.003991122e+01 -4.003991122e+01 -2.2917e-01 -3.2190e+00
25868 +8.696393188e-05 +8.696393188e-05 -4.003991304e+01 -4.003991304e+01 -2.2935e-01 -3.2190e+00
25947 +8.189489209e-05 +8.189489209e-05 -4.003991811e+01 -4.003991811e+01 -2.2961e-01 -3.2191e+00
25996 +7.935451418e-05 +7.935451418e-05 -4.003992065e+01 -4.003992065e+01 -2.2973e-01 -3.2191e+00
26107 +7.636630257e-05 +7.636630257e-05 -4.003992363e+01 -4.003992363e+01 -2.2990e-01 -3.2191e+00
26121 +7.534834140e-05 +7.534834140e-05 -4.003992465e+01 -4.003992465e+01 -2.2996e-01 -3.2191e+00
26152 +7.391187606e-05 +7.391187606e-05 -4.003992609e+01 -4.003992609e+01 -2.3004e-01 -3.2191e+00
26303 +7.006776828e-05 +7.006776828e-05 -4.003992993e+01 -4.003992993e+01 -2.3026e-01 -3.2191e+00
26336 +6.696175322e-05 +6.696175322e-05 -4.003993304e+01 -4.003993304e+01 -2.3042e-01 -3.2191e+00
26415 +6.286259811e-05 +6.286259811e-05 -4.003993714e+01 -4.003993714e+01 -2.3063e-01 -3.2191e+00
26436 +6.130550301e-05 +6.130550301e-05 -4.003993869e+01 -4.003993869e+01 -2.3087e-01 -3.2191e+00
26444 +6.020011404e-05 +6.020011404e-05 -4.003993980e+01 -4.003993980e+01 -2.3075e-01 -3.2191e+00
26465 +4.696338632e-05 +4.696338632e-05 -4.003995304e+01 -4.003995304e+01 -2.3148e-01 -3.2191e+00
26471 +4.402726810e-05 +4.402726810e-05 -4.003995597e+01 -4.003995597e+01 -2.3215e-01 -3.2191e+00
27056 +4.238075452e-05 +4.238075452e-05 -4.003995762e+01 -4.003995762e+01 -2.3167e-01 -3.2191e+00
27125 +3.905976559e-05 +3.905976559e-05 -4.003996094e+01 -4.003996094e+01 -2.3190e-01 -3.2191e+00
27133 +3.663580610e-05 +3.663580610e-05 -4.003996336e+01 -4.003996336e+01 -2.3222e-01 -3.2191e+00
27350 +3.563464900e-05 +3.563464900e-05 -4.003996437e+01 -4.003996437e+01 -2.3210e-01 -3.2191e+00
27353 +3.469948326e-05 +3.469948326e-05 -4.003996530e+01 -4.003996530e+01 -2.3217e-01 -3.2191e+00
27438 +3.260928803e-05 +3.260928803e-05 -4.003996739e+01 -4.003996739e+01 -2.3235e-01 -3.2191e+00
27551 +3.205295994e-05 +3.205295994e-05 -4.003996795e+01 -4.003996795e+01 -2.3246e-01 -3.2191e+00
27679 +3.116498964e-05 +3.116498964e-05 -4.003996884e+01 -4.003996884e+01 -2.3250e-01 -3.2191e+00
27705 +3.068969318e-05 +3.068969318e-05 -4.003996931e+01 -4.003996931e+01 -2.3256e-01 -3.2191e+00
27772 +2.861020387e-05 +2.861020387e-05 -4.003997139e+01 -4.003997139e+01 -2.3283e-01 -3.2191e+00
27835 +2.719657343e-05 +2.719657343e-05 -4.003997280e+01 -4.003997280e+01 -2.3312e-01 -3.2191e+00
27889 +2.638876867e-05 +2.638876867e-05 -4.003997361e+01 -4.003997361e+01 -2.3350e-01 -3.2191e+00
28016 +2.603374119e-05 +2.603374119e-05 -4.003997397e+01 -4.003997397e+01 -2.3351e-01 -3.2191e+00
28269 +2.476694454e-05 +2.476694454e-05 -4.003997523e+01 -4.003997523e+01 -2.3373e-01 -3.2191e+00
28360 +2.367268389e-05 +2.367268389e-05 -4.003997633e+01 -4.003997633e+01 -2.3391e-01 -3.2191e+00
28408 +2.323965899e-05 +2.323965899e-05 -4.003997676e+01 -4.003997676e+01 -2.3396e-01 -3.2191e+00
28521 +2.267841268e-05 +2.267841268e-05 -4.003997732e+01 -4.003997732e+01 -2.3403e-01 -3.2191e+00
28545 +2.237968626e-05 +2.237968626e-05 -4.003997762e+01 -4.003997762e+01 -2.3405e-01 -3.2191e+00
28576 +2.182662278e-05 +2.182662278e-05 -4.003997817e+01 -4.003997817e+01 -2.3416e-01 -3.2191e+00
28583 +1.949747578e-05 +1.949747578e-05 -4.003998050e+01 -4.003998050e+01 -2.3431e-01 -3.2191e+00
28636 +1.751540140e-05 +1.751540140e-05 -4.003998248e+01 -4.003998248e+01 -2.3446e-01 -3.2191e+00
28729 +1.692975020e-05 +1.692975020e-05 -4.003998307e+01 -4.003998307e+01 -2.3450e-01 -3.2191e+00
28749 +1.649324324e-05 +1.649324324e-05 -4.003998351e+01 -4.003998351e+01 -2.3458e-01 -3.2191e+00
28866 +1.566015111e-05 +1.566015111e-05 -4.003998434e+01 -4.003998434e+01 -2.3463e-01 -3.2191e+00
28908 +1.492810630e-05 +1.492810630e-05 -4.003998507e+01 -4.003998507e+01 -2.3465e-01 -3.2191e+00
28919 +1.327024026e-05 +1.327024026e-05 -4.003998673e+01 -4.003998673e+01 -2.3481e-01 -3.2191e+00
29037 +1.220730132e-05 +1.220730132e-05 -4.003998779e+01 -4.003998779e+01 -2.3485e-01 -3.2191e+00
29105 +1.187132103e-05 +1.187132103e-05 -4.003998813e+01 -4.003998813e+01 -2.3487e-01 -3.2191e+00
29114 +1.172762340e-05 +1.172762340e-05 -4.003998827e+01 -4.003998827e+01 -2.3491e-01 -3.2191e+00
29138 +1.125444874e-05 +1.125444874e-05 -4.003998875e+01 -4.003998875e+01 -2.3493e-01 -3.2191e+00
29156 +1.034445916e-05 +1.034445916e-05 -4.003998966e+01 -4.003998966e+01 -2.3503e-01 -3.2191e+00
29187 +9.732662733e-06 +9.732662733e-06 -4.003999027e+01 -4.003999027e+01 -2.3507e-01 -3.2191e+00
29230 +9.479240170e-06 +9.479240170e-06 -4.003999052e+01 -4.003999052e+01 -2.3520e-01 -3.2191e+00
29265 +8.916148573e-06 +8.916148573e-06 -4.003999108e+01 -4.003999108e+01 -2.3516e-01 -3.2191e+00
29275 +8.797003396e-06 +8.797003396e-06 -4.003999120e+01 -4.003999120e+01 -2.3520e-01 -3.2191e+00
29291 +8.437766496e-06 +8.437766496e-06 -4.003999156e+01 -4.003999156e+01 -2.3534e-01 -3.2191e+00
29300 +7.342374943e-06 +7.342374943e-06 -4.003999266e+01 -4.003999266e+01 -2.3543e-01 -3.2192e+00
29312 +7.120295564e-06 +7.120295564e-06 -4.003999288e+01 -4.003999288e+01 -2.3548e-01 -3.2192e+00
29394 +6.827555751e-06 +6.827555751e-06 -4.003999317e+01 -4.003999317e+01 -2.3561e-01 -3.2192e+00
29533 +6.752595809e-06 +6.752595809e-06 -4.003999325e+01 -4.003999325e+01 -2.3570e-01 -3.2192e+00
% function evaluation | noise-free fitness - Fopt (-1.038100000000e+02) | best noise-free fitness - Fopt | measured fitness | best measured fitness | x1 | x2...
1 +1.298933720e+07 +1.298933720e+07 +1.298923339e+07 +1.298923339e+07 +0.0000e+00 +0.0000e+00
90 +1.691468304e+06 +1.691468304e+06 +1.691364494e+06 +1.691364494e+06 +1.6006e+00 +3.8547e+00
119 +1.441528910e+05 +1.441528910e+05 +1.440490810e+05 +1.440490810e+05 +2.3564e+00 +4.0518e+00
150 +9.407527924e+04 +9.407527924e+04 +9.397146924e+04 +9.397146924e+04 +3.1356e+00 +1.3376e+00
207 +4.701843105e+04 +4.701843105e+04 +4.691462105e+04 +4.691462105e+04 +3.3582e+00 +2.5698e+00
242 +1.767946386e+04 +1.767946386e+04 +1.757565386e+04 +1.757565386e+04 +2.7686e+00 +3.4762e+00
288 +5.184461542e+03 +5.184461542e+03 +5.080651542e+03 +5.080651542e+03 +3.0158e+00 +3.3857e+00
308 +2.468707373e+03 +2.468707373e+03 +2.364897373e+03 +2.364897373e+03 +2.8824e+00 +3.7909e+00
374 +1.386889036e+03 +1.386889036e+03 +1.283079036e+03 +1.283079036e+03 +2.9605e+00 +3.4243e+00
394 +6.093439177e+02 +6.093439177e+02 +5.055339177e+02 +5.055339177e+02 +2.9699e+00 +3.1454e+00
409 +3.523260805e+02 +3.523260805e+02 +2.485160805e+02 +2.485160805e+02 +2.8765e+00 +3.5387e+00
440 +3.151369968e+01 +3.151369968e+01 -7.229630032e+01 -7.229630032e+01 +2.9483e+00 +3.3124e+00
484 +1.474458760e+01 +1.474458760e+01 -8.906541240e+01 -8.906541240e+01 +2.9292e+00 +3.4076e+00
608 +1.415476693e+01 +1.415476693e+01 -8.965523307e+01 -8.965523307e+01 +2.9516e+00 +3.3182e+00
17979 +1.409905354e+01 +1.409905354e+01 -8.971094646e+01 -8.971094646e+01 +2.9414e+00 +3.3566e+00
23688 +1.380336673e+01 +1.380336673e+01 -9.000663327e+01 -9.000663327e+01 +2.9496e+00 +3.3237e+00
28086 +1.348050337e+01 +1.348050337e+01 -9.032949663e+01 -9.032949663e+01 +2.9587e+00 +3.2871e+00
32506 +1.317687924e+01 +1.317687924e+01 -9.063312076e+01 -9.063312076e+01 +2.9671e+00 +3.2531e+00
38042 +1.288125171e+01 +1.288125171e+01 -9.092874829e+01 -9.092874829e+01 +2.9756e+00 +3.2190e+00
43435 +1.258718790e+01 +1.258718790e+01 -9.122281210e+01 -9.122281210e+01 +2.9841e+00 +3.1847e+00
% function evaluation | noise-free fitness - Fopt (-2.380000000000e+01) | best noise-free fitness - Fopt | measured fitness | best measured fitness | x1 | x2...
1 +3.215436078e+05 +3.215436078e+05 +3.215198078e+05 +3.215198078e+05 +0.0000e+00 +0.0000e+00
2 +1.284746168e+05 +1.284746168e+05 +1.284508168e+05 +1.284508168e+05 +1.4642e+00 -4.3451e-01
4 +1.132650373e+05 +1.132650373e+05 +1.132412373e+05 +1.132412373e+05 +1.3012e+00 -4.6576e-01
5 +5.131615176e+04 +5.131615176e+04 +5.129235176e+04 +5.129235176e+04 +1.2610e+00 -3.7003e-01
7 +1.313965483e+04 +1.313965483e+04 +1.311585483e+04 +1.311585483e+04 +1.2046e+00 -2.6494e-01
14 +1.043053574e+04 +1.043053574e+04 +1.040673574e+04 +1.040673574e+04 +1.1922e+00 -2.5698e-01
25 +3.422648300e+03 +3.422648300e+03 +3.398848300e+03 +3.398848300e+03 +1.1413e+00 -1.0778e-01
26 +3.275396095e+02 +3.275396095e+02 +3.037396095e+02 +3.037396095e+02 +1.4027e+00 -8.3624e-02
33 +1.365600078e+02 +1.365600078e+02 +1.127600078e+02 +1.127600078e+02 +1.3599e+00 -9.3710e-02
41 +7.717974517e+01 +7.717974517e+01 +5.337974517e+01 +5.337974517e+01 +1.1156e+00 -1.9399e-01
44 +5.385811010e+01 +5.385811010e+01 +3.005811010e+01 +3.005811010e+01 +1.2191e+00 -1.4866e-01
58 +1.690962834e+01 +1.690962834e+01 -6.890371661e+00 -6.890371661e+00 +1.1432e+00 -1.7568e-01
160 +1.429719489e+01 +1.429719489e+01 -9.502805112e+00 -9.502805112e+00 +1.1516e+00 -1.6985e-01
234 +1.387639275e+01 +1.387639275e+01 -9.923607248e+00 -9.923607248e+00 +1.1154e+00 -1.8550e-01
6028 +1.380339369e+01 +1.380339369e+01 -9.996606308e+00 -9.996606308e+00 +1.1077e+00 -1.8886e-01
21220 +1.348748873e+01 +1.348748873e+01 -1.031251127e+01 -1.031251127e+01 +1.0710e+00 -2.0444e-01
32831 +1.318126377e+01 +1.318126377e+01 -1.061873623e+01 -1.061873623e+01 +1.0353e+00 -2.1960e-01
43491 +1.288083052e+01 +1.288083052e+01 -1.091916948e+01 -1.091916948e+01 +9.9973e-01 -2.3479e-01
% function evaluation | noise-free fitness - Fopt (7.459000000000e+01) | best noise-free fitness - Fopt | measured fitness | best measured fitness | x1 | x2...
1 +9.607702948e+06 +9.607702948e+06 +9.607777538e+06 +9.607777538e+06 +0.0000e+00 +0.0000e+00
112 +4.978717236e+06 +4.978717236e+06 +4.978791826e+06 +4.978791826e+06 +8.5129e-01 -9.8204e-01
115 +8.076292348e+04 +8.076292348e+04 +8.083751348e+04 +8.083751348e+04 +7.8984e-01 -3.5491e+00
160 +6.628678835e+04 +6.628678835e+04 +6.636137835e+04 +6.636137835e+04 +1.1746e+00 -3.0534e+00
174 +2.076351719e+04 +2.076351719e+04 +2.083810719e+04 +2.083810719e+04 +1.2345e+00 -3.4709e+00
194 +1.608326635e+04 +1.608326635e+04 +1.615785635e+04 +1.615785635e+04 +1.3048e+00 -3.4600e+00
198 +2.808569845e+03 +2.808569845e+03 +2.883159845e+03 +2.883159845e+03 +9.4951e-01 -3.2343e+00
220 +4.658348632e+02 +4.658348632e+02 +5.404248632e+02 +5.404248632e+02 +1.2289e+00 -3.3410e+00
286 +4.391201605e+01 +4.391201605e+01 +1.185020160e+02 +1.185020160e+02 +1.1888e+00 -3.3080e+00
399 +4.030190562e+01 +4.030190562e+01 +1.148919056e+02 +1.148919056e+02 +1.4516e+00 -3.3389e+00
433 +3.908879608e+00 +3.908879608e+00 +7.849887961e+01 +7.849887961e+01 +1.2657e+00 -3.3252e+00
569 +2.576146896e+00 +2.576146896e+00 +7.716614690e+01 +7.716614690e+01 +1.6233e+00 -3.3651e+00
820 +2.380903350e+00 +2.380903350e+00 +7.697090335e+01 +7.697090335e+01 +1.3707e+00 -3.3353e+00
1007 +2.105895480e+00 +2.105895480e+00 +7.669589548e+01 +7.669589548e+01 +1.4232e+00 -3.3419e+00
10786 +2.089248078e+00 +2.089248078e+00 +7.667924808e+01 +7.667924808e+01 +1.4082e+00 -3.3402e+00
27359 +2.041683574e+00 +2.041683574e+00 +7.663168357e+01 +7.663168357e+01 +1.3505e+00 -3.3335e+00
% function evaluation | noise-free fitness - Fopt (2.225900000000e+02) | best noise-free fitness - Fopt | measured fitness | best measured fitness | x1 | x2...
1 +6.895870543e+06 +6.895870543e+06 +6.896093133e+06 +6.896093133e+06 +0.0000e+00 +0.0000e+00
2 +3.241844898e+05 +3.241844898e+05 +3.244070798e+05 +3.244070798e+05 -2.5999e+00 -5.5367e+00
11 +3.017993340e+05 +3.017993340e+05 +3.020219240e+05 +3.020219240e+05 -2.6193e+00 -5.5967e+00
25 +2.724295829e+05 +2.724295829e+05 +2.726521729e+05 +2.726521729e+05 -2.5392e+00 -5.5751e+00
27 +1.730798649e+05 +1.730798649e+05 +1.733024549e+05 +1.733024549e+05 -2.2298e+00 -5.4613e+00
46 +7.244021986e+04 +7.244021986e+04 +7.266280986e+04 +7.266280986e+04 -2.4763e+00 -5.8942e+00
47 +5.862472836e+04 +5.862472836e+04 +5.884731836e+04 +5.884731836e+04 -1.8416e+00 -5.3027e+00
49 +3.373846402e+04 +3.373846402e+04 +3.396105402e+04 +3.396105402e+04 -1.8689e+00 -5.4243e+00
52 +2.891269057e+04 +2.891269057e+04 +2.913528057e+04 +2.913528057e+04 -2.4393e+00 -6.0107e+00
53 +6.923439762e+01 +6.923439762e+01 +2.918243976e+02 +2.918243976e+02 -1.9696e+00 -5.7671e+00
289 +4.879421608e+01 +4.879421608e+01 +2.713842161e+02 +2.713842161e+02 -1.2679e+00 -5.0780e+00
486 +4.767184314e+01 +4.767184314e+01 +2.702618431e+02 +2.702618431e+02 -1.3187e+00 -5.1261e+00
16597 +4.677168029e+01 +4.677168029e+01 +2.693616803e+02 +2.693616803e+02 -1.2817e+00 -5.0895e+00
34253 +4.570857579e+01 +4.570857579e+01 +2.682985758e+02 +2.682985758e+02 -1.2383e+00 -5.0464e+00
% function evaluation | noise-free fitness - Fopt (-2.977700000000e+02) | best noise-free fitness - Fopt | measured fitness | best measured fitness | x1 | x2...
1 +5.039355240e+05 +5.039355240e+05 +5.036377540e+05 +5.036377540e+05 +0.0000e+00 +0.0000e+00
2 +9.287086884e+03 +9.287086884e+03 +8.989316884e+03 +8.989316884e+03 +6.8785e-01 -4.7539e-01
4 +3.052927083e+03 +3.052927083e+03 +2.755157083e+03 +2.755157083e+03 +6.0282e-01 -5.2296e-01
6 +4.046246929e+02 +4.046246929e+02 +1.068546929e+02 +1.068546929e+02 +6.2236e-01 -4.2896e-01
9 +2.705130640e+02 +2.705130640e+02 -2.725693599e+01 -2.725693599e+01 +4.7748e-01 -5.7853e-01
22 +2.225244156e+01 +2.225244156e+01 -2.755175584e+02 -2.755175584e+02 +5.5291e-01 -5.0369e-01
64 +5.437938172e+00 +5.437938172e+00 -2.923320618e+02 -2.923320618e+02 +6.6332e-01 -3.3493e-01
75 +2.969705913e+00 +2.969705913e+00 -2.948002941e+02 -2.948002941e+02 +6.3859e-01 -3.6968e-01
211 +2.942471970e+00 +2.942471970e+00 -2.948275280e+02 -2.948275280e+02 +5.8064e-01 -4.5499e-01
