% function evaluation | noise-free fitness - Fopt (7.627000000000e+01) | best noise-free fitness - Fopt | measured fitness | best measured fitness | x1 | x2...
1 +5.445689776e+06 +5.445689776e+06 +5.445766046e+06 +5.445766046e+06 +0.0000e+00 +0.0000e+00 +0.0000e+00 +0.0000e+00 +0.0000e+00
68 +4.099414011e+06 +4.099414011e+06 +4.099490281e+06 +4.099490281e+06 +1.7022e+00 -2.4059e+00 -1.3615e+00 +1.9095e+00 +4.9635e+00
91 +2.103484398e+06 +2.103484398e+06 +2.103560668e+06 +2.103560668e+06 +2.1987e+00 -2.6388e+00 -7.7041e-01 +1.4040e+00 +5.7647e+00
95 +8.482121950e+05 +8.482121950e+05 +8.482884650e+05 +8.482884650e+05 +1.2381e+00 -3.2363e+00 -7.2949e-01 +1.5456e+00 +5.4190e+00
97 +5.078685441e+05 +5.078685441e+05 +5.079448141e+05 +5.079448141e+05 +1.8361e+00 -3.8009e+00 -1.0357e+00 +1.8003e+00 +5.2738e+00
113 +3.313972836e+04 +3.313972836e+04 +3.321599836e+04 +3.321599836e+04 +1.7826e+00 -4.4190e+00 -1.0993e+00 +1.7524e+00 +4.6480e+00
114 +1.979234763e+04 +1.979234763e+04 +1.986861763e+04 +1.986861763e+04 +1.5218e+00 -4.7241e+00 -6.7745e-01 +2.5221e+00 +5.2392e+00
118 +9.187816742e+03 +9.187816742e+03 +9.264086742e+03 +9.264086742e+03 +7.4636e-01 -4.7714e+00 -1.1216e+00 +1.9768e+00 +4.9254e+00
128 +4.360848292e+03 +4.360848292e+03 +4.437118292e+03 +4.437118292e+03 +1.9622e+00 -4.5353e+00 -1.3291e+00 +1.2695e+00 +6.1460e+00
132 +1.305172816e+03 +1.305172816e+03 +1.381442816e+03 +1.381442816e+03 +1.6233e+00 -4.6351e+00 -1.0511e+00 +1.7915e+00 +5.3767e+00
135 +7.367857248e+02 +7.367857248e+02 +8.130557248e+02 +8.130557248e+02 +2.2597e+00 -4.7715e+00 -1.1185e+00 +1.6566e+00 +5.6369e+00
231 +9.585591613e+01 +9.585591613e+01 +1.721259161e+02 +1.721259161e+02 +1.0409e+00 -3.7976e+00 +5.3558e-01 +1.2788e+00 +6.0965e+00
286 +5.075662763e+01 +5.075662763e+01 +1.270266276e+02 +1.270266276e+02 -2.9540e-02 -3.5414e+00 +9.7102e-02 +9.6891e-01 +4.6984e+00
513 +2.535130711e+01 +2.535130711e+01 +1.016213071e+02 +1.016213071e+02 -3.5729e+00 -2.6503e+00 -1.7698e+00 -3.8720e-01 -8.3019e-02
748 +1.811422967e+01 +1.811422967e+01 +9.438422967e+01 +9.438422967e+01 -4.0902e+00 -3.3689e+00 -1.9727e+00 +1.6671e+00 -4.4039e+00
770 +1.715122407e+01 +1.715122407e+01 +9.342122407e+01 +9.342122407e+01 -3.5193e+00 -3.8628e+00 -2.7950e+00 +1.7647e+00 -3.7207e+00
42000 +1.694139887e+01 +1.694139887e+01 +9.321139887e+01 +9.321139887e+01 -4.5342e+00 -2.1933e+00 +3.7985e-01 +7.9749e-01 -1.8552e+00
42400 +1.649652013e+01 +1.649652013e+01 +9.276652013e+01 +9.276652013e+01 -4.4752e+00 -2.1933e+00 +3.7933e-01 +7.9749e-01 -1.9463e+00
44606 +1.621359534e+01 +1.621359534e+01 +9.248359534e+01 +9.248359534e+01 -4.4361e+00 -2.1932e+00 +3.8117e-01 +7.9749e-01 -1.9971e+00
45235 +1.583513868e+01 +1.583513868e+01 +9.210513868e+01 +9.210513868e+01 -4.3816e+00 -2.1932e+00 +3.8210e-01 +7.9750e-01 -2.0746e+00
47250 +1.548617560e+01 +1.548617560e+01 +9.175617560e+01 +9.175617560e+01 -4.3280e+00 -2.1933e+00 +3.8073e-01 +7.9750e-01 -2.1603e+00
48668 +1.513313579e+01 +1.513313579e+01 +9.140313579e+01 +9.140313579e+01 -4.2691e+00 -2.1933e+00 +3.8133e-01 +7.9750e-01 -2.2455e+00
51997 +1.479020388e+01 +1.479020388e+01 +9.106020388e+01 +9.106020388e+01 -4.2043e+00 -2.1933e+00 +3.8137e-01 +7.9750e-01 -2.3415e+00
56726 +1.445223832e+01 +1.445223832e+01 +9.072223832e+01 +9.072223832e+01 -4.1275e+00 -2.1933e+00 +3.8140e-01 +7.9750e-01 -2.4562e+00
62726 +1.412303973e+01 +1.412303973e+01 +9.039303973e+01 +9.039303973e+01 -4.0269e+00 -2.1933e+00 +3.8168e-01 +7.9750e-01 -2.6051e+00
% function evaluation | noise-free fitness - Fopt (-2.255000000000e+01) | best noise-free fitness - Fopt | measured fitness | best measured fitness | x1 | x2...
1 +2.352302546e+06 +2.352302546e+06 +2.352279996e+06 +2.352279996e+06 +0.0000e+00 +0.0000e+00 +0.0000e+00 +0.0000e+00 +0.0000e+00
115 +1.001084470e+05 +1.001084470e+05 +1.000858970e+05 +1.000858970e+05 +5.5327e+00 -4.1376e+00 -4.4738e+00 -8.4050e-01 +7.8107e-01
138 +2.508822233e+04 +2.508822233e+04 +2.506567233e+04 +2.506567233e+04 +3.4376e+00 -3.3578e+00 -2.3108e+00 -3.0648e+00 -1.0417e+00
176 +1.057533614e+04 +1.057533614e+04 +1.055278614e+04 +1.055278614e+04 +5.6685e+00 -4.1240e+00 -3.2206e+00 -1.7920e+00 +8.7635e-01
204 +7.437360275e+03 +7.437360275e+03 +7.414810275e+03 +7.414810275e+03 +6.6194e+00 -4.2176e+00 -3.2774e+00 -1.6642e+00 +2.0374e+00
242 +3.821499248e+03 +3.821499248e+03 +3.798949248e+03 +3.798949248e+03 +6.9593e+00 -4.1128e+00 -3.2090e+00 -1.9402e+00 +2.4623e+00
286 +2.651069596e+03 +2.651069596e+03 +2.628519596e+03 +2.628519596e+03 +6.0524e+00 -4.1025e+00 -3.4139e+00 -2.3949e+00 +1.2652e+00
330 +9.769928680e+01 +9.769928680e+01 +7.514928680e+01 +7.514928680e+01 +6.2427e+00 -4.0190e+00 -3.1893e+00 -3.4319e+00 +1.2567e+00
% function evaluation | noise-free fitness - Fopt (1.366000000000e+01) | best noise-free fitness - Fopt | measured fitness | best measured fitness | x1 | x2...
1 +6.739884890e+06 +6.739884890e+06 +6.739898550e+06 +6.739898550e+06 +0.0000e+00 +0.0000e+00 +0.0000e+00 +0.0000e+00 +0.0000e+00
2 +1.820452604e+06 +1.820452604e+06 +1.820466264e+06 +1.820466264e+06 +1.4218e+00 +4.1955e+00 +3.7217e+00 +3.7322e-01 +4.2795e+00
3 +1.425314603e+06 +1.425314603e+06 +1.425328263e+06 +1.425328263e+06 +1.4072e+00 +4.1422e+00 +3.8146e+00 +4.3232e-01 +3.9665e+00
4 +1.244717556e+06 +1.244717556e+06 +1.244731216e+06 +1.244731216e+06 +1.3661e+00 +4.1710e+00 +3.8097e+00 +6.0984e-01 +4.0874e+00
7 +7.548985781e+05 +7.548985781e+05 +7.549122381e+05 +7.549122381e+05 +1.5166e+00 +4.3332e+00 +3.8716e+00 +5.7371e-01 +3.9691e+00
26 +5.449488524e+05 +5.449488524e+05 +5.449625124e+05 +5.449625124e+05 +1.4684e+00 +4.5495e+00 +4.0130e+00 +4.5299e-01 +4.0026e+00
27 +5.008351229e+05 +5.008351229e+05 +5.008487829e+05 +5.008487829e+05 +1.5817e+00 +4.5042e+00 +3.7606e+00 +6.6311e-01 +3.8679e+00
49 +1.921706160e+05 +1.921706160e+05 +1.921842760e+05 +1.921842760e+05 +1.1392e+00 +4.4359e+00 +3.8971e+00 +1.0255e+00 +3.6612e+00
53 +1.002094963e+05 +1.002094963e+05 +1.002231563e+05 +1.002231563e+05 +1.3218e+00 +4.6549e+00 +3.7342e+00 +7.7008e-01 +3.4082e+00
69 +1.303977286e+04 +1.303977286e+04 +1.305343286e+04 +1.305343286e+04 +1.2797e+00 +5.2515e+00 +3.4160e+00 +6.2521e-01 +3.8920e+00
70 +4.472871756e+03 +4.472871756e+03 +4.486531756e+03 +4.486531756e+03 +1.2270e+00 +5.3197e+00 +4.2466e+00 +3.4566e-01 +3.3974e+00
88 +9.242380757e+02 +9.242380757e+02 +9.378980757e+02 +9.378980757e+02 +1.3941e+00 +5.2373e+00 +3.8424e+00 +7.0808e-01 +3.7169e+00
142 +1.144477980e+02 +1.144477980e+02 +1.281077980e+02 +1.281077980e+02 +1.5305e+00 +4.6242e+00 +3.5843e+00 +1.3325e+00 +3.0381e+00
225 +8.468266151e+01 +8.468266151e+01 +9.834266151e+01 +9.834266151e+01 +1.5932e+00 +5.4822e+00 +3.8457e+00 +1.1773e+00 +4.4047e+00
246 +4.534351327e+01 +4.534351327e+01 +5.900351327e+01 +5.900351327e+01 +1.6561e+00 +5.1744e+00 +3.6578e+00 +1.1706e+00 +3.8263e+00
523 +4.312032396e+01 +4.312032396e+01 +5.678032396e+01 +5.678032396e+01 +1.6042e+00 +5.4122e+00 +3.4238e+00 +8.5751e-01 +3.9881e+00
84114 +4.265782822e+01 +4.265782822e+01 +5.631782822e+01 +5.631782822e+01 +1.4718e+00 +5.5086e+00 +3.5116e+00 +5.4982e-01 +3.9519e+00
% function evaluation | noise-free fitness - Fopt (9.378400000000e+02) | best noise-free fitness - Fopt | measured fitness | best measured fitness | x1 | x2...
1 +8.250763278e+02 +8.250763278e+02 +1.762916328e+03 +1.762916328e+03 +0.0000e+00 +0.0000e+00 +0.0000e+00 +0.0000e+00 +0.0000e+00
223 +4.380136927e+02 +4.380136927e+02 +1.375853693e+03 +1.375853693e+03 -7.5804e-01 +5.9889e+00 +5.1729e-01 -7.2680e-01 -2.0609e+00
235 +1.024096787e+02 +1.024096787e+02 +1.040249679e+03 +1.040249679e+03 -9.6089e-01 +6.0697e+00 +2.4607e+00 -1.6940e+00 -2.1186e+00
383 +1.857679816e+01 +1.857679816e+01 +9.564167982e+02 +9.564167982e+02 -2.1677e-01 +6.2188e+00 +1.2069e+00 -2.7058e-01 -2.4533e+00
1040 +1.775963707e+01 +1.775963707e+01 +9.555996371e+02 +9.555996371e+02 -9.0748e-01 +6.7054e+00 +1.3494e+00 -8.2883e-01 -1.6701e+00
1649 +1.611047149e+01 +1.611047149e+01 +9.539504715e+02 +9.539504715e+02 -7.4668e-01 +6.3810e+00 +1.5291e+00 -6.9375e-01 -1.6097e+00
1820 +1.579524178e+01 +1.579524178e+01 +9.536352418e+02 +9.536352418e+02 -7.6944e-01 +6.2290e+00 +1.3237e+00 -6.8389e-01 -1.5597e+00
9541 +1.548012422e+01 +1.548012422e+01 +9.533201242e+02 +9.533201242e+02 -7.8821e-01 +6.2029e+00 +1.3582e+00 -7.1829e-01 -1.5343e+00
13659 +1.513314771e+01 +1.513314771e+01 +9.529731477e+02 +9.529731477e+02 -7.8418e-01 +6.1448e+00 +1.3548e+00 -7.2343e-01 -1.5260e+00
18075 +1.478893379e+01 +1.478893379e+01 +9.526289338e+02 +9.526289338e+02 -7.7668e-01 +6.0889e+00 +1.3558e+00 -7.2843e-01 -1.5265e+00
20441 +1.445173301e+01 +1.445173301e+01 +9.522917330e+02 +9.522917330e+02 -7.6620e-01 +6.0284e+00 +1.3554e+00 -7.2936e-01 -1.5260e+00
26024 +1.412471037e+01 +1.412471037e+01 +9.519647104e+02 +9.519647104e+02 -7.5409e-01 +5.9628e+00 +1.3556e+00 -7.2959e-01 -1.5262e+00
34440 +1.380062028e+01 +1.380062028e+01 +9.516406203e+02 +9.516406203e+02 -7.3951e-01 +5.8851e+00 +1.3557e+00 -7.2946e-01 -1.5262e+00
45085 +1.348812983e+01 +1.348812983e+01 +9.513281298e+02 +9.513281298e+02 -7.2285e-01 +5.7950e+00 +1.3555e+00 -7.2955e-01 -1.5262e+00
56561 +1.318122881e+01 +1.318122881e+01 +9.510212288e+02 +9.510212288e+02 -7.0566e-01 +5.7031e+00 +1.3559e+00 -7.2954e-01 -1.5262e+00
65168 +1.288168256e+01 +1.288168256e+01 +9.507216826e+02 +9.507216826e+02 -6.9153e-01 +5.6270e+00 +1.3559e+00 -7.2954e-01 -1.5262e+00
70439 +1.258847312e+01 +1.258847312e+01 +9.504284731e+02 +9.504284731e+02 -6.7953e-01 +5.5630e+00 +1.3559e+00 -7.2954e-01 -1.5262e+00
74556 +1.229711257e+01 +1.229711257e+01 +9.501371126e+02 +9.501371126e+02 -6.6783e-01 +5.5000e+00 +1.3559e+00 -7.2954e-01 -1.5262e+00
81620 +1.202194644e+01 +1.202194644e+01 +9.498619464e+02 +9.498619464e+02 -6.5546e-01 +5.4334e+00 +1.3559e+00 -7.2954e-01 -1.5262e+00
86551 +1.174454258e+01 +1.174454258e+01 +9.495845426e+02 +9.495845426e+02 -6.4122e-01 +5.3569e+00 +1.3559e+00 -7.2954e-01 -1.5262e+00
96133 +1.148045405e+01 +1.148045405e+01 +9.493204541e+02 +9.493204541e+02 -6.2781e-01 +5.2847e+00 +1.3559e+00 -7.2954e-01 -1.5262e+00
105630 +1.121927417e+01 +1.121927417e+01 +9.490592742e+02 +9.490592742e+02 -6.1488e-01 +5.2152e+00 +1.3559e+00 -7.2954e-01 -1.5262e+00
% function evaluation | noise-free fitness - Fopt (-7.872000000000e+01) | best noise-free fitness - Fopt | measured fitness | best measured fitness | x1 | x2...
1 +9.761742109e+04 +9.761742109e+04 +9.753870109e+04 +9.753870109e+04 +0.0000e+00 +0.0000e+00 +0.0000e+00 +0.0000e+00 +0.0000e+00
4 +3.904482242e+04 +3.904482242e+04 +3.896610242e+04 +3.896610242e+04 +1.0258e+00 +1.1578e+00 +3.3578e+00 +3.1840e+00 -5.6920e+00
18 +3.837368550e+04 +3.837368550e+04 +3.829496550e+04 +3.829496550e+04 +7.8254e-01 +1.2550e+00 +3.4407e+00 +3.2135e+00 -5.7434e+00
21 +3.586647512e+04 +3.586647512e+04 +3.578775512e+04 +3.578775512e+04 +1.0389e+00 +1.2420e+00 +3.4506e+00 +3.1713e+00 -5.6313e+00
24 +8.613571584e+02 +8.613571584e+02 +7.826371584e+02 +7.826371584e+02 +9.8282e-01 +1.2185e+00 +3.5639e+00 +3.0538e+00 -5.6694e+00
38 +7.414891779e+01 +7.414891779e+01 -4.571082213e+00 -4.571082213e+00 +9.4926e-01 +1.3332e+00 +3.3834e+00 +2.9350e+00 -5.6432e+00
59 +6.728693299e+01 +6.728693299e+01 -1.143306701e+01 -1.143306701e+01 +9.8158e-01 +1.1117e+00 +3.6815e+00 +3.0863e+00 -5.6913e+00
176 +6.143361119e+01 +6.143361119e+01 -1.728638881e+01 -1.728638881e+01 +8.4017e-01 +1.1151e+00 +3.4503e+00 +2.9586e+00 -5.5162e+00
241 +5.957038667e+01 +5.957038667e+01 -1.914961333e+01 -1.914961333e+01 +9.1234e-01 +8.4374e-01 +3.5146e+00 +2.9937e+00 -5.4323e+00
6830 +5.874780618e+01 +5.874780618e+01 -1.997219382e+01 -1.997219382e+01 +2.1813e+00 +1.0329e+00 +3.0978e+00 +3.0175e+00 -6.1188e+00
7465 +5.745983739e+01 +5.745983739e+01 -2.126016261e+01 -2.126016261e+01 +2.6590e+00 +9.7913e-01 +3.0980e+00 +3.0178e+00 -6.1222e+00
13366 +5.623204576e+01 +5.623204576e+01 -2.248795424e+01 -2.248795424e+01 +3.0886e+00 +9.0238e-01 +3.1028e+00 +3.0172e+00 -6.0991e+00
30937 +5.494026234e+01 +5.494026234e+01 -2.377973766e+01 -2.377973766e+01 +3.1921e+00 +6.6959e-01 +3.0889e+00 +3.0184e+00 -6.0053e+00
39676 +5.369915992e+01 +5.369915992e+01 -2.502084008e+01 -2.502084008e+01 +3.6241e+00 +5.0229e-01 +3.0615e+00 +3.0202e+00 -5.9796e+00
48336 +5.247729755e+01 +5.247729755e+01 -2.624270245e+01 -2.624270245e+01 +3.6708e+00 +3.3324e-01 +3.0603e+00 +3.0203e+00 -5.8976e+00
58162 +5.127946015e+01 +5.127946015e+01 -2.744053985e+01 -2.744053985e+01 +3.4701e+00 +1.8188e-01 +3.0602e+00 +3.0201e+00 -5.8088e+00
72633 +5.011777608e+01 +5.011777608e+01 -2.860222392e+01 -2.860222392e+01 +3.4696e+00 -3.3894e-02 +3.0602e+00 +3.0202e+00 -5.6991e+00
104468 +4.897596550e+01 +4.897596550e+01 -2.974403450e+01 -2.974403450e+01 +3.4698e+00 -3.5709e-01 +3.0602e+00 +3.0202e+00 -5.5343e+00
% function evaluation | noise-free fitness - Fopt (-6.949000000000e+01) | best noise-free fitness - Fopt | measured fitness | best measured fitness | x1 | x2...
1 +1.273935959e+07 +1.273935959e+07 +1.273929010e+07 +1.273929010e+07 +0.0000e+00 +0.0000e+00 +0.0000e+00 +0.0000e+00 +0.0000e+00
2 +4.970131627e+05 +4.970131627e+05 +4.969436727e+05 +4.969436727e+05 +8.2624e-01 +1.0810e-01 -1.1608e+00 +2.4040e-01 +4.4371e+00
8 +4.158614656e+05 +4.158614656e+05 +4.157919756e+05 +4.157919756e+05 +9.5181e-01 +3.3499e-01 -1.1183e+00 +5.8732e-01 +4.3029e+00
31 +2.704332894e+05 +2.704332894e+05 +2.703637994e+05 +2.703637994e+05 +9.4440e-01 +2.0715e-01 -7.5023e-01 +5.3449e-01 +4.4740e+00
32 +1.376322598e+05 +1.376322598e+05 +1.375627698e+05 +1.375627698e+05 +1.0307e+00 +2.8049e-01 -7.2180e-01 +4.9659e-01 +4.3256e+00
39 +1.280317049e+05 +1.280317049e+05 +1.279622149e+05 +1.279622149e+05 +1.0378e+00 +3.1308e-02 -6.3046e-01 +4.2343e-01 +4.3964e+00
48 +8.119904780e+04 +8.119904780e+04 +8.112955780e+04 +8.112955780e+04 +9.5708e-01 +3.7251e-01 -5.4023e-01 +4.9539e-01 +4.3065e+00
53 +5.704532864e+04 +5.704532864e+04 +5.697583864e+04 +5.697583864e+04 +1.1927e+00 +2.1799e-01 -4.2550e-01 +3.9293e-01 +4.3479e+00
58 +4.395303131e+03 +4.395303131e+03 +4.325813131e+03 +4.325813131e+03 +7.6497e-01 +1.4653e-01 -5.8037e-01 +4.4522e-01 +4.0643e+00
61 +2.515336566e+03 +2.515336566e+03 +2.445846566e+03 +2.445846566e+03 +1.2402e+00 +4.2541e-01 -7.5281e-01 +5.5558e-01 +3.8585e+00
77 +1.237926757e+01 +1.237926757e+01 -5.711073243e+01 -5.711073243e+01 +9.3275e-01 +3.4643e-01 -4.0462e-01 +5.9449e-01 +4.0711e+00
164 +8.176450313e+00 +8.176450313e+00 -6.131354969e+01 -6.131354969e+01 -7.4904e-02 +1.1809e+00 -1.6057e-01 +3.9040e-01 +4.1238e+00
378 +6.439966389e+00 +6.439966389e+00 -6.305003361e+01 -6.305003361e+01 +1.4105e+00 -6.1536e-02 -4.0117e-01 +1.9614e-01 +4.0969e+00
560 +5.323868123e+00 +5.323868123e+00 -6.416613188e+01 -6.416613188e+01 +7.8073e-01 +4.7102e-01 -6.6553e-01 +4.2420e-01 +3.8611e+00
% function evaluation | noise-free fitness - Fopt (-2.718000000000e+01) | best noise-free fitness - Fopt | measured fitness | best measured fitness | x1 | x2...
1 +4.094925691e+02 +4.094925691e+02 +3.823125691e+02 +3.823125691e+02 +0.0000e+00 +0.0000e+00 +0.0000e+00 +0.0000e+00 +0.0000e+00
121 +1.828945464e+02 +1.828945464e+02 +1.557145464e+02 +1.557145464e+02 +2.3917e+00 -6.0567e+00 +2.2557e-01 -1.8636e+00 -1.4363e+00
157 +1.696344306e+02 +1.696344306e+02 +1.424544306e+02 +1.424544306e+02 +2.9110e+00 -7.3960e+00 +1.3754e+00 -2.2482e+00 -8.8914e-01
288 +1.538000827e+02 +1.538000827e+02 +1.266200827e+02 +1.266200827e+02 +2.7980e+00 -6.1485e+00 -8.3085e-01 -3.8008e+00 -2.6203e+00
366 +9.769659405e+01 +9.769659405e+01 +7.051659405e+01 +7.051659405e+01 +1.9634e+00 -6.0811e+00 -2.5270e-01 -2.7020e+00 -1.8781e+00
462 +8.450436710e+01 +8.450436710e+01 +5.732436710e+01 +5.732436710e+01 +2.1530e+00 -4.5676e+00 -4.2583e-01 -3.0205e+00 -1.8545e+00
68910 +8.317405872e+01 +8.317405872e+01 +5.599405872e+01 +5.599405872e+01 +2.2247e+00 -4.0626e+00 -5.6526e-01 -3.1404e+00 -1.9125e+00
87431 +8.128193175e+01 +8.128193175e+01 +5.410193175e+01 +5.410193175e+01 +2.2249e+00 -3.7194e+00 -5.6525e-01 -3.1404e+00 -1.8593e+00
100983 +7.943012564e+01 +7.943012564e+01 +5.225012564e+01 +5.225012564e+01 +2.2249e+00 -3.4120e+00 -5.6525e-01 -3.1404e+00 -1.8116e+00
% function evaluation | noise-free fitness - Fopt (-6.968800000000e+02) | best noise-free fitness - Fopt | measured fitness | best measured fitness | x1 | x2...
1 +1.360679606e+07 +1.360679606e+07 +1.360609918e+07 +1.360609918e+07 +0.0000e+00 +0.0000e+00 +0.0000e+00 +0.0000e+00 +0.0000e+00
156 +1.119182531e+07 +1.119182531e+07 +1.119112843e+07 +1.119112843e+07 -3.6046e+00 -4.3411e+00 +1.5067e+00 -8.2983e+00 -4.4010e+00
157 +4.593141180e+06 +4.593141180e+06 +4.592444300e+06 +4.592444300e+06 -2.7837e+00 -8.3594e+00 -6.3759e-01 -8.0781e+00 -3.2437e+00
175 +2.410632828e+06 +2.410632828e+06 +2.409935948e+06 +2.409935948e+06 -3.3873e+00 -6.6993e+00 +9.2209e-01 -6.5729e+00 -2.7149e+00
183 +4.216720059e+03 +4.216720059e+03 +3.519840059e+03 +3.519840059e+03 -2.5425e+00 -9.5059e+00 +1.3547e+00 -8.0414e+00 -4.1831e+00
220 +1.061653370e+03 +1.061653370e+03 +3.647733698e+02 +3.647733698e+02 -2.6655e+00 -1.2651e+01 -1.2694e+00 -8.1694e+00 -3.9723e+00
244 +3.809750430e+02 +3.809750430e+02 -3.159049570e+02 -3.159049570e+02 -2.6674e+00 -1.4235e+01 -3.0071e+00 -7.8151e+00 -2.5555e+00
321 +3.667811506e+02 +3.667811506e+02 -3.300988494e+02 -3.300988494e+02 -2.1466e+00 -1.5234e+01 -3.6108e+00 -7.9990e+00 -4.2796e+00
% function evaluation | noise-free fitness - Fopt (-4.895300000000e+02) | best noise-free fitness - Fopt | measured fitness | best measured fitness | x1 | x2...
1 +6.575673575e+06 +6.575673575e+06 +6.575184045e+06 +6.575184045e+06 +0.0000e+00 +0.0000e+00 +0.0000e+00 +0.0000e+00 +0.0000e+00
2 +1.463795238e+05 +1.463795238e+05 +1.458899938e+05 +1.458899938e+05 -3.7874e+00 +2.5665e+00 -1.1878e+00 +8.1417e-01 -1.2548e+00
3 +1.120498369e+05 +1.120498369e+05 +1.115603069e+05 +1.115603069e+05 -3.3721e+00 +2.4683e+00 -1.2601e+00 +6.7949e-01 -1.2758e+00
4 +7.216155197e+04 +7.216155197e+04 +7.167202197e+04 +7.167202197e+04 -3.4046e+00 +2.5281e+00 -1.1865e+00 +8.6452e-01 -1.5457e+00
6 +4.845991827e+04 +4.845991827e+04 +4.797038827e+04 +4.797038827e+04 -3.7279e+00 +2.5309e+00 -1.3628e+00 +9.1835e-01 -1.2786e+00
8 +3.358771315e+04 +3.358771315e+04 +3.309818315e+04 +3.309818315e+04 -3.6161e+00 +2.6526e+00 -1.3712e+00 +7.5470e-01 -1.2778e+00
16 +1.045324733e+04 +1.045324733e+04 +9.963717330e+03 +9.963717330e+03 -3.5909e+00 +2.4811e+00 -1.4227e+00 +9.2919e-01 -1.4759e+00
26 +1.593230248e+03 +1.593230248e+03 +1.103700248e+03 +1.103700248e+03 -3.5976e+00 +2.7020e+00 -1.5348e+00 +8.2166e-01 -1.2272e+00
27 +1.222316421e+03 +1.222316421e+03 +7.327864207e+02 +7.327864207e+02 -3.5438e+00 +2.4400e+00 -1.3933e+00 +1.0870e+00 -1.7583e+00
28 +7.357574597e+02 +7.357574597e+02 +2.462274597e+02 +2.462274597e+02 -3.6345e+00 +2.6422e+00 -1.4806e+00 +8.2133e-01 -1.4235e+00
31 +2.147803343e+02 +2.147803343e+02 -2.747496657e+02 -2.747496657e+02 -3.6550e+00 +2.7546e+00 -1.4049e+00 +9.3131e-01 -1.5403e+00
66 +5.081880787e+01 +5.081880787e+01 -4.387111921e+02 -4.387111921e+02 -3.4865e+00 +2.6131e+00 -1.4357e+00 +8.7080e-01 -1.6227e+00
171 +4.001310909e+01 +4.001310909e+01 -4.495168909e+02 -4.495168909e+02 -3.5201e+00 +2.7311e+00 -1.4783e+00 +7.8523e-01 -1.4292e+00
358 +3.907260095e+01 +3.907260095e+01 -4.504573991e+02 -4.504573991e+02 -3.5351e+00 +2.6484e+00 -1.4480e+00 +8.3744e-01 -1.5591e+00
719 +3.867924576e+01 +3.867924576e+01 -4.508507542e+02 -4.508507542e+02 -3.4928e+00 +2.6717e+00 -1.4204e+00 +8.5047e-01 -1.6024e+00
3143 +3.799041629e+01 +3.799041629e+01 -4.515395837e+02 -4.515395837e+02 -3.4031e+00 +2.6124e+00 -1.4354e+00 +8.5468e-01 -1.6138e+00
3262 +3.675619444e+01 +3.675619444e+01 -4.527738056e+02 -4.527738056e+02 -3.2224e+00 +2.6119e+00 -1.4352e+00 +8.5457e-01 -1.6122e+00
3281 +3.612702598e+01 +3.612702598e+01 -4.534029740e+02 -4.534029740e+02 -3.1544e+00 +2.6091e+00 -1.4346e+00 +8.4642e-01 -1.6153e+00
3390 +3.545675320e+01 +3.545675320e+01 -4.540732468e+02 -4.540732468e+02 -3.0647e+00 +2.6111e+00 -1.4331e+00 +8.4348e-01 -1.6162e+00
3424 +3.452650930e+01 +3.452650930e+01 -4.550034907e+02 -4.550034907e+02 -2.9359e+00 +2.6069e+00 -1.4351e+00 +8.4150e-01 -1.6136e+00
3558 +3.382838830e+01 +3.382838830e+01 -4.557016117e+02 -4.557016117e+02 -2.8417e+00 +2.6099e+00 -1.4344e+00 +8.4525e-01 -1.6129e+00
3590 +3.290328469e+01 +3.290328469e+01 -4.566267153e+02 -4.566267153e+02 -2.6905e+00 +2.6112e+00 -1.4322e+00 +8.5896e-01 -1.6152e+00
3646 +3.175351800e+01 +3.175351800e+01 -4.577764820e+02 -4.577764820e+02 -2.5376e+00 +2.6094e+00 -1.4312e+00 +8.4684e-01 -1.6166e+00
3656 +2.958809993e+01 +2.958809993e+01 -4.599419001e+02 -4.599419001e+02 -2.1431e+00 +2.6082e+00 -1.4309e+00 +8.5212e-01 -1.6136e+00
3682 +2.911802772e+01 +2.911802772e+01 -4.604119723e+02 -4.604119723e+02 -1.9298e+00 +2.6088e+00 -1.4319e+00 +8.5701e-01 -1.6072e+00
3686 +2.715272103e+01 +2.715272103e+01 -4.623772790e+02 -4.623772790e+02 -1.3855e+00 +2.6100e+00 -1.4277e+00 +8.5220e-01 -1.6102e+00
3722 +2.623726292e+01 +2.623726292e+01 -4.632927371e+02 -4.632927371e+02 -1.2379e+00 +2.6162e+00 -1.4295e+00 +8.8894e-01 -1.6014e+00
3801 +2.561749785e+01 +2.561749785e+01 -4.639125021e+02 -4.639125021e+02 -2.4273e-01 +2.6136e+00 -1.4311e+00 +8.8626e-01 -1.5917e+00
3882 +2.408959188e+01 +2.408959188e+01 -4.654404081e+02 -4.654404081e+02 +4.2121e-01 +2.6068e+00 -1.4306e+00 +8.7616e-01 -1.5909e+00
4051 +2.387336972e+01 +2.387336972e+01 -4.656566303e+02 -4.656566303e+02 +6.3473e-01 +2.6069e+00 -1.4285e+00 +8.8378e-01 -1.5918e+00
5763 +2.337289820e+01 +2.337289820e+01 -4.661571018e+02 -4.661571018e+02 +7.9622e-01 +2.6130e+00 -1.4227e+00 +8.4070e-01 -1.5991e+00
5856 +2.282763073e+01 +2.282763073e+01 -4.667023693e+02 -4.667023693e+02 +7.4147e-01 +2.6129e+00 -1.4226e+00 +7.7161e-01 -1.6002e+00
5927 +2.231342774e+01 +2.231342774e+01 -4.672165723e+02 -4.672165723e+02 +6.3572e-01 +2.6141e+00 -1.4226e+00 +6.6691e-01 -1.6000e+00
5973 +2.157593786e+01 +2.157593786e+01 -4.679540621e+02 -4.679540621e+02 +6.8085e-01 +2.6134e+00 -1.4224e+00 +6.1936e-01 -1.6026e+00
6000 +2.124339406e+01 +2.124339406e+01 -4.682866059e+02 -4.682866059e+02 +7.5783e-01 +2.6137e+00 -1.4226e+00 +5.5869e-01 -1.6014e+00
6008 +2.089113907e+01 +2.089113907e+01 -4.686388609e+02 -4.686388609e+02 +7.2527e-01 +2.6131e+00 -1.4232e+00 +5.1343e-01 -1.6009e+00
6027 +2.035191150e+01 +2.035191150e+01 -4.691780885e+02 -4.691780885e+02 +4.4081e-01 +2.6137e+00 -1.4228e+00 +4.7667e-01 -1.6039e+00
6030 +1.831893928e+01 +1.831893928e+01 -4.712110607e+02 -4.712110607e+02 +6.1370e-01 +2.6138e+00 -1.4233e+00 +1.4918e-01 -1.6043e+00
6077 +1.801307472e+01 +1.801307472e+01 -4.715169253e+02 -4.715169253e+02 +5.7245e-01 +2.6140e+00 -1.4245e+00 +1.1943e-01 -1.6010e+00
6083 +1.766991706e+01 +1.766991706e+01 -4.718600829e+02 -4.718600829e+02 +6.8862e-01 +2.6177e+00 -1.4217e+00 +5.2691e-02 -1.6039e+00
6092 +1.707574929e+01 +1.707574929e+01 -4.724542507e+02 -4.724542507e+02 +2.2066e-01 +2.6131e+00 -1.4232e+00 -5.4447e-01 -1.6070e+00
6093 +1.606967646e+01 +1.606967646e+01 -4.734603235e+02 -4.734603235e+02 +4.9143e-01 +2.6137e+00 -1.4234e+00 -1.7751e-01 -1.6051e+00
6103 +1.267583988e+01 +1.267583988e+01 -4.768541601e+02 -4.768541601e+02 +4.4162e-01 +2.6176e+00 -1.4231e+00 -6.0958e-01 -1.6096e+00
6130 +1.056428223e+01 +1.056428223e+01 -4.789657178e+02 -4.789657178e+02 +9.2940e-01 +2.6175e+00 -1.4233e+00 -9.9560e-01 -1.6057e+00
6147 +1.019504426e+01 +1.019504426e+01 -4.793349557e+02 -4.793349557e+02 +8.2251e-01 +2.6151e+00 -1.4236e+00 -9.9691e-01 -1.6076e+00
6162 +8.858475480e+00 +8.858475480e+00 -4.806715245e+02 -4.806715245e+02 +1.4094e+00 +2.6169e+00 -1.4229e+00 -1.7679e+00 -1.6028e+00
6168 +7.418388455e+00 +7.418388455e+00 -4.821116115e+02 -4.821116115e+02 +5.2309e-01 +2.6204e+00 -1.4239e+00 -1.5854e+00 -1.6071e+00
6184 +6.551655873e+00 +6.551655873e+00 -4.829783441e+02 -4.829783441e+02 +1.0499e+00 +2.6187e+00 -1.4246e+00 -1.8462e+00 -1.6049e+00
6186 +5.640985683e+00 +5.640985683e+00 -4.838890143e+02 -4.838890143e+02 +9.9295e-01 +2.6209e+00 -1.4236e+00 -2.3470e+00 -1.6074e+00
6260 +5.406096148e+00 +5.406096148e+00 -4.841239039e+02 -4.841239039e+02 +1.3442e+00 +2.6138e+00 -1.4234e+00 -2.6785e+00 -1.6143e+00
6299 +5.094499361e+00 +5.094499361e+00 -4.844355006e+02 -4.844355006e+02 +1.2552e+00 +2.6153e+00 -1.4238e+00 -2.6727e+00 -1.6120e+00
6320 +4.611966189e+00 +4.611966189e+00 -4.849180338e+02 -4.849180338e+02 +7.9190e-01 +2.6150e+00 -1.4257e+00 -2.7096e+00 -1.6124e+00
6423 +4.429347021e+00 +4.429347021e+00 -4.851006530e+02 -4.851006530e+02 +7.3188e-01 +2.6201e+00 -1.4237e+00 -3.1264e+00 -1.6151e+00
6446 +4.308283190e+00 +4.308283190e+00 -4.852217168e+02 -4.852217168e+02 +8.9362e-01 +2.6236e+00 -1.4242e+00 -3.2326e+00 -1.6125e+00
6455 +4.205847834e+00 +4.205847834e+00 -4.853241522e+02 -4.853241522e+02 +3.1252e-01 +2.6279e+00 -1.4228e+00 -2.9539e+00 -1.6162e+00
6571 +3.919058041e+00 +3.919058041e+00 -4.856109420e+02 -4.856109420e+02 +5.5413e-01 +2.6254e+00 -1.4225e+00 -3.4419e+00 -1.6187e+00
6974 +3.880215151e+00 +3.880215151e+00 -4.856497848e+02 -4.856497848e+02 +4.3536e-01 +2.6187e+00 -1.4238e+00 -3.3746e+00 -1.6220e+00
19975 +3.801859868e+00 +3.801859868e+00 -4.857281401e+02 -4.857281401e+02 +3.8857e-01 +2.6216e+00 -1.4174e+00 -3.4893e+00 -1.6353e+00
34516 +3.715345607e+00 +3.715345607e+00 -4.858146544e+02 -4.858146544e+02 +3.9295e-01 +2.6216e+00 -1.4068e+00 -3.5005e+00 -1.6593e+00
55453 +3.630704190e+00 +3.630704190e+00 -4.858992958e+02 -4.858992958e+02 +3.9016e-01 +2.6216e+00 -1.3964e+00 -3.5031e+00 -1.6827e+00
72069 +3.547631106e+00 +3.547631106e+00 -4.859823689e+02 -4.859823689e+02 +3.9751e-01 +2.6216e+00 -1.3861e+00 -3.5053e+00 -1.7058e+00
84787 +3.467109265e+00 +3.467109265e+00 -4.860628907e+02 -4.860628907e+02 +4.0142e-01 +2.6216e+00 -1.3768e+00 -3.5277e+00 -1.7267e+00
100307 +3.388275621e+00 +3.388275621e+00 -4.861417244e+02 -4.861417244e+02 +4.0571e-01 +2.6216e+00 -1.3685e+00 -3.5889e+00 -1.7459e+00
% function evaluation | noise-free fitness - Fopt (-4.004000000000e+01) | best noise-free fitness - Fopt | measured fitness | best measured fitness | x1 | x2...
1 +1.328368176e+06 +1.328368176e+06 +1.328328136e+06 +1.328328136e+06 +0.0000e+00 +0.0000e+00 +0.0000e+00 +0.0000e+00 +0.0000e+00
90 +3.906346112e+05 +3.906346112e+05 +3.905945712e+05 +3.905945712e+05 -1.7360e+00 -3.5456e-01 -4.7806e-01 -2.4369e+00 -3.5905e+00
112 +2.926361138e+04 +2.926361138e+04 +2.922357138e+04 +2.922357138e+04 -2.0066e+00 -6.1562e-01 +1.3424e-01 -2.9924e+00 -3.8308e+00
113 +2.140941151e+04 +2.140941151e+04 +2.136937151e+04 +2.136937151e+04 -7.2671e-01 -5.8483e-01 -8.4594e-01 -3.2308e+00 -2.8380e+00
115 +1.326036191e+02 +1.326036191e+02 +9.256361905e+01 +9.256361905e+01 -2.4148e+00 +2.9772e-01 +9.5077e-01 -2.6507e+00 -3.7928e+00
295 +8.725157848e+01 +8.725157848e+01 +4.721157848e+01 +4.721157848e+01 -2.8367e+00 -6.8806e-01 -9.4018e-01 -3.6126e+00 -4.3924e+00
418 +4.313083284e+01 +4.313083284e+01 +3.090832841e+00 +3.090832841e+00 -2.6523e+00 -7.7069e-01 -1.1694e+00 -4.0470e+00 -4.8143e+00
640 +3.290321878e+01 +3.290321878e+01 -7.136781219e+00 -7.136781219e+00 -2.4908e+00 -1.5660e+00 -1.0756e+00 -4.3008e+00 -5.0075e+00
27652 +3.235842814e+01 +3.235842814e+01 -7.681571857e+00 -7.681571857e+00 -2.4031e+00 -1.7441e+00 -1.5248e+00 -4.7721e+00 -5.4024e+00
41733 +3.161970464e+01 +3.161970464e+01 -8.420295359e+00 -8.420295359e+00 -2.4033e+00 -2.0523e+00 -1.5249e+00 -4.7684e+00 -5.3509e+00
63927 +3.090281433e+01 +3.090281433e+01 -9.137185667e+00 -9.137185667e+00 -2.4032e+00 -2.4334e+00 -1.5249e+00 -4.7684e+00 -5.2939e+00
96868 +3.019851477e+01 +3.019851477e+01 -9.841485233e+00 -9.841485233e+00 -2.4032e+00 -2.8964e+00 -1.5249e+00 -4.7684e+00 -5.2248e+00
% function evaluation | noise-free fitness - Fopt (-1.038100000000e+02) | best noise-free fitness - Fopt | measured fitness | best measured fitness | x1 | x2...
1 +1.885637353e+07 +1.885637353e+07 +1.885626972e+07 +1.885626972e+07 +0.0000e+00 +0.0000e+00 +0.0000e+00 +0.0000e+00 +0.0000e+00
2 +1.607409708e+06 +1.607409708e+06 +1.607305898e+06 +1.607305898e+06 -1.7037e-01 +1.7271e+00 +1.4294e-01 -3.7849e+00 +1.5952e+00
3 +1.529191093e+06 +1.529191093e+06 +1.529087283e+06 +1.529087283e+06 -9.0230e-02 +1.8742e+00 +2.8457e-01 -3.7154e+00 +1.5016e+00
4 +1.189336406e+06 +1.189336406e+06 +1.189232596e+06 +1.189232596e+06 +1.6294e-02 +1.6341e+00 +1.7622e-01 -3.8539e+00 +1.5965e+00
5 +1.127132230e+06 +1.127132230e+06 +1.127028420e+06 +1.127028420e+06 +1.2259e-01 +1.9869e+00 +3.1541e-01 -3.7699e+00 +1.5314e+00
10 +9.501344235e+05 +9.501344235e+05 +9.500306135e+05 +9.500306135e+05 -6.5467e-02 +1.8436e+00 +2.6114e-01 -3.9639e+00 +1.5353e+00
19 +8.362042415e+05 +8.362042415e+05 +8.361004315e+05 +8.361004315e+05 -1.2192e-01 +1.9307e+00 +3.8212e-01 -3.9375e+00 +1.5818e+00
24 +7.480287475e+05 +7.480287475e+05 +7.479249375e+05 +7.479249375e+05 -1.9351e-02 +1.6734e+00 +2.7714e-01 -4.0623e+00 +1.4705e+00
35 +5.428110855e+05 +5.428110855e+05 +5.427072755e+05 +5.427072755e+05 +4.7262e-02 +1.8991e+00 +4.5927e-01 -3.9677e+00 +1.6807e+00
42 +4.565659175e+05 +4.565659175e+05 +4.564621075e+05 +4.564621075e+05 +1.0831e-01 +1.8985e+00 +6.6904e-01 -3.9056e+00 +1.5632e+00
46 +4.032481492e+05 +4.032481492e+05 +4.031443392e+05 +4.031443392e+05 +3.5449e-01 +1.6335e+00 +4.3212e-01 -3.9408e+00 +1.8319e+00
48 +2.432643208e+05 +2.432643208e+05 +2.431605108e+05 +2.431605108e+05 +1.9485e-01 +2.1239e+00 +7.7281e-01 -4.0428e+00 +1.7960e+00
53 +1.701108446e+05 +1.701108446e+05 +1.700070346e+05 +1.700070346e+05 +1.9486e-01 +1.8263e+00 +6.5967e-01 -4.3401e+00 +1.5746e+00
56 +1.130316828e+05 +1.130316828e+05 +1.129278728e+05 +1.129278728e+05 +2.1750e-01 +1.9139e+00 +9.5774e-01 -4.2359e+00 +1.4801e+00
68 +9.421420402e+04 +9.421420402e+04 +9.411039402e+04 +9.411039402e+04 +4.5977e-01 +1.5819e+00 +1.2438e+00 -3.9410e+00 +1.4725e+00
69 +3.133219714e+04 +3.133219714e+04 +3.122838714e+04 +3.122838714e+04 +4.1147e-02 +1.5738e+00 +1.4907e+00 -4.4742e+00 +1.7416e+00
76 +1.418281728e+03 +1.418281728e+03 +1.314471728e+03 +1.314471728e+03 -1.4144e-02 +2.2009e+00 +1.1753e+00 -4.4261e+00 +1.8708e+00
93 +5.112345390e+02 +5.112345390e+02 +4.074245390e+02 +4.074245390e+02 +7.6035e-01 +2.2389e+00 +5.0273e-01 -4.8319e+00 +1.4337e+00
110 +4.411741942e+02 +4.411741942e+02 +3.373641942e+02 +3.373641942e+02 +4.5293e-01 +2.0627e+00 +1.2286e+00 -4.3773e+00 +1.4448e+00
132 +3.910370361e+01 +3.910370361e+01 -6.470629639e+01 -6.470629639e+01 +1.1591e-01 +2.1941e+00 +1.6299e+00 -4.1284e+00 +1.7189e+00
157 +3.231224573e+01 +3.231224573e+01 -7.149775427e+01 -7.149775427e+01 +2.2314e-01 +1.5083e+00 +2.0234e+00 -3.7417e+00 +1.7445e+00
% function evaluation | noise-free fitness - Fopt (-2.380000000000e+01) | best noise-free fitness - Fopt | measured fitness | best measured fitness | x1 | x2...
1 +1.272255517e+07 +1.272255517e+07 +1.272253137e+07 +1.272253137e+07 +0.0000e+00 +0.0000e+00 +0.0000e+00 +0.0000e+00 +0.0000e+00
2 +1.143492085e+07 +1.143492085e+07 +1.143489705e+07 +1.143489705e+07 -4.0499e+00 -1.4028e+00 +3.3651e+00 +1.0514e+00 -7.8219e-01
11 +1.110370300e+07 +1.110370300e+07 +1.110367920e+07 +1.110367920e+07 -3.9025e+00 -1.2845e+00 +3.0772e+00 +1.1561e+00 -6.5004e-01
25 +1.057770836e+07 +1.057770836e+07 +1.057768456e+07 +1.057768456e+07 -4.0006e+00 -1.3048e+00 +3.2450e+00 +1.1097e+00 -6.0607e-01
33 +1.025350010e+07 +1.025350010e+07 +1.025347630e+07 +1.025347630e+07 -3.7453e+00 -1.5229e+00 +3.2698e+00 +1.0724e+00 -6.5114e-01
39 +1.015001621e+07 +1.015001621e+07 +1.014999241e+07 +1.014999241e+07 -3.9490e+00 -1.4387e+00 +3.2871e+00 +1.0480e+00 -5.9463e-01
48 +9.570218055e+06 +9.570218055e+06 +9.570194255e+06 +9.570194255e+06 -4.0008e+00 -1.3518e+00 +3.1291e+00 +9.8905e-01 -4.3373e-01
57 +7.632352447e+06 +7.632352447e+06 +7.632328647e+06 +7.632328647e+06 -3.9429e+00 -1.1522e+00 +3.4567e+00 +6.7043e-01 -9.5788e-02
68 +7.300040100e+06 +7.300040100e+06 +7.300016300e+06 +7.300016300e+06 -3.7047e+00 -1.4307e+00 +2.9805e+00 +7.9814e-01 -4.4139e-02
72 +6.743639129e+06 +6.743639129e+06 +6.743615329e+06 +6.743615329e+06 -4.0988e+00 -1.3001e+00 +3.3103e+00 +1.2030e+00 +4.0531e-02
79 +5.247488117e+06 +5.247488117e+06 +5.247464317e+06 +5.247464317e+06 -3.7825e+00 -1.6925e+00 +3.0344e+00 +6.7659e-01 +3.4432e-01
91 +2.681699436e+06 +2.681699436e+06 +2.681675636e+06 +2.681675636e+06 -3.8531e+00 -2.0258e+00 +3.3173e+00 +1.1681e+00 +1.0599e+00
93 +1.753833097e+06 +1.753833097e+06 +1.753809297e+06 +1.753809297e+06 -3.7413e+00 -1.3600e+00 +3.2480e+00 +2.0273e-01 +1.6432e+00
102 +9.620041840e+05 +9.620041840e+05 +9.619803840e+05 +9.619803840e+05 -3.8898e+00 -1.0723e+00 +3.1577e+00 +1.2965e+00 +1.9590e+00
117 +2.146748763e+05 +2.146748763e+05 +2.146510763e+05 +2.146510763e+05 -3.4941e+00 -2.0647e+00 +3.7396e+00 +1.4695e+00 +2.0359e+00
121 +6.402849779e+04 +6.402849779e+04 +6.400469779e+04 +6.400469779e+04 -3.7229e+00 -2.0132e+00 +4.1623e+00 +1.2697e+00 +2.7556e+00
127 +3.734056000e+04 +3.734056000e+04 +3.731676000e+04 +3.731676000e+04 -3.4744e+00 -1.8201e+00 +3.1490e+00 +1.6514e+00 +2.5256e+00
132 +4.326100760e+03 +4.326100760e+03 +4.302300760e+03 +4.302300760e+03 -3.3723e+00 -1.8426e+00 +3.4567e+00 +9.7054e-01 +2.6109e+00
141 +4.019246388e+03 +4.019246388e+03 +3.995446388e+03 +3.995446388e+03 -3.9633e+00 -1.7970e+00 +3.1321e+00 +5.2256e-01 +2.7764e+00
198 +1.377143982e+03 +1.377143982e+03 +1.353343982e+03 +1.353343982e+03 -3.1460e+00 -2.3514e+00 +3.1406e+00 +1.0956e+00 +2.5302e+00
206 +5.517188470e+01 +5.517188470e+01 +3.137188470e+01 +3.137188470e+01 -3.2928e+00 -2.2760e+00 +2.7760e+00 +2.9623e-01 +2.7306e+00
307 +3.545911243e+01 +3.545911243e+01 +1.165911243e+01 +1.165911243e+01 -2.9375e+00 -2.8798e+00 +2.7757e+00 +7.2679e-01 +2.4813e+00
506 +2.950776313e+01 +2.950776313e+01 +5.707763126e+00 +5.707763126e+00 -3.4769e+00 -2.4870e+00 +2.7152e+00 +7.5921e-01 +2.6628e+00
726 +1.974999504e+01 +1.974999504e+01 -4.050004963e+00 -4.050004963e+00 -2.9200e+00 -3.0955e+00 +3.2321e+00 +4.0903e-01 +2.3321e+00
902 +1.576559577e+01 +1.576559577e+01 -8.034404233e+00 -8.034404233e+00 -2.6964e+00 -3.0590e+00 +3.3033e+00 +4.9318e-02 +2.3353e+00
1100 +1.548231455e+01 +1.548231455e+01 -8.317685450e+00 -8.317685450e+00 -2.8059e+00 -2.8949e+00 +3.3743e+00 +5.8723e-02 +2.3815e+00
1386 +1.482791474e+01 +1.482791474e+01 -8.972085264e+00 -8.972085264e+00 -2.8920e+00 -2.8520e+00 +3.3198e+00 -4.3151e-02 +2.4210e+00
1395 +1.471336296e+01 +1.471336296e+01 -9.086637043e+00 -9.086637043e+00 -2.7848e+00 -2.8370e+00 +3.3712e+00 -4.2703e-02 +2.4052e+00
4727 +1.441336496e+01 +1.441336496e+01 -9.386635043e+00 -9.386635043e+00 -3.0065e+00 -3.0463e+00 +3.4384e+00 -3.0173e-01 +2.3569e+00
5238 +1.411353143e+01 +1.411353143e+01 -9.686468574e+00 -9.686468574e+00 -2.9777e+00 -3.0467e+00 +3.4370e+00 -3.3360e-01 +2.3569e+00
5473 +1.377960769e+01 +1.377960769e+01 -1.002039231e+01 -1.002039231e+01 -2.9495e+00 -3.0451e+00 +3.4393e+00 -3.7357e-01 +2.3573e+00
5939 +1.348375931e+01 +1.348375931e+01 -1.031624069e+01 -1.031624069e+01 -2.9166e+00 -3.0453e+00 +3.4389e+00 -4.0457e-01 +2.3569e+00
6592 +1.318196851e+01 +1.318196851e+01 -1.061803149e+01 -1.061803149e+01 -2.8895e+00 -3.0455e+00 +3.4398e+00 -4.3880e-01 +2.3569e+00
6853 +1.284411818e+01 +1.284411818e+01 -1.095588182e+01 -1.095588182e+01 -2.8602e+00 -3.0462e+00 +3.4399e+00 -4.8019e-01 +2.3571e+00
7158 +1.257828113e+01 +1.257828113e+01 -1.122171887e+01 -1.122171887e+01 -2.8357e+00 -3.0459e+00 +3.4401e+00 -5.1884e-01 +2.3576e+00
7435 +1.225944584e+01 +1.225944584e+01 -1.154055416e+01 -1.154055416e+01 -2.7968e+00 -3.0452e+00 +3.4389e+00 -5.5022e-01 +2.3575e+00
7498 +1.195116203e+01 +1.195116203e+01 -1.184883797e+01 -1.184883797e+01 -2.7618e+00 -3.0449e+00 +3.4394e+00 -5.9183e-01 +2.3572e+00
7747 +1.166922677e+01 +1.166922677e+01 -1.213077323e+01 -1.213077323e+01 -2.7228e+00 -3.0424e+00 +3.4412e+00 -6.1903e-01 +2.3566e+00
8087 +1.146712267e+01 +1.146712267e+01 -1.233287733e+01 -1.233287733e+01 -2.6990e+00 -3.0423e+00 +3.4413e+00 -6.6364e-01 +2.3575e+00
8169 +1.121226458e+01 +1.121226458e+01 -1.258773542e+01 -1.258773542e+01 -2.6783e+00 -3.0431e+00 +3.4400e+00 -6.8862e-01 +2.3580e+00
8670 +1.092579655e+01 +1.092579655e+01 -1.287420345e+01 -1.287420345e+01 -2.6284e+00 -3.0437e+00 +3.4395e+00 -7.3131e-01 +2.3566e+00
9112 +1.069838249e+01 +1.069838249e+01 -1.310161751e+01 -1.310161751e+01 -2.6200e+00 -3.0428e+00 +3.4405e+00 -7.6747e-01 +2.3586e+00
9736 +1.043699281e+01 +1.043699281e+01 -1.336300719e+01 -1.336300719e+01 -2.6072e+00 -3.0423e+00 +3.4413e+00 -8.2160e-01 +2.3610e+00
10479 +1.021195192e+01 +1.021195192e+01 -1.358804808e+01 -1.358804808e+01 -2.5954e+00 -3.0421e+00 +3.4411e+00 -8.6341e-01 +2.3630e+00
11158 +9.995181218e+00 +9.995181218e+00 -1.380481878e+01 -1.380481878e+01 -2.5730e+00 -3.0424e+00 +3.4413e+00 -8.9824e-01 +2.3636e+00
11850 +9.772158849e+00 +9.772158849e+00 -1.402784115e+01 -1.402784115e+01 -2.5455e+00 -3.0423e+00 +3.4411e+00 -9.3944e-01 +2.3643e+00
12283 +9.519075227e+00 +9.519075227e+00 -1.428092477e+01 -1.428092477e+01 -2.5176e+00 -3.0423e+00 +3.4412e+00 -9.8866e-01 +2.3653e+00
12919 +9.323175015e+00 +9.323175015e+00 -1.447682499e+01 -1.447682499e+01 -2.4642e+00 -3.0407e+00 +3.4406e+00 -1.0406e+00 +2.3651e+00
13105 +9.032775552e+00 +9.032775552e+00 -1.476722445e+01 -1.476722445e+01 -2.4210e+00 -3.0412e+00 +3.4404e+00 -1.0901e+00 +2.3652e+00
13163 +8.759925050e+00 +8.759925050e+00 -1.504007495e+01 -1.504007495e+01 -2.3931e+00 -3.0418e+00 +3.4410e+00 -1.1538e+00 +2.3670e+00
13236 +8.625068150e+00 +8.625068150e+00 -1.517493185e+01 -1.517493185e+01 -2.3423e+00 -3.0419e+00 +3.4394e+00 -1.1880e+00 +2.3656e+00
14751 +8.450202534e+00 +8.450202534e+00 -1.534979747e+01 -1.534979747e+01 -2.3511e+00 -3.0420e+00 +3.4406e+00 -1.2274e+00 +2.3686e+00
16376 +8.297634986e+00 +8.297634986e+00 -1.550236501e+01 -1.550236501e+01 -2.3763e+00 -3.0433e+00 +3.4402e+00 -1.2611e+00 +2.3723e+00
17094 +8.127059261e+00 +8.127059261e+00 -1.567294074e+01 -1.567294074e+01 -2.3552e+00 -3.0431e+00 +3.4409e+00 -1.3027e+00 +2.3734e+00
17686 +7.928188007e+00 +7.928188007e+00 -1.587181199e+01 -1.587181199e+01 -2.3314e+00 -3.0438e+00 +3.4416e+00 -1.3531e+00 +2.3746e+00
18395 +7.760170764e+00 +7.760170764e+00 -1.603982924e+01 -1.603982924e+01 -2.3201e+00 -3.0456e+00 +3.4417e+00 -1.3974e+00 +2.3759e+00
19351 +7.559852800e+00 +7.559852800e+00 -1.624014720e+01 -1.624014720e+01 -2.3048e+00 -3.0451e+00 +3.4418e+00 -1.4492e+00 +2.3785e+00
20042 +7.412975754e+00 +7.412975754e+00 -1.638702425e+01 -1.638702425e+01 -2.2774e+00 -3.0454e+00 +3.4422e+00 -1.4884e+00 +2.3787e+00
20625 +7.224701587e+00 +7.224701587e+00 -1.657529841e+01 -1.657529841e+01 -2.2756e+00 -3.0454e+00 +3.4422e+00 -1.5371e+00 +2.3818e+00
21361 +7.059841293e+00 +7.059841293e+00 -1.674015871e+01 -1.674015871e+01 -2.2626e+00 -3.0455e+00 +3.4422e+00 -1.5851e+00 +2.3840e+00
21943 +6.905328211e+00 +6.905328211e+00 -1.689467179e+01 -1.689467179e+01 -2.2548e+00 -3.0445e+00 +3.4421e+00 -1.6236e+00 +2.3862e+00
23402 +6.760582731e+00 +6.760582731e+00 -1.703941727e+01 -1.703941727e+01 -2.2477e+00 -3.0446e+00 +3.4421e+00 -1.6636e+00 +2.3883e+00
24346 +6.606018579e+00 +6.606018579e+00 -1.719398142e+01 -1.719398142e+01 -2.2441e+00 -3.0444e+00 +3.4421e+00 -1.7084e+00 +2.3909e+00
25410 +6.455668963e+00 +6.455668963e+00 -1.734433104e+01 -1.734433104e+01 -2.2451e+00 -3.0444e+00 +3.4421e+00 -1.7505e+00 +2.3939e+00
26338 +6.306330057e+00 +6.306330057e+00 -1.749366994e+01 -1.749366994e+01 -2.2447e+00 -3.0437e+00 +3.4422e+00 -1.7964e+00 +2.3970e+00
27104 +6.157265090e+00 +6.157265090e+00 -1.764273491e+01 -1.764273491e+01 -2.2422e+00 -3.0436e+00 +3.4423e+00 -1.8387e+00 +2.3997e+00
27682 +6.023145740e+00 +6.023145740e+00 -1.777685426e+01 -1.777685426e+01 -2.2427e+00 -3.0432e+00 +3.4423e+00 -1.8799e+00 +2.4026e+00
29619 +5.880783364e+00 +5.880783364e+00 -1.791921664e+01 -1.791921664e+01 -2.2427e+00 -3.0432e+00 +3.4423e+00 -1.9258e+00 +2.4056e+00
30287 +5.750992930e+00 +5.750992930e+00 -1.804900707e+01 -1.804900707e+01 -2.2426e+00 -3.0432e+00 +3.4423e+00 -1.9686e+00 +2.4084e+00
31533 +5.614690332e+00 +5.614690332e+00 -1.818530967e+01 -1.818530967e+01 -2.2425e+00 -3.0429e+00 +3.4423e+00 -2.0139e+00 +2.4116e+00
32402 +5.475949673e+00 +5.475949673e+00 -1.832405033e+01 -1.832405033e+01 -2.2416e+00 -3.0431e+00 +3.4424e+00 -2.0598e+00 +2.4144e+00
32852 +5.364185543e+00 +5.364185543e+00 -1.843581446e+01 -1.843581446e+01 -2.2422e+00 -3.0430e+00 +3.4424e+00 -2.0986e+00 +2.4170e+00
34028 +5.226423169e+00 +5.226423169e+00 -1.857357683e+01 -1.857357683e+01 -2.2423e+00 -3.0431e+00 +3.4424e+00 -2.1433e+00 +2.4199e+00
35204 +5.120151078e+00 +5.120151078e+00 -1.867984892e+01 -1.867984892e+01 -2.2412e+00 -3.0430e+00 +3.4424e+00 -2.1804e+00 +2.4223e+00
36260 +5.010851664e+00 +5.010851664e+00 -1.878914834e+01 -1.878914834e+01 -2.2405e+00 -3.0432e+00 +3.4424e+00 -2.2163e+00 +2.4247e+00
37196 +4.891382115e+00 +4.891382115e+00 -1.890861788e+01 -1.890861788e+01 -2.2422e+00 -3.0436e+00 +3.4424e+00 -2.2592e+00 +2.4275e+00
38350 +4.781820154e+00 +4.781820154e+00 -1.901817985e+01 -1.901817985e+01 -2.2408e+00 -3.0432e+00 +3.4424e+00 -2.2978e+00 +2.4301e+00
39291 +4.671860902e+00 +4.671860902e+00 -1.912813910e+01 -1.912813910e+01 -2.2412e+00 -3.0434e+00 +3.4424e+00 -2.3364e+00 +2.4326e+00
39590 +4.568045830e+00 +4.568045830e+00 -1.923195417e+01 -1.923195417e+01 -2.2411e+00 -3.0435e+00 +3.4424e+00 -2.3746e+00 +2.4350e+00
42059 +4.465191889e+00 +4.465191889e+00 -1.933480811e+01 -1.933480811e+01 -2.2424e+00 -3.0445e+00 +3.4424e+00 -2.4129e+00 +2.4374e+00
42830 +4.358586484e+00 +4.358586484e+00 -1.944141352e+01 -1.944141352e+01 -2.2421e+00 -3.0443e+00 +3.4424e+00 -2.4500e+00 +2.4398e+00
43114 +4.261584713e+00 +4.261584713e+00 -1.953841529e+01 -1.953841529e+01 -2.2424e+00 -3.0444e+00 +3.4424e+00 -2.4840e+00 +2.4421e+00
43826 +4.166637839e+00 +4.166637839e+00 -1.963336216e+01 -1.963336216e+01 -2.2420e+00 -3.0446e+00 +3.4424e+00 -2.5210e+00 +2.4444e+00
45238 +4.073325393e+00 +4.073325393e+00 -1.972667461e+01 -1.972667461e+01 -2.2426e+00 -3.0446e+00 +3.4424e+00 -2.5534e+00 +2.4465e+00
45765 +3.952050710e+00 +3.952050710e+00 -1.984794929e+01 -1.984794929e+01 -2.2425e+00 -3.0446e+00 +3.4424e+00 -2.5970e+00 +2.4496e+00
46537 +3.871128289e+00 +3.871128289e+00 -1.992887171e+01 -1.992887171e+01 -2.2423e+00 -3.0446e+00 +3.4424e+00 -2.6237e+00 +2.4513e+00
47074 +3.800595679e+00 +3.800595679e+00 -1.999940432e+01 -1.999940432e+01 -2.2420e+00 -3.0446e+00 +3.4424e+00 -2.6501e+00 +2.4529e+00
47505 +3.698004841e+00 +3.698004841e+00 -2.010199516e+01 -2.010199516e+01 -2.2419e+00 -3.0446e+00 +3.4424e+00 -2.6873e+00 +2.4554e+00
48213 +3.624473685e+00 +3.624473685e+00 -2.017552632e+01 -2.017552632e+01 -2.2422e+00 -3.0446e+00 +3.4424e+00 -2.7166e+00 +2.4574e+00
49570 +3.542412566e+00 +3.542412566e+00 -2.025758743e+01 -2.025758743e+01 -2.2421e+00 -3.0446e+00 +3.4424e+00 -2.7498e+00 +2.4595e+00
50137 +3.464445752e+00 +3.464445752e+00 -2.033555425e+01 -2.033555425e+01 -2.2419e+00 -3.0447e+00 +3.4424e+00 -2.7800e+00 +2.4616e+00
50783 +3.381899453e+00 +3.381899453e+00 -2.041810055e+01 -2.041810055e+01 -2.2421e+00 -3.0447e+00 +3.4424e+00 -2.8163e+00 +2.4640e+00
52292 +3.309329744e+00 +3.309329744e+00 -2.049067026e+01 -2.049067026e+01 -2.2420e+00 -3.0447e+00 +3.4424e+00 -2.8465e+00 +2.4660e+00
52820 +3.226869204e+00 +3.226869204e+00 -2.057313080e+01 -2.057313080e+01 -2.2420e+00 -3.0447e+00 +3.4424e+00 -2.8809e+00 +2.4682e+00
54227 +3.153123766e+00 +3.153123766e+00 -2.064687623e+01 -2.064687623e+01 -2.2420e+00 -3.0447e+00 +3.4424e+00 -2.9134e+00 +2.4703e+00
54641 +3.087823423e+00 +3.087823423e+00 -2.071217658e+01 -2.071217658e+01 -2.2420e+00 -3.0447e+00 +3.4424e+00 -2.9440e+00 +2.4723e+00
56756 +3.013958723e+00 +3.013958723e+00 -2.078604128e+01 -2.078604128e+01 -2.2419e+00 -3.0447e+00 +3.4424e+00 -2.9782e+00 +2.4747e+00
58148 +2.941401701e+00 +2.941401701e+00 -2.085859830e+01 -2.085859830e+01 -2.2418e+00 -3.0447e+00 +3.4424e+00 -3.0154e+00 +2.4771e+00
59217 +2.882855955e+00 +2.882855955e+00 -2.091714405e+01 -2.091714405e+01 -2.2422e+00 -3.0447e+00 +3.4424e+00 -3.0482e+00 +2.4792e+00
60669 +2.813233178e+00 +2.813233178e+00 -2.098676682e+01 -2.098676682e+01 -2.2421e+00 -3.0447e+00 +3.4424e+00 -3.0847e+00 +2.4817e+00
62697 +2.752724868e+00 +2.752724868e+00 -2.104727513e+01 -2.104727513e+01 -2.2422e+00 -3.0447e+00 +3.4424e+00 -3.1214e+00 +2.4842e+00
63936 +2.690700066e+00 +2.690700066e+00 -2.110929993e+01 -2.110929993e+01 -2.2421e+00 -3.0447e+00 +3.4424e+00 -3.1601e+00 +2.4867e+00
66483 +2.627056466e+00 +2.627056466e+00 -2.117294353e+01 -2.117294353e+01 -2.2414e+00 -3.0447e+00 +3.4424e+00 -3.2048e+00 +2.4896e+00
69503 +2.570268802e+00 +2.570268802e+00 -2.122973120e+01 -2.122973120e+01 -2.2414e+00 -3.0447e+00 +3.4424e+00 -3.2502e+00 +2.4926e+00
72294 +2.511195675e+00 +2.511195675e+00 -2.128880433e+01 -2.128880433e+01 -2.2405e+00 -3.0447e+00 +3.4424e+00 -3.3022e+00 +2.4960e+00
76443 +2.454655080e+00 +2.454655080e+00 -2.134534492e+01 -2.134534492e+01 -2.2452e+00 -3.0447e+00 +3.4424e+00 -3.3549e+00 +2.4998e+00
79771 +2.398792048e+00 +2.398792048e+00 -2.140120795e+01 -2.140120795e+01 -2.2702e+00 -3.0447e+00 +3.4424e+00 -3.3747e+00 +2.5030e+00
82004 +2.341385852e+00 +2.341385852e+00 -2.145861415e+01 -2.145861415e+01 -2.3121e+00 -3.0447e+00 +3.4424e+00 -3.3728e+00 +2.5061e+00
86490 +2.290472537e+00 +2.290472537e+00 -2.150952746e+01 -2.150952746e+01 -2.3632e+00 -3.0447e+00 +3.4424e+00 -3.3699e+00 +2.5098e+00
93376 +2.237873947e+00 +2.237873947e+00 -2.156212605e+01 -2.156212605e+01 -2.4047e+00 -3.0447e+00 +3.4424e+00 -3.3987e+00 +2.5149e+00
105524 +2.187580803e+00 +2.187580803e+00 -2.161241920e+01 -2.161241920e+01 -2.4266e+00 -3.0447e+00 +3.4424e+00 -3.4648e+00 +2.5210e+00
% function evaluation | noise-free fitness - Fopt (7.459000000000e+01) | best noise-free fitness - Fopt | measured fitness | best measured fitness | x1 | x2...
1 +1.382321277e+06 +1.382321277e+06 +1.382395867e+06 +1.382395867e+06 +0.0000e+00 +0.0000e+00 +0.0000e+00 +0.0000e+00 +0.0000e+00
90 +5.123376054e+05 +5.123376054e+05 +5.124121954e+05 +5.124121954e+05 -2.9281e+00 -1.4820e+00 +3.1336e+00 -3.0699e+00 -8.2118e-01
96 +4.514587258e+01 +4.514587258e+01 +1.197358726e+02 +1.197358726e+02 -3.0235e+00 -2.0964e+00 +3.8016e+00 -2.6153e+00 -1.0954e+00
769 +4.294328576e+01 +4.294328576e+01 +1.175332858e+02 +1.175332858e+02 -4.4235e+00 -1.7667e+00 +7.4455e-01 -1.5761e+00 +1.4742e+00
887 +3.642642482e+01 +3.642642482e+01 +1.110164248e+02 +1.110164248e+02 -2.5078e+00 -2.2051e+00 +1.7900e+00 -2.3382e+00 +1.3685e+00
949 +3.466576153e+01 +3.466576153e+01 +1.092557615e+02 +1.092557615e+02 -3.2704e+00 -2.6748e+00 +1.6761e+00 -2.3610e+00 +1.2673e+00
1029 +3.321646250e+01 +3.321646250e+01 +1.078064625e+02 +1.078064625e+02 -3.0124e+00 -2.2749e+00 +1.8643e+00 -2.3203e+00 +1.5251e+00
1046 +3.124581801e+01 +3.124581801e+01 +1.058358180e+02 +1.058358180e+02 -2.9400e+00 -2.1003e+00 +1.8711e+00 -2.2594e+00 +1.4230e+00
1128 +2.971085680e+01 +2.971085680e+01 +1.043008568e+02 +1.043008568e+02 -2.8695e+00 -2.2923e+00 +1.7679e+00 -2.3136e+00 +1.3816e+00
1188 +2.872899658e+01 +2.872899658e+01 +1.033189966e+02 +1.033189966e+02 -2.7211e+00 -2.2161e+00 +1.8388e+00 -2.3219e+00 +1.3188e+00
1320 +2.778403088e+01 +2.778403088e+01 +1.023740309e+02 +1.023740309e+02 -2.7222e+00 -2.2884e+00 +1.7699e+00 -2.3283e+00 +1.2849e+00
1327 +2.748807710e+01 +2.748807710e+01 +1.020780771e+02 +1.020780771e+02 -2.8221e+00 -2.3148e+00 +1.6536e+00 -2.2880e+00 +1.2743e+00
1348 +2.603850474e+01 +2.603850474e+01 +1.006285047e+02 +1.006285047e+02 -2.7937e+00 -2.4409e+00 +1.4946e+00 -2.2961e+00 +1.2738e+00
1628 +2.570007937e+01 +2.570007937e+01 +1.002900794e+02 +1.002900794e+02 -2.4271e+00 -2.5552e+00 +1.7106e+00 -2.4667e+00 +1.3521e+00
1759 +2.488751142e+01 +2.488751142e+01 +9.947751142e+01 +9.947751142e+01 -2.4015e+00 -2.6029e+00 +1.6955e+00 -2.4739e+00 +1.1888e+00
1961 +2.410528566e+01 +2.410528566e+01 +9.869528566e+01 +9.869528566e+01 -2.5200e+00 -2.6870e+00 +1.6054e+00 -2.4549e+00 +1.1036e+00
2473 +2.394870683e+01 +2.394870683e+01 +9.853870683e+01 +9.853870683e+01 -2.5449e+00 -2.6702e+00 +1.6136e+00 -2.4407e+00 +1.0173e+00
6584 +2.344043314e+01 +2.344043314e+01 +9.803043314e+01 +9.803043314e+01 -2.4902e+00 -2.6710e+00 +1.6113e+00 -2.4441e+00 +9.5563e-01
7848 +2.290579876e+01 +2.290579876e+01 +9.749579876e+01 +9.749579876e+01 -2.4455e+00 -2.6720e+00 +1.6110e+00 -2.4441e+00 +8.5496e-01
10194 +2.236634995e+01 +2.236634995e+01 +9.695634995e+01 +9.695634995e+01 -2.4051e+00 -2.6752e+00 +1.6126e+00 -2.4438e+00 +7.3958e-01
12187 +2.186055744e+01 +2.186055744e+01 +9.645055744e+01 +9.645055744e+01 -2.3625e+00 -2.6769e+00 +1.6105e+00 -2.4425e+00 +6.3470e-01
12857 +2.137797868e+01 +2.137797868e+01 +9.596797868e+01 +9.596797868e+01 -2.3261e+00 -2.6764e+00 +1.6122e+00 -2.4433e+00 +5.5858e-01
13833 +2.085002092e+01 +2.085002092e+01 +9.544002092e+01 +9.544002092e+01 -2.2934e+00 -2.6768e+00 +1.6143e+00 -2.4425e+00 +4.6932e-01
14789 +2.037536847e+01 +2.037536847e+01 +9.496536847e+01 +9.496536847e+01 -2.2605e+00 -2.6768e+00 +1.6136e+00 -2.4427e+00 +4.0150e-01
15250 +1.994394308e+01 +1.994394308e+01 +9.453394308e+01 +9.453394308e+01 -2.2315e+00 -2.6771e+00 +1.6144e+00 -2.4426e+00 +3.3973e-01
15908 +1.948771260e+01 +1.948771260e+01 +9.407771260e+01 +9.407771260e+01 -2.2042e+00 -2.6767e+00 +1.6085e+00 -2.4425e+00 +3.0120e-01
16465 +1.904044000e+01 +1.904044000e+01 +9.363044000e+01 +9.363044000e+01 -2.1792e+00 -2.6769e+00 +1.6078e+00 -2.4423e+00 +2.4779e-01
16706 +1.858261652e+01 +1.858261652e+01 +9.317261652e+01 +9.317261652e+01 -2.1553e+00 -2.6769e+00 +1.6069e+00 -2.4421e+00 +1.9667e-01
17407 +1.818432940e+01 +1.818432940e+01 +9.277432940e+01 +9.277432940e+01 -2.1343e+00 -2.6769e+00 +1.6086e+00 -2.4425e+00 +1.5008e-01
17917 +1.775383888e+01 +1.775383888e+01 +9.234383888e+01 +9.234383888e+01 -2.1075e+00 -2.6766e+00 +1.6085e+00 -2.4424e+00 +9.6857e-02
18306 +1.736385058e+01 +1.736385058e+01 +9.195385058e+01 +9.195385058e+01 -2.0909e+00 -2.6767e+00 +1.6090e+00 -2.4422e+00 +5.0235e-02
19388 +1.695980212e+01 +1.695980212e+01 +9.154980212e+01 +9.154980212e+01 -2.0666e+00 -2.6767e+00 +1.6079e+00 -2.4421e+00 +5.1364e-03
20047 +1.657904328e+01 +1.657904328e+01 +9.116904328e+01 +9.116904328e+01 -2.0422e+00 -2.6770e+00 +1.6082e+00 -2.4420e+00 -5.0198e-02
20587 +1.621178646e+01 +1.621178646e+01 +9.080178646e+01 +9.080178646e+01 -2.0222e+00 -2.6772e+00 +1.6094e+00 -2.4423e+00 -9.7086e-02
21607 +1.584551710e+01 +1.584551710e+01 +9.043551710e+01 +9.043551710e+01 -1.9953e+00 -2.6771e+00 +1.6087e+00 -2.4422e+00 -1.5236e-01
22826 +1.548407329e+01 +1.548407329e+01 +9.007407329e+01 +9.007407329e+01 -1.9651e+00 -2.6775e+00 +1.6079e+00 -2.4425e+00 -2.1199e-01
23752 +1.512259520e+01 +1.512259520e+01 +8.971259520e+01 +8.971259520e+01 -1.9365e+00 -2.6774e+00 +1.6074e+00 -2.4411e+00 -2.9036e-01
26055 +1.477104521e+01 +1.477104521e+01 +8.936104521e+01 +8.936104521e+01 -1.8925e+00 -2.6775e+00 +1.6072e+00 -2.4414e+00 -3.8015e-01
29956 +1.444891021e+01 +1.444891021e+01 +8.903891021e+01 +8.903891021e+01 -1.8404e+00 -2.6773e+00 +1.6073e+00 -2.4416e+00 -4.8854e-01
33555 +1.410898500e+01 +1.410898500e+01 +8.869898500e+01 +8.869898500e+01 -1.7838e+00 -2.6773e+00 +1.6073e+00 -2.4411e+00 -6.1639e-01
35778 +1.380304870e+01 +1.380304870e+01 +8.839304870e+01 +8.839304870e+01 -1.7433e+00 -2.6773e+00 +1.6071e+00 -2.4409e+00 -7.0671e-01
36350 +1.342109707e+01 +1.342109707e+01 +8.801109707e+01 +8.801109707e+01 -1.7064e+00 -2.6773e+00 +1.6071e+00 -2.4409e+00 -7.8168e-01
36761 +1.317402354e+01 +1.317402354e+01 +8.776402354e+01 +8.776402354e+01 -1.6882e+00 -2.6773e+00 +1.6071e+00 -2.4409e+00 -8.2424e-01
37480 +1.287408432e+01 +1.287408432e+01 +8.746408432e+01 +8.746408432e+01 -1.6654e+00 -2.6773e+00 +1.6070e+00 -2.4409e+00 -8.7191e-01
38238 +1.252432075e+01 +1.252432075e+01 +8.711432075e+01 +8.711432075e+01 -1.6338e+00 -2.6773e+00 +1.6070e+00 -2.4409e+00 -9.3597e-01
38584 +1.229309679e+01 +1.229309679e+01 +8.688309679e+01 +8.688309679e+01 -1.6149e+00 -2.6773e+00 +1.6070e+00 -2.4408e+00 -9.7724e-01
39492 +1.201117387e+01 +1.201117387e+01 +8.660117387e+01 +8.660117387e+01 -1.5919e+00 -2.6773e+00 +1.6070e+00 -2.4408e+00 -1.0305e+00
40649 +1.174858991e+01 +1.174858991e+01 +8.633858991e+01 +8.633858991e+01 -1.5589e+00 -2.6773e+00 +1.6070e+00 -2.4408e+00 -1.0999e+00
44964 +1.148089807e+01 +1.148089807e+01 +8.607089807e+01 +8.607089807e+01 -1.5086e+00 -2.6773e+00 +1.6069e+00 -2.4408e+00 -1.2095e+00
48517 +1.120515024e+01 +1.120515024e+01 +8.579515024e+01 +8.579515024e+01 -1.4532e+00 -2.6774e+00 +1.6071e+00 -2.4408e+00 -1.3298e+00
49866 +1.095740785e+01 +1.095740785e+01 +8.554740785e+01 +8.554740785e+01 -1.4206e+00 -2.6774e+00 +1.6068e+00 -2.4408e+00 -1.3968e+00
52112 +1.071102025e+01 +1.071102025e+01 +8.530102025e+01 +8.530102025e+01 -1.3849e+00 -2.6776e+00 +1.6069e+00 -2.4408e+00 -1.4744e+00
56800 +1.047111530e+01 +1.047111530e+01 +8.506111530e+01 +8.506111530e+01 -1.3329e+00 -2.6776e+00 +1.6068e+00 -2.4408e+00 -1.5852e+00
62314 +1.023186148e+01 +1.023186148e+01 +8.482186148e+01 +8.482186148e+01 -1.2745e+00 -2.6777e+00 +1.6066e+00 -2.4408e+00 -1.7090e+00
68238 +9.997644132e+00 +9.997644132e+00 +8.458764413e+01 +8.458764413e+01 -1.2186e+00 -2.6779e+00 +1.5858e+00 -2.4409e+00 -1.7488e+00
72791 +9.768556991e+00 +9.768556991e+00 +8.435855699e+01 +8.435855699e+01 -1.1620e+00 -2.6781e+00 +1.5563e+00 -2.4410e+00 -1.7563e+00
78784 +9.548625637e+00 +9.548625637e+00 +8.413862564e+01 +8.413862564e+01 -1.1008e+00 -2.6780e+00 +1.5240e+00 -2.4412e+00 -1.7578e+00
88071 +9.332369415e+00 +9.332369415e+00 +8.392236941e+01 +8.392236941e+01 -1.0342e+00 -2.6780e+00 +1.4871e+00 -2.4412e+00 -1.7577e+00
97440 +9.117960863e+00 +9.117960863e+00 +8.370796086e+01 +8.370796086e+01 -9.5807e-01 -2.6779e+00 +1.4451e+00 -2.4412e+00 -1.7579e+00
109387 +8.912179830e+00 +8.912179830e+00 +8.350217983e+01 +8.350217983e+01 -8.7534e-01 -2.6779e+00 +1.3996e+00 -2.4412e+00 -1.7579e+00
% function evaluation | noise-free fitness - Fopt (2.225900000000e+02) | best noise-free fitness - Fopt | measured fitness | best measured fitness | x1 | x2...
1 +7.674979651e+05 +7.674979651e+05 +7.677205551e+05 +7.677205551e+05 +0.0000e+00 +0.0000e+00 +0.0000e+00 +0.0000e+00 +0.0000e+00
2 +1.955551597e+04 +1.955551597e+04 +1.977810597e+04 +1.977810597e+04 -1.2549e+00 -4.2384e+00 +2.2836e+00 +4.8739e+00 +1.6845e+00
12 +1.021453623e+04 +1.021453623e+04 +1.043712623e+04 +1.043712623e+04 -1.3954e+00 -4.1171e+00 +2.1953e+00 +4.6233e+00 +1.8575e+00
24 +2.013067674e+03 +2.013067674e+03 +2.235657674e+03 +2.235657674e+03 -1.2612e+00 -4.1167e+00 +2.1915e+00 +4.7890e+00 +1.7957e+00
42 +9.126532909e+02 +9.126532909e+02 +1.135243291e+03 +1.135243291e+03 -1.1499e+00 -4.1337e+00 +2.2541e+00 +4.8777e+00 +1.8105e+00
49 +1.944321743e+02 +1.944321743e+02 +4.170221743e+02 +4.170221743e+02 -1.4205e+00 -4.2176e+00 +2.0956e+00 +4.6988e+00 +1.8719e+00
88 +1.031125357e+02 +1.031125357e+02 +3.257025357e+02 +3.257025357e+02 -1.2385e+00 -4.2877e+00 +2.1603e+00 +4.7747e+00 +1.7676e+00
159 +6.822126885e+01 +6.822126885e+01 +2.908112688e+02 +2.908112688e+02 -1.0957e+00 -4.2364e+00 +2.1961e+00 +4.7022e+00 +1.7357e+00
242 +6.724150936e+01 +6.724150936e+01 +2.898315094e+02 +2.898315094e+02 -1.0822e+00 -4.3588e+00 +2.2624e+00 +4.7558e+00 +1.8339e+00
253 +6.427939842e+01 +6.427939842e+01 +2.868693984e+02 +2.868693984e+02 -1.0819e+00 -4.4772e+00 +2.2541e+00 +4.7837e+00 +1.7884e+00
939 +6.284610220e+01 +6.284610220e+01 +2.854361022e+02 +2.854361022e+02 -1.1503e+00 -4.4035e+00 +2.1909e+00 +4.7674e+00 +1.7305e+00
3445 +6.159955100e+01 +6.159955100e+01 +2.841895510e+02 +2.841895510e+02 -1.1298e+00 -4.3490e+00 +2.1804e+00 +4.7700e+00 +1.6842e+00
4611 +5.992890805e+01 +5.992890805e+01 +2.825189080e+02 +2.825189080e+02 -1.1185e+00 -4.1376e+00 +2.1753e+00 +4.7674e+00 +1.6937e+00
6776 +5.888061811e+01 +5.888061811e+01 +2.814706181e+02 +2.814706181e+02 -1.1024e+00 -3.9874e+00 +2.1787e+00 +4.7496e+00 +1.7146e+00
8191 +5.754033410e+01 +5.754033410e+01 +2.801303341e+02 +2.801303341e+02 -1.1013e+00 -3.8035e+00 +2.1681e+00 +4.7506e+00 +1.7159e+00
9963 +5.618662300e+01 +5.618662300e+01 +2.787766230e+02 +2.787766230e+02 -1.1002e+00 -3.6167e+00 +2.1562e+00 +4.7509e+00 +1.7158e+00
12190 +5.493196696e+01 +5.493196696e+01 +2.775219670e+02 +2.775219670e+02 -1.0981e+00 -3.4437e+00 +2.1464e+00 +4.7575e+00 +1.7151e+00
13910 +5.367039527e+01 +5.367039527e+01 +2.762603953e+02 +2.762603953e+02 -1.0973e+00 -3.2537e+00 +2.1357e+00 +4.7672e+00 +1.7153e+00
16327 +5.245315405e+01 +5.245315405e+01 +2.750431541e+02 +2.750431541e+02 -1.0974e+00 -3.0417e+00 +2.1236e+00 +4.7824e+00 +1.7152e+00
20201 +5.128377854e+01 +5.128377854e+01 +2.738737785e+02 +2.738737785e+02 -1.0974e+00 -2.7976e+00 +2.1078e+00 +4.7838e+00 +1.7152e+00
24824 +5.009116361e+01 +5.009116361e+01 +2.726811636e+02 +2.726811636e+02 -1.0976e+00 -2.4623e+00 +2.0862e+00 +4.7892e+00 +1.7152e+00
30996 +4.897058240e+01 +4.897058240e+01 +2.715605824e+02 +2.715605824e+02 -1.0973e+00 -2.1092e+00 +2.0645e+00 +4.7999e+00 +1.7152e+00
39043 +4.784888992e+01 +4.784888992e+01 +2.704388899e+02 +2.704388899e+02 -1.0963e+00 -1.7060e+00 +2.0389e+00 +4.8049e+00 +1.7151e+00
49946 +4.677242205e+01 +4.677242205e+01 +2.693624220e+02 +2.693624220e+02 -1.0889e+00 -1.2639e+00 +2.0166e+00 +4.8263e+00 +1.7150e+00
57521 +4.570315554e+01 +4.570315554e+01 +2.682931555e+02 +2.682931555e+02 -1.0462e+00 -9.4457e-01 +2.0153e+00 +4.8131e+00 +1.7149e+00
70626 +4.466826843e+01 +4.466826843e+01 +2.672582684e+02 +2.672582684e+02 -9.8904e-01 -7.3092e-01 +2.0140e+00 +4.7042e+00 +1.7149e+00
% function evaluation | noise-free fitness - Fopt (-2.977700000000e+02) | best noise-free fitness - Fopt | measured fitness | best measured fitness | x1 | x2...
1 +1.039463448e+05 +1.039463448e+05 +1.036485748e+05 +1.036485748e+05 +0.0000e+00 +0.0000e+00 +0.0000e+00 +0.0000e+00 +0.0000e+00
72 +6.116108948e+04 +6.116108948e+04 +6.086331948e+04 +6.086331948e+04 -3.0444e-01 -3.4007e+00 -3.5552e+00 -2.8711e+00 +2.4149e+00
74 +5.985124230e+04 +5.985124230e+04 +5.955347230e+04 +5.955347230e+04 -2.7634e-01 -3.3283e+00 -3.4709e+00 -2.8279e+00 +2.2826e+00
83 +3.494511822e+03 +3.494511822e+03 +3.196741822e+03 +3.196741822e+03 -4.6405e-01 -2.9617e+00 -2.9825e+00 -2.5895e+00 +2.6196e+00
91 +1.570553094e+03 +1.570553094e+03 +1.272783094e+03 +1.272783094e+03 +6.4599e-02 -3.0845e+00 -3.2895e+00 -2.9637e+00 +2.1021e+00
98 +4.196063727e+02 +4.196063727e+02 +1.218363727e+02 +1.218363727e+02 -1.6603e-01 -3.0065e+00 -2.3938e+00 -2.5469e+00 +1.7661e+00
103 +7.497514934e+01 +7.497514934e+01 -2.227948507e+02 -2.227948507e+02 -1.9139e-01 -3.5699e+00 -2.5761e+00 -2.6482e+00 +2.5651e+00
132 +5.501732433e+01 +5.501732433e+01 -2.427526757e+02 -2.427526757e+02 -3.3826e-02 -3.2542e+00 -2.8549e+00 -2.7888e+00 +2.0231e+00
29733 +5.495168488e+01 +5.495168488e+01 -2.428183151e+02 -2.428183151e+02 +2.1941e-01 -3.8979e+00 -2.8559e+00 -3.0344e+00 +1.9073e+00
32798 +5.368806825e+01 +5.368806825e+01 -2.440819317e+02 -2.440819317e+02 +2.2018e-01 -3.8511e+00 -2.8559e+00 -3.0343e+00 +1.8358e+00
37080 +5.247263121e+01 +5.247263121e+01 -2.452973688e+02 -2.452973688e+02 +2.1747e-01 -3.8065e+00 -2.8559e+00 -3.0361e+00 +1.7644e+00
39886 +5.128525518e+01 +5.128525518e+01 -2.464847448e+02 -2.464847448e+02 +2.1771e-01 -3.7607e+00 -2.8558e+00 -3.0360e+00 +1.6954e+00
42994 +5.010241177e+01 +5.010241177e+01 -2.476675882e+02 -2.476675882e+02 +2.1769e-01 -3.7140e+00 -2.8558e+00 -3.0358e+00 +1.6251e+00
47318 +4.893839530e+01 +4.893839530e+01 -2.488316047e+02 -2.488316047e+02 +2.1744e-01 -3.6673e+00 -2.8559e+00 -3.0358e+00 +1.5548e+00
51361 +4.784282248e+01 +4.784282248e+01 -2.499271775e+02 -2.499271775e+02 +2.1761e-01 -3.6229e+00 -2.8557e+00 -3.0358e+00 +1.4872e+00
55200 +4.676871307e+01 +4.676871307e+01 -2.510012869e+02 -2.510012869e+02 +2.1751e-01 -3.5789e+00 -2.8550e+00 -3.0357e+00 +1.4195e+00
59239 +4.570513856e+01 +4.570513856e+01 -2.520648614e+02 -2.520648614e+02 +2.1749e-01 -3.5349e+00 -2.8549e+00 -3.0358e+00 +1.3522e+00
60696 +4.465194722e+01 +4.465194722e+01 -2.531180528e+02 -2.531180528e+02 +2.1750e-01 -3.4894e+00 -2.8550e+00 -3.0358e+00 +1.2845e+00
64868 +4.364111947e+01 +4.364111947e+01 -2.541288805e+02 -2.541288805e+02 +2.1753e-01 -3.4470e+00 -2.8549e+00 -3.0357e+00 +1.2199e+00
67451 +4.265364401e+01 +4.265364401e+01 -2.551163560e+02 -2.551163560e+02 +2.1753e-01 -3.4028e+00 -2.8549e+00 -3.0357e+00 +1.1520e+00
71136 +4.166834843e+01 +4.166834843e+01 -2.561016516e+02 -2.561016516e+02 +2.1753e-01 -3.3614e+00 -2.8549e+00 -3.0357e+00 +1.0903e+00
75851 +4.072476386e+01 +4.072476386e+01 -2.570452361e+02 -2.570452361e+02 +2.1753e-01 -3.3197e+00 -2.8549e+00 -3.0357e+00 +1.0271e+00
78815 +3.980618961e+01 +3.980618961e+01 -2.579638104e+02 -2.579638104e+02 +2.1753e-01 -3.2787e+00 -2.8549e+00 -3.0357e+00 +9.6503e-01
83461 +3.889371863e+01 +3.889371863e+01 -2.588762814e+02 -2.588762814e+02 +2.1754e-01 -3.2375e+00 -2.8549e+00 -3.0357e+00 +9.0295e-01
87467 +3.801488881e+01 +3.801488881e+01 -2.597551112e+02 -2.597551112e+02 +2.1754e-01 -3.1974e+00 -2.8549e+00 -3.0357e+00 +8.4214e-01
91771 +3.713708255e+01 +3.713708255e+01 -2.606329175e+02 -2.606329175e+02 +2.1754e-01 -3.1553e+00 -2.8549e+00 -3.0357e+00 +7.7939e-01
95548 +3.628075733e+01 +3.628075733e+01 -2.614892427e+02 -2.614892427e+02 +2.1754e-01 -3.1159e+00 -2.8549e+00 -3.0357e+00 +7.1958e-01
98829 +3.547790609e+01 +3.547790609e+01 -2.622920939e+02 -2.622920939e+02 +2.1754e-01 -3.0779e+00 -2.8549e+00 -3.0357e+00 +6.6197e-01
102020 +3.466507972e+01 +3.466507972e+01 -2.631049203e+02 -2.631049203e+02 +2.1754e-01 -3.0384e+00 -2.8549e+00 -3.0357e+00 +6.0116e-01
105482 +3.388233590e+01 +3.388233590e+01 -2.638876641e+02 -2.638876641e+02 +2.1754e-01 -3.0006e+00 -2.8549e+00 -3.0357e+00 +5.4449e-01
108405 +3.308230615e+01 +3.308230615e+01 -2.646876938e+02 -2.646876938e+02 +2.1754e-01 -2.9593e+00 -2.8549e+00 -3.0357e+00 +4.8285e-01
