% function evaluation | noise-free fitness - Fopt (-1.694000000000e+01) | best noise-free fitness - Fopt | measured fitness | best measured fitness | x1 | x2...
1 +6.848493586e+01 +6.848493586e+01 +5.154493586e+01 +5.154493586e+01
1410 +6.639570783e+01 +6.639570783e+01 +4.945570783e+01 +4.945570783e+01
1467 +6.497932011e+01 +6.497932011e+01 +4.803932011e+01 +4.803932011e+01
1483 +6.072673243e+01 +6.072673243e+01 +4.378673243e+01 +4.378673243e+01
1499 +5.887588437e+01 +5.887588437e+01 +4.193588437e+01 +4.193588437e+01
1582 +5.566399622e+01 +5.566399622e+01 +3.872399622e+01 +3.872399622e+01
1594 +5.488028447e+01 +5.488028447e+01 +3.794028447e+01 +3.794028447e+01
1639 +5.344884984e+01 +5.344884984e+01 +3.650884984e+01 +3.650884984e+01
1676 +5.154109686e+01 +5.154109686e+01 +3.460109686e+01 +3.460109686e+01
1770 +5.068834947e+01 +5.068834947e+01 +3.374834947e+01 +3.374834947e+01
1781 +4.805138146e+01 +4.805138146e+01 +3.111138146e+01 +3.111138146e+01
1786 +4.721945641e+01 +4.721945641e+01 +3.027945641e+01 +3.027945641e+01
1889 +4.625080896e+01 +4.625080896e+01 +2.931080896e+01 +2.931080896e+01
1930 +4.385755763e+01 +4.385755763e+01 +2.691755763e+01 +2.691755763e+01
1943 +4.116843779e+01 +4.116843779e+01 +2.422843779e+01 +2.422843779e+01
1945 +4.064692592e+01 +4.064692592e+01 +2.370692592e+01 +2.370692592e+01
2022 +3.637810140e+01 +3.637810140e+01 +1.943810140e+01 +1.943810140e+01
2064 +3.495407015e+01 +3.495407015e+01 +1.801407015e+01 +1.801407015e+01
2088 +3.413124619e+01 +3.413124619e+01 +1.719124619e+01 +1.719124619e+01
2112 +3.310950931e+01 +3.310950931e+01 +1.616950931e+01 +1.616950931e+01
2217 +3.212352598e+01 +3.212352598e+01 +1.518352598e+01 +1.518352598e+01
2288 +3.120657853e+01 +3.120657853e+01 +1.426657853e+01 +1.426657853e+01
2419 +3.006287188e+01 +3.006287188e+01 +1.312287188e+01 +1.312287188e+01
2468 +2.909350586e+01 +2.909350586e+01 +1.215350586e+01 +1.215350586e+01
2508 +2.877571246e+01 +2.877571246e+01 +1.183571246e+01 +1.183571246e+01
2530 +2.704191253e+01 +2.704191253e+01 +1.010191253e+01 +1.010191253e+01
2618 +2.540940673e+01 +2.540940673e+01 +8.469406729e+00 +8.469406729e+00
2775 +2.479017389e+01 +2.479017389e+01 +7.850173891e+00 +7.850173891e+00
2886 +2.402236637e+01 +2.402236637e+01 +7.082366369e+00 +7.082366369e+00
2892 +2.164921649e+01 +2.164921649e+01 +4.709216488e+00 +4.709216488e+00
3177 +2.100649306e+01 +2.100649306e+01 +4.066493063e+00 +4.066493063e+00
3201 +2.035095865e+01 +2.035095865e+01 +3.410958652e+00 +3.410958652e+00
3210 +1.882358102e+01 +1.882358102e+01 +1.883581016e+00 +1.883581016e+00
3336 +1.732208466e+01 +1.732208466e+01 +3.820846622e-01 +3.820846622e-01
3344 +1.694342542e+01 +1.694342542e+01 +3.425417906e-03 +3.425417906e-03
3410 +1.614839432e+01 +1.614839432e+01 -7.916056782e-01 -7.916056782e-01
3520 +1.503419872e+01 +1.503419872e+01 -1.905801280e+00 -1.905801280e+00
3784 +1.468559491e+01 +1.468559491e+01 -2.254405093e+00 -2.254405093e+00
3850 +1.373994930e+01 +1.373994930e+01 -3.200050701e+00 -3.200050701e+00
3852 +1.287462795e+01 +1.287462795e+01 -4.065372053e+00 -4.065372053e+00
3938 +1.233745256e+01 +1.233745256e+01 -4.602547437e+00 -4.602547437e+00
4032 +1.219663960e+01 +1.219663960e+01 -4.743360404e+00 -4.743360404e+00
4356 +1.124448870e+01 +1.124448870e+01 -5.695511304e+00 -5.695511304e+00
4466 +1.106231941e+01 +1.106231941e+01 -5.877680592e+00 -5.877680592e+00
5048 +1.066369928e+01 +1.066369928e+01 -6.276300724e+00 -6.276300724e+00
5104 +1.031981634e+01 +1.031981634e+01 -6.620183664e+00 -6.620183664e+00
5170 +1.004256616e+01 +1.004256616e+01 -6.897433845e+00 -6.897433845e+00
5192 +9.501396673e+00 +9.501396673e+00 -7.438603327e+00 -7.438603327e+00
5245 +8.770693255e+00 +8.770693255e+00 -8.169306745e+00 -8.169306745e+00
5478 +8.305705245e+00 +8.305705245e+00 -8.634294755e+00 -8.634294755e+00
5588 +7.838820484e+00 +7.838820484e+00 -9.101179516e+00 -9.101179516e+00
5654 +7.728476073e+00 +7.728476073e+00 -9.211523927e+00 -9.211523927e+00
5799 +7.532596387e+00 +7.532596387e+00 -9.407403613e+00 -9.407403613e+00
6446 +7.274418630e+00 +7.274418630e+00 -9.665581370e+00 -9.665581370e+00
6468 +7.093224301e+00 +7.093224301e+00 -9.846775699e+00 -9.846775699e+00
6473 +6.961302706e+00 +6.961302706e+00 -9.978697294e+00 -9.978697294e+00
6490 +6.852567814e+00 +6.852567814e+00 -1.008743219e+01 -1.008743219e+01
6534 +6.715413973e+00 +6.715413973e+00 -1.022458603e+01 -1.022458603e+01
6622 +6.413248000e+00 +6.413248000e+00 -1.052675200e+01 -1.052675200e+01
6842 +6.086369480e+00 +6.086369480e+00 -1.085363052e+01 -1.085363052e+01
6864 +6.002819355e+00 +6.002819355e+00 -1.093718064e+01 -1.093718064e+01
6908 +5.769821386e+00 +5.769821386e+00 -1.117017861e+01 -1.117017861e+01
6952 +5.670200093e+00 +5.670200093e+00 -1.126979991e+01 -1.126979991e+01
7128 +5.338609018e+00 +5.338609018e+00 -1.160139098e+01 -1.160139098e+01
7238 +5.067710342e+00 +5.067710342e+00 -1.187228966e+01 -1.187228966e+01
7722 +4.814133842e+00 +4.814133842e+00 -1.212586616e+01 -1.212586616e+01
7766 +4.781040340e+00 +4.781040340e+00 -1.215895966e+01 -1.215895966e+01
7964 +4.587554015e+00 +4.587554015e+00 -1.235244598e+01 -1.235244598e+01
8321 +4.535914198e+00 +4.535914198e+00 -1.240408580e+01 -1.240408580e+01
8338 +4.369091781e+00 +4.369091781e+00 -1.257090822e+01 -1.257090822e+01
8360 +4.329898966e+00 +4.329898966e+00 -1.261010103e+01 -1.261010103e+01
9328 +4.254729053e+00 +4.254729053e+00 -1.268527095e+01 -1.268527095e+01
10098 +4.166789700e+00 +4.166789700e+00 -1.277321030e+01 -1.277321030e+01
10230 +4.066786102e+00 +4.066786102e+00 -1.287321390e+01 -1.287321390e+01
10604 +3.958479335e+00 +3.958479335e+00 -1.298152067e+01 -1.298152067e+01
11132 +3.886896998e+00 +3.886896998e+00 -1.305310300e+01 -1.305310300e+01
12144 +3.787976579e+00 +3.787976579e+00 -1.315202342e+01 -1.315202342e+01
13926 +3.713097805e+00 +3.713097805e+00 -1.322690219e+01 -1.322690219e+01
66640 +3.486350867e+00 +3.486350867e+00 -1.345364913e+01 -1.345364913e+01
66926 +3.299766653e+00 +3.299766653e+00 -1.364023335e+01 -1.364023335e+01
66970 +3.234485264e+00 +3.234485264e+00 -1.370551474e+01 -1.370551474e+01
67344 +3.025324460e+00 +3.025324460e+00 -1.391467554e+01 -1.391467554e+01
67432 +2.950833811e+00 +2.950833811e+00 -1.398916619e+01 -1.398916619e+01
67867 +2.872210036e+00 +2.872210036e+00 -1.406778996e+01 -1.406778996e+01
67923 +2.784196959e+00 +2.784196959e+00 -1.415580304e+01 -1.415580304e+01
68048 +2.711571610e+00 +2.711571610e+00 -1.422842839e+01 -1.422842839e+01
68092 +2.679421360e+00 +2.679421360e+00 -1.426057864e+01 -1.426057864e+01
68114 +2.608604692e+00 +2.608604692e+00 -1.433139531e+01 -1.433139531e+01
68708 +2.521820703e+00 +2.521820703e+00 -1.441817930e+01 -1.441817930e+01
68730 +2.506812386e+00 +2.506812386e+00 -1.443318761e+01 -1.443318761e+01
68906 +2.427820736e+00 +2.427820736e+00 -1.451217926e+01 -1.451217926e+01
69962 +2.385375936e+00 +2.385375936e+00 -1.455462406e+01 -1.455462406e+01
70226 +2.338710507e+00 +2.338710507e+00 -1.460128949e+01 -1.460128949e+01
70556 +2.277337982e+00 +2.277337982e+00 -1.466266202e+01 -1.466266202e+01
71216 +2.229847098e+00 +2.229847098e+00 -1.471015290e+01 -1.471015290e+01
71524 +2.179784249e+00 +2.179784249e+00 -1.476021575e+01 -1.476021575e+01
72470 +2.130614682e+00 +2.130614682e+00 -1.480938532e+01 -1.480938532e+01
74428 +2.088988911e+00 +2.088988911e+00 -1.485101109e+01 -1.485101109e+01
% function evaluation | noise-free fitness - Fopt (1.881000000000e+01) | best noise-free fitness - Fopt | measured fitness | best measured fitness | x1 | x2...
1 +1.193479292e+02 +1.193479292e+02 +1.381579292e+02 +1.381579292e+02
337 +1.146928019e+02 +1.146928019e+02 +1.335028019e+02 +1.335028019e+02
778 +1.096117333e+02 +1.096117333e+02 +1.284217333e+02 +1.284217333e+02
839 +1.063438482e+02 +1.063438482e+02 +1.251538482e+02 +1.251538482e+02
902 +1.026276364e+02 +1.026276364e+02 +1.214376364e+02 +1.214376364e+02
1034 +9.889125866e+01 +9.889125866e+01 +1.177012587e+02 +1.177012587e+02
1474 +9.731796138e+01 +9.731796138e+01 +1.161279614e+02 +1.161279614e+02
2222 +9.549192259e+01 +9.549192259e+01 +1.143019226e+02 +1.143019226e+02
2244 +9.309637332e+01 +9.309637332e+01 +1.119063733e+02 +1.119063733e+02
2671 +9.078138676e+01 +9.078138676e+01 +1.095913868e+02 +1.095913868e+02
3410 +8.912106793e+01 +8.912106793e+01 +1.079310679e+02 +1.079310679e+02
4004 +8.708699381e+01 +8.708699381e+01 +1.058969938e+02 +1.058969938e+02
4246 +8.486386687e+01 +8.486386687e+01 +1.036738669e+02 +1.036738669e+02
4906 +8.300456783e+01 +8.300456783e+01 +1.018145678e+02 +1.018145678e+02
6182 +8.126978425e+01 +8.126978425e+01 +1.000797842e+02 +1.000797842e+02
8250 +7.940373012e+01 +7.940373012e+01 +9.821373012e+01 +9.821373012e+01
11461 +7.762242655e+01 +7.762242655e+01 +9.643242655e+01 +9.643242655e+01
16060 +7.585541214e+01 +7.585541214e+01 +9.466541214e+01 +9.466541214e+01
25718 +7.412834705e+01 +7.412834705e+01 +9.293834705e+01 +9.293834705e+01
52114 +7.244354486e+01 +7.244354486e+01 +9.125354486e+01 +9.125354486e+01
389063 +7.079457242e+01 +7.079457242e+01 +8.960457242e+01 +8.960457242e+01
% function evaluation | noise-free fitness - Fopt (2.731500000000e+02) | best noise-free fitness - Fopt | measured fitness | best measured fitness | x1 | x2...
1 +7.718376282e+01 +7.718376282e+01 +3.503337628e+02 +3.503337628e+02
418 +7.508012624e+01 +7.508012624e+01 +3.482301262e+02 +3.482301262e+02
506 +7.273794255e+01 +7.273794255e+01 +3.458879425e+02 +3.458879425e+02
550 +7.163047551e+01 +7.163047551e+01 +3.447804755e+02 +3.447804755e+02
616 +7.011757272e+01 +7.011757272e+01 +3.432675727e+02 +3.432675727e+02
660 +6.831337282e+01 +6.831337282e+01 +3.414633728e+02 +3.414633728e+02
704 +6.700211734e+01 +6.700211734e+01 +3.401521173e+02 +3.401521173e+02
748 +6.580215007e+01 +6.580215007e+01 +3.389521501e+02 +3.389521501e+02
763 +6.437704259e+01 +6.437704259e+01 +3.375270426e+02 +3.375270426e+02
946 +6.247504530e+01 +6.247504530e+01 +3.356250453e+02 +3.356250453e+02
1034 +6.148459242e+01 +6.148459242e+01 +3.346345924e+02 +3.346345924e+02
1386 +6.023254124e+01 +6.023254124e+01 +3.333825412e+02 +3.333825412e+02
1782 +5.883041530e+01 +5.883041530e+01 +3.319804153e+02 +3.319804153e+02
2102 +5.732985913e+01 +5.732985913e+01 +3.304798591e+02 +3.304798591e+02
2420 +5.589867685e+01 +5.589867685e+01 +3.290486769e+02 +3.290486769e+02
2992 +5.484794556e+01 +5.484794556e+01 +3.279979456e+02 +3.279979456e+02
3168 +5.370041128e+01 +5.370041128e+01 +3.268504113e+02 +3.268504113e+02
3520 +5.239119407e+01 +5.239119407e+01 +3.255411941e+02 +3.255411941e+02
4004 +5.122523322e+01 +5.122523322e+01 +3.243752332e+02 +3.243752332e+02
5148 +5.009775201e+01 +5.009775201e+01 +3.232477520e+02 +3.232477520e+02
7084 +4.897051665e+01 +4.897051665e+01 +3.221205167e+02 +3.221205167e+02
9966 +4.785470124e+01 +4.785470124e+01 +3.210047012e+02 +3.210047012e+02
14772 +4.676454845e+01 +4.676454845e+01 +3.199145484e+02 +3.199145484e+02
22594 +4.570834883e+01 +4.570834883e+01 +3.188583488e+02 +3.188583488e+02
40392 +4.466781386e+01 +4.466781386e+01 +3.178178139e+02 +3.178178139e+02
95216 +4.365153735e+01 +4.365153735e+01 +3.168015373e+02 +3.168015373e+02
376271 +4.124240336e+01 +4.124240336e+01 +3.143924034e+02 +3.143924034e+02
376323 +4.043723568e+01 +4.043723568e+01 +3.135872357e+02 +3.135872357e+02
376363 +3.960235809e+01 +3.960235809e+01 +3.127523581e+02 +3.127523581e+02
376571 +3.629776509e+01 +3.629776509e+01 +3.094477651e+02 +3.094477651e+02
376707 +3.203924857e+01 +3.203924857e+01 +3.051892486e+02 +3.051892486e+02
376747 +3.097141663e+01 +3.097141663e+01 +3.041214166e+02 +3.041214166e+02
376803 +2.941271345e+01 +2.941271345e+01 +3.025627134e+02 +3.025627134e+02
376818 +2.596210340e+01 +2.596210340e+01 +2.991121034e+02 +2.991121034e+02
376884 +2.447129486e+01 +2.447129486e+01 +2.976212949e+02 +2.976212949e+02
377060 +2.395731174e+01 +2.395731174e+01 +2.971073117e+02 +2.971073117e+02
377136 +2.313497596e+01 +2.313497596e+01 +2.962849760e+02 +2.962849760e+02
377170 +2.232527567e+01 +2.232527567e+01 +2.954752757e+02 +2.954752757e+02
377258 +2.185104120e+01 +2.185104120e+01 +2.950010412e+02 +2.950010412e+02
377278 +2.101941718e+01 +2.101941718e+01 +2.941694172e+02 +2.941694172e+02
377280 +1.944015044e+01 +1.944015044e+01 +2.925901504e+02 +2.925901504e+02
377346 +1.722440826e+01 +1.722440826e+01 +2.903744083e+02 +2.903744083e+02
377550 +1.567968199e+01 +1.567968199e+01 +2.888296820e+02 +2.888296820e+02
377852 +1.517042403e+01 +1.517042403e+01 +2.883204240e+02 +2.883204240e+02
377975 +1.453702175e+01 +1.453702175e+01 +2.876870218e+02 +2.876870218e+02
378012 +1.410485073e+01 +1.410485073e+01 +2.872548507e+02 +2.872548507e+02
378028 +1.368430224e+01 +1.368430224e+01 +2.868343022e+02 +2.868343022e+02
378071 +1.265493278e+01 +1.265493278e+01 +2.858049328e+02 +2.858049328e+02
378103 +1.116550050e+01 +1.116550050e+01 +2.843155005e+02 +2.843155005e+02
378204 +8.736641192e+00 +8.736641192e+00 +2.818866412e+02 +2.818866412e+02
378412 +7.663349705e+00 +7.663349705e+00 +2.808133497e+02 +2.808133497e+02
378732 +6.201684326e+00 +6.201684326e+00 +2.793516843e+02 +2.793516843e+02
379040 +5.341893949e+00 +5.341893949e+00 +2.784918939e+02 +2.784918939e+02
379062 +5.203130722e+00 +5.203130722e+00 +2.783531307e+02 +2.783531307e+02
379436 +4.969926874e+00 +4.969926874e+00 +2.781199269e+02 +2.781199269e+02
379634 +4.700984900e+00 +4.700984900e+00 +2.778509849e+02 +2.778509849e+02
379700 +4.387408593e+00 +4.387408593e+00 +2.775374086e+02 +2.775374086e+02
379766 +4.296480168e+00 +4.296480168e+00 +2.774464802e+02 +2.774464802e+02
379964 +3.858274794e+00 +3.858274794e+00 +2.770082748e+02 +2.770082748e+02
380008 +3.372901567e+00 +3.372901567e+00 +2.765229016e+02 +2.765229016e+02
380338 +3.153591304e+00 +3.153591304e+00 +2.763035913e+02 +2.763035913e+02
380712 +2.956533889e+00 +2.956533889e+00 +2.761065339e+02 +2.761065339e+02
380734 +2.851554816e+00 +2.851554816e+00 +2.760015548e+02 +2.760015548e+02
380888 +2.744857490e+00 +2.744857490e+00 +2.758948575e+02 +2.758948575e+02
381262 +2.674331635e+00 +2.674331635e+00 +2.758243316e+02 +2.758243316e+02
381372 +2.629165501e+00 +2.629165501e+00 +2.757791655e+02 +2.757791655e+02
381504 +2.377101808e+00 +2.377101808e+00 +2.755271018e+02 +2.755271018e+02
381696 +2.318973858e+00 +2.318973858e+00 +2.754689739e+02 +2.754689739e+02
381702 +2.283004962e+00 +2.283004962e+00 +2.754330050e+02 +2.754330050e+02
381724 +2.115927621e+00 +2.115927621e+00 +2.752659276e+02 +2.752659276e+02
381944 +2.056050237e+00 +2.056050237e+00 +2.752060502e+02 +2.752060502e+02
382142 +2.011920914e+00 +2.011920914e+00 +2.751619209e+02 +2.751619209e+02
382164 +1.974411230e+00 +1.974411230e+00 +2.751244112e+02 +2.751244112e+02
382318 +1.937225192e+00 +1.937225192e+00 +2.750872252e+02 +2.750872252e+02
382406 +1.889586519e+00 +1.889586519e+00 +2.750395865e+02 +2.750395865e+02
382934 +1.818921296e+00 +1.818921296e+00 +2.749689213e+02 +2.749689213e+02
383314 +1.755388217e+00 +1.755388217e+00 +2.749053882e+02 +2.749053882e+02
383440 +1.683195417e+00 +1.683195417e+00 +2.748331954e+02 +2.748331954e+02
383701 +1.644946063e+00 +1.644946063e+00 +2.747949461e+02 +2.747949461e+02
383748 +1.609925714e+00 +1.609925714e+00 +2.747599257e+02 +2.747599257e+02
384166 +1.568858830e+00 +1.568858830e+00 +2.747188588e+02 +2.747188588e+02
384408 +1.540889695e+00 +1.540889695e+00 +2.746908897e+02 +2.746908897e+02
385332 +1.513235088e+00 +1.513235088e+00 +2.746632351e+02 +2.746632351e+02
386850 +1.477311228e+00 +1.477311228e+00 +2.746273112e+02 +2.746273112e+02
388065 +1.444518114e+00 +1.444518114e+00 +2.745945181e+02 +2.745945181e+02
389864 +1.412257248e+00 +1.412257248e+00 +2.745622572e+02 +2.745622572e+02
% function evaluation | noise-free fitness - Fopt (3.718000000000e+01) | best noise-free fitness - Fopt | measured fitness | best measured fitness | x1 | x2...
1 +7.400353513e+01 +7.400353513e+01 +1.111835351e+02 +1.111835351e+02
3938 +7.244126183e+01 +7.244126183e+01 +1.096212618e+02 +1.096212618e+02
4372 +7.059522153e+01 +7.059522153e+01 +1.077752215e+02 +1.077752215e+02
5345 +6.908179522e+01 +6.908179522e+01 +1.062617952e+02 +1.062617952e+02
6204 +6.751205178e+01 +6.751205178e+01 +1.046920518e+02 +1.046920518e+02
7311 +6.602949875e+01 +6.602949875e+01 +1.032094987e+02 +1.032094987e+02
9287 +6.454653933e+01 +6.454653933e+01 +1.017265393e+02 +1.017265393e+02
13046 +6.309357515e+01 +6.309357515e+01 +1.002735751e+02 +1.002735751e+02
18876 +6.165776107e+01 +6.165776107e+01 +9.883776107e+01 +9.883776107e+01
23584 +6.025371386e+01 +6.025371386e+01 +9.743371386e+01 +9.743371386e+01
32054 +5.888312279e+01 +5.888312279e+01 +9.606312279e+01 +9.606312279e+01
45430 +5.754381784e+01 +5.754381784e+01 +9.472381784e+01 +9.472381784e+01
63935 +5.623374995e+01 +5.623374995e+01 +9.341374995e+01 +9.341374995e+01
142205 +5.495376126e+01 +5.495376126e+01 +9.213376126e+01 +9.213376126e+01
440535 +5.225195585e+01 +5.225195585e+01 +8.943195585e+01 +8.943195585e+01
440660 +5.100586993e+01 +5.100586993e+01 +8.818586993e+01 +8.818586993e+01
441093 +4.970607433e+01 +4.970607433e+01 +8.688607433e+01 +8.688607433e+01
441287 +4.796801404e+01 +4.796801404e+01 +8.514801404e+01 +8.514801404e+01
441296 +4.753296762e+01 +4.753296762e+01 +8.471296762e+01 +8.471296762e+01
441463 +4.371657421e+01 +4.371657421e+01 +8.089657421e+01 +8.089657421e+01
441589 +4.265577873e+01 +4.265577873e+01 +7.983577873e+01 +7.983577873e+01
441720 +4.077680761e+01 +4.077680761e+01 +7.795680761e+01 +7.795680761e+01
441787 +3.710553484e+01 +3.710553484e+01 +7.428553484e+01 +7.428553484e+01
441850 +3.295968307e+01 +3.295968307e+01 +7.013968307e+01 +7.013968307e+01
441894 +3.131918568e+01 +3.131918568e+01 +6.849918568e+01 +6.849918568e+01
441949 +3.024577109e+01 +3.024577109e+01 +6.742577109e+01 +6.742577109e+01
442087 +2.981320989e+01 +2.981320989e+01 +6.699320989e+01 +6.699320989e+01
442105 +2.895891949e+01 +2.895891949e+01 +6.613891949e+01 +6.613891949e+01
442123 +2.624926099e+01 +2.624926099e+01 +6.342926099e+01 +6.342926099e+01
442310 +2.479033270e+01 +2.479033270e+01 +6.197033270e+01 +6.197033270e+01
442316 +2.354969969e+01 +2.354969969e+01 +6.072969969e+01 +6.072969969e+01
442342 +2.333643411e+01 +2.333643411e+01 +6.051643411e+01 +6.051643411e+01
442356 +2.263666707e+01 +2.263666707e+01 +5.981666707e+01 +5.981666707e+01
442429 +2.205162548e+01 +2.205162548e+01 +5.923162548e+01 +5.923162548e+01
442466 +2.102948383e+01 +2.102948383e+01 +5.820948383e+01 +5.820948383e+01
442636 +1.961633558e+01 +1.961633558e+01 +5.679633558e+01 +5.679633558e+01
442796 +1.865072887e+01 +1.865072887e+01 +5.583072887e+01 +5.583072887e+01
442799 +1.695340077e+01 +1.695340077e+01 +5.413340077e+01 +5.413340077e+01
442818 +1.456915002e+01 +1.456915002e+01 +5.174915002e+01 +5.174915002e+01
443033 +1.433264967e+01 +1.433264967e+01 +5.151264967e+01 +5.151264967e+01
443204 +1.303361050e+01 +1.303361050e+01 +5.021361050e+01 +5.021361050e+01
443236 +1.239300091e+01 +1.239300091e+01 +4.957300091e+01 +4.957300091e+01
443438 +1.197318558e+01 +1.197318558e+01 +4.915318558e+01 +4.915318558e+01
443472 +1.144163815e+01 +1.144163815e+01 +4.862163815e+01 +4.862163815e+01
443544 +1.115386106e+01 +1.115386106e+01 +4.833386106e+01 +4.833386106e+01
443568 +1.019219581e+01 +1.019219581e+01 +4.737219581e+01 +4.737219581e+01
443896 +9.995902877e+00 +9.995902877e+00 +4.717590288e+01 +4.717590288e+01
443961 +9.561913535e+00 +9.561913535e+00 +4.674191353e+01 +4.674191353e+01
444052 +9.513053460e+00 +9.513053460e+00 +4.669305346e+01 +4.669305346e+01
444110 +9.223534188e+00 +9.223534188e+00 +4.640353419e+01 +4.640353419e+01
444124 +8.965339456e+00 +8.965339456e+00 +4.614533946e+01 +4.614533946e+01
444138 +7.524088905e+00 +7.524088905e+00 +4.470408890e+01 +4.470408890e+01
444946 +7.371377539e+00 +7.371377539e+00 +4.455137754e+01 +4.455137754e+01
445062 +7.117471388e+00 +7.117471388e+00 +4.429747139e+01 +4.429747139e+01
445081 +6.983255845e+00 +6.983255845e+00 +4.416325585e+01 +4.416325585e+01
445106 +6.900422602e+00 +6.900422602e+00 +4.408042260e+01 +4.408042260e+01
445128 +6.580269314e+00 +6.580269314e+00 +4.376026931e+01 +4.376026931e+01
445361 +6.386500092e+00 +6.386500092e+00 +4.356650009e+01 +4.356650009e+01
445456 +6.224260679e+00 +6.224260679e+00 +4.340426068e+01 +4.340426068e+01
445678 +6.033155004e+00 +6.033155004e+00 +4.321315500e+01 +4.321315500e+01
445831 +6.010495018e+00 +6.010495018e+00 +4.319049502e+01 +4.319049502e+01
445849 +5.717130003e+00 +5.717130003e+00 +4.289713000e+01 +4.289713000e+01
445955 +5.530749412e+00 +5.530749412e+00 +4.271074941e+01 +4.271074941e+01
446118 +5.481032381e+00 +5.481032381e+00 +4.266103238e+01 +4.266103238e+01
446162 +5.302188187e+00 +5.302188187e+00 +4.248218819e+01 +4.248218819e+01
446227 +4.922546577e+00 +4.922546577e+00 +4.210254658e+01 +4.210254658e+01
446492 +4.580449176e+00 +4.580449176e+00 +4.176044918e+01 +4.176044918e+01
446756 +4.395845419e+00 +4.395845419e+00 +4.157584542e+01 +4.157584542e+01
447196 +4.334580724e+00 +4.334580724e+00 +4.151458072e+01 +4.151458072e+01
447570 +4.248344530e+00 +4.248344530e+00 +4.142834453e+01 +4.142834453e+01
447724 +4.133047560e+00 +4.133047560e+00 +4.131304756e+01 +4.131304756e+01
447790 +3.848046480e+00 +3.848046480e+00 +4.102804648e+01 +4.102804648e+01
448076 +3.704925704e+00 +3.704925704e+00 +4.088492570e+01 +4.088492570e+01
448120 +3.621598993e+00 +3.621598993e+00 +4.080159899e+01 +4.080159899e+01
448164 +3.481366769e+00 +3.481366769e+00 +4.066136677e+01 +4.066136677e+01
448252 +3.416307489e+00 +3.416307489e+00 +4.059630749e+01 +4.059630749e+01
448384 +3.388321376e+00 +3.388321376e+00 +4.056832138e+01 +4.056832138e+01
448465 +3.305963114e+00 +3.305963114e+00 +4.048596311e+01 +4.048596311e+01
448494 +3.090117728e+00 +3.090117728e+00 +4.027011773e+01 +4.027011773e+01
449594 +3.004120582e+00 +3.004120582e+00 +4.018412058e+01 +4.018412058e+01
450166 +2.923782659e+00 +2.923782659e+00 +4.010378266e+01 +4.010378266e+01
450254 +2.870892359e+00 +2.870892359e+00 +4.005089236e+01 +4.005089236e+01
450276 +2.767784114e+00 +2.767784114e+00 +3.994778411e+01 +3.994778411e+01
450804 +2.738369941e+00 +2.738369941e+00 +3.991836994e+01 +3.991836994e+01
451354 +2.683508189e+00 +2.683508189e+00 +3.986350819e+01 +3.986350819e+01
451838 +2.622587496e+00 +2.622587496e+00 +3.980258750e+01 +3.980258750e+01
452322 +2.557911878e+00 +2.557911878e+00 +3.973791188e+01 +3.973791188e+01
453312 +2.502861216e+00 +2.502861216e+00 +3.968286122e+01 +3.968286122e+01
% function evaluation | noise-free fitness - Fopt (-1.479000000000e+02) | best noise-free fitness - Fopt | measured fitness | best measured fitness | x1 | x2...
1 +6.771889539e+01 +6.771889539e+01 -8.018110461e+01 -8.018110461e+01
1648 +6.695489180e+01 +6.695489180e+01 -8.094510820e+01 -8.094510820e+01
1936 +6.496402551e+01 +6.496402551e+01 -8.293597449e+01 -8.293597449e+01
2156 +6.440572974e+01 +6.440572974e+01 -8.349427026e+01 -8.349427026e+01
2222 +5.999558871e+01 +5.999558871e+01 -8.790441129e+01 -8.790441129e+01
2480 +5.826314525e+01 +5.826314525e+01 -8.963685475e+01 -8.963685475e+01
2684 +5.735150468e+01 +5.735150468e+01 -9.054849532e+01 -9.054849532e+01
2926 +5.595960316e+01 +5.595960316e+01 -9.194039684e+01 -9.194039684e+01
3542 +5.494536385e+01 +5.494536385e+01 -9.295463615e+01 -9.295463615e+01
3982 +5.347110290e+01 +5.347110290e+01 -9.442889710e+01 -9.442889710e+01
4224 +5.244459288e+01 +5.244459288e+01 -9.545540712e+01 -9.545540712e+01
4906 +5.127537765e+01 +5.127537765e+01 -9.662462235e+01 -9.662462235e+01
6336 +5.004688814e+01 +5.004688814e+01 -9.785311186e+01 -9.785311186e+01
8580 +4.897176069e+01 +4.897176069e+01 -9.892823931e+01 -9.892823931e+01
87672 +4.435880061e+01 +4.435880061e+01 -1.035411994e+02 -1.035411994e+02
88286 +4.358273890e+01 +4.358273890e+01 -1.043172611e+02 -1.043172611e+02
88356 +4.193410156e+01 +4.193410156e+01 -1.059658984e+02 -1.059658984e+02
88555 +4.101681580e+01 +4.101681580e+01 -1.068831842e+02 -1.068831842e+02
88574 +4.061867143e+01 +4.061867143e+01 -1.072813286e+02 -1.072813286e+02
88772 +3.957610346e+01 +3.957610346e+01 -1.083238965e+02 -1.083238965e+02
89485 +3.713076963e+01 +3.713076963e+01 -1.107692304e+02 -1.107692304e+02
89608 +3.558839131e+01 +3.558839131e+01 -1.123116087e+02 -1.123116087e+02
89728 +3.508371368e+01 +3.508371368e+01 -1.128162863e+02 -1.128162863e+02
89806 +3.455353663e+01 +3.455353663e+01 -1.133464634e+02 -1.133464634e+02
90070 +3.142274405e+01 +3.142274405e+01 -1.164772560e+02 -1.164772560e+02
90245 +3.016550617e+01 +3.016550617e+01 -1.177344938e+02 -1.177344938e+02
90862 +2.861124858e+01 +2.861124858e+01 -1.192887514e+02 -1.192887514e+02
90895 +2.805501232e+01 +2.805501232e+01 -1.198449877e+02 -1.198449877e+02
91047 +2.730544651e+01 +2.730544651e+01 -1.205945535e+02 -1.205945535e+02
91051 +2.517997319e+01 +2.517997319e+01 -1.227200268e+02 -1.227200268e+02
91082 +2.503291166e+01 +2.503291166e+01 -1.228670883e+02 -1.228670883e+02
91104 +2.340985339e+01 +2.340985339e+01 -1.244901466e+02 -1.244901466e+02
91918 +2.201271276e+01 +2.201271276e+01 -1.258872872e+02 -1.258872872e+02
91996 +2.089143095e+01 +2.089143095e+01 -1.270085691e+02 -1.270085691e+02
92270 +1.853665002e+01 +1.853665002e+01 -1.293633500e+02 -1.293633500e+02
93106 +1.763114112e+01 +1.763114112e+01 -1.302688589e+02 -1.302688589e+02
93636 +1.723876863e+01 +1.723876863e+01 -1.306612314e+02 -1.306612314e+02
93698 +1.657945521e+01 +1.657945521e+01 -1.313205448e+02 -1.313205448e+02
94010 +1.616073775e+01 +1.616073775e+01 -1.317392622e+02 -1.317392622e+02
94072 +1.559230708e+01 +1.559230708e+01 -1.323076929e+02 -1.323076929e+02
94074 +1.478303643e+01 +1.478303643e+01 -1.331169636e+02 -1.331169636e+02
94250 +1.395533528e+01 +1.395533528e+01 -1.339446647e+02 -1.339446647e+02
94751 +1.372443144e+01 +1.372443144e+01 -1.341755686e+02 -1.341755686e+02
94756 +1.340990182e+01 +1.340990182e+01 -1.344900982e+02 -1.344900982e+02
94976 +1.316237724e+01 +1.316237724e+01 -1.347376228e+02 -1.347376228e+02
95328 +1.283564015e+01 +1.283564015e+01 -1.350643599e+02 -1.350643599e+02
95878 +1.253805013e+01 +1.253805013e+01 -1.353619499e+02 -1.353619499e+02
96090 +1.227864238e+01 +1.227864238e+01 -1.356213576e+02 -1.356213576e+02
96428 +1.191125857e+01 +1.191125857e+01 -1.359887414e+02 -1.359887414e+02
96538 +1.168239152e+01 +1.168239152e+01 -1.362176085e+02 -1.362176085e+02
97088 +1.146088697e+01 +1.146088697e+01 -1.364391130e+02 -1.364391130e+02
98403 +1.119940615e+01 +1.119940615e+01 -1.367005938e+02 -1.367005938e+02
102192 +1.096012120e+01 +1.096012120e+01 -1.369398788e+02 -1.369398788e+02
140088 +1.062319401e+01 +1.062319401e+01 -1.372768060e+02 -1.372768060e+02
140208 +9.886292002e+00 +9.886292002e+00 -1.380137080e+02 -1.380137080e+02
140518 +9.211207846e+00 +9.211207846e+00 -1.386887922e+02 -1.386887922e+02
140540 +8.144678889e+00 +8.144678889e+00 -1.397553211e+02 -1.397553211e+02
140628 +7.204855729e+00 +7.204855729e+00 -1.406951443e+02 -1.406951443e+02
140958 +7.071663194e+00 +7.071663194e+00 -1.408283368e+02 -1.408283368e+02
141013 +6.781492540e+00 +6.781492540e+00 -1.411185075e+02 -1.411185075e+02
141045 +6.712861926e+00 +6.712861926e+00 -1.411871381e+02 -1.411871381e+02
141090 +6.218675313e+00 +6.218675313e+00 -1.416813247e+02 -1.416813247e+02
141112 +6.139209460e+00 +6.139209460e+00 -1.417607905e+02 -1.417607905e+02
141134 +5.852632549e+00 +5.852632549e+00 -1.420473675e+02 -1.420473675e+02
141200 +4.951276540e+00 +4.951276540e+00 -1.429487235e+02 -1.429487235e+02
141354 +4.525514176e+00 +4.525514176e+00 -1.433744858e+02 -1.433744858e+02
141574 +4.038076564e+00 +4.038076564e+00 -1.438619234e+02 -1.438619234e+02
141640 +3.814358707e+00 +3.814358707e+00 -1.440856413e+02 -1.440856413e+02
141684 +3.502883633e+00 +3.502883633e+00 -1.443971164e+02 -1.443971164e+02
141728 +3.095108403e+00 +3.095108403e+00 -1.448048916e+02 -1.448048916e+02
142344 +2.902943434e+00 +2.902943434e+00 -1.449970566e+02 -1.449970566e+02
142388 +2.874477651e+00 +2.874477651e+00 -1.450255223e+02 -1.450255223e+02
142520 +2.787557216e+00 +2.787557216e+00 -1.451124428e+02 -1.451124428e+02
142608 +2.670266586e+00 +2.670266586e+00 -1.452297334e+02 -1.452297334e+02
142696 +2.493627589e+00 +2.493627589e+00 -1.454063724e+02 -1.454063724e+02
142718 +2.444933707e+00 +2.444933707e+00 -1.454550663e+02 -1.454550663e+02
142740 +2.374040018e+00 +2.374040018e+00 -1.455259600e+02 -1.455259600e+02
142762 +2.296029170e+00 +2.296029170e+00 -1.456039708e+02 -1.456039708e+02
142784 +2.165375883e+00 +2.165375883e+00 -1.457346241e+02 -1.457346241e+02
142982 +2.067809449e+00 +2.067809449e+00 -1.458321906e+02 -1.458321906e+02
143202 +1.912771173e+00 +1.912771173e+00 -1.459872288e+02 -1.459872288e+02
143485 +1.864531511e+00 +1.864531511e+00 -1.460354685e+02 -1.460354685e+02
143488 +1.832692268e+00 +1.832692268e+00 -1.460673077e+02 -1.460673077e+02
143598 +1.768317156e+00 +1.768317156e+00 -1.461316828e+02 -1.461316828e+02
143664 +1.713735675e+00 +1.713735675e+00 -1.461862643e+02 -1.461862643e+02
143774 +1.673882633e+00 +1.673882633e+00 -1.462261174e+02 -1.462261174e+02
143994 +1.624971698e+00 +1.624971698e+00 -1.462750283e+02 -1.462750283e+02
144258 +1.615781868e+00 +1.615781868e+00 -1.462842181e+02 -1.462842181e+02
144478 +1.581154351e+00 +1.581154351e+00 -1.463188456e+02 -1.463188456e+02
144742 +1.540870790e+00 +1.540870790e+00 -1.463591292e+02 -1.463591292e+02
145314 +1.494915068e+00 +1.494915068e+00 -1.464050849e+02 -1.464050849e+02
145336 +1.459987057e+00 +1.459987057e+00 -1.464400129e+02 -1.464400129e+02
145864 +1.440566385e+00 +1.440566385e+00 -1.464594336e+02 -1.464594336e+02
146348 +1.404525181e+00 +1.404525181e+00 -1.464954748e+02 -1.464954748e+02
147081 +1.371529006e+00 +1.371529006e+00 -1.465284710e+02 -1.465284710e+02
147800 +1.348033341e+00 +1.348033341e+00 -1.465519667e+02 -1.465519667e+02
150880 +1.318185661e+00 +1.318185661e+00 -1.465818143e+02 -1.465818143e+02
% function evaluation | noise-free fitness - Fopt (-6.080000000000e+00) | best noise-free fitness - Fopt | measured fitness | best measured fitness | x1 | x2...
1 +3.265354078e+02 +3.265354078e+02 +3.204554078e+02 +3.204554078e+02
2 +1.972803970e+02 +1.972803970e+02 +1.912003970e+02 +1.912003970e+02
3 +1.755659075e+02 +1.755659075e+02 +1.694859075e+02 +1.694859075e+02
4 +1.618812148e+02 +1.618812148e+02 +1.558012148e+02 +1.558012148e+02
16 +1.569250989e+02 +1.569250989e+02 +1.508450989e+02 +1.508450989e+02
17 +1.542659979e+02 +1.542659979e+02 +1.481859979e+02 +1.481859979e+02
20 +1.463940864e+02 +1.463940864e+02 +1.403140864e+02 +1.403140864e+02
41 +1.441629952e+02 +1.441629952e+02 +1.380829952e+02 +1.380829952e+02
76 +1.321101533e+02 +1.321101533e+02 +1.260301533e+02 +1.260301533e+02
84 +1.274045745e+02 +1.274045745e+02 +1.213245745e+02 +1.213245745e+02
132 +1.256903131e+02 +1.256903131e+02 +1.196103131e+02 +1.196103131e+02
172 +1.183146421e+02 +1.183146421e+02 +1.122346421e+02 +1.122346421e+02
204 +1.149460975e+02 +1.149460975e+02 +1.088660975e+02 +1.088660975e+02
273 +1.144674860e+02 +1.144674860e+02 +1.083874860e+02 +1.083874860e+02
408 +1.090717077e+02 +1.090717077e+02 +1.029917077e+02 +1.029917077e+02
470 +1.042954006e+02 +1.042954006e+02 +9.821540055e+01 +9.821540055e+01
512 +1.019255362e+02 +1.019255362e+02 +9.584553625e+01 +9.584553625e+01
545 +9.379217293e+01 +9.379217293e+01 +8.771217293e+01 +8.771217293e+01
557 +9.269165114e+01 +9.269165114e+01 +8.661165114e+01 +8.661165114e+01
602 +8.977756546e+01 +8.977756546e+01 +8.369756546e+01 +8.369756546e+01
635 +8.671946324e+01 +8.671946324e+01 +8.063946324e+01 +8.063946324e+01
649 +7.923338103e+01 +7.923338103e+01 +7.315338103e+01 +7.315338103e+01
685 +7.055230142e+01 +7.055230142e+01 +6.447230142e+01 +6.447230142e+01
800 +6.794601610e+01 +6.794601610e+01 +6.186601610e+01 +6.186601610e+01
971 +6.626317500e+01 +6.626317500e+01 +6.018317500e+01 +6.018317500e+01
1112 +6.592066875e+01 +6.592066875e+01 +5.984066875e+01 +5.984066875e+01
1193 +5.625297056e+01 +5.625297056e+01 +5.017297056e+01 +5.017297056e+01
1411 +5.486542226e+01 +5.486542226e+01 +4.878542226e+01 +4.878542226e+01
1606 +4.901276606e+01 +4.901276606e+01 +4.293276606e+01 +4.293276606e+01
1941 +4.825716041e+01 +4.825716041e+01 +4.217716041e+01 +4.217716041e+01
2018 +4.723486140e+01 +4.723486140e+01 +4.115486140e+01 +4.115486140e+01
2053 +4.654135599e+01 +4.654135599e+01 +4.046135599e+01 +4.046135599e+01
2123 +4.358238927e+01 +4.358238927e+01 +3.750238927e+01 +3.750238927e+01
2165 +4.254363070e+01 +4.254363070e+01 +3.646363070e+01 +3.646363070e+01
2256 +3.987068825e+01 +3.987068825e+01 +3.379068825e+01 +3.379068825e+01
2295 +3.859236768e+01 +3.859236768e+01 +3.251236768e+01 +3.251236768e+01
2504 +3.796654432e+01 +3.796654432e+01 +3.188654432e+01 +3.188654432e+01
2549 +3.710746883e+01 +3.710746883e+01 +3.102746883e+01 +3.102746883e+01
2618 +3.624851258e+01 +3.624851258e+01 +3.016851258e+01 +3.016851258e+01
2624 +3.349368501e+01 +3.349368501e+01 +2.741368501e+01 +2.741368501e+01
2626 +3.273282935e+01 +3.273282935e+01 +2.665282935e+01 +2.665282935e+01
2725 +3.196447793e+01 +3.196447793e+01 +2.588447793e+01 +2.588447793e+01
2744 +3.114270279e+01 +3.114270279e+01 +2.506270279e+01 +2.506270279e+01
2972 +2.971273528e+01 +2.971273528e+01 +2.363273528e+01 +2.363273528e+01
3049 +2.431535914e+01 +2.431535914e+01 +1.823535914e+01 +1.823535914e+01
4231 +2.346677082e+01 +2.346677082e+01 +1.738677082e+01 +1.738677082e+01
4444 +2.318981834e+01 +2.318981834e+01 +1.710981834e+01 +1.710981834e+01
4466 +2.223111217e+01 +2.223111217e+01 +1.615111217e+01 +1.615111217e+01
4881 +2.038274885e+01 +2.038274885e+01 +1.430274885e+01 +1.430274885e+01
4928 +1.908638732e+01 +1.908638732e+01 +1.300638732e+01 +1.300638732e+01
5346 +1.868606230e+01 +1.868606230e+01 +1.260606230e+01 +1.260606230e+01
5500 +1.857070275e+01 +1.857070275e+01 +1.249070275e+01 +1.249070275e+01
5632 +1.690479974e+01 +1.690479974e+01 +1.082479974e+01 +1.082479974e+01
5984 +1.655472274e+01 +1.655472274e+01 +1.047472274e+01 +1.047472274e+01
6094 +1.609554639e+01 +1.609554639e+01 +1.001554639e+01 +1.001554639e+01
6138 +1.577436654e+01 +1.577436654e+01 +9.694366540e+00 +9.694366540e+00
6556 +1.524022547e+01 +1.524022547e+01 +9.160225467e+00 +9.160225467e+00
6622 +1.490410754e+01 +1.490410754e+01 +8.824107537e+00 +8.824107537e+00
6732 +1.474775752e+01 +1.474775752e+01 +8.667757516e+00 +8.667757516e+00
6864 +1.426410733e+01 +1.426410733e+01 +8.184107334e+00 +8.184107334e+00
7150 +1.406704696e+01 +1.406704696e+01 +7.987046959e+00 +7.987046959e+00
7304 +1.379681140e+01 +1.379681140e+01 +7.716811403e+00 +7.716811403e+00
7392 +1.347895413e+01 +1.347895413e+01 +7.398954130e+00 +7.398954130e+00
7766 +1.317746253e+01 +1.317746253e+01 +7.097462527e+00 +7.097462527e+00
8707 +1.281884665e+01 +1.281884665e+01 +6.738846654e+00 +6.738846654e+00
10978 +1.258387199e+01 +1.258387199e+01 +6.503871989e+00 +6.503871989e+00
% function evaluation | noise-free fitness - Fopt (2.431100000000e+02) | best noise-free fitness - Fopt | measured fitness | best measured fitness | x1 | x2...
1 +6.450855268e+01 +6.450855268e+01 +3.076185527e+02 +3.076185527e+02
736408 +6.169674871e+01 +6.169674871e+01 +3.048067487e+02 +3.048067487e+02
736452 +6.118824360e+01 +6.118824360e+01 +3.042982436e+02 +3.042982436e+02
736518 +5.793075596e+01 +5.793075596e+01 +3.010407560e+02 +3.010407560e+02
736540 +5.719917644e+01 +5.719917644e+01 +3.003091764e+02 +3.003091764e+02
736716 +5.583674829e+01 +5.583674829e+01 +2.989467483e+02 +2.989467483e+02
736782 +5.485450765e+01 +5.485450765e+01 +2.979645077e+02 +2.979645077e+02
736936 +5.348552884e+01 +5.348552884e+01 +2.965955288e+02 +2.965955288e+02
737039 +5.239419069e+01 +5.239419069e+01 +2.955041907e+02 +2.955041907e+02
737266 +5.117605141e+01 +5.117605141e+01 +2.942860514e+02 +2.942860514e+02
737486 +4.947913909e+01 +4.947913909e+01 +2.925891391e+02 +2.925891391e+02
737706 +4.877894346e+01 +4.877894346e+01 +2.918889435e+02 +2.918889435e+02
738102 +4.761079334e+01 +4.761079334e+01 +2.907207933e+02 +2.907207933e+02
739048 +4.676038962e+01 +4.676038962e+01 +2.898703896e+02 +2.898703896e+02
741308 +4.569350418e+01 +4.569350418e+01 +2.888035042e+02 +2.888035042e+02
745504 +4.466833260e+01 +4.466833260e+01 +2.877783326e+02 +2.877783326e+02
789103 +4.365136878e+01 +4.365136878e+01 +2.867613688e+02 +2.867613688e+02
% function evaluation | noise-free fitness - Fopt (-1.436200000000e+02) | best noise-free fitness - Fopt | measured fitness | best measured fitness | x1 | x2...
1 +1.134513299e+02 +1.134513299e+02 -3.016867010e+01 -3.016867010e+01
544 +1.095801455e+02 +1.095801455e+02 -3.403985448e+01 -3.403985448e+01
566 +1.032068016e+02 +1.032068016e+02 -4.041319839e+01 -4.041319839e+01
611 +9.838362192e+01 +9.838362192e+01 -4.523637808e+01 -4.523637808e+01
648 +9.455996212e+01 +9.455996212e+01 -4.906003788e+01 -4.906003788e+01
668 +8.780911411e+01 +8.780911411e+01 -5.581088589e+01 -5.581088589e+01
730 +8.603315542e+01 +8.603315542e+01 -5.758684458e+01 -5.758684458e+01
739 +7.335556042e+01 +7.335556042e+01 -7.026443958e+01 -7.026443958e+01
795 +7.023545958e+01 +7.023545958e+01 -7.338454042e+01 -7.338454042e+01
897 +6.790685096e+01 +6.790685096e+01 -7.571314904e+01 -7.571314904e+01
946 +6.608383641e+01 +6.608383641e+01 -7.753616359e+01 -7.753616359e+01
955 +6.587770362e+01 +6.587770362e+01 -7.774229638e+01 -7.774229638e+01
1077 +5.972319595e+01 +5.972319595e+01 -8.389680405e+01 -8.389680405e+01
1122 +5.688287141e+01 +5.688287141e+01 -8.673712859e+01 -8.673712859e+01
1150 +5.374915339e+01 +5.374915339e+01 -8.987084661e+01 -8.987084661e+01
1254 +4.824201744e+01 +4.824201744e+01 -9.537798256e+01 -9.537798256e+01
1454 +4.510527617e+01 +4.510527617e+01 -9.851472383e+01 -9.851472383e+01
1491 +4.347761558e+01 +4.347761558e+01 -1.001423844e+02 -1.001423844e+02
1521 +4.100497866e+01 +4.100497866e+01 -1.026150213e+02 -1.026150213e+02
1557 +3.648007751e+01 +3.648007751e+01 -1.071399225e+02 -1.071399225e+02
1630 +3.144348579e+01 +3.144348579e+01 -1.121765142e+02 -1.121765142e+02
1760 +3.021851695e+01 +3.021851695e+01 -1.134014831e+02 -1.134014831e+02
1804 +3.008384046e+01 +3.008384046e+01 -1.135361595e+02 -1.135361595e+02
1831 +2.941684997e+01 +2.941684997e+01 -1.142031500e+02 -1.142031500e+02
1850 +2.601255893e+01 +2.601255893e+01 -1.176074411e+02 -1.176074411e+02
2090 +2.544842444e+01 +2.544842444e+01 -1.181715756e+02 -1.181715756e+02
2105 +2.363375243e+01 +2.363375243e+01 -1.199862476e+02 -1.199862476e+02
2134 +2.048291477e+01 +2.048291477e+01 -1.231370852e+02 -1.231370852e+02
2178 +1.880921756e+01 +1.880921756e+01 -1.248107824e+02 -1.248107824e+02
2200 +1.810242704e+01 +1.810242704e+01 -1.255175730e+02 -1.255175730e+02
2376 +1.664976308e+01 +1.664976308e+01 -1.269702369e+02 -1.269702369e+02
2398 +1.598372630e+01 +1.598372630e+01 -1.276362737e+02 -1.276362737e+02
2486 +1.505344040e+01 +1.505344040e+01 -1.285665596e+02 -1.285665596e+02
2516 +1.381005674e+01 +1.381005674e+01 -1.298099433e+02 -1.298099433e+02
2706 +1.107089670e+01 +1.107089670e+01 -1.325491033e+02 -1.325491033e+02
3002 +1.022906399e+01 +1.022906399e+01 -1.333909360e+02 -1.333909360e+02
3300 +8.525240862e+00 +8.525240862e+00 -1.350947591e+02 -1.350947591e+02
3388 +8.422573446e+00 +8.422573446e+00 -1.351974266e+02 -1.351974266e+02
3542 +8.239465497e+00 +8.239465497e+00 -1.353805345e+02 -1.353805345e+02
3564 +7.495351475e+00 +7.495351475e+00 -1.361246485e+02 -1.361246485e+02
3740 +7.232829412e+00 +7.232829412e+00 -1.363871706e+02 -1.363871706e+02
3850 +6.614339000e+00 +6.614339000e+00 -1.370056610e+02 -1.370056610e+02
4026 +6.550867423e+00 +6.550867423e+00 -1.370691326e+02 -1.370691326e+02
4048 +6.239927981e+00 +6.239927981e+00 -1.373800720e+02 -1.373800720e+02
4202 +5.739883788e+00 +5.739883788e+00 -1.378801162e+02 -1.378801162e+02
4290 +5.598141689e+00 +5.598141689e+00 -1.380218583e+02 -1.380218583e+02
4334 +4.872705543e+00 +4.872705543e+00 -1.387472945e+02 -1.387472945e+02
4454 +4.313713855e+00 +4.313713855e+00 -1.393062861e+02 -1.393062861e+02
4604 +4.143155437e+00 +4.143155437e+00 -1.394768446e+02 -1.394768446e+02
4627 +3.941811512e+00 +3.941811512e+00 -1.396781885e+02 -1.396781885e+02
4752 +3.808598173e+00 +3.808598173e+00 -1.398114018e+02 -1.398114018e+02
4906 +3.716860814e+00 +3.716860814e+00 -1.399031392e+02 -1.399031392e+02
4950 +3.641028293e+00 +3.641028293e+00 -1.399789717e+02 -1.399789717e+02
4972 +3.172475118e+00 +3.172475118e+00 -1.404475249e+02 -1.404475249e+02
5082 +2.988156606e+00 +2.988156606e+00 -1.406318434e+02 -1.406318434e+02
5148 +2.937896469e+00 +2.937896469e+00 -1.406821035e+02 -1.406821035e+02
5214 +2.680657271e+00 +2.680657271e+00 -1.409393427e+02 -1.409393427e+02
5456 +2.547769647e+00 +2.547769647e+00 -1.410722304e+02 -1.410722304e+02
5522 +2.429715619e+00 +2.429715619e+00 -1.411902844e+02 -1.411902844e+02
5544 +2.346463048e+00 +2.346463048e+00 -1.412735370e+02 -1.412735370e+02
5610 +2.217727365e+00 +2.217727365e+00 -1.414022726e+02 -1.414022726e+02
5653 +2.144443008e+00 +2.144443008e+00 -1.414755570e+02 -1.414755570e+02
5676 +2.092992562e+00 +2.092992562e+00 -1.415270074e+02 -1.415270074e+02
5727 +2.042588579e+00 +2.042588579e+00 -1.415774114e+02 -1.415774114e+02
5830 +1.992655240e+00 +1.992655240e+00 -1.416273448e+02 -1.416273448e+02
5918 +1.944350699e+00 +1.944350699e+00 -1.416756493e+02 -1.416756493e+02
5976 +1.812688237e+00 +1.812688237e+00 -1.418073118e+02 -1.418073118e+02
6091 +1.746423240e+00 +1.746423240e+00 -1.418735768e+02 -1.418735768e+02
6257 +1.725702264e+00 +1.725702264e+00 -1.418942977e+02 -1.418942977e+02
6291 +1.617405780e+00 +1.617405780e+00 -1.420025942e+02 -1.420025942e+02
6490 +1.541813310e+00 +1.541813310e+00 -1.420781867e+02 -1.420781867e+02
6622 +1.472812086e+00 +1.472812086e+00 -1.421471879e+02 -1.421471879e+02
6952 +1.405861109e+00 +1.405861109e+00 -1.422141389e+02 -1.422141389e+02
7260 +1.345229365e+00 +1.345229365e+00 -1.422747706e+02 -1.422747706e+02
7282 +1.256868099e+00 +1.256868099e+00 -1.423631319e+02 -1.423631319e+02
7436 +1.214781057e+00 +1.214781057e+00 -1.424052189e+02 -1.424052189e+02
7942 +1.172039056e+00 +1.172039056e+00 -1.424479609e+02 -1.424479609e+02
8008 +1.146953717e+00 +1.146953717e+00 -1.424730463e+02 -1.424730463e+02
8470 +1.114745642e+00 +1.114745642e+00 -1.425052544e+02 -1.425052544e+02
8866 +1.076404293e+00 +1.076404293e+00 -1.425435957e+02 -1.425435957e+02
8976 +1.039470433e+00 +1.039470433e+00 -1.425805296e+02 -1.425805296e+02
9416 +1.013630969e+00 +1.013630969e+00 -1.426063690e+02 -1.426063690e+02
9614 +9.938604496e-01 +9.938604496e-01 -1.426261396e+02 -1.426261396e+02
10384 +9.704004412e-01 +9.704004412e-01 -1.426495996e+02 -1.426495996e+02
11154 +9.538115726e-01 +9.538115726e-01 -1.426661884e+02 -1.426661884e+02
11330 +9.324642532e-01 +9.324642532e-01 -1.426875357e+02 -1.426875357e+02
12155 +9.118474457e-01 +9.118474457e-01 -1.427081526e+02 -1.427081526e+02
12672 +8.810346227e-01 +8.810346227e-01 -1.427389654e+02 -1.427389654e+02
13552 +8.672856814e-01 +8.672856814e-01 -1.427527143e+02 -1.427527143e+02
16830 +8.510319139e-01 +8.510319139e-01 -1.427689681e+02 -1.427689681e+02
44992 +8.199595565e-01 +8.199595565e-01 -1.428000404e+02 -1.428000404e+02
45036 +7.914427847e-01 +7.914427847e-01 -1.428285572e+02 -1.428285572e+02
45058 +7.388359396e-01 +7.388359396e-01 -1.428811641e+02 -1.428811641e+02
45102 +7.168137968e-01 +7.168137968e-01 -1.429031862e+02 -1.429031862e+02
45124 +6.898150130e-01 +6.898150130e-01 -1.429301850e+02 -1.429301850e+02
45168 +6.207290974e-01 +6.207290974e-01 -1.429992709e+02 -1.429992709e+02
45234 +6.072277994e-01 +6.072277994e-01 -1.430127722e+02 -1.430127722e+02
45349 +5.995744009e-01 +5.995744009e-01 -1.430204256e+02 -1.430204256e+02
45366 +5.457125463e-01 +5.457125463e-01 -1.430742875e+02 -1.430742875e+02
45454 +5.187807481e-01 +5.187807481e-01 -1.431012193e+02 -1.431012193e+02
45630 +5.082003666e-01 +5.082003666e-01 -1.431117996e+02 -1.431117996e+02
45938 +4.996249576e-01 +4.996249576e-01 -1.431203750e+02 -1.431203750e+02
46026 +4.610875286e-01 +4.610875286e-01 -1.431589125e+02 -1.431589125e+02
46368 +4.549027930e-01 +4.549027930e-01 -1.431650972e+02 -1.431650972e+02
46510 +4.225870858e-01 +4.225870858e-01 -1.431974129e+02 -1.431974129e+02
46642 +4.168105548e-01 +4.168105548e-01 -1.432031894e+02 -1.432031894e+02
46818 +4.043456325e-01 +4.043456325e-01 -1.432156544e+02 -1.432156544e+02
46928 +3.958280772e-01 +3.958280772e-01 -1.432241719e+02 -1.432241719e+02
47016 +3.728739773e-01 +3.728739773e-01 -1.432471260e+02 -1.432471260e+02
47038 +3.594854600e-01 +3.594854600e-01 -1.432605145e+02 -1.432605145e+02
47456 +3.538620738e-01 +3.538620738e-01 -1.432661379e+02 -1.432661379e+02
47720 +3.441383772e-01 +3.441383772e-01 -1.432758616e+02 -1.432758616e+02
47742 +3.379163227e-01 +3.379163227e-01 -1.432820837e+02 -1.432820837e+02
47852 +3.297362880e-01 +3.297362880e-01 -1.432902637e+02 -1.432902637e+02
47918 +3.214231282e-01 +3.214231282e-01 -1.432985769e+02 -1.432985769e+02
47962 +3.154382073e-01 +3.154382073e-01 -1.433045618e+02 -1.433045618e+02
48336 +3.077220097e-01 +3.077220097e-01 -1.433122780e+02 -1.433122780e+02
48490 +2.953285444e-01 +2.953285444e-01 -1.433246715e+02 -1.433246715e+02
48575 +2.920825967e-01 +2.920825967e-01 -1.433279174e+02 -1.433279174e+02
48820 +2.853239736e-01 +2.853239736e-01 -1.433346760e+02 -1.433346760e+02
48842 +2.809605692e-01 +2.809605692e-01 -1.433390394e+02 -1.433390394e+02
49216 +2.736853806e-01 +2.736853806e-01 -1.433463146e+02 -1.433463146e+02
49370 +2.661962389e-01 +2.661962389e-01 -1.433538038e+02 -1.433538038e+02
49392 +2.623395154e-01 +2.623395154e-01 -1.433576605e+02 -1.433576605e+02
50095 +2.561866107e-01 +2.561866107e-01 -1.433638134e+02 -1.433638134e+02
50580 +2.496127918e-01 +2.496127918e-01 -1.433703872e+02 -1.433703872e+02
51152 +2.435526068e-01 +2.435526068e-01 -1.433764474e+02 -1.433764474e+02
51314 +2.397342101e-01 +2.397342101e-01 -1.433802658e+02 -1.433802658e+02
52098 +2.341594163e-01 +2.341594163e-01 -1.433858406e+02 -1.433858406e+02
54914 +2.288657377e-01 +2.288657377e-01 -1.433911343e+02 -1.433911343e+02
% function evaluation | noise-free fitness - Fopt (4.290000000000e+01) | best noise-free fitness - Fopt | measured fitness | best measured fitness | x1 | x2...
1 +4.658020626e+01 +4.658020626e+01 +8.948020626e+01 +8.948020626e+01
1044 +4.344263595e+01 +4.344263595e+01 +8.634263595e+01 +8.634263595e+01
1361 +4.043710962e+01 +4.043710962e+01 +8.333710962e+01 +8.333710962e+01
1616 +3.879272849e+01 +3.879272849e+01 +8.169272849e+01 +8.169272849e+01
1693 +3.452787677e+01 +3.452787677e+01 +7.742787677e+01 +7.742787677e+01
1848 +2.991882762e+01 +2.991882762e+01 +7.281882762e+01 +7.281882762e+01
1936 +2.903222937e+01 +2.903222937e+01 +7.193222937e+01 +7.193222937e+01
2850 +2.859146720e+01 +2.859146720e+01 +7.149146720e+01 +7.149146720e+01
3188 +2.750781106e+01 +2.750781106e+01 +7.040781106e+01 +7.040781106e+01
3574 +2.526113633e+01 +2.526113633e+01 +6.816113633e+01 +6.816113633e+01
3667 +2.330022098e+01 +2.330022098e+01 +6.620022098e+01 +6.620022098e+01
4052 +2.270261504e+01 +2.270261504e+01 +6.560261504e+01 +6.560261504e+01
4315 +2.217904481e+01 +2.217904481e+01 +6.507904481e+01 +6.507904481e+01
4653 +2.151052694e+01 +2.151052694e+01 +6.441052694e+01 +6.441052694e+01
4818 +2.028883937e+01 +2.028883937e+01 +6.318883937e+01 +6.318883937e+01
4832 +1.984019006e+01 +1.984019006e+01 +6.274019006e+01 +6.274019006e+01
4928 +1.760145680e+01 +1.760145680e+01 +6.050145680e+01 +6.050145680e+01
5808 +1.588703846e+01 +1.588703846e+01 +5.878703846e+01 +5.878703846e+01
6006 +1.472936044e+01 +1.472936044e+01 +5.762936044e+01 +5.762936044e+01
6204 +1.424167038e+01 +1.424167038e+01 +5.714167038e+01 +5.714167038e+01
6423 +1.411587566e+01 +1.411587566e+01 +5.701587566e+01 +5.701587566e+01
6479 +1.362729566e+01 +1.362729566e+01 +5.652729566e+01 +5.652729566e+01
6688 +1.337545815e+01 +1.337545815e+01 +5.627545815e+01 +5.627545815e+01
6886 +1.312101891e+01 +1.312101891e+01 +5.602101891e+01 +5.602101891e+01
6908 +1.276031075e+01 +1.276031075e+01 +5.566031075e+01 +5.566031075e+01
7348 +1.257799471e+01 +1.257799471e+01 +5.547799471e+01 +5.547799471e+01
7942 +1.229940881e+01 +1.229940881e+01 +5.519940881e+01 +5.519940881e+01
9152 +1.199221234e+01 +1.199221234e+01 +5.489221234e+01 +5.489221234e+01
9944 +1.173288282e+01 +1.173288282e+01 +5.463288282e+01 +5.463288282e+01
% function evaluation | noise-free fitness - Fopt (6.286500000000e+02) | best noise-free fitness - Fopt | measured fitness | best measured fitness | x1 | x2...
1 +5.883292095e+01 +5.883292095e+01 +6.874829210e+02 +6.874829210e+02
% function evaluation | noise-free fitness - Fopt (-7.163000000000e+01) | best noise-free fitness - Fopt | measured fitness | best measured fitness | x1 | x2...
1 +2.207145396e+02 +2.207145396e+02 +1.490845396e+02 +1.490845396e+02
919 +2.014476679e+02 +2.014476679e+02 +1.298176679e+02 +1.298176679e+02
930 +1.900745837e+02 +1.900745837e+02 +1.184445837e+02 +1.184445837e+02
950 +1.606568835e+02 +1.606568835e+02 +8.902688348e+01 +8.902688348e+01
981 +1.571513978e+02 +1.571513978e+02 +8.552139780e+01 +8.552139780e+01
986 +1.174280727e+02 +1.174280727e+02 +4.579807275e+01 +4.579807275e+01
1082 +1.022173262e+02 +1.022173262e+02 +3.058732620e+01 +3.058732620e+01
1107 +8.477437110e+01 +8.477437110e+01 +1.314437110e+01 +1.314437110e+01
1166 +7.161914243e+01 +7.161914243e+01 -1.085757473e-02 -1.085757473e-02
1232 +6.511513116e+01 +6.511513116e+01 -6.514868836e+00 -6.514868836e+00
1242 +6.273874924e+01 +6.273874924e+01 -8.891250757e+00 -8.891250757e+00
1254 +6.008867623e+01 +6.008867623e+01 -1.154132377e+01 -1.154132377e+01
1276 +5.774120903e+01 +5.774120903e+01 -1.388879097e+01 -1.388879097e+01
1298 +5.397340161e+01 +5.397340161e+01 -1.765659839e+01 -1.765659839e+01
1320 +4.546503850e+01 +4.546503850e+01 -2.616496150e+01 -2.616496150e+01
1342 +4.284036934e+01 +4.284036934e+01 -2.878963066e+01 -2.878963066e+01
1386 +3.771082633e+01 +3.771082633e+01 -3.391917367e+01 -3.391917367e+01
1476 +3.208197716e+01 +3.208197716e+01 -3.954802284e+01 -3.954802284e+01
1636 +2.981076753e+01 +2.981076753e+01 -4.181923247e+01 -4.181923247e+01
1647 +2.747819155e+01 +2.747819155e+01 -4.415180845e+01 -4.415180845e+01
1711 +2.648854206e+01 +2.648854206e+01 -4.514145794e+01 -4.514145794e+01
1760 +2.591542570e+01 +2.591542570e+01 -4.571457430e+01 -4.571457430e+01
1782 +2.162659699e+01 +2.162659699e+01 -5.000340301e+01 -5.000340301e+01
1848 +1.953756835e+01 +1.953756835e+01 -5.209243165e+01 -5.209243165e+01
1936 +1.815751902e+01 +1.815751902e+01 -5.347248098e+01 -5.347248098e+01
2120 +1.755869797e+01 +1.755869797e+01 -5.407130203e+01 -5.407130203e+01
2134 +1.504891034e+01 +1.504891034e+01 -5.658108966e+01 -5.658108966e+01
2288 +1.436930976e+01 +1.436930976e+01 -5.726069024e+01 -5.726069024e+01
2442 +1.324509528e+01 +1.324509528e+01 -5.838490472e+01 -5.838490472e+01
2486 +1.228816946e+01 +1.228816946e+01 -5.934183054e+01 -5.934183054e+01
2530 +1.122884217e+01 +1.122884217e+01 -6.040115783e+01 -6.040115783e+01
2618 +1.058717605e+01 +1.058717605e+01 -6.104282395e+01 -6.104282395e+01
2728 +9.552470055e+00 +9.552470055e+00 -6.207752995e+01 -6.207752995e+01
2926 +9.225006268e+00 +9.225006268e+00 -6.240499373e+01 -6.240499373e+01
2948 +8.556090615e+00 +8.556090615e+00 -6.307390939e+01 -6.307390939e+01
2970 +7.847751838e+00 +7.847751838e+00 -6.378224816e+01 -6.378224816e+01
3409 +7.553666344e+00 +7.553666344e+00 -6.407633366e+01 -6.407633366e+01
3431 +7.309168346e+00 +7.309168346e+00 -6.432083165e+01 -6.432083165e+01
3452 +6.706947441e+00 +6.706947441e+00 -6.492305256e+01 -6.492305256e+01
3520 +6.107659956e+00 +6.107659956e+00 -6.552234004e+01 -6.552234004e+01
3542 +5.573174803e+00 +5.573174803e+00 -6.605682520e+01 -6.605682520e+01
3850 +5.068086068e+00 +5.068086068e+00 -6.656191393e+01 -6.656191393e+01
3921 +4.455043040e+00 +4.455043040e+00 -6.717495696e+01 -6.717495696e+01
4026 +4.296325644e+00 +4.296325644e+00 -6.733367436e+01 -6.733367436e+01
4202 +3.796952853e+00 +3.796952853e+00 -6.783304715e+01 -6.783304715e+01
4268 +3.576780102e+00 +3.576780102e+00 -6.805321990e+01 -6.805321990e+01
4290 +3.277468897e+00 +3.277468897e+00 -6.835253110e+01 -6.835253110e+01
4312 +3.234418512e+00 +3.234418512e+00 -6.839558149e+01 -6.839558149e+01
4466 +3.007674125e+00 +3.007674125e+00 -6.862232587e+01 -6.862232587e+01
4598 +2.926825825e+00 +2.926825825e+00 -6.870317418e+01 -6.870317418e+01
4639 +2.868188970e+00 +2.868188970e+00 -6.876181103e+01 -6.876181103e+01
4642 +2.634496685e+00 +2.634496685e+00 -6.899550331e+01 -6.899550331e+01
4708 +2.613745021e+00 +2.613745021e+00 -6.901625498e+01 -6.901625498e+01
4752 +2.414904822e+00 +2.414904822e+00 -6.921509518e+01 -6.921509518e+01
4818 +2.117378598e+00 +2.117378598e+00 -6.951262140e+01 -6.951262140e+01
4972 +1.975110098e+00 +1.975110098e+00 -6.965488990e+01 -6.965488990e+01
5038 +1.927013861e+00 +1.927013861e+00 -6.970298614e+01 -6.970298614e+01
5082 +1.765531149e+00 +1.765531149e+00 -6.986446885e+01 -6.986446885e+01
5170 +1.710375257e+00 +1.710375257e+00 -6.991962474e+01 -6.991962474e+01
5390 +1.594096795e+00 +1.594096795e+00 -7.003590320e+01 -7.003590320e+01
5522 +1.528750726e+00 +1.528750726e+00 -7.010124927e+01 -7.010124927e+01
5648 +1.487277305e+00 +1.487277305e+00 -7.014272270e+01 -7.014272270e+01
5654 +1.424153846e+00 +1.424153846e+00 -7.020584615e+01 -7.020584615e+01
5742 +1.346570675e+00 +1.346570675e+00 -7.028342932e+01 -7.028342932e+01
5764 +1.265389070e+00 +1.265389070e+00 -7.036461093e+01 -7.036461093e+01
5984 +1.250156946e+00 +1.250156946e+00 -7.037984305e+01 -7.037984305e+01
6072 +1.207573159e+00 +1.207573159e+00 -7.042242684e+01 -7.042242684e+01
6160 +1.136677162e+00 +1.136677162e+00 -7.049332284e+01 -7.049332284e+01
6270 +1.119336927e+00 +1.119336927e+00 -7.051066307e+01 -7.051066307e+01
6292 +1.079056640e+00 +1.079056640e+00 -7.055094336e+01 -7.055094336e+01
6495 +1.065935305e+00 +1.065935305e+00 -7.056406470e+01 -7.056406470e+01
6604 +1.019603324e+00 +1.019603324e+00 -7.061039668e+01 -7.061039668e+01
6644 +9.960021903e-01 +9.960021903e-01 -7.063399781e+01 -7.063399781e+01
6666 +9.475390524e-01 +9.475390524e-01 -7.068246095e+01 -7.068246095e+01
6842 +9.114503830e-01 +9.114503830e-01 -7.071854962e+01 -7.071854962e+01
6952 +8.526365326e-01 +8.526365326e-01 -7.077736347e+01 -7.077736347e+01
7612 +8.411885633e-01 +8.411885633e-01 -7.078881144e+01 -7.078881144e+01
7656 +7.955718734e-01 +7.955718734e-01 -7.083442813e+01 -7.083442813e+01
8332 +7.895032034e-01 +7.895032034e-01 -7.084049680e+01 -7.084049680e+01
8756 +7.731826661e-01 +7.731826661e-01 -7.085681733e+01 -7.085681733e+01
8997 +7.550357462e-01 +7.550357462e-01 -7.087496425e+01 -7.087496425e+01
9196 +7.268170887e-01 +7.268170887e-01 -7.090318291e+01 -7.090318291e+01
9570 +7.184559216e-01 +7.184559216e-01 -7.091154408e+01 -7.091154408e+01
9834 +7.035045247e-01 +7.035045247e-01 -7.092649548e+01 -7.092649548e+01
10516 +6.835444229e-01 +6.835444229e-01 -7.094645558e+01 -7.094645558e+01
11154 +6.726768062e-01 +6.726768062e-01 -7.095732319e+01 -7.095732319e+01
12078 +6.594271677e-01 +6.594271677e-01 -7.097057283e+01 -7.097057283e+01
% function evaluation | noise-free fitness - Fopt (1.976000000000e+01) | best noise-free fitness - Fopt | measured fitness | best measured fitness | x1 | x2...
1 +5.807927136e+01 +5.807927136e+01 +7.783927136e+01 +7.783927136e+01
336 +5.383382809e+01 +5.383382809e+01 +7.359382809e+01 +7.359382809e+01
354 +5.227034650e+01 +5.227034650e+01 +7.203034650e+01 +7.203034650e+01
374 +5.068632096e+01 +5.068632096e+01 +7.044632096e+01 +7.044632096e+01
390 +5.004535284e+01 +5.004535284e+01 +6.980535284e+01 +6.980535284e+01
402 +4.729901781e+01 +4.729901781e+01 +6.705901781e+01 +6.705901781e+01
440 +4.578832384e+01 +4.578832384e+01 +6.554832384e+01 +6.554832384e+01
462 +4.430327936e+01 +4.430327936e+01 +6.406327936e+01 +6.406327936e+01
487 +4.088986675e+01 +4.088986675e+01 +6.064986675e+01 +6.064986675e+01
526 +3.762299312e+01 +3.762299312e+01 +5.738299312e+01 +5.738299312e+01
531 +3.522691024e+01 +3.522691024e+01 +5.498691024e+01 +5.498691024e+01
554 +3.051122143e+01 +3.051122143e+01 +5.027122143e+01 +5.027122143e+01
587 +2.985929660e+01 +2.985929660e+01 +4.961929660e+01 +4.961929660e+01
745 +2.728199987e+01 +2.728199987e+01 +4.704199987e+01 +4.704199987e+01
770 +2.618841958e+01 +2.618841958e+01 +4.594841958e+01 +4.594841958e+01
814 +2.321391912e+01 +2.321391912e+01 +4.297391912e+01 +4.297391912e+01
900 +2.075067679e+01 +2.075067679e+01 +4.051067679e+01 +4.051067679e+01
992 +2.019016925e+01 +2.019016925e+01 +3.995016925e+01 +3.995016925e+01
993 +1.950219863e+01 +1.950219863e+01 +3.926219863e+01 +3.926219863e+01
1047 +1.917307834e+01 +1.917307834e+01 +3.893307834e+01 +3.893307834e+01
1056 +1.901732058e+01 +1.901732058e+01 +3.877732058e+01 +3.877732058e+01
1062 +1.841910769e+01 +1.841910769e+01 +3.817910769e+01 +3.817910769e+01
1078 +1.786258445e+01 +1.786258445e+01 +3.762258445e+01 +3.762258445e+01
1099 +1.767608981e+01 +1.767608981e+01 +3.743608981e+01 +3.743608981e+01
1100 +1.667997772e+01 +1.667997772e+01 +3.643997772e+01 +3.643997772e+01
1110 +1.637528069e+01 +1.637528069e+01 +3.613528069e+01 +3.613528069e+01
1144 +1.548107428e+01 +1.548107428e+01 +3.524107428e+01 +3.524107428e+01
1188 +1.448277841e+01 +1.448277841e+01 +3.424277841e+01 +3.424277841e+01
1271 +1.336615306e+01 +1.336615306e+01 +3.312615306e+01 +3.312615306e+01
1276 +1.300190430e+01 +1.300190430e+01 +3.276190430e+01 +3.276190430e+01
1342 +1.162046926e+01 +1.162046926e+01 +3.138046926e+01 +3.138046926e+01
1452 +1.110201062e+01 +1.110201062e+01 +3.086201062e+01 +3.086201062e+01
1474 +1.049961814e+01 +1.049961814e+01 +3.025961814e+01 +3.025961814e+01
1496 +9.870394080e+00 +9.870394080e+00 +2.963039408e+01 +2.963039408e+01
1518 +9.537358075e+00 +9.537358075e+00 +2.929735807e+01 +2.929735807e+01
1594 +9.158441360e+00 +9.158441360e+00 +2.891844136e+01 +2.891844136e+01
1606 +7.014588409e+00 +7.014588409e+00 +2.677458841e+01 +2.677458841e+01
2266 +6.796737702e+00 +6.796737702e+00 +2.655673770e+01 +2.655673770e+01
2451 +6.604780258e+00 +6.604780258e+00 +2.636478026e+01 +2.636478026e+01
2543 +6.068054994e+00 +6.068054994e+00 +2.582805499e+01 +2.582805499e+01
2552 +5.972389473e+00 +5.972389473e+00 +2.573238947e+01 +2.573238947e+01
2601 +5.813823091e+00 +5.813823091e+00 +2.557382309e+01 +2.557382309e+01
2684 +5.645131318e+00 +5.645131318e+00 +2.540513132e+01 +2.540513132e+01
2695 +5.393015263e+00 +5.393015263e+00 +2.515301526e+01 +2.515301526e+01
2816 +4.823974030e+00 +4.823974030e+00 +2.458397403e+01 +2.458397403e+01
2882 +4.682694020e+00 +4.682694020e+00 +2.444269402e+01 +2.444269402e+01
2926 +4.259990688e+00 +4.259990688e+00 +2.401999069e+01 +2.401999069e+01
3055 +3.864363101e+00 +3.864363101e+00 +2.362436310e+01 +2.362436310e+01
3317 +3.800580396e+00 +3.800580396e+00 +2.356058040e+01 +2.356058040e+01
3366 +3.714557022e+00 +3.714557022e+00 +2.347455702e+01 +2.347455702e+01
3429 +3.458724505e+00 +3.458724505e+00 +2.321872450e+01 +2.321872450e+01
3454 +3.091796202e+00 +3.091796202e+00 +2.285179620e+01 +2.285179620e+01
3476 +2.946357812e+00 +2.946357812e+00 +2.270635781e+01 +2.270635781e+01
3660 +2.856949922e+00 +2.856949922e+00 +2.261694992e+01 +2.261694992e+01
4059 +2.685863861e+00 +2.685863861e+00 +2.244586386e+01 +2.244586386e+01
4114 +2.544484199e+00 +2.544484199e+00 +2.230448420e+01 +2.230448420e+01
4180 +2.507701078e+00 +2.507701078e+00 +2.226770108e+01 +2.226770108e+01
4202 +2.064103386e+00 +2.064103386e+00 +2.182410339e+01 +2.182410339e+01
4576 +2.020614849e+00 +2.020614849e+00 +2.178061485e+01 +2.178061485e+01
4578 +1.914872238e+00 +1.914872238e+00 +2.167487224e+01 +2.167487224e+01
4620 +1.890978408e+00 +1.890978408e+00 +2.165097841e+01 +2.165097841e+01
4730 +1.763664199e+00 +1.763664199e+00 +2.152366420e+01 +2.152366420e+01
4774 +1.665269683e+00 +1.665269683e+00 +2.142526968e+01 +2.142526968e+01
4818 +1.652304752e+00 +1.652304752e+00 +2.141230475e+01 +2.141230475e+01
4862 +1.470405422e+00 +1.470405422e+00 +2.123040542e+01 +2.123040542e+01
4972 +1.429576367e+00 +1.429576367e+00 +2.118957637e+01 +2.118957637e+01
5258 +1.277267437e+00 +1.277267437e+00 +2.103726744e+01 +2.103726744e+01
5500 +1.254937096e+00 +1.254937096e+00 +2.101493710e+01 +2.101493710e+01
5610 +1.199821832e+00 +1.199821832e+00 +2.095982183e+01 +2.095982183e+01
5830 +1.135399541e+00 +1.135399541e+00 +2.089539954e+01 +2.089539954e+01
5896 +1.094753301e+00 +1.094753301e+00 +2.085475330e+01 +2.085475330e+01
5962 +1.040265931e+00 +1.040265931e+00 +2.080026593e+01 +2.080026593e+01
5984 +9.684657816e-01 +9.684657816e-01 +2.072846578e+01 +2.072846578e+01
6424 +9.338485309e-01 +9.338485309e-01 +2.069384853e+01 +2.069384853e+01
6534 +9.308059773e-01 +9.308059773e-01 +2.069080598e+01 +2.069080598e+01
6556 +9.098962885e-01 +9.098962885e-01 +2.066989629e+01 +2.066989629e+01
6578 +8.796674969e-01 +8.796674969e-01 +2.063966750e+01 +2.063966750e+01
6622 +8.703780420e-01 +8.703780420e-01 +2.063037804e+01 +2.063037804e+01
6864 +8.450100267e-01 +8.450100267e-01 +2.060501003e+01 +2.060501003e+01
6886 +8.122484098e-01 +8.122484098e-01 +2.057224841e+01 +2.057224841e+01
7304 +7.858733711e-01 +7.858733711e-01 +2.054587337e+01 +2.054587337e+01
7524 +7.653849405e-01 +7.653849405e-01 +2.052538494e+01 +2.052538494e+01
7612 +7.442230413e-01 +7.442230413e-01 +2.050422304e+01 +2.050422304e+01
7766 +7.409004598e-01 +7.409004598e-01 +2.050090046e+01 +2.050090046e+01
8426 +7.241153821e-01 +7.241153821e-01 +2.048411538e+01 +2.048411538e+01
8844 +7.030458145e-01 +7.030458145e-01 +2.046304581e+01 +2.046304581e+01
9570 +6.890933822e-01 +6.890933822e-01 +2.044909338e+01 +2.044909338e+01
10844 +6.758262844e-01 +6.758262844e-01 +2.043582628e+01 +2.043582628e+01
% function evaluation | noise-free fitness - Fopt (6.100000000000e-01) | best noise-free fitness - Fopt | measured fitness | best measured fitness | x1 | x2...
1 +1.150265767e+02 +1.150265767e+02 +1.156365767e+02 +1.156365767e+02
906 +1.099039745e+02 +1.099039745e+02 +1.105139745e+02 +1.105139745e+02
1010 +9.970820617e+01 +9.970820617e+01 +1.003182062e+02 +1.003182062e+02
1092 +9.514390018e+01 +9.514390018e+01 +9.575390018e+01 +9.575390018e+01
1111 +9.268989613e+01 +9.268989613e+01 +9.329989613e+01 +9.329989613e+01
1241 +9.043560199e+01 +9.043560199e+01 +9.104560199e+01 +9.104560199e+01
1263 +8.642002543e+01 +8.642002543e+01 +8.703002543e+01 +8.703002543e+01
1293 +8.482075914e+01 +8.482075914e+01 +8.543075914e+01 +8.543075914e+01
1298 +8.157220239e+01 +8.157220239e+01 +8.218220239e+01 +8.218220239e+01
1347 +7.319349050e+01 +7.319349050e+01 +7.380349050e+01 +7.380349050e+01
1348 +7.181780550e+01 +7.181780550e+01 +7.242780550e+01 +7.242780550e+01
1410 +6.850274836e+01 +6.850274836e+01 +6.911274836e+01 +6.911274836e+01
1480 +6.733528038e+01 +6.733528038e+01 +6.794528038e+01 +6.794528038e+01
1490 +6.509908732e+01 +6.509908732e+01 +6.570908732e+01 +6.570908732e+01
1546 +6.355656741e+01 +6.355656741e+01 +6.416656741e+01 +6.416656741e+01
1549 +6.057915013e+01 +6.057915013e+01 +6.118915013e+01 +6.118915013e+01
1560 +6.016154718e+01 +6.016154718e+01 +6.077154718e+01 +6.077154718e+01
1611 +5.882906751e+01 +5.882906751e+01 +5.943906751e+01 +5.943906751e+01
1638 +5.340444615e+01 +5.340444615e+01 +5.401444615e+01 +5.401444615e+01
1759 +5.203320416e+01 +5.203320416e+01 +5.264320416e+01 +5.264320416e+01
1762 +5.110911900e+01 +5.110911900e+01 +5.171911900e+01 +5.171911900e+01
1854 +5.007572274e+01 +5.007572274e+01 +5.068572274e+01 +5.068572274e+01
1866 +4.695154728e+01 +4.695154728e+01 +4.756154728e+01 +4.756154728e+01
1941 +4.369305800e+01 +4.369305800e+01 +4.430305800e+01 +4.430305800e+01
1980 +4.271264991e+01 +4.271264991e+01 +4.332264991e+01 +4.332264991e+01
2037 +3.956864661e+01 +3.956864661e+01 +4.017864661e+01 +4.017864661e+01
2042 +3.865977928e+01 +3.865977928e+01 +3.926977928e+01 +3.926977928e+01
2203 +3.705484234e+01 +3.705484234e+01 +3.766484234e+01 +3.766484234e+01
2337 +3.484755854e+01 +3.484755854e+01 +3.545755854e+01 +3.545755854e+01
2794 +3.284906233e+01 +3.284906233e+01 +3.345906233e+01 +3.345906233e+01
3366 +2.974656242e+01 +2.974656242e+01 +3.035656242e+01 +3.035656242e+01
3872 +2.884847048e+01 +2.884847048e+01 +2.945847048e+01 +2.945847048e+01
4070 +2.826468370e+01 +2.826468370e+01 +2.887468370e+01 +2.887468370e+01
4290 +2.759603392e+01 +2.759603392e+01 +2.820603392e+01 +2.820603392e+01
4479 +2.675203294e+01 +2.675203294e+01 +2.736203294e+01 +2.736203294e+01
4884 +2.495394188e+01 +2.495394188e+01 +2.556394188e+01 +2.556394188e+01
4994 +2.438230685e+01 +2.438230685e+01 +2.499230685e+01 +2.499230685e+01
5235 +2.280155882e+01 +2.280155882e+01 +2.341155882e+01 +2.341155882e+01
5544 +2.227299255e+01 +2.227299255e+01 +2.288299255e+01 +2.288299255e+01
5845 +2.119863384e+01 +2.119863384e+01 +2.180863384e+01 +2.180863384e+01
6050 +2.006317330e+01 +2.006317330e+01 +2.067317330e+01 +2.067317330e+01
6072 +1.993249720e+01 +1.993249720e+01 +2.054249720e+01 +2.054249720e+01
6160 +1.945850015e+01 +1.945850015e+01 +2.006850015e+01 +2.006850015e+01
6348 +1.886991140e+01 +1.886991140e+01 +1.947991140e+01 +1.947991140e+01
6556 +1.847938289e+01 +1.847938289e+01 +1.908938289e+01 +1.908938289e+01
6908 +1.734509359e+01 +1.734509359e+01 +1.795509359e+01 +1.795509359e+01
7326 +1.692776556e+01 +1.692776556e+01 +1.753776556e+01 +1.753776556e+01
7343 +1.657626786e+01 +1.657626786e+01 +1.718626786e+01 +1.718626786e+01
7656 +1.603436186e+01 +1.603436186e+01 +1.664436186e+01 +1.664436186e+01
8010 +1.580458391e+01 +1.580458391e+01 +1.641458391e+01 +1.641458391e+01
9020 +1.547683505e+01 +1.547683505e+01 +1.608683505e+01 +1.608683505e+01
12188 +1.510900688e+01 +1.510900688e+01 +1.571900688e+01 +1.571900688e+01
506840 +1.376465502e+01 +1.376465502e+01 +1.437465502e+01 +1.437465502e+01
507238 +1.320049464e+01 +1.320049464e+01 +1.381049464e+01 +1.381049464e+01
507258 +1.317348036e+01 +1.317348036e+01 +1.378348036e+01 +1.378348036e+01
507440 +1.248878956e+01 +1.248878956e+01 +1.309878956e+01 +1.309878956e+01
507522 +1.190037250e+01 +1.190037250e+01 +1.251037250e+01 +1.251037250e+01
507544 +1.090170132e+01 +1.090170132e+01 +1.151170132e+01 +1.151170132e+01
507956 +1.008256878e+01 +1.008256878e+01 +1.069256878e+01 +1.069256878e+01
508072 +9.784453829e+00 +9.784453829e+00 +1.039445383e+01 +1.039445383e+01
508169 +9.732174704e+00 +9.732174704e+00 +1.034217470e+01 +1.034217470e+01
508204 +9.444984040e+00 +9.444984040e+00 +1.005498404e+01 +1.005498404e+01
508226 +8.945118856e+00 +8.945118856e+00 +9.555118856e+00 +9.555118856e+00
508274 +8.794840207e+00 +8.794840207e+00 +9.404840207e+00 +9.404840207e+00
508292 +7.840501387e+00 +7.840501387e+00 +8.450501387e+00 +8.450501387e+00
508776 +7.588572506e+00 +7.588572506e+00 +8.198572506e+00 +8.198572506e+00
508842 +7.276336112e+00 +7.276336112e+00 +7.886336112e+00 +7.886336112e+00
508930 +7.175875955e+00 +7.175875955e+00 +7.785875955e+00 +7.785875955e+00
508952 +6.872592786e+00 +6.872592786e+00 +7.482592786e+00 +7.482592786e+00
508996 +6.541859891e+00 +6.541859891e+00 +7.151859891e+00 +7.151859891e+00
509370 +6.387553295e+00 +6.387553295e+00 +6.997553295e+00 +6.997553295e+00
509458 +6.211481599e+00 +6.211481599e+00 +6.821481599e+00 +6.821481599e+00
509568 +5.783621522e+00 +5.783621522e+00 +6.393621522e+00 +6.393621522e+00
509744 +5.747264403e+00 +5.747264403e+00 +6.357264403e+00 +6.357264403e+00
510140 +5.486646363e+00 +5.486646363e+00 +6.096646363e+00 +6.096646363e+00
510351 +5.141189307e+00 +5.141189307e+00 +5.751189307e+00 +5.751189307e+00
510404 +5.031343431e+00 +5.031343431e+00 +5.641343431e+00 +5.641343431e+00
510651 +4.979324003e+00 +4.979324003e+00 +5.589324003e+00 +5.589324003e+00
510976 +4.791258072e+00 +4.791258072e+00 +5.401258072e+00 +5.401258072e+00
510998 +4.780964786e+00 +4.780964786e+00 +5.390964786e+00 +5.390964786e+00
511416 +4.645107193e+00 +4.645107193e+00 +5.255107193e+00 +5.255107193e+00
513264 +4.545416635e+00 +4.545416635e+00 +5.155416635e+00 +5.155416635e+00
513787 +4.466399775e+00 +4.466399775e+00 +5.076399775e+00 +5.076399775e+00
514926 +4.362715933e+00 +4.362715933e+00 +4.972715933e+00 +4.972715933e+00
517004 +4.252724244e+00 +4.252724244e+00 +4.862724244e+00 +4.862724244e+00
% function evaluation | noise-free fitness - Fopt (-8.634400000000e+02) | best noise-free fitness - Fopt | measured fitness | best measured fitness | x1 | x2...
1 +6.995471069e+01 +6.995471069e+01 -7.934852893e+02 -7.934852893e+02
747 +6.629875381e+01 +6.629875381e+01 -7.971412462e+02 -7.971412462e+02
800 +6.467235206e+01 +6.467235206e+01 -7.987676479e+02 -7.987676479e+02
900 +6.293945823e+01 +6.293945823e+01 -8.005005418e+02 -8.005005418e+02
1050 +5.910616730e+01 +5.910616730e+01 -8.043338327e+02 -8.043338327e+02
1074 +5.631529800e+01 +5.631529800e+01 -8.071247020e+02 -8.071247020e+02
1193 +5.291206512e+01 +5.291206512e+01 -8.105279349e+02 -8.105279349e+02
1404 +5.144783577e+01 +5.144783577e+01 -8.119921642e+02 -8.119921642e+02
1444 +5.054036785e+01 +5.054036785e+01 -8.128996321e+02 -8.128996321e+02
1487 +4.763038273e+01 +4.763038273e+01 -8.158096173e+02 -8.158096173e+02
1802 +4.479296851e+01 +4.479296851e+01 -8.186470315e+02 -8.186470315e+02
1854 +4.426660931e+01 +4.426660931e+01 -8.191733907e+02 -8.191733907e+02
1992 +4.069456556e+01 +4.069456556e+01 -8.227454344e+02 -8.227454344e+02
2263 +3.870883412e+01 +3.870883412e+01 -8.247311659e+02 -8.247311659e+02
2425 +3.695868054e+01 +3.695868054e+01 -8.264813195e+02 -8.264813195e+02
2494 +3.270542455e+01 +3.270542455e+01 -8.307345755e+02 -8.307345755e+02
2530 +3.103273553e+01 +3.103273553e+01 -8.324072645e+02 -8.324072645e+02
2908 +2.987255478e+01 +2.987255478e+01 -8.335674452e+02 -8.335674452e+02
3036 +2.908666609e+01 +2.908666609e+01 -8.343533339e+02 -8.343533339e+02
3124 +2.863272133e+01 +2.863272133e+01 -8.348072787e+02 -8.348072787e+02
3158 +2.657923706e+01 +2.657923706e+01 -8.368607629e+02 -8.368607629e+02
3227 +2.608922495e+01 +2.608922495e+01 -8.373507750e+02 -8.373507750e+02
3410 +2.271250255e+01 +2.271250255e+01 -8.407274975e+02 -8.407274975e+02
3866 +2.200940842e+01 +2.200940842e+01 -8.414305916e+02 -8.414305916e+02
3871 +2.183532466e+01 +2.183532466e+01 -8.416046753e+02 -8.416046753e+02
3911 +2.072899903e+01 +2.072899903e+01 -8.427110010e+02 -8.427110010e+02
3954 +2.013654037e+01 +2.013654037e+01 -8.433034596e+02 -8.433034596e+02
3959 +1.923973086e+01 +1.923973086e+01 -8.442002691e+02 -8.442002691e+02
4050 +1.871287201e+01 +1.871287201e+01 -8.447271280e+02 -8.447271280e+02
4104 +1.700981242e+01 +1.700981242e+01 -8.464301876e+02 -8.464301876e+02
4242 +1.654422770e+01 +1.654422770e+01 -8.468957723e+02 -8.468957723e+02
4334 +1.591424948e+01 +1.591424948e+01 -8.475257505e+02 -8.475257505e+02
4356 +1.521434378e+01 +1.521434378e+01 -8.482256562e+02 -8.482256562e+02
4406 +1.476527008e+01 +1.476527008e+01 -8.486747299e+02 -8.486747299e+02
4576 +1.373263864e+01 +1.373263864e+01 -8.497073614e+02 -8.497073614e+02
4708 +1.303470189e+01 +1.303470189e+01 -8.504052981e+02 -8.504052981e+02
4840 +1.262499019e+01 +1.262499019e+01 -8.508150098e+02 -8.508150098e+02
4862 +1.164877821e+01 +1.164877821e+01 -8.517912218e+02 -8.517912218e+02
4875 +1.145776564e+01 +1.145776564e+01 -8.519822344e+02 -8.519822344e+02
4950 +1.116028584e+01 +1.116028584e+01 -8.522797142e+02 -8.522797142e+02
4994 +9.905774155e+00 +9.905774155e+00 -8.535342258e+02 -8.535342258e+02
5009 +9.380858970e+00 +9.380858970e+00 -8.540591410e+02 -8.540591410e+02
5346 +9.226254859e+00 +9.226254859e+00 -8.542137451e+02 -8.542137451e+02
5412 +8.640090762e+00 +8.640090762e+00 -8.547999092e+02 -8.547999092e+02
5456 +8.501940799e+00 +8.501940799e+00 -8.549380592e+02 -8.549380592e+02
5527 +8.098783617e+00 +8.098783617e+00 -8.553412164e+02 -8.553412164e+02
5637 +7.451556343e+00 +7.451556343e+00 -8.559884437e+02 -8.559884437e+02
5720 +7.226450144e+00 +7.226450144e+00 -8.562135499e+02 -8.562135499e+02
5830 +6.867625974e+00 +6.867625974e+00 -8.565723740e+02 -8.565723740e+02
5852 +6.531180728e+00 +6.531180728e+00 -8.569088193e+02 -8.569088193e+02
5859 +6.330547836e+00 +6.330547836e+00 -8.571094522e+02 -8.571094522e+02
6006 +5.651415062e+00 +5.651415062e+00 -8.577885849e+02 -8.577885849e+02
6732 +5.575798391e+00 +5.575798391e+00 -8.578642016e+02 -8.578642016e+02
6772 +5.319336931e+00 +5.319336931e+00 -8.581206631e+02 -8.581206631e+02
6820 +5.232230070e+00 +5.232230070e+00 -8.582077699e+02 -8.582077699e+02
7040 +5.069390117e+00 +5.069390117e+00 -8.583706099e+02 -8.583706099e+02
7392 +4.818864096e+00 +4.818864096e+00 -8.586211359e+02 -8.586211359e+02
7492 +4.588599799e+00 +4.588599799e+00 -8.588514002e+02 -8.588514002e+02
7524 +4.356108424e+00 +4.356108424e+00 -8.590838916e+02 -8.590838916e+02
7532 +4.262819806e+00 +4.262819806e+00 -8.591771802e+02 -8.591771802e+02
7898 +4.035663881e+00 +4.035663881e+00 -8.594043361e+02 -8.594043361e+02
8338 +3.795744864e+00 +3.795744864e+00 -8.596442551e+02 -8.596442551e+02
8426 +3.520744925e+00 +3.520744925e+00 -8.599192551e+02 -8.599192551e+02
8998 +3.441838551e+00 +3.441838551e+00 -8.599981614e+02 -8.599981614e+02
9071 +3.351182278e+00 +3.351182278e+00 -8.600888177e+02 -8.600888177e+02
9766 +3.271903716e+00 +3.271903716e+00 -8.601680963e+02 -8.601680963e+02
9812 +3.224697568e+00 +3.224697568e+00 -8.602153024e+02 -8.602153024e+02
10098 +3.159142361e+00 +3.159142361e+00 -8.602808576e+02 -8.602808576e+02
10516 +3.089663171e+00 +3.089663171e+00 -8.603503368e+02 -8.603503368e+02
10538 +2.969741151e+00 +2.969741151e+00 -8.604702588e+02 -8.604702588e+02
11066 +2.905513011e+00 +2.905513011e+00 -8.605344870e+02 -8.605344870e+02
11286 +2.854123534e+00 +2.854123534e+00 -8.605858765e+02 -8.605858765e+02
11308 +2.816078728e+00 +2.816078728e+00 -8.606239213e+02 -8.606239213e+02
11506 +2.751242674e+00 +2.751242674e+00 -8.606887573e+02 -8.606887573e+02
12848 +2.688761191e+00 +2.688761191e+00 -8.607512388e+02 -8.607512388e+02
13940 +2.629029096e+00 +2.629029096e+00 -8.608109709e+02 -8.608109709e+02
20988 +2.569863899e+00 +2.569863899e+00 -8.608701361e+02 -8.608701361e+02
55244 +2.495700840e+00 +2.495700840e+00 -8.609442992e+02 -8.609442992e+02
55332 +2.375431611e+00 +2.375431611e+00 -8.610645684e+02 -8.610645684e+02
55442 +2.334920081e+00 +2.334920081e+00 -8.611050799e+02 -8.611050799e+02
55486 +2.148948192e+00 +2.148948192e+00 -8.612910518e+02 -8.612910518e+02
55570 +2.134795448e+00 +2.134795448e+00 -8.613052046e+02 -8.613052046e+02
55596 +2.072908284e+00 +2.072908284e+00 -8.613670917e+02 -8.613670917e+02
55684 +1.960987612e+00 +1.960987612e+00 -8.614790124e+02 -8.614790124e+02
55728 +1.944640671e+00 +1.944640671e+00 -8.614953593e+02 -8.614953593e+02
55750 +1.896319943e+00 +1.896319943e+00 -8.615436801e+02 -8.615436801e+02
55961 +1.849584173e+00 +1.849584173e+00 -8.615904158e+02 -8.615904158e+02
56322 +1.806407618e+00 +1.806407618e+00 -8.616335924e+02 -8.616335924e+02
56432 +1.759246583e+00 +1.759246583e+00 -8.616807534e+02 -8.616807534e+02
56520 +1.726732614e+00 +1.726732614e+00 -8.617132674e+02 -8.617132674e+02
56652 +1.696739070e+00 +1.696739070e+00 -8.617432609e+02 -8.617432609e+02
56828 +1.617919935e+00 +1.617919935e+00 -8.618220801e+02 -8.618220801e+02
57246 +1.558305588e+00 +1.558305588e+00 -8.618816944e+02 -8.618816944e+02
57268 +1.534540665e+00 +1.534540665e+00 -8.619054593e+02 -8.619054593e+02
57950 +1.501534398e+00 +1.501534398e+00 -8.619384656e+02 -8.619384656e+02
58192 +1.458854811e+00 +1.458854811e+00 -8.619811452e+02 -8.619811452e+02
58500 +1.416457826e+00 +1.416457826e+00 -8.620235422e+02 -8.620235422e+02
59085 +1.404420700e+00 +1.404420700e+00 -8.620355793e+02 -8.620355793e+02
59248 +1.378926213e+00 +1.378926213e+00 -8.620610738e+02 -8.620610738e+02
60062 +1.346868659e+00 +1.346868659e+00 -8.620931313e+02 -8.620931313e+02
61882 +1.316675170e+00 +1.316675170e+00 -8.621233248e+02 -8.621233248e+02
62988 +1.287148006e+00 +1.287148006e+00 -8.621528520e+02 -8.621528520e+02
% function evaluation | noise-free fitness - Fopt (1.318500000000e+02) | best noise-free fitness - Fopt | measured fitness | best measured fitness | x1 | x2...
1 +9.673880950e+01 +9.673880950e+01 +2.285888095e+02 +2.285888095e+02
10 +9.333106301e+01 +9.333106301e+01 +2.251810630e+02 +2.251810630e+02
35 +9.179203366e+01 +9.179203366e+01 +2.236420337e+02 +2.236420337e+02
54 +8.724685875e+01 +8.724685875e+01 +2.190968588e+02 +2.190968588e+02
93 +8.417874366e+01 +8.417874366e+01 +2.160287437e+02 +2.160287437e+02
264 +8.089464037e+01 +8.089464037e+01 +2.127446404e+02 +2.127446404e+02
286 +7.728961568e+01 +7.728961568e+01 +2.091396157e+02 +2.091396157e+02
594 +7.559618911e+01 +7.559618911e+01 +2.074461891e+02 +2.074461891e+02
878 +7.355820950e+01 +7.355820950e+01 +2.054082095e+02 +2.054082095e+02
880 +7.057666218e+01 +7.057666218e+01 +2.024266622e+02 +2.024266622e+02
1098 +6.866180570e+01 +6.866180570e+01 +2.005118057e+02 +2.005118057e+02
1102 +6.751260283e+01 +6.751260283e+01 +1.993626028e+02 +1.993626028e+02
1342 +6.424047434e+01 +6.424047434e+01 +1.960904743e+02 +1.960904743e+02
1402 +6.286063832e+01 +6.286063832e+01 +1.947106383e+02 +1.947106383e+02
2112 +6.155545642e+01 +6.155545642e+01 +1.934054564e+02 +1.934054564e+02
2178 +5.884404161e+01 +5.884404161e+01 +1.906940416e+02 +1.906940416e+02
2574 +5.742101866e+01 +5.742101866e+01 +1.892710187e+02 +1.892710187e+02
3124 +5.622928979e+01 +5.622928979e+01 +1.880792898e+02 +1.880792898e+02
3476 +5.482979026e+01 +5.482979026e+01 +1.866797903e+02 +1.866797903e+02
4004 +5.360501210e+01 +5.360501210e+01 +1.854550121e+02 +1.854550121e+02
4862 +5.241296362e+01 +5.241296362e+01 +1.842629636e+02 +1.842629636e+02
7106 +5.127569154e+01 +5.127569154e+01 +1.831256915e+02 +1.831256915e+02
11682 +5.011652305e+01 +5.011652305e+01 +1.819665230e+02 +1.819665230e+02
64323 +4.897776748e+01 +4.897776748e+01 +1.808277675e+02 +1.808277675e+02
