% function evaluation | noise-free fitness - Fopt (-2.098800000000e+02) | best noise-free fitness - Fopt | measured fitness | best measured fitness | x1 | x2...
1 +2.076966042e+05 +2.076966042e+05 +2.074867242e+05 +2.074867242e+05 +0.0000e+00 +0.0000e+00
72 +1.144139918e+05 +1.144139918e+05 +1.142041118e+05 +1.142041118e+05 -6.7855e+00 +7.8070e-01
74 +1.101821786e+05 +1.101821786e+05 +1.099722986e+05 +1.099722986e+05 -6.7228e+00 +7.7248e-01
88 +1.303366033e+04 +1.303366033e+04 +1.282378033e+04 +1.282378033e+04 -6.7459e+00 +5.5497e-01
224 +9.630324450e+03 +9.630324450e+03 +9.420444450e+03 +9.420444450e+03 -7.1127e+00 +3.4657e-01
236 +4.069292892e+03 +4.069292892e+03 +3.859412892e+03 +3.859412892e+03 -7.0352e+00 +5.1700e-01
270 +1.966312738e+03 +1.966312738e+03 +1.756432738e+03 +1.756432738e+03 -7.2141e+00 +4.0737e-01
275 +1.085337766e+02 +1.085337766e+02 -1.013462234e+02 -1.013462234e+02 -7.3488e+00 +4.4178e-01
285 +9.784870937e+01 +9.784870937e+01 -1.120312906e+02 -1.120312906e+02 -7.4315e+00 +4.4342e-01
418 +7.100432168e+01 +7.100432168e+01 -1.388756783e+02 -1.388756783e+02 -7.1737e+00 +4.4989e-01
611 +6.861183037e+01 +6.861183037e+01 -1.412681696e+02 -1.412681696e+02 -7.1660e+00 +4.4933e-01
638 +6.642182884e+01 +6.642182884e+01 -1.434581712e+02 -1.434581712e+02 -7.1054e+00 +4.4887e-01
659 +6.554753145e+01 +6.554753145e+01 -1.443324685e+02 -1.443324685e+02 -7.0372e+00 +4.4906e-01
1085 +6.424791399e+01 +6.424791399e+01 -1.456320860e+02 -1.456320860e+02 -7.0314e+00 +4.4771e-01
1128 +6.265606551e+01 +6.265606551e+01 -1.472239345e+02 -1.472239345e+02 -6.9539e+00 +4.4780e-01
1147 +6.129104236e+01 +6.129104236e+01 -1.485889576e+02 -1.485889576e+02 -6.8834e+00 +4.4822e-01
1157 +5.950039615e+01 +5.950039615e+01 -1.503796039e+02 -1.503796039e+02 -6.7714e+00 +4.4862e-01
1161 +5.860043439e+01 +5.860043439e+01 -1.512795656e+02 -1.512795656e+02 -6.7351e+00 +4.4839e-01
1168 +5.698239590e+01 +5.698239590e+01 -1.528976041e+02 -1.528976041e+02 -6.5604e+00 +4.4936e-01
1181 +5.295234423e+01 +5.295234423e+01 -1.569276558e+02 -1.569276558e+02 -6.0791e+00 +4.4558e-01
1190 +5.191337452e+01 +5.191337452e+01 -1.579666255e+02 -1.579666255e+02 -6.3177e+00 +4.4884e-01
1192 +4.815194704e+01 +4.815194704e+01 -1.617280530e+02 -1.617280530e+02 -6.1193e+00 +4.4799e-01
1217 +3.316380130e+01 +3.316380130e+01 -1.767161987e+02 -1.767161987e+02 -4.7135e+00 +4.4919e-01
1220 +3.294132576e+01 +3.294132576e+01 -1.769386742e+02 -1.769386742e+02 -4.6309e+00 +4.4657e-01
1243 +2.236103335e+01 +2.236103335e+01 -1.875189667e+02 -1.875189667e+02 -1.4799e+00 +4.4434e-01
1253 +1.622671278e+01 +1.622671278e+01 -1.936532872e+02 -1.936532872e+02 -2.8001e+00 +4.4829e-01
1261 +8.628839596e+00 +8.628839596e+00 -2.012511604e+02 -2.012511604e+02 +2.6833e-01 +4.5107e-01
1266 +4.679946315e+00 +4.679946315e+00 -2.052000537e+02 -2.052000537e+02 -3.6924e-01 +4.4943e-01
1276 +5.560431578e-01 +5.560431578e-01 -2.093239568e+02 -2.093239568e+02 +5.1220e-01 +4.4837e-01
1298 +1.543083006e-01 +1.543083006e-01 -2.097256917e+02 -2.097256917e+02 +1.3573e+00 +4.4835e-01
1345 +5.721970842e-02 +5.721970842e-02 -2.098227803e+02 -2.098227803e+02 +1.2043e+00 +4.4774e-01
1367 +4.763800356e-02 +4.763800356e-02 -2.098323620e+02 -2.098323620e+02 +1.1705e+00 +4.4777e-01
1386 +4.302597065e-02 +4.302597065e-02 -2.098369740e+02 -2.098369740e+02 +1.1901e+00 +4.4778e-01
1388 +3.144772155e-02 +3.144772155e-02 -2.098485523e+02 -2.098485523e+02 +1.3025e+00 +4.4786e-01
1404 +4.950162165e-03 +4.950162165e-03 -2.098750498e+02 -2.098750498e+02 +1.1388e+00 +4.4803e-01
1522 +4.554800643e-03 +4.554800643e-03 -2.098754452e+02 -2.098754452e+02 +1.1412e+00 +4.4803e-01
1540 +4.152024429e-03 +4.152024429e-03 -2.098758480e+02 -2.098758480e+02 +1.1637e+00 +4.4804e-01
1561 +3.375142035e-03 +3.375142035e-03 -2.098766249e+02 -2.098766249e+02 +1.2422e+00 +4.4805e-01
1562 +2.959661938e-03 +2.959661938e-03 -2.098770403e+02 -2.098770403e+02 +1.1973e+00 +4.4805e-01
1579 +6.062889035e-04 +6.062889035e-04 -2.098793937e+02 -2.098793937e+02 +1.2079e+00 +4.4797e-01
1584 +2.002890980e-04 +2.002890980e-04 -2.098797997e+02 -2.098797997e+02 +1.1997e+00 +4.4799e-01
1603 +4.658515195e-05 +4.658515195e-05 -2.098799534e+02 -2.098799534e+02 +1.2001e+00 +4.4800e-01
1760 +1.675126182e-05 +1.675126182e-05 -2.098799832e+02 -2.098799832e+02 +1.2111e+00 +4.4800e-01
1782 +5.427570784e-06 +5.427570784e-06 -2.098799946e+02 -2.098799946e+02 +1.2063e+00 +4.4800e-01
1792 +3.749780859e-06 +3.749780859e-06 -2.098799963e+02 -2.098799963e+02 +1.2063e+00 +4.4800e-01
1826 +2.348479057e-06 +2.348479057e-06 -2.098799977e+02 -2.098799977e+02 +1.2086e+00 +4.4800e-01
1848 +2.044167417e-06 +2.044167417e-06 -2.098799980e+02 -2.098799980e+02 +1.2073e+00 +4.4800e-01
1869 +3.942708702e-07 +3.942708702e-07 -2.098799996e+02 -2.098799996e+02 +1.2068e+00 +4.4800e-01
1935 +2.963897145e-07 +2.963897145e-07 -2.098799997e+02 -2.098799997e+02 +1.2067e+00 +4.4800e-01
1991 +5.896254152e-08 +5.896254152e-08 -2.098799999e+02 -2.098799999e+02 +1.2075e+00 +4.4800e-01
2024 +1.942044037e-08 +1.942044037e-08 -2.098800000e+02 -2.098800000e+02 +1.2071e+00 +4.4800e-01
2126 +5.612719178e-10 +5.612719178e-10 -2.098800000e+02 -2.098800000e+02 +1.2072e+00 +4.4800e-01
% function evaluation | noise-free fitness - Fopt (-9.209000000000e+01) | best noise-free fitness - Fopt | measured fitness | best measured fitness | x1 | x2...
1 +6.430618442e+06 +6.430618442e+06 +6.430526352e+06 +6.430526352e+06 +0.0000e+00 +0.0000e+00
69 +1.083415690e+06 +1.083415690e+06 +1.083323600e+06 +1.083323600e+06 +3.9632e+00 +1.5930e+00
70 +1.047893234e+01 +1.047893234e+01 -8.161106766e+01 -8.161106766e+01 +3.2948e+00 +2.6197e+00
1268 +7.361780977e+00 +7.361780977e+00 -8.472821902e+01 -8.472821902e+01 -1.4416e+00 +2.6199e+00
1271 +6.720257875e+00 +6.720257875e+00 -8.536974212e+01 -8.536974212e+01 +3.0304e+00 +2.6225e+00
1276 +2.116864993e+00 +2.116864993e+00 -8.997313501e+01 -8.997313501e+01 +2.0284e+00 +2.6220e+00
1286 +1.299007994e+00 +1.299007994e+00 -9.079099201e+01 -9.079099201e+01 +1.1260e+00 +2.6226e+00
1302 +4.031358898e-02 +4.031358898e-02 -9.204968641e+01 -9.204968641e+01 +5.2979e-01 +2.6216e+00
1430 +9.093310104e-04 +9.093310104e-04 -9.208909067e+01 -9.208909067e+01 +7.4930e-01 +2.6216e+00
1578 +3.739543157e-04 +3.739543157e-04 -9.208962605e+01 -9.208962605e+01 +7.3159e-01 +2.6216e+00
1628 +2.903868817e-04 +2.903868817e-04 -9.208970961e+01 -9.208970961e+01 +7.3719e-01 +2.6216e+00
1672 +4.799521081e-05 +4.799521081e-05 -9.208995200e+01 -9.208995200e+01 +7.3204e-01 +2.6216e+00
1782 +2.020716920e-06 +2.020716920e-06 -9.208999798e+01 -9.208999798e+01 +7.2645e-01 +2.6216e+00
1804 +4.811960252e-07 +4.811960252e-07 -9.208999952e+01 -9.208999952e+01 +7.2630e-01 +2.6216e+00
1845 +1.505344187e-07 +1.505344187e-07 -9.208999985e+01 -9.208999985e+01 +7.2596e-01 +2.6216e+00
1976 +3.262120174e-08 +3.262120174e-08 -9.208999997e+01 -9.208999997e+01 +7.2576e-01 +2.6216e+00
2046 +1.197922472e-08 +1.197922472e-08 -9.208999999e+01 -9.208999999e+01 +7.2558e-01 +2.6216e+00
2090 +6.647226769e-09 +6.647226769e-09 -9.208999999e+01 -9.208999999e+01 +7.2561e-01 +2.6216e+00
% function evaluation | noise-free fitness - Fopt (-8.789000000000e+01) | best noise-free fitness - Fopt | measured fitness | best measured fitness | x1 | x2...
1 +1.325850294e+07 +1.325850294e+07 +1.325841505e+07 +1.325841505e+07 +0.0000e+00 +0.0000e+00
69 +8.296741567e+06 +8.296741567e+06 +8.296653677e+06 +8.296653677e+06 -1.1295e-01 +6.5349e+00
70 +1.530975279e+05 +1.530975279e+05 +1.530096379e+05 +1.530096379e+05 -6.5747e-01 +3.2671e+00
96 +1.199816910e+05 +1.199816910e+05 +1.198938010e+05 +1.198938010e+05 -1.7071e+00 +3.3081e+00
132 +7.630929518e+04 +7.630929518e+04 +7.622140518e+04 +7.622140518e+04 -9.8159e-01 +3.9175e+00
154 +3.830184640e+04 +3.830184640e+04 +3.821395640e+04 +3.821395640e+04 -5.5424e-01 +3.4558e+00
159 +2.749367492e+03 +2.749367492e+03 +2.661477492e+03 +2.661477492e+03 -3.9878e-01 +3.5940e+00
193 +9.963363762e+02 +9.963363762e+02 +9.084463762e+02 +9.084463762e+02 -2.5626e-01 +3.6800e+00
224 +2.679717614e+01 +2.679717614e+01 -6.109282386e+01 -6.109282386e+01 -9.6733e-01 +3.6504e+00
292 +4.161826002e+00 +4.161826002e+00 -8.372817400e+01 -8.372817400e+01 -7.9525e-01 +3.6438e+00
458 +3.977706543e+00 +3.977706543e+00 -8.391229346e+01 -8.391229346e+01 -1.1739e+00 +3.6468e+00
491 +3.127165369e+00 +3.127165369e+00 -8.476283463e+01 -8.476283463e+01 -1.0313e+00 +3.6466e+00
530 +2.231357531e+00 +2.231357531e+00 -8.565864247e+01 -8.565864247e+01 -1.0652e+00 +3.6461e+00
748 +2.175774197e+00 +2.175774197e+00 -8.571422580e+01 -8.571422580e+01 -1.0992e+00 +3.6458e+00
806 +2.064503744e+00 +2.064503744e+00 -8.582549626e+01 -8.582549626e+01 -1.0788e+00 +3.6456e+00
858 +2.036777052e+00 +2.036777052e+00 -8.585322295e+01 -8.585322295e+01 -1.0627e+00 +3.6458e+00
878 +1.962815482e+00 +1.962815482e+00 -8.592718452e+01 -8.592718452e+01 -1.0401e+00 +3.6454e+00
1142 +1.949066001e+00 +1.949066001e+00 -8.594093400e+01 -8.594093400e+01 -1.0453e+00 +3.6455e+00
1191 +1.890437848e+00 +1.890437848e+00 -8.599956215e+01 -8.599956215e+01 -1.0296e+00 +3.6456e+00
1212 +1.810604184e+00 +1.810604184e+00 -8.607939582e+01 -8.607939582e+01 -1.0023e+00 +3.6457e+00
1245 +1.695827610e+00 +1.695827610e+00 -8.619417239e+01 -8.619417239e+01 -9.7350e-01 +3.6457e+00
1251 +1.617763022e+00 +1.617763022e+00 -8.627223698e+01 -8.627223698e+01 -9.3981e-01 +3.6454e+00
1265 +1.328396730e+00 +1.328396730e+00 -8.656160327e+01 -8.656160327e+01 -8.5158e-01 +3.6458e+00
1280 +7.268832372e-01 +7.268832372e-01 -8.716311676e+01 -8.716311676e+01 -6.0318e-01 +3.6453e+00
1303 +2.386372654e-01 +2.386372654e-01 -8.765136273e+01 -8.765136273e+01 +2.6194e-01 +3.6452e+00
1308 +2.782064147e-02 +2.782064147e-02 -8.786217936e+01 -8.786217936e+01 +1.3384e-01 +3.6455e+00
1342 +2.575208313e-02 +2.575208313e-02 -8.786424792e+01 -8.786424792e+01 +1.3563e-01 +3.6455e+00
1378 +1.822601149e-02 +1.822601149e-02 -8.787177399e+01 -8.787177399e+01 +1.2930e-01 +3.6455e+00
1416 +1.507129217e-02 +1.507129217e-02 -8.787492871e+01 -8.787492871e+01 +1.2931e-01 +3.6457e+00
1446 +7.392238257e-03 +7.392238257e-03 -8.788260776e+01 -8.788260776e+01 +3.2220e-01 +3.6456e+00
1468 +3.798714896e-03 +3.798714896e-03 -8.788620129e+01 -8.788620129e+01 +2.7194e-01 +3.6457e+00
1474 +3.160816161e-03 +3.160816161e-03 -8.788683918e+01 -8.788683918e+01 +2.1960e-01 +3.6456e+00
1553 +2.859643831e-03 +2.859643831e-03 -8.788714036e+01 -8.788714036e+01 +2.8789e-01 +3.6456e+00
1555 +1.025756447e-03 +1.025756447e-03 -8.788897424e+01 -8.788897424e+01 +2.7180e-01 +3.6456e+00
1571 +7.163942569e-04 +7.163942569e-04 -8.788928361e+01 -8.788928361e+01 +2.5565e-01 +3.6456e+00
1573 +1.197772854e-04 +1.197772854e-04 -8.788988022e+01 -8.788988022e+01 +2.3426e-01 +3.6456e+00
1628 +9.484920275e-05 +9.484920275e-05 -8.788990515e+01 -8.788990515e+01 +2.3181e-01 +3.6456e+00
1694 +5.635400643e-05 +5.635400643e-05 -8.788994365e+01 -8.788994365e+01 +2.3443e-01 +3.6456e+00
1716 +2.382163370e-05 +2.382163370e-05 -8.788997618e+01 -8.788997618e+01 +2.3519e-01 +3.6456e+00
1765 +6.033655353e-07 +6.033655353e-07 -8.788999940e+01 -8.788999940e+01 +2.3898e-01 +3.6456e+00
1848 +3.536133448e-07 +3.536133448e-07 -8.788999965e+01 -8.788999965e+01 +2.3964e-01 +3.6456e+00
1914 +2.539018169e-07 +2.539018169e-07 -8.788999975e+01 -8.788999975e+01 +2.3907e-01 +3.6456e+00
1957 +2.201590945e-07 +2.201590945e-07 -8.788999978e+01 -8.788999978e+01 +2.3958e-01 +3.6456e+00
1980 +1.211144962e-07 +1.211144962e-07 -8.788999988e+01 -8.788999988e+01 +2.3891e-01 +3.6456e+00
2002 +8.196604995e-08 +8.196604995e-08 -8.788999992e+01 -8.788999992e+01 +2.3896e-01 +3.6456e+00
2021 +3.332249321e-08 +3.332249321e-08 -8.788999997e+01 -8.788999997e+01 +2.3919e-01 +3.6456e+00
2046 +2.824626222e-08 +2.824626222e-08 -8.788999997e+01 -8.788999997e+01 +2.3936e-01 +3.6456e+00
2068 +6.187150348e-09 +6.187150348e-09 -8.788999999e+01 -8.788999999e+01 +2.3926e-01 +3.6456e+00
% function evaluation | noise-free fitness - Fopt (3.201900000000e+02) | best noise-free fitness - Fopt | measured fitness | best measured fitness | x1 | x2...
1 +6.283126796e+06 +6.283126796e+06 +6.283446986e+06 +6.283446986e+06 +0.0000e+00 +0.0000e+00
73 +4.669866414e+06 +4.669866414e+06 +4.670186604e+06 +4.670186604e+06 +5.1805e+00 -2.5506e-01
93 +6.341307473e+05 +6.341307473e+05 +6.344509373e+05 +6.344509373e+05 +3.8341e+00 -1.4885e+00
110 +3.834772538e+05 +3.834772538e+05 +3.837974438e+05 +3.837974438e+05 +3.6976e+00 -1.7883e+00
130 +9.406765562e+04 +9.406765562e+04 +9.438784562e+04 +9.438784562e+04 +2.9914e+00 -2.0627e+00
131 +1.878536544e+03 +1.878536544e+03 +2.198726544e+03 +2.198726544e+03 +3.4548e+00 -2.4010e+00
146 +6.050158319e+01 +6.050158319e+01 +3.806915832e+02 +3.806915832e+02 +3.7732e+00 -2.3677e+00
241 +4.906683088e+01 +4.906683088e+01 +3.692568309e+02 +3.692568309e+02 +2.9276e+00 -2.3543e+00
391 +1.628888759e+01 +1.628888759e+01 +3.364788876e+02 +3.364788876e+02 +3.2067e+00 -2.3590e+00
474 +1.532497377e+01 +1.532497377e+01 +3.355149738e+02 +3.355149738e+02 +3.4962e+00 -2.3607e+00
704 +1.250036278e+01 +1.250036278e+01 +3.326903628e+02 +3.326903628e+02 +2.5966e+00 -2.3628e+00
748 +1.195311914e+01 +1.195311914e+01 +3.321431191e+02 +3.321431191e+02 +3.0652e+00 -2.3613e+00
802 +1.068831725e+01 +1.068831725e+01 +3.308783173e+02 +3.308783173e+02 +2.5886e+00 -2.3593e+00
1102 +1.041811475e+01 +1.041811475e+01 +3.306081147e+02 +3.306081147e+02 +2.8590e+00 -2.3612e+00
1109 +1.017824563e+01 +1.017824563e+01 +3.303682456e+02 +3.303682456e+02 +2.8358e+00 -2.3611e+00
1120 +9.976130659e+00 +9.976130659e+00 +3.301661307e+02 +3.301661307e+02 +2.6683e+00 -2.3617e+00
1124 +9.692292912e+00 +9.692292912e+00 +3.298822929e+02 +3.298822929e+02 +2.6888e+00 -2.3601e+00
1133 +9.114484408e+00 +9.114484408e+00 +3.293044844e+02 +3.293044844e+02 +2.6455e+00 -2.3610e+00
1137 +8.296411486e+00 +8.296411486e+00 +3.284864115e+02 +3.284864115e+02 +2.3707e+00 -2.3613e+00
1175 +7.007217850e+00 +7.007217850e+00 +3.271972178e+02 +3.271972178e+02 +1.9486e+00 -2.3600e+00
1185 +2.804954329e+00 +2.804954329e+00 +3.229949543e+02 +3.229949543e+02 +1.1782e+00 -2.3600e+00
1202 +2.321983057e+00 +2.321983057e+00 +3.225119831e+02 +3.225119831e+02 +1.1028e+00 -2.3612e+00
1232 +1.950534809e+00 +1.950534809e+00 +3.221405348e+02 +3.221405348e+02 +7.3677e-01 -2.3613e+00
1235 +7.322050170e-01 +7.322050170e-01 +3.209222050e+02 +3.209222050e+02 +6.1379e-02 -2.3615e+00
1254 +1.428129274e-02 +1.428129274e-02 +3.202042813e+02 +3.202042813e+02 -3.5600e-01 -2.3609e+00
1401 +9.488598232e-03 +9.488598232e-03 +3.201994886e+02 +3.201994886e+02 -4.6609e-01 -2.3607e+00
1434 +7.608806273e-03 +7.608806273e-03 +3.201976088e+02 +3.201976088e+02 -4.1321e-01 -2.3609e+00
1474 +4.781553122e-03 +4.781553122e-03 +3.201947816e+02 +3.201947816e+02 -4.8612e-01 -2.3608e+00
1477 +9.729500390e-04 +9.729500390e-04 +3.201909730e+02 +3.201909730e+02 -4.5205e-01 -2.3608e+00
1518 +3.002777621e-04 +3.002777621e-04 +3.201903003e+02 +3.201903003e+02 -4.4663e-01 -2.3608e+00
1577 +2.822543588e-04 +2.822543588e-04 +3.201902823e+02 +3.201902823e+02 -4.2090e-01 -2.3608e+00
1584 +3.117946562e-06 +3.117946562e-06 +3.201900031e+02 +3.201900031e+02 -4.3267e-01 -2.3608e+00
1797 +2.941005278e-06 +2.941005278e-06 +3.201900029e+02 +3.201900029e+02 -4.3113e-01 -2.3608e+00
1870 +8.514661545e-07 +8.514661545e-07 +3.201900009e+02 +3.201900009e+02 -4.3202e-01 -2.3608e+00
1895 +8.098440389e-07 +8.098440389e-07 +3.201900008e+02 +3.201900008e+02 -4.3190e-01 -2.3608e+00
1936 +2.376885959e-07 +2.376885959e-07 +3.201900002e+02 +3.201900002e+02 -4.3288e-01 -2.3608e+00
2002 +2.335032718e-07 +2.335032718e-07 +3.201900002e+02 +3.201900002e+02 -4.3309e-01 -2.3608e+00
2024 +1.601645181e-07 +1.601645181e-07 +3.201900002e+02 +3.201900002e+02 -4.3286e-01 -2.3608e+00
2053 +4.957081501e-08 +4.957081501e-08 +3.201900000e+02 +3.201900000e+02 -4.3259e-01 -2.3608e+00
2081 +3.709823204e-08 +3.709823204e-08 +3.201900000e+02 +3.201900000e+02 -4.3295e-01 -2.3608e+00
2104 +2.863907866e-08 +2.863907866e-08 +3.201900000e+02 +3.201900000e+02 -4.3294e-01 -2.3608e+00
2114 +7.868266039e-10 +7.868266039e-10 +3.201900000e+02 +3.201900000e+02 -4.3282e-01 -2.3608e+00
% function evaluation | noise-free fitness - Fopt (-1.042400000000e+02) | best noise-free fitness - Fopt | measured fitness | best measured fitness | x1 | x2...
1 +1.523048660e+07 +1.523048660e+07 +1.523038236e+07 +1.523038236e+07 +0.0000e+00 +0.0000e+00
59 +1.270842544e+07 +1.270842544e+07 +1.270832120e+07 +1.270832120e+07 +3.1671e-01 -2.9009e-01
62 +1.076884721e+07 +1.076884721e+07 +1.076874297e+07 +1.076874297e+07 +3.2458e-01 -5.4461e-01
68 +3.737241339e+06 +3.737241339e+06 +3.737137099e+06 +3.737137099e+06 -1.7547e-02 -1.9536e+00
75 +4.947220754e+05 +4.947220754e+05 +4.946178354e+05 +4.946178354e+05 +1.2706e-01 -4.6856e+00
101 +5.871189798e+02 +5.871189798e+02 +4.828789798e+02 +4.828789798e+02 +1.9401e-01 -3.9444e+00
210 +3.671429829e+02 +3.671429829e+02 +2.629029829e+02 +2.629029829e+02 -2.2200e-01 -3.9003e+00
306 +2.890484271e+02 +2.890484271e+02 +1.848084271e+02 +1.848084271e+02 +1.1126e+00 -3.9022e+00
308 +3.812601565e+01 +3.812601565e+01 -6.611398435e+01 -6.611398435e+01 +5.0933e-01 -3.9135e+00
459 +7.241876870e-02 +7.241876870e-02 -1.041675812e+02 -1.041675812e+02 +5.0862e-01 -3.9197e+00
783 +6.771079383e-02 +6.771079383e-02 -1.041722892e+02 -1.041722892e+02 +5.9794e-01 -3.9202e+00
884 +5.151281155e-02 +5.151281155e-02 -1.041884872e+02 -1.041884872e+02 +5.8193e-01 -3.9201e+00
981 +3.651793723e-02 +3.651793723e-02 -1.042034821e+02 -1.042034821e+02 +5.7600e-01 -3.9199e+00
1078 +3.593555516e-02 +3.593555516e-02 -1.042040644e+02 -1.042040644e+02 +5.8155e-01 -3.9200e+00
1348 +3.520733420e-02 +3.520733420e-02 -1.042047927e+02 -1.042047927e+02 +5.7936e-01 -3.9200e+00
1397 +3.466103849e-02 +3.466103849e-02 -1.042053390e+02 -1.042053390e+02 +5.7834e-01 -3.9200e+00
1399 +3.344254820e-02 +3.344254820e-02 -1.042065575e+02 -1.042065575e+02 +5.7545e-01 -3.9200e+00
1411 +3.098363355e-02 +3.098363355e-02 -1.042090164e+02 -1.042090164e+02 +5.6230e-01 -3.9199e+00
1419 +2.463769633e-02 +2.463769633e-02 -1.042153623e+02 -1.042153623e+02 +5.5450e-01 -3.9200e+00
1437 +2.082552230e-02 +2.082552230e-02 -1.042191745e+02 -1.042191745e+02 +5.2541e-01 -3.9199e+00
1446 +1.891455603e-02 +1.891455603e-02 -1.042210854e+02 -1.042210854e+02 +5.2429e-01 -3.9201e+00
1474 +1.460811567e-02 +1.460811567e-02 -1.042253919e+02 -1.042253919e+02 +5.1346e-01 -3.9200e+00
1482 +7.150571038e-03 +7.150571038e-03 -1.042328494e+02 -1.042328494e+02 +4.4323e-01 -3.9201e+00
1510 +6.916353226e-03 +6.916353226e-03 -1.042330836e+02 -1.042330836e+02 +4.5934e-01 -3.9201e+00
1511 +5.953041119e-03 +5.953041119e-03 -1.042340470e+02 -1.042340470e+02 +4.5265e-01 -3.9200e+00
1513 +5.636086281e-03 +5.636086281e-03 -1.042343639e+02 -1.042343639e+02 +4.0191e-01 -3.9201e+00
1514 +9.392840862e-04 +9.392840862e-04 -1.042390607e+02 -1.042390607e+02 +4.1732e-01 -3.9200e+00
1571 +8.206891415e-04 +8.206891415e-04 -1.042391793e+02 -1.042391793e+02 +3.9120e-01 -3.9200e+00
1584 +2.316227726e-04 +2.316227726e-04 -1.042397684e+02 -1.042397684e+02 +4.0909e-01 -3.9200e+00
1606 +1.684318445e-04 +1.684318445e-04 -1.042398316e+02 -1.042398316e+02 +4.0483e-01 -3.9200e+00
1613 +1.301651021e-05 +1.301651021e-05 -1.042399870e+02 -1.042399870e+02 +3.9522e-01 -3.9200e+00
1661 +8.837480678e-06 +8.837480678e-06 -1.042399912e+02 -1.042399912e+02 +3.9222e-01 -3.9200e+00
1738 +2.761481852e-06 +2.761481852e-06 -1.042399972e+02 -1.042399972e+02 +3.9283e-01 -3.9200e+00
1760 +2.634861545e-06 +2.634861545e-06 -1.042399974e+02 -1.042399974e+02 +3.9417e-01 -3.9200e+00
1782 +1.713473807e-09 +1.713473807e-09 -1.042400000e+02 -1.042400000e+02 +3.9439e-01 -3.9200e+00
% function evaluation | noise-free fitness - Fopt (-1.843100000000e+02) | best noise-free fitness - Fopt | measured fitness | best measured fitness | x1 | x2...
1 +5.083025585e+04 +5.083025585e+04 +5.064594585e+04 +5.064594585e+04 +0.0000e+00 +0.0000e+00
83 +1.015292410e+04 +1.015292410e+04 +9.968614103e+03 +9.968614103e+03 -3.7730e+00 +3.1953e-01
146 +6.115625911e+01 +6.115625911e+01 -1.231537409e+02 -1.231537409e+02 -2.6052e+00 +2.1807e-01
266 +3.555813371e+01 +3.555813371e+01 -1.487518663e+02 -1.487518663e+02 -3.6030e+00 +2.2195e-01
286 +3.269691405e+01 +3.269691405e+01 -1.516130859e+02 -1.516130859e+02 -3.7121e+00 +2.2674e-01
410 +3.069983033e+01 +3.069983033e+01 -1.536101697e+02 -1.536101697e+02 -3.9559e+00 +2.2443e-01
413 +2.925969459e+01 +2.925969459e+01 -1.550503054e+02 -1.550503054e+02 -3.8076e+00 +2.2484e-01
839 +2.880227393e+01 +2.880227393e+01 -1.555077261e+02 -1.555077261e+02 -3.7539e+00 +2.2478e-01
919 +2.807879071e+01 +2.807879071e+01 -1.562312093e+02 -1.562312093e+02 -3.6660e+00 +2.2491e-01
933 +2.672447839e+01 +2.672447839e+01 -1.575855216e+02 -1.575855216e+02 -3.5009e+00 +2.2472e-01
974 +2.512735786e+01 +2.512735786e+01 -1.591826421e+02 -1.591826421e+02 -3.2491e+00 +2.2544e-01
996 +2.398416103e+01 +2.398416103e+01 -1.603258390e+02 -1.603258390e+02 -3.1175e+00 +2.2535e-01
1025 +2.285705583e+01 +2.285705583e+01 -1.614529442e+02 -1.614529442e+02 -2.7398e+00 +2.2334e-01
1041 +2.159131371e+01 +2.159131371e+01 -1.627186863e+02 -1.627186863e+02 -2.3248e+00 +2.2267e-01
1042 +1.892031823e+01 +1.892031823e+01 -1.653896818e+02 -1.653896818e+02 -2.4791e+00 +2.2530e-01
1045 +1.781616752e+01 +1.781616752e+01 -1.664938325e+02 -1.664938325e+02 -2.3631e+00 +2.2508e-01
1059 +1.291962066e+01 +1.291962066e+01 -1.713903793e+02 -1.713903793e+02 -1.6916e+00 +2.2405e-01
1063 +7.077214407e+00 +7.077214407e+00 -1.772327856e+02 -1.772327856e+02 -8.9868e-01 +2.2463e-01
1093 +6.297160423e+00 +6.297160423e+00 -1.780128396e+02 -1.780128396e+02 -1.1661e-01 +2.2643e-01
1095 +4.694147599e+00 +4.694147599e+00 -1.796158524e+02 -1.796158524e+02 -2.2736e-01 +2.2419e-01
1100 +3.191851880e+00 +3.191851880e+00 -1.811181481e+02 -1.811181481e+02 +3.9787e-01 +2.2565e-01
1122 +3.112308999e+00 +3.112308999e+00 -1.811976910e+02 -1.811976910e+02 +4.3826e-01 +2.2389e-01
1127 +2.718174877e+00 +2.718174877e+00 -1.815918251e+02 -1.815918251e+02 +2.3621e+00 +2.2323e-01
1144 +3.178312064e-01 +3.178312064e-01 -1.839921688e+02 -1.839921688e+02 +1.5428e+00 +2.2437e-01
1210 +2.900821827e-01 +2.900821827e-01 -1.840199178e+02 -1.840199178e+02 +2.2020e+00 +2.2442e-01
1216 +7.869947260e-02 +7.869947260e-02 -1.842313005e+02 -1.842313005e+02 +1.5874e+00 +2.2493e-01
1254 +3.321562827e-02 +3.321562827e-02 -1.842767844e+02 -1.842767844e+02 +1.6693e+00 +2.2480e-01
1276 +6.382998956e-04 +6.382998956e-04 -1.843093617e+02 -1.843093617e+02 +1.8580e+00 +2.2478e-01
1474 +5.610183992e-04 +5.610183992e-04 -1.843094390e+02 -1.843094390e+02 +1.8602e+00 +2.2482e-01
1496 +2.462448342e-04 +2.462448342e-04 -1.843097538e+02 -1.843097538e+02 +1.8357e+00 +2.2481e-01
1518 +1.503886856e-04 +1.503886856e-04 -1.843098496e+02 -1.843098496e+02 +1.8552e+00 +2.2480e-01
1592 +4.871417929e-05 +4.871417929e-05 -1.843099513e+02 -1.843099513e+02 +1.8378e+00 +2.2480e-01
1601 +9.223037040e-06 +9.223037040e-06 -1.843099908e+02 -1.843099908e+02 +1.8443e+00 +2.2480e-01
1668 +2.291496145e-06 +2.291496145e-06 -1.843099977e+02 -1.843099977e+02 +1.8417e+00 +2.2480e-01
1755 +1.299397894e-06 +1.299397894e-06 -1.843099987e+02 -1.843099987e+02 +1.8433e+00 +2.2480e-01
1804 +1.019980687e-07 +1.019980687e-07 -1.843099999e+02 -1.843099999e+02 +1.8430e+00 +2.2480e-01
1826 +5.551271443e-09 +5.551271443e-09 -1.843100000e+02 -1.843100000e+02 +1.8432e+00 +2.2480e-01
% function evaluation | noise-free fitness - Fopt (5.684000000000e+01) | best noise-free fitness - Fopt | measured fitness | best measured fitness | x1 | x2...
1 +7.061712558e+06 +7.061712558e+06 +7.061769398e+06 +7.061769398e+06 +0.0000e+00 +0.0000e+00
2 +4.897519956e+04 +4.897519956e+04 +4.903203956e+04 +4.903203956e+04 +7.0379e-01 -2.7489e+00
4 +2.652637768e+04 +2.652637768e+04 +2.658321768e+04 +2.658321768e+04 +6.5815e-01 -2.6821e+00
8 +9.007380549e+03 +9.007380549e+03 +9.064220549e+03 +9.064220549e+03 +8.7671e-01 -2.6280e+00
19 +4.138798051e+01 +4.138798051e+01 +9.822798051e+01 +9.822798051e+01 +8.6690e-01 -2.5221e+00
83 +8.158239887e+00 +8.158239887e+00 +6.499823989e+01 +6.499823989e+01 +1.1893e+00 -2.5257e+00
110 +3.983963588e+00 +3.983963588e+00 +6.082396359e+01 +6.082396359e+01 +1.1093e+00 -2.5308e+00
132 +1.338591577e+00 +1.338591577e+00 +5.817859158e+01 +5.817859158e+01 +1.2915e+00 -2.5298e+00
163 +6.246756774e-01 +6.246756774e-01 +5.746467568e+01 +5.746467568e+01 +1.2149e+00 -2.5292e+00
201 +5.105551065e-01 +5.105551065e-01 +5.735055511e+01 +5.735055511e+01 +1.2285e+00 -2.5289e+00
330 +4.907676855e-01 +4.907676855e-01 +5.733076769e+01 +5.733076769e+01 +1.2194e+00 -2.5288e+00
399 +4.839029111e-01 +4.839029111e-01 +5.732390291e+01 +5.732390291e+01 +1.1960e+00 -2.5288e+00
400 +4.205478729e-01 +4.205478729e-01 +5.726054787e+01 +5.726054787e+01 +1.1224e+00 -2.5287e+00
598 +4.141571711e-01 +4.141571711e-01 +5.725415717e+01 +5.725415717e+01 +1.1225e+00 -2.5287e+00
612 +3.877592465e-01 +3.877592465e-01 +5.722775925e+01 +5.722775925e+01 +1.1076e+00 -2.5288e+00
806 +3.147569985e-01 +3.147569985e-01 +5.715475700e+01 +5.715475700e+01 +1.0671e+00 -2.5288e+00
926 +2.175134371e-01 +2.175134371e-01 +5.705751344e+01 +5.705751344e+01 +1.0016e+00 -2.5287e+00
935 +1.909630166e-01 +1.909630166e-01 +5.703096302e+01 +5.703096302e+01 +9.3738e-01 -2.5286e+00
962 +1.524264013e-01 +1.524264013e-01 +5.699242640e+01 +5.699242640e+01 +8.9935e-01 -2.5290e+00
964 +1.363973712e-01 +1.363973712e-01 +5.697639737e+01 +5.697639737e+01 +9.0971e-01 -2.5287e+00
968 +1.270931019e-01 +1.270931019e-01 +5.696709310e+01 +5.696709310e+01 +8.9448e-01 -2.5288e+00
973 +9.448202102e-02 +9.448202102e-02 +5.693448202e+01 +5.693448202e+01 +2.5071e-01 -2.5289e+00
986 +7.503971927e-02 +7.503971927e-02 +5.691503972e+01 +5.691503972e+01 +7.3407e-01 -2.5290e+00
990 +4.653625936e-03 +4.653625936e-03 +5.684465363e+01 +5.684465363e+01 +6.0710e-01 -2.5288e+00
1078 +9.461201127e-05 +9.461201127e-05 +5.684009461e+01 +5.684009461e+01 +5.3377e-01 -2.5288e+00
1115 +8.091741050e-05 +8.091741050e-05 +5.684008092e+01 +5.684008092e+01 +5.4143e-01 -2.5288e+00
1232 +2.130993597e-05 +2.130993597e-05 +5.684002131e+01 +5.684002131e+01 +5.3260e-01 -2.5288e+00
1276 +1.918390441e-05 +1.918390441e-05 +5.684001918e+01 +5.684001918e+01 +5.3183e-01 -2.5288e+00
1316 +1.715636252e-06 +1.715636252e-06 +5.684000172e+01 +5.684000172e+01 +5.3280e-01 -2.5288e+00
1423 +1.184950200e-06 +1.184950200e-06 +5.684000118e+01 +5.684000118e+01 +5.3383e-01 -2.5288e+00
1488 +1.222442592e-07 +1.222442592e-07 +5.684000012e+01 +5.684000012e+01 +5.3300e-01 -2.5288e+00
1540 +6.222106919e-08 +6.222106919e-08 +5.684000006e+01 +5.684000006e+01 +5.3295e-01 -2.5288e+00
1632 +2.217652906e-08 +2.217652906e-08 +5.684000002e+01 +5.684000002e+01 +5.3295e-01 -2.5288e+00
1773 +5.562391436e-09 +5.562391436e-09 +5.684000001e+01 +5.684000001e+01 +5.3281e-01 -2.5288e+00
% function evaluation | noise-free fitness - Fopt (-1.897300000000e+02) | best noise-free fitness - Fopt | measured fitness | best measured fitness | x1 | x2...
1 +5.293160004e+05 +5.293160004e+05 +5.291262704e+05 +5.291262704e+05 +0.0000e+00 +0.0000e+00
2 +4.267787896e+05 +4.267787896e+05 +4.265890596e+05 +4.265890596e+05 -2.0230e+00 -1.8774e-01
3 +3.111243506e+05 +3.111243506e+05 +3.109346206e+05 +3.109346206e+05 -2.1510e+00 -2.5630e-01
9 +2.104920881e+05 +2.104920881e+05 +2.103023581e+05 +2.103023581e+05 -2.0993e+00 -3.1655e-01
11 +1.488027028e+05 +1.488027028e+05 +1.486129728e+05 +1.486129728e+05 -2.2149e+00 -3.8043e-01
17 +1.470594624e+05 +1.470594624e+05 +1.468697324e+05 +1.468697324e+05 -2.2753e+00 -3.8336e-01
25 +9.087812580e+04 +9.087812580e+04 +9.068839580e+04 +9.068839580e+04 -1.9334e+00 -4.9549e-01
30 +7.990825944e+04 +7.990825944e+04 +7.971852944e+04 +7.971852944e+04 -1.5840e+00 -5.1152e-01
33 +3.671361046e+04 +3.671361046e+04 +3.652388046e+04 +3.652388046e+04 -2.2372e+00 -5.9959e-01
36 +2.545041394e+04 +2.545041394e+04 +2.526068394e+04 +2.526068394e+04 -2.3354e+00 -6.2649e-01
47 +2.747056186e+03 +2.747056186e+03 +2.557326186e+03 +2.557326186e+03 -2.6062e+00 -8.4019e-01
51 +1.527615952e+03 +1.527615952e+03 +1.337885952e+03 +1.337885952e+03 -2.2757e+00 -8.2528e-01
57 +9.713746734e+01 +9.713746734e+01 -9.259253266e+01 -9.259253266e+01 -2.5263e+00 -7.7974e-01
59 +3.791769912e+01 +3.791769912e+01 -1.518123009e+02 -1.518123009e+02 -2.3945e+00 -7.8346e-01
101 +1.464177687e+01 +1.464177687e+01 -1.750882231e+02 -1.750882231e+02 -2.7417e+00 -7.8764e-01
330 +1.337492478e+01 +1.337492478e+01 -1.763550752e+02 -1.763550752e+02 -2.7403e+00 -7.8923e-01
438 +1.270392119e+01 +1.270392119e+01 -1.770260788e+02 -1.770260788e+02 -2.6771e+00 -7.8860e-01
778 +1.250538551e+01 +1.250538551e+01 -1.772246145e+02 -1.772246145e+02 -2.6324e+00 -7.8921e-01
784 +1.195781834e+01 +1.195781834e+01 -1.777721817e+02 -1.777721817e+02 -2.5855e+00 -7.8888e-01
794 +1.078179125e+01 +1.078179125e+01 -1.789482087e+02 -1.789482087e+02 -2.4085e+00 -7.8917e-01
814 +1.067802570e+01 +1.067802570e+01 -1.790519743e+02 -1.790519743e+02 -2.3991e+00 -7.8847e-01
816 +9.897289205e+00 +9.897289205e+00 -1.798327108e+02 -1.798327108e+02 -2.0428e+00 -7.8740e-01
822 +7.833714108e+00 +7.833714108e+00 -1.818962859e+02 -1.818962859e+02 -1.9883e+00 -7.8882e-01
858 +7.433264903e+00 +7.433264903e+00 -1.822967351e+02 -1.822967351e+02 -1.8048e+00 -7.8799e-01
860 +1.993050847e+00 +1.993050847e+00 -1.877369492e+02 -1.877369492e+02 -3.7076e-01 -7.8914e-01
883 +6.461325550e-04 +6.461325550e-04 -1.897293539e+02 -1.897293539e+02 +8.6653e-01 -7.8880e-01
1100 +1.817142424e-04 +1.817142424e-04 -1.897298183e+02 -1.897298183e+02 +8.9268e-01 -7.8881e-01
1186 +9.232427243e-05 +9.232427243e-05 -1.897299077e+02 -1.897299077e+02 +8.8191e-01 -7.8880e-01
1254 +5.264361113e-05 +5.264361113e-05 -1.897299474e+02 -1.897299474e+02 +8.9926e-01 -7.8880e-01
1342 +2.789306299e-05 +2.789306299e-05 -1.897299721e+02 -1.897299721e+02 +8.9648e-01 -7.8880e-01
1408 +5.606027116e-06 +5.606027116e-06 -1.897299944e+02 -1.897299944e+02 +8.9074e-01 -7.8880e-01
1430 +4.238948748e-07 +4.238948748e-07 -1.897299996e+02 -1.897299996e+02 +8.9233e-01 -7.8880e-01
1584 +5.440898576e-08 +5.440898576e-08 -1.897299999e+02 -1.897299999e+02 +8.9193e-01 -7.8880e-01
1628 +4.465832149e-08 +4.465832149e-08 -1.897300000e+02 -1.897300000e+02 +8.9177e-01 -7.8880e-01
1636 +3.580811381e-08 +3.580811381e-08 -1.897300000e+02 -1.897300000e+02 +8.9182e-01 -7.8880e-01
1639 +2.874963911e-08 +2.874963911e-08 -1.897300000e+02 -1.897300000e+02 +8.9210e-01 -7.8880e-01
1650 +7.203766472e-10 +7.203766472e-10 -1.897300000e+02 -1.897300000e+02 +8.9197e-01 -7.8880e-01
% function evaluation | noise-free fitness - Fopt (4.659700000000e+02) | best noise-free fitness - Fopt | measured fitness | best measured fitness | x1 | x2...
1 +7.741862449e+04 +7.741862449e+04 +7.788459449e+04 +7.788459449e+04 +0.0000e+00 +0.0000e+00
146 +2.656677861e+03 +2.656677861e+03 +3.122647861e+03 +3.122647861e+03 +6.9751e+00 -3.2279e-01
198 +7.967352568e+01 +7.967352568e+01 +5.456435257e+02 +5.456435257e+02 +7.3620e+00 -2.7551e-01
1213 +7.227685022e+01 +7.227685022e+01 +5.382468502e+02 +5.382468502e+02 +6.9131e+00 -2.7398e-01
1234 +3.486631255e+01 +3.486631255e+01 +5.008363125e+02 +5.008363125e+02 +3.9469e+00 -2.7413e-01
1265 +1.844522358e+01 +1.844522358e+01 +4.844152236e+02 +4.844152236e+02 -1.1794e+00 -2.6962e-01
1276 +1.526028434e+01 +1.526028434e+01 +4.812302843e+02 +4.812302843e+02 +1.8251e+00 -2.7228e-01
1282 +1.755960497e+00 +1.755960497e+00 +4.677259605e+02 +4.677259605e+02 -1.6280e+00 -2.7226e-01
1292 +1.243624761e+00 +1.243624761e+00 +4.672136248e+02 +4.672136248e+02 -2.6524e+00 -2.7271e-01
1320 +8.713487990e-01 +8.713487990e-01 +4.668413488e+02 +4.668413488e+02 -2.7851e+00 -2.7317e-01
1346 +2.169447038e-01 +2.169447038e-01 +4.661869447e+02 +4.661869447e+02 -1.7006e+00 -2.7399e-01
1381 +1.637832062e-01 +1.637832062e-01 +4.661337832e+02 +4.661337832e+02 -2.0354e+00 -2.7397e-01
1386 +6.211731997e-02 +6.211731997e-02 +4.660321173e+02 +4.660321173e+02 -1.6867e+00 -2.7371e-01
1399 +1.074013730e-02 +1.074013730e-02 +4.659807401e+02 +4.659807401e+02 -1.8934e+00 -2.7351e-01
1452 +5.268096267e-03 +5.268096267e-03 +4.659752681e+02 +4.659752681e+02 -1.8435e+00 -2.7356e-01
1461 +3.637233239e-03 +3.637233239e-03 +4.659736372e+02 +4.659736372e+02 -1.9441e+00 -2.7355e-01
1540 +3.144712410e-03 +3.144712410e-03 +4.659731447e+02 +4.659731447e+02 -1.9198e+00 -2.7354e-01
1562 +4.705916939e-04 +4.705916939e-04 +4.659704706e+02 +4.659704706e+02 -1.9152e+00 -2.7362e-01
1660 +4.060247592e-04 +4.060247592e-04 +4.659704060e+02 +4.659704060e+02 -1.8926e+00 -2.7359e-01
1694 +9.861548398e-05 +9.861548398e-05 +4.659700986e+02 +4.659700986e+02 -1.9015e+00 -2.7360e-01
1742 +2.077990388e-05 +2.077990388e-05 +4.659700208e+02 +4.659700208e+02 -1.9138e+00 -2.7360e-01
1799 +1.859030897e-05 +1.859030897e-05 +4.659700186e+02 +4.659700186e+02 -1.9078e+00 -2.7360e-01
1870 +1.092903835e-05 +1.092903835e-05 +4.659700109e+02 +4.659700109e+02 -1.9107e+00 -2.7360e-01
1910 +6.486646328e-06 +6.486646328e-06 +4.659700065e+02 +4.659700065e+02 -1.9129e+00 -2.7360e-01
1914 +1.803746272e-07 +1.803746272e-07 +4.659700002e+02 +4.659700002e+02 -1.9114e+00 -2.7360e-01
2048 +1.172044222e-07 +1.172044222e-07 +4.659700001e+02 +4.659700001e+02 -1.9110e+00 -2.7360e-01
2068 +5.899204325e-08 +5.899204325e-08 +4.659700001e+02 +4.659700001e+02 -1.9114e+00 -2.7360e-01
2156 +4.355854344e-08 +4.355854344e-08 +4.659700000e+02 +4.659700000e+02 -1.9114e+00 -2.7360e-01
2198 +4.885578164e-09 +4.885578164e-09 +4.659700000e+02 +4.659700000e+02 -1.9111e+00 -2.7360e-01
% function evaluation | noise-free fitness - Fopt (2.574000000000e+01) | best noise-free fitness - Fopt | measured fitness | best measured fitness | x1 | x2...
1 +3.795358786e+06 +3.795358786e+06 +3.795384526e+06 +3.795384526e+06 +0.0000e+00 +0.0000e+00
2 +3.558348923e+06 +3.558348923e+06 +3.558374663e+06 +3.558374663e+06 +3.6568e+00 +8.6739e-02
6 +3.043956603e+06 +3.043956603e+06 +3.043982343e+06 +3.043982343e+06 +3.4116e+00 +2.7196e-01
29 +2.920237441e+06 +2.920237441e+06 +2.920263181e+06 +2.920263181e+06 +3.1710e+00 +3.1429e-01
38 +2.758500037e+06 +2.758500037e+06 +2.758525777e+06 +2.758525777e+06 +3.5519e+00 +3.6790e-01
39 +2.724722001e+06 +2.724722001e+06 +2.724747741e+06 +2.724747741e+06 +3.3693e+00 +3.7885e-01
43 +1.497034103e+06 +1.497034103e+06 +1.497059843e+06 +1.497059843e+06 +3.2987e+00 +7.4043e-01
60 +7.416383845e+05 +7.416383845e+05 +7.416641245e+05 +7.416641245e+05 +3.1126e+00 +9.9781e-01
70 +1.250248509e+05 +1.250248509e+05 +1.250505909e+05 +1.250505909e+05 +3.3855e+00 +2.2536e+00
83 +7.731290102e+04 +7.731290102e+04 +7.733864102e+04 +7.733864102e+04 +3.1953e+00 +2.1702e+00
87 +3.571630883e+03 +3.571630883e+03 +3.597370883e+03 +3.597370883e+03 +3.1475e+00 +1.9533e+00
92 +3.286258035e+03 +3.286258035e+03 +3.311998035e+03 +3.311998035e+03 +3.2958e+00 +1.9488e+00
145 +1.947511535e+02 +1.947511535e+02 +2.204911535e+02 +2.204911535e+02 +3.6563e+00 +1.9098e+00
176 +1.938755663e+01 +1.938755663e+01 +4.512755663e+01 +4.512755663e+01 +3.1011e+00 +1.8950e+00
228 +1.577638154e+01 +1.577638154e+01 +4.151638154e+01 +4.151638154e+01 +2.8925e+00 +1.8979e+00
1171 +1.531718864e+01 +1.531718864e+01 +4.105718864e+01 +4.105718864e+01 +2.9786e+00 +1.8970e+00
1176 +1.418401370e+01 +1.418401370e+01 +3.992401370e+01 +3.992401370e+01 +2.8455e+00 +1.8971e+00
1197 +1.404436954e+01 +1.404436954e+01 +3.978436954e+01 +3.978436954e+01 +2.8405e+00 +1.8968e+00
1206 +1.343167852e+01 +1.343167852e+01 +3.917167852e+01 +3.917167852e+01 +2.7063e+00 +1.8976e+00
1220 +9.482623772e+00 +9.482623772e+00 +3.522262377e+01 +3.522262377e+01 +2.1433e+00 +1.8962e+00
1241 +7.469570483e+00 +7.469570483e+00 +3.320957048e+01 +3.320957048e+01 +1.5900e+00 +1.8962e+00
1244 +4.274368438e+00 +4.274368438e+00 +3.001436844e+01 +3.001436844e+01 +1.0304e+00 +1.8975e+00
1260 +3.021738827e+00 +3.021738827e+00 +2.876173883e+01 +2.876173883e+01 -1.7191e+00 +1.8985e+00
1266 +2.428337051e+00 +2.428337051e+00 +2.816833705e+01 +2.816833705e+01 -2.2094e-01 +1.8983e+00
1276 +1.773182008e+00 +1.773182008e+00 +2.751318201e+01 +2.751318201e+01 -3.1197e-01 +1.8979e+00
1298 +1.606613078e+00 +1.606613078e+00 +2.734661308e+01 +2.734661308e+01 +2.0907e-01 +1.8968e+00
1303 +2.006698491e-01 +2.006698491e-01 +2.594066985e+01 +2.594066985e+01 -1.3384e+00 +1.8970e+00
1342 +7.294159023e-02 +7.294159023e-02 +2.581294159e+01 +2.581294159e+01 -1.1664e+00 +1.8970e+00
1346 +2.002177593e-02 +2.002177593e-02 +2.576002178e+01 +2.576002178e+01 -1.0799e+00 +1.8968e+00
1364 +1.872550203e-02 +1.872550203e-02 +2.575872550e+01 +2.575872550e+01 -1.0750e+00 +1.8968e+00
1395 +1.260744641e-02 +1.260744641e-02 +2.575260745e+01 +2.575260745e+01 -9.7360e-01 +1.8969e+00
1410 +3.798976090e-03 +3.798976090e-03 +2.574379898e+01 +2.574379898e+01 -9.9960e-01 +1.8968e+00
1509 +2.737583714e-03 +2.737583714e-03 +2.574273758e+01 +2.574273758e+01 -9.3756e-01 +1.8968e+00
1518 +2.379531687e-03 +2.379531687e-03 +2.574237953e+01 +2.574237953e+01 -9.8871e-01 +1.8968e+00
1540 +9.750572877e-04 +9.750572877e-04 +2.574097506e+01 +2.574097506e+01 -9.4501e-01 +1.8968e+00
1568 +8.309570316e-05 +8.309570316e-05 +2.574008310e+01 +2.574008310e+01 -9.4022e-01 +1.8968e+00
1596 +4.317059492e-07 +4.317059492e-07 +2.574000043e+01 +2.574000043e+01 -9.4606e-01 +1.8968e+00
1914 +1.449097518e-07 +1.449097518e-07 +2.574000014e+01 +2.574000014e+01 -9.4585e-01 +1.8968e+00
1936 +3.658805525e-08 +3.658805525e-08 +2.574000004e+01 +2.574000004e+01 -9.4579e-01 +1.8968e+00
1980 +1.781993220e-08 +1.781993220e-08 +2.574000002e+01 +2.574000002e+01 -9.4565e-01 +1.8968e+00
2012 +4.428684974e-09 +4.428684974e-09 +2.574000000e+01 +2.574000000e+01 -9.4566e-01 +1.8968e+00
% function evaluation | noise-free fitness - Fopt (4.167000000000e+01) | best noise-free fitness - Fopt | measured fitness | best measured fitness | x1 | x2...
1 +1.168434427e+07 +1.168434427e+07 +1.168438594e+07 +1.168438594e+07 +0.0000e+00 +0.0000e+00
65 +8.948683667e+06 +8.948683667e+06 +8.948725337e+06 +8.948725337e+06 +1.7220e+00 +3.8389e-01
70 +3.936680776e+06 +3.936680776e+06 +3.936722446e+06 +3.936722446e+06 +2.5454e-01 +1.4948e+00
73 +1.752193209e+06 +1.752193209e+06 +1.752234879e+06 +1.752234879e+06 -9.1690e-01 +2.2128e+00
75 +2.351787376e+04 +2.351787376e+04 +2.355954376e+04 +2.355954376e+04 +1.1078e+00 +3.5998e+00
176 +3.782206798e+03 +3.782206798e+03 +3.823876798e+03 +3.823876798e+03 +8.6712e-01 +3.3761e+00
181 +3.256858617e+03 +3.256858617e+03 +3.298528617e+03 +3.298528617e+03 +1.6536e+00 +3.3831e+00
194 +5.916097666e+01 +5.916097666e+01 +1.008309767e+02 +1.008309767e+02 +1.8296e+00 +3.4343e+00
223 +2.632933616e+01 +2.632933616e+01 +6.799933616e+01 +6.799933616e+01 +1.7080e+00 +3.4468e+00
330 +1.099195347e+01 +1.099195347e+01 +5.266195347e+01 +5.266195347e+01 +1.6122e+00 +3.4454e+00
579 +1.932743904e+00 +1.932743904e+00 +4.360274390e+01 +4.360274390e+01 +2.3571e+00 +3.4415e+00
682 +8.296457965e-01 +8.296457965e-01 +4.249964580e+01 +4.249964580e+01 +2.5497e+00 +3.4420e+00
992 +7.779206487e-01 +7.779206487e-01 +4.244792065e+01 +4.244792065e+01 +2.7136e+00 +3.4418e+00
1090 +6.149316968e-01 +6.149316968e-01 +4.228493170e+01 +4.228493170e+01 +2.6220e+00 +3.4427e+00
1109 +4.445194079e-01 +4.445194079e-01 +4.211451941e+01 +4.211451941e+01 +3.2977e+00 +3.4431e+00
1113 +1.363708590e-01 +1.363708590e-01 +4.180637086e+01 +4.180637086e+01 +3.1145e+00 +3.4422e+00
1144 +4.203011423e-02 +4.203011423e-02 +4.171203011e+01 +4.171203011e+01 +3.2127e+00 +3.4424e+00
1188 +3.973052245e-02 +3.973052245e-02 +4.170973052e+01 +4.170973052e+01 +3.6028e+00 +3.4425e+00
1191 +3.527531823e-02 +3.527531823e-02 +4.170527532e+01 +4.170527532e+01 +3.3060e+00 +3.4422e+00
1210 +1.252622098e-02 +1.252622098e-02 +4.168252622e+01 +4.168252622e+01 +3.4373e+00 +3.4425e+00
1217 +6.340930987e-03 +6.340930987e-03 +4.167634093e+01 +4.167634093e+01 +3.4446e+00 +3.4423e+00
1276 +3.359857210e-03 +3.359857210e-03 +4.167335986e+01 +4.167335986e+01 +3.3530e+00 +3.4424e+00
1364 +3.674007050e-04 +3.674007050e-04 +4.167036740e+01 +4.167036740e+01 +3.4047e+00 +3.4424e+00
1367 +2.956253628e-04 +2.956253628e-04 +4.167029563e+01 +4.167029563e+01 +3.4288e+00 +3.4424e+00
1391 +1.173714635e-04 +1.173714635e-04 +4.167011737e+01 +4.167011737e+01 +3.4219e+00 +3.4424e+00
1401 +1.812647802e-05 +1.812647802e-05 +4.167001813e+01 +4.167001813e+01 +3.4097e+00 +3.4424e+00
1540 +3.542806859e-06 +3.542806859e-06 +4.167000354e+01 +4.167000354e+01 +3.4147e+00 +3.4424e+00
1694 +3.107241994e-06 +3.107241994e-06 +4.167000311e+01 +4.167000311e+01 +3.4118e+00 +3.4424e+00
1718 +2.952544691e-06 +2.952544691e-06 +4.167000295e+01 +4.167000295e+01 +3.4146e+00 +3.4424e+00
1727 +7.013927359e-07 +7.013927359e-07 +4.167000070e+01 +4.167000070e+01 +3.4144e+00 +3.4424e+00
1772 +8.585564615e-08 +8.585564615e-08 +4.167000009e+01 +4.167000009e+01 +3.4138e+00 +3.4424e+00
1869 +7.455670925e-08 +7.455670925e-08 +4.167000007e+01 +4.167000007e+01 +3.4134e+00 +3.4424e+00
1892 +5.106315371e-09 +5.106315371e-09 +4.167000001e+01 +4.167000001e+01 +3.4135e+00 +3.4424e+00
% function evaluation | noise-free fitness - Fopt (-1.909500000000e+02) | best noise-free fitness - Fopt | measured fitness | best measured fitness | x1 | x2...
1 +8.090424180e+06 +8.090424180e+06 +8.090233230e+06 +8.090233230e+06 +0.0000e+00 +0.0000e+00
2 +8.268077733e+05 +8.268077733e+05 +8.266168233e+05 +8.266168233e+05 +5.6262e+00 -3.7645e+00
10 +7.439905999e+05 +7.439905999e+05 +7.437996499e+05 +7.437996499e+05 +5.5142e+00 -3.7296e+00
11 +6.336638363e+05 +6.336638363e+05 +6.334728863e+05 +6.334728863e+05 +5.8199e+00 -3.6771e+00
17 +5.685512078e+05 +5.685512078e+05 +5.683602578e+05 +5.683602578e+05 +5.5842e+00 -3.6416e+00
18 +5.348617772e+05 +5.348617772e+05 +5.346708272e+05 +5.346708272e+05 +5.6258e+00 -3.6214e+00
24 +2.451617711e+05 +2.451617711e+05 +2.449708211e+05 +2.449708211e+05 +5.6575e+00 -3.3301e+00
46 +5.129826306e+04 +5.129826306e+04 +5.110731306e+04 +5.110731306e+04 +5.5753e+00 -2.6031e+00
54 +5.062423090e+04 +5.062423090e+04 +5.043328090e+04 +5.043328090e+04 +5.7726e+00 -3.0537e+00
60 +1.005564268e+04 +1.005564268e+04 +9.864692684e+03 +9.864692684e+03 +5.7037e+00 -2.9326e+00
66 +2.366679119e+02 +2.366679119e+02 +4.571791193e+01 +4.571791193e+01 +5.6693e+00 -2.8425e+00
238 +1.641897726e+02 +1.641897726e+02 -2.676022744e+01 -2.676022744e+01 +5.7607e+00 -2.8199e+00
269 +7.342949486e+01 +7.342949486e+01 -1.175205051e+02 -1.175205051e+02 +5.5890e+00 -2.8321e+00
383 +7.177990424e+01 +7.177990424e+01 -1.191700958e+02 -1.191700958e+02 +6.0692e+00 -2.8288e+00
930 +7.078415919e+01 +7.078415919e+01 -1.201658408e+02 -1.201658408e+02 +5.8012e+00 -2.8284e+00
972 +6.913817251e+01 +6.913817251e+01 -1.218118275e+02 -1.218118275e+02 +5.4214e+00 -2.8313e+00
984 +6.736242605e+01 +6.736242605e+01 -1.235875740e+02 -1.235875740e+02 +5.4222e+00 -2.8286e+00
988 +6.495999434e+01 +6.495999434e+01 -1.259900057e+02 -1.259900057e+02 +5.2388e+00 -2.8301e+00
1018 +4.523388975e+01 +4.523388975e+01 -1.457161102e+02 -1.457161102e+02 +3.8444e+00 -2.8290e+00
1022 +3.714901974e+01 +3.714901974e+01 -1.538009803e+02 -1.538009803e+02 +3.2274e+00 -2.8312e+00
1036 +1.635932988e+01 +1.635932988e+01 -1.745906701e+02 -1.745906701e+02 +1.3011e+00 -2.8287e+00
1056 +1.263940958e+01 +1.263940958e+01 -1.783105904e+02 -1.783105904e+02 +9.7787e-01 -2.8297e+00
1074 +4.393742243e+00 +4.393742243e+00 -1.865562578e+02 -1.865562578e+02 -2.4214e+00 -2.8318e+00
1097 +4.350423625e+00 +4.350423625e+00 -1.865995764e+02 -1.865995764e+02 -6.4404e-01 -2.8290e+00
1100 +2.577975904e+00 +2.577975904e+00 -1.883720241e+02 -1.883720241e+02 -3.0358e+00 -2.8279e+00
1122 +9.123263550e-01 +9.123263550e-01 -1.900376736e+02 -1.900376736e+02 -3.6070e+00 -2.8295e+00
1144 +7.534819178e-01 +7.534819178e-01 -1.901965181e+02 -1.901965181e+02 -3.5291e+00 -2.8294e+00
1149 +4.839500727e-01 +4.839500727e-01 -1.904660499e+02 -1.904660499e+02 -2.9571e+00 -2.8302e+00
1173 +2.659714920e-02 +2.659714920e-02 -1.909234029e+02 -1.909234029e+02 -2.6357e+00 -2.8298e+00
1232 +1.542879073e-02 +1.542879073e-02 -1.909345712e+02 -1.909345712e+02 -2.5822e+00 -2.8295e+00
1298 +4.171558683e-03 +4.171558683e-03 -1.909458284e+02 -1.909458284e+02 -2.6960e+00 -2.8296e+00
1320 +7.271010473e-04 +7.271010473e-04 -1.909492729e+02 -1.909492729e+02 -2.6573e+00 -2.8296e+00
1350 +9.458733444e-05 +9.458733444e-05 -1.909499054e+02 -1.909499054e+02 -2.6336e+00 -2.8296e+00
1489 +4.474120590e-05 +4.474120590e-05 -1.909499553e+02 -1.909499553e+02 -2.6481e+00 -2.8296e+00
1516 +3.538059156e-05 +3.538059156e-05 -1.909499646e+02 -1.909499646e+02 -2.6480e+00 -2.8296e+00
1606 +1.980222910e-05 +1.980222910e-05 -1.909499802e+02 -1.909499802e+02 -2.6392e+00 -2.8296e+00
1628 +8.644194253e-06 +8.644194253e-06 -1.909499914e+02 -1.909499914e+02 -2.6443e+00 -2.8296e+00
1650 +7.750950914e-06 +7.750950914e-06 -1.909499922e+02 -1.909499922e+02 -2.6460e+00 -2.8296e+00
1694 +7.021355742e-06 +7.021355742e-06 -1.909499930e+02 -1.909499930e+02 -2.6442e+00 -2.8296e+00
1747 +6.588722158e-06 +6.588722158e-06 -1.909499934e+02 -1.909499934e+02 -2.6406e+00 -2.8296e+00
1758 +4.606653619e-06 +4.606653619e-06 -1.909499954e+02 -1.909499954e+02 -2.6452e+00 -2.8296e+00
1760 +1.786598659e-06 +1.786598659e-06 -1.909499982e+02 -1.909499982e+02 -2.6419e+00 -2.8296e+00
1785 +4.656979797e-07 +4.656979797e-07 -1.909499995e+02 -1.909499995e+02 -2.6428e+00 -2.8296e+00
1826 +9.598269912e-08 +9.598269912e-08 -1.909499999e+02 -1.909499999e+02 -2.6434e+00 -2.8296e+00
1870 +8.295782550e-08 +8.295782550e-08 -1.909499999e+02 -1.909499999e+02 -2.6430e+00 -2.8296e+00
1892 +7.382607237e-08 +7.382607237e-08 -1.909499999e+02 -1.909499999e+02 -2.6434e+00 -2.8296e+00
1914 +5.971656947e-08 +5.971656947e-08 -1.909499999e+02 -1.909499999e+02 -2.6430e+00 -2.8296e+00
1917 +3.011365379e-09 +3.011365379e-09 -1.909500000e+02 -1.909500000e+02 -2.6432e+00 -2.8296e+00
% function evaluation | noise-free fitness - Fopt (1.370000000000e+00) | best noise-free fitness - Fopt | measured fitness | best measured fitness | x1 | x2...
1 +4.062581704e+06 +4.062581704e+06 +4.062583074e+06 +4.062583074e+06 +0.0000e+00 +0.0000e+00
2 +2.455584174e+06 +2.455584174e+06 +2.455585544e+06 +2.455585544e+06 -3.0088e+00 +3.6946e+00
3 +2.076221346e+06 +2.076221346e+06 +2.076222716e+06 +2.076222716e+06 -3.1914e+00 +3.4994e+00
13 +2.027455406e+06 +2.027455406e+06 +2.027456776e+06 +2.027456776e+06 -3.0842e+00 +3.4305e+00
29 +9.458896642e+05 +9.458896642e+05 +9.458910342e+05 +9.458910342e+05 -3.0386e+00 +2.9773e+00
32 +5.715625449e+05 +5.715625449e+05 +5.715639149e+05 +5.715639149e+05 -2.9505e+00 +2.8241e+00
41 +1.206670097e+05 +1.206670097e+05 +1.206683797e+05 +1.206683797e+05 -2.8254e+00 +2.3383e+00
49 +5.022180291e+04 +5.022180291e+04 +5.022317291e+04 +5.022317291e+04 -2.9938e+00 +2.2160e+00
52 +4.021018471e+02 +4.021018471e+02 +4.034718471e+02 +4.034718471e+02 -3.0134e+00 +2.0116e+00
71 +1.539072862e+02 +1.539072862e+02 +1.552772862e+02 +1.552772862e+02 -3.2767e+00 +2.0025e+00
198 +1.259309580e+02 +1.259309580e+02 +1.273009580e+02 +1.273009580e+02 -2.5051e+00 +1.9819e+00
256 +7.181129347e+01 +7.181129347e+01 +7.318129347e+01 +7.318129347e+01 -2.5617e+00 +1.9859e+00
361 +6.575639553e+01 +6.575639553e+01 +6.712639553e+01 +6.712639553e+01 -2.4636e+00 +1.9866e+00
364 +5.643617463e+01 +5.643617463e+01 +5.780617463e+01 +5.780617463e+01 -2.2742e+00 +1.9875e+00
366 +3.560604739e+01 +3.560604739e+01 +3.697604739e+01 +3.697604739e+01 -2.5959e+00 +1.9923e+00
367 +3.158947175e+01 +3.158947175e+01 +3.295947175e+01 +3.295947175e+01 -2.1929e+00 +1.9919e+00
906 +3.077286482e+01 +3.077286482e+01 +3.214286482e+01 +3.214286482e+01 -2.1013e+00 +1.9919e+00
957 +2.942594270e+01 +2.942594270e+01 +3.079594270e+01 +3.079594270e+01 -1.8634e+00 +1.9911e+00
993 +2.867215341e+01 +2.867215341e+01 +3.004215341e+01 +3.004215341e+01 -1.8532e+00 +1.9917e+00
999 +2.778343716e+01 +2.778343716e+01 +2.915343716e+01 +2.915343716e+01 -1.6130e+00 +1.9930e+00
1002 +2.747785941e+01 +2.747785941e+01 +2.884785941e+01 +2.884785941e+01 -1.6802e+00 +1.9915e+00
1021 +2.208302718e+01 +2.208302718e+01 +2.345302718e+01 +2.345302718e+01 -1.0092e+00 +1.9924e+00
1053 +1.954025321e+01 +1.954025321e+01 +2.091025321e+01 +2.091025321e+01 -2.9562e-01 +1.9901e+00
1054 +1.390128636e+01 +1.390128636e+01 +1.527128636e+01 +1.527128636e+01 +4.6612e-01 +1.9900e+00
1070 +1.226174014e+01 +1.226174014e+01 +1.363174014e+01 +1.363174014e+01 +4.9009e-01 +1.9905e+00
1080 +3.210857594e+00 +3.210857594e+00 +4.580857594e+00 +4.580857594e+00 +2.4775e+00 +1.9908e+00
1091 +2.703883130e+00 +2.703883130e+00 +4.073883130e+00 +4.073883130e+00 +2.5623e+00 +1.9909e+00
1114 +2.274999393e+00 +2.274999393e+00 +3.644999393e+00 +3.644999393e+00 +2.4902e+00 +1.9913e+00
1118 +1.644068619e+00 +1.644068619e+00 +3.014068619e+00 +3.014068619e+00 +4.7525e+00 +1.9913e+00
1122 +4.819177269e-01 +4.819177269e-01 +1.851917727e+00 +1.851917727e+00 +3.1190e+00 +1.9916e+00
1166 +4.097898760e-01 +4.097898760e-01 +1.779789876e+00 +1.779789876e+00 +3.5432e+00 +1.9926e+00
1178 +3.813837606e-01 +3.813837606e-01 +1.751383761e+00 +1.751383761e+00 +4.0172e+00 +1.9925e+00
1188 +5.346602922e-03 +5.346602922e-03 +1.375346603e+00 +1.375346603e+00 +3.7922e+00 +1.9920e+00
1320 +3.092951099e-03 +3.092951099e-03 +1.373092951e+00 +1.373092951e+00 +3.6704e+00 +1.9920e+00
1430 +2.517018537e-03 +2.517018537e-03 +1.372517019e+00 +1.372517019e+00 +3.7579e+00 +1.9920e+00
1440 +1.387717100e-03 +1.387717100e-03 +1.371387717e+00 +1.371387717e+00 +3.7533e+00 +1.9920e+00
1454 +3.399378962e-04 +3.399378962e-04 +1.370339938e+00 +1.370339938e+00 +3.7178e+00 +1.9920e+00
1496 +7.823053337e-05 +7.823053337e-05 +1.370078231e+00 +1.370078231e+00 +3.7300e+00 +1.9920e+00
1532 +3.489816152e-05 +3.489816152e-05 +1.370034898e+00 +1.370034898e+00 +3.7167e+00 +1.9920e+00
1568 +2.067593533e-05 +2.067593533e-05 +1.370020676e+00 +1.370020676e+00 +3.7176e+00 +1.9920e+00
1584 +1.451449554e-06 +1.451449554e-06 +1.370001451e+00 +1.370001451e+00 +3.7205e+00 +1.9920e+00
1716 +1.325155973e-06 +1.325155973e-06 +1.370001325e+00 +1.370001325e+00 +3.7207e+00 +1.9920e+00
1738 +7.066381016e-07 +7.066381016e-07 +1.370000707e+00 +1.370000707e+00 +3.7207e+00 +1.9920e+00
1764 +3.839423830e-07 +3.839423830e-07 +1.370000384e+00 +1.370000384e+00 +3.7210e+00 +1.9920e+00
1782 +2.875733949e-07 +2.875733949e-07 +1.370000288e+00 +1.370000288e+00 +3.7216e+00 +1.9920e+00
1826 +2.712952027e-07 +2.712952027e-07 +1.370000271e+00 +1.370000271e+00 +3.7221e+00 +1.9920e+00
1847 +1.771927061e-07 +1.771927061e-07 +1.370000177e+00 +1.370000177e+00 +3.7212e+00 +1.9920e+00
1848 +1.192174250e-07 +1.192174250e-07 +1.370000119e+00 +1.370000119e+00 +3.7219e+00 +1.9920e+00
1854 +6.258414387e-08 +6.258414387e-08 +1.370000063e+00 +1.370000063e+00 +3.7218e+00 +1.9920e+00
1870 +3.426686734e-08 +3.426686734e-08 +1.370000034e+00 +1.370000034e+00 +3.7218e+00 +1.9920e+00
1885 +5.038248707e-09 +5.038248707e-09 +1.370000005e+00 +1.370000005e+00 +3.7216e+00 +1.9920e+00
% function evaluation | noise-free fitness - Fopt (-1.645800000000e+02) | best noise-free fitness - Fopt | measured fitness | best measured fitness | x1 | x2...
1 +1.079402142e+03 +1.079402142e+03 +9.148221419e+02 +9.148221419e+02 +0.0000e+00 +0.0000e+00
27 +2.656019680e+02 +2.656019680e+02 +1.010219680e+02 +1.010219680e+02 +2.3901e-01 -1.9123e-02
37 +2.490435107e+01 +2.490435107e+01 -1.396756489e+02 -1.396756489e+02 +3.5382e-01 -3.1545e-02
160 +1.724833633e+01 +1.724833633e+01 -1.473316637e+02 -1.473316637e+02 +2.0216e-01 -3.9716e-02
172 +1.608472934e+01 +1.608472934e+01 -1.484952707e+02 -1.484952707e+02 +1.9399e-01 -3.9610e-02
176 +6.944948847e+00 +6.944948847e+00 -1.576350512e+02 -1.576350512e+02 +2.5721e-01 -3.3847e-02
242 +5.422255334e+00 +5.422255334e+00 -1.591577447e+02 -1.591577447e+02 +2.7337e-01 -3.8096e-02
275 +2.978009720e+00 +2.978009720e+00 -1.616019903e+02 -1.616019903e+02 +2.2567e-01 -3.4561e-02
318 +2.413901415e+00 +2.413901415e+00 -1.621660986e+02 -1.621660986e+02 +2.5897e-01 -3.5004e-02
337 +2.300936606e+00 +2.300936606e+00 -1.622790634e+02 -1.622790634e+02 +2.8879e-01 -3.5085e-02
352 +1.691722829e+00 +1.691722829e+00 -1.628882772e+02 -1.628882772e+02 +3.0189e-01 -3.5558e-02
396 +1.477207196e+00 +1.477207196e+00 -1.631027928e+02 -1.631027928e+02 +2.9680e-01 -3.5978e-02
553 +1.420146971e+00 +1.420146971e+00 -1.631598530e+02 -1.631598530e+02 +2.7918e-01 -3.5880e-02
632 +1.400361763e+00 +1.400361763e+00 -1.631796382e+02 -1.631796382e+02 +2.7687e-01 -3.5959e-02
767 +1.368057650e+00 +1.368057650e+00 -1.632119423e+02 -1.632119423e+02 +2.6912e-01 -3.5975e-02
817 +1.348380961e+00 +1.348380961e+00 -1.632316190e+02 -1.632316190e+02 +2.6441e-01 -3.5996e-02
862 +1.296352517e+00 +1.296352517e+00 -1.632836475e+02 -1.632836475e+02 +2.4877e-01 -3.5890e-02
885 +1.191170181e+00 +1.191170181e+00 -1.633888298e+02 -1.633888298e+02 +2.1482e-01 -3.6231e-02
899 +1.167064746e+00 +1.167064746e+00 -1.634129353e+02 -1.634129353e+02 +2.1996e-01 -3.6025e-02
907 +1.129424564e+00 +1.129424564e+00 -1.634505754e+02 -1.634505754e+02 +2.0595e-01 -3.6137e-02
917 +8.969554406e-01 +8.969554406e-01 -1.636830446e+02 -1.636830446e+02 +1.3587e-01 -3.6225e-02
934 +8.470010182e-01 +8.470010182e-01 -1.637329990e+02 -1.637329990e+02 +1.3094e-01 -3.5913e-02
940 +6.713343787e-01 +6.713343787e-01 -1.639086656e+02 -1.639086656e+02 +6.5918e-02 -3.5925e-02
950 +5.560704188e-01 +5.560704188e-01 -1.640239296e+02 -1.640239296e+02 -7.8238e-02 -3.5771e-02
975 +5.046058647e-01 +5.046058647e-01 -1.640753941e+02 -1.640753941e+02 -1.4357e-01 -3.6126e-02
983 +4.430737195e-01 +4.430737195e-01 -1.641369263e+02 -1.641369263e+02 -2.4624e-01 -3.6250e-02
986 +3.361606414e-01 +3.361606414e-01 -1.642438394e+02 -1.642438394e+02 -5.1426e-01 -3.5509e-02
999 +2.630263376e-01 +2.630263376e-01 -1.643169737e+02 -1.643169737e+02 -1.0103e+00 -3.5520e-02
1012 +1.009770690e-01 +1.009770690e-01 -1.644790229e+02 -1.644790229e+02 -5.4101e-01 -3.5857e-02
1036 +1.270387092e-02 +1.270387092e-02 -1.645672961e+02 -1.645672961e+02 -7.2502e-01 -3.6041e-02
1056 +9.671962814e-04 +9.671962814e-04 -1.645790328e+02 -1.645790328e+02 -8.1489e-01 -3.6032e-02
1127 +4.894435093e-04 +4.894435093e-04 -1.645795106e+02 -1.645795106e+02 -8.0073e-01 -3.5998e-02
1188 +2.470312805e-04 +2.470312805e-04 -1.645797530e+02 -1.645797530e+02 -8.2951e-01 -3.5986e-02
1265 +1.862627784e-06 +1.862627784e-06 -1.645799981e+02 -1.645799981e+02 -8.2260e-01 -3.6001e-02
1442 +1.798052608e-06 +1.798052608e-06 -1.645799982e+02 -1.645799982e+02 -8.2337e-01 -3.5999e-02
1474 +4.564411995e-07 +4.564411995e-07 -1.645799995e+02 -1.645799995e+02 -8.2286e-01 -3.6000e-02
1496 +9.109649568e-08 +9.109649568e-08 -1.645799999e+02 -1.645799999e+02 -8.2215e-01 -3.6000e-02
1584 +1.971957886e-08 +1.971957886e-08 -1.645800000e+02 -1.645800000e+02 -8.2225e-01 -3.6000e-02
1630 +1.918255066e-08 +1.918255066e-08 -1.645800000e+02 -1.645800000e+02 -8.2226e-01 -3.6000e-02
1677 +1.619650902e-08 +1.619650902e-08 -1.645800000e+02 -1.645800000e+02 -8.2231e-01 -3.6000e-02
1688 +1.304545094e-08 +1.304545094e-08 -1.645800000e+02 -1.645800000e+02 -8.2229e-01 -3.6000e-02
1694 +3.511360092e-09 +3.511360092e-09 -1.645800000e+02 -1.645800000e+02 -8.2238e-01 -3.6000e-02
% function evaluation | noise-free fitness - Fopt (-1.803800000000e+02) | best noise-free fitness - Fopt | measured fitness | best measured fitness | x1 | x2...
1 +1.185471483e+07 +1.185471483e+07 +1.185453445e+07 +1.185453445e+07 +0.0000e+00 +0.0000e+00
2 +9.997036328e+06 +9.997036328e+06 +9.996855948e+06 +9.996855948e+06 +9.9691e-01 +2.5249e-01
3 +8.956590234e+06 +8.956590234e+06 +8.956409854e+06 +8.956409854e+06 +1.0353e+00 +4.0509e-01
4 +8.573467537e+06 +8.573467537e+06 +8.573287157e+06 +8.573287157e+06 +1.0138e+00 +4.6426e-01
8 +8.180991749e+06 +8.180991749e+06 +8.180811369e+06 +8.180811369e+06 +9.3113e-01 +5.2695e-01
10 +8.076540673e+06 +8.076540673e+06 +8.076360293e+06 +8.076360293e+06 +1.1164e+00 +5.4403e-01
15 +7.838215401e+06 +7.838215401e+06 +7.838035021e+06 +7.838035021e+06 +9.4058e-01 +5.8369e-01
26 +6.626310173e+06 +6.626310173e+06 +6.626129793e+06 +6.626129793e+06 +7.0420e-01 +8.0393e-01
30 +5.422970839e+06 +5.422970839e+06 +5.422790459e+06 +5.422790459e+06 +9.6740e-01 +1.0695e+00
46 +4.971848854e+06 +4.971848854e+06 +4.971668474e+06 +4.971668474e+06 +1.6448e-01 +1.1881e+00
47 +5.664837651e+05 +5.664837651e+05 +5.663033851e+05 +5.663033851e+05 +4.7108e-01 +2.6540e+00
63 +4.304676807e+05 +4.304676807e+05 +4.302873007e+05 +4.302873007e+05 +7.0974e-01 +2.7474e+00
69 +2.952739994e+04 +2.952739994e+04 +2.934701994e+04 +2.934701994e+04 +8.6011e-01 +3.3024e+00
88 +4.313113971e+03 +4.313113971e+03 +4.132733971e+03 +4.132733971e+03 +8.7024e-01 +3.3929e+00
152 +1.131671795e+03 +1.131671795e+03 +9.512917951e+02 +9.512917951e+02 -2.7918e-01 +3.5014e+00
263 +8.999335170e+01 +8.999335170e+01 -9.038664830e+01 -9.038664830e+01 -2.4005e+00 +3.4740e+00
396 +4.410390963e+01 +4.410390963e+01 -1.362760904e+02 -1.362760904e+02 -1.1625e+00 +3.4712e+00
405 +1.432589659e+01 +1.432589659e+01 -1.660541034e+02 -1.660541034e+02 -8.1085e-01 +3.4669e+00
470 +1.011626999e+01 +1.011626999e+01 -1.702637300e+02 -1.702637300e+02 -1.4265e+00 +3.4629e+00
560 +8.454266739e+00 +8.454266739e+00 -1.719257333e+02 -1.719257333e+02 -1.2644e+00 +3.4638e+00
596 +7.289092254e+00 +7.289092254e+00 -1.730909077e+02 -1.730909077e+02 -1.3167e+00 +3.4650e+00
620 +7.243695655e+00 +7.243695655e+00 -1.731363043e+02 -1.731363043e+02 -1.3416e+00 +3.4645e+00
718 +6.873510887e+00 +6.873510887e+00 -1.735064891e+02 -1.735064891e+02 -1.4216e+00 +3.4650e+00
748 +6.338501925e+00 +6.338501925e+00 -1.740414981e+02 -1.740414981e+02 -1.6646e+00 +3.4638e+00
801 +6.090933696e+00 +6.090933696e+00 -1.742890663e+02 -1.742890663e+02 -1.5751e+00 +3.4650e+00
1067 +5.795605685e+00 +5.795605685e+00 -1.745843943e+02 -1.745843943e+02 -1.6352e+00 +3.4651e+00
1082 +2.820065176e+00 +2.820065176e+00 -1.775599348e+02 -1.775599348e+02 -2.1766e+00 +3.4654e+00
1112 +2.484465744e+00 +2.484465744e+00 -1.778955343e+02 -1.778955343e+02 -2.2884e+00 +3.4643e+00
1121 +2.137036494e+00 +2.137036494e+00 -1.782429635e+02 -1.782429635e+02 -2.3326e+00 +3.4648e+00
1156 +1.468351631e+00 +1.468351631e+00 -1.789116484e+02 -1.789116484e+02 -2.8660e+00 +3.4642e+00
1178 +4.898714038e-01 +4.898714038e-01 -1.798901286e+02 -1.798901286e+02 -3.2088e+00 +3.4648e+00
1214 +1.875565780e-01 +1.875565780e-01 -1.801924434e+02 -1.801924434e+02 -3.5237e+00 +3.4651e+00
1232 +1.826508425e-01 +1.826508425e-01 -1.801973492e+02 -1.801973492e+02 -3.6890e+00 +3.4652e+00
1243 +5.433998830e-02 +5.433998830e-02 -1.803256600e+02 -1.803256600e+02 -3.6815e+00 +3.4649e+00
1249 +3.319664570e-02 +3.319664570e-02 -1.803468034e+02 -1.803468034e+02 -3.7151e+00 +3.4648e+00
1304 +1.531173631e-02 +1.531173631e-02 -1.803646883e+02 -1.803646883e+02 -3.9523e+00 +3.4649e+00
1327 +6.033280488e-03 +6.033280488e-03 -1.803739667e+02 -1.803739667e+02 -3.9447e+00 +3.4649e+00
1342 +2.831827240e-03 +2.831827240e-03 -1.803771682e+02 -1.803771682e+02 -3.9446e+00 +3.4648e+00
1363 +1.506694691e-03 +1.506694691e-03 -1.803784933e+02 -1.803784933e+02 -3.9038e+00 +3.4648e+00
1364 +1.332424952e-03 +1.332424952e-03 -1.803786676e+02 -1.803786676e+02 -3.9091e+00 +3.4648e+00
1386 +5.006397797e-04 +5.006397797e-04 -1.803794994e+02 -1.803794994e+02 -3.8802e+00 +3.4648e+00
1433 +4.594790032e-04 +4.594790032e-04 -1.803795405e+02 -1.803795405e+02 -3.8984e+00 +3.4648e+00
1456 +3.672859692e-04 +3.672859692e-04 -1.803796327e+02 -1.803796327e+02 -3.8974e+00 +3.4648e+00
1474 +2.445705239e-04 +2.445705239e-04 -1.803797554e+02 -1.803797554e+02 -3.8896e+00 +3.4648e+00
1518 +7.358957990e-05 +7.358957990e-05 -1.803799264e+02 -1.803799264e+02 -3.9019e+00 +3.4648e+00
1562 +2.227732216e-05 +2.227732216e-05 -1.803799777e+02 -1.803799777e+02 -3.8921e+00 +3.4648e+00
1565 +7.628472218e-06 +7.628472218e-06 -1.803799924e+02 -1.803799924e+02 -3.8909e+00 +3.4648e+00
1628 +8.490337109e-07 +8.490337109e-07 -1.803799992e+02 -1.803799992e+02 -3.8938e+00 +3.4648e+00
1655 +1.316570319e-08 +1.316570319e-08 -1.803800000e+02 -1.803800000e+02 -3.8928e+00 +3.4648e+00
1883 +5.971969586e-09 +5.971969586e-09 -1.803800000e+02 -1.803800000e+02 -3.8929e+00 +3.4648e+00
