% function evaluation | noise-free fitness - Fopt (-4.620900000000e+02) | best noise-free fitness - Fopt | measured fitness | best measured fitness | x1 | x2...
1 +1.181909657e+02 +1.181909657e+02 -3.438990343e+02 -3.438990343e+02 +0.0000e+00 +0.0000e+00 +0.0000e+00 +0.0000e+00 +0.0000e+00
272 +1.138587778e+02 +1.138587778e+02 -3.482312222e+02 -3.482312222e+02 +3.2577e-01 -6.3231e-01 -2.1355e+00 +6.7943e-01 +1.7252e+00
280 +1.013193950e+02 +1.013193950e+02 -3.607706050e+02 -3.607706050e+02 +4.6578e-01 -8.6333e-01 -1.6693e+00 +9.7126e-01 +1.9362e+00
314 +7.813696721e+01 +7.813696721e+01 -3.839530328e+02 -3.839530328e+02 +1.6998e-01 +2.4388e-01 -1.1997e+00 +1.8491e+00 +1.6388e+00
396 +7.710659799e+01 +7.710659799e+01 -3.849834020e+02 -3.849834020e+02 +6.0155e-01 -4.7490e-02 +2.8621e-02 +8.0289e-01 +1.0307e+00
414 +5.437700785e+01 +5.437700785e+01 -4.077129922e+02 -4.077129922e+02 +1.6755e+00 +1.0136e+00 +5.3102e-01 +1.1522e+00 +1.3677e+00
528 +5.096891392e+01 +5.096891392e+01 -4.111210861e+02 -4.111210861e+02 +1.4482e-01 +1.0305e+00 +1.4076e-01 +3.4300e-01 +1.6030e+00
735 +4.807564135e+01 +4.807564135e+01 -4.140143587e+02 -4.140143587e+02 +1.2501e+00 +1.0145e+00 +7.6870e-01 +7.7529e-02 +2.0028e+00
748 +4.537398809e+01 +4.537398809e+01 -4.167160119e+02 -4.167160119e+02 +6.4409e-01 +8.9529e-01 +1.0301e+00 +3.6757e-01 +1.7093e+00
770 +3.794691473e+01 +3.794691473e+01 -4.241430853e+02 -4.241430853e+02 +5.9710e-01 +9.2900e-01 +4.8470e-01 +6.9976e-01 +1.6309e+00
855 +3.426141714e+01 +3.426141714e+01 -4.278285829e+02 -4.278285829e+02 +1.0306e+00 +1.6290e+00 +1.7174e+00 +7.7031e-01 +2.2734e+00
904 +3.380219374e+01 +3.380219374e+01 -4.282878063e+02 -4.282878063e+02 +1.4704e+00 +9.0225e-01 +2.1048e+00 -1.4069e-01 +1.7072e+00
974 +2.111430615e+01 +2.111430615e+01 -4.409756939e+02 -4.409756939e+02 +1.4080e+00 +9.8108e-01 +1.6558e+00 +6.7692e-01 +1.6826e+00
979 +1.906006275e+01 +1.906006275e+01 -4.430299373e+02 -4.430299373e+02 +1.3604e+00 +1.5265e+00 +1.7175e+00 +3.9592e-01 +1.5787e+00
1069 +1.446485266e+01 +1.446485266e+01 -4.476251473e+02 -4.476251473e+02 +1.4393e+00 +1.5214e+00 +1.1244e+00 +7.9309e-01 +1.9947e+00
1158 +1.057208552e+01 +1.057208552e+01 -4.515179145e+02 -4.515179145e+02 +1.2977e+00 +1.5691e+00 +1.6072e+00 +7.3404e-01 +1.5914e+00
1254 +7.447148692e+00 +7.447148692e+00 -4.546428513e+02 -4.546428513e+02 +1.3609e+00 +1.4803e+00 +1.6378e+00 +7.2813e-01 +1.6225e+00
1364 +7.127456900e+00 +7.127456900e+00 -4.549625431e+02 -4.549625431e+02 +1.3302e+00 +1.5013e+00 +1.6278e+00 +7.2461e-01 +1.6084e+00
1474 +7.052718957e+00 +7.052718957e+00 -4.550372810e+02 -4.550372810e+02 +1.3446e+00 +1.5004e+00 +1.6150e+00 +7.2856e-01 +1.6049e+00
14022 +6.740664449e+00 +6.740664449e+00 -4.553493356e+02 -4.553493356e+02 +1.2894e+00 +3.0187e+00 +1.6172e+00 +6.9905e-01 +1.9850e+00
14088 +6.511570386e+00 +6.511570386e+00 -4.555784296e+02 -4.555784296e+02 +1.2804e+00 +2.9849e+00 +1.6380e+00 +7.2678e-01 +1.9852e+00
14132 +6.001436870e+00 +6.001436870e+00 -4.560885631e+02 -4.560885631e+02 +1.2957e+00 +2.9992e+00 +1.6147e+00 +7.4073e-01 +1.9990e+00
14150 +5.875970760e+00 +5.875970760e+00 -4.562140292e+02 -4.562140292e+02 +1.2889e+00 +3.0071e+00 +1.6032e+00 +7.2795e-01 +1.9900e+00
14154 +5.629476466e+00 +5.629476466e+00 -4.564605235e+02 -4.564605235e+02 +1.2978e+00 +2.9817e+00 +1.6222e+00 +7.2484e-01 +1.9879e+00
14170 +5.490553644e+00 +5.490553644e+00 -4.565994464e+02 -4.565994464e+02 +1.3089e+00 +3.0208e+00 +1.6105e+00 +7.2829e-01 +2.0027e+00
14179 +5.008992705e+00 +5.008992705e+00 -4.570810073e+02 -4.570810073e+02 +1.3498e+00 +2.9970e+00 +1.6370e+00 +7.2836e-01 +1.9992e+00
14220 +4.827627569e+00 +4.827627569e+00 -4.572623724e+02 -4.572623724e+02 +1.3299e+00 +3.0032e+00 +1.6092e+00 +7.2694e-01 +1.9961e+00
14264 +4.646846148e+00 +4.646846148e+00 -4.574431539e+02 -4.574431539e+02 +1.3354e+00 +3.0099e+00 +1.6239e+00 +7.3399e-01 +1.9891e+00
14318 +4.532936742e+00 +4.532936742e+00 -4.575570633e+02 -4.575570633e+02 +1.3458e+00 +3.0248e+00 +1.6141e+00 +7.2831e-01 +1.9857e+00
14645 +4.457495898e+00 +4.457495898e+00 -4.576325041e+02 -4.576325041e+02 +1.3451e+00 +3.0327e+00 +1.6162e+00 +7.2901e-01 +1.9902e+00
14773 +4.298052120e+00 +4.298052120e+00 -4.577919479e+02 -4.577919479e+02 +1.3463e+00 +3.0635e+00 +1.6178e+00 +7.3152e-01 +1.9914e+00
14832 +4.255124093e+00 +4.255124093e+00 -4.578348759e+02 -4.578348759e+02 +1.3486e+00 +3.0688e+00 +1.6168e+00 +7.2844e-01 +1.9872e+00
14858 +4.154865653e+00 +4.154865653e+00 -4.579351343e+02 -4.579351343e+02 +1.3463e+00 +3.0814e+00 +1.6184e+00 +7.2961e-01 +1.9889e+00
14861 +4.032351836e+00 +4.032351836e+00 -4.580576482e+02 -4.580576482e+02 +1.3468e+00 +3.1151e+00 +1.6156e+00 +7.3320e-01 +1.9869e+00
15210 +3.980923509e+00 +3.980923509e+00 -4.581090765e+02 -4.581090765e+02 +1.3454e+00 +3.1191e+00 +1.6183e+00 +7.2847e-01 +1.9896e+00
27702 +3.808486557e+00 +3.808486557e+00 -4.582815134e+02 -4.582815134e+02 +2.3199e+00 +3.1407e+00 +1.5890e+00 +3.0602e-01 +2.2896e+00
27930 +3.470347776e+00 +3.470347776e+00 -4.586196522e+02 -4.586196522e+02 +2.3397e+00 +3.1028e+00 +1.6085e+00 +3.3129e-01 +2.2867e+00
27966 +3.424453700e+00 +3.424453700e+00 -4.586655463e+02 -4.586655463e+02 +2.3309e+00 +3.1383e+00 +1.6300e+00 +3.3460e-01 +2.2999e+00
27967 +3.268778734e+00 +3.268778734e+00 -4.588212213e+02 -4.588212213e+02 +2.3154e+00 +3.1044e+00 +1.6112e+00 +3.2946e-01 +2.2952e+00
28152 +3.218218650e+00 +3.218218650e+00 -4.588717813e+02 -4.588717813e+02 +2.3161e+00 +3.1106e+00 +1.6285e+00 +3.2194e-01 +2.2937e+00
28226 +3.128084518e+00 +3.128084518e+00 -4.589619155e+02 -4.589619155e+02 +2.3219e+00 +3.1139e+00 +1.6218e+00 +3.2155e-01 +2.2940e+00
28253 +3.069758341e+00 +3.069758341e+00 -4.590202417e+02 -4.590202417e+02 +2.3336e+00 +3.1275e+00 +1.6134e+00 +3.1370e-01 +2.2978e+00
28284 +3.011697404e+00 +3.011697404e+00 -4.590783026e+02 -4.590783026e+02 +2.3313e+00 +3.1195e+00 +1.6212e+00 +3.1957e-01 +2.2976e+00
% function evaluation | noise-free fitness - Fopt (7.766000000000e+01) | best noise-free fitness - Fopt | measured fitness | best measured fitness | x1 | x2...
1 +1.918840342e+02 +1.918840342e+02 +2.695440342e+02 +2.695440342e+02 +0.0000e+00 +0.0000e+00 +0.0000e+00 +0.0000e+00 +0.0000e+00
210 +1.772293453e+02 +1.772293453e+02 +2.548893453e+02 +2.548893453e+02 +2.2570e+00 -1.2220e+00 -3.0993e+00 +1.9318e+00 +1.6578e-01
217 +1.653022935e+02 +1.653022935e+02 +2.429622935e+02 +2.429622935e+02 +2.8831e+00 -9.4002e-01 -2.4192e+00 +1.7078e+00 +8.3202e-01
226 +1.260248603e+02 +1.260248603e+02 +2.036848603e+02 +2.036848603e+02 +1.7534e+00 -3.4085e-01 -3.4243e+00 +2.3670e+00 +2.1613e+00
242 +1.171702035e+02 +1.171702035e+02 +1.948302035e+02 +1.948302035e+02 +2.0156e+00 -6.9963e-01 -2.7695e+00 +1.8376e+00 +1.5403e+00
249 +8.948853104e+01 +8.948853104e+01 +1.671485310e+02 +1.671485310e+02 +2.6269e+00 -1.0921e+00 -1.2809e+00 +2.5916e+00 +2.4605e+00
264 +7.840181364e+01 +7.840181364e+01 +1.560618136e+02 +1.560618136e+02 +1.1622e+00 -8.8832e-01 -2.0171e+00 +2.4290e+00 +2.2545e+00
302 +6.589446736e+01 +6.589446736e+01 +1.435544674e+02 +1.435544674e+02 +1.8719e+00 -6.9608e-01 -1.1284e+00 +2.4045e+00 +2.0870e+00
320 +5.915305675e+01 +5.915305675e+01 +1.368130567e+02 +1.368130567e+02 +1.7318e+00 -7.2382e-02 +2.9573e-01 +2.4883e+00 +1.2610e+00
366 +5.141432272e+01 +5.141432272e+01 +1.290743227e+02 +1.290743227e+02 +2.2725e+00 -8.2792e-01 -1.7006e+00 +2.9971e+00 +1.5050e+00
452 +4.708712856e+01 +4.708712856e+01 +1.247471286e+02 +1.247471286e+02 +1.4938e+00 +7.2958e-01 +9.8313e-02 +1.7908e+00 +1.5202e+00
465 +2.580536027e+01 +2.580536027e+01 +1.034653603e+02 +1.034653603e+02 +1.4203e+00 -2.1141e-01 -2.4064e-01 +2.1544e+00 +2.1866e+00
902 +2.216083129e+01 +2.216083129e+01 +9.982083129e+01 +9.982083129e+01 +5.3223e-01 -3.4733e-02 +5.9210e-01 +2.4037e+00 +1.7377e+00
1055 +2.169618697e+01 +2.169618697e+01 +9.935618697e+01 +9.935618697e+01 +1.5289e+00 -1.5746e-01 +8.6241e-01 +2.8648e+00 +2.4544e+00
1307 +2.118570533e+01 +2.118570533e+01 +9.884570533e+01 +9.884570533e+01 +5.9745e-01 +1.5289e-02 +7.0324e-01 +2.8380e+00 +2.3983e+00
1350 +2.048923764e+01 +2.048923764e+01 +9.814923764e+01 +9.814923764e+01 +5.1704e-01 -2.2762e-01 +6.6645e-01 +2.7745e+00 +2.4459e+00
1386 +9.274721106e+00 +9.274721106e+00 +8.693472111e+01 +8.693472111e+01 +3.6951e-01 -2.1991e-02 +7.0183e-01 +2.8921e+00 +2.1557e+00
1760 +7.891115959e+00 +7.891115959e+00 +8.555111596e+01 +8.555111596e+01 +3.9262e-01 -1.3502e-01 +6.6668e-01 +2.9270e+00 +2.4637e+00
2014 +7.648544508e+00 +7.648544508e+00 +8.530854451e+01 +8.530854451e+01 +4.6634e-01 -1.1875e-01 +6.8565e-01 +2.9069e+00 +2.4585e+00
2090 +7.567020577e+00 +7.567020577e+00 +8.522702058e+01 +8.522702058e+01 +4.3497e-01 -1.4199e-01 +6.7898e-01 +2.9133e+00 +2.4610e+00
2234 +7.362040668e+00 +7.362040668e+00 +8.502204067e+01 +8.502204067e+01 +4.4711e-01 -1.0326e-01 +6.7371e-01 +2.9140e+00 +2.4605e+00
2324 +7.236083692e+00 +7.236083692e+00 +8.489608369e+01 +8.489608369e+01 +4.2714e-01 -7.3070e-02 +6.6371e-01 +2.9122e+00 +2.4606e+00
2418 +7.072001599e+00 +7.072001599e+00 +8.473200160e+01 +8.473200160e+01 +4.4110e-01 -6.1070e-02 +6.7910e-01 +2.9189e+00 +2.4613e+00
24586 +6.089173485e+00 +6.089173485e+00 +8.374917349e+01 +8.374917349e+01 +1.3902e+00 -9.6536e-02 +7.4668e-01 +3.3354e+00 +2.1628e+00
24755 +5.710824160e+00 +5.710824160e+00 +8.337082416e+01 +8.337082416e+01 +1.3937e+00 -8.3313e-02 +7.4257e-01 +3.3286e+00 +2.1449e+00
24850 +5.196731370e+00 +5.196731370e+00 +8.285673137e+01 +8.285673137e+01 +1.4178e+00 -1.6749e-01 +6.9464e-01 +3.3151e+00 +2.1639e+00
24938 +5.035553646e+00 +5.035553646e+00 +8.269555365e+01 +8.269555365e+01 +1.4081e+00 -1.2653e-01 +6.9295e-01 +3.3427e+00 +2.1593e+00
24947 +4.987714124e+00 +4.987714124e+00 +8.264771412e+01 +8.264771412e+01 +1.3863e+00 -4.0380e-02 +6.4785e-01 +3.3454e+00 +2.1487e+00
24985 +4.875615013e+00 +4.875615013e+00 +8.253561501e+01 +8.253561501e+01 +1.3995e+00 -1.3212e-01 +6.8285e-01 +3.3279e+00 +2.1428e+00
25026 +4.703651109e+00 +4.703651109e+00 +8.236365111e+01 +8.236365111e+01 +1.4076e+00 -1.3176e-01 +6.7702e-01 +3.3362e+00 +2.1547e+00
25035 +4.654253982e+00 +4.654253982e+00 +8.231425398e+01 +8.231425398e+01 +1.4128e+00 -1.0004e-01 +6.6540e-01 +3.3384e+00 +2.1540e+00
25051 +4.551324464e+00 +4.551324464e+00 +8.221132446e+01 +8.221132446e+01 +1.4050e+00 -1.1676e-01 +6.7179e-01 +3.3298e+00 +2.1486e+00
25124 +4.398735714e+00 +4.398735714e+00 +8.205873571e+01 +8.205873571e+01 +1.4153e+00 -9.5815e-02 +6.6584e-01 +3.3218e+00 +2.1548e+00
25158 +4.334680069e+00 +4.334680069e+00 +8.199468007e+01 +8.199468007e+01 +1.4044e+00 -9.7268e-02 +6.7943e-01 +3.3265e+00 +2.1565e+00
25240 +4.251845836e+00 +4.251845836e+00 +8.191184584e+01 +8.191184584e+01 +1.4070e+00 -7.8240e-02 +6.8451e-01 +3.3181e+00 +2.1563e+00
25241 +4.144787707e+00 +4.144787707e+00 +8.180478771e+01 +8.180478771e+01 +1.3986e+00 -7.0988e-02 +6.7306e-01 +3.3226e+00 +2.1562e+00
25312 +4.036233880e+00 +4.036233880e+00 +8.169623388e+01 +8.169623388e+01 +1.4094e+00 -4.0387e-02 +6.7444e-01 +3.3228e+00 +2.1507e+00
25862 +3.980723625e+00 +3.980723625e+00 +8.164072362e+01 +8.164072362e+01 +1.4028e+00 -3.5503e-02 +6.7694e-01 +3.3232e+00 +2.1539e+00
33918 +3.479896813e+00 +3.479896813e+00 +8.113989681e+01 +8.113989681e+01 +2.3541e+00 -3.2483e-02 +6.6870e-01 +3.3280e+00 +2.1562e+00
34033 +3.088640655e+00 +3.088640655e+00 +8.074864065e+01 +8.074864065e+01 +2.3829e+00 -4.1279e-02 +6.6611e-01 +3.3193e+00 +2.1539e+00
34340 +3.011194639e+00 +3.011194639e+00 +8.067119464e+01 +8.067119464e+01 +2.3991e+00 -4.1843e-02 +6.7909e-01 +3.3247e+00 +2.1526e+00
% function evaluation | noise-free fitness - Fopt (1.156800000000e+02) | best noise-free fitness - Fopt | measured fitness | best measured fitness | x1 | x2...
1 +2.457187506e+02 +2.457187506e+02 +3.613987506e+02 +3.613987506e+02 +0.0000e+00 +0.0000e+00 +0.0000e+00 +0.0000e+00 +0.0000e+00
267 +1.771238437e+02 +1.771238437e+02 +2.928038437e+02 +2.928038437e+02 -2.1549e-01 -1.0553e-01 -5.3133e-01 +2.0309e-01 +7.1999e-01
304 +7.458900405e+01 +7.458900405e+01 +1.902690041e+02 +1.902690041e+02 +1.1926e+00 +3.8961e-01 -4.7395e-01 +3.3326e-01 +2.9588e+00
334 +4.595576718e+01 +4.595576718e+01 +1.616357672e+02 +1.616357672e+02 +1.0291e+00 -1.0767e+00 -2.5774e-01 +3.1898e+00 +3.4544e+00
440 +4.050453973e+01 +4.050453973e+01 +1.561845397e+02 +1.561845397e+02 +5.6737e-01 -2.9580e-01 -1.3800e+00 +1.9000e+00 +2.9244e+00
465 +3.543134700e+01 +3.543134700e+01 +1.511113470e+02 +1.511113470e+02 +2.0882e+00 +6.9297e-01 +2.2033e-01 +3.2640e+00 +2.6619e+00
528 +3.465242271e+01 +3.465242271e+01 +1.503324227e+02 +1.503324227e+02 +1.6039e-01 +5.6713e-01 -5.9108e-01 +3.4985e+00 +2.9250e+00
606 +2.795297934e+01 +2.795297934e+01 +1.436329793e+02 +1.436329793e+02 +1.3917e+00 -1.6305e-01 -7.4852e-01 +3.0772e+00 +3.3185e+00
716 +2.745187000e+01 +2.745187000e+01 +1.431318700e+02 +1.431318700e+02 +1.1177e+00 -2.6398e-01 -1.2757e+00 +3.9952e+00 +2.9933e+00
876 +2.049745632e+01 +2.049745632e+01 +1.361774563e+02 +1.361774563e+02 +2.0828e+00 -1.2200e-01 -3.2215e-01 +3.4433e+00 +2.9985e+00
909 +1.684463217e+01 +1.684463217e+01 +1.325246322e+02 +1.325246322e+02 +1.9732e+00 -1.7221e-01 -4.0339e-01 +3.5464e+00 +2.8904e+00
1198 +1.500282449e+01 +1.500282449e+01 +1.306828245e+02 +1.306828245e+02 +2.1807e+00 +3.9686e-01 -3.4799e-01 +2.7294e+00 +3.5589e+00
1232 +1.240153244e+01 +1.240153244e+01 +1.280815324e+02 +1.280815324e+02 +2.1103e+00 +5.9025e-01 -2.6022e-01 +2.6780e+00 +3.3251e+00
1369 +1.215874405e+01 +1.215874405e+01 +1.278387441e+02 +1.278387441e+02 +2.0938e+00 +5.1671e-01 -2.8984e-01 +2.6340e+00 +3.2884e+00
1524 +9.942412141e+00 +9.942412141e+00 +1.256224121e+02 +1.256224121e+02 +2.1493e+00 +5.1094e-01 -3.7604e-01 +2.7292e+00 +3.5996e+00
1624 +9.262011687e+00 +9.262011687e+00 +1.249420117e+02 +1.249420117e+02 +2.0801e+00 +5.3882e-01 -3.3601e-01 +2.7060e+00 +3.5950e+00
1650 +8.950264219e+00 +8.950264219e+00 +1.246302642e+02 +1.246302642e+02 +2.1224e+00 +4.9621e-01 -3.3045e-01 +2.6501e+00 +3.5951e+00
1662 +8.820254122e+00 +8.820254122e+00 +1.245002541e+02 +1.245002541e+02 +2.1717e+00 +4.5100e-01 -3.4333e-01 +2.6573e+00 +3.5867e+00
1693 +7.724912187e+00 +7.724912187e+00 +1.234049122e+02 +1.234049122e+02 +2.1451e+00 +4.9426e-01 -3.7438e-01 +2.6929e+00 +3.6048e+00
1754 +7.477759995e+00 +7.477759995e+00 +1.231577600e+02 +1.231577600e+02 +2.1420e+00 +5.1451e-01 -3.5484e-01 +2.6689e+00 +3.6052e+00
1848 +7.404395229e+00 +7.404395229e+00 +1.230843952e+02 +1.230843952e+02 +2.1485e+00 +4.9639e-01 -3.4590e-01 +2.6810e+00 +3.6008e+00
1874 +7.195397985e+00 +7.195397985e+00 +1.228753980e+02 +1.228753980e+02 +2.1531e+00 +5.2530e-01 -3.5013e-01 +2.6735e+00 +3.5958e+00
1910 +7.010459575e+00 +7.010459575e+00 +1.226904596e+02 +1.226904596e+02 +2.1701e+00 +5.1525e-01 -3.5555e-01 +2.6863e+00 +3.6040e+00
1994 +6.780564988e+00 +6.780564988e+00 +1.224605650e+02 +1.224605650e+02 +2.1566e+00 +5.4592e-01 -3.5415e-01 +2.6802e+00 +3.6053e+00
2027 +6.632251506e+00 +6.632251506e+00 +1.223122515e+02 +1.223122515e+02 +2.1665e+00 +5.5834e-01 -3.4089e-01 +2.6835e+00 +3.5982e+00
2066 +6.585559502e+00 +6.585559502e+00 +1.222655595e+02 +1.222655595e+02 +2.1783e+00 +5.6832e-01 -3.4389e-01 +2.6753e+00 +3.5956e+00
2071 +6.452174399e+00 +6.452174399e+00 +1.221321744e+02 +1.221321744e+02 +2.1756e+00 +5.7058e-01 -3.4210e-01 +2.6741e+00 +3.6026e+00
2111 +6.257988927e+00 +6.257988927e+00 +1.219379889e+02 +1.219379889e+02 +2.1737e+00 +5.8379e-01 -3.4215e-01 +2.6836e+00 +3.6048e+00
2133 +6.079024472e+00 +6.079024472e+00 +1.217590245e+02 +1.217590245e+02 +2.1740e+00 +6.0388e-01 -3.4632e-01 +2.6804e+00 +3.6049e+00
2187 +6.010145168e+00 +6.010145168e+00 +1.216901452e+02 +1.216901452e+02 +2.1747e+00 +6.2237e-01 -3.5114e-01 +2.6767e+00 +3.6040e+00
23926 +5.224735045e+00 +5.224735045e+00 +1.209047350e+02 +1.209047350e+02 +2.1235e+00 -9.7550e-01 -2.9436e-01 +2.6560e+00 +3.2879e+00
24014 +4.235996082e+00 +4.235996082e+00 +1.199159961e+02 +1.199159961e+02 +2.1233e+00 -9.5037e-01 -3.6250e-01 +2.6720e+00 +3.2862e+00
24322 +3.959899150e+00 +3.959899150e+00 +1.196398992e+02 +1.196398992e+02 +2.1281e+00 -9.7793e-01 -3.8246e-01 +2.6711e+00 +3.2922e+00
24388 +3.776373181e+00 +3.776373181e+00 +1.194563732e+02 +1.194563732e+02 +2.1233e+00 -9.8648e-01 -3.5051e-01 +2.6674e+00 +3.2960e+00
24400 +3.418726151e+00 +3.418726151e+00 +1.190987262e+02 +1.190987262e+02 +2.1469e+00 -9.9790e-01 -3.5749e-01 +2.6727e+00 +3.2992e+00
24436 +3.339633224e+00 +3.339633224e+00 +1.190196332e+02 +1.190196332e+02 +2.1714e+00 -1.0079e+00 -3.5129e-01 +2.6933e+00 +3.2951e+00
24454 +3.204566028e+00 +3.204566028e+00 +1.188845660e+02 +1.188845660e+02 +2.1572e+00 -9.9826e-01 -3.5473e-01 +2.6790e+00 +3.2987e+00
24476 +3.127827925e+00 +3.127827925e+00 +1.188078279e+02 +1.188078279e+02 +2.1611e+00 -9.8136e-01 -3.6028e-01 +2.6832e+00 +3.2995e+00
24542 +3.053185197e+00 +3.053185197e+00 +1.187331852e+02 +1.187331852e+02 +2.1604e+00 -9.8331e-01 -3.5118e-01 +2.6825e+00 +3.2959e+00
24586 +3.015871369e+00 +3.015871369e+00 +1.186958714e+02 +1.186958714e+02 +2.1737e+00 -9.8347e-01 -3.5300e-01 +2.6851e+00 +3.2973e+00
% function evaluation | noise-free fitness - Fopt (-3.710000000000e+00) | best noise-free fitness - Fopt | measured fitness | best measured fitness | x1 | x2...
1 +2.580895641e+02 +2.580895641e+02 +2.543795641e+02 +2.543795641e+02 +0.0000e+00 +0.0000e+00 +0.0000e+00 +0.0000e+00 +0.0000e+00
179 +2.365052181e+02 +2.365052181e+02 +2.327952181e+02 +2.327952181e+02 -7.3413e-01 +4.7303e+00 -6.5871e-01 +3.2921e+00 +4.8694e-01
196 +1.658177316e+02 +1.658177316e+02 +1.621077316e+02 +1.621077316e+02 +2.4592e-01 +4.9252e+00 -1.1668e+00 +3.5429e+00 +1.9944e+00
258 +1.453831352e+02 +1.453831352e+02 +1.416731352e+02 +1.416731352e+02 -2.3954e+00 +3.5835e+00 -6.6182e-01 +4.7283e+00 +2.8483e+00
367 +1.208884797e+02 +1.208884797e+02 +1.171784797e+02 +1.171784797e+02 -2.8741e+00 +2.0812e+00 +1.4132e+00 +4.6334e+00 +2.4590e+00
381 +1.179303541e+02 +1.179303541e+02 +1.142203541e+02 +1.142203541e+02 +1.5100e+00 +1.2815e+00 -5.5592e-01 +2.4046e+00 +1.6476e+00
382 +1.034296298e+02 +1.034296298e+02 +9.971962978e+01 +9.971962978e+01 -1.9247e+00 +8.4135e-01 -3.6856e-03 +2.8182e+00 +2.5709e+00
396 +8.558257623e+01 +8.558257623e+01 +8.187257623e+01 +8.187257623e+01 -7.2478e-01 +1.8086e+00 +6.8892e-01 +3.3933e+00 +2.4814e+00
462 +7.451333902e+01 +7.451333902e+01 +7.080333902e+01 +7.080333902e+01 +1.1970e+00 +2.0712e+00 +3.7873e-01 +3.0527e+00 +2.5219e+00
550 +6.778064495e+01 +6.778064495e+01 +6.407064495e+01 +6.407064495e+01 +1.5912e-02 +1.5235e+00 +6.7125e-01 +3.0298e+00 +2.0197e+00
600 +6.542711558e+01 +6.542711558e+01 +6.171711558e+01 +6.171711558e+01 +2.1712e+00 +3.9390e-01 +1.4045e-01 +3.0532e+00 +2.1415e+00
612 +5.236179070e+01 +5.236179070e+01 +4.865179070e+01 +4.865179070e+01 +1.1095e+00 -1.6053e-01 -3.1286e-01 +4.7374e+00 +3.1811e+00
711 +3.126676804e+01 +3.126676804e+01 +2.755676804e+01 +2.755676804e+01 +3.0933e+00 -1.6383e+00 -5.1273e-01 +4.7929e+00 +2.7863e+00
768 +2.652855795e+01 +2.652855795e+01 +2.281855795e+01 +2.281855795e+01 +2.1617e+00 -6.8138e-01 +1.2521e+00 +2.6613e+00 +2.8267e+00
907 +2.530583286e+01 +2.530583286e+01 +2.159583286e+01 +2.159583286e+01 +1.1446e+00 -2.2496e+00 +7.8029e-01 +3.4802e+00 +3.0770e+00
972 +1.360839904e+01 +1.360839904e+01 +9.898399044e+00 +9.898399044e+00 +1.2183e+00 -6.5525e-01 +1.0969e+00 +3.4998e+00 +3.1393e+00
1804 +1.203086777e+01 +1.203086777e+01 +8.320867766e+00 +8.320867766e+00 +2.1826e+00 -1.6030e+00 +1.2696e+00 +3.5146e+00 +2.4574e+00
2010 +9.122971446e+00 +9.122971446e+00 +5.412971446e+00 +5.412971446e+00 +2.1374e+00 -1.4546e+00 +1.2450e+00 +3.5106e+00 +2.4644e+00
5524 +9.116757299e+00 +9.116757299e+00 +5.406757299e+00 +5.406757299e+00 +2.2051e+00 -2.3139e+00 +1.1832e+00 +3.5422e+00 +2.8624e+00
5568 +7.781322298e+00 +7.781322298e+00 +4.071322298e+00 +4.071322298e+00 +2.1703e+00 -2.2597e+00 +1.1122e+00 +3.4897e+00 +2.8568e+00
5656 +4.946705872e+00 +4.946705872e+00 +1.236705872e+00 +1.236705872e+00 +2.1627e+00 -2.3018e+00 +1.1807e+00 +3.4895e+00 +2.8508e+00
5722 +4.859206241e+00 +4.859206241e+00 +1.149206241e+00 +1.149206241e+00 +2.1591e+00 -2.3046e+00 +1.1821e+00 +3.5218e+00 +2.8437e+00
5744 +4.652836061e+00 +4.652836061e+00 +9.428360606e-01 +9.428360606e-01 +2.1598e+00 -2.2907e+00 +1.1744e+00 +3.4933e+00 +2.8442e+00
5760 +4.566058575e+00 +4.566058575e+00 +8.560585752e-01 +8.560585752e-01 +2.1407e+00 -2.2830e+00 +1.1705e+00 +3.4849e+00 +2.8446e+00
5766 +4.329685182e+00 +4.329685182e+00 +6.196851815e-01 +6.196851815e-01 +2.1273e+00 -2.2853e+00 +1.1596e+00 +3.4963e+00 +2.8455e+00
5832 +4.204003803e+00 +4.204003803e+00 +4.940038027e-01 +4.940038027e-01 +2.1090e+00 -2.3107e+00 +1.1767e+00 +3.5046e+00 +2.8405e+00
5898 +4.056193180e+00 +4.056193180e+00 +3.461931799e-01 +3.461931799e-01 +2.1181e+00 -2.3085e+00 +1.1881e+00 +3.5037e+00 +2.8433e+00
6294 +3.980581476e+00 +3.980581476e+00 +2.705814762e-01 +2.705814762e-01 +2.1242e+00 -2.2953e+00 +1.1867e+00 +3.5040e+00 +2.8433e+00
52448 +2.309674509e+00 +2.309674509e+00 -1.400325491e+00 -1.400325491e+00 +3.0827e+00 -2.3027e+00 +1.2216e+00 +3.8947e+00 +3.1395e+00
53200 +2.211167216e+00 +2.211167216e+00 -1.498832784e+00 -1.498832784e+00 +3.1030e+00 -2.3149e+00 +1.1911e+00 +3.9071e+00 +2.8412e+00
53370 +2.179718883e+00 +2.179718883e+00 -1.530281117e+00 -1.530281117e+00 +3.1039e+00 -2.2791e+00 +1.1836e+00 +3.9153e+00 +2.8455e+00
53442 +2.083799326e+00 +2.083799326e+00 -1.626200674e+00 -1.626200674e+00 +3.1026e+00 -2.2998e+00 +1.1901e+00 +3.9092e+00 +2.8402e+00
53530 +2.032111385e+00 +2.032111385e+00 -1.677888615e+00 -1.677888615e+00 +3.1097e+00 -2.2877e+00 +1.1878e+00 +3.9119e+00 +2.8426e+00
53999 +1.994809585e+00 +1.994809585e+00 -1.715190415e+00 -1.715190415e+00 +3.1158e+00 -2.2955e+00 +1.1872e+00 +3.9096e+00 +2.8430e+00
90302 +1.717675308e+00 +1.717675308e+00 -1.992324692e+00 -1.992324692e+00 +3.0966e+00 -2.2846e+00 +1.2066e+00 +3.8936e+00 +3.1437e+00
90576 +1.541221705e+00 +1.541221705e+00 -2.168778295e+00 -2.168778295e+00 +3.0912e+00 -2.3049e+00 +1.2192e+00 +3.9095e+00 +3.1480e+00
90632 +1.269863282e+00 +1.269863282e+00 -2.440136718e+00 -2.440136718e+00 +3.0934e+00 -2.2881e+00 +1.1783e+00 +3.9192e+00 +3.1523e+00
90733 +1.251632161e+00 +1.251632161e+00 -2.458367839e+00 -2.458367839e+00 +3.1018e+00 -2.2821e+00 +1.1904e+00 +3.9028e+00 +3.1469e+00
90766 +1.148868890e+00 +1.148868890e+00 -2.561131110e+00 -2.561131110e+00 +3.1074e+00 -2.2878e+00 +1.1825e+00 +3.9097e+00 +3.1453e+00
90958 +1.032634537e+00 +1.032634537e+00 -2.677365463e+00 -2.677365463e+00 +3.1171e+00 -2.3027e+00 +1.1949e+00 +3.9110e+00 +3.1521e+00
91244 +1.015678938e+00 +1.015678938e+00 -2.694321062e+00 -2.694321062e+00 +3.1176e+00 -2.2952e+00 +1.1878e+00 +3.9120e+00 +3.1499e+00
91557 +9.980609185e-01 +9.980609185e-01 -2.711939082e+00 -2.711939082e+00 +3.1178e+00 -2.2974e+00 +1.1879e+00 +3.9109e+00 +3.1524e+00
% function evaluation | noise-free fitness - Fopt (1.321800000000e+02) | best noise-free fitness - Fopt | measured fitness | best measured fitness | x1 | x2...
1 +1.867275087e+02 +1.867275087e+02 +3.189075087e+02 +3.189075087e+02 +0.0000e+00 +0.0000e+00 +0.0000e+00 +0.0000e+00 +0.0000e+00
112 +1.841976773e+02 +1.841976773e+02 +3.163776773e+02 +3.163776773e+02 +2.4311e-01 +2.6152e+00 +1.5943e+00 +1.9346e+00 +1.7380e+00
113 +1.807311519e+02 +1.807311519e+02 +3.129111519e+02 +3.129111519e+02 -2.1998e-01 +1.4805e+00 -4.1558e-01 +2.1031e+00 +2.4273e+00
141 +1.418689517e+02 +1.418689517e+02 +2.740489517e+02 +2.740489517e+02 +2.3453e-01 +2.1539e+00 +2.5115e+00 +3.7438e-02 +3.3693e-01
142 +1.397584833e+02 +1.397584833e+02 +2.719384833e+02 +2.719384833e+02 -5.2228e-01 +1.0529e+00 +1.0313e+00 +1.0772e+00 +2.2790e+00
233 +1.197507963e+02 +1.197507963e+02 +2.519307963e+02 +2.519307963e+02 -1.5611e-01 +1.5703e+00 +1.4293e+00 +1.0920e+00 +1.9504e+00
250 +1.137934544e+02 +1.137934544e+02 +2.459734544e+02 +2.459734544e+02 +6.0426e-01 +9.0462e-01 +2.3247e+00 +1.2189e-01 +3.4629e-01
282 +7.461521825e+01 +7.461521825e+01 +2.067952183e+02 +2.067952183e+02 +4.5438e-01 +1.5398e+00 +2.0342e+00 -6.2112e-01 +1.8748e+00
315 +6.837089733e+01 +6.837089733e+01 +2.005508973e+02 +2.005508973e+02 -1.1841e-01 +1.3279e+00 +2.0629e+00 -1.2330e+00 +2.2334e+00
330 +5.451584084e+01 +5.451584084e+01 +1.866958408e+02 +1.866958408e+02 -9.7682e-02 +6.9839e-01 +2.2911e+00 -1.0430e+00 +1.5886e+00
527 +5.267378498e+01 +5.267378498e+01 +1.848537850e+02 +1.848537850e+02 -1.1665e-01 +1.1354e-01 +2.6371e+00 -1.0274e+00 +2.4314e+00
532 +4.434677730e+01 +4.434677730e+01 +1.765267773e+02 +1.765267773e+02 -1.7698e-01 +1.4603e+00 +1.8192e+00 -1.5514e+00 +1.7264e+00
647 +4.302973879e+01 +4.302973879e+01 +1.752097388e+02 +1.752097388e+02 -1.9704e-01 +9.1555e-01 +2.8328e+00 -2.3272e+00 +1.7422e+00
716 +3.636380974e+01 +3.636380974e+01 +1.685438097e+02 +1.685438097e+02 -4.6891e-01 +3.0296e+00 +2.8299e+00 -2.3591e+00 +2.1612e+00
916 +3.280414565e+01 +3.280414565e+01 +1.649841457e+02 +1.649841457e+02 -1.9796e-01 +2.1775e+00 +2.8072e+00 -1.8579e+00 +2.5209e+00
930 +2.643625169e+01 +2.643625169e+01 +1.586162517e+02 +1.586162517e+02 -2.3385e-01 +6.4456e-01 +2.8264e+00 -2.0170e+00 +1.8233e+00
1038 +2.270027006e+01 +2.270027006e+01 +1.548802701e+02 +1.548802701e+02 -2.5664e-01 +6.9306e-01 +2.7753e+00 -2.3653e+00 +2.4809e+00
2083 +2.192648896e+01 +2.192648896e+01 +1.541064890e+02 +1.541064890e+02 -1.5115e-01 +1.4107e+00 +2.8458e+00 -1.5322e+00 +2.1653e+00
2353 +2.179630042e+01 +2.179630042e+01 +1.539763004e+02 +1.539763004e+02 -1.7651e-01 +1.4973e+00 +2.8953e+00 -1.5151e+00 +2.2131e+00
2398 +2.101431620e+01 +2.101431620e+01 +1.531943162e+02 +1.531943162e+02 -1.4607e-01 +1.4762e+00 +2.8450e+00 -1.5490e+00 +2.1960e+00
2432 +2.046486574e+01 +2.046486574e+01 +1.526448657e+02 +1.526448657e+02 -1.4965e-01 +1.4979e+00 +2.8394e+00 -1.5313e+00 +2.1969e+00
2442 +1.973937234e+01 +1.973937234e+01 +1.519193723e+02 +1.519193723e+02 -1.7478e-01 +1.4870e+00 +2.8234e+00 -1.5257e+00 +2.1773e+00
2464 +1.934100962e+01 +1.934100962e+01 +1.515210096e+02 +1.515210096e+02 -1.7347e-01 +1.4989e+00 +2.8784e+00 -1.5255e+00 +2.1881e+00
2563 +1.900943692e+01 +1.900943692e+01 +1.511894369e+02 +1.511894369e+02 -1.9843e-01 +1.4747e+00 +2.8577e+00 -1.5291e+00 +2.1816e+00
7601 +1.808458486e+01 +1.808458486e+01 +1.502645849e+02 +1.502645849e+02 +2.8416e+00 +1.3699e+00 +2.8273e+00 -2.0230e+00 +2.1354e+00
7832 +1.285192186e+01 +1.285192186e+01 +1.450319219e+02 +1.450319219e+02 +2.7844e+00 +6.3178e-01 +2.7961e+00 -1.8885e+00 +2.1636e+00
7857 +9.577749223e+00 +9.577749223e+00 +1.417577492e+02 +1.417577492e+02 +2.8265e+00 +6.7446e-01 +2.7853e+00 -1.9269e+00 +2.1664e+00
8056 +6.695926933e+00 +6.695926933e+00 +1.388759269e+02 +1.388759269e+02 +2.7917e+00 +6.7983e-01 +2.8810e+00 -1.5447e+00 +2.2002e+00
29230 +4.797749660e+00 +4.797749660e+00 +1.369777497e+02 +1.369777497e+02 +3.7202e+00 +1.4358e+00 +2.8674e+00 -1.9304e+00 +2.1695e+00
29310 +3.946879917e+00 +3.946879917e+00 +1.361268799e+02 +1.361268799e+02 +3.7410e+00 +1.4447e+00 +2.8942e+00 -1.9727e+00 +2.2020e+00
29314 +2.267203825e+00 +2.267203825e+00 +1.344472038e+02 +1.344472038e+02 +3.7544e+00 +1.5045e+00 +2.8796e+00 -1.9631e+00 +2.1846e+00
29457 +2.177064467e+00 +2.177064467e+00 +1.343570645e+02 +1.343570645e+02 +3.7476e+00 +1.4827e+00 +2.8831e+00 -1.9605e+00 +2.1800e+00
29560 +2.081306949e+00 +2.081306949e+00 +1.342613069e+02 +1.342613069e+02 +3.7536e+00 +1.4817e+00 +2.8811e+00 -1.9652e+00 +2.1827e+00
29861 +2.015644844e+00 +2.015644844e+00 +1.341956448e+02 +1.341956448e+02 +3.7596e+00 +1.4796e+00 +2.8723e+00 -1.9651e+00 +2.1808e+00
30066 +1.994703668e+00 +1.994703668e+00 +1.341747037e+02 +1.341747037e+02 +3.7617e+00 +1.4826e+00 +2.8690e+00 -1.9658e+00 +2.1818e+00
% function evaluation | noise-free fitness - Fopt (6.438000000000e+01) | best noise-free fitness - Fopt | measured fitness | best measured fitness | x1 | x2...
1 +3.005416784e+02 +3.005416784e+02 +3.649216784e+02 +3.649216784e+02 +0.0000e+00 +0.0000e+00 +0.0000e+00 +0.0000e+00 +0.0000e+00
2 +2.851931480e+02 +2.851931480e+02 +3.495731480e+02 +3.495731480e+02 -6.8333e-01 -3.7737e+00 +4.0954e-01 -2.5255e+00 +1.2090e-01
4 +2.738807766e+02 +2.738807766e+02 +3.382607766e+02 +3.382607766e+02 -7.4071e-01 -3.7916e+00 +3.3187e-01 -2.6842e+00 +3.5535e-01
10 +2.590671281e+02 +2.590671281e+02 +3.234471281e+02 +3.234471281e+02 -9.1661e-01 -3.8896e+00 +2.7459e-01 -2.7079e+00 +1.5199e-01
25 +2.536269507e+02 +2.536269507e+02 +3.180069507e+02 +3.180069507e+02 -9.0087e-01 -3.7715e+00 +5.0085e-01 -2.7109e+00 +1.8788e-01
28 +2.464803398e+02 +2.464803398e+02 +3.108603398e+02 +3.108603398e+02 -8.7279e-01 -3.8182e+00 +4.3774e-01 -2.5255e+00 +4.2816e-01
75 +2.447109101e+02 +2.447109101e+02 +3.090909101e+02 +3.090909101e+02 -1.0302e+00 -3.8638e+00 +7.0021e-01 -2.7690e+00 +2.8534e-01
77 +2.255819284e+02 +2.255819284e+02 +2.899619284e+02 +2.899619284e+02 -1.0209e+00 -3.6260e+00 +7.2255e-01 -2.7312e+00 +4.4556e-01
90 +2.218614641e+02 +2.218614641e+02 +2.862414641e+02 +2.862414641e+02 -9.6685e-01 -3.7963e+00 +6.1290e-01 -2.7142e+00 +4.9904e-01
110 +2.169225092e+02 +2.169225092e+02 +2.813025092e+02 +2.813025092e+02 -9.1773e-01 -3.7604e+00 +8.0397e-01 -2.7992e+00 +4.8064e-01
125 +2.084699288e+02 +2.084699288e+02 +2.728499288e+02 +2.728499288e+02 -1.0399e+00 -3.8481e+00 +7.8369e-01 -2.9536e+00 +7.4134e-01
137 +1.909631243e+02 +1.909631243e+02 +2.553431243e+02 +2.553431243e+02 -8.9524e-01 -3.7601e+00 +1.2085e+00 -3.2308e+00 +9.5851e-01
142 +1.871685429e+02 +1.871685429e+02 +2.515485429e+02 +2.515485429e+02 -9.0138e-01 -3.8104e+00 +1.1960e+00 -3.1687e+00 +7.7055e-01
146 +1.769405747e+02 +1.769405747e+02 +2.413205747e+02 +2.413205747e+02 -9.8303e-01 -3.6745e+00 +1.8051e+00 -2.7304e+00 +1.1132e+00
178 +1.697104931e+02 +1.697104931e+02 +2.340904931e+02 +2.340904931e+02 -1.1004e+00 -3.8049e+00 +2.2239e+00 -3.3356e+00 +1.4979e+00
185 +1.656868246e+02 +1.656868246e+02 +2.300668246e+02 +2.300668246e+02 -1.2240e+00 -3.8118e+00 +1.3436e+00 -3.9627e+00 +2.4280e+00
217 +1.547615866e+02 +1.547615866e+02 +2.191415866e+02 +2.191415866e+02 -1.3913e+00 -3.4047e+00 +1.1074e+00 -3.9638e+00 +3.6602e+00
225 +1.261076551e+02 +1.261076551e+02 +1.904876551e+02 +1.904876551e+02 -6.0583e-01 -2.8202e+00 +2.3175e+00 -4.0366e+00 +3.1940e+00
242 +1.212285260e+02 +1.212285260e+02 +1.856085260e+02 +1.856085260e+02 -9.3360e-01 -2.7033e+00 +1.6169e+00 -3.2109e+00 +2.6564e+00
317 +1.121321126e+02 +1.121321126e+02 +1.765121126e+02 +1.765121126e+02 -7.3038e-02 -2.1036e+00 +9.6894e-01 -2.3607e+00 +3.6175e+00
356 +1.082506450e+02 +1.082506450e+02 +1.726306450e+02 +1.726306450e+02 +1.9008e-01 -2.9455e+00 +1.6641e+00 -3.2087e+00 +2.4603e+00
382 +9.559145800e+01 +9.559145800e+01 +1.599714580e+02 +1.599714580e+02 +2.5702e-01 -2.0545e+00 +2.1607e+00 -3.2163e+00 +3.0725e+00
398 +8.371216611e+01 +8.371216611e+01 +1.480921661e+02 +1.480921661e+02 +5.6364e-01 -2.2852e+00 +1.7585e+00 -4.0663e+00 +3.4125e+00
458 +7.247161285e+01 +7.247161285e+01 +1.368516129e+02 +1.368516129e+02 +1.5454e+00 +2.0342e-01 +2.2119e+00 -2.9647e+00 +2.6921e+00
481 +6.209667458e+01 +6.209667458e+01 +1.264766746e+02 +1.264766746e+02 +1.4406e+00 -4.0345e-01 +1.6031e+00 -3.6084e+00 +3.0993e+00
570 +4.143676794e+01 +4.143676794e+01 +1.058167679e+02 +1.058167679e+02 +1.2839e+00 +8.0120e-01 +1.7075e+00 -4.1535e+00 +2.7266e+00
658 +3.899979838e+01 +3.899979838e+01 +1.033797984e+02 +1.033797984e+02 +9.0618e-01 +2.8211e+00 +1.6258e+00 -3.7419e+00 +3.3651e+00
699 +3.739399741e+01 +3.739399741e+01 +1.017739974e+02 +1.017739974e+02 +2.2781e+00 +3.4060e+00 +2.2103e+00 -3.6665e+00 +2.6997e+00
714 +3.482153186e+01 +3.482153186e+01 +9.920153186e+01 +9.920153186e+01 +1.9529e+00 +3.3091e+00 +1.6627e+00 -4.4600e+00 +3.1287e+00
732 +1.895263172e+01 +1.895263172e+01 +8.333263172e+01 +8.333263172e+01 +1.1531e+00 +4.8780e+00 +2.3063e+00 -3.7182e+00 +2.9598e+00
1060 +1.826526491e+01 +1.826526491e+01 +8.264526491e+01 +8.264526491e+01 +2.1311e+00 +2.5120e+00 +1.8276e+00 -3.7207e+00 +3.3392e+00
1230 +1.617770789e+01 +1.617770789e+01 +8.055770789e+01 +8.055770789e+01 +1.9849e+00 +1.9658e+00 +1.7050e+00 -3.2601e+00 +3.4010e+00
1424 +1.193067470e+01 +1.193067470e+01 +7.631067470e+01 +7.631067470e+01 +2.1628e+00 +2.4758e+00 +1.8337e+00 -3.6260e+00 +3.6677e+00
1455 +5.384649188e+00 +5.384649188e+00 +6.976464919e+01 +6.976464919e+01 +2.0699e+00 +2.5183e+00 +1.7255e+00 -3.6302e+00 +3.6666e+00
1669 +4.281092527e+00 +4.281092527e+00 +6.866109253e+01 +6.866109253e+01 +2.0582e+00 +2.4690e+00 +1.7158e+00 -3.6240e+00 +3.6650e+00
1694 +4.071240914e+00 +4.071240914e+00 +6.845124091e+01 +6.845124091e+01 +2.0717e+00 +2.4678e+00 +1.7010e+00 -3.6510e+00 +3.6661e+00
1766 +3.244795086e+00 +3.244795086e+00 +6.762479509e+01 +6.762479509e+01 +2.0686e+00 +2.4597e+00 +1.7212e+00 -3.6474e+00 +3.6803e+00
1857 +3.200739981e+00 +3.200739981e+00 +6.758073998e+01 +6.758073998e+01 +2.0431e+00 +2.4406e+00 +1.7206e+00 -3.6431e+00 +3.6779e+00
2002 +3.128337517e+00 +3.128337517e+00 +6.750833752e+01 +6.750833752e+01 +2.0396e+00 +2.4661e+00 +1.7306e+00 -3.6454e+00 +3.6747e+00
2110 +3.067316011e+00 +3.067316011e+00 +6.744731601e+01 +6.744731601e+01 +2.0450e+00 +2.4679e+00 +1.7266e+00 -3.6477e+00 +3.6783e+00
2171 +3.018142323e+00 +3.018142323e+00 +6.739814232e+01 +6.739814232e+01 +2.0431e+00 +2.4567e+00 +1.7223e+00 -3.6474e+00 +3.6790e+00
% function evaluation | noise-free fitness - Fopt (2.824800000000e+02) | best noise-free fitness - Fopt | measured fitness | best measured fitness | x1 | x2...
1 +1.960923970e+02 +1.960923970e+02 +4.785723970e+02 +4.785723970e+02 +0.0000e+00 +0.0000e+00 +0.0000e+00 +0.0000e+00 +0.0000e+00
2751 +1.902223761e+02 +1.902223761e+02 +4.727023761e+02 +4.727023761e+02 -1.7003e+00 +1.3847e+00 -6.1657e-01 -1.2342e+00 +1.3206e+00
2766 +1.832513900e+02 +1.832513900e+02 +4.657313900e+02 +4.657313900e+02 -1.5288e+00 +1.1756e+00 +3.2276e-01 -1.8134e+00 +1.1060e+00
2768 +1.763767486e+02 +1.763767486e+02 +4.588567486e+02 +4.588567486e+02 -1.2540e+00 +9.3907e-01 -4.7426e-01 +9.5137e-01 +5.2848e-01
2769 +1.568314330e+02 +1.568314330e+02 +4.393114330e+02 +4.393114330e+02 -1.9570e+00 +1.1292e+00 -1.0496e+00 -1.1017e+00 +1.7936e+00
2777 +1.324632201e+02 +1.324632201e+02 +4.149432201e+02 +4.149432201e+02 -1.6415e+00 +1.5729e+00 +5.0991e-01 +6.9893e-01 +1.8233e+00
2785 +1.068650210e+02 +1.068650210e+02 +3.893450210e+02 +3.893450210e+02 -1.6580e+00 +1.0814e+00 -5.2276e-01 -2.2173e-02 +2.3911e+00
2791 +9.306456360e+01 +9.306456360e+01 +3.755445636e+02 +3.755445636e+02 -1.5315e+00 +8.4091e-01 -4.0876e-01 +1.8942e+00 +2.2575e+00
2840 +8.817351893e+01 +8.817351893e+01 +3.706535189e+02 +3.706535189e+02 -1.4740e+00 +5.3381e-01 +4.6830e-01 +4.5927e-02 +2.9427e+00
2849 +8.238020370e+01 +8.238020370e+01 +3.648602037e+02 +3.648602037e+02 -1.2260e+00 +4.0605e-01 +7.7073e-01 +5.7358e-01 +2.5954e+00
2920 +6.979108479e+01 +6.979108479e+01 +3.522710848e+02 +3.522710848e+02 -7.9829e-01 -2.8781e-01 +7.6675e-01 +1.6338e+00 +2.7018e+00
2954 +6.026305637e+01 +6.026305637e+01 +3.427430564e+02 +3.427430564e+02 -6.7606e-01 -4.5700e-01 +1.8175e-01 +4.2371e-01 +2.8712e+00
3080 +2.831758713e+01 +2.831758713e+01 +3.107975871e+02 +3.107975871e+02 -4.6357e-01 -2.4656e+00 +7.0287e-01 +1.4732e+00 +2.4664e+00
3335 +2.570404295e+01 +2.570404295e+01 +3.081840429e+02 +3.081840429e+02 -4.7358e-01 -3.3865e-01 +1.2482e+00 +1.1519e+00 +2.9399e+00
7407 +2.491789937e+01 +2.491789937e+01 +3.073978994e+02 +3.073978994e+02 -1.4798e+00 -3.2381e+00 +1.1489e+00 +1.9041e+00 +2.8851e+00
7484 +1.967048861e+01 +1.967048861e+01 +3.021504886e+02 +3.021504886e+02 -1.4659e+00 -3.3731e+00 +1.2957e+00 +1.9552e+00 +2.9456e+00
7594 +1.721316451e+01 +1.721316451e+01 +2.996931645e+02 +2.996931645e+02 -1.4488e+00 -3.3319e+00 +1.2416e+00 +1.9412e+00 +2.9096e+00
7704 +1.372988540e+01 +1.372988540e+01 +2.962098854e+02 +2.962098854e+02 -1.5675e+00 -3.3856e+00 +1.1968e+00 +1.9564e+00 +2.9104e+00
7726 +1.290133954e+01 +1.290133954e+01 +2.953813395e+02 +2.953813395e+02 -1.5364e+00 -3.3357e+00 +1.2202e+00 +1.9780e+00 +2.9251e+00
7889 +1.278497243e+01 +1.278497243e+01 +2.952649724e+02 +2.952649724e+02 -1.5267e+00 -3.3707e+00 +1.1346e+00 +1.9776e+00 +2.9181e+00
7893 +1.257556704e+01 +1.257556704e+01 +2.950555670e+02 +2.950555670e+02 -1.5772e+00 -3.3454e+00 +1.1782e+00 +1.9965e+00 +2.9155e+00
7924 +1.217032618e+01 +1.217032618e+01 +2.946503262e+02 +2.946503262e+02 -1.5411e+00 -3.3854e+00 +1.1750e+00 +1.9858e+00 +2.9177e+00
8144 +1.198649531e+01 +1.198649531e+01 +2.944664953e+02 +2.944664953e+02 -1.5402e+00 -3.3578e+00 +1.1754e+00 +1.9833e+00 +2.9173e+00
14924 +8.652233203e+00 +8.652233203e+00 +2.911322332e+02 +2.911322332e+02 +5.3087e-01 -1.7216e+00 +1.1391e+00 +1.1384e+00 +2.9181e+00
15496 +8.124317392e+00 +8.124317392e+00 +2.906043174e+02 +2.906043174e+02 +5.3105e-01 -1.8307e+00 +1.2151e+00 +1.1293e+00 +3.2258e+00
15514 +7.819063785e+00 +7.819063785e+00 +2.902990638e+02 +2.902990638e+02 +5.0053e-01 -1.8193e+00 +1.1999e+00 +1.1370e+00 +3.2234e+00
15622 +7.533412690e+00 +7.533412690e+00 +2.900134127e+02 +2.900134127e+02 +5.2923e-01 -1.8088e+00 +1.1858e+00 +1.1320e+00 +3.2224e+00
15919 +7.270079315e+00 +7.270079315e+00 +2.897500793e+02 +2.897500793e+02 +5.0980e-01 -1.7695e+00 +1.1934e+00 +1.1397e+00 +3.2198e+00
15958 +7.237173654e+00 +7.237173654e+00 +2.897171737e+02 +2.897171737e+02 +5.1432e-01 -1.7879e+00 +1.1793e+00 +1.1331e+00 +3.2249e+00
15985 +7.069090091e+00 +7.069090091e+00 +2.895490901e+02 +2.895490901e+02 +5.2294e-01 -1.7676e+00 +1.1691e+00 +1.1345e+00 +3.2282e+00
24696 +6.076654637e+00 +6.076654637e+00 +2.885566546e+02 +2.885566546e+02 +5.2038e-01 -3.3726e+00 +1.1815e+00 +1.5479e+00 +2.5358e+00
24960 +5.997363633e+00 +5.997363633e+00 +2.884773636e+02 +2.884773636e+02 +5.1566e-01 -3.3687e+00 +1.1817e+00 +1.5441e+00 +2.5419e+00
% function evaluation | noise-free fitness - Fopt (4.826100000000e+02) | best noise-free fitness - Fopt | measured fitness | best measured fitness | x1 | x2...
1 +1.430388634e+02 +1.430388634e+02 +6.256488634e+02 +6.256488634e+02 +0.0000e+00 +0.0000e+00 +0.0000e+00 +0.0000e+00 +0.0000e+00
94 +8.993143353e+01 +8.993143353e+01 +5.725414335e+02 +5.725414335e+02 -3.3697e+00 +1.5554e+00 -1.6099e+00 -1.9244e+00 +1.0055e+00
197 +7.602749589e+01 +7.602749589e+01 +5.586374959e+02 +5.586374959e+02 -3.0371e+00 +1.6869e+00 -1.4236e+00 -2.3718e+00 +6.7400e-01
206 +7.284020533e+01 +7.284020533e+01 +5.554502053e+02 +5.554502053e+02 -1.5340e+00 +2.4989e+00 -1.5293e+00 -1.1804e+00 +9.7361e-01
220 +6.981887675e+01 +6.981887675e+01 +5.524288767e+02 +5.524288767e+02 -2.5138e+00 +1.7068e+00 -9.7023e-01 -1.9113e+00 +7.3861e-01
277 +6.614888735e+01 +6.614888735e+01 +5.487588873e+02 +5.487588873e+02 -1.3979e+00 +1.7351e+00 +6.3766e-01 -2.5844e+00 -3.2716e-02
305 +6.099046272e+01 +6.099046272e+01 +5.436004627e+02 +5.436004627e+02 -2.3586e+00 +1.9136e+00 -7.7371e-01 -1.9418e+00 +9.1251e-01
312 +5.777354057e+01 +5.777354057e+01 +5.403835406e+02 +5.403835406e+02 -1.1731e+00 +2.1576e+00 +6.6390e-01 -1.8899e+00 +1.0708e+00
324 +5.078656610e+01 +5.078656610e+01 +5.333965661e+02 +5.333965661e+02 -2.1663e+00 +1.6140e+00 -1.7443e-01 -2.3608e+00 +9.5976e-01
402 +4.625122767e+01 +4.625122767e+01 +5.288612277e+02 +5.288612277e+02 -1.3618e+00 +1.2104e+00 +7.3081e-01 -2.2512e+00 +1.2111e-01
439 +4.269560653e+01 +4.269560653e+01 +5.253056065e+02 +5.253056065e+02 -1.4210e+00 +1.7235e+00 +2.9784e-01 -2.2313e+00 +3.6642e-01
461 +3.767929921e+01 +3.767929921e+01 +5.202892992e+02 +5.202892992e+02 -1.2940e+00 +1.7446e+00 -6.9245e-01 -2.1339e+00 +1.3166e+00
464 +2.152959289e+01 +2.152959289e+01 +5.041395929e+02 +5.041395929e+02 -1.3171e+00 +1.6806e+00 +2.8804e-01 -2.1377e+00 +9.8022e-01
668 +2.048521283e+01 +2.048521283e+01 +5.030952128e+02 +5.030952128e+02 -1.2808e+00 +1.6620e+00 +9.0493e-01 -3.0351e+00 +1.2145e+00
686 +1.417921400e+01 +1.417921400e+01 +4.967892140e+02 +4.967892140e+02 -1.1542e+00 +1.9024e+00 +1.4144e+00 -3.0708e+00 +9.9972e-01
978 +1.005068113e+01 +1.005068113e+01 +4.926606811e+02 +4.926606811e+02 -1.2618e+00 +1.7734e+00 +8.5270e-01 -3.0738e+00 +9.5788e-01
1888 +9.995118613e+00 +9.995118613e+00 +4.926051186e+02 +4.926051186e+02 -1.1704e+00 +1.7472e+00 +8.2073e-01 -3.0558e+00 +6.0445e-01
4864 +9.696963645e+00 +9.696963645e+00 +4.923069636e+02 +4.923069636e+02 -1.1349e+00 +1.7180e+00 +7.9768e-01 -3.0146e+00 +9.9671e-01
4886 +7.551972685e+00 +7.551972685e+00 +4.901619727e+02 +4.901619727e+02 -1.2343e+00 +1.7440e+00 +8.3203e-01 -3.0490e+00 +9.7104e-01
5062 +7.269973874e+00 +7.269973874e+00 +4.898799739e+02 +4.898799739e+02 -1.1491e+00 +1.7481e+00 +8.4766e-01 -3.0579e+00 +9.8482e-01
5106 +7.064918021e+00 +7.064918021e+00 +4.896749180e+02 +4.896749180e+02 -1.1845e+00 +1.7501e+00 +8.2217e-01 -3.0550e+00 +9.8438e-01
11586 +6.484423674e+00 +6.484423674e+00 +4.890944237e+02 +4.890944237e+02 -1.1418e+00 +1.7543e+00 +8.1769e-01 -3.0466e+00 +1.2910e+00
11835 +6.394565223e+00 +6.394565223e+00 +4.890045652e+02 +4.890045652e+02 -1.1834e+00 +1.7686e+00 +8.1012e-01 -3.0436e+00 +1.2849e+00
11846 +6.186964573e+00 +6.186964573e+00 +4.887969646e+02 +4.887969646e+02 -1.1696e+00 +1.7573e+00 +8.0530e-01 -3.0535e+00 +1.2867e+00
12139 +6.131392698e+00 +6.131392698e+00 +4.887413927e+02 +4.887413927e+02 -1.1933e+00 +1.7523e+00 +8.1261e-01 -3.0563e+00 +1.2868e+00
12267 +5.998141169e+00 +5.998141169e+00 +4.886081412e+02 +4.886081412e+02 -1.1664e+00 +1.7450e+00 +8.1914e-01 -3.0490e+00 +1.2892e+00
19973 +4.712381064e+00 +4.712381064e+00 +4.873223811e+02 +4.873223811e+02 +7.4322e-01 +1.7396e+00 +8.0818e-01 -3.4441e+00 +9.7502e-01
20046 +4.346504062e+00 +4.346504062e+00 +4.869565041e+02 +4.869565041e+02 +7.5480e-01 +1.7368e+00 +8.2544e-01 -3.4513e+00 +9.8667e-01
20272 +4.240468691e+00 +4.240468691e+00 +4.868504687e+02 +4.868504687e+02 +7.6346e-01 +1.7475e+00 +8.1336e-01 -3.4505e+00 +9.8515e-01
20426 +4.078967086e+00 +4.078967086e+00 +4.866889671e+02 +4.866889671e+02 +7.6297e-01 +1.7531e+00 +8.2590e-01 -3.4577e+00 +9.8067e-01
20536 +4.068255759e+00 +4.068255759e+00 +4.866782558e+02 +4.866782558e+02 +7.6406e-01 +1.7517e+00 +8.2820e-01 -3.4599e+00 +9.8070e-01
20851 +3.980946400e+00 +3.980946400e+00 +4.865909464e+02 +4.865909464e+02 +7.8259e-01 +1.7461e+00 +8.2654e-01 -3.4586e+00 +9.7973e-01
71670 +2.597563564e+00 +2.597563564e+00 +4.852075636e+02 +4.852075636e+02 +6.9067e-01 +2.5655e+00 +8.2206e-01 -3.0530e+00 +1.2817e+00
71692 +2.457356770e+00 +2.457356770e+00 +4.850673568e+02 +4.850673568e+02 +7.0241e-01 +2.5878e+00 +8.1747e-01 -3.0496e+00 +1.2867e+00
71802 +1.600401869e+00 +1.600401869e+00 +4.842104019e+02 +4.842104019e+02 +7.3479e-01 +2.5465e+00 +8.2933e-01 -3.0426e+00 +1.2899e+00
71930 +1.289142447e+00 +1.289142447e+00 +4.838991424e+02 +4.838991424e+02 +7.7846e-01 +2.5724e+00 +8.2163e-01 -3.0538e+00 +1.2813e+00
71967 +1.202732291e+00 +1.202732291e+00 +4.838127323e+02 +4.838127323e+02 +7.5263e-01 +2.5562e+00 +8.3310e-01 -3.0518e+00 +1.2895e+00
71978 +1.072926362e+00 +1.072926362e+00 +4.836829264e+02 +4.836829264e+02 +7.6826e-01 +2.5522e+00 +8.3303e-01 -3.0540e+00 +1.2869e+00
72142 +1.071384377e+00 +1.071384377e+00 +4.836813844e+02 +4.836813844e+02 +7.6473e-01 +2.5490e+00 +8.2429e-01 -3.0538e+00 +1.2883e+00
72283 +1.037136047e+00 +1.037136047e+00 +4.836471360e+02 +4.836471360e+02 +7.7576e-01 +2.5485e+00 +8.2272e-01 -3.0467e+00 +1.2897e+00
72288 +1.018335508e+00 +1.018335508e+00 +4.836283355e+02 +4.836283355e+02 +7.7620e-01 +2.5530e+00 +8.2311e-01 -3.0482e+00 +1.2883e+00
72528 +9.999501004e-01 +9.999501004e-01 +4.836099501e+02 +4.836099501e+02 +7.7870e-01 +2.5508e+00 +8.2460e-01 -3.0508e+00 +1.2891e+00
% function evaluation | noise-free fitness - Fopt (7.177000000000e+01) | best noise-free fitness - Fopt | measured fitness | best measured fitness | x1 | x2...
1 +9.181556655e+01 +9.181556655e+01 +1.635855666e+02 +1.635855666e+02 +0.0000e+00 +0.0000e+00 +0.0000e+00 +0.0000e+00 +0.0000e+00
6 +8.707167740e+01 +8.707167740e+01 +1.588416774e+02 +1.588416774e+02 -5.4946e-01 -4.9650e-01 +1.3704e-01 +8.2833e-01 -5.7537e-02
7 +8.195311890e+01 +8.195311890e+01 +1.537231189e+02 +1.537231189e+02 -7.0574e-01 -4.5567e-01 +1.5460e-01 +8.0771e-01 -6.3713e-02
11 +7.398677297e+01 +7.398677297e+01 +1.457567730e+02 +1.457567730e+02 -5.6012e-01 -4.3930e-01 +2.5819e-01 +8.2064e-01 -4.3796e-02
38 +6.520057972e+01 +6.520057972e+01 +1.369705797e+02 +1.369705797e+02 -6.5831e-01 -3.9370e-01 +3.6841e-01 +1.1407e+00 -4.5341e-03
66 +5.723518496e+01 +5.723518496e+01 +1.290051850e+02 +1.290051850e+02 -7.1422e-01 -4.1006e-01 +3.2859e-01 +8.3112e-01 -6.1598e-03
75 +5.496385954e+01 +5.496385954e+01 +1.267338595e+02 +1.267338595e+02 -6.5734e-01 -4.4936e-01 -4.4345e-02 +7.8071e-01 +2.3703e-01
119 +5.242022239e+01 +5.242022239e+01 +1.241902224e+02 +1.241902224e+02 -6.3511e-01 -4.1723e-01 +3.1461e-01 +8.3646e-01 +2.5921e-01
132 +4.945805954e+01 +4.945805954e+01 +1.212280595e+02 +1.212280595e+02 -7.1656e-01 -4.9999e-01 +3.6070e-01 +8.7577e-01 +2.3403e-01
198 +4.438053931e+01 +4.438053931e+01 +1.161505393e+02 +1.161505393e+02 -9.1018e-01 -4.6166e-01 +3.4910e-01 +8.8073e-01 +7.8116e-01
274 +4.163954097e+01 +4.163954097e+01 +1.134095410e+02 +1.134095410e+02 -8.2255e-01 -3.4965e-01 +8.7424e-01 +1.2224e+00 +1.3511e+00
298 +3.467118403e+01 +3.467118403e+01 +1.064411840e+02 +1.064411840e+02 -5.4903e-01 -5.0366e-01 +9.1284e-01 +1.2547e+00 +1.4233e+00
462 +3.053446713e+01 +3.053446713e+01 +1.023044671e+02 +1.023044671e+02 -6.5988e-01 -5.4596e-01 +8.5307e-01 +1.2379e+00 +1.1113e+00
3219 +2.850993903e+01 +2.850993903e+01 +1.002799390e+02 +1.002799390e+02 +3.1401e+00 +1.0063e+00 -8.6787e-01 +7.9568e-01 +8.1532e-01
3908 +2.596343873e+01 +2.596343873e+01 +9.773343873e+01 +9.773343873e+01 +1.3196e+00 +2.5624e+00 -8.7963e-01 +1.2866e+00 +1.1161e+00
3948 +2.512837973e+01 +2.512837973e+01 +9.689837973e+01 +9.689837973e+01 +2.1338e+00 +2.5252e+00 -8.1950e-01 +8.4671e-01 +1.0985e+00
4061 +2.456706546e+01 +2.456706546e+01 +9.633706546e+01 +9.633706546e+01 +3.1353e+00 +2.5731e+00 -7.5521e-01 +4.2037e-01 +1.0963e+00
4133 +2.258230648e+01 +2.258230648e+01 +9.435230648e+01 +9.435230648e+01 +2.2382e+00 +2.5149e+00 -9.1387e-01 +8.3728e-01 +1.1235e+00
4222 +2.035584204e+01 +2.035584204e+01 +9.212584204e+01 +9.212584204e+01 +2.2544e+00 +2.6071e+00 -8.0564e-01 +8.3523e-01 +1.1246e+00
4446 +1.982510969e+01 +1.982510969e+01 +9.159510969e+01 +9.159510969e+01 +2.2431e+00 +2.5298e+00 -8.4096e-01 +8.2485e-01 +1.1276e+00
4578 +1.939202327e+01 +1.939202327e+01 +9.116202327e+01 +9.116202327e+01 +2.2120e+00 +2.5565e+00 -8.2762e-01 +8.1436e-01 +1.1169e+00
4622 +1.902334695e+01 +1.902334695e+01 +9.079334695e+01 +9.079334695e+01 +2.2127e+00 +2.6139e+00 -8.3329e-01 +8.1578e-01 +1.1185e+00
10197 +1.618856808e+01 +1.618856808e+01 +8.795856808e+01 +8.795856808e+01 +3.0108e+00 +1.8458e+00 +1.4469e+00 +1.2290e+00 +1.0760e+00
10953 +1.378894184e+01 +1.378894184e+01 +8.555894184e+01 +8.555894184e+01 +2.1695e+00 +2.5775e+00 +7.4728e-01 +8.5249e-01 +1.1543e+00
10984 +1.157321387e+01 +1.157321387e+01 +8.334321387e+01 +8.334321387e+01 +1.4376e+00 +2.5639e+00 +8.0679e-01 +7.9823e-01 +1.1365e+00
11226 +1.019344017e+01 +1.019344017e+01 +8.196344017e+01 +8.196344017e+01 +1.3579e+00 +2.5765e+00 +9.1264e-01 +3.9133e-01 +1.1199e+00
11248 +9.258504678e+00 +9.258504678e+00 +8.102850468e+01 +8.102850468e+01 +1.3219e+00 +2.5982e+00 +8.7764e-01 +4.0917e-01 +1.1361e+00
11270 +8.079499154e+00 +8.079499154e+00 +7.984949915e+01 +7.984949915e+01 +1.2798e+00 +2.6087e+00 +8.6633e-01 +4.0567e-01 +1.1220e+00
14314 +6.420750441e+00 +6.420750441e+00 +7.819075044e+01 +7.819075044e+01 +2.2099e+00 +1.7810e+00 +8.6361e-01 +3.7763e-01 +1.0951e+00
14374 +5.336725292e+00 +5.336725292e+00 +7.710672529e+01 +7.710672529e+01 +2.2091e+00 +1.8390e+00 +8.2445e-01 +4.2363e-01 +1.1213e+00
14404 +4.692354029e+00 +4.692354029e+00 +7.646235403e+01 +7.646235403e+01 +2.2580e+00 +1.7997e+00 +8.3430e-01 +3.9025e-01 +1.1226e+00
14418 +4.457241983e+00 +4.457241983e+00 +7.622724198e+01 +7.622724198e+01 +2.2286e+00 +1.8223e+00 +8.4392e-01 +3.9399e-01 +1.1233e+00
14462 +4.135483711e+00 +4.135483711e+00 +7.590548371e+01 +7.590548371e+01 +2.2289e+00 +1.7888e+00 +8.5936e-01 +3.9952e-01 +1.1243e+00
14497 +4.057464786e+00 +4.057464786e+00 +7.582746479e+01 +7.582746479e+01 +2.2357e+00 +1.7918e+00 +8.4941e-01 +4.1163e-01 +1.1170e+00
15232 +3.980984266e+00 +3.980984266e+00 +7.575098427e+01 +7.575098427e+01 +2.2275e+00 +1.7965e+00 +8.5202e-01 +4.0633e-01 +1.1191e+00
% function evaluation | noise-free fitness - Fopt (8.448800000000e+02) | best noise-free fitness - Fopt | measured fitness | best measured fitness | x1 | x2...
1 +2.296446648e+02 +2.296446648e+02 +1.074524665e+03 +1.074524665e+03 +0.0000e+00 +0.0000e+00 +0.0000e+00 +0.0000e+00 +0.0000e+00
314 +2.258033290e+02 +2.258033290e+02 +1.070683329e+03 +1.070683329e+03 +5.7195e-02 +2.5417e+00 +2.9682e+00 -2.9115e+00 -1.4432e-01
317 +2.019268817e+02 +2.019268817e+02 +1.046806882e+03 +1.046806882e+03 +7.8609e-02 +2.6870e+00 +2.9402e+00 -1.4752e+00 -2.3511e-01
332 +1.795215036e+02 +1.795215036e+02 +1.024401504e+03 +1.024401504e+03 +7.2110e-03 +2.5815e+00 +2.9116e+00 -2.6057e+00 +5.9304e-01
334 +1.519984595e+02 +1.519984595e+02 +9.968784595e+02 +9.968784595e+02 +3.8989e-02 +2.9793e+00 +2.3623e+00 -1.5293e+00 +1.0947e+00
350 +1.280308772e+02 +1.280308772e+02 +9.729108772e+02 +9.729108772e+02 +3.3349e-02 +2.1784e+00 +2.8045e+00 -2.3151e+00 +7.7744e-01
354 +8.547106333e+01 +8.547106333e+01 +9.303510633e+02 +9.303510633e+02 +6.6476e-01 +2.4341e+00 +2.8551e+00 -4.9136e-01 +2.9859e+00
374 +6.494625542e+01 +6.494625542e+01 +9.098262554e+02 +9.098262554e+02 +2.6901e-01 +2.5699e+00 +2.7781e+00 -5.6540e-01 +2.3706e+00
382 +6.448268380e+01 +6.448268380e+01 +9.093626838e+02 +9.093626838e+02 +1.8219e-01 +2.3196e+00 +2.9741e+00 +6.5845e-01 +2.2842e+00
459 +5.188658279e+01 +5.188658279e+01 +8.967665828e+02 +8.967665828e+02 -7.6944e-01 +2.1002e+00 +2.8196e+00 +1.1283e+00 +3.2720e+00
640 +4.787501781e+01 +4.787501781e+01 +8.927550178e+02 +8.927550178e+02 +1.1384e+00 +3.5675e+00 +3.1345e+00 +6.8148e-01 +2.2063e+00
663 +4.732002576e+01 +4.732002576e+01 +8.922000258e+02 +8.922000258e+02 +1.1215e+00 +3.5047e+00 +3.5048e+00 +5.8725e-01 +2.3716e+00
698 +4.603037674e+01 +4.603037674e+01 +8.909103767e+02 +8.909103767e+02 +7.4133e-01 +3.6303e+00 +3.5608e+00 +1.9671e-01 +3.0422e+00
703 +4.290466408e+01 +4.290466408e+01 +8.877846641e+02 +8.877846641e+02 +1.1339e+00 +3.5686e+00 +3.4409e+00 +7.6201e-01 +2.7300e+00
736 +3.440585769e+01 +3.440585769e+01 +8.792858577e+02 +8.792858577e+02 +1.2727e+00 +2.6369e+00 +3.6607e+00 +2.7499e-01 +3.2974e+00
804 +3.028264719e+01 +3.028264719e+01 +8.751626472e+02 +8.751626472e+02 +1.0369e+00 +3.5581e+00 +3.6413e+00 +7.2064e-01 +2.7008e+00
1032 +2.979462631e+01 +2.979462631e+01 +8.746746263e+02 +8.746746263e+02 +9.5754e-01 +2.1714e+00 +3.4684e+00 -1.9440e-01 +3.0212e+00
1114 +2.218058508e+01 +2.218058508e+01 +8.670605851e+02 +8.670605851e+02 +1.2447e+00 +1.9161e+00 +3.0040e+00 +2.6082e-01 +2.3826e+00
1144 +1.944170167e+01 +1.944170167e+01 +8.643217017e+02 +8.643217017e+02 +1.1980e+00 +2.1022e+00 +2.9357e+00 +2.6635e-01 +2.6182e+00
1150 +1.683378251e+01 +1.683378251e+01 +8.617137825e+02 +8.617137825e+02 +1.1169e+00 +4.0730e-01 +2.9260e+00 -1.7403e-01 +2.6935e+00
1869 +9.877975546e+00 +9.877975546e+00 +8.547579755e+02 +8.547579755e+02 +1.2117e+00 +4.6216e-01 +3.0786e+00 -1.5932e-01 +3.3638e+00
7955 +8.791374814e+00 +8.791374814e+00 +8.536713748e+02 +8.536713748e+02 +1.1867e+00 +5.3845e-01 +2.9916e+00 +7.1964e-01 +3.0779e+00
8158 +7.297664528e+00 +7.297664528e+00 +8.521776645e+02 +8.521776645e+02 +1.1474e+00 +4.7691e-01 +2.9642e+00 +2.7694e-01 +3.0382e+00
8186 +6.856315253e+00 +6.856315253e+00 +8.517363153e+02 +8.517363153e+02 +1.1429e+00 +4.7473e-01 +2.9763e+00 +2.7923e-01 +3.0439e+00
8252 +6.562205244e+00 +6.562205244e+00 +8.514422052e+02 +8.514422052e+02 +1.1611e+00 +5.0255e-01 +2.9804e+00 +2.9667e-01 +3.0459e+00
8296 +6.397190808e+00 +6.397190808e+00 +8.512771908e+02 +8.512771908e+02 +1.1428e+00 +5.0443e-01 +2.9723e+00 +2.7338e-01 +3.0550e+00
8318 +6.259132281e+00 +6.259132281e+00 +8.511391323e+02 +8.511391323e+02 +1.1551e+00 +4.9446e-01 +3.0030e+00 +2.8445e-01 +3.0540e+00
8362 +6.112069995e+00 +6.112069995e+00 +8.509920700e+02 +8.509920700e+02 +1.1726e+00 +4.9027e-01 +2.9791e+00 +2.8085e-01 +3.0559e+00
8408 +6.010225250e+00 +6.010225250e+00 +8.508902253e+02 +8.508902253e+02 +1.1923e+00 +5.0592e-01 +2.9794e+00 +2.8205e-01 +3.0519e+00
18861 +5.523090711e+00 +5.523090711e+00 +8.504030907e+02 +8.504030907e+02 +3.1370e+00 -3.4485e-01 +3.5645e+00 -9.5429e-02 +3.0662e+00
23858 +5.006485569e+00 +5.006485569e+00 +8.498864856e+02 +8.498864856e+02 +3.1150e+00 -3.3277e-01 +3.5453e+00 +7.0453e-01 +3.3441e+00
24038 +4.607640721e+00 +4.607640721e+00 +8.494876407e+02 +8.494876407e+02 +3.0988e+00 -2.5881e-01 +3.5605e+00 +7.0741e-01 +3.3468e+00
24061 +3.810001148e+00 +3.810001148e+00 +8.486900011e+02 +8.486900011e+02 +3.1327e+00 -2.6981e-01 +3.5729e+00 +6.9394e-01 +3.3526e+00
24078 +3.323084625e+00 +3.323084625e+00 +8.482030846e+02 +8.482030846e+02 +3.1219e+00 -2.9118e-01 +3.5530e+00 +7.0794e-01 +3.3551e+00
24086 +3.301703244e+00 +3.301703244e+00 +8.481817032e+02 +8.481817032e+02 +3.1069e+00 -3.3403e-01 +3.5854e+00 +7.2503e-01 +3.3615e+00
24100 +3.013343039e+00 +3.013343039e+00 +8.478933430e+02 +8.478933430e+02 +3.1140e+00 -2.9726e-01 +3.5699e+00 +7.0286e-01 +3.3625e+00
24128 +2.622982138e+00 +2.622982138e+00 +8.475029821e+02 +8.475029821e+02 +3.1227e+00 -3.1207e-01 +3.5772e+00 +7.0898e-01 +3.3575e+00
24263 +2.495026480e+00 +2.495026480e+00 +8.473750265e+02 +8.473750265e+02 +3.1338e+00 -2.9912e-01 +3.5715e+00 +7.1505e-01 +3.3528e+00
24332 +2.265395596e+00 +2.265395596e+00 +8.471453956e+02 +8.471453956e+02 +3.1485e+00 -2.9654e-01 +3.5691e+00 +7.3236e-01 +3.3638e+00
24342 +2.223570067e+00 +2.223570067e+00 +8.471035701e+02 +8.471035701e+02 +3.1380e+00 -3.0871e-01 +3.5738e+00 +7.2963e-01 +3.3587e+00
24395 +2.096270072e+00 +2.096270072e+00 +8.469762701e+02 +8.469762701e+02 +3.1479e+00 -3.0135e-01 +3.5761e+00 +7.1678e-01 +3.3636e+00
24457 +2.088853295e+00 +2.088853295e+00 +8.469688533e+02 +8.469688533e+02 +3.1386e+00 -3.0664e-01 +3.5787e+00 +7.2666e-01 +3.3611e+00
24566 +2.014951021e+00 +2.014951021e+00 +8.468949510e+02 +8.468949510e+02 +3.1506e+00 -3.0114e-01 +3.5787e+00 +7.2299e-01 +3.3622e+00
24904 +1.992956271e+00 +1.992956271e+00 +8.468729563e+02 +8.468729563e+02 +3.1532e+00 -3.0352e-01 +3.5822e+00 +7.2446e-01 +3.3632e+00
% function evaluation | noise-free fitness - Fopt (-4.222000000000e+01) | best noise-free fitness - Fopt | measured fitness | best measured fitness | x1 | x2...
1 +1.518624990e+02 +1.518624990e+02 +1.096424990e+02 +1.096424990e+02 +0.0000e+00 +0.0000e+00 +0.0000e+00 +0.0000e+00 +0.0000e+00
5 +1.445830089e+02 +1.445830089e+02 +1.023630089e+02 +1.023630089e+02 -5.2243e+00 -2.5550e+00 +2.0863e+00 +3.2896e+00 +1.8624e+00
30 +1.299970353e+02 +1.299970353e+02 +8.777703535e+01 +8.777703535e+01 -5.1330e+00 -2.5649e+00 +2.0748e+00 +3.2589e+00 +1.9077e+00
38 +1.188406263e+02 +1.188406263e+02 +7.662062632e+01 +7.662062632e+01 -5.2031e+00 -2.2778e+00 +1.9777e+00 +3.1522e+00 +1.8788e+00
43 +1.155194042e+02 +1.155194042e+02 +7.329940420e+01 +7.329940420e+01 -5.1325e+00 -2.5562e+00 +1.9918e+00 +3.1729e+00 +1.8908e+00
71 +1.134501670e+02 +1.134501670e+02 +7.123016702e+01 +7.123016702e+01 -5.0588e+00 -2.5030e+00 +2.1090e+00 +3.1306e+00 +1.8567e+00
74 +1.098091545e+02 +1.098091545e+02 +6.758915451e+01 +6.758915451e+01 -5.0843e+00 -2.3159e+00 +2.0690e+00 +3.1378e+00 +1.8315e+00
95 +9.743992924e+01 +9.743992924e+01 +5.521992924e+01 +5.521992924e+01 -4.6199e+00 -2.3782e+00 +1.9197e+00 +3.1202e+00 +1.8824e+00
198 +9.203173942e+01 +9.203173942e+01 +4.981173942e+01 +4.981173942e+01 -4.7416e+00 -2.3976e+00 +2.0098e+00 +3.0492e+00 +1.8541e+00
473 +9.086226223e+01 +9.086226223e+01 +4.864226223e+01 +4.864226223e+01 -4.7025e+00 -2.4034e+00 +1.9964e+00 +3.0993e+00 +1.8561e+00
2777 +7.761997817e+01 +7.761997817e+01 +3.539997817e+01 +3.539997817e+01 -8.3987e-01 +4.8880e-01 +9.2147e-01 +5.9929e-01 +1.5939e+00
2801 +5.112994646e+01 +5.112994646e+01 +8.909946456e+00 +8.909946456e+00 +1.3406e+00 -2.2583e+00 -2.5656e-01 +9.6669e-01 +1.9331e+00
2873 +4.412410440e+01 +4.412410440e+01 +1.904104396e+00 +1.904104396e+00 -4.6494e-01 -2.5792e+00 +9.0603e-01 +4.6191e-01 +1.7393e+00
2917 +3.029549766e+01 +3.029549766e+01 -1.192450234e+01 -1.192450234e+01 -1.3394e+00 -3.3255e+00 +8.9908e-01 +1.9294e-01 +2.1982e+00
3055 +2.774695696e+01 +2.774695696e+01 -1.447304304e+01 -1.447304304e+01 +6.1795e-01 -9.0583e-01 +1.9490e+00 +6.1431e-01 +1.4654e+00
3104 +2.239006712e+01 +2.239006712e+01 -1.982993288e+01 -1.982993288e+01 +4.9206e-01 -3.1184e+00 +1.4701e+00 -1.9128e-01 +1.5419e+00
3108 +1.748571928e+01 +1.748571928e+01 -2.473428072e+01 -2.473428072e+01 +5.2079e-01 -3.3081e+00 +1.4681e+00 +1.3873e-01 +1.1918e+00
3362 +1.523501061e+01 +1.523501061e+01 -2.698498939e+01 -2.698498939e+01 +6.9553e-01 -3.9261e+00 +1.9825e+00 +1.3465e-01 +1.5562e+00
3373 +1.438973320e+01 +1.438973320e+01 -2.783026680e+01 -2.783026680e+01 +5.0817e-01 -3.3341e+00 +1.3497e+00 +5.4242e-01 +2.1371e+00
3426 +1.035975212e+01 +1.035975212e+01 -3.186024788e+01 -3.186024788e+01 +5.5822e-01 -2.5005e+00 +1.3825e+00 +1.0622e-01 +1.8728e+00
3997 +8.868896194e+00 +8.868896194e+00 -3.335110381e+01 -3.335110381e+01 +6.4825e-01 -3.2694e+00 +1.4048e+00 +1.0078e-01 +1.8821e+00
4160 +6.745775168e+00 +6.745775168e+00 -3.547422483e+01 -3.547422483e+01 +5.9074e-01 -3.0720e+00 +1.4576e+00 +1.0779e-01 +1.8487e+00
4270 +6.000173129e+00 +6.000173129e+00 -3.621982687e+01 -3.621982687e+01 +6.1507e-01 -3.1487e+00 +1.4279e+00 +1.3436e-01 +1.8399e+00
4292 +4.901750669e+00 +4.901750669e+00 -3.731824933e+01 -3.731824933e+01 +6.2016e-01 -3.1414e+00 +1.4096e+00 +1.3991e-01 +1.8536e+00
4336 +4.849196823e+00 +4.849196823e+00 -3.737080318e+01 -3.737080318e+01 +6.1453e-01 -3.1713e+00 +1.4068e+00 +1.4546e-01 +1.8692e+00
4600 +4.750281096e+00 +4.750281096e+00 -3.746971890e+01 -3.746971890e+01 +5.9760e-01 -3.1778e+00 +1.4464e+00 +1.2487e-01 +1.8645e+00
4644 +4.526408693e+00 +4.526408693e+00 -3.769359131e+01 -3.769359131e+01 +5.9665e-01 -3.1718e+00 +1.4385e+00 +1.2863e-01 +1.8608e+00
4666 +4.304757276e+00 +4.304757276e+00 -3.791524272e+01 -3.791524272e+01 +5.9745e-01 -3.1424e+00 +1.4401e+00 +1.3706e-01 +1.8658e+00
4710 +4.221388723e+00 +4.221388723e+00 -3.799861128e+01 -3.799861128e+01 +5.8899e-01 -3.1316e+00 +1.4369e+00 +1.4275e-01 +1.8677e+00
4736 +4.166074992e+00 +4.166074992e+00 -3.805392501e+01 -3.805392501e+01 +5.7331e-01 -3.1456e+00 +1.4241e+00 +1.3681e-01 +1.8686e+00
4820 +4.066839113e+00 +4.066839113e+00 -3.815316089e+01 -3.815316089e+01 +5.8213e-01 -3.1244e+00 +1.4327e+00 +1.3656e-01 +1.8658e+00
5128 +3.980396449e+00 +3.980396449e+00 -3.823960355e+01 -3.823960355e+01 +5.8166e-01 -3.1219e+00 +1.4162e+00 +1.3650e-01 +1.8635e+00
% function evaluation | noise-free fitness - Fopt (-9.179000000000e+01) | best noise-free fitness - Fopt | measured fitness | best measured fitness | x1 | x2...
1 +2.475668759e+02 +2.475668759e+02 +1.557768759e+02 +1.557768759e+02 +0.0000e+00 +0.0000e+00 +0.0000e+00 +0.0000e+00 +0.0000e+00
68 +2.412549149e+02 +2.412549149e+02 +1.494649149e+02 +1.494649149e+02 +1.3264e-01 -1.3670e+00 -3.4907e+00 -1.1757e+00 +2.6176e+00
80 +2.137582337e+02 +2.137582337e+02 +1.219682337e+02 +1.219682337e+02 +1.3314e-01 -9.2146e-01 -4.1873e+00 -1.2601e+00 +2.9615e+00
121 +2.081333823e+02 +2.081333823e+02 +1.163433823e+02 +1.163433823e+02 -2.1392e+00 -2.1968e+00 -3.6183e+00 -8.4686e-01 +3.2259e+00
122 +2.032120317e+02 +2.032120317e+02 +1.114220317e+02 +1.114220317e+02 -1.8696e+00 -1.6694e+00 -4.2268e+00 -8.8260e-01 +3.2530e+00
128 +1.994299274e+02 +1.994299274e+02 +1.076399274e+02 +1.076399274e+02 -1.0985e+00 -1.7364e+00 -3.6969e+00 -8.8666e-01 +3.4964e+00
156 +1.651995188e+02 +1.651995188e+02 +7.340951878e+01 +7.340951878e+01 -1.3383e+00 -1.6722e+00 -2.5503e+00 -9.2591e-01 +3.3312e+00
182 +1.610007304e+02 +1.610007304e+02 +6.921073042e+01 +6.921073042e+01 -2.9098e+00 -9.4451e-01 -2.1573e+00 -1.9596e+00 +3.0996e+00
184 +1.544459961e+02 +1.544459961e+02 +6.265599614e+01 +6.265599614e+01 -2.9943e+00 -1.0658e+00 -2.7885e+00 -1.6012e+00 +3.2588e+00
205 +1.322885360e+02 +1.322885360e+02 +4.049853603e+01 +4.049853603e+01 -1.9153e+00 -1.3162e+00 -1.6079e+00 -1.7069e+00 +3.6748e+00
213 +1.157215959e+02 +1.157215959e+02 +2.393159593e+01 +2.393159593e+01 -1.2548e+00 -1.1740e+00 -5.9224e-01 -1.6544e+00 +3.8454e+00
224 +7.452087557e+01 +7.452087557e+01 -1.726912443e+01 -1.726912443e+01 -2.9960e+00 -1.8830e-01 +5.8835e-01 -8.1282e-01 +3.1867e+00
264 +7.072267441e+01 +7.072267441e+01 -2.106732559e+01 -2.106732559e+01 -2.4852e+00 -3.8148e-01 +2.4250e+00 -2.0254e+00 +3.1998e+00
312 +5.434471427e+01 +5.434471427e+01 -3.744528573e+01 -3.744528573e+01 -2.7191e+00 +5.2369e-01 +3.0608e+00 -2.8016e+00 +3.9341e+00
347 +4.985486451e+01 +4.985486451e+01 -4.193513549e+01 -4.193513549e+01 -3.9138e-01 +1.4665e+00 +2.0520e+00 -1.6179e+00 +3.6326e+00
352 +4.797338128e+01 +4.797338128e+01 -4.381661872e+01 -4.381661872e+01 -1.0091e+00 +5.0759e-01 +2.0111e+00 -1.3974e+00 +3.3132e+00
472 +4.087844060e+01 +4.087844060e+01 -5.091155940e+01 -5.091155940e+01 -1.8314e-01 +2.6461e+00 +2.3045e+00 -1.6184e+00 +3.0394e+00
474 +4.039858743e+01 +4.039858743e+01 -5.139141257e+01 -5.139141257e+01 -1.7060e-01 +4.3584e-01 +2.4191e+00 -1.1304e+00 +3.0270e+00
476 +2.819511505e+01 +2.819511505e+01 -6.359488495e+01 -6.359488495e+01 -2.1441e+00 +4.4372e-01 +1.8546e+00 -1.1259e+00 +3.6460e+00
678 +2.442826880e+01 +2.442826880e+01 -6.736173120e+01 -6.736173120e+01 -1.9335e+00 +1.9413e+00 +3.0629e+00 -1.5989e+00 +3.6444e+00
682 +2.258966064e+01 +2.258966064e+01 -6.920033936e+01 -6.920033936e+01 -2.1058e+00 +2.2114e+00 +2.8459e+00 -1.6339e+00 +3.5830e+00
757 +2.165361214e+01 +2.165361214e+01 -7.013638786e+01 -7.013638786e+01 -1.9622e+00 +1.2446e+00 +2.8042e+00 -1.6767e+00 +3.3255e+00
852 +1.511645913e+01 +1.511645913e+01 -7.667354087e+01 -7.667354087e+01 -1.8406e+00 +2.1788e+00 +2.9098e+00 -1.1542e+00 +3.6268e+00
2396 +1.325770818e+01 +1.325770818e+01 -7.853229182e+01 -7.853229182e+01 -9.6286e-01 +1.9800e+00 +2.3653e+00 -1.5680e+00 +3.2597e+00
2441 +1.296806125e+01 +1.296806125e+01 -7.882193875e+01 -7.882193875e+01 -8.8668e-01 +2.1823e+00 +2.3532e+00 -1.6034e+00 +3.2549e+00
2464 +1.228126066e+01 +1.228126066e+01 -7.950873934e+01 -7.950873934e+01 -9.5280e-01 +2.0450e+00 +2.3495e+00 -1.5989e+00 +3.2830e+00
2508 +1.194805942e+01 +1.194805942e+01 -7.984194058e+01 -7.984194058e+01 -9.2407e-01 +2.0298e+00 +2.3387e+00 -1.5818e+00 +3.2677e+00
2554 +1.169601700e+01 +1.169601700e+01 -8.009398300e+01 -8.009398300e+01 -9.1832e-01 +2.0694e+00 +2.3463e+00 -1.5850e+00 +3.2569e+00
2675 +1.125066903e+01 +1.125066903e+01 -8.053933097e+01 -8.053933097e+01 -9.4232e-01 +2.1047e+00 +2.3536e+00 -1.5917e+00 +3.2572e+00
2776 +1.121679323e+01 +1.121679323e+01 -8.057320677e+01 -8.057320677e+01 -9.5546e-01 +2.1134e+00 +2.3463e+00 -1.5807e+00 +3.2619e+00
3058 +1.095844820e+01 +1.095844820e+01 -8.083155180e+01 -8.083155180e+01 -9.4341e-01 +2.1500e+00 +2.3457e+00 -1.5860e+00 +3.2627e+00
5271 +1.043051677e+01 +1.043051677e+01 -8.135948323e+01 -8.135948323e+01 -9.3331e-01 +2.9239e+00 +2.9199e+00 -1.5816e+00 +3.6279e+00
5838 +9.962712274e+00 +9.962712274e+00 -8.182728773e+01 -8.182728773e+01 -9.8508e-01 +2.1605e+00 +2.9134e+00 -2.0416e+00 +3.2443e+00
6187 +8.973186196e+00 +8.973186196e+00 -8.281681380e+01 -8.281681380e+01 -1.9628e+00 +1.2736e+00 +2.8599e+00 -2.0502e+00 +3.6198e+00
6272 +8.613729127e+00 +8.613729127e+00 -8.317627087e+01 -8.317627087e+01 -1.7736e+00 +1.3585e+00 +2.7924e+00 -2.0392e+00 +3.6359e+00
6338 +8.462966233e+00 +8.462966233e+00 -8.332703377e+01 -8.332703377e+01 -1.9117e+00 +1.3588e+00 +2.7920e+00 -2.0658e+00 +3.6365e+00
6465 +7.225011171e+00 +7.225011171e+00 -8.456498883e+01 -8.456498883e+01 -1.9345e+00 +1.3423e+00 +2.8147e+00 -2.0483e+00 +3.6550e+00
6475 +6.733495701e+00 +6.733495701e+00 -8.505650430e+01 -8.505650430e+01 -1.8808e+00 +1.3106e+00 +2.8432e+00 -2.0524e+00 +3.6443e+00
6541 +6.356813454e+00 +6.356813454e+00 -8.543318655e+01 -8.543318655e+01 -1.8620e+00 +1.3294e+00 +2.8120e+00 -2.0268e+00 +3.6432e+00
6602 +6.106663438e+00 +6.106663438e+00 -8.568333656e+01 -8.568333656e+01 -1.9167e+00 +1.3195e+00 +2.8213e+00 -2.0243e+00 +3.6408e+00
6756 +5.994779390e+00 +5.994779390e+00 -8.579522061e+01 -8.579522061e+01 -1.9161e+00 +1.3283e+00 +2.8304e+00 -2.0307e+00 +3.6386e+00
21575 +2.725075752e+00 +2.725075752e+00 -8.906492425e+01 -8.906492425e+01 +2.8948e-02 +1.3193e+00 +2.8213e+00 -2.0195e+00 +3.6271e+00
21790 +2.253748311e+00 +2.253748311e+00 -8.953625169e+01 -8.953625169e+01 +2.8815e-02 +1.3177e+00 +2.8208e+00 -2.0359e+00 +3.6429e+00
22010 +2.225465190e+00 +2.225465190e+00 -8.956453481e+01 -8.956453481e+01 +2.4779e-02 +1.3161e+00 +2.8414e+00 -2.0335e+00 +3.6374e+00
22119 +2.018478368e+00 +2.018478368e+00 -8.977152163e+01 -8.977152163e+01 +4.0880e-02 +1.3291e+00 +2.8312e+00 -2.0305e+00 +3.6399e+00
22450 +1.991482336e+00 +1.991482336e+00 -8.979851766e+01 -8.979851766e+01 +4.9849e-02 +1.3274e+00 +2.8355e+00 -2.0302e+00 +3.6393e+00
% function evaluation | noise-free fitness - Fopt (-1.277000000000e+01) | best noise-free fitness - Fopt | measured fitness | best measured fitness | x1 | x2...
1 +1.267747535e+02 +1.267747535e+02 +1.140047535e+02 +1.140047535e+02 +0.0000e+00 +0.0000e+00 +0.0000e+00 +0.0000e+00 +0.0000e+00
36 +8.599473676e+01 +8.599473676e+01 +7.322473676e+01 +7.322473676e+01 +1.3751e+00 +7.4746e-01 -1.2611e+00 +1.1795e+00 +1.7319e+00
49 +6.602980670e+01 +6.602980670e+01 +5.325980670e+01 +5.325980670e+01 +1.3480e+00 +6.0141e-01 -1.2229e+00 +1.3331e+00 +1.6103e+00
137 +5.480875678e+01 +5.480875678e+01 +4.203875678e+01 +4.203875678e+01 +1.6951e+00 +7.4907e-01 -1.1818e+00 +1.1401e+00 +1.3464e+00
209 +5.147344165e+01 +5.147344165e+01 +3.870344165e+01 +3.870344165e+01 +1.8419e+00 +2.3657e-01 -7.1174e-01 +1.3391e+00 +1.6355e+00
245 +4.510429406e+01 +4.510429406e+01 +3.233429406e+01 +3.233429406e+01 +1.6277e+00 +6.9861e-01 -4.3191e-02 +1.0390e+00 +1.0551e+00
338 +4.453269870e+01 +4.453269870e+01 +3.176269870e+01 +3.176269870e+01 +1.6837e+00 +6.1174e-01 -6.6307e-01 +1.0399e+00 +9.6127e-01
365 +4.293863021e+01 +4.293863021e+01 +3.016863021e+01 +3.016863021e+01 +1.7973e+00 +7.4805e-01 -6.0416e-02 +1.0822e+00 +8.7521e-01
468 +3.711782490e+01 +3.711782490e+01 +2.434782490e+01 +2.434782490e+01 +1.5464e+00 +7.2644e-01 -1.6715e-01 +1.0557e+00 +9.6390e-01
528 +3.627850049e+01 +3.627850049e+01 +2.350850049e+01 +2.350850049e+01 +1.6269e+00 +7.1102e-01 -1.4891e-01 +1.0600e+00 +1.0064e+00
548 +3.489288163e+01 +3.489288163e+01 +2.212288163e+01 +2.212288163e+01 +1.5889e+00 +6.3783e-01 -4.8581e-02 +1.0612e+00 +9.2990e-01
549 +3.104093608e+01 +3.104093608e+01 +1.827093608e+01 +1.827093608e+01 +1.7919e+00 +6.0550e-01 -9.2375e-02 +1.0909e+00 +1.2997e+00
572 +2.993165815e+01 +2.993165815e+01 +1.716165815e+01 +1.716165815e+01 +1.6715e+00 +6.7152e-01 -1.1414e-01 +1.0733e+00 +9.5000e-01
770 +2.927038192e+01 +2.927038192e+01 +1.650038192e+01 +1.650038192e+01 +1.6873e+00 +6.6339e-01 -1.2918e-01 +1.0853e+00 +9.5278e-01
2730 +2.352153733e+01 +2.352153733e+01 +1.075153733e+01 +1.075153733e+01 +1.6132e+00 +3.0630e+00 +1.6921e+00 -2.8042e-01 +1.3824e+00
2960 +2.158727026e+01 +2.158727026e+01 +8.817270261e+00 +8.817270261e+00 +1.6664e+00 +1.2904e+00 +1.6560e+00 +2.1450e-01 +9.6523e-01
3140 +2.102161978e+01 +2.102161978e+01 +8.251619777e+00 +8.251619777e+00 +1.5714e+00 +1.5012e+00 +1.5848e+00 -2.0893e-01 +1.6644e+00
3482 +1.812877425e+01 +1.812877425e+01 +5.358774253e+00 +5.358774253e+00 +1.7248e+00 +2.2746e+00 +1.6510e+00 +9.8569e-02 +9.5594e-01
3565 +1.308324796e+01 +1.308324796e+01 +3.132479641e-01 +3.132479641e-01 +1.7811e+00 +2.1434e+00 +1.5801e+00 -2.2039e-01 +1.6475e+00
4077 +1.142720390e+01 +1.142720390e+01 -1.342796098e+00 -1.342796098e+00 +1.6691e+00 +2.3186e+00 +1.5673e+00 +1.3389e-01 +1.3510e+00
4213 +7.860179456e+00 +7.860179456e+00 -4.909820544e+00 -4.909820544e+00 +1.6593e+00 +2.1925e+00 +1.5867e+00 +1.8846e-01 +1.6184e+00
4284 +7.367160311e+00 +7.367160311e+00 -5.402839689e+00 -5.402839689e+00 +1.6435e+00 +2.2419e+00 +1.5462e+00 +1.8034e-01 +1.6315e+00
4292 +7.121789078e+00 +7.121789078e+00 -5.648210922e+00 -5.648210922e+00 +1.7076e+00 +2.2148e+00 +1.5429e+00 +1.9762e-01 +1.6336e+00
4314 +6.696217922e+00 +6.696217922e+00 -6.073782078e+00 -6.073782078e+00 +1.6850e+00 +2.2403e+00 +1.5475e+00 +1.8543e-01 +1.6420e+00
4401 +6.581173060e+00 +6.581173060e+00 -6.188826940e+00 -6.188826940e+00 +1.6544e+00 +2.2665e+00 +1.5642e+00 +1.9772e-01 +1.6389e+00
4550 +6.245819940e+00 +6.245819940e+00 -6.524180060e+00 -6.524180060e+00 +1.7174e+00 +2.2866e+00 +1.5571e+00 +1.8297e-01 +1.6427e+00
4635 +6.140275821e+00 +6.140275821e+00 -6.629724179e+00 -6.629724179e+00 +1.7291e+00 +2.2871e+00 +1.5845e+00 +1.7853e-01 +1.6390e+00
4798 +6.023783940e+00 +6.023783940e+00 -6.746216060e+00 -6.746216060e+00 +1.7073e+00 +2.2801e+00 +1.5873e+00 +1.8961e-01 +1.6386e+00
13978 +4.725428941e+00 +4.725428941e+00 -8.044571059e+00 -8.044571059e+00 +3.6233e+00 +6.4446e-01 +1.5942e+00 +6.3513e-01 +1.3388e+00
14198 +4.455603525e+00 +4.455603525e+00 -8.314396475e+00 -8.314396475e+00 +3.6235e+00 +6.6879e-01 +1.5921e+00 +6.3692e-01 +1.3333e+00
14296 +4.293316807e+00 +4.293316807e+00 -8.476683193e+00 -8.476683193e+00 +3.6510e+00 +6.4445e-01 +1.5998e+00 +6.3210e-01 +1.3326e+00
14308 +4.165588165e+00 +4.165588165e+00 -8.604411835e+00 -8.604411835e+00 +3.6516e+00 +6.7742e-01 +1.5842e+00 +6.3814e-01 +1.3310e+00
14352 +4.067579104e+00 +4.067579104e+00 -8.702420896e+00 -8.702420896e+00 +3.6495e+00 +6.6487e-01 +1.5910e+00 +6.3461e-01 +1.3336e+00
14622 +3.980816429e+00 +3.980816429e+00 -8.789183571e+00 -8.789183571e+00 +3.6645e+00 +6.6471e-01 +1.5845e+00 +6.3208e-01 +1.3324e+00
87762 +3.667304295e+00 +3.667304295e+00 -9.102695705e+00 -9.102695705e+00 +3.6487e+00 +2.2997e+00 +1.5286e+00 +1.6648e-01 +1.6367e+00
88070 +1.996246504e+00 +1.996246504e+00 -1.077375350e+01 -1.077375350e+01 +3.6261e+00 +1.4978e+00 +1.5658e+00 +1.7889e-01 +1.6329e+00
89448 +1.992839708e+00 +1.992839708e+00 -1.077716029e+01 -1.077716029e+01 +3.6633e+00 +2.2910e+00 +1.5833e+00 +1.8777e-01 +1.6422e+00
% function evaluation | noise-free fitness - Fopt (-1.000000000000e+03) | best noise-free fitness - Fopt | measured fitness | best measured fitness | x1 | x2...
1 +1.069906532e+02 +1.069906532e+02 -8.930093468e+02 -8.930093468e+02 +0.0000e+00 +0.0000e+00 +0.0000e+00 +0.0000e+00 +0.0000e+00
124 +3.262487499e+01 +3.262487499e+01 -9.673751250e+02 -9.673751250e+02 +1.1109e+00 -1.4951e+00 +2.0146e+00 +2.5084e-01 +7.7679e-01
154 +3.116327305e+01 +3.116327305e+01 -9.688367270e+02 -9.688367270e+02 +8.0654e-01 -1.2525e+00 +2.1080e+00 +2.0110e-01 +1.1931e+00
182 +2.822600175e+01 +2.822600175e+01 -9.717739983e+02 -9.717739983e+02 +2.0873e-01 -1.2925e+00 +1.9703e+00 +6.3355e-01 +1.3441e+00
396 +2.462199867e+01 +2.462199867e+01 -9.753780013e+02 -9.753780013e+02 +8.4995e-01 -1.1698e+00 +1.8929e+00 +6.1823e-01 +8.1612e-01
440 +2.225145675e+01 +2.225145675e+01 -9.777485432e+02 -9.777485432e+02 +7.6501e-01 -1.4369e+00 +1.9552e+00 +5.6990e-01 +7.3790e-01
607 +1.216853195e+01 +1.216853195e+01 -9.878314680e+02 -9.878314680e+02 +9.8274e-01 -1.1276e+00 +2.5120e+00 +5.7493e-01 +1.3764e+00
805 +1.081557924e+01 +1.081557924e+01 -9.891844208e+02 -9.891844208e+02 +9.0685e-01 -2.0909e+00 +2.0198e+00 +6.2645e-01 +7.0626e-01
896 +9.384873369e+00 +9.384873369e+00 -9.906151266e+02 -9.906151266e+02 +8.6295e-01 -2.0819e+00 +2.0306e+00 +5.7454e-01 +1.3938e+00
914 +7.804550837e+00 +7.804550837e+00 -9.921954492e+02 -9.921954492e+02 +9.6560e-01 -2.1556e+00 +1.9229e+00 +6.2040e-01 +1.1252e+00
986 +7.563275409e+00 +7.563275409e+00 -9.924367246e+02 -9.924367246e+02 +9.7145e-01 -1.9901e+00 +1.8878e+00 +5.6536e-01 +1.4074e+00
1002 +5.512268152e+00 +5.512268152e+00 -9.944877318e+02 -9.944877318e+02 +9.3698e-01 -2.0830e+00 +1.9639e+00 +5.7348e-01 +1.4019e+00
1148 +4.926463593e+00 +4.926463593e+00 -9.950735364e+02 -9.950735364e+02 +9.5117e-01 -2.0776e+00 +1.9760e+00 +6.1086e-01 +1.1067e+00
1381 +4.272426806e+00 +4.272426806e+00 -9.957275732e+02 -9.957275732e+02 +9.8374e-01 -2.0123e+00 +1.9792e+00 +6.1113e-01 +1.1113e+00
1430 +4.199781755e+00 +4.199781755e+00 -9.958002182e+02 -9.958002182e+02 +9.7499e-01 -2.0139e+00 +1.9780e+00 +6.0737e-01 +1.1016e+00
1600 +4.096140658e+00 +4.096140658e+00 -9.959038593e+02 -9.959038593e+02 +9.7949e-01 -2.0057e+00 +1.9782e+00 +6.0005e-01 +1.1035e+00
1650 +4.070614875e+00 +4.070614875e+00 -9.959293851e+02 -9.959293851e+02 +9.7348e-01 -1.9845e+00 +1.9716e+00 +6.0612e-01 +1.1069e+00
2337 +3.980997172e+00 +3.980997172e+00 -9.960190028e+02 -9.960190028e+02 +9.8890e-01 -1.9853e+00 +1.9786e+00 +6.0434e-01 +1.1054e+00
17212 +3.474039403e+00 +3.474039403e+00 -9.965259606e+02 -9.965259606e+02 +1.7863e-03 -2.8074e+00 +2.0095e+00 +1.6440e-01 +1.0970e+00
17256 +3.444156700e+00 +3.444156700e+00 -9.965558433e+02 -9.965558433e+02 -6.5738e-03 -2.8344e+00 +1.9861e+00 +1.5771e-01 +1.1112e+00
17300 +3.310981840e+00 +3.310981840e+00 -9.966890182e+02 -9.966890182e+02 +1.4042e-03 -2.8304e+00 +1.9844e+00 +1.6025e-01 +1.1097e+00
17322 +3.195265836e+00 +3.195265836e+00 -9.968047342e+02 -9.968047342e+02 -7.8502e-03 -2.8242e+00 +1.9762e+00 +1.6750e-01 +1.1079e+00
17520 +3.136339797e+00 +3.136339797e+00 -9.968636602e+02 -9.968636602e+02 -1.3088e-02 -2.8026e+00 +1.9954e+00 +1.5778e-01 +1.1012e+00
17542 +3.085265635e+00 +3.085265635e+00 -9.969147344e+02 -9.969147344e+02 -6.5838e-03 -2.8034e+00 +1.9941e+00 +1.5836e-01 +1.1020e+00
17644 +3.014264767e+00 +3.014264767e+00 -9.969857352e+02 -9.969857352e+02 -1.1184e-02 -2.8038e+00 +1.9861e+00 +1.6109e-01 +1.1040e+00
56798 +2.676277458e+00 +2.676277458e+00 -9.973237225e+02 -9.973237225e+02 +9.7373e-01 -2.7711e+00 +2.0092e+00 +6.0651e-01 +1.4117e+00
57032 +2.372327871e+00 +2.372327871e+00 -9.976276721e+02 -9.976276721e+02 +9.6903e-01 -2.7859e+00 +1.9700e+00 +5.9487e-01 +1.4106e+00
57070 +2.186095139e+00 +2.186095139e+00 -9.978139049e+02 -9.978139049e+02 +9.8876e-01 -2.8124e+00 +2.0032e+00 +6.0196e-01 +1.4139e+00
57316 +2.086405156e+00 +2.086405156e+00 -9.979135948e+02 -9.979135948e+02 +9.8973e-01 -2.8152e+00 +1.9910e+00 +6.0089e-01 +1.4147e+00
57417 +2.035021845e+00 +2.035021845e+00 -9.979649782e+02 -9.979649782e+02 +9.8513e-01 -2.8037e+00 +1.9782e+00 +6.0405e-01 +1.4112e+00
57576 +1.993853255e+00 +1.993853255e+00 -9.980061467e+02 -9.980061467e+02 +9.8814e-01 -2.8038e+00 +1.9814e+00 +6.0443e-01 +1.4146e+00
% function evaluation | noise-free fitness - Fopt (-1.000000000000e+03) | best noise-free fitness - Fopt | measured fitness | best measured fitness | x1 | x2...
1 +1.240986520e+02 +1.240986520e+02 -8.759013480e+02 -8.759013480e+02 +0.0000e+00 +0.0000e+00 +0.0000e+00 +0.0000e+00 +0.0000e+00
159 +8.164496123e+01 +8.164496123e+01 -9.183550388e+02 -9.183550388e+02 +2.1444e+00 +3.8957e+00 +7.4723e-01 +7.6249e-01 +8.2260e-01
186 +7.422611585e+01 +7.422611585e+01 -9.257738841e+02 -9.257738841e+02 +2.3515e+00 +3.5515e+00 -6.6281e-01 +1.8927e+00 +5.8365e-01
198 +6.959325951e+01 +6.959325951e+01 -9.304067405e+02 -9.304067405e+02 +2.0989e+00 +3.7457e+00 +3.2868e-01 +1.3656e+00 +6.1250e-01
269 +6.910670027e+01 +6.910670027e+01 -9.308932997e+02 -9.308932997e+02 +2.1748e+00 +3.6927e+00 +2.9099e-01 +1.3565e+00 +7.5007e-01
296 +6.649531175e+01 +6.649531175e+01 -9.335046883e+02 -9.335046883e+02 +1.8860e+00 +2.7781e+00 +1.3814e+00 +1.9049e+00 +6.5033e-01
306 +6.459049266e+01 +6.459049266e+01 -9.354095073e+02 -9.354095073e+02 +1.3194e+00 +2.4545e+00 -6.5055e-01 +3.5115e+00 +3.1306e-01
316 +5.235415482e+01 +5.235415482e+01 -9.476458452e+02 -9.476458452e+02 +1.0778e+00 +2.7236e+00 +3.4652e-01 +2.8499e+00 +5.3894e-01
326 +4.725176926e+01 +4.725176926e+01 -9.527482307e+02 -9.527482307e+02 +2.1283e+00 +2.0650e+00 +1.2207e+00 +2.3185e+00 +4.4514e-01
337 +3.783061505e+01 +3.783061505e+01 -9.621693850e+02 -9.621693850e+02 +1.1974e+00 +2.7207e+00 +4.2569e-01 +3.9635e+00 +5.9023e-01
376 +3.480196182e+01 +3.480196182e+01 -9.651980382e+02 -9.651980382e+02 +1.3751e+00 +1.9592e+00 -4.2371e-02 +3.5070e+00 +7.6704e-01
409 +3.306167083e+01 +3.306167083e+01 -9.669383292e+02 -9.669383292e+02 +1.8059e+00 +1.8877e+00 +8.2854e-01 +3.0675e+00 +5.1091e-01
484 +2.204339895e+01 +2.204339895e+01 -9.779566011e+02 -9.779566011e+02 +1.2887e+00 +2.0393e+00 +9.6299e-01 +3.9561e+00 +4.7428e-01
506 +1.523776190e+01 +1.523776190e+01 -9.847622381e+02 -9.847622381e+02 +1.1429e+00 +1.9232e+00 +8.3936e-01 +3.0931e+00 +5.1938e-01
792 +1.384272289e+01 +1.384272289e+01 -9.861572771e+02 -9.861572771e+02 +1.1616e+00 +2.1791e+00 +9.4009e-01 +3.4962e+00 +4.6655e-01
1516 +1.178688904e+01 +1.178688904e+01 -9.882131110e+02 -9.882131110e+02 +9.1304e-02 +1.4843e+00 +9.3921e-01 +3.4720e+00 +1.4199e-01
1658 +1.094850493e+01 +1.094850493e+01 -9.890514951e+02 -9.890514951e+02 +1.6708e-01 +1.4576e+00 +9.4063e-01 +3.4966e+00 +1.3919e-01
1714 +1.066773967e+01 +1.066773967e+01 -9.893322603e+02 -9.893322603e+02 +2.2837e-01 +1.4667e+00 +8.9749e-01 +3.4647e+00 +1.5361e-01
1804 +1.032033852e+01 +1.032033852e+01 -9.896796615e+02 -9.896796615e+02 +1.7517e-01 +1.4546e+00 +8.9613e-01 +3.4849e+00 +1.4199e-01
1894 +1.011381829e+01 +1.011381829e+01 -9.898861817e+02 -9.898861817e+02 +1.8686e-01 +1.4635e+00 +9.0654e-01 +3.4827e+00 +1.3829e-01
2002 +9.955830564e+00 +9.955830564e+00 -9.900441694e+02 -9.900441694e+02 +2.1458e-01 +1.4845e+00 +9.0861e-01 +3.4779e+00 +1.3671e-01
4770 +9.020242513e+00 +9.020242513e+00 -9.909797575e+02 -9.909797575e+02 +1.8155e-01 +1.3946e+00 +8.9761e-01 +3.4942e+00 +4.9275e-01
4855 +7.914448917e+00 +7.914448917e+00 -9.920855511e+02 -9.920855511e+02 +1.8966e-01 +1.4978e+00 +9.1767e-01 +3.4643e+00 +5.2959e-01
4930 +7.641456572e+00 +7.641456572e+00 -9.923585434e+02 -9.923585434e+02 +1.9904e-01 +1.3963e+00 +9.2238e-01 +3.4713e+00 +5.1776e-01
4983 +7.305572038e+00 +7.305572038e+00 -9.926944280e+02 -9.926944280e+02 +1.7414e-01 +1.4703e+00 +9.1677e-01 +3.4691e+00 +5.1008e-01
4996 +7.238153160e+00 +7.238153160e+00 -9.927618468e+02 -9.927618468e+02 +1.9868e-01 +1.4620e+00 +9.1812e-01 +3.4705e+00 +5.1909e-01
5139 +7.051211381e+00 +7.051211381e+00 -9.929487886e+02 -9.929487886e+02 +2.0927e-01 +1.4725e+00 +9.1047e-01 +3.4814e+00 +5.1783e-01
8026 +5.323913657e+00 +5.323913657e+00 -9.946760863e+02 -9.946760863e+02 +2.1100e+00 +6.6541e-01 +9.0612e-01 +3.0140e+00 +8.1515e-01
8144 +3.687691735e+00 +3.687691735e+00 -9.963123083e+02 -9.963123083e+02 +2.1574e+00 +6.4082e-01 +9.2988e-01 +3.0548e+00 +8.0133e-01
8254 +3.376892404e+00 +3.376892404e+00 -9.966231076e+02 -9.966231076e+02 +2.1467e+00 +6.6086e-01 +9.5396e-01 +3.0722e+00 +8.0619e-01
8298 +3.274113161e+00 +3.274113161e+00 -9.967258868e+02 -9.967258868e+02 +2.1298e+00 +6.5639e-01 +8.8390e-01 +3.0767e+00 +8.0428e-01
8308 +3.097664532e+00 +3.097664532e+00 -9.969023355e+02 -9.969023355e+02 +2.1095e+00 +6.8042e-01 +9.2318e-01 +3.0555e+00 +8.1587e-01
8386 +2.949124996e+00 +2.949124996e+00 -9.970508750e+02 -9.970508750e+02 +2.1046e+00 +6.8422e-01 +9.0882e-01 +3.0833e+00 +8.1939e-01
8459 +2.508981545e+00 +2.508981545e+00 -9.974910185e+02 -9.974910185e+02 +2.1684e+00 +6.9974e-01 +9.1531e-01 +3.0800e+00 +8.2193e-01
8491 +2.361602378e+00 +2.361602378e+00 -9.976383976e+02 -9.976383976e+02 +2.1571e+00 +6.5872e-01 +9.3140e-01 +3.0668e+00 +8.1567e-01
8544 +2.317646278e+00 +2.317646278e+00 -9.976823537e+02 -9.976823537e+02 +2.1479e+00 +6.8899e-01 +9.1788e-01 +3.0683e+00 +8.1943e-01
8567 +2.278068816e+00 +2.278068816e+00 -9.977219312e+02 -9.977219312e+02 +2.1431e+00 +6.7123e-01 +8.9099e-01 +3.0700e+00 +8.1583e-01
8625 +2.214219881e+00 +2.214219881e+00 -9.977857801e+02 -9.977857801e+02 +2.1464e+00 +6.6204e-01 +9.0179e-01 +3.0691e+00 +8.1545e-01
8655 +2.148560751e+00 +2.148560751e+00 -9.978514392e+02 -9.978514392e+02 +2.1422e+00 +6.6949e-01 +8.9494e-01 +3.0687e+00 +8.2321e-01
8672 +2.117263513e+00 +2.117263513e+00 -9.978827365e+02 -9.978827365e+02 +2.1525e+00 +6.7046e-01 +8.9870e-01 +3.0720e+00 +8.1803e-01
8738 +2.063513910e+00 +2.063513910e+00 -9.979364861e+02 -9.979364861e+02 +2.1610e+00 +6.7299e-01 +9.0485e-01 +3.0716e+00 +8.1894e-01
8760 +2.027336468e+00 +2.027336468e+00 -9.979726635e+02 -9.979726635e+02 +2.1611e+00 +6.7194e-01 +9.0488e-01 +3.0725e+00 +8.2068e-01
9180 +1.994104025e+00 +1.994104025e+00 -9.980058960e+02 -9.980058960e+02 +2.1637e+00 +6.7002e-01 +9.0573e-01 +3.0718e+00 +8.2332e-01
