% function evaluation | noise-free fitness - Fopt (7.135000000000e+001) | best noise-free fitness - Fopt | measured fitness | best measured fitness | x1 | x2...
1 +5.650476606e+001 +5.650476606e+001 +1.278547661e+002 +1.278547661e+002 +0.0000e+000 +0.0000e+000 +0.0000e+000
5 +1.976567981e+001 +1.976567981e+001 +9.111567981e+001 +9.111567981e+001 +8.5093e-001 +3.4274e+000 -3.9272e-001
25 +1.716701935e+001 +1.716701935e+001 +8.851701935e+001 +8.851701935e+001 +9.3359e-001 +3.3712e+000 -1.9042e-001
40 +1.541560803e+001 +1.541560803e+001 +8.676560803e+001 +8.676560803e+001 +8.3701e-001 +3.3325e+000 -4.7782e-001
44 +1.138697423e+001 +1.138697423e+001 +8.273697423e+001 +8.273697423e+001 +8.7208e-001 +3.3689e+000 -3.2419e-001
219 +7.988240720e+000 +7.988240720e+000 +7.933824072e+001 +7.933824072e+001 +5.8442e-001 +3.6740e+000 -2.2561e-001
366 +7.907169983e+000 +7.907169983e+000 +7.925716998e+001 +7.925716998e+001 +6.2875e-001 +3.6397e+000 -1.9859e-001
406 +7.192623013e+000 +7.192623013e+000 +7.854262301e+001 +7.854262301e+001 +5.6204e-001 +3.6989e+000 -3.6442e-001
418 +4.765922185e+000 +4.765922185e+000 +7.611592218e+001 +7.611592218e+001 +5.4288e-001 +3.7005e+000 -3.0670e-001
496 +4.272516259e+000 +4.272516259e+000 +7.562251626e+001 +7.562251626e+001 +4.5250e-001 +3.8135e+000 -1.8055e-001
506 +2.715168642e+000 +2.715168642e+000 +7.406516864e+001 +7.406516864e+001 +4.8321e-001 +3.7914e+000 -2.3009e-001
1300 +2.615226263e+000 +2.615226263e+000 +7.396522626e+001 +7.396522626e+001 +4.8394e-001 +3.7940e+000 -2.1256e-001
1303 +2.549619882e+000 +2.549619882e+000 +7.389961988e+001 +7.389961988e+001 +4.8104e-001 +3.7956e+000 -2.1589e-001
1395 +2.430355649e+000 +2.430355649e+000 +7.378035565e+001 +7.378035565e+001 +4.7140e-001 +3.8089e+000 -2.0694e-001
1439 +2.367389869e+000 +2.367389869e+000 +7.371738987e+001 +7.371738987e+001 +4.7209e-001 +3.8068e+000 -2.1048e-001
1496 +2.264148984e+000 +2.264148984e+000 +7.361414898e+001 +7.361414898e+001 +4.7365e-001 +3.8039e+000 -2.1257e-001
1861 +2.229946666e+000 +2.229946666e+000 +7.357994667e+001 +7.357994667e+001 +4.7357e-001 +3.8039e+000 -2.1320e-001
1928 +2.187560693e+000 +2.187560693e+000 +7.353756069e+001 +7.353756069e+001 +4.7349e-001 +3.8040e+000 -2.1295e-001
2134 +2.135746808e+000 +2.135746808e+000 +7.348574681e+001 +7.348574681e+001 +4.7302e-001 +3.8046e+000 -2.1277e-001
2505 +2.085597382e+000 +2.085597382e+000 +7.343559738e+001 +7.343559738e+001 +4.7280e-001 +3.8049e+000 -2.1255e-001
% function evaluation | noise-free fitness - Fopt (-3.552200000000e+002) | best noise-free fitness - Fopt | measured fitness | best measured fitness | x1 | x2...
1 +1.157138576e+002 +1.157138576e+002 -2.395061424e+002 -2.395061424e+002 +0.0000e+000 +0.0000e+000 +0.0000e+000
2 +3.888305221e+001 +3.888305221e+001 -3.163369478e+002 -3.163369478e+002 -9.2277e-001 -3.5720e+000 -8.8756e-001
7 +2.964229345e+001 +2.964229345e+001 -3.255777065e+002 -3.255777065e+002 -9.6139e-001 -3.5930e+000 -9.7078e-001
18 +2.797552595e+001 +2.797552595e+001 -3.272444741e+002 -3.272444741e+002 -9.7009e-001 -3.6242e+000 -1.0097e+000
24 +2.334246936e+001 +2.334246936e+001 -3.318775306e+002 -3.318775306e+002 -8.2086e-001 -3.6721e+000 -8.5543e-001
28 +1.780208385e+001 +1.780208385e+001 -3.374179162e+002 -3.374179162e+002 -1.1354e+000 -3.8368e+000 -9.4098e-001
42 +1.458841656e+001 +1.458841656e+001 -3.406315834e+002 -3.406315834e+002 -1.2289e+000 -3.7897e+000 -1.0039e+000
79 +1.229312315e+001 +1.229312315e+001 -3.429268769e+002 -3.429268769e+002 -1.1681e+000 -4.0169e+000 -8.4513e-001
94 +1.199858343e+001 +1.199858343e+001 -3.432214166e+002 -3.432214166e+002 -1.1922e+000 -3.6410e+000 -9.8403e-001
117 +7.559439969e+000 +7.559439969e+000 -3.476605600e+002 -3.476605600e+002 -1.2017e+000 -3.9207e+000 -9.9259e-001
124 +4.491299152e+000 +4.491299152e+000 -3.507287008e+002 -3.507287008e+002 -1.2074e+000 -4.1425e+000 -1.0890e+000
319 +3.485359768e+000 +3.485359768e+000 -3.517346402e+002 -3.517346402e+002 -1.1938e+000 -3.9493e+000 -7.5647e-001
484 +3.233187715e+000 +3.233187715e+000 -3.519868123e+002 -3.519868123e+002 -1.1921e+000 -3.9401e+000 -7.3501e-001
594 +2.865966252e+000 +2.865966252e+000 -3.523540337e+002 -3.523540337e+002 -1.1913e+000 -3.9376e+000 -7.3630e-001
602 +2.799993659e+000 +2.799993659e+000 -3.524200063e+002 -3.524200063e+002 -1.1920e+000 -3.9354e+000 -7.3724e-001
660 +2.727805250e+000 +2.727805250e+000 -3.524921947e+002 -3.524921947e+002 -1.1923e+000 -3.9362e+000 -7.3674e-001
722 +2.608636266e+000 +2.608636266e+000 -3.526113637e+002 -3.526113637e+002 -1.1916e+000 -3.9368e+000 -7.4079e-001
990 +2.558113593e+000 +2.558113593e+000 -3.526618864e+002 -3.526618864e+002 -1.1915e+000 -3.9371e+000 -7.3986e-001
1024 +2.487641098e+000 +2.487641098e+000 -3.527323589e+002 -3.527323589e+002 -1.1916e+000 -3.9365e+000 -7.3847e-001
1100 +2.411952121e+000 +2.411952121e+000 -3.528080479e+002 -3.528080479e+002 -1.1914e+000 -3.9358e+000 -7.3827e-001
1232 +2.377266423e+000 +2.377266423e+000 -3.528427336e+002 -3.528427336e+002 -1.1914e+000 -3.9356e+000 -7.3794e-001
1867 +2.343151510e+000 +2.343151510e+000 -3.528768485e+002 -3.528768485e+002 -1.1914e+000 -3.9358e+000 -7.3821e-001
% function evaluation | noise-free fitness - Fopt (9.917000000000e+001) | best noise-free fitness - Fopt | measured fitness | best measured fitness | x1 | x2...
1 +1.430728932e+002 +1.430728932e+002 +2.422428932e+002 +2.422428932e+002 +0.0000e+000 +0.0000e+000 +0.0000e+000
29 +9.308865444e+001 +9.308865444e+001 +1.922586544e+002 +1.922586544e+002 -2.6111e+000 -2.5606e+000 -2.9368e+000
30 +8.931957780e+001 +8.931957780e+001 +1.884895778e+002 +1.884895778e+002 -2.5527e+000 -2.5918e+000 -2.8771e+000
48 +2.282576833e+001 +2.282576833e+001 +1.219957683e+002 +1.219957683e+002 -1.6035e+000 -3.0795e+000 -2.6890e+000
59 +1.269172750e+001 +1.269172750e+001 +1.118617275e+002 +1.118617275e+002 -3.5565e+000 -2.9428e+000 -2.7439e+000
118 +1.085322841e+001 +1.085322841e+001 +1.100232284e+002 +1.100232284e+002 -3.1099e+000 -2.2935e+000 -2.7444e+000
119 +6.160078329e+000 +6.160078329e+000 +1.053300783e+002 +1.053300783e+002 -3.5281e+000 -2.4432e+000 -2.8794e+000
138 +4.942519052e+000 +4.942519052e+000 +1.041125191e+002 +1.041125191e+002 -3.3705e+000 -2.3863e+000 -2.9147e+000
335 +4.033284807e+000 +4.033284807e+000 +1.032032848e+002 +1.032032848e+002 -3.5688e+000 -2.6772e+000 -2.6414e+000
396 +3.812956515e+000 +3.812956515e+000 +1.029829565e+002 +1.029829565e+002 -3.5001e+000 -2.5389e+000 -2.6669e+000
438 +2.593943659e+000 +2.593943659e+000 +1.017639437e+002 +1.017639437e+002 -3.5532e+000 -2.6191e+000 -2.6481e+000
526 +1.955687912e+000 +1.955687912e+000 +1.011256879e+002 +1.011256879e+002 -3.3620e+000 -2.4132e+000 -2.3741e+000
598 +1.077970182e+000 +1.077970182e+000 +1.002479702e+002 +1.002479702e+002 -3.3620e+000 -2.4347e+000 -2.2752e+000
656 +1.023881665e+000 +1.023881665e+000 +1.001938817e+002 +1.001938817e+002 -3.3728e+000 -2.4556e+000 -2.3035e+000
909 +8.999899346e-001 +8.999899346e-001 +1.000699899e+002 +1.000699899e+002 -3.5895e+000 -2.6750e+000 -2.1579e+000
1049 +8.196779025e-001 +8.196779025e-001 +9.998967790e+001 +9.998967790e+001 -3.5202e+000 -2.6460e+000 -2.2097e+000
1056 +7.943059559e-001 +7.943059559e-001 +9.996430596e+001 +9.996430596e+001 -3.5356e+000 -2.6509e+000 -2.1951e+000
1061 +7.688819445e-001 +7.688819445e-001 +9.993888194e+001 +9.993888194e+001 -3.5292e+000 -2.6418e+000 -2.1932e+000
1177 +6.472899822e-001 +6.472899822e-001 +9.981728998e+001 +9.981728998e+001 -3.5501e+000 -2.6553e+000 -2.1726e+000
1193 +6.172779139e-001 +6.172779139e-001 +9.978727791e+001 +9.978727791e+001 -3.5594e+000 -2.6569e+000 -2.1631e+000
1351 +5.730276349e-001 +5.730276349e-001 +9.974302763e+001 +9.974302763e+001 -3.5625e+000 -2.6591e+000 -2.1599e+000
1476 +5.162509678e-001 +5.162509678e-001 +9.968625097e+001 +9.968625097e+001 -3.5741e+000 -2.6638e+000 -2.1457e+000
1613 +4.749855984e-001 +4.749855984e-001 +9.964498560e+001 +9.964498560e+001 -3.5756e+000 -2.6669e+000 -2.1445e+000
1638 +4.574213119e-001 +4.574213119e-001 +9.962742131e+001 +9.962742131e+001 -3.5745e+000 -2.6661e+000 -2.1457e+000
1653 +4.421840340e-001 +4.421840340e-001 +9.961218403e+001 +9.961218403e+001 -3.5742e+000 -2.6649e+000 -2.1456e+000
1716 +4.238953286e-001 +4.238953286e-001 +9.959389533e+001 +9.959389533e+001 -3.5766e+000 -2.6666e+000 -2.1427e+000
1890 +4.157957180e-001 +4.157957180e-001 +9.958579572e+001 +9.958579572e+001 -3.5752e+000 -2.6656e+000 -2.1445e+000
2242 +4.034191686e-001 +4.034191686e-001 +9.957341917e+001 +9.957341917e+001 -3.5751e+000 -2.6657e+000 -2.1447e+000
6164 +2.062111187e-001 +2.062111187e-001 +9.937621112e+001 +9.937621112e+001 -3.7449e+000 -2.8405e+000 -1.9617e+000
6343 +1.847516855e-001 +1.847516855e-001 +9.935475169e+001 +9.935475169e+001 -3.7734e+000 -2.8698e+000 -1.9398e+000
6344 +1.474479957e-001 +1.474479957e-001 +9.931744800e+001 +9.931744800e+001 -3.7676e+000 -2.8752e+000 -1.9452e+000
6561 +1.325331913e-001 +1.325331913e-001 +9.930253319e+001 +9.930253319e+001 -3.7684e+000 -2.8725e+000 -1.9429e+000
6670 +1.284286887e-001 +1.284286887e-001 +9.929842869e+001 +9.929842869e+001 -3.7834e+000 -2.8762e+000 -1.9283e+000
6822 +1.211962933e-001 +1.211962933e-001 +9.929119629e+001 +9.929119629e+001 -3.7736e+000 -2.8732e+000 -1.9375e+000
6836 +1.195299840e-001 +1.195299840e-001 +9.928952998e+001 +9.928952998e+001 -3.7720e+000 -2.8693e+000 -1.9378e+000
6838 +9.945578810e-002 +9.945578810e-002 +9.926945579e+001 +9.926945579e+001 -3.7706e+000 -2.8687e+000 -1.9372e+000
7231 +9.749084554e-002 +9.749084554e-002 +9.926749085e+001 +9.926749085e+001 -3.7695e+000 -2.8680e+000 -1.9391e+000
7259 +8.662823901e-002 +8.662823901e-002 +9.925662824e+001 +9.925662824e+001 -3.7690e+000 -2.8676e+000 -1.9398e+000
7378 +7.556130911e-002 +7.556130911e-002 +9.924556131e+001 +9.924556131e+001 -3.7668e+000 -2.8654e+000 -1.9419e+000
7559 +7.394834759e-002 +7.394834759e-002 +9.924394835e+001 +9.924394835e+001 -3.7655e+000 -2.8640e+000 -1.9431e+000
7702 +6.834206486e-002 +6.834206486e-002 +9.923834206e+001 +9.923834206e+001 -3.7662e+000 -2.8648e+000 -1.9425e+000
8186 +6.758925816e-002 +6.758925816e-002 +9.923758926e+001 +9.923758926e+001 -3.7663e+000 -2.8649e+000 -1.9424e+000
% function evaluation | noise-free fitness - Fopt (-5.179100000000e+002) | best noise-free fitness - Fopt | measured fitness | best measured fitness | x1 | x2...
1 +2.600132960e+001 +2.600132960e+001 -4.919086704e+002 -4.919086704e+002 +0.0000e+000 +0.0000e+000 +0.0000e+000
158 +1.320709479e+001 +1.320709479e+001 -5.047029052e+002 -5.047029052e+002 -1.1023e+000 +3.1391e+000 +3.7464e+000
165 +3.808167830e+000 +3.808167830e+000 -5.141018322e+002 -5.141018322e+002 -1.3827e-001 +4.2655e+000 +4.1499e+000
950 +3.551679469e+000 +3.551679469e+000 -5.143583205e+002 -5.143583205e+002 -9.2568e-001 +3.0453e+000 +3.3451e+000
975 +3.471154006e+000 +3.471154006e+000 -5.144388460e+002 -5.144388460e+002 -9.3693e-001 +3.0646e+000 +3.3224e+000
990 +3.251827845e+000 +3.251827845e+000 -5.146581722e+002 -5.146581722e+002 -9.3160e-001 +3.0569e+000 +3.3339e+000
1034 +3.186634892e+000 +3.186634892e+000 -5.147233651e+002 -5.147233651e+002 -9.3706e-001 +3.0607e+000 +3.3262e+000
1067 +2.947912361e+000 +2.947912361e+000 -5.149620876e+002 -5.149620876e+002 -9.3445e-001 +3.0586e+000 +3.3278e+000
1562 +2.814872081e+000 +2.814872081e+000 -5.150951279e+002 -5.150951279e+002 -9.3179e-001 +3.0509e+000 +3.3391e+000
4226 +2.200255249e+000 +2.200255249e+000 -5.157097448e+002 -5.157097448e+002 -2.6470e-001 +3.9999e+000 -1.1928e+000
4424 +2.028699760e+000 +2.028699760e+000 -5.158813002e+002 -5.158813002e+002 -2.5644e-001 +3.9864e+000 -1.1831e+000
4499 +1.917114792e+000 +1.917114792e+000 -5.159928852e+002 -5.159928852e+002 -2.5753e-001 +3.9926e+000 -1.1794e+000
4776 +1.838742839e+000 +1.838742839e+000 -5.160712572e+002 -5.160712572e+002 -2.5702e-001 +3.9947e+000 -1.1768e+000
4842 +1.803154938e+000 +1.803154938e+000 -5.161068451e+002 -5.161068451e+002 -2.5565e-001 +3.9922e+000 -1.1749e+000
4864 +1.676021989e+000 +1.676021989e+000 -5.162339780e+002 -5.162339780e+002 -2.5363e-001 +3.9902e+000 -1.1731e+000
5083 +1.636698554e+000 +1.636698554e+000 -5.162733014e+002 -5.162733014e+002 -2.5090e-001 +3.9871e+000 -1.1719e+000
5418 +1.613017877e+000 +1.613017877e+000 -5.162969821e+002 -5.162969821e+002 -2.5303e-001 +3.9895e+000 -1.1745e+000
6000 +1.584085917e+000 +1.584085917e+000 -5.163259141e+002 -5.163259141e+002 -2.5348e-001 +3.9897e+000 -1.1752e+000
% function evaluation | noise-free fitness - Fopt (-5.721000000000e+001) | best noise-free fitness - Fopt | measured fitness | best measured fitness | x1 | x2...
1 +8.758449571e+001 +8.758449571e+001 +3.037449571e+001 +3.037449571e+001 +0.0000e+000 +0.0000e+000 +0.0000e+000
2 +1.805837874e+001 +1.805837874e+001 -3.915162126e+001 -3.915162126e+001 -1.0963e+000 -1.1784e+000 +8.7062e-001
5 +1.326109179e+001 +1.326109179e+001 -4.394890821e+001 -4.394890821e+001 -1.1037e+000 -1.2334e+000 +7.7606e-001
25 +8.920802209e+000 +8.920802209e+000 -4.828919779e+001 -4.828919779e+001 -1.0958e+000 -1.1779e+000 +6.2450e-001
35 +4.712970693e+000 +4.712970693e+000 -5.249702931e+001 -5.249702931e+001 -1.2438e+000 -1.4046e+000 +8.2150e-001
105 +4.285298342e+000 +4.285298342e+000 -5.292470166e+001 -5.292470166e+001 -1.3360e+000 -1.4579e+000 +8.8914e-001
196 +3.436555807e+000 +3.436555807e+000 -5.377344419e+001 -5.377344419e+001 -2.1919e+000 -1.5717e+000 +5.6359e-001
241 +2.464332172e+000 +2.464332172e+000 -5.474566783e+001 -5.474566783e+001 -2.1872e+000 -1.5306e+000 +5.3579e-001
290 +2.285201659e+000 +2.285201659e+000 -5.492479834e+001 -5.492479834e+001 -1.8882e+000 -1.2797e+000 +2.5987e-001
294 +1.161893828e+000 +1.161893828e+000 -5.604810617e+001 -5.604810617e+001 -2.3326e+000 -1.5271e+000 +4.4643e-001
301 +8.608678626e-001 +8.608678626e-001 -5.634913214e+001 -5.634913214e+001 -2.2756e+000 -1.4101e+000 +4.1611e-001
376 +6.680817498e-001 +6.680817498e-001 -5.654191825e+001 -5.654191825e+001 -2.0925e+000 -1.3177e+000 +2.6721e-001
393 +6.071799557e-001 +6.071799557e-001 -5.660282004e+001 -5.660282004e+001 -2.4585e+000 -1.5910e+000 +4.8026e-001
415 +3.585243003e-001 +3.585243003e-001 -5.685147570e+001 -5.685147570e+001 -2.1964e+000 -1.2774e+000 +1.6427e-001
442 +2.738847793e-001 +2.738847793e-001 -5.693611522e+001 -5.693611522e+001 -2.4012e+000 -1.5137e+000 +3.9756e-001
528 +1.714190394e-001 +1.714190394e-001 -5.703858096e+001 -5.703858096e+001 -2.3967e+000 -1.5109e+000 +3.7347e-001
622 +1.486020577e-001 +1.486020577e-001 -5.706139794e+001 -5.706139794e+001 -2.3645e+000 -1.4698e+000 +3.2480e-001
748 +1.148475370e-001 +1.148475370e-001 -5.709515246e+001 -5.709515246e+001 -2.3643e+000 -1.4729e+000 +3.3285e-001
789 +9.955431779e-002 +9.955431779e-002 -5.711044568e+001 -5.711044568e+001 -2.3555e+000 -1.4722e+000 +3.3760e-001
904 +9.626919812e-002 +9.626919812e-002 -5.711373080e+001 -5.711373080e+001 -2.3588e+000 -1.4712e+000 +3.2670e-001
1001 +9.231404077e-002 +9.231404077e-002 -5.711768596e+001 -5.711768596e+001 -2.3182e+000 -1.4295e+000 +2.9852e-001
1088 +8.327698896e-002 +8.327698896e-002 -5.712672301e+001 -5.712672301e+001 -2.3410e+000 -1.4518e+000 +3.1525e-001
1237 +8.187570869e-002 +8.187570869e-002 -5.712812429e+001 -5.712812429e+001 -2.3379e+000 -1.4506e+000 +3.1598e-001
1320 +8.112448122e-002 +8.112448122e-002 -5.712887552e+001 -5.712887552e+001 -2.3379e+000 -1.4498e+000 +3.1357e-001
1346 +7.466749123e-002 +7.466749123e-002 -5.713533251e+001 -5.713533251e+001 -2.3386e+000 -1.4501e+000 +3.1330e-001
1374 +6.853699488e-002 +6.853699488e-002 -5.714146301e+001 -5.714146301e+001 -2.3385e+000 -1.4501e+000 +3.1438e-001
1542 +6.475150699e-002 +6.475150699e-002 -5.714524849e+001 -5.714524849e+001 -2.3387e+000 -1.4503e+000 +3.1460e-001
1663 +6.407357952e-002 +6.407357952e-002 -5.714592642e+001 -5.714592642e+001 -2.3387e+000 -1.4504e+000 +3.1481e-001
1738 +6.204805602e-002 +6.204805602e-002 -5.714795194e+001 -5.714795194e+001 -2.3387e+000 -1.4503e+000 +3.1473e-001
1879 +6.086815636e-002 +6.086815636e-002 -5.714913184e+001 -5.714913184e+001 -2.3390e+000 -1.4507e+000 +3.1499e-001
1958 +5.963564987e-002 +5.963564987e-002 -5.715036435e+001 -5.715036435e+001 -2.3390e+000 -1.4507e+000 +3.1501e-001
% function evaluation | noise-free fitness - Fopt (-1.000000000000e+003) | best noise-free fitness - Fopt | measured fitness | best measured fitness | x1 | x2...
1 +3.177340174e+001 +3.177340174e+001 -9.682265983e+002 -9.682265983e+002 +0.0000e+000 +0.0000e+000 +0.0000e+000
50 +3.118657007e+001 +3.118657007e+001 -9.688134299e+002 -9.688134299e+002 -2.1879e+000 -4.1623e-001 +3.5089e+000
54 +1.888861429e+001 +1.888861429e+001 -9.811113857e+002 -9.811113857e+002 -2.1420e+000 -5.1238e-001 +3.5416e+000
70 +4.747481490e+000 +4.747481490e+000 -9.952525185e+002 -9.952525185e+002 -1.6624e+000 -5.8527e-001 +3.7587e+000
329 +3.275448132e+000 +3.275448132e+000 -9.967245519e+002 -9.967245519e+002 -2.6070e+000 -1.5002e+000 +2.5608e+000
349 +1.680610813e+000 +1.680610813e+000 -9.983193892e+002 -9.983193892e+002 -2.5532e+000 -1.7269e+000 +2.4905e+000
452 +1.189216687e+000 +1.189216687e+000 -9.988107833e+002 -9.988107833e+002 -2.5064e+000 -1.8634e+000 +2.3701e+000
465 +7.758800951e-001 +7.758800951e-001 -9.992241199e+002 -9.992241199e+002 -2.6811e+000 -1.9933e+000 +2.3087e+000
614 +6.953728888e-001 +6.953728888e-001 -9.993046271e+002 -9.993046271e+002 -2.6985e+000 -2.0516e+000 +2.2953e+000
657 +1.934176476e-001 +1.934176476e-001 -9.998065824e+002 -9.998065824e+002 -2.7700e+000 -2.0282e+000 +2.1191e+000
900 +1.151369995e-001 +1.151369995e-001 -9.998848630e+002 -9.998848630e+002 -2.7742e+000 -2.1136e+000 +2.1287e+000
1138 +2.815009905e-002 +2.815009905e-002 -9.999718499e+002 -9.999718499e+002 -2.7640e+000 -2.1899e+000 +2.1776e+000
1195 +3.759474962e-003 +3.759474962e-003 -9.999962405e+002 -9.999962405e+002 -2.7634e+000 -2.2211e+000 +2.1575e+000
1275 +1.481521513e-003 +1.481521513e-003 -9.999985185e+002 -9.999985185e+002 -2.7634e+000 -2.2020e+000 +2.1616e+000
1474 +6.580525969e-004 +6.580525969e-004 -9.999993419e+002 -9.999993419e+002 -2.7644e+000 -2.2010e+000 +2.1572e+000
1600 +4.116159776e-004 +4.116159776e-004 -9.999995884e+002 -9.999995884e+002 -2.7644e+000 -2.2005e+000 +2.1567e+000
1606 +3.901815766e-004 +3.901815766e-004 -9.999996098e+002 -9.999996098e+002 -2.7640e+000 -2.2036e+000 +2.1571e+000
1626 +8.647320328e-005 +8.647320328e-005 -9.999999135e+002 -9.999999135e+002 -2.7637e+000 -2.2068e+000 +2.1591e+000
1816 +3.130732114e-005 +3.130732114e-005 -9.999999687e+002 -9.999999687e+002 -2.7634e+000 -2.2082e+000 +2.1588e+000
1857 +6.575364068e-006 +6.575364068e-006 -9.999999934e+002 -9.999999934e+002 -2.7635e+000 -2.2088e+000 +2.1584e+000
1980 +2.644137453e-006 +2.644137453e-006 -9.999999974e+002 -9.999999974e+002 -2.7635e+000 -2.2086e+000 +2.1586e+000
2090 +1.496445293e-006 +1.496445293e-006 -9.999999985e+002 -9.999999985e+002 -2.7635e+000 -2.2085e+000 +2.1588e+000
2112 +7.357201639e-007 +7.357201639e-007 -9.999999993e+002 -9.999999993e+002 -2.7635e+000 -2.2088e+000 +2.1589e+000
2178 +5.917735280e-007 +5.917735280e-007 -9.999999994e+002 -9.999999994e+002 -2.7635e+000 -2.2085e+000 +2.1588e+000
2188 +3.895528380e-007 +3.895528380e-007 -9.999999996e+002 -9.999999996e+002 -2.7635e+000 -2.2084e+000 +2.1588e+000
2238 +1.325620360e-007 +1.325620360e-007 -9.999999999e+002 -9.999999999e+002 -2.7635e+000 -2.2085e+000 +2.1588e+000
2381 +5.648939805e-008 +5.648939805e-008 -9.999999999e+002 -9.999999999e+002 -2.7635e+000 -2.2085e+000 +2.1588e+000
2385 +4.744094895e-008 +4.744094895e-008 -1.000000000e+003 -1.000000000e+003 -2.7635e+000 -2.2085e+000 +2.1588e+000
2389 +3.398076842e-008 +3.398076842e-008 -1.000000000e+003 -1.000000000e+003 -2.7635e+000 -2.2085e+000 +2.1588e+000
2420 +2.911724550e-008 +2.911724550e-008 -1.000000000e+003 -1.000000000e+003 -2.7635e+000 -2.2085e+000 +2.1588e+000
2508 +2.330818916e-008 +2.330818916e-008 -1.000000000e+003 -1.000000000e+003 -2.7635e+000 -2.2085e+000 +2.1588e+000
2552 +2.248123110e-008 +2.248123110e-008 -1.000000000e+003 -1.000000000e+003 -2.7635e+000 -2.2085e+000 +2.1588e+000
2574 +1.726891696e-008 +1.726891696e-008 -1.000000000e+003 -1.000000000e+003 -2.7635e+000 -2.2085e+000 +2.1588e+000
4545 +7.704329619e-009 +7.704329619e-009 -1.000000000e+003 -1.000000000e+003 +3.6275e-001 -5.4250e-001 -2.1422e+000
% function evaluation | noise-free fitness - Fopt (-6.554000000000e+001) | best noise-free fitness - Fopt | measured fitness | best measured fitness | x1 | x2...
1 +3.309321730e+001 +3.309321730e+001 -3.244678270e+001 -3.244678270e+001 +0.0000e+000 +0.0000e+000 +0.0000e+000
66 +2.613458003e+001 +2.613458003e+001 -3.940541997e+001 -3.940541997e+001 -1.2307e+000 -1.2284e+000 +2.8698e+000
75 +2.357903544e+001 +2.357903544e+001 -4.196096456e+001 -4.196096456e+001 -1.3703e+000 -1.4330e+000 +2.7986e+000
138 +2.105308944e+000 +2.105308944e+000 -6.343469106e+001 -6.343469106e+001 -7.1894e-001 -2.4269e+000 +2.5738e+000
440 +1.325095103e+000 +1.325095103e+000 -6.421490490e+001 -6.421490490e+001 -5.5911e-001 -2.1084e+000 +2.3552e+000
821 +1.127029170e+000 +1.127029170e+000 -6.441297083e+001 -6.441297083e+001 -6.0136e-001 -2.2290e+000 +2.5889e+000
967 +1.071350149e+000 +1.071350149e+000 -6.446864985e+001 -6.446864985e+001 -5.7649e-001 -2.2009e+000 +2.4960e+000
1125 +9.291001144e-001 +9.291001144e-001 -6.461089989e+001 -6.461089989e+001 -3.6909e-001 -2.1864e+000 +2.5521e+000
1134 +5.535929264e-001 +5.535929264e-001 -6.498640707e+001 -6.498640707e+001 -5.7477e-001 -2.1229e+000 +2.3932e+000
1650 +5.159824382e-001 +5.159824382e-001 -6.502401756e+001 -6.502401756e+001 -5.7296e-001 -2.1080e+000 +2.3729e+000
1721 +4.460235520e-001 +4.460235520e-001 -6.509397645e+001 -6.509397645e+001 -5.6539e-001 -2.1059e+000 +2.3983e+000
1748 +4.237312192e-001 +4.237312192e-001 -6.511626878e+001 -6.511626878e+001 -5.0817e-001 -2.1208e+000 +2.4200e+000
1760 +2.909776842e-001 +2.909776842e-001 -6.524902232e+001 -6.524902232e+001 -5.2190e-001 -2.1113e+000 +2.4079e+000
1938 +2.329043847e-001 +2.329043847e-001 -6.530709562e+001 -6.530709562e+001 -6.9095e-001 -2.0182e+000 +2.2397e+000
1983 +2.147225448e-001 +2.147225448e-001 -6.532527746e+001 -6.532527746e+001 -5.9096e-001 -2.0189e+000 +2.2649e+000
2078 +1.456531835e-001 +1.456531835e-001 -6.539434682e+001 -6.539434682e+001 -7.1376e-001 -2.0029e+000 +2.1762e+000
2270 +1.169760414e-001 +1.169760414e-001 -6.542302396e+001 -6.542302396e+001 -6.9341e-001 -1.9908e+000 +2.1792e+000
2279 +1.115035834e-001 +1.115035834e-001 -6.542849642e+001 -6.542849642e+001 -6.8692e-001 -1.9868e+000 +2.1954e+000
2320 +7.791692077e-002 +7.791692077e-002 -6.546208308e+001 -6.546208308e+001 -6.8277e-001 -1.9450e+000 +2.1493e+000
2328 +4.518929152e-002 +4.518929152e-002 -6.549481071e+001 -6.549481071e+001 -6.8525e-001 -1.9367e+000 +2.1495e+000
2418 +3.431664206e-002 +3.431664206e-002 -6.550568336e+001 -6.550568336e+001 -6.9567e-001 -1.9480e+000 +2.1389e+000
2433 +2.194423974e-002 +2.194423974e-002 -6.551805576e+001 -6.551805576e+001 -6.5381e-001 -1.9452e+000 +2.1614e+000
2501 +1.646662554e-002 +1.646662554e-002 -6.552353337e+001 -6.552353337e+001 -6.5439e-001 -1.9379e+000 +2.1523e+000
3001 +1.406801344e-002 +1.406801344e-002 -6.552593199e+001 -6.552593199e+001 -6.7823e-001 -1.9368e+000 +2.1372e+000
3003 +1.344549814e-002 +1.344549814e-002 -6.552655450e+001 -6.552655450e+001 -6.7353e-001 -1.9219e+000 +2.1278e+000
3021 +1.249841857e-002 +1.249841857e-002 -6.552750158e+001 -6.552750158e+001 -6.7873e-001 -1.9314e+000 +2.1315e+000
3034 +1.210750454e-002 +1.210750454e-002 -6.552789250e+001 -6.552789250e+001 -6.7863e-001 -1.9314e+000 +2.1315e+000
3156 +9.679816536e-003 +9.679816536e-003 -6.553032018e+001 -6.553032018e+001 -6.7751e-001 -1.9320e+000 +2.1326e+000
3234 +7.954119407e-003 +7.954119407e-003 -6.553204588e+001 -6.553204588e+001 -6.7615e-001 -1.9279e+000 +2.1295e+000
3344 +7.535157044e-003 +7.535157044e-003 -6.553246484e+001 -6.553246484e+001 -6.7671e-001 -1.9290e+000 +2.1302e+000
% function evaluation | noise-free fitness - Fopt (-2.375000000000e+001) | best noise-free fitness - Fopt | measured fitness | best measured fitness | x1 | x2...
1 +7.978379990e+001 +7.978379990e+001 +5.603379990e+001 +5.603379990e+001 +0.0000e+000 +0.0000e+000 +0.0000e+000
2 +5.359220677e+001 +5.359220677e+001 +2.984220677e+001 +2.984220677e+001 -5.3967e+000 +1.1326e+000 -2.8947e+000
6 +5.025143154e+001 +5.025143154e+001 +2.650143154e+001 +2.650143154e+001 -5.3981e+000 +1.3246e+000 -2.8891e+000
8 +2.647735086e+001 +2.647735086e+001 +2.727350860e+000 +2.727350860e+000 -5.4862e+000 +1.2317e+000 -2.8834e+000
26 +2.570464128e+001 +2.570464128e+001 +1.954641276e+000 +1.954641276e+000 -5.4744e+000 +1.0177e+000 -2.9617e+000
27 +2.451753701e+001 +2.451753701e+001 +7.675370133e-001 +7.675370133e-001 -5.5710e+000 +1.2843e+000 -2.7981e+000
39 +1.820364173e+001 +1.820364173e+001 -5.546358274e+000 -5.546358274e+000 -5.5377e+000 +1.1927e+000 -2.8000e+000
44 +1.520410600e+001 +1.520410600e+001 -8.545894003e+000 -8.545894003e+000 -5.5260e+000 +1.1207e+000 -2.8280e+000
66 +1.453424731e+001 +1.453424731e+001 -9.215752689e+000 -9.215752689e+000 -5.5962e+000 +1.0923e+000 -2.7517e+000
77 +9.695672737e+000 +9.695672737e+000 -1.405432726e+001 -1.405432726e+001 -5.8418e+000 +1.3870e+000 -2.4966e+000
90 +6.500648158e+000 +6.500648158e+000 -1.724935184e+001 -1.724935184e+001 -5.7128e+000 +1.1305e+000 -2.3305e+000
248 +3.674506310e+000 +3.674506310e+000 -2.007549369e+001 -2.007549369e+001 -5.8680e+000 +2.2223e+000 -2.1956e+000
424 +2.712130262e+000 +2.712130262e+000 -2.103786974e+001 -2.103786974e+001 -5.8465e+000 +2.2544e+000 -2.2412e+000
954 +2.672521247e+000 +2.672521247e+000 -2.107747875e+001 -2.107747875e+001 -5.8722e+000 +2.4403e+000 -2.1993e+000
960 +2.560174422e+000 +2.560174422e+000 -2.118982558e+001 -2.118982558e+001 -5.8725e+000 +2.3993e+000 -2.1952e+000
1056 +2.507935257e+000 +2.507935257e+000 -2.124206474e+001 -2.124206474e+001 -5.8486e+000 +2.3165e+000 -2.1928e+000
1078 +2.444181322e+000 +2.444181322e+000 -2.130581868e+001 -2.130581868e+001 -5.8488e+000 +2.2972e+000 -2.2095e+000
1965 +2.398487485e+000 +2.398487485e+000 -2.135151251e+001 -2.135151251e+001 -5.8467e+000 +2.2756e+000 -2.2121e+000
% function evaluation | noise-free fitness - Fopt (3.513000000000e+001) | best noise-free fitness - Fopt | measured fitness | best measured fitness | x1 | x2...
1 +8.274571093e+001 +8.274571093e+001 +1.178757109e+002 +1.178757109e+002 +0.0000e+000 +0.0000e+000 +0.0000e+000
2 +7.464728663e+000 +7.464728663e+000 +4.259472866e+001 +4.259472866e+001 -2.7117e+000 +1.3419e-001 +4.5620e+000
4 +3.453243007e+000 +3.453243007e+000 +3.858324301e+001 +3.858324301e+001 -2.7655e+000 +7.0525e-002 +4.6504e+000
24 +2.237375283e+000 +2.237375283e+000 +3.736737528e+001 +3.736737528e+001 -2.5914e+000 -2.6489e-002 +4.6177e+000
33 +1.774803821e+000 +1.774803821e+000 +3.690480382e+001 +3.690480382e+001 -2.6080e+000 -2.7446e-002 +4.7871e+000
40 +1.680570640e+000 +1.680570640e+000 +3.681057064e+001 +3.681057064e+001 -2.5348e+000 +1.6422e-001 +4.6340e+000
42 +8.277114401e-001 +8.277114401e-001 +3.595771144e+001 +3.595771144e+001 -2.6075e+000 -4.3821e-002 +4.6948e+000
44 +9.313571193e-002 +9.313571193e-002 +3.522313571e+001 +3.522313571e+001 -2.6245e+000 +7.2913e-002 +4.6882e+000
138 +6.306727209e-002 +6.306727209e-002 +3.519306727e+001 +3.519306727e+001 -2.5473e+000 +2.2928e-002 +4.6676e+000
198 +5.383151485e-002 +5.383151485e-002 +3.518383151e+001 +3.518383151e+001 -2.5600e+000 -1.0208e-002 +4.6675e+000
288 +1.646831054e-002 +1.646831054e-002 +3.514646831e+001 +3.514646831e+001 -2.5639e+000 -1.5455e-003 +4.6657e+000
334 +2.326040669e-003 +2.326040669e-003 +3.513232604e+001 +3.513232604e+001 -2.5764e+000 +1.5290e-002 +4.6717e+000
528 +2.128059941e-003 +2.128059941e-003 +3.513212806e+001 +3.513212806e+001 -2.5804e+000 +2.4589e-002 +4.6765e+000
533 +6.128699639e-004 +6.128699639e-004 +3.513061287e+001 +3.513061287e+001 -2.5777e+000 +2.5608e-002 +4.6733e+000
645 +3.497046122e-004 +3.497046122e-004 +3.513034970e+001 +3.513034970e+001 -2.5732e+000 +2.1754e-002 +4.6708e+000
790 +3.349721274e-004 +3.349721274e-004 +3.513033497e+001 +3.513033497e+001 -2.5754e+000 +2.3399e-002 +4.6725e+000
792 +2.145837793e-004 +2.145837793e-004 +3.513021458e+001 +3.513021458e+001 -2.5758e+000 +2.1394e-002 +4.6723e+000
846 +4.344299361e-005 +4.344299361e-005 +3.513004344e+001 +3.513004344e+001 -2.5713e+000 +1.8697e-002 +4.6702e+000
1166 +2.689207838e-005 +2.689207838e-005 +3.513002689e+001 +3.513002689e+001 -2.5736e+000 +2.1543e-002 +4.6716e+000
1250 +2.617763016e-005 +2.617763016e-005 +3.513002618e+001 +3.513002618e+001 -2.5736e+000 +2.1587e-002 +4.6716e+000
1287 +2.475108265e-005 +2.475108265e-005 +3.513002475e+001 +3.513002475e+001 -2.5734e+000 +2.1379e-002 +4.6715e+000
1430 +1.614797675e-005 +1.614797675e-005 +3.513001615e+001 +3.513001615e+001 -2.5733e+000 +2.1384e-002 +4.6714e+000
1545 +1.523206461e-005 +1.523206461e-005 +3.513001523e+001 +3.513001523e+001 -2.5733e+000 +2.1351e-002 +4.6714e+000
1584 +1.456617579e-005 +1.456617579e-005 +3.513001457e+001 +3.513001457e+001 -2.5733e+000 +2.1337e-002 +4.6714e+000
1848 +1.295478054e-005 +1.295478054e-005 +3.513001295e+001 +3.513001295e+001 -2.5734e+000 +2.1424e-002 +4.6714e+000
1999 +1.271096308e-005 +1.271096308e-005 +3.513001271e+001 +3.513001271e+001 -2.5734e+000 +2.1386e-002 +4.6714e+000
2016 +1.191136784e-005 +1.191136784e-005 +3.513001191e+001 +3.513001191e+001 -2.5734e+000 +2.1384e-002 +4.6714e+000
2075 +1.093323258e-005 +1.093323258e-005 +3.513001093e+001 +3.513001093e+001 -2.5734e+000 +2.1385e-002 +4.6714e+000
2356 +1.063897780e-005 +1.063897780e-005 +3.513001064e+001 +3.513001064e+001 -2.5734e+000 +2.1371e-002 +4.6714e+000
2732 +1.038950514e-005 +1.038950514e-005 +3.513001039e+001 +3.513001039e+001 -2.5734e+000 +2.1369e-002 +4.6714e+000
3107 +1.011249130e-005 +1.011249130e-005 +3.513001011e+001 +3.513001011e+001 -2.5734e+000 +2.1364e-002 +4.6714e+000
3239 +9.840048662e-006 +9.840048662e-006 +3.513000984e+001 +3.513000984e+001 -2.5734e+000 +2.1364e-002 +4.6714e+000
3284 +9.727613175e-006 +9.727613175e-006 +3.513000973e+001 +3.513000973e+001 -2.5733e+000 +2.1364e-002 +4.6714e+000
3440 +9.519712854e-006 +9.519712854e-006 +3.513000952e+001 +3.513000952e+001 -2.5733e+000 +2.1361e-002 +4.6714e+000
3469 +9.327633258e-006 +9.327633258e-006 +3.513000933e+001 +3.513000933e+001 -2.5733e+000 +2.1360e-002 +4.6714e+000
3621 +9.080014834e-006 +9.080014834e-006 +3.513000908e+001 +3.513000908e+001 -2.5733e+000 +2.1358e-002 +4.6714e+000
% function evaluation | noise-free fitness - Fopt (-7.982000000000e+001) | best noise-free fitness - Fopt | measured fitness | best measured fitness | x1 | x2...
1 +3.902901381e+001 +3.902901381e+001 -4.079098619e+001 -4.079098619e+001 +0.0000e+000 +0.0000e+000 +0.0000e+000
3 +2.517831429e+001 +2.517831429e+001 -5.464168571e+001 -5.464168571e+001 +1.5108e-001 -3.5544e+000 -2.6993e-001
35 +2.319365952e+001 +2.319365952e+001 -5.662634048e+001 -5.662634048e+001 -1.2721e-001 -3.4631e+000 -2.6835e-001
39 +2.143570173e+001 +2.143570173e+001 -5.838429827e+001 -5.838429827e+001 -5.3425e-002 -3.4896e+000 -2.9727e-001
41 +2.013147513e+001 +2.013147513e+001 -5.968852487e+001 -5.968852487e+001 -8.0092e-003 -3.6900e+000 -4.0467e-001
46 +1.616096865e+001 +1.616096865e+001 -6.365903135e+001 -6.365903135e+001 +3.2221e-002 -3.7175e+000 -3.6837e-001
52 +8.974240941e+000 +8.974240941e+000 -7.084575906e+001 -7.084575906e+001 +1.0426e-002 -3.6183e+000 -2.0200e-001
77 +5.921917272e+000 +5.921917272e+000 -7.389808273e+001 -7.389808273e+001 -2.2171e-001 -3.6400e+000 -8.6863e-002
132 +3.768491925e+000 +3.768491925e+000 -7.605150807e+001 -7.605150807e+001 -8.6791e-002 -3.7202e+000 -2.4375e-001
285 +3.166896673e+000 +3.166896673e+000 -7.665310333e+001 -7.665310333e+001 -4.2677e-001 -3.6364e+000 -2.5188e-001
477 +2.592943537e+000 +2.592943537e+000 -7.722705646e+001 -7.722705646e+001 -3.4538e-001 -3.6781e+000 -3.0920e-001
660 +2.349695951e+000 +2.349695951e+000 -7.747030405e+001 -7.747030405e+001 -3.1571e-001 -3.6896e+000 -3.4813e-001
1043 +2.311289758e+000 +2.311289758e+000 -7.750871024e+001 -7.750871024e+001 -3.3988e-001 -3.6769e+000 -3.2307e-001
1056 +2.266042418e+000 +2.266042418e+000 -7.755395758e+001 -7.755395758e+001 -3.3577e-001 -3.6786e+000 -3.2337e-001
1069 +2.171824086e+000 +2.171824086e+000 -7.764817591e+001 -7.764817591e+001 -3.4050e-001 -3.6774e+000 -3.1901e-001
1100 +2.021256575e+000 +2.021256575e+000 -7.779874343e+001 -7.779874343e+001 -3.4178e-001 -3.6772e+000 -3.2015e-001
1253 +1.965300876e+000 +1.965300876e+000 -7.785469912e+001 -7.785469912e+001 -3.4984e-001 -3.6768e+000 -3.1440e-001
1276 +1.857930894e+000 +1.857930894e+000 -7.796206911e+001 -7.796206911e+001 -3.5211e-001 -3.6761e+000 -3.0992e-001
1340 +1.707874883e+000 +1.707874883e+000 -7.811212512e+001 -7.811212512e+001 -3.5345e-001 -3.6760e+000 -3.0928e-001
1391 +1.661556835e+000 +1.661556835e+000 -7.815844316e+001 -7.815844316e+001 -3.5549e-001 -3.6753e+000 -3.0897e-001
1452 +1.632081588e+000 +1.632081588e+000 -7.818791841e+001 -7.818791841e+001 -3.5304e-001 -3.6758e+000 -3.1136e-001
1467 +1.619018989e+000 +1.619018989e+000 -7.820098101e+001 -7.820098101e+001 -3.5485e-001 -3.6752e+000 -3.1014e-001
1548 +1.561007775e+000 +1.561007775e+000 -7.825899222e+001 -7.825899222e+001 -3.5486e-001 -3.6755e+000 -3.1033e-001
1624 +1.538417193e+000 +1.538417193e+000 -7.828158281e+001 -7.828158281e+001 -3.5458e-001 -3.6754e+000 -3.0997e-001
1703 +1.494024664e+000 +1.494024664e+000 -7.832597534e+001 -7.832597534e+001 -3.5469e-001 -3.6755e+000 -3.1018e-001
1870 +1.477952731e+000 +1.477952731e+000 -7.834204727e+001 -7.834204727e+001 -3.5471e-001 -3.6755e+000 -3.1010e-001
3926 +1.090438449e+000 +1.090438449e+000 -7.872956155e+001 -7.872956155e+001 -3.5142e+000 +2.5629e+000 +4.5546e-001
4098 +1.011394710e+000 +1.011394710e+000 -7.880860529e+001 -7.880860529e+001 -3.7037e+000 +2.5951e+000 +5.0462e-001
4116 +5.448104517e-001 +5.448104517e-001 -7.927518955e+001 -7.927518955e+001 -3.8013e+000 +2.6851e+000 +5.5208e-001
4204 +2.565818477e-001 +2.565818477e-001 -7.956341815e+001 -7.956341815e+001 -3.7722e+000 +2.6251e+000 +4.7507e-001
4248 +6.088898192e-002 +6.088898192e-002 -7.975911102e+001 -7.975911102e+001 -3.7792e+000 +2.6425e+000 +4.9852e-001
4314 +4.817812319e-002 +4.817812319e-002 -7.977182188e+001 -7.977182188e+001 -3.7747e+000 +2.6454e+000 +4.9315e-001
4326 +7.814096187e-003 +7.814096187e-003 -7.981218590e+001 -7.981218590e+001 -3.8192e+000 +2.6603e+000 +5.0253e-001
4497 +6.333165999e-003 +6.333165999e-003 -7.981366683e+001 -7.981366683e+001 -3.7846e+000 +2.6554e+000 +5.0038e-001
4565 +4.586817501e-003 +4.586817501e-003 -7.981541318e+001 -7.981541318e+001 -3.7772e+000 +2.6507e+000 +4.9840e-001
4669 +4.144715112e-003 +4.144715112e-003 -7.981585528e+001 -7.981585528e+001 -3.7756e+000 +2.6518e+000 +4.9927e-001
4703 +2.568704844e-003 +2.568704844e-003 -7.981743130e+001 -7.981743130e+001 -3.7776e+000 +2.6509e+000 +4.9736e-001
4888 +2.132897944e-003 +2.132897944e-003 -7.981786710e+001 -7.981786710e+001 -3.7815e+000 +2.6529e+000 +4.9943e-001
4930 +1.846938135e-003 +1.846938135e-003 -7.981815306e+001 -7.981815306e+001 -3.7792e+000 +2.6518e+000 +4.9829e-001
5254 +1.613936789e-003 +1.613936789e-003 -7.981838606e+001 -7.981838606e+001 -3.7842e+000 +2.6540e+000 +5.0015e-001
5348 +1.266554040e-003 +1.266554040e-003 -7.981873345e+001 -7.981873345e+001 -3.7830e+000 +2.6535e+000 +4.9979e-001
5536 +1.252138734e-003 +1.252138734e-003 -7.981874786e+001 -7.981874786e+001 -3.7826e+000 +2.6533e+000 +4.9966e-001
5841 +1.086978965e-003 +1.086978965e-003 -7.981891302e+001 -7.981891302e+001 -3.7829e+000 +2.6535e+000 +4.9976e-001
6008 +1.061033626e-003 +1.061033626e-003 -7.981893897e+001 -7.981893897e+001 -3.7829e+000 +2.6535e+000 +4.9976e-001
6051 +1.045387021e-003 +1.045387021e-003 -7.981895461e+001 -7.981895461e+001 -3.7829e+000 +2.6535e+000 +4.9976e-001
6396 +1.022053437e-003 +1.022053437e-003 -7.981897795e+001 -7.981897795e+001 -3.7829e+000 +2.6535e+000 +4.9976e-001
6975 +9.993055771e-004 +9.993055771e-004 -7.981900069e+001 -7.981900069e+001 -3.7829e+000 +2.6535e+000 +4.9976e-001
% function evaluation | noise-free fitness - Fopt (1.925800000000e+002) | best noise-free fitness - Fopt | measured fitness | best measured fitness | x1 | x2...
1 +2.784913069e+001 +2.784913069e+001 +2.204291307e+002 +2.204291307e+002 +0.0000e+000 +0.0000e+000 +0.0000e+000
174 +2.469773661e+001 +2.469773661e+001 +2.172777366e+002 +2.172777366e+002 +5.1436e-001 +1.1233e+000 -4.4192e+000
251 +2.335742458e+001 +2.335742458e+001 +2.159374246e+002 +2.159374246e+002 +2.3879e-001 +1.4663e+000 -3.7597e+000
261 +1.604665359e+001 +1.604665359e+001 +2.086266536e+002 +2.086266536e+002 +3.1575e-001 +1.5271e+000 -3.8861e+000
340 +8.437932920e+000 +8.437932920e+000 +2.010179329e+002 +2.010179329e+002 +3.8890e-001 +1.2700e+000 -3.2754e+000
564 +4.578981990e+000 +4.578981990e+000 +1.971589820e+002 +1.971589820e+002 +3.0781e-001 +1.4820e+000 -3.2045e+000
660 +2.788977333e+000 +2.788977333e+000 +1.953689773e+002 +1.953689773e+002 +2.7973e-001 +1.5524e+000 -3.1106e+000
836 +1.814976582e+000 +1.814976582e+000 +1.943949766e+002 +1.943949766e+002 +2.9089e-001 +1.5244e+000 -3.1323e+000
1111 +1.685470039e+000 +1.685470039e+000 +1.942654700e+002 +1.942654700e+002 +2.9552e-001 +1.5131e+000 -3.1107e+000
1122 +1.563852862e+000 +1.563852862e+000 +1.941438529e+002 +1.941438529e+002 +2.9293e-001 +1.5184e+000 -3.1218e+000
1245 +1.527840762e+000 +1.527840762e+000 +1.941078408e+002 +1.941078408e+002 +2.9219e-001 +1.5208e+000 -3.1168e+000
1300 +1.466367103e+000 +1.466367103e+000 +1.940463671e+002 +1.940463671e+002 +2.9340e-001 +1.5175e+000 -3.1178e+000
1317 +1.410929315e+000 +1.410929315e+000 +1.939909293e+002 +1.939909293e+002 +2.9334e-001 +1.5184e+000 -3.1158e+000
1437 +1.352932894e+000 +1.352932894e+000 +1.939329329e+002 +1.939329329e+002 +2.9368e-001 +1.5180e+000 -3.1147e+000
1540 +1.338230110e+000 +1.338230110e+000 +1.939182301e+002 +1.939182301e+002 +2.9334e-001 +1.5179e+000 -3.1154e+000
1769 +1.309458266e+000 +1.309458266e+000 +1.938894583e+002 +1.938894583e+002 +2.9338e-001 +1.5179e+000 -3.1161e+000
1804 +1.283772380e+000 +1.283772380e+000 +1.938637724e+002 +1.938637724e+002 +2.9350e-001 +1.5177e+000 -3.1154e+000
2134 +1.256616234e+000 +1.256616234e+000 +1.938366162e+002 +1.938366162e+002 +2.9349e-001 +1.5177e+000 -3.1153e+000
5643 +7.565759729e-001 +7.565759729e-001 +1.933365760e+002 +1.933365760e+002 +2.3448e+000 +2.2324e+000 -3.4353e+000
5739 +5.147634666e-001 +5.147634666e-001 +1.930947635e+002 +1.930947635e+002 +2.3506e+000 +2.1831e+000 -3.5075e+000
5778 +4.736736356e-001 +4.736736356e-001 +1.930536736e+002 +1.930536736e+002 +2.3521e+000 +2.2051e+000 -3.5937e+000
5887 +4.288878078e-001 +4.288878078e-001 +1.930088878e+002 +1.930088878e+002 +2.3456e+000 +2.2043e+000 -3.3680e+000
5898 +3.164519750e-001 +3.164519750e-001 +1.928964520e+002 +1.928964520e+002 +2.3646e+000 +2.1363e+000 -3.3573e+000
5920 +2.297057041e-001 +2.297057041e-001 +1.928097057e+002 +1.928097057e+002 +2.3547e+000 +2.1046e+000 -3.2133e+000
5966 +8.761041747e-002 +8.761041747e-002 +1.926676104e+002 +1.926676104e+002 +2.3707e+000 +2.1009e+000 -3.2206e+000
6136 +3.623621948e-002 +3.623621948e-002 +1.926162362e+002 +1.926162362e+002 +2.3820e+000 +2.0912e+000 -3.1689e+000
6205 +1.428400812e-002 +1.428400812e-002 +1.925942840e+002 +1.925942840e+002 +2.3729e+000 +2.1185e+000 -3.1810e+000
6490 +1.566142002e-003 +1.566142002e-003 +1.925815661e+002 +1.925815661e+002 +2.3677e+000 +2.1255e+000 -3.1934e+000
6722 +1.050356990e-003 +1.050356990e-003 +1.925810504e+002 +1.925810504e+002 +2.3693e+000 +2.1252e+000 -3.1874e+000
6822 +1.357468030e-004 +1.357468030e-004 +1.925801357e+002 +1.925801357e+002 +2.3684e+000 +2.1249e+000 -3.1878e+000
6877 +1.187199716e-004 +1.187199716e-004 +1.925801187e+002 +1.925801187e+002 +2.3692e+000 +2.1239e+000 -3.1857e+000
6910 +1.096585430e-005 +1.096585430e-005 +1.925800110e+002 +1.925800110e+002 +2.3688e+000 +2.1247e+000 -3.1861e+000
7031 +7.686134609e-006 +7.686134609e-006 +1.925800077e+002 +1.925800077e+002 +2.3687e+000 +2.1251e+000 -3.1868e+000
7083 +6.824049706e-006 +6.824049706e-006 +1.925800068e+002 +1.925800068e+002 +2.3687e+000 +2.1247e+000 -3.1863e+000
7086 +6.066549531e-006 +6.066549531e-006 +1.925800061e+002 +1.925800061e+002 +2.3687e+000 +2.1249e+000 -3.1861e+000
7108 +3.675297592e-006 +3.675297592e-006 +1.925800037e+002 +1.925800037e+002 +2.3688e+000 +2.1248e+000 -3.1855e+000
7156 +2.108678274e-006 +2.108678274e-006 +1.925800021e+002 +1.925800021e+002 +2.3689e+000 +2.1246e+000 -3.1853e+000
7179 +1.915406045e-006 +1.915406045e-006 +1.925800019e+002 +1.925800019e+002 +2.3688e+000 +2.1248e+000 -3.1857e+000
7218 +1.149540310e-006 +1.149540310e-006 +1.925800011e+002 +1.925800011e+002 +2.3688e+000 +2.1248e+000 -3.1860e+000
7284 +6.815586744e-007 +6.815586744e-007 +1.925800007e+002 +1.925800007e+002 +2.3688e+000 +2.1248e+000 -3.1858e+000
7286 +2.090921782e-007 +2.090921782e-007 +1.925800002e+002 +1.925800002e+002 +2.3688e+000 +2.1248e+000 -3.1859e+000
7372 +3.765237011e-008 +3.765237011e-008 +1.925800000e+002 +1.925800000e+002 +2.3688e+000 +2.1248e+000 -3.1859e+000
7460 +1.433934926e-008 +1.433934926e-008 +1.925800000e+002 +1.925800000e+002 +2.3688e+000 +2.1248e+000 -3.1859e+000
7592 +1.362823809e-008 +1.362823809e-008 +1.925800000e+002 +1.925800000e+002 +2.3688e+000 +2.1248e+000 -3.1859e+000
7658 +5.770090183e-009 +5.770090183e-009 +1.925800000e+002 +1.925800000e+002 +2.3688e+000 +2.1248e+000 -3.1859e+000
% function evaluation | noise-free fitness - Fopt (-2.684800000000e+002) | best noise-free fitness - Fopt | measured fitness | best measured fitness | x1 | x2...
1 +1.322416434e+002 +1.322416434e+002 -1.362383566e+002 -1.362383566e+002 +0.0000e+000 +0.0000e+000 +0.0000e+000
3 +1.074973716e+002 +1.074973716e+002 -1.609826284e+002 -1.609826284e+002 +2.0511e-001 -6.5617e-001 +6.3040e+000
11 +8.416369158e+001 +8.416369158e+001 -1.843163084e+002 -1.843163084e+002 +2.9462e-001 -5.4521e-001 +6.2685e+000
27 +8.273559604e+001 +8.273559604e+001 -1.857444040e+002 -1.857444040e+002 +2.2819e-001 -5.8255e-001 +6.2794e+000
38 +7.012821792e+001 +7.012821792e+001 -1.983517821e+002 -1.983517821e+002 +1.4876e-001 -5.4398e-001 +6.2900e+000
41 +6.354429919e+001 +6.354429919e+001 -2.049357008e+002 -2.049357008e+002 +1.0333e-001 -4.5979e-001 +6.1284e+000
46 +4.997440809e+001 +4.997440809e+001 -2.185055919e+002 -2.185055919e+002 -1.9743e-001 -4.8025e-001 +6.2049e+000
49 +4.844121648e+001 +4.844121648e+001 -2.200387835e+002 -2.200387835e+002 +6.0903e-002 -4.3665e-001 +6.2129e+000
73 +2.373017952e+001 +2.373017952e+001 -2.447498205e+002 -2.447498205e+002 -3.2915e-001 -3.6749e-001 +5.8625e+000
105 +1.266620649e+001 +1.266620649e+001 -2.558137935e+002 -2.558137935e+002 -4.4531e-001 -8.7465e-002 +6.2718e+000
154 +1.228353850e+001 +1.228353850e+001 -2.561964615e+002 -2.561964615e+002 -6.2169e-001 +4.0153e-002 +6.1511e+000
162 +8.496529387e+000 +8.496529387e+000 -2.599834706e+002 -2.599834706e+002 -1.5593e+000 -2.7497e-001 +6.3372e+000
283 +8.092340888e+000 +8.092340888e+000 -2.603876591e+002 -2.603876591e+002 -7.9564e-001 -9.9391e-003 +6.1065e+000
334 +6.815813002e+000 +6.815813002e+000 -2.616641870e+002 -2.616641870e+002 -9.1505e-001 -1.1581e-001 +6.1417e+000
383 +6.460627810e+000 +6.460627810e+000 -2.620193722e+002 -2.620193722e+002 -8.1779e-001 -8.3860e-002 +6.1361e+000
396 +6.363149951e+000 +6.363149951e+000 -2.621168500e+002 -2.621168500e+002 -7.9030e-001 -6.8752e-002 +6.1464e+000
440 +6.053550180e+000 +6.053550180e+000 -2.624264498e+002 -2.624264498e+002 -7.8566e-001 -9.4421e-002 +6.1367e+000
451 +5.368422151e+000 +5.368422151e+000 -2.631115778e+002 -2.631115778e+002 -7.7415e-001 -9.0969e-002 +6.1459e+000
523 +5.243998245e+000 +5.243998245e+000 -2.632360018e+002 -2.632360018e+002 -7.8343e-001 -8.8670e-002 +6.1454e+000
755 +5.065592146e+000 +5.065592146e+000 -2.634144079e+002 -2.634144079e+002 -8.3849e-001 -1.1726e-001 +6.1590e+000
1046 +4.955068475e+000 +4.955068475e+000 -2.635249315e+002 -2.635249315e+002 -8.3102e-001 -1.1527e-001 +6.1593e+000
1699 +4.889095550e+000 +4.889095550e+000 -2.635909044e+002 -2.635909044e+002 -8.2358e-001 -1.1203e-001 +6.1571e+000
5480 +4.689551421e+000 +4.689551421e+000 -2.637904486e+002 -2.637904486e+002 -6.1757e+000 +1.8159e+000 +5.3124e-001
5506 +4.635860704e+000 +4.635860704e+000 -2.638441393e+002 -2.638441393e+002 -6.1535e+000 +1.8021e+000 +5.5011e-001
5524 +4.466677978e+000 +4.466677978e+000 -2.640133220e+002 -2.640133220e+002 -6.0244e+000 +1.8476e+000 +4.9552e-001
5546 +4.246274505e+000 +4.246274505e+000 -2.642337255e+002 -2.642337255e+002 -6.0502e+000 +1.8930e+000 +5.2501e-001
5562 +3.916251806e+000 +3.916251806e+000 -2.645637482e+002 -2.645637482e+002 -5.9754e+000 +1.8271e+000 +5.7791e-001
5666 +3.785993485e+000 +3.785993485e+000 -2.646940065e+002 -2.646940065e+002 -5.7361e+000 +2.1477e+000 +4.6782e-001
5668 +3.665075763e+000 +3.665075763e+000 -2.648149242e+002 -2.648149242e+002 -5.9791e+000 +1.8510e+000 +5.3659e-001
5720 +2.781172335e+000 +2.781172335e+000 -2.656988277e+002 -2.656988277e+002 -5.6696e+000 +2.0308e+000 +4.3971e-001
% function evaluation | noise-free fitness - Fopt (-1.000000000000e+003) | best noise-free fitness - Fopt | measured fitness | best measured fitness | x1 | x2...
1 +2.928115252e+001 +2.928115252e+001 -9.707188475e+002 -9.707188475e+002 +0.0000e+000 +0.0000e+000 +0.0000e+000
69 +2.482530660e+001 +2.482530660e+001 -9.751746934e+002 -9.751746934e+002 +2.2785e-001 +9.6194e-001 -5.0066e+000
90 +1.661439484e+001 +1.661439484e+001 -9.833856052e+002 -9.833856052e+002 +1.5540e+000 -1.0589e+000 -4.5160e+000
174 +1.576797300e+001 +1.576797300e+001 -9.842320270e+002 -9.842320270e+002 +1.7073e+000 -1.1358e+000 -5.3032e+000
201 +1.336457771e+001 +1.336457771e+001 -9.866354223e+002 -9.866354223e+002 +1.1498e+000 -1.0848e+000 -5.0140e+000
220 +1.233030706e+001 +1.233030706e+001 -9.876696929e+002 -9.876696929e+002 +1.2136e+000 -1.0546e+000 -5.3696e+000
352 +1.069943198e+001 +1.069943198e+001 -9.893005680e+002 -9.893005680e+002 +1.3904e+000 -1.1431e+000 -5.1443e+000
374 +5.432415888e+000 +5.432415888e+000 -9.945675841e+002 -9.945675841e+002 +1.5589e+000 -1.1710e+000 -4.8917e+000
393 +3.069671501e+000 +3.069671501e+000 -9.969303285e+002 -9.969303285e+002 +1.6413e+000 -1.1322e+000 -4.7195e+000
1327 +2.990531766e+000 +2.990531766e+000 -9.970094682e+002 -9.970094682e+002 +1.9656e+000 -1.2342e+000 -4.6890e+000
1663 +2.940353315e+000 +2.940353315e+000 -9.970596467e+002 -9.970596467e+002 +1.8405e+000 -1.1979e+000 -4.7205e+000
1694 +2.650153826e+000 +2.650153826e+000 -9.973498462e+002 -9.973498462e+002 +1.8659e+000 -1.2049e+000 -4.7029e+000
1771 +2.579894809e+000 +2.579894809e+000 -9.974201052e+002 -9.974201052e+002 +1.8451e+000 -1.1995e+000 -4.7129e+000
1933 +2.391856643e+000 +2.391856643e+000 -9.976081434e+002 -9.976081434e+002 +1.8442e+000 -1.1975e+000 -4.7092e+000
5951 +1.071398531e+000 +1.071398531e+000 -9.989286015e+002 -9.989286015e+002 -2.3357e+000 +4.4376e+000 -4.8485e-001
5964 +5.125877392e-001 +5.125877392e-001 -9.994874123e+002 -9.994874123e+002 -2.6158e+000 +4.3698e+000 -7.7993e-001
6003 +3.809080603e-001 +3.809080603e-001 -9.996190919e+002 -9.996190919e+002 -2.5849e+000 +4.3863e+000 -7.9322e-001
7464 +3.617930678e-001 +3.617930678e-001 -9.996382069e+002 -9.996382069e+002 -2.7226e+000 +4.3935e+000 -1.0060e+000
7657 +3.502481852e-001 +3.502481852e-001 -9.996497518e+002 -9.996497518e+002 -2.7277e+000 +4.3958e+000 -1.0078e+000
7783 +3.242802556e-001 +3.242802556e-001 -9.996757197e+002 -9.996757197e+002 -2.7221e+000 +4.3939e+000 -1.0063e+000
7863 +3.231513547e-001 +3.231513547e-001 -9.996768486e+002 -9.996768486e+002 -2.7241e+000 +4.3947e+000 -1.0065e+000
7922 +3.123360154e-001 +3.123360154e-001 -9.996876640e+002 -9.996876640e+002 -2.7226e+000 +4.3944e+000 -1.0056e+000
7966 +3.029552982e-001 +3.029552982e-001 -9.996970447e+002 -9.996970447e+002 -2.7224e+000 +4.3943e+000 -1.0058e+000
8076 +2.971569144e-001 +2.971569144e-001 -9.997028431e+002 -9.997028431e+002 -2.7221e+000 +4.3941e+000 -1.0058e+000
8164 +2.910287766e-001 +2.910287766e-001 -9.997089712e+002 -9.997089712e+002 -2.7218e+000 +4.3940e+000 -1.0059e+000
8167 +2.810210231e-001 +2.810210231e-001 -9.997189790e+002 -9.997189790e+002 -2.7216e+000 +4.3940e+000 -1.0056e+000
9272 +2.748646874e-001 +2.748646874e-001 -9.997251353e+002 -9.997251353e+002 -2.7214e+000 +4.3939e+000 -1.0053e+000
9691 +2.691327731e-001 +2.691327731e-001 -9.997308672e+002 -9.997308672e+002 -2.7212e+000 +4.3939e+000 -1.0052e+000
% function evaluation | noise-free fitness - Fopt (-1.388000000000e+001) | best noise-free fitness - Fopt | measured fitness | best measured fitness | x1 | x2...
1 +8.424706601e+001 +8.424706601e+001 +7.036706601e+001 +7.036706601e+001 +0.0000e+000 +0.0000e+000 +0.0000e+000
2 +5.975487133e+001 +5.975487133e+001 +4.587487133e+001 +4.587487133e+001 +6.2018e+000 -9.9746e-001 +1.9983e+000
3 +2.572841157e+001 +2.572841157e+001 +1.184841157e+001 +1.184841157e+001 +6.0415e+000 -7.6432e-001 +2.0059e+000
7 +2.383471158e+001 +2.383471158e+001 +9.954711583e+000 +9.954711583e+000 +6.0642e+000 -8.3889e-001 +1.9893e+000
8 +2.166449692e+001 +2.166449692e+001 +7.784496924e+000 +7.784496924e+000 +5.9661e+000 -7.7534e-001 +2.0833e+000
9 +1.380877403e+001 +1.380877403e+001 -7.122597221e-002 -7.122597221e-002 +6.0888e+000 -7.9833e-001 +1.9361e+000
231 +1.293960715e+001 +1.293960715e+001 -9.403928501e-001 -9.403928501e-001 +6.1350e+000 -8.1494e-001 +1.9684e+000
254 +1.260632181e+001 +1.260632181e+001 -1.273678192e+000 -1.273678192e+000 +6.3299e+000 -8.5695e-001 +2.0349e+000
261 +1.233047659e+001 +1.233047659e+001 -1.549523409e+000 -1.549523409e+000 +6.2434e+000 -8.2083e-001 +2.0723e+000
262 +1.050746736e+001 +1.050746736e+001 -3.372532642e+000 -3.372532642e+000 +6.2751e+000 -8.5594e-001 +1.9668e+000
264 +9.656167037e+000 +9.656167037e+000 -4.223832963e+000 -4.223832963e+000 +6.2537e+000 -8.3490e-001 +2.0588e+000
292 +8.347774614e+000 +8.347774614e+000 -5.532225386e+000 -5.532225386e+000 +6.2224e+000 -8.3192e-001 +1.7225e+000
325 +7.826043278e+000 +7.826043278e+000 -6.053956722e+000 -6.053956722e+000 +6.2728e+000 -8.4252e-001 +1.6295e+000
880 +7.380936558e+000 +7.380936558e+000 -6.499063442e+000 -6.499063442e+000 +6.2663e+000 -8.4344e-001 +1.6410e+000
996 +7.086326814e+000 +7.086326814e+000 -6.793673186e+000 -6.793673186e+000 +6.2567e+000 -8.3985e-001 +1.6858e+000
1097 +6.891250271e+000 +6.891250271e+000 -6.988749729e+000 -6.988749729e+000 +6.2587e+000 -8.4255e-001 +1.6773e+000
1407 +6.696962154e+000 +6.696962154e+000 -7.183037846e+000 -7.183037846e+000 +6.2605e+000 -8.4347e-001 +1.6896e+000
1657 +6.600055266e+000 +6.600055266e+000 -7.279944734e+000 -7.279944734e+000 +6.2599e+000 -8.4259e-001 +1.6865e+000
% function evaluation | noise-free fitness - Fopt (-1.240400000000e+002) | best noise-free fitness - Fopt | measured fitness | best measured fitness | x1 | x2...
1 +6.105837901e+001 +6.105837901e+001 -6.298162099e+001 -6.298162099e+001 +0.0000e+000 +0.0000e+000 +0.0000e+000
200 +5.414055943e+001 +5.414055943e+001 -6.989944057e+001 -6.989944057e+001 -1.0300e-001 -5.2213e-001 +2.3523e-001
204 +4.316543174e+001 +4.316543174e+001 -8.087456826e+001 -8.087456826e+001 -1.7941e-001 -5.4320e-001 +1.8216e-001
223 +3.903599443e+001 +3.903599443e+001 -8.500400557e+001 -8.500400557e+001 -5.9484e-001 -7.5056e-001 +7.8895e-002
224 +3.425898129e+001 +3.425898129e+001 -8.978101871e+001 -8.978101871e+001 -2.6003e-001 -6.9918e-001 +1.6175e-001
244 +2.154959800e+001 +2.154959800e+001 -1.024904020e+002 -1.024904020e+002 -2.5206e-001 -7.7296e-001 -3.4771e-002
263 +1.322080813e+001 +1.322080813e+001 -1.108191919e+002 -1.108191919e+002 -3.2281e-001 -6.7777e-001 +1.2642e-001
264 +1.142680957e+001 +1.142680957e+001 -1.126131904e+002 -1.126131904e+002 -3.8281e-001 -7.6293e-001 +1.7885e-001
328 +1.120180821e+001 +1.120180821e+001 -1.128381918e+002 -1.128381918e+002 -4.3156e-001 -8.3412e-001 +2.0810e-001
330 +7.160304840e+000 +7.160304840e+000 -1.168796952e+002 -1.168796952e+002 -4.7497e-001 -8.2004e-001 +8.0002e-002
440 +6.775480991e+000 +6.775480991e+000 -1.172645190e+002 -1.172645190e+002 -4.3152e-001 -8.3355e-001 -5.0052e-004
447 +5.755970050e+000 +5.755970050e+000 -1.182840299e+002 -1.182840299e+002 -4.6569e-001 -8.5512e-001 +4.8428e-002
470 +5.720463967e+000 +5.720463967e+000 -1.183195360e+002 -1.183195360e+002 -4.4941e-001 -8.3658e-001 +4.1405e-002
484 +5.411303318e+000 +5.411303318e+000 -1.186286967e+002 -1.186286967e+002 -4.5012e-001 -8.0092e-001 +3.5043e-002
506 +5.236035356e+000 +5.236035356e+000 -1.188039646e+002 -1.188039646e+002 -4.0288e-001 -7.6870e-001 +1.4225e-002
517 +4.451929412e+000 +4.451929412e+000 -1.195880706e+002 -1.195880706e+002 -4.0801e-001 -7.8050e-001 +2.1876e-002
548 +4.122333791e+000 +4.122333791e+000 -1.199176662e+002 -1.199176662e+002 -3.9376e-001 -7.7125e-001 +2.9663e-002
597 +3.845011894e+000 +3.845011894e+000 -1.201949881e+002 -1.201949881e+002 -4.2184e-001 -8.2152e-001 +4.5783e-002
633 +3.141296715e+000 +3.141296715e+000 -1.208987033e+002 -1.208987033e+002 -3.8007e-001 -7.7014e-001 +1.0669e-002
685 +2.766551926e+000 +2.766551926e+000 -1.212734481e+002 -1.212734481e+002 -3.5746e-001 -7.4023e-001 +3.9954e-003
706 +2.698872137e+000 +2.698872137e+000 -1.213411279e+002 -1.213411279e+002 -3.3820e-001 -7.1724e-001 +2.1432e-003
726 +2.136560057e+000 +2.136560057e+000 -1.219034399e+002 -1.219034399e+002 -3.4079e-001 -7.2374e-001 -1.5963e-002
808 +1.897345737e+000 +1.897345737e+000 -1.221426543e+002 -1.221426543e+002 -3.2592e-001 -7.0795e-001 -1.6548e-002
890 +1.740190929e+000 +1.740190929e+000 -1.222998091e+002 -1.222998091e+002 -3.2809e-001 -7.1028e-001 -2.4158e-002
924 +1.729847330e+000 +1.729847330e+000 -1.223101527e+002 -1.223101527e+002 -3.2054e-001 -6.9995e-001 -3.5778e-002
994 +1.585792712e+000 +1.585792712e+000 -1.224542073e+002 -1.224542073e+002 -3.2390e-001 -7.0430e-001 -2.4380e-002
1126 +1.579096943e+000 +1.579096943e+000 -1.224609031e+002 -1.224609031e+002 -3.2312e-001 -7.0276e-001 -2.6046e-002
1276 +1.536513452e+000 +1.536513452e+000 -1.225034865e+002 -1.225034865e+002 -3.2508e-001 -7.0570e-001 -2.6044e-002
1289 +1.479402351e+000 +1.479402351e+000 -1.225605976e+002 -1.225605976e+002 -3.2629e-001 -7.0727e-001 -2.3345e-002
1324 +1.470086304e+000 +1.470086304e+000 -1.225699137e+002 -1.225699137e+002 -3.2518e-001 -7.0579e-001 -2.5029e-002
1481 +1.438220490e+000 +1.438220490e+000 -1.226017795e+002 -1.226017795e+002 -3.2669e-001 -7.0747e-001 -2.3671e-002
1553 +1.391523822e+000 +1.391523822e+000 -1.226484762e+002 -1.226484762e+002 -3.2635e-001 -7.0706e-001 -2.3169e-002
1759 +1.380235176e+000 +1.380235176e+000 -1.226597648e+002 -1.226597648e+002 -3.2645e-001 -7.0715e-001 -2.2863e-002
2106 +1.348573146e+000 +1.348573146e+000 -1.226914269e+002 -1.226914269e+002 -3.2704e-001 -7.0810e-001 -2.3289e-002
