% function evaluation | noise-free fitness - Fopt (-1.000000000000e+003) | best noise-free fitness - Fopt | measured fitness | best measured fitness | x1 | x2...
1 +8.205600107e+001 +8.205600107e+001 -9.179439989e+002 -9.179439989e+002
460 +8.099142387e+001 +8.099142387e+001 -9.190085761e+002 -9.190085761e+002
487 +7.929729508e+001 +7.929729508e+001 -9.207027049e+002 -9.207027049e+002
517 +7.685475094e+001 +7.685475094e+001 -9.231452491e+002 -9.231452491e+002
530 +7.406978108e+001 +7.406978108e+001 -9.259302189e+002 -9.259302189e+002
559 +7.184889687e+001 +7.184889687e+001 -9.281511031e+002 -9.281511031e+002
572 +6.995132148e+001 +6.995132148e+001 -9.300486785e+002 -9.300486785e+002
594 +6.849052961e+001 +6.849052961e+001 -9.315094704e+002 -9.315094704e+002
616 +6.733722012e+001 +6.733722012e+001 -9.326627799e+002 -9.326627799e+002
660 +6.399687264e+001 +6.399687264e+001 -9.360031274e+002 -9.360031274e+002
672 +6.242558775e+001 +6.242558775e+001 -9.375744122e+002 -9.375744122e+002
682 +6.118578244e+001 +6.118578244e+001 -9.388142176e+002 -9.388142176e+002
704 +5.562482254e+001 +5.562482254e+001 -9.443751775e+002 -9.443751775e+002
726 +4.975502125e+001 +4.975502125e+001 -9.502449788e+002 -9.502449788e+002
770 +4.269730835e+001 +4.269730835e+001 -9.573026917e+002 -9.573026917e+002
792 +3.703104588e+001 +3.703104588e+001 -9.629689541e+002 -9.629689541e+002
814 +3.493842461e+001 +3.493842461e+001 -9.650615754e+002 -9.650615754e+002
858 +3.145428319e+001 +3.145428319e+001 -9.685457168e+002 -9.685457168e+002
880 +3.037143650e+001 +3.037143650e+001 -9.696285635e+002 -9.696285635e+002
902 +2.822361376e+001 +2.822361376e+001 -9.717763862e+002 -9.717763862e+002
968 +2.748773986e+001 +2.748773986e+001 -9.725122601e+002 -9.725122601e+002
1122 +2.656795240e+001 +2.656795240e+001 -9.734320476e+002 -9.734320476e+002
1188 +2.517733801e+001 +2.517733801e+001 -9.748226620e+002 -9.748226620e+002
1210 +2.293326668e+001 +2.293326668e+001 -9.770667333e+002 -9.770667333e+002
1232 +2.252700154e+001 +2.252700154e+001 -9.774729985e+002 -9.774729985e+002
1254 +2.227036292e+001 +2.227036292e+001 -9.777296371e+002 -9.777296371e+002
1364 +2.161830781e+001 +2.161830781e+001 -9.783816922e+002 -9.783816922e+002
1386 +2.082389317e+001 +2.082389317e+001 -9.791761068e+002 -9.791761068e+002
1452 +2.025173444e+001 +2.025173444e+001 -9.797482656e+002 -9.797482656e+002
1562 +1.993790541e+001 +1.993790541e+001 -9.800620946e+002 -9.800620946e+002
1716 +1.922132484e+001 +1.922132484e+001 -9.807786752e+002 -9.807786752e+002
1760 +1.890573496e+001 +1.890573496e+001 -9.810942650e+002 -9.810942650e+002
2024 +1.860719372e+001 +1.860719372e+001 -9.813928063e+002 -9.813928063e+002
6932 +1.671445278e+001 +1.671445278e+001 -9.832855472e+002 -9.832855472e+002
6954 +1.308064317e+001 +1.308064317e+001 -9.869193568e+002 -9.869193568e+002
6976 +1.255135642e+001 +1.255135642e+001 -9.874486436e+002 -9.874486436e+002
7350 +1.159892068e+001 +1.159892068e+001 -9.884010793e+002 -9.884010793e+002
7372 +9.820911785e+000 +9.820911785e+000 -9.901790882e+002 -9.901790882e+002
7394 +9.553701383e+000 +9.553701383e+000 -9.904462986e+002 -9.904462986e+002
7482 +8.779459355e+000 +8.779459355e+000 -9.912205406e+002 -9.912205406e+002
7526 +8.129758104e+000 +8.129758104e+000 -9.918702419e+002 -9.918702419e+002
7548 +7.005413557e+000 +7.005413557e+000 -9.929945864e+002 -9.929945864e+002
7570 +6.722824960e+000 +6.722824960e+000 -9.932771750e+002 -9.932771750e+002
7592 +6.478617551e+000 +6.478617551e+000 -9.935213824e+002 -9.935213824e+002
7614 +5.940241773e+000 +5.940241773e+000 -9.940597582e+002 -9.940597582e+002
7636 +5.050779695e+000 +5.050779695e+000 -9.949492203e+002 -9.949492203e+002
7746 +4.214786065e+000 +4.214786065e+000 -9.957852139e+002 -9.957852139e+002
7790 +3.642109611e+000 +3.642109611e+000 -9.963578904e+002 -9.963578904e+002
7812 +3.627079964e+000 +3.627079964e+000 -9.963729200e+002 -9.963729200e+002
7878 +3.488419485e+000 +3.488419485e+000 -9.965115805e+002 -9.965115805e+002
7900 +2.908354256e+000 +2.908354256e+000 -9.970916457e+002 -9.970916457e+002
7966 +2.595891766e+000 +2.595891766e+000 -9.974041082e+002 -9.974041082e+002
7988 +2.397844909e+000 +2.397844909e+000 -9.976021551e+002 -9.976021551e+002
8032 +2.185326113e+000 +2.185326113e+000 -9.978146739e+002 -9.978146739e+002
8164 +2.064056541e+000 +2.064056541e+000 -9.979359435e+002 -9.979359435e+002
8296 +2.040931214e+000 +2.040931214e+000 -9.979590688e+002 -9.979590688e+002
8538 +1.990599212e+000 +1.990599212e+000 -9.980094008e+002 -9.980094008e+002
% function evaluation | noise-free fitness - Fopt (1.000000000000e+003) | best noise-free fitness - Fopt | measured fitness | best measured fitness | x1 | x2...
1 +8.534604634e+001 +8.534604634e+001 +1.085346046e+003 +1.085346046e+003
377 +8.484867423e+001 +8.484867423e+001 +1.084848674e+003 +1.084848674e+003
464 +8.298352070e+001 +8.298352070e+001 +1.082983521e+003 +1.082983521e+003
490 +8.109283384e+001 +8.109283384e+001 +1.081092834e+003 +1.081092834e+003
519 +7.756175669e+001 +7.756175669e+001 +1.077561757e+003 +1.077561757e+003
542 +7.499507959e+001 +7.499507959e+001 +1.074995080e+003 +1.074995080e+003
569 +7.360701805e+001 +7.360701805e+001 +1.073607018e+003 +1.073607018e+003
583 +6.925619195e+001 +6.925619195e+001 +1.069256192e+003 +1.069256192e+003
599 +6.881649510e+001 +6.881649510e+001 +1.068816495e+003 +1.068816495e+003
616 +6.706872545e+001 +6.706872545e+001 +1.067068725e+003 +1.067068725e+003
638 +6.216373160e+001 +6.216373160e+001 +1.062163732e+003 +1.062163732e+003
652 +5.969182844e+001 +5.969182844e+001 +1.059691828e+003 +1.059691828e+003
660 +5.646802083e+001 +5.646802083e+001 +1.056468021e+003 +1.056468021e+003
682 +4.834873031e+001 +4.834873031e+001 +1.048348730e+003 +1.048348730e+003
704 +4.350585453e+001 +4.350585453e+001 +1.043505855e+003 +1.043505855e+003
726 +3.522780612e+001 +3.522780612e+001 +1.035227806e+003 +1.035227806e+003
748 +2.749249119e+001 +2.749249119e+001 +1.027492491e+003 +1.027492491e+003
770 +2.445433448e+001 +2.445433448e+001 +1.024454334e+003 +1.024454334e+003
814 +2.097795154e+001 +2.097795154e+001 +1.020977952e+003 +1.020977952e+003
836 +1.692887989e+001 +1.692887989e+001 +1.016928880e+003 +1.016928880e+003
858 +1.344793484e+001 +1.344793484e+001 +1.013447935e+003 +1.013447935e+003
1078 +1.112654267e+001 +1.112654267e+001 +1.011126543e+003 +1.011126543e+003
1100 +9.023542362e+000 +9.023542362e+000 +1.009023542e+003 +1.009023542e+003
1122 +8.753197769e+000 +8.753197769e+000 +1.008753198e+003 +1.008753198e+003
1144 +8.262844068e+000 +8.262844068e+000 +1.008262844e+003 +1.008262844e+003
1232 +7.902692637e+000 +7.902692637e+000 +1.007902693e+003 +1.007902693e+003
1298 +7.376041923e+000 +7.376041923e+000 +1.007376042e+003 +1.007376042e+003
1320 +6.553164180e+000 +6.553164180e+000 +1.006553164e+003 +1.006553164e+003
1342 +5.936973068e+000 +5.936973068e+000 +1.005936973e+003 +1.005936973e+003
1364 +5.099009189e+000 +5.099009189e+000 +1.005099009e+003 +1.005099009e+003
1474 +5.005433344e+000 +5.005433344e+000 +1.005005433e+003 +1.005005433e+003
1496 +4.743771198e+000 +4.743771198e+000 +1.004743771e+003 +1.004743771e+003
1500 +4.265598919e+000 +4.265598919e+000 +1.004265599e+003 +1.004265599e+003
1518 +4.043325018e+000 +4.043325018e+000 +1.004043325e+003 +1.004043325e+003
1540 +3.244081172e+000 +3.244081172e+000 +1.003244081e+003 +1.003244081e+003
1584 +3.200337073e+000 +3.200337073e+000 +1.003200337e+003 +1.003200337e+003
1628 +2.811388409e+000 +2.811388409e+000 +1.002811388e+003 +1.002811388e+003
1641 +2.694629453e+000 +2.694629453e+000 +1.002694629e+003 +1.002694629e+003
1650 +2.537371337e+000 +2.537371337e+000 +1.002537371e+003 +1.002537371e+003
1672 +2.375203100e+000 +2.375203100e+000 +1.002375203e+003 +1.002375203e+003
1694 +2.232906185e+000 +2.232906185e+000 +1.002232906e+003 +1.002232906e+003
1760 +2.117995173e+000 +2.117995173e+000 +1.002117995e+003 +1.002117995e+003
1782 +2.062960648e+000 +2.062960648e+000 +1.002062961e+003 +1.002062961e+003
1892 +2.030990994e+000 +2.030990994e+000 +1.002030991e+003 +1.002030991e+003
2222 +1.989297880e+000 +1.989297880e+000 +1.001989298e+003 +1.001989298e+003
% function evaluation | noise-free fitness - Fopt (-4.913000000000e+001) | best noise-free fitness - Fopt | measured fitness | best measured fitness | x1 | x2...
1 +8.206146169e+001 +8.206146169e+001 +3.293146169e+001 +3.293146169e+001
469 +8.099544915e+001 +8.099544915e+001 +3.186544915e+001 +3.186544915e+001
489 +7.917258071e+001 +7.917258071e+001 +3.004258071e+001 +3.004258071e+001
512 +7.628586122e+001 +7.628586122e+001 +2.715586122e+001 +2.715586122e+001
535 +7.577488041e+001 +7.577488041e+001 +2.664488041e+001 +2.664488041e+001
564 +7.220660036e+001 +7.220660036e+001 +2.307660036e+001 +2.307660036e+001
594 +7.000696462e+001 +7.000696462e+001 +2.087696462e+001 +2.087696462e+001
597 +6.859441985e+001 +6.859441985e+001 +1.946441985e+001 +1.946441985e+001
598 +6.735511307e+001 +6.735511307e+001 +1.822511307e+001 +1.822511307e+001
619 +6.040904298e+001 +6.040904298e+001 +1.127904298e+001 +1.127904298e+001
638 +5.879480905e+001 +5.879480905e+001 +9.664809050e+000 +9.664809050e+000
660 +4.765910604e+001 +4.765910604e+001 -1.470893964e+000 -1.470893964e+000
682 +4.170015135e+001 +4.170015135e+001 -7.429848655e+000 -7.429848655e+000
704 +3.487940515e+001 +3.487940515e+001 -1.425059485e+001 -1.425059485e+001
726 +3.403449914e+001 +3.403449914e+001 -1.509550086e+001 -1.509550086e+001
748 +2.986933487e+001 +2.986933487e+001 -1.926066513e+001 -1.926066513e+001
770 +2.520131179e+001 +2.520131179e+001 -2.392868821e+001 -2.392868821e+001
792 +2.330588696e+001 +2.330588696e+001 -2.582411304e+001 -2.582411304e+001
836 +2.256043452e+001 +2.256043452e+001 -2.656956548e+001 -2.656956548e+001
902 +2.096778988e+001 +2.096778988e+001 -2.816221012e+001 -2.816221012e+001
946 +1.943732320e+001 +1.943732320e+001 -2.969267680e+001 -2.969267680e+001
1078 +1.683875460e+001 +1.683875460e+001 -3.229124540e+001 -3.229124540e+001
1100 +1.539681275e+001 +1.539681275e+001 -3.373318725e+001 -3.373318725e+001
1122 +1.408509900e+001 +1.408509900e+001 -3.504490100e+001 -3.504490100e+001
1144 +1.145542688e+001 +1.145542688e+001 -3.767457312e+001 -3.767457312e+001
1166 +1.120280832e+001 +1.120280832e+001 -3.792719168e+001 -3.792719168e+001
1252 +9.543595207e+000 +9.543595207e+000 -3.958640479e+001 -3.958640479e+001
1254 +8.610363771e+000 +8.610363771e+000 -4.051963623e+001 -4.051963623e+001
1320 +8.215058751e+000 +8.215058751e+000 -4.091494125e+001 -4.091494125e+001
1342 +7.970900489e+000 +7.970900489e+000 -4.115909951e+001 -4.115909951e+001
1364 +7.612422075e+000 +7.612422075e+000 -4.151757793e+001 -4.151757793e+001
1386 +7.494568622e+000 +7.494568622e+000 -4.163543138e+001 -4.163543138e+001
1408 +6.997145015e+000 +6.997145015e+000 -4.213285499e+001 -4.213285499e+001
1452 +6.790931922e+000 +6.790931922e+000 -4.233906808e+001 -4.233906808e+001
1474 +6.317948723e+000 +6.317948723e+000 -4.281205128e+001 -4.281205128e+001
1496 +6.245653444e+000 +6.245653444e+000 -4.288434656e+001 -4.288434656e+001
1518 +6.111201631e+000 +6.111201631e+000 -4.301879837e+001 -4.301879837e+001
1540 +5.680720749e+000 +5.680720749e+000 -4.344927925e+001 -4.344927925e+001
1672 +4.996467453e+000 +4.996467453e+000 -4.413353255e+001 -4.413353255e+001
1716 +4.738806136e+000 +4.738806136e+000 -4.439119386e+001 -4.439119386e+001
1738 +3.938697112e+000 +3.938697112e+000 -4.519130289e+001 -4.519130289e+001
1760 +3.605012023e+000 +3.605012023e+000 -4.552498798e+001 -4.552498798e+001
1782 +3.451310357e+000 +3.451310357e+000 -4.567868964e+001 -4.567868964e+001
1892 +3.164340247e+000 +3.164340247e+000 -4.596565975e+001 -4.596565975e+001
1958 +3.071220893e+000 +3.071220893e+000 -4.605877911e+001 -4.605877911e+001
2090 +2.981479360e+000 +2.981479360e+000 -4.614852064e+001 -4.614852064e+001
2156 +2.918000392e+000 +2.918000392e+000 -4.621199961e+001 -4.621199961e+001
2200 +2.836970954e+000 +2.836970954e+000 -4.629302905e+001 -4.629302905e+001
2222 +2.789197850e+000 +2.789197850e+000 -4.634080215e+001 -4.634080215e+001
2244 +2.736428283e+000 +2.736428283e+000 -4.639357172e+001 -4.639357172e+001
2442 +2.686597773e+000 +2.686597773e+000 -4.644340223e+001 -4.644340223e+001
2618 +2.629084085e+000 +2.629084085e+000 -4.650091591e+001 -4.650091591e+001
15426 +2.453801846e+000 +2.453801846e+000 -4.667619815e+001 -4.667619815e+001
15470 +2.139676095e+000 +2.139676095e+000 -4.699032391e+001 -4.699032391e+001
15492 +2.054636429e+000 +2.054636429e+000 -4.707536357e+001 -4.707536357e+001
15580 +2.038890721e+000 +2.038890721e+000 -4.709110928e+001 -4.709110928e+001
15646 +1.982883566e+000 +1.982883566e+000 -4.714711643e+001 -4.714711643e+001
15690 +1.789689726e+000 +1.789689726e+000 -4.734031027e+001 -4.734031027e+001
15712 +1.748051199e+000 +1.748051199e+000 -4.738194880e+001 -4.738194880e+001
15734 +1.698951755e+000 +1.698951755e+000 -4.743104824e+001 -4.743104824e+001
15976 +1.509301436e+000 +1.509301436e+000 -4.762069856e+001 -4.762069856e+001
16064 +1.459133821e+000 +1.459133821e+000 -4.767086618e+001 -4.767086618e+001
16086 +1.433015474e+000 +1.433015474e+000 -4.769698453e+001 -4.769698453e+001
16108 +1.353609420e+000 +1.353609420e+000 -4.777639058e+001 -4.777639058e+001
16130 +1.252602407e+000 +1.252602407e+000 -4.787739759e+001 -4.787739759e+001
16152 +1.166772770e+000 +1.166772770e+000 -4.796322723e+001 -4.796322723e+001
16196 +1.070201701e+000 +1.070201701e+000 -4.805979830e+001 -4.805979830e+001
16218 +1.043401922e+000 +1.043401922e+000 -4.808659808e+001 -4.808659808e+001
16262 +9.943444716e-001 +9.943444716e-001 -4.813565553e+001 -4.813565553e+001
16328 +9.248476359e-001 +9.248476359e-001 -4.820515236e+001 -4.820515236e+001
16372 +8.549984127e-001 +8.549984127e-001 -4.827500159e+001 -4.827500159e+001
16416 +8.172224616e-001 +8.172224616e-001 -4.831277754e+001 -4.831277754e+001
16438 +8.106535931e-001 +8.106535931e-001 -4.831934641e+001 -4.831934641e+001
16504 +7.804593571e-001 +7.804593571e-001 -4.834954064e+001 -4.834954064e+001
16526 +7.627345388e-001 +7.627345388e-001 -4.836726546e+001 -4.836726546e+001
16570 +7.559440485e-001 +7.559440485e-001 -4.837405595e+001 -4.837405595e+001
16702 +7.372216219e-001 +7.372216219e-001 -4.839277838e+001 -4.839277838e+001
16790 +7.214888048e-001 +7.214888048e-001 -4.840851120e+001 -4.840851120e+001
16944 +7.021326843e-001 +7.021326843e-001 -4.842786732e+001 -4.842786732e+001
% function evaluation | noise-free fitness - Fopt (2.977300000000e+002) | best noise-free fitness - Fopt | measured fitness | best measured fitness | x1 | x2...
1 +8.202319017e+001 +8.202319017e+001 +3.797531902e+002 +3.797531902e+002
420 +8.126118871e+001 +8.126118871e+001 +3.789911887e+002 +3.789911887e+002
506 +7.928435455e+001 +7.928435455e+001 +3.770143546e+002 +3.770143546e+002
524 +7.624201300e+001 +7.624201300e+001 +3.739720130e+002 +3.739720130e+002
556 +7.488677405e+001 +7.488677405e+001 +3.726167741e+002 +3.726167741e+002
574 +7.404550657e+001 +7.404550657e+001 +3.717755066e+002 +3.717755066e+002
598 +7.122409590e+001 +7.122409590e+001 +3.689540959e+002 +3.689540959e+002
624 +7.075015768e+001 +7.075015768e+001 +3.684801577e+002 +3.684801577e+002
647 +6.872828877e+001 +6.872828877e+001 +3.664582888e+002 +3.664582888e+002
665 +6.629429566e+001 +6.629429566e+001 +3.640242957e+002 +3.640242957e+002
682 +6.480331478e+001 +6.480331478e+001 +3.625333148e+002 +3.625333148e+002
684 +5.890629607e+001 +5.890629607e+001 +3.566362961e+002 +3.566362961e+002
704 +5.667894407e+001 +5.667894407e+001 +3.544089441e+002 +3.544089441e+002
707 +5.532119036e+001 +5.532119036e+001 +3.530511904e+002 +3.530511904e+002
708 +5.189579163e+001 +5.189579163e+001 +3.496257916e+002 +3.496257916e+002
726 +4.938680508e+001 +4.938680508e+001 +3.471168051e+002 +3.471168051e+002
748 +4.146956839e+001 +4.146956839e+001 +3.391995684e+002 +3.391995684e+002
770 +3.364891109e+001 +3.364891109e+001 +3.313789111e+002 +3.313789111e+002
773 +2.799733111e+001 +2.799733111e+001 +3.257273311e+002 +3.257273311e+002
792 +2.509090879e+001 +2.509090879e+001 +3.228209088e+002 +3.228209088e+002
814 +2.276046328e+001 +2.276046328e+001 +3.204904633e+002 +3.204904633e+002
836 +2.212912379e+001 +2.212912379e+001 +3.198591238e+002 +3.198591238e+002
858 +1.891449693e+001 +1.891449693e+001 +3.166444969e+002 +3.166444969e+002
968 +1.540455637e+001 +1.540455637e+001 +3.131345564e+002 +3.131345564e+002
990 +1.314654869e+001 +1.314654869e+001 +3.108765487e+002 +3.108765487e+002
1012 +1.134841024e+001 +1.134841024e+001 +3.090784102e+002 +3.090784102e+002
1034 +9.328861191e+000 +9.328861191e+000 +3.070588612e+002 +3.070588612e+002
1078 +7.060197199e+000 +7.060197199e+000 +3.047901972e+002 +3.047901972e+002
1188 +6.354396345e+000 +6.354396345e+000 +3.040843963e+002 +3.040843963e+002
1210 +5.659589167e+000 +5.659589167e+000 +3.033895892e+002 +3.033895892e+002
1232 +4.870709728e+000 +4.870709728e+000 +3.026007097e+002 +3.026007097e+002
1254 +4.275723808e+000 +4.275723808e+000 +3.020057238e+002 +3.020057238e+002
1320 +4.062924049e+000 +4.062924049e+000 +3.017929240e+002 +3.017929240e+002
1342 +3.804526153e+000 +3.804526153e+000 +3.015345262e+002 +3.015345262e+002
1364 +3.381620262e+000 +3.381620262e+000 +3.011116203e+002 +3.011116203e+002
1430 +2.840190841e+000 +2.840190841e+000 +3.005701908e+002 +3.005701908e+002
1452 +2.379558817e+000 +2.379558817e+000 +3.001095588e+002 +3.001095588e+002
1474 +2.174789241e+000 +2.174789241e+000 +2.999047892e+002 +2.999047892e+002
1496 +2.045868556e+000 +2.045868556e+000 +2.997758686e+002 +2.997758686e+002
1518 +1.994001915e+000 +1.994001915e+000 +2.997240019e+002 +2.997240019e+002
1606 +1.922085174e+000 +1.922085174e+000 +2.996520852e+002 +2.996520852e+002
1672 +1.757900058e+000 +1.757900058e+000 +2.994879001e+002 +2.994879001e+002
1738 +1.737121977e+000 +1.737121977e+000 +2.994671220e+002 +2.994671220e+002
1782 +1.540213770e+000 +1.540213770e+000 +2.992702138e+002 +2.992702138e+002
1804 +1.442199092e+000 +1.442199092e+000 +2.991721991e+002 +2.991721991e+002
1826 +1.394196546e+000 +1.394196546e+000 +2.991241965e+002 +2.991241965e+002
1834 +1.366829908e+000 +1.366829908e+000 +2.990968299e+002 +2.990968299e+002
1848 +1.141522477e+000 +1.141522477e+000 +2.988715225e+002 +2.988715225e+002
2024 +1.067639915e+000 +1.067639915e+000 +2.987976399e+002 +2.987976399e+002
2090 +9.940304137e-001 +9.940304137e-001 +2.987240304e+002 +2.987240304e+002
2112 +9.709283490e-001 +9.709283490e-001 +2.987009283e+002 +2.987009283e+002
2134 +9.187955158e-001 +9.187955158e-001 +2.986487955e+002 +2.986487955e+002
2156 +8.609616296e-001 +8.609616296e-001 +2.985909616e+002 +2.985909616e+002
2200 +8.367996868e-001 +8.367996868e-001 +2.985667997e+002 +2.985667997e+002
2222 +8.085922868e-001 +8.085922868e-001 +2.985385923e+002 +2.985385923e+002
2244 +7.895530237e-001 +7.895530237e-001 +2.985195530e+002 +2.985195530e+002
2310 +7.675608088e-001 +7.675608088e-001 +2.984975608e+002 +2.984975608e+002
2354 +7.480841431e-001 +7.480841431e-001 +2.984780841e+002 +2.984780841e+002
2376 +7.318243585e-001 +7.318243585e-001 +2.984618244e+002 +2.984618244e+002
2552 +7.232298124e-001 +7.232298124e-001 +2.984532298e+002 +2.984532298e+002
2750 +7.041024872e-001 +7.041024872e-001 +2.984341025e+002 +2.984341025e+002
% function evaluation | noise-free fitness - Fopt (5.157000000000e+001) | best noise-free fitness - Fopt | measured fitness | best measured fitness | x1 | x2...
1 +8.378166644e+001 +8.378166644e+001 +1.353516664e+002 +1.353516664e+002
575 +8.316382242e+001 +8.316382242e+001 +1.347338224e+002 +1.347338224e+002
600 +8.098345128e+001 +8.098345128e+001 +1.325534513e+002 +1.325534513e+002
644 +7.926245371e+001 +7.926245371e+001 +1.308324537e+002 +1.308324537e+002
660 +7.760344205e+001 +7.760344205e+001 +1.291734420e+002 +1.291734420e+002
676 +7.423593614e+001 +7.423593614e+001 +1.258059361e+002 +1.258059361e+002
691 +7.393980883e+001 +7.393980883e+001 +1.255098088e+002 +1.255098088e+002
699 +6.888149632e+001 +6.888149632e+001 +1.204514963e+002 +1.204514963e+002
726 +6.675429063e+001 +6.675429063e+001 +1.183242906e+002 +1.183242906e+002
748 +6.222318319e+001 +6.222318319e+001 +1.137931832e+002 +1.137931832e+002
792 +5.825330078e+001 +5.825330078e+001 +1.098233008e+002 +1.098233008e+002
814 +5.109486371e+001 +5.109486371e+001 +1.026648637e+002 +1.026648637e+002
836 +4.761712920e+001 +4.761712920e+001 +9.918712920e+001 +9.918712920e+001
946 +3.565203065e+001 +3.565203065e+001 +8.722203065e+001 +8.722203065e+001
968 +2.601269614e+001 +2.601269614e+001 +7.758269614e+001 +7.758269614e+001
990 +2.411719229e+001 +2.411719229e+001 +7.568719229e+001 +7.568719229e+001
1034 +2.395050831e+001 +2.395050831e+001 +7.552050831e+001 +7.552050831e+001
1056 +2.148031760e+001 +2.148031760e+001 +7.305031760e+001 +7.305031760e+001
1078 +2.064696856e+001 +2.064696856e+001 +7.221696856e+001 +7.221696856e+001
1100 +1.959548291e+001 +1.959548291e+001 +7.116548291e+001 +7.116548291e+001
1122 +1.800224535e+001 +1.800224535e+001 +6.957224535e+001 +6.957224535e+001
1254 +1.729579615e+001 +1.729579615e+001 +6.886579615e+001 +6.886579615e+001
1276 +1.491020375e+001 +1.491020375e+001 +6.648020375e+001 +6.648020375e+001
1298 +1.362926036e+001 +1.362926036e+001 +6.519926036e+001 +6.519926036e+001
1320 +1.161212317e+001 +1.161212317e+001 +6.318212317e+001 +6.318212317e+001
1342 +1.102433091e+001 +1.102433091e+001 +6.259433091e+001 +6.259433091e+001
1430 +9.904603887e+000 +9.904603887e+000 +6.147460389e+001 +6.147460389e+001
1452 +9.523433473e+000 +9.523433473e+000 +6.109343347e+001 +6.109343347e+001
1518 +9.161459872e+000 +9.161459872e+000 +6.073145987e+001 +6.073145987e+001
1606 +8.975047555e+000 +8.975047555e+000 +6.054504756e+001 +6.054504756e+001
1628 +8.709654355e+000 +8.709654355e+000 +6.027965436e+001 +6.027965436e+001
1650 +8.424141158e+000 +8.424141158e+000 +5.999414116e+001 +5.999414116e+001
1760 +8.275382491e+000 +8.275382491e+000 +5.984538249e+001 +5.984538249e+001
1804 +8.064603396e+000 +8.064603396e+000 +5.963460340e+001 +5.963460340e+001
1914 +7.892244870e+000 +7.892244870e+000 +5.946224487e+001 +5.946224487e+001
2244 +7.665553644e+000 +7.665553644e+000 +5.923555364e+001 +5.923555364e+001
2310 +7.562862917e+000 +7.562862917e+000 +5.913286292e+001 +5.913286292e+001
2442 +7.388398645e+000 +7.388398645e+000 +5.895839865e+001 +5.895839865e+001
21676 +6.693226149e+000 +6.693226149e+000 +5.826322615e+001 +5.826322615e+001
21720 +5.736060093e+000 +5.736060093e+000 +5.730606009e+001 +5.730606009e+001
21742 +5.570355804e+000 +5.570355804e+000 +5.714035580e+001 +5.714035580e+001
21786 +5.151360469e+000 +5.151360469e+000 +5.672136047e+001 +5.672136047e+001
21808 +4.808972862e+000 +4.808972862e+000 +5.637897286e+001 +5.637897286e+001
21830 +4.540576377e+000 +4.540576377e+000 +5.611057638e+001 +5.611057638e+001
21852 +3.788619633e+000 +3.788619633e+000 +5.535861963e+001 +5.535861963e+001
21874 +2.853422684e+000 +2.853422684e+000 +5.442342268e+001 +5.442342268e+001
21896 +2.533882503e+000 +2.533882503e+000 +5.410388250e+001 +5.410388250e+001
21984 +2.495415317e+000 +2.495415317e+000 +5.406541532e+001 +5.406541532e+001
22006 +2.224493434e+000 +2.224493434e+000 +5.379449343e+001 +5.379449343e+001
22028 +2.134179609e+000 +2.134179609e+000 +5.370417961e+001 +5.370417961e+001
22050 +2.070452290e+000 +2.070452290e+000 +5.364045229e+001 +5.364045229e+001
22072 +2.033763842e+000 +2.033763842e+000 +5.360376384e+001 +5.360376384e+001
22160 +1.969759110e+000 +1.969759110e+000 +5.353975911e+001 +5.353975911e+001
22182 +1.871538976e+000 +1.871538976e+000 +5.344153898e+001 +5.344153898e+001
22204 +1.778960105e+000 +1.778960105e+000 +5.334896011e+001 +5.334896011e+001
22292 +1.661915335e+000 +1.661915335e+000 +5.323191533e+001 +5.323191533e+001
22314 +1.339104230e+000 +1.339104230e+000 +5.290910423e+001 +5.290910423e+001
22380 +1.314913382e+000 +1.314913382e+000 +5.288491338e+001 +5.288491338e+001
22424 +1.166230179e+000 +1.166230179e+000 +5.273623018e+001 +5.273623018e+001
22446 +1.069092991e+000 +1.069092991e+000 +5.263909299e+001 +5.263909299e+001
22512 +1.028263658e+000 +1.028263658e+000 +5.259826366e+001 +5.259826366e+001
22534 +1.009175740e+000 +1.009175740e+000 +5.257917574e+001 +5.257917574e+001
22556 +9.686855232e-001 +9.686855232e-001 +5.253868552e+001 +5.253868552e+001
22578 +9.284893117e-001 +9.284893117e-001 +5.249848931e+001 +5.249848931e+001
22600 +8.800578803e-001 +8.800578803e-001 +5.245005788e+001 +5.245005788e+001
22644 +8.680501864e-001 +8.680501864e-001 +5.243805019e+001 +5.243805019e+001
22666 +8.247882210e-001 +8.247882210e-001 +5.239478822e+001 +5.239478822e+001
22798 +7.833245660e-001 +7.833245660e-001 +5.235332457e+001 +5.235332457e+001
22842 +7.687156258e-001 +7.687156258e-001 +5.233871563e+001 +5.233871563e+001
22908 +7.572622722e-001 +7.572622722e-001 +5.232726227e+001 +5.232726227e+001
23084 +7.345179443e-001 +7.345179443e-001 +5.230451794e+001 +5.230451794e+001
23150 +7.208914473e-001 +7.208914473e-001 +5.229089145e+001 +5.229089145e+001
23326 +7.054294029e-001 +7.054294029e-001 +5.227542940e+001 +5.227542940e+001
% function evaluation | noise-free fitness - Fopt (-4.870000000000e+000) | best noise-free fitness - Fopt | measured fitness | best measured fitness | x1 | x2...
1 +8.338867645e+001 +8.338867645e+001 +7.851867645e+001 +7.851867645e+001
572 +8.306098199e+001 +8.306098199e+001 +7.819098199e+001 +7.819098199e+001
660 +8.098246368e+001 +8.098246368e+001 +7.611246368e+001 +7.611246368e+001
704 +7.846336956e+001 +7.846336956e+001 +7.359336956e+001 +7.359336956e+001
726 +7.662662676e+001 +7.662662676e+001 +7.175662676e+001 +7.175662676e+001
814 +7.584019053e+001 +7.584019053e+001 +7.097019053e+001 +7.097019053e+001
880 +7.384828530e+001 +7.384828530e+001 +6.897828530e+001 +6.897828530e+001
924 +7.176400818e+001 +7.176400818e+001 +6.689400818e+001 +6.689400818e+001
968 +6.994313863e+001 +6.994313863e+001 +6.507313863e+001 +6.507313863e+001
990 +6.889369004e+001 +6.889369004e+001 +6.402369004e+001 +6.402369004e+001
1144 +6.717902576e+001 +6.717902576e+001 +6.230902576e+001 +6.230902576e+001
1210 +6.508026622e+001 +6.508026622e+001 +6.021026622e+001 +6.021026622e+001
1276 +6.391290348e+001 +6.391290348e+001 +5.904290348e+001 +5.904290348e+001
1342 +6.270240229e+001 +6.270240229e+001 +5.783240229e+001 +5.783240229e+001
1386 +6.091724402e+001 +6.091724402e+001 +5.604724402e+001 +5.604724402e+001
1672 +5.985650092e+001 +5.985650092e+001 +5.498650092e+001 +5.498650092e+001
1826 +5.863179825e+001 +5.863179825e+001 +5.376179825e+001 +5.376179825e+001
2156 +5.753164031e+001 +5.753164031e+001 +5.266164031e+001 +5.266164031e+001
8208 +5.483374992e+001 +5.483374992e+001 +4.996374992e+001 +4.996374992e+001
8230 +5.126406657e+001 +5.126406657e+001 +4.639406657e+001 +4.639406657e+001
8252 +4.121423809e+001 +4.121423809e+001 +3.634423809e+001 +3.634423809e+001
8274 +3.807084361e+001 +3.807084361e+001 +3.320084361e+001 +3.320084361e+001
8318 +3.374735349e+001 +3.374735349e+001 +2.887735349e+001 +2.887735349e+001
8340 +3.166806200e+001 +3.166806200e+001 +2.679806200e+001 +2.679806200e+001
8362 +2.848146248e+001 +2.848146248e+001 +2.361146248e+001 +2.361146248e+001
8450 +2.733879324e+001 +2.733879324e+001 +2.246879324e+001 +2.246879324e+001
8472 +2.402394468e+001 +2.402394468e+001 +1.915394468e+001 +1.915394468e+001
8692 +2.257121143e+001 +2.257121143e+001 +1.770121143e+001 +1.770121143e+001
8736 +2.225602111e+001 +2.225602111e+001 +1.738602111e+001 +1.738602111e+001
8758 +2.107815186e+001 +2.107815186e+001 +1.620815186e+001 +1.620815186e+001
8780 +2.081046193e+001 +2.081046193e+001 +1.594046193e+001 +1.594046193e+001
8802 +2.008692890e+001 +2.008692890e+001 +1.521692890e+001 +1.521692890e+001
8824 +1.921024662e+001 +1.921024662e+001 +1.434024662e+001 +1.434024662e+001
8846 +1.858278941e+001 +1.858278941e+001 +1.371278941e+001 +1.371278941e+001
8868 +1.792649651e+001 +1.792649651e+001 +1.305649651e+001 +1.305649651e+001
8890 +1.738283431e+001 +1.738283431e+001 +1.251283431e+001 +1.251283431e+001
8912 +1.702119359e+001 +1.702119359e+001 +1.215119359e+001 +1.215119359e+001
8956 +1.670653918e+001 +1.670653918e+001 +1.183653918e+001 +1.183653918e+001
8978 +1.635463014e+001 +1.635463014e+001 +1.148463014e+001 +1.148463014e+001
9000 +1.620363859e+001 +1.620363859e+001 +1.133363859e+001 +1.133363859e+001
9132 +1.583561842e+001 +1.583561842e+001 +1.096561842e+001 +1.096561842e+001
9198 +1.548038964e+001 +1.548038964e+001 +1.061038964e+001 +1.061038964e+001
9440 +1.510732572e+001 +1.510732572e+001 +1.023732572e+001 +1.023732572e+001
10100 +1.476880760e+001 +1.476880760e+001 +9.898807598e+000 +9.898807598e+000
23810 +1.441923629e+001 +1.441923629e+001 +9.549236290e+000 +9.549236290e+000
23832 +1.339847053e+001 +1.339847053e+001 +8.528470535e+000 +8.528470535e+000
23942 +1.279214282e+001 +1.279214282e+001 +7.922142820e+000 +7.922142820e+000
23964 +1.211264174e+001 +1.211264174e+001 +7.242641737e+000 +7.242641737e+000
23986 +1.168567598e+001 +1.168567598e+001 +6.815675982e+000 +6.815675982e+000
24162 +1.115328760e+001 +1.115328760e+001 +6.283287596e+000 +6.283287596e+000
24206 +1.084780064e+001 +1.084780064e+001 +5.977800638e+000 +5.977800638e+000
24228 +1.012701718e+001 +1.012701718e+001 +5.257017178e+000 +5.257017178e+000
24250 +9.715896215e+000 +9.715896215e+000 +4.845896215e+000 +4.845896215e+000
24272 +8.940865696e+000 +8.940865696e+000 +4.070865696e+000 +4.070865696e+000
24360 +8.776901694e+000 +8.776901694e+000 +3.906901694e+000 +3.906901694e+000
24404 +8.556062567e+000 +8.556062567e+000 +3.686062567e+000 +3.686062567e+000
24448 +8.247178607e+000 +8.247178607e+000 +3.377178607e+000 +3.377178607e+000
24514 +8.022759276e+000 +8.022759276e+000 +3.152759276e+000 +3.152759276e+000
24580 +7.943113540e+000 +7.943113540e+000 +3.073113540e+000 +3.073113540e+000
24690 +7.761968850e+000 +7.761968850e+000 +2.891968850e+000 +2.891968850e+000
24778 +7.583328390e+000 +7.583328390e+000 +2.713328390e+000 +2.713328390e+000
25372 +7.401114779e+000 +7.401114779e+000 +2.531114779e+000 +2.531114779e+000
46234 +6.200639471e+000 +6.200639471e+000 +1.330639471e+000 +1.330639471e+000
46344 +6.044896847e+000 +6.044896847e+000 +1.174896847e+000 +1.174896847e+000
46366 +5.782532745e+000 +5.782532745e+000 +9.125327446e-001 +9.125327446e-001
46388 +5.093465169e+000 +5.093465169e+000 +2.234651687e-001 +2.234651687e-001
46410 +4.871113155e+000 +4.871113155e+000 +1.113155418e-003 +1.113155418e-003
46432 +4.288810639e+000 +4.288810639e+000 -5.811893608e-001 -5.811893608e-001
46718 +4.138017445e+000 +4.138017445e+000 -7.319825553e-001 -7.319825553e-001
46740 +4.034200706e+000 +4.034200706e+000 -8.357992943e-001 -8.357992943e-001
46762 +3.893082514e+000 +3.893082514e+000 -9.769174859e-001 -9.769174859e-001
46784 +3.679232586e+000 +3.679232586e+000 -1.190767414e+000 -1.190767414e+000
46806 +3.591454673e+000 +3.591454673e+000 -1.278545327e+000 -1.278545327e+000
46828 +3.520193266e+000 +3.520193266e+000 -1.349806734e+000 -1.349806734e+000
46894 +3.192952432e+000 +3.192952432e+000 -1.677047568e+000 -1.677047568e+000
46916 +2.859915221e+000 +2.859915221e+000 -2.010084779e+000 -2.010084779e+000
47070 +2.817373351e+000 +2.817373351e+000 -2.052626649e+000 -2.052626649e+000
47114 +2.705067147e+000 +2.705067147e+000 -2.164932853e+000 -2.164932853e+000
47136 +2.421443044e+000 +2.421443044e+000 -2.448556956e+000 -2.448556956e+000
47180 +2.359837414e+000 +2.359837414e+000 -2.510162586e+000 -2.510162586e+000
47202 +2.265528408e+000 +2.265528408e+000 -2.604471592e+000 -2.604471592e+000
47252 +2.212667715e+000 +2.212667715e+000 -2.657332285e+000 -2.657332285e+000
47290 +2.155041426e+000 +2.155041426e+000 -2.714958574e+000 -2.714958574e+000
47312 +2.122644224e+000 +2.122644224e+000 -2.747355776e+000 -2.747355776e+000
47395 +2.085530906e+000 +2.085530906e+000 -2.784469094e+000 -2.784469094e+000
47532 +2.033222490e+000 +2.033222490e+000 -2.836777510e+000 -2.836777510e+000
47664 +1.989007509e+000 +1.989007509e+000 -2.880992491e+000 -2.880992491e+000
47862 +1.933864859e+000 +1.933864859e+000 -2.936135141e+000 -2.936135141e+000
47928 +1.891675134e+000 +1.891675134e+000 -2.978324866e+000 -2.978324866e+000
48038 +1.854534854e+000 +1.854534854e+000 -3.015465146e+000 -3.015465146e+000
48189 +1.813231347e+000 +1.813231347e+000 -3.056768653e+000 -3.056768653e+000
48214 +1.743280125e+000 +1.743280125e+000 -3.126719875e+000 -3.126719875e+000
48231 +1.698792391e+000 +1.698792391e+000 -3.171207609e+000 -3.171207609e+000
48302 +1.653149482e+000 +1.653149482e+000 -3.216850518e+000 -3.216850518e+000
48412 +1.607218040e+000 +1.607218040e+000 -3.262781960e+000 -3.262781960e+000
48434 +1.572987687e+000 +1.572987687e+000 -3.297012313e+000 -3.297012313e+000
48500 +1.514279970e+000 +1.514279970e+000 -3.355720030e+000 -3.355720030e+000
48522 +1.483920109e+000 +1.483920109e+000 -3.386079891e+000 -3.386079891e+000
48588 +1.471905670e+000 +1.471905670e+000 -3.398094330e+000 -3.398094330e+000
48618 +1.439691565e+000 +1.439691565e+000 -3.430308435e+000 -3.430308435e+000
48676 +1.393938612e+000 +1.393938612e+000 -3.476061388e+000 -3.476061388e+000
48764 +1.377837452e+000 +1.377837452e+000 -3.492162548e+000 -3.492162548e+000
48841 +1.345863348e+000 +1.345863348e+000 -3.524136652e+000 -3.524136652e+000
48896 +1.308066537e+000 +1.308066537e+000 -3.561933463e+000 -3.561933463e+000
48940 +1.278791496e+000 +1.278791496e+000 -3.591208504e+000 -3.591208504e+000
49006 +1.255584029e+000 +1.255584029e+000 -3.614415971e+000 -3.614415971e+000
49072 +1.215711246e+000 +1.215711246e+000 -3.654288754e+000 -3.654288754e+000
49094 +1.201981465e+000 +1.201981465e+000 -3.668018535e+000 -3.668018535e+000
49138 +1.161688896e+000 +1.161688896e+000 -3.708311104e+000 -3.708311104e+000
49160 +1.141935215e+000 +1.141935215e+000 -3.728064785e+000 -3.728064785e+000
49314 +1.109857717e+000 +1.109857717e+000 -3.760142283e+000 -3.760142283e+000
49358 +1.075574885e+000 +1.075574885e+000 -3.794425115e+000 -3.794425115e+000
49402 +1.049059068e+000 +1.049059068e+000 -3.820940932e+000 -3.820940932e+000
49446 +1.039872752e+000 +1.039872752e+000 -3.830127248e+000 -3.830127248e+000
49468 +1.012088816e+000 +1.012088816e+000 -3.857911184e+000 -3.857911184e+000
49490 +9.966621536e-001 +9.966621536e-001 -3.873337846e+000 -3.873337846e+000
49666 +9.711034613e-001 +9.711034613e-001 -3.898896539e+000 -3.898896539e+000
49754 +9.493340493e-001 +9.493340493e-001 -3.920665951e+000 -3.920665951e+000
49776 +9.331000455e-001 +9.331000455e-001 -3.936899955e+000 -3.936899955e+000
49938 +9.082867619e-001 +9.082867619e-001 -3.961713238e+000 -3.961713238e+000
50052 +8.861096448e-001 +8.861096448e-001 -3.983890355e+000 -3.983890355e+000
50150 +8.670457030e-001 +8.670457030e-001 -4.002954297e+000 -4.002954297e+000
50260 +8.491131391e-001 +8.491131391e-001 -4.020886861e+000 -4.020886861e+000
50546 +8.309220515e-001 +8.309220515e-001 -4.039077948e+000 -4.039077948e+000
50656 +8.099185672e-001 +8.099185672e-001 -4.060081433e+000 -4.060081433e+000
50832 +7.927509821e-001 +7.927509821e-001 -4.077249018e+000 -4.077249018e+000
50986 +7.749901162e-001 +7.749901162e-001 -4.095009884e+000 -4.095009884e+000
51228 +7.563035850e-001 +7.563035850e-001 -4.113696415e+000 -4.113696415e+000
51492 +7.409129162e-001 +7.409129162e-001 -4.129087084e+000 -4.129087084e+000
51844 +7.242234701e-001 +7.242234701e-001 -4.145776530e+000 -4.145776530e+000
52746 +7.069177355e-001 +7.069177355e-001 -4.163082264e+000 -4.163082264e+000
% function evaluation | noise-free fitness - Fopt (1.511400000000e+002) | best noise-free fitness - Fopt | measured fitness | best measured fitness | x1 | x2...
1 +8.170111266e+001 +8.170111266e+001 +2.328411127e+002 +2.328411127e+002
589 +8.088569791e+001 +8.088569791e+001 +2.320256979e+002 +2.320256979e+002
620 +7.907153092e+001 +7.907153092e+001 +2.302115309e+002 +2.302115309e+002
668 +7.535344469e+001 +7.535344469e+001 +2.264934447e+002 +2.264934447e+002
699 +7.339307614e+001 +7.339307614e+001 +2.245330761e+002 +2.245330761e+002
726 +7.200172661e+001 +7.200172661e+001 +2.231417266e+002 +2.231417266e+002
748 +6.989624587e+001 +6.989624587e+001 +2.210362459e+002 +2.210362459e+002
770 +6.737536591e+001 +6.737536591e+001 +2.185153659e+002 +2.185153659e+002
792 +6.558218475e+001 +6.558218475e+001 +2.167221847e+002 +2.167221847e+002
814 +6.299185453e+001 +6.299185453e+001 +2.141318545e+002 +2.141318545e+002
836 +6.075303881e+001 +6.075303881e+001 +2.118930388e+002 +2.118930388e+002
858 +5.727969057e+001 +5.727969057e+001 +2.084196906e+002 +2.084196906e+002
880 +5.456126254e+001 +5.456126254e+001 +2.057012625e+002 +2.057012625e+002
902 +5.328781814e+001 +5.328781814e+001 +2.044278181e+002 +2.044278181e+002
906 +5.122253330e+001 +5.122253330e+001 +2.023625333e+002 +2.023625333e+002
924 +4.593006140e+001 +4.593006140e+001 +1.970700614e+002 +1.970700614e+002
946 +4.035564794e+001 +4.035564794e+001 +1.914956479e+002 +1.914956479e+002
968 +3.875260735e+001 +3.875260735e+001 +1.898926074e+002 +1.898926074e+002
990 +3.690753344e+001 +3.690753344e+001 +1.880475334e+002 +1.880475334e+002
1078 +3.613835119e+001 +3.613835119e+001 +1.872783512e+002 +1.872783512e+002
1100 +3.407674856e+001 +3.407674856e+001 +1.852167486e+002 +1.852167486e+002
1166 +3.358153477e+001 +3.358153477e+001 +1.847215348e+002 +1.847215348e+002
1254 +3.301122676e+001 +3.301122676e+001 +1.841512268e+002 +1.841512268e+002
1276 +3.088254931e+001 +3.088254931e+001 +1.820225493e+002 +1.820225493e+002
1298 +2.929789694e+001 +2.929789694e+001 +1.804378969e+002 +1.804378969e+002
1320 +2.858851892e+001 +2.858851892e+001 +1.797285189e+002 +1.797285189e+002
1430 +2.786722984e+001 +2.786722984e+001 +1.790072298e+002 +1.790072298e+002
1518 +2.751653145e+001 +2.751653145e+001 +1.786565315e+002 +1.786565315e+002
1738 +2.691277918e+001 +2.691277918e+001 +1.780527792e+002 +1.780527792e+002
1848 +2.628198586e+001 +2.628198586e+001 +1.774219859e+002 +1.774219859e+002
2068 +2.569510252e+001 +2.569510252e+001 +1.768351025e+002 +1.768351025e+002
7812 +2.459413832e+001 +2.459413832e+001 +1.757341383e+002 +1.757341383e+002
7834 +2.437440051e+001 +2.437440051e+001 +1.755144005e+002 +1.755144005e+002
7900 +1.995567073e+001 +1.995567073e+001 +1.710956707e+002 +1.710956707e+002
7922 +1.945403934e+001 +1.945403934e+001 +1.705940393e+002 +1.705940393e+002
7942 +1.831761119e+001 +1.831761119e+001 +1.694576112e+002 +1.694576112e+002
7944 +1.633016432e+001 +1.633016432e+001 +1.674701643e+002 +1.674701643e+002
7988 +1.576421540e+001 +1.576421540e+001 +1.669042154e+002 +1.669042154e+002
8010 +1.393294828e+001 +1.393294828e+001 +1.650729483e+002 +1.650729483e+002
8054 +1.243397583e+001 +1.243397583e+001 +1.635739758e+002 +1.635739758e+002
8076 +1.222954377e+001 +1.222954377e+001 +1.633695438e+002 +1.633695438e+002
8120 +9.545637072e+000 +9.545637072e+000 +1.606856371e+002 +1.606856371e+002
8164 +8.786133055e+000 +8.786133055e+000 +1.599261331e+002 +1.599261331e+002
8252 +8.183466416e+000 +8.183466416e+000 +1.593234664e+002 +1.593234664e+002
8296 +7.726861874e+000 +7.726861874e+000 +1.588668619e+002 +1.588668619e+002
8318 +7.485683545e+000 +7.485683545e+000 +1.586256835e+002 +1.586256835e+002
8362 +7.409259901e+000 +7.409259901e+000 +1.585492599e+002 +1.585492599e+002
8384 +7.242200256e+000 +7.242200256e+000 +1.583822003e+002 +1.583822003e+002
8450 +7.030388861e+000 +7.030388861e+000 +1.581703889e+002 +1.581703889e+002
8472 +6.906798389e+000 +6.906798389e+000 +1.580467984e+002 +1.580467984e+002
8534 +6.749235817e+000 +6.749235817e+000 +1.578892358e+002 +1.578892358e+002
8538 +6.582715537e+000 +6.582715537e+000 +1.577227155e+002 +1.577227155e+002
8626 +6.319935419e+000 +6.319935419e+000 +1.574599354e+002 +1.574599354e+002
8714 +6.162156218e+000 +6.162156218e+000 +1.573021562e+002 +1.573021562e+002
8780 +5.999499616e+000 +5.999499616e+000 +1.571394996e+002 +1.571394996e+002
8846 +5.882133777e+000 +5.882133777e+000 +1.570221338e+002 +1.570221338e+002
8978 +5.655688944e+000 +5.655688944e+000 +1.567956889e+002 +1.567956889e+002
9000 +5.621686462e+000 +5.621686462e+000 +1.567616865e+002 +1.567616865e+002
9110 +5.492975967e+000 +5.492975967e+000 +1.566329760e+002 +1.566329760e+002
9220 +5.351459624e+000 +5.351459624e+000 +1.564914596e+002 +1.564914596e+002
9484 +5.225061304e+000 +5.225061304e+000 +1.563650613e+002 +1.563650613e+002
9792 +5.124111458e+000 +5.124111458e+000 +1.562641115e+002 +1.562641115e+002
% function evaluation | noise-free fitness - Fopt (-1.332700000000e+002) | best noise-free fitness - Fopt | measured fitness | best measured fitness | x1 | x2...
1 +8.260502642e+001 +8.260502642e+001 -5.066497358e+001 -5.066497358e+001
447 +8.122558134e+001 +8.122558134e+001 -5.204441866e+001 -5.204441866e+001
467 +7.817841751e+001 +7.817841751e+001 -5.509158249e+001 -5.509158249e+001
486 +7.674950658e+001 +7.674950658e+001 -5.652049342e+001 -5.652049342e+001
524 +7.548945646e+001 +7.548945646e+001 -5.778054354e+001 -5.778054354e+001
544 +7.181119867e+001 +7.181119867e+001 -6.145880133e+001 -6.145880133e+001
563 +6.928544213e+001 +6.928544213e+001 -6.398455787e+001 -6.398455787e+001
594 +6.822876632e+001 +6.822876632e+001 -6.504123368e+001 -6.504123368e+001
615 +6.705424901e+001 +6.705424901e+001 -6.621575099e+001 -6.621575099e+001
632 +6.329048456e+001 +6.329048456e+001 -6.997951544e+001 -6.997951544e+001
638 +5.992725135e+001 +5.992725135e+001 -7.334274865e+001 -7.334274865e+001
656 +5.803689462e+001 +5.803689462e+001 -7.523310538e+001 -7.523310538e+001
660 +5.439614745e+001 +5.439614745e+001 -7.887385255e+001 -7.887385255e+001
704 +4.715683545e+001 +4.715683545e+001 -8.611316455e+001 -8.611316455e+001
726 +4.195893721e+001 +4.195893721e+001 -9.131106279e+001 -9.131106279e+001
748 +3.146517165e+001 +3.146517165e+001 -1.018048283e+002 -1.018048283e+002
770 +2.093079575e+001 +2.093079575e+001 -1.123392043e+002 -1.123392043e+002
836 +1.831508211e+001 +1.831508211e+001 -1.149549179e+002 -1.149549179e+002
858 +1.517045238e+001 +1.517045238e+001 -1.180995476e+002 -1.180995476e+002
946 +1.017277821e+001 +1.017277821e+001 -1.230972218e+002 -1.230972218e+002
990 +9.289736896e+000 +9.289736896e+000 -1.239802631e+002 -1.239802631e+002
1012 +8.247577131e+000 +8.247577131e+000 -1.250224229e+002 -1.250224229e+002
1034 +7.582641341e+000 +7.582641341e+000 -1.256873587e+002 -1.256873587e+002
1056 +7.195011236e+000 +7.195011236e+000 -1.260749888e+002 -1.260749888e+002
1100 +6.351123595e+000 +6.351123595e+000 -1.269188764e+002 -1.269188764e+002
1144 +6.098677175e+000 +6.098677175e+000 -1.271713228e+002 -1.271713228e+002
1210 +5.844585242e+000 +5.844585242e+000 -1.274254148e+002 -1.274254148e+002
1232 +5.111028339e+000 +5.111028339e+000 -1.281589717e+002 -1.281589717e+002
1254 +4.428684723e+000 +4.428684723e+000 -1.288413153e+002 -1.288413153e+002
1276 +3.980378383e+000 +3.980378383e+000 -1.292896216e+002 -1.292896216e+002
1342 +3.649572343e+000 +3.649572343e+000 -1.296204277e+002 -1.296204277e+002
1364 +2.834287690e+000 +2.834287690e+000 -1.304357123e+002 -1.304357123e+002
1386 +2.721689978e+000 +2.721689978e+000 -1.305483100e+002 -1.305483100e+002
1430 +2.645930482e+000 +2.645930482e+000 -1.306240695e+002 -1.306240695e+002
1452 +2.558737008e+000 +2.558737008e+000 -1.307112630e+002 -1.307112630e+002
1474 +2.388001905e+000 +2.388001905e+000 -1.308819981e+002 -1.308819981e+002
1496 +2.253650431e+000 +2.253650431e+000 -1.310163496e+002 -1.310163496e+002
1540 +2.178436485e+000 +2.178436485e+000 -1.310915635e+002 -1.310915635e+002
1562 +2.098055427e+000 +2.098055427e+000 -1.311719446e+002 -1.311719446e+002
1716 +2.088867243e+000 +2.088867243e+000 -1.311811328e+002 -1.311811328e+002
1782 +2.021691137e+000 +2.021691137e+000 -1.312483089e+002 -1.312483089e+002
2090 +1.993968482e+000 +1.993968482e+000 -1.312760315e+002 -1.312760315e+002
% function evaluation | noise-free fitness - Fopt (-5.488000000000e+001) | best noise-free fitness - Fopt | measured fitness | best measured fitness | x1 | x2...
1 +8.121522190e+001 +8.121522190e+001 +2.633522190e+001 +2.633522190e+001
341 +7.892789216e+001 +7.892789216e+001 +2.404789216e+001 +2.404789216e+001
394 +7.751713257e+001 +7.751713257e+001 +2.263713257e+001 +2.263713257e+001
423 +7.549403827e+001 +7.549403827e+001 +2.061403827e+001 +2.061403827e+001
444 +7.379233644e+001 +7.379233644e+001 +1.891233644e+001 +1.891233644e+001
470 +7.213498844e+001 +7.213498844e+001 +1.725498844e+001 +1.725498844e+001
488 +7.053999849e+001 +7.053999849e+001 +1.565999849e+001 +1.565999849e+001
514 +6.780231713e+001 +6.780231713e+001 +1.292231713e+001 +1.292231713e+001
530 +6.740045271e+001 +6.740045271e+001 +1.252045271e+001 +1.252045271e+001
552 +6.593859961e+001 +6.593859961e+001 +1.105859961e+001 +1.105859961e+001
581 +6.211432242e+001 +6.211432242e+001 +7.234322421e+000 +7.234322421e+000
594 +6.010859800e+001 +6.010859800e+001 +5.228597996e+000 +5.228597996e+000
612 +5.524651170e+001 +5.524651170e+001 +3.665117023e-001 +3.665117023e-001
623 +5.277833897e+001 +5.277833897e+001 -2.101661026e+000 -2.101661026e+000
638 +4.731462921e+001 +4.731462921e+001 -7.565370788e+000 -7.565370788e+000
640 +4.260497479e+001 +4.260497479e+001 -1.227502521e+001 -1.227502521e+001
660 +3.887352460e+001 +3.887352460e+001 -1.600647540e+001 -1.600647540e+001
704 +3.729655650e+001 +3.729655650e+001 -1.758344350e+001 -1.758344350e+001
715 +3.705877733e+001 +3.705877733e+001 -1.782122267e+001 -1.782122267e+001
726 +3.552420461e+001 +3.552420461e+001 -1.935579539e+001 -1.935579539e+001
748 +3.183372943e+001 +3.183372943e+001 -2.304627057e+001 -2.304627057e+001
752 +3.081372302e+001 +3.081372302e+001 -2.406627698e+001 -2.406627698e+001
770 +2.524971337e+001 +2.524971337e+001 -2.963028663e+001 -2.963028663e+001
792 +2.259043808e+001 +2.259043808e+001 -3.228956192e+001 -3.228956192e+001
814 +2.060997130e+001 +2.060997130e+001 -3.427002870e+001 -3.427002870e+001
836 +1.710834924e+001 +1.710834924e+001 -3.777165076e+001 -3.777165076e+001
858 +1.660099834e+001 +1.660099834e+001 -3.827900166e+001 -3.827900166e+001
880 +1.559163646e+001 +1.559163646e+001 -3.928836354e+001 -3.928836354e+001
902 +1.118314195e+001 +1.118314195e+001 -4.369685805e+001 -4.369685805e+001
924 +1.028343315e+001 +1.028343315e+001 -4.459656685e+001 -4.459656685e+001
968 +9.356427838e+000 +9.356427838e+000 -4.552357216e+001 -4.552357216e+001
1012 +8.356089493e+000 +8.356089493e+000 -4.652391051e+001 -4.652391051e+001
1078 +8.068918680e+000 +8.068918680e+000 -4.681108132e+001 -4.681108132e+001
1100 +7.459195914e+000 +7.459195914e+000 -4.742080409e+001 -4.742080409e+001
1144 +6.495775841e+000 +6.495775841e+000 -4.838422416e+001 -4.838422416e+001
1188 +5.716244698e+000 +5.716244698e+000 -4.916375530e+001 -4.916375530e+001
1210 +4.789529955e+000 +4.789529955e+000 -5.009047004e+001 -5.009047004e+001
1232 +4.197164090e+000 +4.197164090e+000 -5.068283591e+001 -5.068283591e+001
1298 +3.165831832e+000 +3.165831832e+000 -5.171416817e+001 -5.171416817e+001
1320 +2.669802337e+000 +2.669802337e+000 -5.221019766e+001 -5.221019766e+001
1364 +2.441796628e+000 +2.441796628e+000 -5.243820337e+001 -5.243820337e+001
1540 +2.371083180e+000 +2.371083180e+000 -5.250891682e+001 -5.250891682e+001
1606 +2.288525193e+000 +2.288525193e+000 -5.259147481e+001 -5.259147481e+001
1628 +2.204656989e+000 +2.204656989e+000 -5.267534301e+001 -5.267534301e+001
1672 +2.115573542e+000 +2.115573542e+000 -5.276442646e+001 -5.276442646e+001
1694 +2.061414452e+000 +2.061414452e+000 -5.281858555e+001 -5.281858555e+001
1738 +2.035831706e+000 +2.035831706e+000 -5.284416829e+001 -5.284416829e+001
2002 +1.992643286e+000 +1.992643286e+000 -5.288735671e+001 -5.288735671e+001
% function evaluation | noise-free fitness - Fopt (-2.253700000000e+002) | best noise-free fitness - Fopt | measured fitness | best measured fitness | x1 | x2...
1 +8.319213908e+001 +8.319213908e+001 -1.421778609e+002 -1.421778609e+002
513 +8.292145366e+001 +8.292145366e+001 -1.424485463e+002 -1.424485463e+002
597 +8.127575011e+001 +8.127575011e+001 -1.440942499e+002 -1.440942499e+002
650 +7.922925652e+001 +7.922925652e+001 -1.461407435e+002 -1.461407435e+002
711 +7.663830697e+001 +7.663830697e+001 -1.487316930e+002 -1.487316930e+002
730 +7.412105130e+001 +7.412105130e+001 -1.512489487e+002 -1.512489487e+002
792 +7.181502701e+001 +7.181502701e+001 -1.535549730e+002 -1.535549730e+002
799 +7.036704286e+001 +7.036704286e+001 -1.550029571e+002 -1.550029571e+002
827 +6.833998256e+001 +6.833998256e+001 -1.570300174e+002 -1.570300174e+002
836 +6.735606203e+001 +6.735606203e+001 -1.580139380e+002 -1.580139380e+002
858 +6.376048959e+001 +6.376048959e+001 -1.616095104e+002 -1.616095104e+002
880 +5.943448926e+001 +5.943448926e+001 -1.659355107e+002 -1.659355107e+002
924 +5.391023809e+001 +5.391023809e+001 -1.714597619e+002 -1.714597619e+002
946 +5.040550068e+001 +5.040550068e+001 -1.749644993e+002 -1.749644993e+002
968 +3.833711353e+001 +3.833711353e+001 -1.870328865e+002 -1.870328865e+002
1034 +3.379715377e+001 +3.379715377e+001 -1.915728462e+002 -1.915728462e+002
1056 +3.020145801e+001 +3.020145801e+001 -1.951685420e+002 -1.951685420e+002
1078 +2.810690293e+001 +2.810690293e+001 -1.972630971e+002 -1.972630971e+002
1166 +2.744026272e+001 +2.744026272e+001 -1.979297373e+002 -1.979297373e+002
1232 +2.679530418e+001 +2.679530418e+001 -1.985746958e+002 -1.985746958e+002
1254 +2.618384409e+001 +2.618384409e+001 -1.991861559e+002 -1.991861559e+002
1276 +2.529726527e+001 +2.529726527e+001 -2.000727347e+002 -2.000727347e+002
1298 +2.413696720e+001 +2.413696720e+001 -2.012330328e+002 -2.012330328e+002
1364 +2.381548986e+001 +2.381548986e+001 -2.015545101e+002 -2.015545101e+002
1386 +2.310481322e+001 +2.310481322e+001 -2.022651868e+002 -2.022651868e+002
1408 +2.182490871e+001 +2.182490871e+001 -2.035450913e+002 -2.035450913e+002
1452 +2.103303602e+001 +2.103303602e+001 -2.043369640e+002 -2.043369640e+002
1518 +2.054532037e+001 +2.054532037e+001 -2.048246796e+002 -2.048246796e+002
1562 +2.031724856e+001 +2.031724856e+001 -2.050527514e+002 -2.050527514e+002
1672 +1.989061466e+001 +1.989061466e+001 -2.054793853e+002 -2.054793853e+002
1738 +1.947365739e+001 +1.947365739e+001 -2.058963426e+002 -2.058963426e+002
1936 +1.901038998e+001 +1.901038998e+001 -2.063596100e+002 -2.063596100e+002
2156 +1.856435160e+001 +1.856435160e+001 -2.068056484e+002 -2.068056484e+002
22974 +1.736961833e+001 +1.736961833e+001 -2.080003817e+002 -2.080003817e+002
23084 +1.332300996e+001 +1.332300996e+001 -2.120469900e+002 -2.120469900e+002
23370 +1.048979932e+001 +1.048979932e+001 -2.148802007e+002 -2.148802007e+002
23436 +9.678240241e+000 +9.678240241e+000 -2.156917598e+002 -2.156917598e+002
23480 +8.821548735e+000 +8.821548735e+000 -2.165484513e+002 -2.165484513e+002
23502 +8.537055760e+000 +8.537055760e+000 -2.168329442e+002 -2.168329442e+002
23634 +8.302033298e+000 +8.302033298e+000 -2.170679667e+002 -2.170679667e+002
23656 +7.811870438e+000 +7.811870438e+000 -2.175581296e+002 -2.175581296e+002
23678 +7.691827136e+000 +7.691827136e+000 -2.176781729e+002 -2.176781729e+002
23700 +7.521146235e+000 +7.521146235e+000 -2.178488538e+002 -2.178488538e+002
23722 +6.826458127e+000 +6.826458127e+000 -2.185435419e+002 -2.185435419e+002
23744 +6.638483465e+000 +6.638483465e+000 -2.187315165e+002 -2.187315165e+002
23788 +5.931076238e+000 +5.931076238e+000 -2.194389238e+002 -2.194389238e+002
23810 +5.552363972e+000 +5.552363972e+000 -2.198176360e+002 -2.198176360e+002
23854 +5.213348665e+000 +5.213348665e+000 -2.201566513e+002 -2.201566513e+002
23942 +4.861832287e+000 +4.861832287e+000 -2.205081677e+002 -2.205081677e+002
23986 +4.553960166e+000 +4.553960166e+000 -2.208160398e+002 -2.208160398e+002
24008 +4.042490733e+000 +4.042490733e+000 -2.213275093e+002 -2.213275093e+002
24030 +3.934366020e+000 +3.934366020e+000 -2.214356340e+002 -2.214356340e+002
24096 +3.721219136e+000 +3.721219136e+000 -2.216487809e+002 -2.216487809e+002
24162 +3.587820428e+000 +3.587820428e+000 -2.217821796e+002 -2.217821796e+002
24184 +3.463910311e+000 +3.463910311e+000 -2.219060897e+002 -2.219060897e+002
24250 +3.306428461e+000 +3.306428461e+000 -2.220635715e+002 -2.220635715e+002
24272 +3.178670555e+000 +3.178670555e+000 -2.221913294e+002 -2.221913294e+002
24294 +3.109618425e+000 +3.109618425e+000 -2.222603816e+002 -2.222603816e+002
24316 +2.923849132e+000 +2.923849132e+000 -2.224461509e+002 -2.224461509e+002
24580 +2.856051122e+000 +2.856051122e+000 -2.225139489e+002 -2.225139489e+002
24624 +2.780788592e+000 +2.780788592e+000 -2.225892114e+002 -2.225892114e+002
24712 +2.741708643e+000 +2.741708643e+000 -2.226282914e+002 -2.226282914e+002
24954 +2.686807607e+000 +2.686807607e+000 -2.226831924e+002 -2.226831924e+002
25240 +2.625584720e+000 +2.625584720e+000 -2.227444153e+002 -2.227444153e+002
% function evaluation | noise-free fitness - Fopt (-2.212900000000e+002) | best noise-free fitness - Fopt | measured fitness | best measured fitness | x1 | x2...
1 +8.482452635e+001 +8.482452635e+001 -1.364654737e+002 -1.364654737e+002
489 +8.300636948e+001 +8.300636948e+001 -1.382836305e+002 -1.382836305e+002
520 +8.080391841e+001 +8.080391841e+001 -1.404860816e+002 -1.404860816e+002
568 +7.916827017e+001 +7.916827017e+001 -1.421217298e+002 -1.421217298e+002
600 +7.754948715e+001 +7.754948715e+001 -1.437405128e+002 -1.437405128e+002
605 +7.578665805e+001 +7.578665805e+001 -1.455033419e+002 -1.455033419e+002
645 +7.398701327e+001 +7.398701327e+001 -1.473029867e+002 -1.473029867e+002
663 +7.183055732e+001 +7.183055732e+001 -1.494594427e+002 -1.494594427e+002
726 +7.036734271e+001 +7.036734271e+001 -1.509226573e+002 -1.509226573e+002
770 +6.818858548e+001 +6.818858548e+001 -1.531014145e+002 -1.531014145e+002
814 +6.731150711e+001 +6.731150711e+001 -1.539784929e+002 -1.539784929e+002
858 +6.502838717e+001 +6.502838717e+001 -1.562616128e+002 -1.562616128e+002
924 +6.307278126e+001 +6.307278126e+001 -1.582172187e+002 -1.582172187e+002
968 +6.054383525e+001 +6.054383525e+001 -1.607461647e+002 -1.607461647e+002
1034 +5.901825633e+001 +5.901825633e+001 -1.622717437e+002 -1.622717437e+002
1056 +5.850054600e+001 +5.850054600e+001 -1.627894540e+002 -1.627894540e+002
1122 +5.642814469e+001 +5.642814469e+001 -1.648618553e+002 -1.648618553e+002
1144 +5.597100654e+001 +5.597100654e+001 -1.653189935e+002 -1.653189935e+002
1188 +5.412261325e+001 +5.412261325e+001 -1.671673868e+002 -1.671673868e+002
1276 +5.361477956e+001 +5.361477956e+001 -1.676752204e+002 -1.676752204e+002
1342 +5.234595592e+001 +5.234595592e+001 -1.689440441e+002 -1.689440441e+002
1694 +5.128450512e+001 +5.128450512e+001 -1.700054949e+002 -1.700054949e+002
7768 +4.924443396e+001 +4.924443396e+001 -1.720455660e+002 -1.720455660e+002
7790 +4.702301163e+001 +4.702301163e+001 -1.742669884e+002 -1.742669884e+002
7834 +4.392998802e+001 +4.392998802e+001 -1.773600120e+002 -1.773600120e+002
7856 +4.099064836e+001 +4.099064836e+001 -1.802993516e+002 -1.802993516e+002
8076 +4.065130208e+001 +4.065130208e+001 -1.806386979e+002 -1.806386979e+002
8098 +3.832227704e+001 +3.832227704e+001 -1.829677230e+002 -1.829677230e+002
8120 +3.622019369e+001 +3.622019369e+001 -1.850698063e+002 -1.850698063e+002
8186 +3.465630475e+001 +3.465630475e+001 -1.866336953e+002 -1.866336953e+002
8296 +3.293514604e+001 +3.293514604e+001 -1.883548540e+002 -1.883548540e+002
8450 +3.188311024e+001 +3.188311024e+001 -1.894068898e+002 -1.894068898e+002
8626 +3.132695291e+001 +3.132695291e+001 -1.899630471e+002 -1.899630471e+002
8780 +3.078228900e+001 +3.078228900e+001 -1.905077110e+002 -1.905077110e+002
9264 +3.018747902e+001 +3.018747902e+001 -1.911025210e+002 -1.911025210e+002
14348 +2.290777704e+001 +2.290777704e+001 -1.983822230e+002 -1.983822230e+002
14370 +2.182136503e+001 +2.182136503e+001 -1.994686350e+002 -1.994686350e+002
14414 +2.107290204e+001 +2.107290204e+001 -2.002170980e+002 -2.002170980e+002
14436 +2.017016115e+001 +2.017016115e+001 -2.011198388e+002 -2.011198388e+002
14458 +1.954918951e+001 +1.954918951e+001 -2.017408105e+002 -2.017408105e+002
14480 +1.686903922e+001 +1.686903922e+001 -2.044209608e+002 -2.044209608e+002
14524 +1.454132559e+001 +1.454132559e+001 -2.067486744e+002 -2.067486744e+002
14546 +1.363784942e+001 +1.363784942e+001 -2.076521506e+002 -2.076521506e+002
14590 +1.337306719e+001 +1.337306719e+001 -2.079169328e+002 -2.079169328e+002
14634 +1.240432260e+001 +1.240432260e+001 -2.088856774e+002 -2.088856774e+002
14656 +1.174886416e+001 +1.174886416e+001 -2.095411358e+002 -2.095411358e+002
14700 +1.120794424e+001 +1.120794424e+001 -2.100820558e+002 -2.100820558e+002
14766 +1.019818091e+001 +1.019818091e+001 -2.110918191e+002 -2.110918191e+002
14788 +9.990121222e+000 +9.990121222e+000 -2.112998788e+002 -2.112998788e+002
14854 +9.373315344e+000 +9.373315344e+000 -2.119166847e+002 -2.119166847e+002
14876 +9.327617389e+000 +9.327617389e+000 -2.119623826e+002 -2.119623826e+002
14898 +9.052485076e+000 +9.052485076e+000 -2.122375149e+002 -2.122375149e+002
14986 +8.280598684e+000 +8.280598684e+000 -2.130094013e+002 -2.130094013e+002
15008 +7.976153265e+000 +7.976153265e+000 -2.133138467e+002 -2.133138467e+002
15030 +7.793933123e+000 +7.793933123e+000 -2.134960669e+002 -2.134960669e+002
15052 +7.744025518e+000 +7.744025518e+000 -2.135459745e+002 -2.135459745e+002
15074 +7.050402420e+000 +7.050402420e+000 -2.142395976e+002 -2.142395976e+002
15096 +6.774429513e+000 +6.774429513e+000 -2.145155705e+002 -2.145155705e+002
15118 +6.407580211e+000 +6.407580211e+000 -2.148824198e+002 -2.148824198e+002
15247 +6.138597396e+000 +6.138597396e+000 -2.151514026e+002 -2.151514026e+002
15250 +5.683539254e+000 +5.683539254e+000 -2.156064607e+002 -2.156064607e+002
15316 +5.474190287e+000 +5.474190287e+000 -2.158158097e+002 -2.158158097e+002
15338 +5.150887923e+000 +5.150887923e+000 -2.161391121e+002 -2.161391121e+002
15345 +5.117721454e+000 +5.117721454e+000 -2.161722785e+002 -2.161722785e+002
15360 +4.928342338e+000 +4.928342338e+000 -2.163616577e+002 -2.163616577e+002
15382 +4.829198893e+000 +4.829198893e+000 -2.164608011e+002 -2.164608011e+002
15404 +4.473365641e+000 +4.473365641e+000 -2.168166344e+002 -2.168166344e+002
15426 +4.409422620e+000 +4.409422620e+000 -2.168805774e+002 -2.168805774e+002
15436 +4.038394266e+000 +4.038394266e+000 -2.172516057e+002 -2.172516057e+002
15470 +3.705297377e+000 +3.705297377e+000 -2.175847026e+002 -2.175847026e+002
15492 +3.565628118e+000 +3.565628118e+000 -2.177243719e+002 -2.177243719e+002
15514 +3.484403109e+000 +3.484403109e+000 -2.178055969e+002 -2.178055969e+002
15536 +3.233123969e+000 +3.233123969e+000 -2.180568760e+002 -2.180568760e+002
15558 +3.131685172e+000 +3.131685172e+000 -2.181583148e+002 -2.181583148e+002
15580 +3.059250170e+000 +3.059250170e+000 -2.182307498e+002 -2.182307498e+002
15602 +2.963943887e+000 +2.963943887e+000 -2.183260561e+002 -2.183260561e+002
15624 +2.724395394e+000 +2.724395394e+000 -2.185656046e+002 -2.185656046e+002
15668 +2.648856558e+000 +2.648856558e+000 -2.186411434e+002 -2.186411434e+002
15690 +2.534891207e+000 +2.534891207e+000 -2.187551088e+002 -2.187551088e+002
15734 +2.502217859e+000 +2.502217859e+000 -2.187877821e+002 -2.187877821e+002
15800 +2.379948136e+000 +2.379948136e+000 -2.189100519e+002 -2.189100519e+002
15888 +2.337791591e+000 +2.337791591e+000 -2.189522084e+002 -2.189522084e+002
15932 +2.276467185e+000 +2.276467185e+000 -2.190135328e+002 -2.190135328e+002
15976 +2.235896177e+000 +2.235896177e+000 -2.190541038e+002 -2.190541038e+002
16020 +2.180082824e+000 +2.180082824e+000 -2.191099172e+002 -2.191099172e+002
16130 +2.136917351e+000 +2.136917351e+000 -2.191530826e+002 -2.191530826e+002
16262 +2.087703072e+000 +2.087703072e+000 -2.192022969e+002 -2.192022969e+002
16416 +2.041365443e+000 +2.041365443e+000 -2.192486346e+002 -2.192486346e+002
17120 +1.993989053e+000 +1.993989053e+000 -2.192960109e+002 -2.192960109e+002
% function evaluation | noise-free fitness - Fopt (1.065700000000e+002) | best noise-free fitness - Fopt | measured fitness | best measured fitness | x1 | x2...
1 +8.340215427e+001 +8.340215427e+001 +1.899721543e+002 +1.899721543e+002
26 +8.315535880e+001 +8.315535880e+001 +1.897253588e+002 +1.897253588e+002
182 +8.127362613e+001 +8.127362613e+001 +1.878436261e+002 +1.878436261e+002
268 +7.875798265e+001 +7.875798265e+001 +1.853279827e+002 +1.853279827e+002
310 +7.749311705e+001 +7.749311705e+001 +1.840631171e+002 +1.840631171e+002
354 +7.539568024e+001 +7.539568024e+001 +1.819656802e+002 +1.819656802e+002
398 +7.400081699e+001 +7.400081699e+001 +1.805708170e+002 +1.805708170e+002
420 +6.995491622e+001 +6.995491622e+001 +1.765249162e+002 +1.765249162e+002
454 +6.906459671e+001 +6.906459671e+001 +1.756345967e+002 +1.756345967e+002
483 +6.702989513e+001 +6.702989513e+001 +1.735998951e+002 +1.735998951e+002
506 +6.526399730e+001 +6.526399730e+001 +1.718339973e+002 +1.718339973e+002
526 +6.407445581e+001 +6.407445581e+001 +1.706444558e+002 +1.706444558e+002
528 +6.254948666e+001 +6.254948666e+001 +1.691194867e+002 +1.691194867e+002
550 +6.051304674e+001 +6.051304674e+001 +1.670830467e+002 +1.670830467e+002
572 +5.862956225e+001 +5.862956225e+001 +1.651995623e+002 +1.651995623e+002
594 +5.265847496e+001 +5.265847496e+001 +1.592284750e+002 +1.592284750e+002
616 +5.066475908e+001 +5.066475908e+001 +1.572347591e+002 +1.572347591e+002
638 +4.672997322e+001 +4.672997322e+001 +1.532999732e+002 +1.532999732e+002
660 +4.499315303e+001 +4.499315303e+001 +1.515631530e+002 +1.515631530e+002
682 +4.150857889e+001 +4.150857889e+001 +1.480785789e+002 +1.480785789e+002
704 +3.766945565e+001 +3.766945565e+001 +1.442394556e+002 +1.442394556e+002
726 +3.582921542e+001 +3.582921542e+001 +1.423992154e+002 +1.423992154e+002
748 +3.287313616e+001 +3.287313616e+001 +1.394431362e+002 +1.394431362e+002
924 +3.180434002e+001 +3.180434002e+001 +1.383743400e+002 +1.383743400e+002
1012 +3.014446630e+001 +3.014446630e+001 +1.367144663e+002 +1.367144663e+002
1034 +2.940937369e+001 +2.940937369e+001 +1.359793737e+002 +1.359793737e+002
1144 +2.842022892e+001 +2.842022892e+001 +1.349902289e+002 +1.349902289e+002
1232 +2.794598188e+001 +2.794598188e+001 +1.345159819e+002 +1.345159819e+002
1342 +2.744684289e+001 +2.744684289e+001 +1.340168429e+002 +1.340168429e+002
1518 +2.688654719e+001 +2.688654719e+001 +1.334565472e+002 +1.334565472e+002
1738 +2.627098079e+001 +2.627098079e+001 +1.328409808e+002 +1.328409808e+002
2068 +2.565086187e+001 +2.565086187e+001 +1.322208619e+002 +1.322208619e+002
18660 +2.274113024e+001 +2.274113024e+001 +1.293111302e+002 +1.293111302e+002
18682 +2.151525353e+001 +2.151525353e+001 +1.280852535e+002 +1.280852535e+002
18704 +2.121122847e+001 +2.121122847e+001 +1.277812285e+002 +1.277812285e+002
18726 +1.925243839e+001 +1.925243839e+001 +1.258224384e+002 +1.258224384e+002
18748 +1.630432550e+001 +1.630432550e+001 +1.228743255e+002 +1.228743255e+002
18792 +1.559443813e+001 +1.559443813e+001 +1.221644381e+002 +1.221644381e+002
18814 +1.428452058e+001 +1.428452058e+001 +1.208545206e+002 +1.208545206e+002
18836 +1.225535694e+001 +1.225535694e+001 +1.188253569e+002 +1.188253569e+002
18858 +8.901245784e+000 +8.901245784e+000 +1.154712458e+002 +1.154712458e+002
19078 +8.522922621e+000 +8.522922621e+000 +1.150929226e+002 +1.150929226e+002
19100 +7.776998045e+000 +7.776998045e+000 +1.143469980e+002 +1.143469980e+002
19122 +7.368315346e+000 +7.368315346e+000 +1.139383153e+002 +1.139383153e+002
19276 +7.077802310e+000 +7.077802310e+000 +1.136478023e+002 +1.136478023e+002
19342 +6.615551582e+000 +6.615551582e+000 +1.131855516e+002 +1.131855516e+002
19386 +6.340988915e+000 +6.340988915e+000 +1.129109889e+002 +1.129109889e+002
19430 +6.180224999e+000 +6.180224999e+000 +1.127502250e+002 +1.127502250e+002
19474 +5.919411749e+000 +5.919411749e+000 +1.124894117e+002 +1.124894117e+002
19606 +5.759695616e+000 +5.759695616e+000 +1.123296956e+002 +1.123296956e+002
19782 +5.590560019e+000 +5.590560019e+000 +1.121605600e+002 +1.121605600e+002
19848 +5.466581399e+000 +5.466581399e+000 +1.120365814e+002 +1.120365814e+002
19892 +5.328205311e+000 +5.328205311e+000 +1.118982053e+002 +1.118982053e+002
20090 +5.243544210e+000 +5.243544210e+000 +1.118135442e+002 +1.118135442e+002
20398 +5.126487347e+000 +5.126487347e+000 +1.116964873e+002 +1.116964873e+002
33052 +4.453274952e+000 +4.453274952e+000 +1.110232750e+002 +1.110232750e+002
33206 +3.675257827e+000 +3.675257827e+000 +1.102452578e+002 +1.102452578e+002
33228 +3.607683703e+000 +3.607683703e+000 +1.101776837e+002 +1.101776837e+002
33360 +3.360601115e+000 +3.360601115e+000 +1.099306011e+002 +1.099306011e+002
33382 +3.143450386e+000 +3.143450386e+000 +1.097134504e+002 +1.097134504e+002
33426 +3.082891083e+000 +3.082891083e+000 +1.096528911e+002 +1.096528911e+002
33448 +2.581738361e+000 +2.581738361e+000 +1.091517384e+002 +1.091517384e+002
33514 +2.340161294e+000 +2.340161294e+000 +1.089101613e+002 +1.089101613e+002
33580 +2.223777701e+000 +2.223777701e+000 +1.087937777e+002 +1.087937777e+002
33602 +2.176917707e+000 +2.176917707e+000 +1.087469177e+002 +1.087469177e+002
33690 +2.109837456e+000 +2.109837456e+000 +1.086798375e+002 +1.086798375e+002
33756 +2.083968108e+000 +2.083968108e+000 +1.086539681e+002 +1.086539681e+002
33822 +2.015190106e+000 +2.015190106e+000 +1.085851901e+002 +1.085851901e+002
34108 +1.990703370e+000 +1.990703370e+000 +1.085607034e+002 +1.085607034e+002
% function evaluation | noise-free fitness - Fopt (-1.284800000000e+002) | best noise-free fitness - Fopt | measured fitness | best measured fitness | x1 | x2...
1 +8.445902606e+001 +8.445902606e+001 -4.402097394e+001 -4.402097394e+001
562 +8.286606890e+001 +8.286606890e+001 -4.561393110e+001 -4.561393110e+001
606 +8.121525652e+001 +8.121525652e+001 -4.726474348e+001 -4.726474348e+001
653 +7.905811298e+001 +7.905811298e+001 -4.942188702e+001 -4.942188702e+001
682 +7.710622183e+001 +7.710622183e+001 -5.137377817e+001 -5.137377817e+001
691 +7.527720803e+001 +7.527720803e+001 -5.320279197e+001 -5.320279197e+001
713 +7.195878364e+001 +7.195878364e+001 -5.652121636e+001 -5.652121636e+001
770 +7.027028014e+001 +7.027028014e+001 -5.820971986e+001 -5.820971986e+001
792 +6.917776340e+001 +6.917776340e+001 -5.930223660e+001 -5.930223660e+001
795 +6.732632671e+001 +6.732632671e+001 -6.115367329e+001 -6.115367329e+001
814 +6.380279656e+001 +6.380279656e+001 -6.467720344e+001 -6.467720344e+001
825 +6.250758257e+001 +6.250758257e+001 -6.597241743e+001 -6.597241743e+001
858 +5.980344354e+001 +5.980344354e+001 -6.867655646e+001 -6.867655646e+001
880 +5.706740561e+001 +5.706740561e+001 -7.141259439e+001 -7.141259439e+001
902 +5.179692024e+001 +5.179692024e+001 -7.668307976e+001 -7.668307976e+001
924 +4.736850133e+001 +4.736850133e+001 -8.111149867e+001 -8.111149867e+001
946 +4.474732967e+001 +4.474732967e+001 -8.373267033e+001 -8.373267033e+001
968 +4.338286013e+001 +4.338286013e+001 -8.509713987e+001 -8.509713987e+001
990 +4.204251796e+001 +4.204251796e+001 -8.643748204e+001 -8.643748204e+001
1012 +3.700128139e+001 +3.700128139e+001 -9.147871861e+001 -9.147871861e+001
1034 +3.308109430e+001 +3.308109430e+001 -9.539890570e+001 -9.539890570e+001
1056 +3.204233571e+001 +3.204233571e+001 -9.643766429e+001 -9.643766429e+001
1078 +2.600092134e+001 +2.600092134e+001 -1.024790787e+002 -1.024790787e+002
1100 +2.463772981e+001 +2.463772981e+001 -1.038422702e+002 -1.038422702e+002
1144 +2.357523190e+001 +2.357523190e+001 -1.049047681e+002 -1.049047681e+002
1166 +2.165278886e+001 +2.165278886e+001 -1.068272111e+002 -1.068272111e+002
1254 +2.084977778e+001 +2.084977778e+001 -1.076302222e+002 -1.076302222e+002
1298 +2.040771150e+001 +2.040771150e+001 -1.080722885e+002 -1.080722885e+002
1408 +1.987096112e+001 +1.987096112e+001 -1.086090389e+002 -1.086090389e+002
1474 +1.913622972e+001 +1.913622972e+001 -1.093437703e+002 -1.093437703e+002
1562 +1.887799891e+001 +1.887799891e+001 -1.096020011e+002 -1.096020011e+002
1628 +1.843647209e+001 +1.843647209e+001 -1.100435279e+002 -1.100435279e+002
1650 +1.746188352e+001 +1.746188352e+001 -1.110181165e+002 -1.110181165e+002
1738 +1.731925830e+001 +1.731925830e+001 -1.111607417e+002 -1.111607417e+002
1760 +1.694729090e+001 +1.694729090e+001 -1.115327091e+002 -1.115327091e+002
1804 +1.652059578e+001 +1.652059578e+001 -1.119594042e+002 -1.119594042e+002
1848 +1.604876112e+001 +1.604876112e+001 -1.124312389e+002 -1.124312389e+002
1892 +1.569828065e+001 +1.569828065e+001 -1.127817194e+002 -1.127817194e+002
2068 +1.547081429e+001 +1.547081429e+001 -1.130091857e+002 -1.130091857e+002
2332 +1.507140267e+001 +1.507140267e+001 -1.134085973e+002 -1.134085973e+002
2728 +1.474295044e+001 +1.474295044e+001 -1.137370496e+002 -1.137370496e+002
14370 +1.281342502e+001 +1.281342502e+001 -1.156665750e+002 -1.156665750e+002
14414 +1.119188274e+001 +1.119188274e+001 -1.172881173e+002 -1.172881173e+002
14436 +9.484896736e+000 +9.484896736e+000 -1.189951033e+002 -1.189951033e+002
14524 +8.533950971e+000 +8.533950971e+000 -1.199460490e+002 -1.199460490e+002
14546 +8.387256795e+000 +8.387256795e+000 -1.200927432e+002 -1.200927432e+002
14568 +7.718919975e+000 +7.718919975e+000 -1.207610800e+002 -1.207610800e+002
14590 +7.433732008e+000 +7.433732008e+000 -1.210462680e+002 -1.210462680e+002
14612 +6.469686640e+000 +6.469686640e+000 -1.220103134e+002 -1.220103134e+002
14634 +5.582201061e+000 +5.582201061e+000 -1.228977989e+002 -1.228977989e+002
14700 +4.227193764e+000 +4.227193764e+000 -1.242528062e+002 -1.242528062e+002
14788 +3.448983267e+000 +3.448983267e+000 -1.250310167e+002 -1.250310167e+002
14810 +2.600144327e+000 +2.600144327e+000 -1.258798557e+002 -1.258798557e+002
14854 +2.562866018e+000 +2.562866018e+000 -1.259171340e+002 -1.259171340e+002
14876 +2.106929662e+000 +2.106929662e+000 -1.263730703e+002 -1.263730703e+002
14898 +2.015074465e+000 +2.015074465e+000 -1.264649255e+002 -1.264649255e+002
15206 +1.976192474e+000 +1.976192474e+000 -1.265038075e+002 -1.265038075e+002
15250 +1.865411235e+000 +1.865411235e+000 -1.266145888e+002 -1.266145888e+002
15294 +1.765072941e+000 +1.765072941e+000 -1.267149271e+002 -1.267149271e+002
15536 +1.696425130e+000 +1.696425130e+000 -1.267835749e+002 -1.267835749e+002
15558 +1.526954574e+000 +1.526954574e+000 -1.269530454e+002 -1.269530454e+002
15580 +1.459291357e+000 +1.459291357e+000 -1.270207086e+002 -1.270207086e+002
15602 +1.405171303e+000 +1.405171303e+000 -1.270748287e+002 -1.270748287e+002
15646 +1.375483190e+000 +1.375483190e+000 -1.271045168e+002 -1.271045168e+002
15668 +1.245752826e+000 +1.245752826e+000 -1.272342472e+002 -1.272342472e+002
15690 +1.173792812e+000 +1.173792812e+000 -1.273062072e+002 -1.273062072e+002
15734 +1.090637297e+000 +1.090637297e+000 -1.273893627e+002 -1.273893627e+002
15756 +1.052117846e+000 +1.052117846e+000 -1.274278822e+002 -1.274278822e+002
15800 +9.491182674e-001 +9.491182674e-001 -1.275308817e+002 -1.275308817e+002
15910 +9.110703938e-001 +9.110703938e-001 -1.275689296e+002 -1.275689296e+002
15954 +8.813759430e-001 +8.813759430e-001 -1.275986241e+002 -1.275986241e+002
15976 +8.433916046e-001 +8.433916046e-001 -1.276366084e+002 -1.276366084e+002
16042 +8.092132104e-001 +8.092132104e-001 -1.276707868e+002 -1.276707868e+002
16284 +7.830387489e-001 +7.830387489e-001 -1.276969613e+002 -1.276969613e+002
16306 +7.738350982e-001 +7.738350982e-001 -1.277061649e+002 -1.277061649e+002
16394 +7.416218655e-001 +7.416218655e-001 -1.277383781e+002 -1.277383781e+002
16416 +7.392980837e-001 +7.392980837e-001 -1.277407019e+002 -1.277407019e+002
16614 +7.230134976e-001 +7.230134976e-001 -1.277569865e+002 -1.277569865e+002
17076 +7.074329420e-001 +7.074329420e-001 -1.277725671e+002 -1.277725671e+002
% function evaluation | noise-free fitness - Fopt (2.358800000000e+002) | best noise-free fitness - Fopt | measured fitness | best measured fitness | x1 | x2...
1 +8.416187752e+001 +8.416187752e+001 +3.200418775e+002 +3.200418775e+002
693 +8.279295062e+001 +8.279295062e+001 +3.186729506e+002 +3.186729506e+002
711 +8.006379710e+001 +8.006379710e+001 +3.159437971e+002 +3.159437971e+002
748 +7.752295958e+001 +7.752295958e+001 +3.134029596e+002 +3.134029596e+002
770 +7.539622336e+001 +7.539622336e+001 +3.112762234e+002 +3.112762234e+002
792 +7.301563938e+001 +7.301563938e+001 +3.088956394e+002 +3.088956394e+002
802 +7.160431076e+001 +7.160431076e+001 +3.074843108e+002 +3.074843108e+002
814 +7.020130236e+001 +7.020130236e+001 +3.060813024e+002 +3.060813024e+002
836 +6.682979444e+001 +6.682979444e+001 +3.027097944e+002 +3.027097944e+002
880 +6.434179861e+001 +6.434179861e+001 +3.002217986e+002 +3.002217986e+002
946 +6.240665264e+001 +6.240665264e+001 +2.982866526e+002 +2.982866526e+002
968 +5.997892855e+001 +5.997892855e+001 +2.958589285e+002 +2.958589285e+002
981 +5.746535739e+001 +5.746535739e+001 +2.933453574e+002 +2.933453574e+002
990 +4.655245167e+001 +4.655245167e+001 +2.824324517e+002 +2.824324517e+002
1012 +3.447280090e+001 +3.447280090e+001 +2.703528009e+002 +2.703528009e+002
1034 +2.988962426e+001 +2.988962426e+001 +2.657696243e+002 +2.657696243e+002
1100 +2.744539468e+001 +2.744539468e+001 +2.633253947e+002 +2.633253947e+002
1122 +2.486779294e+001 +2.486779294e+001 +2.607477929e+002 +2.607477929e+002
1276 +1.932007895e+001 +1.932007895e+001 +2.552000789e+002 +2.552000789e+002
1298 +1.890926623e+001 +1.890926623e+001 +2.547892662e+002 +2.547892662e+002
1320 +1.553491909e+001 +1.553491909e+001 +2.514149191e+002 +2.514149191e+002
1364 +1.287948571e+001 +1.287948571e+001 +2.487594857e+002 +2.487594857e+002
1386 +1.032592611e+001 +1.032592611e+001 +2.462059261e+002 +2.462059261e+002
1430 +9.882776018e+000 +9.882776018e+000 +2.457627760e+002 +2.457627760e+002
1496 +9.580273531e+000 +9.580273531e+000 +2.454602735e+002 +2.454602735e+002
1518 +8.953696504e+000 +8.953696504e+000 +2.448336965e+002 +2.448336965e+002
1540 +8.658420197e+000 +8.658420197e+000 +2.445384202e+002 +2.445384202e+002
1606 +8.247414962e+000 +8.247414962e+000 +2.441274150e+002 +2.441274150e+002
1628 +8.047957567e+000 +8.047957567e+000 +2.439279576e+002 +2.439279576e+002
1650 +7.372538107e+000 +7.372538107e+000 +2.432525381e+002 +2.432525381e+002
1738 +7.009548483e+000 +7.009548483e+000 +2.428895485e+002 +2.428895485e+002
1760 +6.745810331e+000 +6.745810331e+000 +2.426258103e+002 +2.426258103e+002
1870 +6.559127508e+000 +6.559127508e+000 +2.424391275e+002 +2.424391275e+002
1958 +6.382491674e+000 +6.382491674e+000 +2.422624917e+002 +2.422624917e+002
2002 +6.214713669e+000 +6.214713669e+000 +2.420947137e+002 +2.420947137e+002
2046 +6.155628951e+000 +6.155628951e+000 +2.420356290e+002 +2.420356290e+002
2090 +5.869775916e+000 +5.869775916e+000 +2.417497759e+002 +2.417497759e+002
2134 +5.724713000e+000 +5.724713000e+000 +2.416047130e+002 +2.416047130e+002
2178 +5.607525609e+000 +5.607525609e+000 +2.414875256e+002 +2.414875256e+002
2332 +5.368438902e+000 +5.368438902e+000 +2.412484389e+002 +2.412484389e+002
2596 +5.186025726e+000 +5.186025726e+000 +2.410660257e+002 +2.410660257e+002
2838 +5.127663432e+000 +5.127663432e+000 +2.410076634e+002 +2.410076634e+002
56358 +4.524125046e+000 +4.524125046e+000 +2.404041250e+002 +2.404041250e+002
56556 +4.109838359e+000 +4.109838359e+000 +2.399898384e+002 +2.399898384e+002
56578 +3.831985771e+000 +3.831985771e+000 +2.397119858e+002 +2.397119858e+002
56688 +3.123553487e+000 +3.123553487e+000 +2.390035535e+002 +2.390035535e+002
56699 +3.029300974e+000 +3.029300974e+000 +2.389093010e+002 +2.389093010e+002
56710 +2.477418647e+000 +2.477418647e+000 +2.383574186e+002 +2.383574186e+002
56732 +2.360917437e+000 +2.360917437e+000 +2.382409174e+002 +2.382409174e+002
56754 +2.316562419e+000 +2.316562419e+000 +2.381965624e+002 +2.381965624e+002
56776 +2.259202784e+000 +2.259202784e+000 +2.381392028e+002 +2.381392028e+002
56798 +2.236113793e+000 +2.236113793e+000 +2.381161138e+002 +2.381161138e+002
56886 +2.181805506e+000 +2.181805506e+000 +2.380618055e+002 +2.380618055e+002
56908 +2.095805397e+000 +2.095805397e+000 +2.379758054e+002 +2.379758054e+002
56930 +2.065144160e+000 +2.065144160e+000 +2.379451442e+002 +2.379451442e+002
57106 +2.036717920e+000 +2.036717920e+000 +2.379167179e+002 +2.379167179e+002
57326 +1.992799242e+000 +1.992799242e+000 +2.378727992e+002 +2.378727992e+002
% function evaluation | noise-free fitness - Fopt (-5.310000000000e+000) | best noise-free fitness - Fopt | measured fitness | best measured fitness | x1 | x2...
1 +8.337731366e+001 +8.337731366e+001 +7.806731366e+001 +7.806731366e+001
561 +8.229042842e+001 +8.229042842e+001 +7.698042842e+001 +7.698042842e+001
586 +7.871456450e+001 +7.871456450e+001 +7.340456450e+001 +7.340456450e+001
616 +7.748749811e+001 +7.748749811e+001 +7.217749811e+001 +7.217749811e+001
638 +7.492968326e+001 +7.492968326e+001 +6.961968326e+001 +6.961968326e+001
643 +7.340598396e+001 +7.340598396e+001 +6.809598396e+001 +6.809598396e+001
660 +7.188861601e+001 +7.188861601e+001 +6.657861601e+001 +6.657861601e+001
682 +6.922191424e+001 +6.922191424e+001 +6.391191424e+001 +6.391191424e+001
704 +6.728773335e+001 +6.728773335e+001 +6.197773335e+001 +6.197773335e+001
726 +6.601325441e+001 +6.601325441e+001 +6.070325441e+001 +6.070325441e+001
748 +6.367800868e+001 +6.367800868e+001 +5.836800868e+001 +5.836800868e+001
770 +6.198772317e+001 +6.198772317e+001 +5.667772317e+001 +5.667772317e+001
814 +5.602256663e+001 +5.602256663e+001 +5.071256663e+001 +5.071256663e+001
836 +4.993089558e+001 +4.993089558e+001 +4.462089558e+001 +4.462089558e+001
880 +4.740264412e+001 +4.740264412e+001 +4.209264412e+001 +4.209264412e+001
902 +4.551673822e+001 +4.551673822e+001 +4.020673822e+001 +4.020673822e+001
924 +3.702937577e+001 +3.702937577e+001 +3.171937577e+001 +3.171937577e+001
968 +3.381850725e+001 +3.381850725e+001 +2.850850725e+001 +2.850850725e+001
990 +3.075198779e+001 +3.075198779e+001 +2.544198779e+001 +2.544198779e+001
1034 +2.927678976e+001 +2.927678976e+001 +2.396678976e+001 +2.396678976e+001
1056 +2.802896884e+001 +2.802896884e+001 +2.271896884e+001 +2.271896884e+001
1100 +2.572716936e+001 +2.572716936e+001 +2.041716936e+001 +2.041716936e+001
1122 +2.525935730e+001 +2.525935730e+001 +1.994935730e+001 +1.994935730e+001
1144 +2.484525572e+001 +2.484525572e+001 +1.953525572e+001 +1.953525572e+001
1188 +2.372045386e+001 +2.372045386e+001 +1.841045386e+001 +1.841045386e+001
1210 +2.310960521e+001 +2.310960521e+001 +1.779960521e+001 +1.779960521e+001
1232 +2.190755257e+001 +2.190755257e+001 +1.659755257e+001 +1.659755257e+001
1276 +2.063577988e+001 +2.063577988e+001 +1.532577988e+001 +1.532577988e+001
1298 +2.014814517e+001 +2.014814517e+001 +1.483814517e+001 +1.483814517e+001
1320 +1.897961012e+001 +1.897961012e+001 +1.366961012e+001 +1.366961012e+001
1364 +1.759313710e+001 +1.759313710e+001 +1.228313710e+001 +1.228313710e+001
1386 +1.703444703e+001 +1.703444703e+001 +1.172444703e+001 +1.172444703e+001
1452 +1.636583950e+001 +1.636583950e+001 +1.105583950e+001 +1.105583950e+001
1474 +1.611376006e+001 +1.611376006e+001 +1.080376006e+001 +1.080376006e+001
1496 +1.547722041e+001 +1.547722041e+001 +1.016722041e+001 +1.016722041e+001
1562 +1.417838931e+001 +1.417838931e+001 +8.868389306e+000 +8.868389306e+000
1650 +1.409896529e+001 +1.409896529e+001 +8.788965288e+000 +8.788965288e+000
1694 +1.339882840e+001 +1.339882840e+001 +8.088828399e+000 +8.088828399e+000
1716 +1.308588696e+001 +1.308588696e+001 +7.775886964e+000 +7.775886964e+000
1782 +1.286381880e+001 +1.286381880e+001 +7.553818796e+000 +7.553818796e+000
1892 +1.242755947e+001 +1.242755947e+001 +7.117559469e+000 +7.117559469e+000
1936 +1.222288998e+001 +1.222288998e+001 +6.912889977e+000 +6.912889977e+000
2046 +1.195594268e+001 +1.195594268e+001 +6.645942682e+000 +6.645942682e+000
2090 +1.169571389e+001 +1.169571389e+001 +6.385713889e+000 +6.385713889e+000
2178 +1.145170126e+001 +1.145170126e+001 +6.141701260e+000 +6.141701260e+000
2684 +1.120417075e+001 +1.120417075e+001 +5.894170754e+000 +5.894170754e+000
9286 +1.096287866e+001 +1.096287866e+001 +5.652878659e+000 +5.652878659e+000
9308 +1.067789997e+001 +1.067789997e+001 +5.367899966e+000 +5.367899966e+000
9330 +1.040060898e+001 +1.040060898e+001 +5.090608978e+000 +5.090608978e+000
9352 +1.016531127e+001 +1.016531127e+001 +4.855311272e+000 +4.855311272e+000
9396 +9.984835708e+000 +9.984835708e+000 +4.674835708e+000 +4.674835708e+000
9440 +9.531625231e+000 +9.531625231e+000 +4.221625231e+000 +4.221625231e+000
9462 +9.161912017e+000 +9.161912017e+000 +3.851912017e+000 +3.851912017e+000
9484 +9.065089335e+000 +9.065089335e+000 +3.755089335e+000 +3.755089335e+000
9506 +8.820475736e+000 +8.820475736e+000 +3.510475736e+000 +3.510475736e+000
9528 +8.708106074e+000 +8.708106074e+000 +3.398106074e+000 +3.398106074e+000
9594 +8.360696538e+000 +8.360696538e+000 +3.050696538e+000 +3.050696538e+000
9616 +8.144446034e+000 +8.144446034e+000 +2.834446034e+000 +2.834446034e+000
9638 +8.027916731e+000 +8.027916731e+000 +2.717916731e+000 +2.717916731e+000
9770 +7.941972310e+000 +7.941972310e+000 +2.631972310e+000 +2.631972310e+000
9814 +7.671703596e+000 +7.671703596e+000 +2.361703596e+000 +2.361703596e+000
9902 +7.526025394e+000 +7.526025394e+000 +2.216025394e+000 +2.216025394e+000
9946 +7.303134929e+000 +7.303134929e+000 +1.993134929e+000 +1.993134929e+000
9990 +7.233682027e+000 +7.233682027e+000 +1.923682027e+000 +1.923682027e+000
10100 +7.035869441e+000 +7.035869441e+000 +1.725869441e+000 +1.725869441e+000
10166 +6.868556500e+000 +6.868556500e+000 +1.558556500e+000 +1.558556500e+000
10276 +6.710407501e+000 +6.710407501e+000 +1.400407501e+000 +1.400407501e+000
10320 +6.587834993e+000 +6.587834993e+000 +1.277834993e+000 +1.277834993e+000
10408 +6.451913135e+000 +6.451913135e+000 +1.141913135e+000 +1.141913135e+000
10540 +6.267859158e+000 +6.267859158e+000 +9.578591582e-001 +9.578591582e-001
10782 +6.150826167e+000 +6.150826167e+000 +8.408261672e-001 +8.408261672e-001
10826 +6.019836900e+000 +6.019836900e+000 +7.098368998e-001 +7.098368998e-001
11090 +5.871175744e+000 +5.871175744e+000 +5.611757435e-001 +5.611757435e-001
11200 +5.750602080e+000 +5.750602080e+000 +4.406020798e-001 +4.406020798e-001
11266 +5.572399496e+000 +5.572399496e+000 +2.623994958e-001 +2.623994958e-001
11442 +5.486000092e+000 +5.486000092e+000 +1.760000916e-001 +1.760000916e-001
11728 +5.362302002e+000 +5.362302002e+000 +5.230200216e-002 +5.230200216e-002
12190 +5.244322313e+000 +5.244322313e+000 -6.567768670e-002 -6.567768670e-002
13026 +5.126630651e+000 +5.126630651e+000 -1.833693489e-001 -1.833693489e-001
