% function evaluation | noise-free fitness - Fopt (1.238300000000e+02) | best noise-free fitness - Fopt | measured fitness | best measured fitness | x1 | x2...
1 +6.500000000e+00 +6.500000000e+00 +1.303300000e+02 +1.303300000e+02 +0.0000e+00 +0.0000e+00
4 +4.392901201e+00 +4.392901201e+00 +1.282229012e+02 +1.282229012e+02 +2.1761e+00 +5.1249e+00
14 +2.093768032e+00 +2.093768032e+00 +1.259237680e+02 +1.259237680e+02 +2.2293e+00 +5.2670e+00
88 +1.999892022e+00 +1.999892022e+00 +1.258298920e+02 +1.258298920e+02 +2.1838e+00 +5.2048e+00
105 +1.946226333e+00 +1.946226333e+00 +1.257762263e+02 +1.257762263e+02 +2.1106e+00 +5.0855e+00
245 +1.903275979e+00 +1.903275979e+00 +1.257332760e+02 +1.257332760e+02 +2.1049e+00 +5.0650e+00
768 +1.856233804e+00 +1.856233804e+00 +1.256862338e+02 +1.256862338e+02 +2.0561e+00 +4.9896e+00
1769 +1.817760836e+00 +1.817760836e+00 +1.256477608e+02 +1.256477608e+02 +2.0264e+00 +4.9381e+00
2897 +1.777139763e+00 +1.777139763e+00 +1.256071398e+02 +1.256071398e+02 +1.9945e+00 +4.8817e+00
4270 +1.737515362e+00 +1.737515362e+00 +1.255675154e+02 +1.255675154e+02 +1.9585e+00 +4.8203e+00
% function evaluation | noise-free fitness - Fopt (4.751000000000e+01) | best noise-free fitness - Fopt | measured fitness | best measured fitness | x1 | x2...
1 +6.500000000e+00 +6.500000000e+00 +5.401000000e+01 +5.401000000e+01 +0.0000e+00 +0.0000e+00
% function evaluation | noise-free fitness - Fopt (5.534000000000e+01) | best noise-free fitness - Fopt | measured fitness | best measured fitness | x1 | x2...
1 +6.500000000e+00 +6.500000000e+00 +6.184000000e+01 +6.184000000e+01 +0.0000e+00 +0.0000e+00
73 +1.907474635e+00 +1.907474635e+00 +5.724747464e+01 +5.724747464e+01 -6.2296e-01 -2.6307e-01
79 +1.119403687e+00 +1.119403687e+00 +5.645940369e+01 +5.645940369e+01 +2.8677e-01 -1.6892e-01
110 +4.945542163e-01 +4.945542163e-01 +5.583455422e+01 +5.583455422e+01 +4.1688e-01 -6.8960e-02
161 +3.966412319e-01 +3.966412319e-01 +5.573664123e+01 +5.573664123e+01 -8.4967e-01 -1.6437e-01
198 +8.935037413e-02 +8.935037413e-02 +5.542935037e+01 +5.542935037e+01 -9.1209e-02 -1.7988e-01
359 +2.153452449e-03 +2.153452449e-03 +5.534215345e+01 +5.534215345e+01 -5.8359e-01 -2.0310e-01
660 +2.040282279e-03 +2.040282279e-03 +5.534204028e+01 +5.534204028e+01 -6.7038e-01 -1.9796e-01
872 +7.959556537e-04 +7.959556537e-04 +5.534079596e+01 +5.534079596e+01 -6.2491e-01 -2.0071e-01
879 +7.169008728e-04 +7.169008728e-04 +5.534071690e+01 +5.534071690e+01 -6.7026e-01 -2.0118e-01
880 +4.400365140e-04 +4.400365140e-04 +5.534044004e+01 +5.534044004e+01 -6.3182e-01 -2.0116e-01
924 +3.864867144e-04 +3.864867144e-04 +5.534038649e+01 +5.534038649e+01 -6.8435e-01 -1.9861e-01
993 +3.694592176e-04 +3.694592176e-04 +5.534036946e+01 +5.534036946e+01 -6.4162e-01 -2.0046e-01
1059 +1.342221859e-04 +1.342221859e-04 +5.534013422e+01 +5.534013422e+01 -7.0407e-01 -1.9863e-01
1061 +6.454754664e-05 +6.454754664e-05 +5.534006455e+01 +5.534006455e+01 -6.6563e-01 -1.9989e-01
1072 +3.209711306e-05 +3.209711306e-05 +5.534003210e+01 +5.534003210e+01 -6.8913e-01 -1.9917e-01
1078 +3.145989264e-05 +3.145989264e-05 +5.534003146e+01 +5.534003146e+01 -6.6801e-01 -1.9992e-01
1100 +1.874094053e-05 +1.874094053e-05 +5.534001874e+01 +5.534001874e+01 -6.7201e-01 -2.0007e-01
1122 +3.005651905e-06 +3.005651905e-06 +5.534000301e+01 +5.534000301e+01 -6.7738e-01 -1.9966e-01
1217 +2.526975855e-06 +2.526975855e-06 +5.534000253e+01 +5.534000253e+01 -6.7492e-01 -1.9984e-01
1232 +9.438733883e-08 +9.438733883e-08 +5.534000009e+01 +5.534000009e+01 -6.7765e-01 -1.9973e-01
1300 +3.830427175e-08 +3.830427175e-08 +5.534000004e+01 +5.534000004e+01 -6.7826e-01 -1.9971e-01
1393 +1.569596009e-09 +1.569596009e-09 +5.534000000e+01 +5.534000000e+01 -6.7832e-01 -1.9970e-01
% function evaluation | noise-free fitness - Fopt (-9.033000000000e+01) | best noise-free fitness - Fopt | measured fitness | best measured fitness | x1 | x2...
1 +6.500000000e+00 +6.500000000e+00 -8.383000000e+01 -8.383000000e+01 +0.0000e+00 +0.0000e+00
24 +2.864880050e+00 +2.864880050e+00 -8.746511995e+01 -8.746511995e+01 -2.6857e+00 +1.6094e+00
26 +2.803027939e+00 +2.803027939e+00 -8.752697206e+01 -8.752697206e+01 -2.6458e+00 +1.6768e+00
32 +8.015630850e-01 +8.015630850e-01 -8.952843691e+01 -8.952843691e+01 -2.7235e+00 +1.6583e+00
91 +6.395372292e-01 +6.395372292e-01 -8.969046277e+01 -8.969046277e+01 -2.1748e+00 +1.4531e+00
3466 +6.296651458e-01 +6.296651458e-01 -8.970033485e+01 -8.970033485e+01 -2.5510e+00 +1.5973e+00
3562 +6.084347562e-01 +6.084347562e-01 -8.972156524e+01 -8.972156524e+01 -2.4794e+00 +1.5648e+00
3898 +5.997828469e-01 +5.997828469e-01 -8.973021715e+01 -8.973021715e+01 -2.4694e+00 +1.5663e+00
4212 +5.879756673e-01 +5.879756673e-01 -8.974202433e+01 -8.974202433e+01 -2.4594e+00 +1.5599e+00
4341 +5.721245077e-01 +5.721245077e-01 -8.975787549e+01 -8.975787549e+01 -2.4243e+00 +1.5450e+00
% function evaluation | noise-free fitness - Fopt (6.561000000000e+01) | best noise-free fitness - Fopt | measured fitness | best measured fitness | x1 | x2...
1 +6.500000000e+00 +6.500000000e+00 +7.211000000e+01 +7.211000000e+01 +0.0000e+00 +0.0000e+00
454 +2.154927382e+00 +2.154927382e+00 +6.776492738e+01 +6.776492738e+01 -3.5235e-01 -6.5360e-01
541 +5.293403038e-01 +5.293403038e-01 +6.613934030e+01 +6.613934030e+01 -8.7362e-02 +1.0649e-01
786 +2.019291853e-01 +2.019291853e-01 +6.581192919e+01 +6.581192919e+01 -1.8700e-01 +4.0083e-02
1260 +1.296414050e-01 +1.296414050e-01 +6.573964141e+01 +6.573964141e+01 -1.8941e-01 +1.6006e-02
1280 +8.907653471e-02 +8.907653471e-02 +6.569907653e+01 +6.569907653e+01 -2.7596e-01 -1.7609e-01
1984 +8.202933948e-02 +8.202933948e-02 +6.569202934e+01 +6.569202934e+01 -2.4306e-01 -1.5066e-01
2272 +7.273708588e-02 +7.273708588e-02 +6.568273709e+01 +6.568273709e+01 -2.2038e-01 -7.6357e-02
2382 +5.914472294e-02 +5.914472294e-02 +6.566914472e+01 +6.566914472e+01 -2.3924e-01 -1.1880e-01
2405 +3.804483002e-02 +3.804483002e-02 +6.564804483e+01 +6.564804483e+01 -2.9163e-01 -2.6501e-01
2407 +3.518540879e-02 +3.518540879e-02 +6.564518541e+01 +6.564518541e+01 -3.1633e-01 -2.9814e-01
2425 +3.069163719e-02 +3.069163719e-02 +6.564069164e+01 +6.564069164e+01 -3.4409e-01 -3.7626e-01
2442 +2.485575727e-02 +2.485575727e-02 +6.563485576e+01 +6.563485576e+01 -2.9877e-01 -2.6790e-01
2690 +1.973107368e-02 +1.973107368e-02 +6.562973107e+01 +6.562973107e+01 -3.7351e-01 -4.7042e-01
2829 +1.923495499e-02 +1.923495499e-02 +6.562923495e+01 +6.562923495e+01 -3.1462e-01 -3.0788e-01
2878 +1.827086954e-02 +1.827086954e-02 +6.562827087e+01 +6.562827087e+01 -3.2058e-01 -3.2247e-01
2946 +1.584122373e-02 +1.584122373e-02 +6.562584122e+01 +6.562584122e+01 -3.2721e-01 -3.5721e-01
3018 +1.319550723e-02 +1.319550723e-02 +6.562319551e+01 +6.562319551e+01 -3.3970e-01 -3.7650e-01
3032 +1.163369876e-02 +1.163369876e-02 +6.562163370e+01 +6.562163370e+01 -3.3178e-01 -3.6305e-01
3110 +1.139423410e-02 +1.139423410e-02 +6.562139423e+01 +6.562139423e+01 -3.3714e-01 -3.7273e-01
3664 +1.063874218e-02 +1.063874218e-02 +6.562063874e+01 +6.562063874e+01 -3.3512e-01 -3.7389e-01
3677 +9.959349428e-03 +9.959349428e-03 +6.561995935e+01 +6.561995935e+01 -3.3717e-01 -3.7951e-01
3713 +8.638682303e-03 +8.638682303e-03 +6.561863868e+01 +6.561863868e+01 -3.4341e-01 -3.9382e-01
3725 +7.812992913e-03 +7.812992913e-03 +6.561781299e+01 +6.561781299e+01 -3.4474e-01 -4.0251e-01
3913 +7.437186185e-03 +7.437186185e-03 +6.561743719e+01 +6.561743719e+01 -3.4668e-01 -4.0504e-01
3921 +6.914596627e-03 +6.914596627e-03 +6.561691460e+01 +6.561691460e+01 -3.4821e-01 -4.1058e-01
3945 +6.552186610e-03 +6.552186610e-03 +6.561655219e+01 +6.561655219e+01 -3.4938e-01 -4.1521e-01
4143 +6.043732315e-03 +6.043732315e-03 +6.561604373e+01 +6.561604373e+01 -3.5176e-01 -4.2141e-01
4162 +5.894375198e-03 +5.894375198e-03 +6.561589438e+01 +6.561589438e+01 -3.5212e-01 -4.2436e-01
4205 +5.868757672e-03 +5.868757672e-03 +6.561586876e+01 +6.561586876e+01 -3.5263e-01 -4.2700e-01
4290 +5.665271458e-03 +5.665271458e-03 +6.561566527e+01 +6.561566527e+01 -3.5325e-01 -4.2628e-01
4312 +5.622294792e-03 +5.622294792e-03 +6.561562229e+01 +6.561562229e+01 -3.5367e-01 -4.3019e-01
4325 +5.153856245e-03 +5.153856245e-03 +6.561515386e+01 +6.561515386e+01 -3.5542e-01 -4.3324e-01
4336 +5.047172279e-03 +5.047172279e-03 +6.561504717e+01 +6.561504717e+01 -3.5603e-01 -4.3480e-01
4360 +4.439079030e-03 +4.439079030e-03 +6.561443908e+01 +6.561443908e+01 -3.5933e-01 -4.4812e-01
% function evaluation | noise-free fitness - Fopt (-2.259500000000e+02) | best noise-free fitness - Fopt | measured fitness | best measured fitness | x1 | x2...
1 +6.500000000e+00 +6.500000000e+00 -2.194500000e+02 -2.194500000e+02 +0.0000e+00 +0.0000e+00
33 +3.667116141e+00 +3.667116141e+00 -2.222828839e+02 -2.222828839e+02 -1.1509e+00 -4.2876e-01
54 +3.012098934e+00 +3.012098934e+00 -2.229379011e+02 -2.229379011e+02 -9.3897e-01 +1.7523e-01
66 +2.808328586e+00 +2.808328586e+00 -2.231416714e+02 -2.231416714e+02 -9.9403e-01 -2.3787e-01
92 +1.894256741e+00 +1.894256741e+00 -2.240557433e+02 -2.240557433e+02 -9.0479e-01 +2.2563e-03
102 +1.613976303e+00 +1.613976303e+00 -2.243360237e+02 -2.243360237e+02 -7.0985e-01 +1.6259e-01
106 +9.688885778e-01 +9.688885778e-01 -2.249811114e+02 -2.249811114e+02 -5.9420e-01 +2.5866e-01
120 +2.513466915e-02 +2.513466915e-02 -2.259248653e+02 -2.259248653e+02 +4.0175e-01 -6.0433e-02
192 +1.604187844e-02 +1.604187844e-02 -2.259339581e+02 -2.259339581e+02 +5.2961e-01 -1.5496e-01
3600 +1.572830339e-02 +1.572830339e-02 -2.259342717e+02 -2.259342717e+02 +4.4919e-01 -9.7521e-02
3868 +1.541316370e-02 +1.541316370e-02 -2.259345868e+02 -2.259345868e+02 +4.5212e-01 -9.9465e-02
3897 +1.467755119e-02 +1.467755119e-02 -2.259353224e+02 -2.259353224e+02 +4.5536e-01 -1.0344e-01
3960 +1.407076590e-02 +1.407076590e-02 -2.259359292e+02 -2.259359292e+02 +4.5964e-01 -1.0574e-01
3992 +1.205283981e-02 +1.205283981e-02 -2.259379472e+02 -2.259379472e+02 +4.7362e-01 -1.1745e-01
4037 +9.909613479e-03 +9.909613479e-03 -2.259400904e+02 -2.259400904e+02 +4.9092e-01 -1.3121e-01
4196 +9.650921612e-03 +9.650921612e-03 -2.259403491e+02 -2.259403491e+02 +4.9268e-01 -1.3139e-01
4371 +9.154226951e-03 +9.154226951e-03 -2.259408458e+02 -2.259408458e+02 +4.9625e-01 -1.3462e-01
4387 +8.656914035e-03 +8.656914035e-03 -2.259413431e+02 -2.259413431e+02 +5.0051e-01 -1.3807e-01
% function evaluation | noise-free fitness - Fopt (1.306000000000e+01) | best noise-free fitness - Fopt | measured fitness | best measured fitness | x1 | x2...
1 +6.500000000e+00 +6.500000000e+00 +1.956000000e+01 +1.956000000e+01 +0.0000e+00 +0.0000e+00
3 +9.143349318e-01 +9.143349318e-01 +1.397433493e+01 +1.397433493e+01 -9.2572e-01 +2.2176e+00
7 +7.787226007e-01 +7.787226007e-01 +1.383872260e+01 +1.383872260e+01 -8.6735e-01 +2.2015e+00
9 +4.041236059e-01 +4.041236059e-01 +1.346412361e+01 +1.346412361e+01 -9.3417e-01 +2.2699e+00
63 +3.632975599e-01 +3.632975599e-01 +1.342329756e+01 +1.342329756e+01 -8.6689e-01 +2.1690e+00
2424 +3.616046647e-01 +3.616046647e-01 +1.342160466e+01 +1.342160466e+01 -8.7115e-01 +2.1720e+00
2680 +3.547590588e-01 +3.547590588e-01 +1.341475906e+01 +1.341475906e+01 -8.6080e-01 +2.1560e+00
3107 +3.459330137e-01 +3.459330137e-01 +1.340593301e+01 +1.340593301e+01 -8.4663e-01 +2.1348e+00
3266 +3.383578747e-01 +3.383578747e-01 +1.339835787e+01 +1.339835787e+01 -8.3570e-01 +2.1170e+00
3568 +3.304976371e-01 +3.304976371e-01 +1.339049764e+01 +1.339049764e+01 -8.2258e-01 +2.0939e+00
3668 +3.224242256e-01 +3.224242256e-01 +1.338242423e+01 +1.338242423e+01 -8.1134e-01 +2.0773e+00
4133 +3.159545009e-01 +3.159545009e-01 +1.337595450e+01 +1.337595450e+01 -8.0137e-01 +2.0616e+00
4320 +3.086534027e-01 +3.086534027e-01 +1.336865340e+01 +1.336865340e+01 -7.8880e-01 +2.0403e+00
4376 +3.001745473e-01 +3.001745473e-01 +1.336017455e+01 +1.336017455e+01 -7.7597e-01 +2.0201e+00
% function evaluation | noise-free fitness - Fopt (-3.270100000000e+02) | best noise-free fitness - Fopt | measured fitness | best measured fitness | x1 | x2...
1 +6.500000000e+00 +6.500000000e+00 -3.205100000e+02 -3.205100000e+02 +0.0000e+00 +0.0000e+00
57 +6.260693552e+00 +6.260693552e+00 -3.207493064e+02 -3.207493064e+02 -3.4838e-03 -4.2096e-01
88 +5.396588132e+00 +5.396588132e+00 -3.216134119e+02 -3.216134119e+02 +1.9929e-02 -2.4268e-01
107 +1.631738116e+00 +1.631738116e+00 -3.253782619e+02 -3.253782619e+02 +2.0648e-01 +4.1641e-01
117 +1.469852157e+00 +1.469852157e+00 -3.255401478e+02 -3.255401478e+02 -2.5495e-01 +8.0894e-01
154 +1.322206457e+00 +1.322206457e+00 -3.256877935e+02 -3.256877935e+02 -1.0911e-01 +6.5771e-01
161 +1.295251506e+00 +1.295251506e+00 -3.257147485e+02 -3.257147485e+02 +8.2774e-03 +4.7601e-01
216 +4.426318722e-01 +4.426318722e-01 -3.265673681e+02 -3.265673681e+02 +1.1264e-01 +3.9855e-01
849 +4.311115993e-01 +4.311115993e-01 -3.265788884e+02 -3.265788884e+02 +1.2994e-01 +3.9165e-01
874 +2.782517453e-01 +2.782517453e-01 -3.267317483e+02 -3.267317483e+02 +1.5557e-01 +2.3347e-01
940 +2.590593575e-01 +2.590593575e-01 -3.267509406e+02 -3.267509406e+02 +1.5457e-01 +2.0490e-01
956 +2.535704133e-01 +2.535704133e-01 -3.267564296e+02 -3.267564296e+02 +1.7778e-01 +1.3628e-01
964 +2.369205457e-01 +2.369205457e-01 -3.267730795e+02 -3.267730795e+02 +1.6031e-01 +1.7662e-01
980 +2.229895100e-01 +2.229895100e-01 -3.267870105e+02 -3.267870105e+02 +1.5164e-01 +6.3670e-02
990 +2.139066088e-01 +2.139066088e-01 -3.267960934e+02 -3.267960934e+02 +1.6525e-01 +1.4054e-01
994 +1.572432190e-01 +1.572432190e-01 -3.268527568e+02 -3.268527568e+02 +1.5714e-01 -1.0696e-02
1061 +1.483708896e-01 +1.483708896e-01 -3.268616291e+02 -3.268616291e+02 +1.5774e-01 -2.2298e-02
1065 +1.240348432e-01 +1.240348432e-01 -3.268859652e+02 -3.268859652e+02 +1.5387e-01 -9.9781e-02
1071 +9.679675129e-02 +9.679675129e-02 -3.269132032e+02 -3.269132032e+02 +1.5577e-01 -1.2981e-01
1102 +7.040501049e-02 +7.040501049e-02 -3.269395950e+02 -3.269395950e+02 +1.5812e-01 -2.6085e-01
1117 +3.280584061e-02 +3.280584061e-02 -3.269771942e+02 -3.269771942e+02 +1.3178e-01 -3.7022e-01
1140 +2.996907452e-02 +2.996907452e-02 -3.269800309e+02 -3.269800309e+02 +1.3676e-01 -3.5352e-01
1157 +2.526094957e-02 +2.526094957e-02 -3.269847391e+02 -3.269847391e+02 +1.3233e-01 -4.2264e-01
1260 +2.284162096e-02 +2.284162096e-02 -3.269871584e+02 -3.269871584e+02 +1.3254e-01 -4.1274e-01
1287 +1.876684251e-02 +1.876684251e-02 -3.269912332e+02 -3.269912332e+02 +1.2930e-01 -4.2089e-01
1318 +1.456288680e-02 +1.456288680e-02 -3.269954371e+02 -3.269954371e+02 +1.2378e-01 -4.5820e-01
1327 +1.413780125e-02 +1.413780125e-02 -3.269958622e+02 -3.269958622e+02 +1.2335e-01 -4.5853e-01
1360 +1.211887369e-02 +1.211887369e-02 -3.269978811e+02 -3.269978811e+02 +1.2033e-01 -4.7567e-01
1389 +1.120214546e-02 +1.120214546e-02 -3.269987979e+02 -3.269987979e+02 +1.1870e-01 -4.8635e-01
1435 +8.072285770e-03 +8.072285770e-03 -3.270019277e+02 -3.270019277e+02 +1.1295e-01 -5.1336e-01
1455 +4.507051958e-03 +4.507051958e-03 -3.270054929e+02 -3.270054929e+02 +1.0424e-01 -5.6054e-01
1485 +2.762526512e-03 +2.762526512e-03 -3.270072375e+02 -3.270072375e+02 +9.7000e-02 -6.0163e-01
1562 +2.752790894e-03 +2.752790894e-03 -3.270072472e+02 -3.270072472e+02 +9.7986e-02 -5.9072e-01
1567 +8.511746370e-04 +8.511746370e-04 -3.270091488e+02 -3.270091488e+02 +8.6791e-02 -6.4967e-01
1715 +7.314425719e-04 +7.314425719e-04 -3.270092686e+02 -3.270092686e+02 +8.7126e-02 -6.4463e-01
1824 +3.074652885e-04 +3.074652885e-04 -3.270096925e+02 -3.270096925e+02 +8.1703e-02 -6.7252e-01
2129 +2.865710173e-04 +2.865710173e-04 -3.270097134e+02 -3.270097134e+02 +8.2004e-02 -6.7056e-01
2579 +2.717810201e-04 +2.717810201e-04 -3.270097282e+02 -3.270097282e+02 +8.2338e-02 -6.6796e-01
2593 +2.026409479e-04 +2.026409479e-04 -3.270097974e+02 -3.270097974e+02 +7.9784e-02 -6.7750e-01
2672 +1.359393768e-04 +1.359393768e-04 -3.270098641e+02 -3.270098641e+02 +7.7780e-02 -6.9060e-01
2691 +4.150379539e-05 +4.150379539e-05 -3.270099585e+02 -3.270099585e+02 +7.7200e-02 -6.9053e-01
4135 +4.052837824e-05 +4.052837824e-05 -3.270099595e+02 -3.270099595e+02 +7.7586e-02 -6.8930e-01
4151 +3.693764722e-05 +3.693764722e-05 -3.270099631e+02 -3.270099631e+02 +7.7399e-02 -6.9004e-01
4241 +3.421824374e-05 +3.421824374e-05 -3.270099658e+02 -3.270099658e+02 +7.7219e-02 -6.9075e-01
4244 +3.057903285e-05 +3.057903285e-05 -3.270099694e+02 -3.270099694e+02 +7.7167e-02 -6.9116e-01
4282 +3.019708561e-05 +3.019708561e-05 -3.270099698e+02 -3.270099698e+02 +7.7181e-02 -6.9118e-01
4354 +2.591039623e-05 +2.591039623e-05 -3.270099741e+02 -3.270099741e+02 +7.7004e-02 -6.9207e-01
4366 +2.282399873e-05 +2.282399873e-05 -3.270099772e+02 -3.270099772e+02 +7.6782e-02 -6.9288e-01
% function evaluation | noise-free fitness - Fopt (2.100000000000e-01) | best noise-free fitness - Fopt | measured fitness | best measured fitness | x1 | x2...
1 +6.500000000e+00 +6.500000000e+00 +6.710000000e+00 +6.710000000e+00 +0.0000e+00 +0.0000e+00
142 +9.550431947e-01 +9.550431947e-01 +1.165043195e+00 +1.165043195e+00 +9.4530e-01 -5.0390e-01
328 +5.536959683e-01 +5.536959683e-01 +7.636959683e-01 +7.636959683e-01 +1.4777e-01 +1.5234e-01
414 +2.083314183e-01 +2.083314183e-01 +4.183314183e-01 +4.183314183e-01 +1.4545e+00 -1.1002e+00
613 +9.710441677e-02 +9.710441677e-02 +3.071044168e-01 +3.071044168e-01 +3.1938e-01 +5.5080e-03
1437 +9.517401470e-02 +9.517401470e-02 +3.051740147e-01 +3.051740147e-01 +1.7690e-01 +9.1349e-02
1537 +9.201269420e-02 +9.201269420e-02 +3.020126942e-01 +3.020126942e-01 +1.7754e-01 +8.8170e-02
1554 +9.034602712e-02 +9.034602712e-02 +3.003460271e-01 +3.003460271e-01 +1.8189e-01 +8.2897e-02
1603 +8.576022479e-02 +8.576022479e-02 +2.957602248e-01 +2.957602248e-01 +1.9215e-01 +7.7599e-02
1898 +7.876247058e-02 +7.876247058e-02 +2.887624706e-01 +2.887624706e-01 +2.1024e-01 +6.5135e-02
1936 +7.614887829e-02 +7.614887829e-02 +2.861488783e-01 +2.861488783e-01 +2.1734e-01 +6.2075e-02
1972 +7.451715309e-02 +7.451715309e-02 +2.845171531e-01 +2.845171531e-01 +2.2628e-01 +5.2241e-02
2013 +7.286901525e-02 +7.286901525e-02 +2.828690153e-01 +2.828690153e-01 +2.3280e-01 +4.7351e-02
2381 +7.037453879e-02 +7.037453879e-02 +2.803745388e-01 +2.803745388e-01 +2.3262e-01 +5.0556e-02
2442 +6.818217353e-02 +6.818217353e-02 +2.781821735e-01 +2.781821735e-01 +2.3879e-01 +4.7150e-02
2456 +6.515544915e-02 +6.515544915e-02 +2.751554492e-01 +2.751554492e-01 +2.4740e-01 +4.0688e-02
2473 +6.338471913e-02 +6.338471913e-02 +2.733847191e-01 +2.733847191e-01 +2.6211e-01 +3.4578e-02
2493 +6.131538181e-02 +6.131538181e-02 +2.713153818e-01 +2.713153818e-01 +2.5885e-01 +3.2599e-02
2516 +5.898536810e-02 +5.898536810e-02 +2.689853681e-01 +2.689853681e-01 +2.9236e-01 +1.5642e-02
2519 +5.866413001e-02 +5.866413001e-02 +2.686641300e-01 +2.686641300e-01 +2.6720e-01 +2.6486e-02
2547 +5.646827226e-02 +5.646827226e-02 +2.664682723e-01 +2.664682723e-01 +2.9100e-01 +1.5426e-02
2550 +4.914574501e-02 +4.914574501e-02 +2.591457450e-01 +2.591457450e-01 +2.9778e-01 +6.2493e-03
2615 +4.817788022e-02 +4.817788022e-02 +2.581778802e-01 +2.581778802e-01 +3.0670e-01 +2.0672e-03
2628 +4.746683484e-02 +4.746683484e-02 +2.574668348e-01 +2.574668348e-01 +3.0353e-01 +1.1479e-03
2667 +4.477983861e-02 +4.477983861e-02 +2.547798386e-01 +2.547798386e-01 +3.1956e-01 -7.0747e-03
2704 +4.274488539e-02 +4.274488539e-02 +2.527448854e-01 +2.527448854e-01 +3.2085e-01 -1.1737e-02
2717 +4.263693220e-02 +4.263693220e-02 +2.526369322e-01 +2.526369322e-01 +3.2060e-01 -1.0775e-02
2758 +4.061926104e-02 +4.061926104e-02 +2.506192610e-01 +2.506192610e-01 +3.2948e-01 -1.5893e-02
2789 +3.822040083e-02 +3.822040083e-02 +2.482204008e-01 +2.482204008e-01 +3.5159e-01 -2.9552e-02
2822 +3.639421041e-02 +3.639421041e-02 +2.463942104e-01 +2.463942104e-01 +3.5410e-01 -3.2155e-02
2855 +3.602925241e-02 +3.602925241e-02 +2.460292524e-01 +2.460292524e-01 +3.4835e-01 -2.9468e-02
2890 +3.290934300e-02 +3.290934300e-02 +2.429093430e-01 +2.429093430e-01 +3.7017e-01 -4.4038e-02
2996 +3.216639517e-02 +3.216639517e-02 +2.421663952e-01 +2.421663952e-01 +3.6345e-01 -4.3436e-02
3041 +2.949487348e-02 +2.949487348e-02 +2.394948735e-01 +2.394948735e-01 +3.7386e-01 -5.0283e-02
3051 +2.819068845e-02 +2.819068845e-02 +2.381906885e-01 +2.381906885e-01 +3.7994e-01 -5.4339e-02
3060 +2.690144780e-02 +2.690144780e-02 +2.369014478e-01 +2.369014478e-01 +3.8852e-01 -5.9710e-02
3500 +2.602964332e-02 +2.602964332e-02 +2.360296433e-01 +2.360296433e-01 +3.9118e-01 -6.2259e-02
3534 +2.553132583e-02 +2.553132583e-02 +2.355313258e-01 +2.355313258e-01 +3.9713e-01 -6.5845e-02
3569 +2.507695315e-02 +2.507695315e-02 +2.350769532e-01 +2.350769532e-01 +3.9476e-01 -6.5643e-02
3588 +2.430659532e-02 +2.430659532e-02 +2.343065953e-01 +2.343065953e-01 +4.0325e-01 -7.4540e-02
3711 +2.286467932e-02 +2.286467932e-02 +2.328646793e-01 +2.328646793e-01 +4.0823e-01 -7.4993e-02
3802 +2.175678737e-02 +2.175678737e-02 +2.317567874e-01 +2.317567874e-01 +4.1180e-01 -7.8694e-02
3838 +2.132816463e-02 +2.132816463e-02 +2.313281646e-01 +2.313281646e-01 +4.1399e-01 -8.1252e-02
3872 +2.055149435e-02 +2.055149435e-02 +2.305514943e-01 +2.305514943e-01 +4.1801e-01 -8.4081e-02
3882 +1.840441945e-02 +1.840441945e-02 +2.284044194e-01 +2.284044194e-01 +4.3009e-01 -9.3332e-02
4039 +1.811810276e-02 +1.811810276e-02 +2.281181028e-01 +2.281181028e-01 +4.3180e-01 -9.4576e-02
4065 +1.576929909e-02 +1.576929909e-02 +2.257692991e-01 +2.257692991e-01 +4.4597e-01 -1.0599e-01
4150 +1.330532783e-02 +1.330532783e-02 +2.233053278e-01 +2.233053278e-01 +4.6484e-01 -1.1978e-01
4172 +1.151304023e-02 +1.151304023e-02 +2.215130402e-01 +2.215130402e-01 +4.8109e-01 -1.3235e-01
4238 +8.373639001e-03 +8.373639001e-03 +2.183736390e-01 +2.183736390e-01 +5.0657e-01 -1.5328e-01
% function evaluation | noise-free fitness - Fopt (-1.000000000000e+03) | best noise-free fitness - Fopt | measured fitness | best measured fitness | x1 | x2...
1 +6.500000000e+00 +6.500000000e+00 -9.935000000e+02 -9.935000000e+02 +0.0000e+00 +0.0000e+00
37 +5.901129188e+00 +5.901129188e+00 -9.940988708e+02 -9.940988708e+02 -2.4018e+00 +1.6149e-01
72 +5.678949878e+00 +5.678949878e+00 -9.943210501e+02 -9.943210501e+02 -2.3194e+00 +2.1033e-01
98 +5.609816824e+00 +5.609816824e+00 -9.943901832e+02 -9.943901832e+02 -2.2640e+00 +2.5969e-01
134 +5.413406110e+00 +5.413406110e+00 -9.945865939e+02 -9.945865939e+02 -2.1846e+00 +2.8237e-01
205 +5.138102672e+00 +5.138102672e+00 -9.948618973e+02 -9.948618973e+02 -1.9619e+00 +3.8381e-01
365 +4.935784353e+00 +4.935784353e+00 -9.950642156e+02 -9.950642156e+02 -1.9423e+00 +4.0725e-01
543 +4.511233924e+00 +4.511233924e+00 -9.954887661e+02 -9.954887661e+02 -1.7187e+00 +5.1707e-01
567 +4.398140976e+00 +4.398140976e+00 -9.956018590e+02 -9.956018590e+02 -1.5850e+00 +5.9009e-01
596 +4.255052066e+00 +4.255052066e+00 -9.957449479e+02 -9.957449479e+02 -1.5646e+00 +5.9040e-01
647 +4.142745424e+00 +4.142745424e+00 -9.958572546e+02 -9.958572546e+02 -1.5038e+00 +6.1601e-01
725 +4.035866610e+00 +4.035866610e+00 -9.959641334e+02 -9.959641334e+02 -1.4530e+00 +6.3528e-01
818 +3.947282388e+00 +3.947282388e+00 -9.960527176e+02 -9.960527176e+02 -1.4186e+00 +6.3456e-01
835 +3.682701763e+00 +3.682701763e+00 -9.963172982e+02 -9.963172982e+02 -1.2649e+00 +6.8533e-01
935 +3.607234039e+00 +3.607234039e+00 -9.963927660e+02 -9.963927660e+02 -1.2451e+00 +7.0766e-01
960 +3.489052745e+00 +3.489052745e+00 -9.965109473e+02 -9.965109473e+02 -1.1561e+00 +7.4580e-01
971 +2.958791069e+00 +2.958791069e+00 -9.970412089e+02 -9.970412089e+02 -8.6874e-01 +7.8931e-01
1053 +2.815761045e+00 +2.815761045e+00 -9.971842390e+02 -9.971842390e+02 -8.2895e-01 +8.0408e-01
1070 +2.439784839e+00 +2.439784839e+00 -9.975602152e+02 -9.975602152e+02 -6.4152e-01 +8.6100e-01
1082 +1.533279140e+00 +1.533279140e+00 -9.984667209e+02 -9.984667209e+02 -2.2137e-01 +7.7692e-01
1115 +1.107985987e+00 +1.107985987e+00 -9.988920140e+02 -9.988920140e+02 -6.7303e-02 +6.9465e-01
1168 +4.811102253e-01 +4.811102253e-01 -9.995188898e+02 -9.995188898e+02 +1.3825e-01 +4.2922e-01
1520 +3.874124127e-01 +3.874124127e-01 -9.996125876e+02 -9.996125876e+02 +1.4713e-01 +3.4672e-01
1557 +3.132454454e-01 +3.132454454e-01 -9.996867546e+02 -9.996867546e+02 +1.7611e-01 +2.4158e-01
1636 +2.174970364e-01 +2.174970364e-01 -9.997825030e+02 -9.997825030e+02 +1.6674e-01 +1.3352e-01
1691 +1.463492442e-01 +1.463492442e-01 -9.998536508e+02 -9.998536508e+02 +1.7345e-01 -2.2107e-02
1721 +1.058955472e-01 +1.058955472e-01 -9.998941045e+02 -9.998941045e+02 +1.6239e-01 -8.5144e-02
1735 +9.963620969e-02 +9.963620969e-02 -9.999003638e+02 -9.999003638e+02 +1.4013e-01 -1.7954e-01
1799 +9.480043257e-02 +9.480043257e-02 -9.999051996e+02 -9.999051996e+02 +1.4840e-01 -1.4216e-01
1808 +7.876226056e-02 +7.876226056e-02 -9.999212377e+02 -9.999212377e+02 +1.4951e-01 -2.3729e-01
1819 +4.940968745e-02 +4.940968745e-02 -9.999505903e+02 -9.999505903e+02 +1.3010e-01 -2.8276e-01
1885 +4.533186851e-02 +4.533186851e-02 -9.999546681e+02 -9.999546681e+02 +1.3426e-01 -3.0118e-01
1894 +3.808899750e-02 +3.808899750e-02 -9.999619110e+02 -9.999619110e+02 +1.2490e-01 -3.2113e-01
1920 +1.868254959e-02 +1.868254959e-02 -9.999813175e+02 -9.999813175e+02 +1.0677e-01 -4.2528e-01
1970 +1.521298588e-02 +1.521298588e-02 -9.999847870e+02 -9.999847870e+02 +8.6799e-02 -4.9827e-01
1987 +1.298456639e-02 +1.298456639e-02 -9.999870154e+02 -9.999870154e+02 +9.6594e-02 -4.7007e-01
2018 +7.485616509e-03 +7.485616509e-03 -9.999925144e+02 -9.999925144e+02 +8.1397e-02 -5.3179e-01
2020 +5.642235863e-03 +5.642235863e-03 -9.999943578e+02 -9.999943578e+02 +7.8798e-02 -5.4893e-01
2065 +5.105238909e-03 +5.105238909e-03 -9.999948948e+02 -9.999948948e+02 +7.6858e-02 -5.5578e-01
2102 +1.571482502e-03 +1.571482502e-03 -9.999984285e+02 -9.999984285e+02 +4.4049e-02 -6.8949e-01
2756 +1.546626338e-03 +1.546626338e-03 -9.999984534e+02 -9.999984534e+02 +5.9789e-02 -6.2276e-01
2837 +1.467134344e-03 +1.467134344e-03 -9.999985329e+02 -9.999985329e+02 +5.8257e-02 -6.2747e-01
2842 +1.261495224e-03 +1.261495224e-03 -9.999987385e+02 -9.999987385e+02 +5.8033e-02 -6.3102e-01
2895 +1.155592411e-03 +1.155592411e-03 -9.999988444e+02 -9.999988444e+02 +5.7162e-02 -6.3451e-01
3136 +1.142862231e-03 +1.142862231e-03 -9.999988571e+02 -9.999988571e+02 +5.6804e-02 -6.3653e-01
3175 +1.098021860e-03 +1.098021860e-03 -9.999989020e+02 -9.999989020e+02 +5.6497e-02 -6.3563e-01
3203 +1.076036222e-03 +1.076036222e-03 -9.999989240e+02 -9.999989240e+02 +5.6551e-02 -6.3639e-01
3258 +1.067890440e-03 +1.067890440e-03 -9.999989321e+02 -9.999989321e+02 +5.6431e-02 -6.3640e-01
3260 +1.012171901e-03 +1.012171901e-03 -9.999989878e+02 -9.999989878e+02 +5.5882e-02 -6.3825e-01
3264 +9.964129973e-04 +9.964129973e-04 -9.999990036e+02 -9.999990036e+02 +5.5791e-02 -6.3875e-01
3312 +9.557989663e-04 +9.557989663e-04 -9.999990442e+02 -9.999990442e+02 +5.5192e-02 -6.4048e-01
3320 +9.135174220e-04 +9.135174220e-04 -9.999990865e+02 -9.999990865e+02 +5.4804e-02 -6.4196e-01
3339 +8.955075866e-04 +8.955075866e-04 -9.999991045e+02 -9.999991045e+02 +5.4771e-02 -6.4234e-01
3377 +7.332820076e-04 +7.332820076e-04 -9.999992667e+02 -9.999992667e+02 +5.3359e-02 -6.4836e-01
3391 +7.176827554e-04 +7.176827554e-04 -9.999992823e+02 -9.999992823e+02 +5.3185e-02 -6.4929e-01
3517 +6.639704392e-04 +6.639704392e-04 -9.999993360e+02 -9.999993360e+02 +5.0904e-02 -6.5549e-01
3532 +5.845448587e-04 +5.845448587e-04 -9.999994155e+02 -9.999994155e+02 +5.0737e-02 -6.5985e-01
3566 +5.338370910e-04 +5.338370910e-04 -9.999994662e+02 -9.999994662e+02 +5.0855e-02 -6.5700e-01
3604 +4.960802908e-04 +4.960802908e-04 -9.999995039e+02 -9.999995039e+02 +5.0501e-02 -6.5973e-01
3619 +4.792859773e-04 +4.792859773e-04 -9.999995207e+02 -9.999995207e+02 +4.8512e-02 -6.6856e-01
3784 +4.386077424e-04 +4.386077424e-04 -9.999995614e+02 -9.999995614e+02 +4.9735e-02 -6.6139e-01
3791 +4.289174144e-04 +4.289174144e-04 -9.999995711e+02 -9.999995711e+02 +4.9709e-02 -6.6242e-01
3898 +4.175514193e-04 +4.175514193e-04 -9.999995824e+02 -9.999995824e+02 +4.9211e-02 -6.6301e-01
3905 +3.912966991e-04 +3.912966991e-04 -9.999996087e+02 -9.999996087e+02 +4.9204e-02 -6.6372e-01
3937 +3.883047664e-04 +3.883047664e-04 -9.999996117e+02 -9.999996117e+02 +4.9129e-02 -6.6459e-01
3950 +3.349018182e-04 +3.349018182e-04 -9.999996651e+02 -9.999996651e+02 +4.8271e-02 -6.6696e-01
4001 +3.244896417e-04 +3.244896417e-04 -9.999996755e+02 -9.999996755e+02 +4.8147e-02 -6.6751e-01
4019 +3.032545012e-04 +3.032545012e-04 -9.999996967e+02 -9.999996967e+02 +4.6867e-02 -6.7393e-01
4029 +2.557464178e-04 +2.557464178e-04 -9.999997443e+02 -9.999997443e+02 +4.6328e-02 -6.7352e-01
4090 +2.425260602e-04 +2.425260602e-04 -9.999997575e+02 -9.999997575e+02 +4.6735e-02 -6.7347e-01
4368 +2.354116439e-04 +2.354116439e-04 -9.999997646e+02 -9.999997646e+02 +4.6549e-02 -6.7332e-01
% function evaluation | noise-free fitness - Fopt (-1.076400000000e+02) | best noise-free fitness - Fopt | measured fitness | best measured fitness | x1 | x2...
1 +6.500000000e+00 +6.500000000e+00 -1.011400000e+02 -1.011400000e+02 +0.0000e+00 +0.0000e+00
2 +9.300666524e-01 +9.300666524e-01 -1.067099333e+02 -1.067099333e+02 +7.7379e-01 -3.4376e+00
29 +8.677102032e-01 +8.677102032e-01 -1.067722898e+02 -1.067722898e+02 +7.4946e-01 -3.3452e+00
34 +8.395632493e-01 +8.395632493e-01 -1.068004368e+02 -1.068004368e+02 +7.5804e-01 -3.3759e+00
44 +8.124453843e-01 +8.124453843e-01 -1.068275546e+02 -1.068275546e+02 +7.3974e-01 -3.3352e+00
53 +7.859675450e-01 +7.859675450e-01 -1.068540325e+02 -1.068540325e+02 +7.1581e-01 -3.2721e+00
74 +7.518311886e-01 +7.518311886e-01 -1.068881688e+02 -1.068881688e+02 +6.6600e-01 -3.1386e+00
181 +7.220933002e-01 +7.220933002e-01 -1.069179067e+02 -1.069179067e+02 +6.6053e-01 -3.1423e+00
754 +7.042744559e-01 +7.042744559e-01 -1.069357255e+02 -1.069357255e+02 +6.5057e-01 -3.1120e+00
1046 +6.870976223e-01 +6.870976223e-01 -1.069529024e+02 -1.069529024e+02 +6.3625e-01 -3.0755e+00
1566 +6.718832242e-01 +6.718832242e-01 -1.069681168e+02 -1.069681168e+02 +6.2263e-01 -3.0428e+00
1670 +6.548580535e-01 +6.548580535e-01 -1.069851419e+02 -1.069851419e+02 +6.0879e-01 -3.0032e+00
2136 +6.450650102e-01 +6.450650102e-01 -1.069949350e+02 -1.069949350e+02 +6.0098e-01 -2.9846e+00
2448 +6.298413203e-01 +6.298413203e-01 -1.070101587e+02 -1.070101587e+02 +5.8794e-01 -2.9500e+00
2512 +6.155090880e-01 +6.155090880e-01 -1.070244909e+02 -1.070244909e+02 +5.7401e-01 -2.9186e+00
3105 +5.981089370e-01 +5.981089370e-01 -1.070418911e+02 -1.070418911e+02 +5.6100e-01 -2.8800e+00
3266 +5.880760724e-01 +5.880760724e-01 -1.070519239e+02 -1.070519239e+02 +5.5261e-01 -2.8593e+00
3342 +5.714723888e-01 +5.714723888e-01 -1.070685276e+02 -1.070685276e+02 +5.3239e-01 -2.7996e+00
3650 +5.571554062e-01 +5.571554062e-01 -1.070828446e+02 -1.070828446e+02 +5.2436e-01 -2.7883e+00
3660 +5.424947252e-01 +5.424947252e-01 -1.070975053e+02 -1.070975053e+02 +5.0868e-01 -2.7491e+00
3930 +5.352001639e-01 +5.352001639e-01 -1.071047998e+02 -1.071047998e+02 +5.0708e-01 -2.7388e+00
% function evaluation | noise-free fitness - Fopt (-4.480000000000e+01) | best noise-free fitness - Fopt | measured fitness | best measured fitness | x1 | x2...
1 +6.500000000e+00 +6.500000000e+00 -3.830000000e+01 -3.830000000e+01 +0.0000e+00 +0.0000e+00
29 +3.674704573e+00 +3.674704573e+00 -4.112529543e+01 -4.112529543e+01 +5.9075e+00 +5.3312e+00
154 +3.569781400e+00 +3.569781400e+00 -4.123021860e+01 -4.123021860e+01 +6.0391e+00 +5.4940e+00
164 +3.500777777e+00 +3.500777777e+00 -4.129922222e+01 -4.129922222e+01 +5.9438e+00 +5.3928e+00
184 +3.283517061e+00 +3.283517061e+00 -4.151648294e+01 -4.151648294e+01 +5.7428e+00 +5.1490e+00
% function evaluation | noise-free fitness - Fopt (-1.245500000000e+02) | best noise-free fitness - Fopt | measured fitness | best measured fitness | x1 | x2...
1 +6.500000000e+00 +6.500000000e+00 -1.180500000e+02 -1.180500000e+02 +0.0000e+00 +0.0000e+00
721 +6.106284625e+00 +6.106284625e+00 -1.184437154e+02 -1.184437154e+02 -1.1272e+00 +2.3209e+00
741 +5.940422690e+00 +5.940422690e+00 -1.186095773e+02 -1.186095773e+02 -1.1362e+00 +2.2179e+00
756 +5.829898137e+00 +5.829898137e+00 -1.187201019e+02 -1.187201019e+02 -1.1398e+00 +2.1447e+00
801 +5.704374094e+00 +5.704374094e+00 -1.188456259e+02 -1.188456259e+02 -1.1406e+00 +1.9745e+00
816 +5.539247449e+00 +5.539247449e+00 -1.190107526e+02 -1.190107526e+02 -1.1515e+00 +1.9638e+00
868 +5.286824025e+00 +5.286824025e+00 -1.192631760e+02 -1.192631760e+02 -1.1594e+00 +1.8091e+00
887 +5.231231199e+00 +5.231231199e+00 -1.193187688e+02 -1.193187688e+02 -1.1556e+00 +1.7243e+00
888 +4.069943161e+00 +4.069943161e+00 -1.204800568e+02 -1.204800568e+02 -1.1211e+00 +8.7036e-01
907 +3.172397672e+00 +3.172397672e+00 -1.213776023e+02 -1.213776023e+02 -1.0950e+00 +2.4736e-01
924 +3.071140624e+00 +3.071140624e+00 -1.214788594e+02 -1.214788594e+02 -1.1116e+00 +3.7105e-01
1126 +3.008437041e+00 +3.008437041e+00 -1.215415630e+02 -1.215415630e+02 -1.0970e+00 +5.2581e-01
1160 +2.775730088e+00 +2.775730088e+00 -1.217742699e+02 -1.217742699e+02 -1.0897e+00 +4.1884e-01
1182 +2.746963922e+00 +2.746963922e+00 -1.218030361e+02 -1.218030361e+02 -1.0821e+00 +2.8911e-01
1334 +2.646578579e+00 +2.646578579e+00 -1.219034214e+02 -1.219034214e+02 -1.0655e+00 +2.2565e-01
1375 +2.607472663e+00 +2.607472663e+00 -1.219425273e+02 -1.219425273e+02 -1.0715e+00 +2.9489e-01
1389 +2.524901669e+00 +2.524901669e+00 -1.220250983e+02 -1.220250983e+02 -1.0607e+00 +2.8643e-01
1437 +2.492571637e+00 +2.492571637e+00 -1.220574284e+02 -1.220574284e+02 -1.0562e+00 +2.6918e-01
1445 +2.447889733e+00 +2.447889733e+00 -1.221021103e+02 -1.221021103e+02 -1.0435e+00 +2.6836e-01
1455 +2.378076656e+00 +2.378076656e+00 -1.221719233e+02 -1.221719233e+02 -1.0391e+00 +2.0900e-01
1487 +2.270300629e+00 +2.270300629e+00 -1.222796994e+02 -1.222796994e+02 -1.0168e+00 +1.8764e-01
1505 +2.100894840e+00 +2.100894840e+00 -1.224491052e+02 -1.224491052e+02 -9.8517e-01 +1.1522e-01
1524 +2.058511920e+00 +2.058511920e+00 -1.224914881e+02 -1.224914881e+02 -9.7529e-01 +9.7970e-02
1536 +1.849065716e+00 +1.849065716e+00 -1.227009343e+02 -1.227009343e+02 -9.3620e-01 -1.9405e-02
1553 +1.736646600e+00 +1.736646600e+00 -1.228133534e+02 -1.228133534e+02 -9.0997e-01 -5.5092e-02
1593 +1.628516526e+00 +1.628516526e+00 -1.229214835e+02 -1.229214835e+02 -8.8217e-01 -8.9610e-02
1623 +1.602805904e+00 +1.602805904e+00 -1.229471941e+02 -1.229471941e+02 -8.7470e-01 -8.4774e-02
1674 +1.428037314e+00 +1.428037314e+00 -1.231219627e+02 -1.231219627e+02 -8.2279e-01 -1.5676e-01
1732 +1.392899423e+00 +1.392899423e+00 -1.231571006e+02 -1.231571006e+02 -7.1951e-01 -1.7050e-01
1735 +1.144863540e+00 +1.144863540e+00 -1.234051365e+02 -1.234051365e+02 -7.2161e-01 -2.2319e-01
1810 +1.099505419e+00 +1.099505419e+00 -1.234504946e+02 -1.234504946e+02 -5.8070e-01 -3.3782e-01
1813 +1.061382284e+00 +1.061382284e+00 -1.234886177e+02 -1.234886177e+02 -6.5805e-01 -2.3267e-01
1817 +8.132767519e-01 +8.132767519e-01 -1.237367232e+02 -1.237367232e+02 -5.6046e-01 -3.0135e-01
1840 +7.914157156e-01 +7.914157156e-01 -1.237585843e+02 -1.237585843e+02 -4.6998e-01 -3.3652e-01
1862 +7.665782351e-01 +7.665782351e-01 -1.237834218e+02 -1.237834218e+02 -4.6318e-01 -2.6956e-01
1901 +6.190761176e-01 +6.190761176e-01 -1.239309239e+02 -1.239309239e+02 -4.4544e-01 -2.9894e-01
1913 +6.087798620e-01 +6.087798620e-01 -1.239412201e+02 -1.239412201e+02 -3.4641e-01 -3.2607e-01
1933 +4.948844954e-01 +4.948844954e-01 -1.240551155e+02 -1.240551155e+02 -3.1074e-01 -3.0931e-01
1938 +4.250676206e-01 +4.250676206e-01 -1.241249324e+02 -1.241249324e+02 -2.4189e-01 -2.5695e-01
1966 +4.019063416e-01 +4.019063416e-01 -1.241480937e+02 -1.241480937e+02 -2.3999e-01 -2.8950e-01
1967 +3.279945899e-01 +3.279945899e-01 -1.242220054e+02 -1.242220054e+02 -1.9497e-01 -2.6338e-01
2013 +3.001298444e-01 +3.001298444e-01 -1.242498702e+02 -1.242498702e+02 +3.3522e-02 -1.9659e-01
2040 +2.693867336e-01 +2.693867336e-01 -1.242806133e+02 -1.242806133e+02 -1.2360e-01 -2.4197e-01
2109 +2.687242054e-01 +2.687242054e-01 -1.242812758e+02 -1.242812758e+02 -2.2201e-02 -2.1639e-01
2124 +2.477243096e-01 +2.477243096e-01 -1.243022757e+02 -1.243022757e+02 -9.2683e-02 -2.2170e-01
2133 +2.078944288e-01 +2.078944288e-01 -1.243421056e+02 -1.243421056e+02 -3.9973e-02 -2.0151e-01
2137 +1.490152854e-01 +1.490152854e-01 -1.244009847e+02 -1.244009847e+02 +9.6811e-02 -1.4747e-01
2449 +1.471988196e-01 +1.471988196e-01 -1.244028012e+02 -1.244028012e+02 +6.4186e-02 -1.5023e-01
2489 +1.234257704e-01 +1.234257704e-01 -1.244265742e+02 -1.244265742e+02 +1.0404e-01 -1.3247e-01
2492 +1.229806009e-01 +1.229806009e-01 -1.244270194e+02 -1.244270194e+02 +1.1064e-01 -1.3328e-01
2541 +1.144636297e-01 +1.144636297e-01 -1.244355364e+02 -1.244355364e+02 +1.5690e-01 -1.1184e-01
2556 +1.076248091e-01 +1.076248091e-01 -1.244423752e+02 -1.244423752e+02 +1.5359e-01 -1.1107e-01
2656 +9.063826488e-02 +9.063826488e-02 -1.244593617e+02 -1.244593617e+02 +1.9196e-01 -8.7846e-02
2767 +8.754581415e-02 +8.754581415e-02 -1.244624542e+02 -1.244624542e+02 +1.8630e-01 -8.7697e-02
2774 +8.062589091e-02 +8.062589091e-02 -1.244693741e+02 -1.244693741e+02 +2.0513e-01 -7.6767e-02
2843 +7.107147480e-02 +7.107147480e-02 -1.244789285e+02 -1.244789285e+02 +2.3071e-01 -6.0689e-02
3179 +6.996632680e-02 +6.996632680e-02 -1.244800337e+02 -1.244800337e+02 +2.3340e-01 -5.8790e-02
3209 +6.626187527e-02 +6.626187527e-02 -1.244837381e+02 -1.244837381e+02 +2.4687e-01 -5.1258e-02
3238 +6.549772257e-02 +6.549772257e-02 -1.244845023e+02 -1.244845023e+02 +2.5713e-01 -4.6398e-02
3275 +6.196974719e-02 +6.196974719e-02 -1.244880303e+02 -1.244880303e+02 +2.8045e-01 -2.1341e-02
3287 +5.345126090e-02 +5.345126090e-02 -1.244965487e+02 -1.244965487e+02 +2.8410e-01 -2.3342e-02
3514 +5.103708828e-02 +5.103708828e-02 -1.244989629e+02 -1.244989629e+02 +2.9144e-01 -2.0885e-02
3641 +4.972038207e-02 +4.972038207e-02 -1.245002796e+02 -1.245002796e+02 +2.9701e-01 -1.7716e-02
3659 +4.787596158e-02 +4.787596158e-02 -1.245021240e+02 -1.245021240e+02 +3.0517e-01 -1.2853e-02
3705 +4.600491036e-02 +4.600491036e-02 -1.245039951e+02 -1.245039951e+02 +3.0840e-01 -8.9154e-03
3808 +4.552035255e-02 +4.552035255e-02 -1.245044796e+02 -1.245044796e+02 +3.1223e-01 -7.6591e-03
3818 +4.390632180e-02 +4.390632180e-02 -1.245060937e+02 -1.245060937e+02 +3.1639e-01 -3.9488e-03
3843 +4.350504073e-02 +4.350504073e-02 -1.245064950e+02 -1.245064950e+02 +3.1772e-01 -1.9419e-03
3865 +3.884480033e-02 +3.884480033e-02 -1.245111552e+02 -1.245111552e+02 +3.4239e-01 +1.1697e-02
3904 +3.731326873e-02 +3.731326873e-02 -1.245126867e+02 -1.245126867e+02 +3.4157e-01 +1.3801e-02
3981 +3.535792329e-02 +3.535792329e-02 -1.245146421e+02 -1.245146421e+02 +3.5064e-01 +2.1024e-02
3996 +2.920543783e-02 +2.920543783e-02 -1.245207946e+02 -1.245207946e+02 +3.7671e-01 +3.8028e-02
4233 +2.869256177e-02 +2.869256177e-02 -1.245213074e+02 -1.245213074e+02 +3.7919e-01 +3.9618e-02
4381 +2.789240582e-02 +2.789240582e-02 -1.245221076e+02 -1.245221076e+02 +3.8351e-01 +4.3739e-02
4386 +2.652809335e-02 +2.652809335e-02 -1.245234719e+02 -1.245234719e+02 +3.8991e-01 +4.8163e-02
% function evaluation | noise-free fitness - Fopt (-6.322000000000e+01) | best noise-free fitness - Fopt | measured fitness | best measured fitness | x1 | x2...
1 +6.500000000e+00 +6.500000000e+00 -5.672000000e+01 -5.672000000e+01 +0.0000e+00 +0.0000e+00
74 +7.322703619e-02 +7.322703619e-02 -6.314677296e+01 -6.314677296e+01 -2.1465e-01 -8.7003e-02
409 +6.201888602e-02 +6.201888602e-02 -6.315798111e+01 -6.315798111e+01 -7.2751e-01 +2.2587e-01
616 +4.265624801e-02 +4.265624801e-02 -6.317734375e+01 -6.317734375e+01 -4.2076e-01 +2.9566e-02
797 +7.626226566e-03 +7.626226566e-03 -6.321237377e+01 -6.321237377e+01 -7.8939e-01 +2.5154e-01
3835 +7.432856211e-03 +7.432856211e-03 -6.321256714e+01 -6.321256714e+01 -5.2649e-01 +8.3022e-02
3871 +7.335323866e-03 +7.335323866e-03 -6.321266468e+01 -6.321266468e+01 -5.3597e-01 +8.7641e-02
3872 +7.209257519e-03 +7.209257519e-03 -6.321279074e+01 -6.321279074e+01 -5.2875e-01 +8.4426e-02
3881 +6.639475736e-03 +6.639475736e-03 -6.321336052e+01 -6.321336052e+01 -5.3577e-01 +8.8492e-02
3936 +6.584442700e-03 +6.584442700e-03 -6.321341556e+01 -6.321341556e+01 -5.3502e-01 +8.8927e-02
3950 +6.362575981e-03 +6.362575981e-03 -6.321363742e+01 -6.321363742e+01 -5.3744e-01 +8.9977e-02
3995 +6.193812065e-03 +6.193812065e-03 -6.321380619e+01 -6.321380619e+01 -5.4161e-01 +9.1929e-02
4001 +6.054135979e-03 +6.054135979e-03 -6.321394586e+01 -6.321394586e+01 -5.4328e-01 +9.2952e-02
4038 +5.984493630e-03 +5.984493630e-03 -6.321401551e+01 -6.321401551e+01 -5.4295e-01 +9.2963e-02
4102 +5.748445674e-03 +5.748445674e-03 -6.321425155e+01 -6.321425155e+01 -5.4440e-01 +9.4567e-02
4206 +5.085253205e-03 +5.085253205e-03 -6.321491475e+01 -6.321491475e+01 -5.5244e-01 +9.9437e-02
4296 +4.839112042e-03 +4.839112042e-03 -6.321516089e+01 -6.321516089e+01 -5.5560e-01 +1.0145e-01
% function evaluation | noise-free fitness - Fopt (-1.045400000000e+02) | best noise-free fitness - Fopt | measured fitness | best measured fitness | x1 | x2...
1 +6.500000000e+00 +6.500000000e+00 -9.804000000e+01 -9.804000000e+01 +0.0000e+00 +0.0000e+00
88 +3.193454400e+00 +3.193454400e+00 -1.013465456e+02 -1.013465456e+02 -2.0212e-01 -1.0297e+00
148 +1.813219379e+00 +1.813219379e+00 -1.027267806e+02 -1.027267806e+02 +2.3157e-01 -8.6813e-01
160 +1.569028242e+00 +1.569028242e+00 -1.029709718e+02 -1.029709718e+02 +2.5247e-01 -8.2434e-01
202 +1.211264641e+00 +1.211264641e+00 -1.033287354e+02 -1.033287354e+02 +2.8095e-01 -7.1324e-01
541 +1.190159735e+00 +1.190159735e+00 -1.033498403e+02 -1.033498403e+02 +2.8787e-01 -5.8698e-01
569 +1.074346377e+00 +1.074346377e+00 -1.034656536e+02 -1.034656536e+02 +3.7182e-01 -6.0644e-01
580 +6.027417358e-01 +6.027417358e-01 -1.039372583e+02 -1.039372583e+02 +3.6141e-01 -3.7786e-01
610 +6.019498956e-01 +6.019498956e-01 -1.039380501e+02 -1.039380501e+02 +3.0456e-01 -3.1620e-01
611 +2.935747300e-01 +2.935747300e-01 -1.042464253e+02 -1.042464253e+02 +2.6222e-01 -1.2561e-01
648 +1.815909482e-01 +1.815909482e-01 -1.043584091e+02 -1.043584091e+02 -7.4752e-02 +3.9436e-01
1006 +1.763518297e-01 +1.763518297e-01 -1.043636482e+02 -1.043636482e+02 +1.8107e-01 +2.7377e-02
1066 +1.468780128e-01 +1.468780128e-01 -1.043931220e+02 -1.043931220e+02 +1.3187e-01 +9.1513e-02
1136 +1.296288044e-01 +1.296288044e-01 -1.044103712e+02 -1.044103712e+02 +1.2380e-01 +1.0936e-01
1180 +1.259223287e-01 +1.259223287e-01 -1.044140777e+02 -1.044140777e+02 +1.2507e-01 +1.1510e-01
1301 +1.190803233e-01 +1.190803233e-01 -1.044209197e+02 -1.044209197e+02 +1.1527e-01 +1.2658e-01
1348 +1.160044514e-01 +1.160044514e-01 -1.044239955e+02 -1.044239955e+02 +1.1147e-01 +1.3402e-01
1435 +1.147046583e-01 +1.147046583e-01 -1.044252953e+02 -1.044252953e+02 +1.0273e-01 +1.3888e-01
1462 +1.109653279e-01 +1.109653279e-01 -1.044290347e+02 -1.044290347e+02 +9.8734e-02 +1.4522e-01
1506 +9.995074966e-02 +9.995074966e-02 -1.044400493e+02 -1.044400493e+02 +8.2002e-02 +1.6823e-01
1598 +9.095241009e-02 +9.095241009e-02 -1.044490476e+02 -1.044490476e+02 +7.0351e-02 +1.8595e-01
1600 +8.903166083e-02 +8.903166083e-02 -1.044509683e+02 -1.044509683e+02 +5.8790e-02 +2.1118e-01
1624 +6.439427021e-02 +6.439427021e-02 -1.044756057e+02 -1.044756057e+02 +1.6614e-02 +2.5364e-01
1922 +6.102015413e-02 +6.102015413e-02 -1.044789798e+02 -1.044789798e+02 +1.2457e-02 +2.6142e-01
1945 +5.858167126e-02 +5.858167126e-02 -1.044814183e+02 -1.044814183e+02 +6.0144e-03 +2.7193e-01
1984 +5.680044363e-02 +5.680044363e-02 -1.044831996e+02 -1.044831996e+02 -1.1291e-03 +2.8221e-01
2280 +5.297672714e-02 +5.297672714e-02 -1.044870233e+02 -1.044870233e+02 -6.8708e-03 +2.8544e-01
2404 +5.205501531e-02 +5.205501531e-02 -1.044879450e+02 -1.044879450e+02 -9.4015e-03 +2.8804e-01
2438 +4.981323758e-02 +4.981323758e-02 -1.044901868e+02 -1.044901868e+02 -1.9915e-02 +2.9775e-01
2571 +4.802302518e-02 +4.802302518e-02 -1.044919770e+02 -1.044919770e+02 -2.1139e-02 +3.0450e-01
2579 +4.566490643e-02 +4.566490643e-02 -1.044943351e+02 -1.044943351e+02 -2.7157e-02 +3.1114e-01
2604 +4.354745940e-02 +4.354745940e-02 -1.044964525e+02 -1.044964525e+02 -3.5947e-02 +3.1735e-01
2895 +4.260203848e-02 +4.260203848e-02 -1.044973980e+02 -1.044973980e+02 -3.5651e-02 +3.1891e-01
2935 +4.135313501e-02 +4.135313501e-02 -1.044986469e+02 -1.044986469e+02 -3.9172e-02 +3.2335e-01
2994 +4.026537194e-02 +4.026537194e-02 -1.044997346e+02 -1.044997346e+02 -4.5738e-02 +3.2884e-01
3049 +3.971664928e-02 +3.971664928e-02 -1.045002834e+02 -1.045002834e+02 -4.4038e-02 +3.2956e-01
3124 +3.885413705e-02 +3.885413705e-02 -1.045011459e+02 -1.045011459e+02 -4.7118e-02 +3.3221e-01
3193 +3.747028345e-02 +3.747028345e-02 -1.045025297e+02 -1.045025297e+02 -5.1261e-02 +3.3841e-01
3194 +3.559453115e-02 +3.559453115e-02 -1.045044055e+02 -1.045044055e+02 -5.7727e-02 +3.4436e-01
3253 +3.528533050e-02 +3.528533050e-02 -1.045047147e+02 -1.045047147e+02 -5.9473e-02 +3.4581e-01
3261 +3.411662435e-02 +3.411662435e-02 -1.045058834e+02 -1.045058834e+02 -6.2268e-02 +3.5074e-01
3293 +3.219446967e-02 +3.219446967e-02 -1.045078055e+02 -1.045078055e+02 -7.5305e-02 +3.6855e-01
3445 +3.153736228e-02 +3.153736228e-02 -1.045084626e+02 -1.045084626e+02 -7.1570e-02 +3.6034e-01
3698 +3.086712416e-02 +3.086712416e-02 -1.045091329e+02 -1.045091329e+02 -7.4230e-02 +3.6311e-01
3779 +2.966896203e-02 +2.966896203e-02 -1.045103310e+02 -1.045103310e+02 -7.8156e-02 +3.6878e-01
3838 +2.927591847e-02 +2.927591847e-02 -1.045107241e+02 -1.045107241e+02 -7.9603e-02 +3.6991e-01
4051 +2.872998159e-02 +2.872998159e-02 -1.045112700e+02 -1.045112700e+02 -8.6347e-02 +3.7498e-01
4105 +2.715833087e-02 +2.715833087e-02 -1.045128417e+02 -1.045128417e+02 -8.8075e-02 +3.7889e-01
4178 +2.690036948e-02 +2.690036948e-02 -1.045130996e+02 -1.045130996e+02 -8.8749e-02 +3.8035e-01
4204 +2.608517208e-02 +2.608517208e-02 -1.045139148e+02 -1.045139148e+02 -9.3017e-02 +3.8632e-01
4292 +2.560223946e-02 +2.560223946e-02 -1.045143978e+02 -1.045143978e+02 -9.7276e-02 +3.9199e-01
4307 +2.311587987e-02 +2.311587987e-02 -1.045168841e+02 -1.045168841e+02 -1.0592e-01 +3.9801e-01
4356 +2.257596714e-02 +2.257596714e-02 -1.045174240e+02 -1.045174240e+02 -1.0683e-01 +4.0038e-01
4393 +2.189979930e-02 +2.189979930e-02 -1.045181002e+02 -1.045181002e+02 -1.1090e-01 +4.0600e-01
