% function evaluation | noise-free fitness - Fopt (-1.694000000000e+01) | best noise-free fitness - Fopt | measured fitness | best measured fitness | x1 | x2...
1 +4.074075597e+01 +4.074075597e+01 +2.380075597e+01 +2.380075597e+01 +0.0000e+00 +0.0000e+00
2 +1.654169339e+01 +1.654169339e+01 -3.983066092e-01 -3.983066092e-01 +1.5385e+00 -2.9394e+00
3 +1.167494616e+01 +1.167494616e+01 -5.265053840e+00 -5.265053840e+00 +1.6167e+00 -3.1194e+00
% function evaluation | noise-free fitness - Fopt (1.881000000000e+01) | best noise-free fitness - Fopt | measured fitness | best measured fitness | x1 | x2...
1 +2.207574042e+01 +2.207574042e+01 +4.088574042e+01 +4.088574042e+01 +0.0000e+00 +0.0000e+00
2 +3.050224735e+00 +3.050224735e+00 +2.186022473e+01 +2.186022473e+01 -1.4263e+00 +2.2258e+00
4 +1.421334968e+00 +1.421334968e+00 +2.023133497e+01 +2.023133497e+01 -1.5603e+00 +1.8090e+00
7 +1.389420353e+00 +1.389420353e+00 +2.019942035e+01 +2.019942035e+01 -1.5224e+00 +1.9602e+00
33 +1.083789020e+00 +1.083789020e+00 +1.989378902e+01 +1.989378902e+01 -1.2301e+00 +1.8419e+00
141 +1.036165036e+00 +1.036165036e+00 +1.984616504e+01 +1.984616504e+01 -1.0404e+00 +2.0009e+00
157 +9.182109563e-01 +9.182109563e-01 +1.972821096e+01 +1.972821096e+01 -9.5323e-01 +1.7828e+00
164 +7.753615556e-01 +7.753615556e-01 +1.958536156e+01 +1.958536156e+01 -9.1341e-01 +1.7788e+00
194 +7.498223396e-01 +7.498223396e-01 +1.955982234e+01 +1.955982234e+01 -9.2673e-01 +1.7711e+00
206 +7.257349904e-01 +7.257349904e-01 +1.953573499e+01 +1.953573499e+01 -5.7214e-01 +1.8268e+00
210 +4.527833818e-01 +4.527833818e-01 +1.926278338e+01 +1.926278338e+01 -5.6831e-01 +1.7918e+00
227 +3.323897297e-01 +3.323897297e-01 +1.914238973e+01 +1.914238973e+01 -4.1955e-01 +1.7939e+00
242 +9.936627471e-02 +9.936627471e-02 +1.890936627e+01 +1.890936627e+01 -1.2284e-01 +1.7683e+00
317 +6.826063156e-02 +6.826063156e-02 +1.887826063e+01 +1.887826063e+01 -1.6917e-01 +1.7814e+00
332 +4.224515929e-02 +4.224515929e-02 +1.885224516e+01 +1.885224516e+01 -1.5771e-01 +1.7830e+00
427 +3.314031079e-02 +3.314031079e-02 +1.884314031e+01 +1.884314031e+01 -1.8067e-01 +1.7695e+00
477 +3.135828185e-02 +3.135828185e-02 +1.884135828e+01 +1.884135828e+01 -2.0342e-01 +1.7858e+00
585 +3.021433489e-03 +3.021433489e-03 +1.881302143e+01 +1.881302143e+01 -1.8833e-01 +1.7800e+00
1063 +9.900498692e-04 +9.900498692e-04 +1.881099005e+01 +1.881099005e+01 -1.9088e-01 +1.7811e+00
1184 +3.747671086e-04 +3.747671086e-04 +1.881037477e+01 +1.881037477e+01 -1.9113e-01 +1.7808e+00
1251 +3.638315774e-04 +3.638315774e-04 +1.881036383e+01 +1.881036383e+01 -1.9106e-01 +1.7809e+00
1254 +3.321921152e-04 +3.321921152e-04 +1.881033219e+01 +1.881033219e+01 -1.9120e-01 +1.7809e+00
1298 +2.295383188e-04 +2.295383188e-04 +1.881022954e+01 +1.881022954e+01 -1.9122e-01 +1.7807e+00
1386 +1.302034785e-04 +1.302034785e-04 +1.881013020e+01 +1.881013020e+01 -1.9115e-01 +1.7808e+00
1408 +1.098338151e-04 +1.098338151e-04 +1.881010983e+01 +1.881010983e+01 -1.9121e-01 +1.7808e+00
1452 +3.795571489e-05 +3.795571489e-05 +1.881003796e+01 +1.881003796e+01 -1.9123e-01 +1.7808e+00
1517 +2.953093473e-05 +2.953093473e-05 +1.881002953e+01 +1.881002953e+01 -1.9118e-01 +1.7808e+00
1861 +2.878381706e-05 +2.878381706e-05 +1.881002878e+01 +1.881002878e+01 -1.9122e-01 +1.7808e+00
2506 +2.813128267e-05 +2.813128267e-05 +1.881002813e+01 +1.881002813e+01 -1.9121e-01 +1.7808e+00
2530 +5.920112731e-06 +5.920112731e-06 +1.881000592e+01 +1.881000592e+01 -1.9120e-01 +1.7808e+00
2543 +3.950992319e-06 +3.950992319e-06 +1.881000395e+01 +1.881000395e+01 -1.9120e-01 +1.7808e+00
2614 +1.515106820e-06 +1.515106820e-06 +1.881000152e+01 +1.881000152e+01 -1.9120e-01 +1.7808e+00
2629 +1.319532537e-06 +1.319532537e-06 +1.881000132e+01 +1.881000132e+01 -1.9120e-01 +1.7808e+00
% function evaluation | noise-free fitness - Fopt (2.731500000000e+02) | best noise-free fitness - Fopt | measured fitness | best measured fitness | x1 | x2...
1 +6.129627523e+01 +6.129627523e+01 +3.344462752e+02 +3.344462752e+02 +0.0000e+00 +0.0000e+00
3 +3.107528041e+01 +3.107528041e+01 +3.042252804e+02 +3.042252804e+02 +1.9555e+00 -2.4138e+00
24 +2.784962795e+01 +2.784962795e+01 +3.009996280e+02 +3.009996280e+02 +1.6615e+00 -2.3884e+00
30 +2.449918889e+01 +2.449918889e+01 +2.976491889e+02 +2.976491889e+02 +1.7835e+00 -2.2997e+00
56 +2.380354941e+01 +2.380354941e+01 +2.969535494e+02 +2.969535494e+02 +1.8571e+00 -2.2801e+00
63 +2.040744672e+01 +2.040744672e+01 +2.935574467e+02 +2.935574467e+02 +8.8784e-01 -1.6305e+00
343 +1.687741194e+01 +1.687741194e+01 +2.900274119e+02 +2.900274119e+02 -6.7502e-01 -2.2492e+00
384 +1.439048117e+01 +1.439048117e+01 +2.875404812e+02 +2.875404812e+02 -4.4253e+00 -9.3216e-01
399 +1.304792200e+01 +1.304792200e+01 +2.861979220e+02 +2.861979220e+02 -5.2267e+00 +8.2657e-01
407 +1.256315784e+01 +1.256315784e+01 +2.857131578e+02 +2.857131578e+02 -8.7221e-01 +8.0938e-01
408 +5.118764295e+00 +5.118764295e+00 +2.782687643e+02 +2.782687643e+02 -4.3627e+00 -3.0288e-01
411 +2.775477014e+00 +2.775477014e+00 +2.759254770e+02 +2.759254770e+02 -4.4646e+00 +2.7331e+00
506 +1.860002675e+00 +1.860002675e+00 +2.750100027e+02 +2.750100027e+02 -3.1081e+00 +3.3775e+00
579 +1.729629063e+00 +1.729629063e+00 +2.748796291e+02 +2.748796291e+02 -3.5017e+00 +3.0244e+00
631 +1.024474847e+00 +1.024474847e+00 +2.741744748e+02 +2.741744748e+02 -3.2503e+00 +4.5249e+00
638 +9.037629682e-01 +9.037629682e-01 +2.740537630e+02 +2.740537630e+02 -3.3653e+00 +4.3036e+00
671 +1.768639594e-01 +1.768639594e-01 +2.733268640e+02 +2.733268640e+02 -3.5695e+00 +3.6658e+00
686 +1.661170123e-01 +1.661170123e-01 +2.733161170e+02 +2.733161170e+02 -3.5239e+00 +3.8947e+00
702 +1.208055791e-01 +1.208055791e-01 +2.732708056e+02 +2.732708056e+02 -3.5960e+00 +3.6777e+00
887 +9.769550584e-02 +9.769550584e-02 +2.732476955e+02 +2.732476955e+02 -3.6037e+00 +3.7739e+00
929 +6.284158301e-02 +6.284158301e-02 +2.732128416e+02 +2.732128416e+02 -3.5595e+00 +3.8000e+00
960 +3.703099505e-02 +3.703099505e-02 +2.731870310e+02 +2.731870310e+02 -3.5802e+00 +3.7751e+00
1068 +3.193079575e-02 +3.193079575e-02 +2.731819308e+02 +2.731819308e+02 -3.5595e+00 +3.7863e+00
1098 +1.982799975e-02 +1.982799975e-02 +2.731698280e+02 +2.731698280e+02 -3.5744e+00 +3.7528e+00
1148 +1.760202840e-02 +1.760202840e-02 +2.731676020e+02 +2.731676020e+02 -3.5861e+00 +3.7489e+00
1286 +1.213492882e-02 +1.213492882e-02 +2.731621349e+02 +2.731621349e+02 -3.5772e+00 +3.7582e+00
1364 +8.940439801e-03 +8.940439801e-03 +2.731589404e+02 +2.731589404e+02 -3.5757e+00 +3.7571e+00
1386 +3.062298235e-03 +3.062298235e-03 +2.731530623e+02 +2.731530623e+02 -3.5804e+00 +3.7529e+00
1496 +2.944212321e-03 +2.944212321e-03 +2.731529442e+02 +2.731529442e+02 -3.5799e+00 +3.7529e+00
1545 +2.382547022e-03 +2.382547022e-03 +2.731523825e+02 +2.731523825e+02 -3.5790e+00 +3.7530e+00
1552 +3.425591059e-04 +3.425591059e-04 +2.731503426e+02 +2.731503426e+02 -3.5792e+00 +3.7538e+00
1650 +2.724136159e-04 +2.724136159e-04 +2.731502724e+02 +2.731502724e+02 -3.5792e+00 +3.7536e+00
1770 +2.300894348e-04 +2.300894348e-04 +2.731502301e+02 +2.731502301e+02 -3.5792e+00 +3.7538e+00
1848 +1.557005082e-04 +1.557005082e-04 +2.731501557e+02 +2.731501557e+02 -3.5792e+00 +3.7536e+00
1892 +4.109611302e-05 +4.109611302e-05 +2.731500411e+02 +2.731500411e+02 -3.5792e+00 +3.7536e+00
1936 +3.205790802e-05 +3.205790802e-05 +2.731500321e+02 +2.731500321e+02 -3.5792e+00 +3.7536e+00
1987 +2.881508800e-05 +2.881508800e-05 +2.731500288e+02 +2.731500288e+02 -3.5792e+00 +3.7536e+00
2387 +1.727294574e-05 +1.727294574e-05 +2.731500173e+02 +2.731500173e+02 -3.5792e+00 +3.7536e+00
2388 +1.031489478e-05 +1.031489478e-05 +2.731500103e+02 +2.731500103e+02 -3.5792e+00 +3.7536e+00
2394 +8.356137641e-06 +8.356137641e-06 +2.731500084e+02 +2.731500084e+02 -3.5792e+00 +3.7536e+00
2429 +4.429810247e-06 +4.429810247e-06 +2.731500044e+02 +2.731500044e+02 -3.5792e+00 +3.7536e+00
2530 +3.147318012e-06 +3.147318012e-06 +2.731500031e+02 +2.731500031e+02 -3.5792e+00 +3.7536e+00
2745 +2.933900532e-06 +2.933900532e-06 +2.731500029e+02 +2.731500029e+02 -3.5792e+00 +3.7536e+00
2815 +2.308720923e-06 +2.308720923e-06 +2.731500023e+02 +2.731500023e+02 -3.5792e+00 +3.7536e+00
2875 +7.307900205e-07 +7.307900205e-07 +2.731500007e+02 +2.731500007e+02 -3.5792e+00 +3.7536e+00
2995 +7.146306871e-07 +7.146306871e-07 +2.731500007e+02 +2.731500007e+02 -3.5792e+00 +3.7536e+00
3036 +5.148079367e-07 +5.148079367e-07 +2.731500005e+02 +2.731500005e+02 -3.5792e+00 +3.7536e+00
3072 +3.230161951e-07 +3.230161951e-07 +2.731500003e+02 +2.731500003e+02 -3.5792e+00 +3.7536e+00
3190 +1.927876951e-07 +1.927876951e-07 +2.731500002e+02 +2.731500002e+02 -3.5792e+00 +3.7536e+00
3234 +1.959779183e-08 +1.959779183e-08 +2.731500000e+02 +2.731500000e+02 -3.5792e+00 +3.7536e+00
3427 +1.168922381e-08 +1.168922381e-08 +2.731500000e+02 +2.731500000e+02 -3.5792e+00 +3.7536e+00
3432 +5.590266028e-09 +5.590266028e-09 +2.731500000e+02 +2.731500000e+02 -3.5792e+00 +3.7536e+00
% function evaluation | noise-free fitness - Fopt (3.718000000000e+01) | best noise-free fitness - Fopt | measured fitness | best measured fitness | x1 | x2...
1 +1.670141745e+01 +1.670141745e+01 +5.388141745e+01 +5.388141745e+01 +0.0000e+00 +0.0000e+00
3 +1.514502073e+01 +1.514502073e+01 +5.232502073e+01 +5.232502073e+01 -5.4902e-01 -9.5860e-01
7 +9.750012731e+00 +9.750012731e+00 +4.693001273e+01 +4.693001273e+01 -5.3966e-01 -1.0897e+00
% function evaluation | noise-free fitness - Fopt (-1.479000000000e+02) | best noise-free fitness - Fopt | measured fitness | best measured fitness | x1 | x2...
1 +7.591358693e+00 +7.591358693e+00 -1.403086413e+02 -1.403086413e+02 +0.0000e+00 +0.0000e+00
4 +6.806853900e+00 +6.806853900e+00 -1.410931461e+02 -1.410931461e+02 -1.8739e+00 -2.3595e+00
5 +6.436725717e+00 +6.436725717e+00 -1.414632743e+02 -1.414632743e+02 -1.7966e+00 -2.4824e+00
8 +6.302655600e+00 +6.302655600e+00 -1.415973444e+02 -1.415973444e+02 -1.7161e+00 -2.5337e+00
% function evaluation | noise-free fitness - Fopt (-6.080000000000e+00) | best noise-free fitness - Fopt | measured fitness | best measured fitness | x1 | x2...
1 +7.562927462e+00 +7.562927462e+00 +1.482927462e+00 +1.482927462e+00 +0.0000e+00 +0.0000e+00
4 +7.394289746e+00 +7.394289746e+00 +1.314289746e+00 +1.314289746e+00 -2.8199e+00 +1.2852e-01
7 +6.738153242e+00 +6.738153242e+00 +6.581532421e-01 +6.581532421e-01 -2.7685e+00 +4.3006e-02
9 +6.334894795e+00 +6.334894795e+00 +2.548947946e-01 +2.548947946e-01 -2.9940e+00 +1.1065e-01
32 +6.303506801e+00 +6.303506801e+00 +2.235068014e-01 +2.235068014e-01 -2.8067e+00 +7.4957e-02
58 +6.031639681e+00 +6.031639681e+00 -4.836031852e-02 -4.836031852e-02 -2.8952e+00 +5.5309e-01
% function evaluation | noise-free fitness - Fopt (2.431100000000e+02) | best noise-free fitness - Fopt | measured fitness | best measured fitness | x1 | x2...
1 +4.281920477e+00 +4.281920477e+00 +2.473919205e+02 +2.473919205e+02 +0.0000e+00 +0.0000e+00
86 +4.025315347e+00 +4.025315347e+00 +2.471353153e+02 +2.471353153e+02 -9.0591e-01 +5.4374e-01
% function evaluation | noise-free fitness - Fopt (-1.436200000000e+02) | best noise-free fitness - Fopt | measured fitness | best measured fitness | x1 | x2...
1 +4.245397637e+01 +4.245397637e+01 -1.011660236e+02 -1.011660236e+02 +0.0000e+00 +0.0000e+00
3 +2.508212921e+01 +2.508212921e+01 -1.185378708e+02 -1.185378708e+02 -3.3505e-01 -1.3382e+00
4 +1.938192044e+01 +1.938192044e+01 -1.242380796e+02 -1.242380796e+02 -1.5446e-01 -1.3162e+00
7 +1.874955058e+01 +1.874955058e+01 -1.248704494e+02 -1.248704494e+02 -1.6316e-01 -1.3333e+00
25 +1.755004043e+01 +1.755004043e+01 -1.260699596e+02 -1.260699596e+02 +8.5639e-02 -1.2311e+00
30 +1.714576865e+01 +1.714576865e+01 -1.264742313e+02 -1.264742313e+02 +2.8698e-01 -1.2038e+00
41 +1.688146068e+01 +1.688146068e+01 -1.267385393e+02 -1.267385393e+02 -4.1423e-01 -1.5589e+00
% function evaluation | noise-free fitness - Fopt (4.290000000000e+01) | best noise-free fitness - Fopt | measured fitness | best measured fitness | x1 | x2...
1 +7.199994764e-01 +7.199994764e-01 +4.361999948e+01 +4.361999948e+01 +0.0000e+00 +0.0000e+00
% function evaluation | noise-free fitness - Fopt (6.286500000000e+02) | best noise-free fitness - Fopt | measured fitness | best measured fitness | x1 | x2...
1 +9.840151736e+00 +9.840151736e+00 +6.384901517e+02 +6.384901517e+02 +0.0000e+00 +0.0000e+00
% function evaluation | noise-free fitness - Fopt (-7.163000000000e+01) | best noise-free fitness - Fopt | measured fitness | best measured fitness | x1 | x2...
1 +3.434811207e+01 +3.434811207e+01 -3.728188793e+01 -3.728188793e+01 +0.0000e+00 +0.0000e+00
2 +2.175418446e+01 +2.175418446e+01 -4.987581554e+01 -4.987581554e+01 -2.9018e+00 +1.2321e+00
4 +2.008559019e+01 +2.008559019e+01 -5.154440981e+01 -5.154440981e+01 -3.0006e+00 +1.0953e+00
254 +1.816628112e+01 +1.816628112e+01 -5.346371888e+01 -5.346371888e+01 -2.8191e+00 -7.4289e-02
% function evaluation | noise-free fitness - Fopt (1.976000000000e+01) | best noise-free fitness - Fopt | measured fitness | best measured fitness | x1 | x2...
1 +4.064235944e+00 +4.064235944e+00 +2.382423594e+01 +2.382423594e+01 +0.0000e+00 +0.0000e+00
% function evaluation | noise-free fitness - Fopt (6.100000000000e-01) | best noise-free fitness - Fopt | measured fitness | best measured fitness | x1 | x2...
1 +2.274398800e+01 +2.274398800e+01 +2.335398800e+01 +2.335398800e+01 +0.0000e+00 +0.0000e+00
2 +5.120288001e+00 +5.120288001e+00 +5.730288001e+00 +5.730288001e+00 +3.1731e+00 -1.1742e+00
3 +4.415141727e+00 +4.415141727e+00 +5.025141727e+00 +5.025141727e+00 +3.3778e+00 -1.2772e+00
4 +3.996838606e+00 +3.996838606e+00 +4.606838606e+00 +4.606838606e+00 +3.3673e+00 -1.1923e+00
% function evaluation | noise-free fitness - Fopt (-8.634400000000e+02) | best noise-free fitness - Fopt | measured fitness | best measured fitness | x1 | x2...
1 +2.375923469e+01 +2.375923469e+01 -8.396807653e+02 -8.396807653e+02 +0.0000e+00 +0.0000e+00
2 +2.046614739e+01 +2.046614739e+01 -8.429738526e+02 -8.429738526e+02 -3.3592e+00 +2.0902e+00
3 +9.045209118e+00 +9.045209118e+00 -8.543947909e+02 -8.543947909e+02 -3.2250e+00 +1.9890e+00
5 +8.215466092e+00 +8.215466092e+00 -8.552245339e+02 -8.552245339e+02 -3.1639e+00 +2.0161e+00
12 +6.180913228e+00 +6.180913228e+00 -8.572590868e+02 -8.572590868e+02 -3.2286e+00 +1.8989e+00
32 +5.104239879e+00 +5.104239879e+00 -8.583357601e+02 -8.583357601e+02 -3.0495e+00 +1.9445e+00
46 +4.255239727e+00 +4.255239727e+00 -8.591847603e+02 -8.591847603e+02 -3.2470e+00 +9.4648e-01
99 +3.971295498e+00 +3.971295498e+00 -8.594687045e+02 -8.594687045e+02 -2.7092e+00 -4.7775e-03
135 +3.295265378e+00 +3.295265378e+00 -8.601447346e+02 -8.601447346e+02 -3.0923e+00 +1.3852e-01
342 +2.883148878e+00 +2.883148878e+00 -8.605568511e+02 -8.605568511e+02 -3.5257e+00 -1.1892e+00
352 +2.585006759e+00 +2.585006759e+00 -8.608549932e+02 -8.608549932e+02 -3.1780e+00 -5.6029e-01
357 +1.632506612e+00 +1.632506612e+00 -8.618074934e+02 -8.618074934e+02 -3.2876e+00 -1.8053e+00
370 +1.025597866e+00 +1.025597866e+00 -8.624144021e+02 -8.624144021e+02 -3.3915e+00 -2.1638e+00
440 +9.481492508e-01 +9.481492508e-01 -8.624918507e+02 -8.624918507e+02 -3.6988e+00 -2.6038e+00
465 +9.172477469e-02 +9.172477469e-02 -8.633482752e+02 -8.633482752e+02 -3.7836e+00 -2.9050e+00
766 +8.978863264e-02 +8.978863264e-02 -8.633502114e+02 -8.633502114e+02 -3.7858e+00 -2.8294e+00
809 +3.267186469e-02 +3.267186469e-02 -8.634073281e+02 -8.634073281e+02 -3.7763e+00 -2.8404e+00
820 +3.215504045e-02 +3.215504045e-02 -8.634078450e+02 -8.634078450e+02 -3.7997e+00 -2.8942e+00
926 +7.873923092e-03 +7.873923092e-03 -8.634321261e+02 -8.634321261e+02 -3.7861e+00 -2.8614e+00
968 +4.460290403e-03 +4.460290403e-03 -8.634355397e+02 -8.634355397e+02 -3.7889e+00 -2.8614e+00
1166 +3.065063458e-03 +3.065063458e-03 -8.634369349e+02 -8.634369349e+02 -3.7902e+00 -2.8647e+00
1248 +1.031673889e-03 +1.031673889e-03 -8.634389683e+02 -8.634389683e+02 -3.7891e+00 -2.8640e+00
1279 +9.897512948e-04 +9.897512948e-04 -8.634390102e+02 -8.634390102e+02 -3.7892e+00 -2.8639e+00
1576 +4.805042388e-04 +4.805042388e-04 -8.634395195e+02 -8.634395195e+02 -3.7887e+00 -2.8629e+00
1672 +2.949454513e-04 +2.949454513e-04 -8.634397051e+02 -8.634397051e+02 -3.7888e+00 -2.8634e+00
1721 +2.957083666e-05 +2.957083666e-05 -8.634399704e+02 -8.634399704e+02 -3.7888e+00 -2.8632e+00
1960 +2.887047935e-05 +2.887047935e-05 -8.634399711e+02 -8.634399711e+02 -3.7888e+00 -2.8632e+00
2024 +2.878144778e-05 +2.878144778e-05 -8.634399712e+02 -8.634399712e+02 -3.7888e+00 -2.8632e+00
2065 +2.356316338e-05 +2.356316338e-05 -8.634399764e+02 -8.634399764e+02 -3.7888e+00 -2.8632e+00
2261 +1.362484716e-05 +1.362484716e-05 -8.634399864e+02 -8.634399864e+02 -3.7888e+00 -2.8632e+00
% function evaluation | noise-free fitness - Fopt (1.318500000000e+02) | best noise-free fitness - Fopt | measured fitness | best measured fitness | x1 | x2...
1 +2.821426688e-01 +2.821426688e-01 +1.321321427e+02 +1.321321427e+02 +0.0000e+00 +0.0000e+00
