% function evaluation | noise-free fitness - Fopt (7.948000000000e+01) | best noise-free fitness - Fopt | measured fitness | best measured fitness | x1 | x2...
1 +1.926270080e+00 +1.926270080e+00 +8.140627008e+01 +8.140627008e+01 +0.0000e+00 +0.0000e+00 +0.0000e+00
2 +1.618126740e+00 +1.618126740e+00 +8.109812674e+01 +8.109812674e+01 +9.5262e-01 -1.0452e-01 -8.6921e-01
10 +1.562442380e+00 +1.562442380e+00 +8.104244238e+01 +8.104244238e+01 +8.7249e-01 -7.8932e-02 -8.5294e-01
28 +1.428499024e+00 +1.428499024e+00 +8.090849902e+01 +8.090849902e+01 +6.9135e-01 -4.5627e-02 -7.6229e-01
32 +1.391885674e+00 +1.391885674e+00 +8.087188567e+01 +8.087188567e+01 +9.4323e-01 -2.3298e-01 -9.7249e-01
35 +1.048142599e+00 +1.048142599e+00 +8.052814260e+01 +8.052814260e+01 +8.5158e-01 -3.7277e-01 -9.9766e-01
46 +7.738942143e-01 +7.738942143e-01 +8.025389421e+01 +8.025389421e+01 +8.5074e-01 -7.2882e-01 -1.2069e+00
57 +7.099699966e-01 +7.099699966e-01 +8.018997000e+01 +8.018997000e+01 +7.8815e-01 -5.1299e-01 -8.1821e-01
65 +5.608604041e-01 +5.608604041e-01 +8.004086040e+01 +8.004086040e+01 +6.2946e-01 -6.1390e-01 -1.0765e+00
82 +4.449043780e-01 +4.449043780e-01 +7.992490438e+01 +7.992490438e+01 +8.5766e-01 -9.5137e-01 -9.1595e-01
87 +4.168917786e-01 +4.168917786e-01 +7.989689178e+01 +7.989689178e+01 +2.9837e-01 -6.8868e-01 -1.1664e+00
92 +3.714651245e-01 +3.714651245e-01 +7.985146512e+01 +7.985146512e+01 +1.4875e-02 -1.5684e+00 -1.1053e+00
96 +3.057283531e-01 +3.057283531e-01 +7.978572835e+01 +7.978572835e+01 +5.8684e-02 -8.1618e-01 -1.1139e+00
97 +8.926082858e-02 +8.926082858e-02 +7.956926083e+01 +7.956926083e+01 +4.0815e-01 -1.2024e+00 -9.7509e-01
110 +7.493029404e-02 +7.493029404e-02 +7.955493029e+01 +7.955493029e+01 +4.3864e-01 -1.1014e+00 -9.1720e-01
132 +5.555827650e-02 +5.555827650e-02 +7.953555828e+01 +7.953555828e+01 +2.4798e-01 -1.3898e+00 -7.5925e-01
154 +1.236833684e-02 +1.236833684e-02 +7.949236834e+01 +7.949236834e+01 +2.9321e-01 -1.1932e+00 -6.2700e-01
198 +1.117877053e-02 +1.117877053e-02 +7.949117877e+01 +7.949117877e+01 +3.3406e-01 -1.2240e+00 -7.3147e-01
264 +7.080971171e-03 +7.080971171e-03 +7.948708097e+01 +7.948708097e+01 +2.7283e-01 -1.2377e+00 -7.1212e-01
286 +2.200024714e-03 +2.200024714e-03 +7.948220002e+01 +7.948220002e+01 +2.5774e-01 -1.1412e+00 -7.6795e-01
308 +8.236308873e-04 +8.236308873e-04 +7.948082363e+01 +7.948082363e+01 +2.6745e-01 -1.1322e+00 -7.2241e-01
396 +4.448073754e-04 +4.448073754e-04 +7.948044481e+01 +7.948044481e+01 +2.4840e-01 -1.1752e+00 -7.1472e-01
440 +9.915667390e-05 +9.915667390e-05 +7.948009916e+01 +7.948009916e+01 +2.4288e-01 -1.1564e+00 -7.2474e-01
482 +2.008819733e-05 +2.008819733e-05 +7.948002009e+01 +7.948002009e+01 +2.4927e-01 -1.1559e+00 -7.2661e-01
616 +1.335838532e-05 +1.335838532e-05 +7.948001336e+01 +7.948001336e+01 +2.5299e-01 -1.1566e+00 -7.2764e-01
666 +3.570157872e-06 +3.570157872e-06 +7.948000357e+01 +7.948000357e+01 +2.5349e-01 -1.1568e+00 -7.2576e-01
783 +3.359420461e-06 +3.359420461e-06 +7.948000336e+01 +7.948000336e+01 +2.5266e-01 -1.1557e+00 -7.2548e-01
792 +3.060659154e-06 +3.060659154e-06 +7.948000306e+01 +7.948000306e+01 +2.5219e-01 -1.1563e+00 -7.2556e-01
822 +2.888562634e-06 +2.888562634e-06 +7.948000289e+01 +7.948000289e+01 +2.5216e-01 -1.1555e+00 -7.2305e-01
827 +2.791436017e-06 +2.791436017e-06 +7.948000279e+01 +7.948000279e+01 +2.5155e-01 -1.1562e+00 -7.2494e-01
828 +2.699531024e-06 +2.699531024e-06 +7.948000270e+01 +7.948000270e+01 +2.5325e-01 -1.1582e+00 -7.2480e-01
836 +9.452060539e-07 +9.452060539e-07 +7.948000095e+01 +7.948000095e+01 +2.5190e-01 -1.1565e+00 -7.2378e-01
845 +6.779825128e-07 +6.779825128e-07 +7.948000068e+01 +7.948000068e+01 +2.5309e-01 -1.1563e+00 -7.2457e-01
858 +5.360420943e-07 +5.360420943e-07 +7.948000054e+01 +7.948000054e+01 +2.5266e-01 -1.1562e+00 -7.2442e-01
880 +5.768499989e-08 +5.768499989e-08 +7.948000006e+01 +7.948000006e+01 +2.5269e-01 -1.1568e+00 -7.2421e-01
916 +3.016617711e-08 +3.016617711e-08 +7.948000003e+01 +7.948000003e+01 +2.5279e-01 -1.1567e+00 -7.2384e-01
924 +2.929415643e-08 +2.929415643e-08 +7.948000003e+01 +7.948000003e+01 +2.5296e-01 -1.1569e+00 -7.2403e-01
1060 +1.539248728e-08 +1.539248728e-08 +7.948000002e+01 +7.948000002e+01 +2.5279e-01 -1.1568e+00 -7.2412e-01
1075 +9.982485949e-09 +9.982485949e-09 +7.948000001e+01 +7.948000001e+01 +2.5285e-01 -1.1569e+00 -7.2398e-01
% function evaluation | noise-free fitness - Fopt (3.944800000000e+02) | best noise-free fitness - Fopt | measured fitness | best measured fitness | x1 | x2...
1 +3.801018048e+01 +3.801018048e+01 +4.324901805e+02 +4.324901805e+02 +0.0000e+00 +0.0000e+00 +0.0000e+00
90 +3.114170430e+01 +3.114170430e+01 +4.256217043e+02 +4.256217043e+02 +1.4941e+00 -1.8389e+00 -2.8241e+00
115 +2.647569464e+01 +2.647569464e+01 +4.209556946e+02 +4.209556946e+02 +9.2774e-01 -1.2632e+00 -4.5347e+00
128 +1.434209594e+01 +1.434209594e+01 +4.088220959e+02 +4.088220959e+02 -1.9898e+00 -1.7041e+00 -7.5409e-01
142 +9.786047207e+00 +9.786047207e+00 +4.042660472e+02 +4.042660472e+02 -2.5714e+00 -2.2611e+00 -6.5645e+00
154 +8.848855587e+00 +8.848855587e+00 +4.033288556e+02 +4.033288556e+02 -1.0800e+00 -2.3532e+00 -4.5877e+00
170 +7.465053847e+00 +7.465053847e+00 +4.019450538e+02 +4.019450538e+02 -4.9268e+00 -4.4529e-01 -3.1475e+00
176 +3.130266785e+00 +3.130266785e+00 +3.976102668e+02 +3.976102668e+02 -2.1423e+00 -2.6750e+00 -3.7945e+00
198 +1.292262179e+00 +1.292262179e+00 +3.957722622e+02 +3.957722622e+02 -3.5347e+00 -3.8131e+00 -4.3579e+00
220 +8.651808323e-01 +8.651808323e-01 +3.953451808e+02 +3.953451808e+02 -4.2006e+00 -3.2754e+00 -4.5934e+00
249 +2.685984235e-01 +2.685984235e-01 +3.947485984e+02 +3.947485984e+02 -4.3914e+00 -3.0268e+00 -3.8857e+00
264 +1.125074734e-01 +1.125074734e-01 +3.945925075e+02 +3.945925075e+02 -4.1896e+00 -3.0305e+00 -3.7123e+00
352 +1.066679015e-01 +1.066679015e-01 +3.945866679e+02 +3.945866679e+02 -4.0829e+00 -3.1518e+00 -3.8680e+00
359 +9.169684130e-02 +9.169684130e-02 +3.945716968e+02 +3.945716968e+02 -4.1404e+00 -2.8677e+00 -3.9830e+00
374 +1.612108283e-02 +1.612108283e-02 +3.944961211e+02 +3.944961211e+02 -3.8537e+00 -3.0082e+00 -3.8184e+00
440 +1.308850485e-02 +1.308850485e-02 +3.944930885e+02 +3.944930885e+02 -3.8613e+00 -2.8873e+00 -3.9106e+00
469 +5.224885440e-03 +5.224885440e-03 +3.944852249e+02 +3.944852249e+02 -3.8545e+00 -2.8735e+00 -3.8573e+00
506 +3.846417803e-03 +3.846417803e-03 +3.944838464e+02 +3.944838464e+02 -3.8766e+00 -2.9396e+00 -3.7716e+00
550 +2.152424346e-03 +2.152424346e-03 +3.944821524e+02 +3.944821524e+02 -3.8520e+00 -2.8903e+00 -3.8025e+00
594 +1.952449369e-04 +1.952449369e-04 +3.944801952e+02 +3.944801952e+02 -3.8955e+00 -2.8829e+00 -3.7910e+00
660 +1.873614781e-04 +1.873614781e-04 +3.944801874e+02 +3.944801874e+02 -3.8861e+00 -2.8843e+00 -3.8026e+00
673 +4.569161996e-05 +4.569161996e-05 +3.944800457e+02 +3.944800457e+02 -3.9001e+00 -2.8968e+00 -3.8037e+00
686 +3.067374894e-05 +3.067374894e-05 +3.944800307e+02 +3.944800307e+02 -3.8957e+00 -2.8909e+00 -3.7976e+00
792 +2.732048176e-05 +2.732048176e-05 +3.944800273e+02 +3.944800273e+02 -3.9025e+00 -2.8873e+00 -3.8033e+00
814 +3.653905196e-06 +3.653905196e-06 +3.944800037e+02 +3.944800037e+02 -3.8980e+00 -2.8887e+00 -3.8017e+00
896 +9.410553048e-08 +9.410553048e-08 +3.944800001e+02 +3.944800001e+02 -3.8986e+00 -2.8906e+00 -3.8025e+00
1168 +8.813441355e-08 +8.813441355e-08 +3.944800001e+02 +3.944800001e+02 -3.8984e+00 -2.8903e+00 -3.8021e+00
1210 +2.784179287e-08 +2.784179287e-08 +3.944800000e+02 +3.944800000e+02 -3.8984e+00 -2.8905e+00 -3.8023e+00
1254 +1.790760962e-08 +1.790760962e-08 +3.944800000e+02 +3.944800000e+02 -3.8984e+00 -2.8905e+00 -3.8023e+00
1276 +1.670304073e-08 +1.670304073e-08 +3.944800000e+02 +3.944800000e+02 -3.8984e+00 -2.8905e+00 -3.8023e+00
1298 +1.980936304e-09 +1.980936304e-09 +3.944800000e+02 +3.944800000e+02 -3.8984e+00 -2.8904e+00 -3.8024e+00
% function evaluation | noise-free fitness - Fopt (-2.471100000000e+02) | best noise-free fitness - Fopt | measured fitness | best measured fitness | x1 | x2...
1 +1.494689024e+01 +1.494689024e+01 -2.321631098e+02 -2.321631098e+02 +0.0000e+00 +0.0000e+00 +0.0000e+00
2 +4.833056498e+00 +4.833056498e+00 -2.422769435e+02 -2.422769435e+02 -2.1058e+00 -1.1148e+00 -1.1719e+00
3 +3.642725753e+00 +3.642725753e+00 -2.434672742e+02 -2.434672742e+02 -2.3394e+00 -8.0576e-01 -1.3955e+00
5 +3.379568143e+00 +3.379568143e+00 -2.437304319e+02 -2.437304319e+02 -2.4067e+00 -7.7101e-01 -1.3937e+00
26 +2.644526040e+00 +2.644526040e+00 -2.444654740e+02 -2.444654740e+02 -2.6378e+00 -7.6039e-01 -1.2986e+00
28 +1.876182545e+00 +1.876182545e+00 -2.452338175e+02 -2.452338175e+02 -2.8202e+00 -6.6706e-01 -1.0936e+00
50 +6.625918432e-01 +6.625918432e-01 -2.464474082e+02 -2.464474082e+02 -3.2664e+00 -1.2444e-01 -1.2129e+00
55 +5.196062175e-01 +5.196062175e-01 -2.465903938e+02 -2.465903938e+02 -3.7041e+00 -6.5367e-02 -1.3535e+00
88 +2.131678287e-01 +2.131678287e-01 -2.468968322e+02 -2.468968322e+02 -3.8757e+00 +2.3151e-01 -1.1455e+00
137 +3.151734364e-02 +3.151734364e-02 -2.470784827e+02 -2.470784827e+02 -3.6942e+00 +3.4657e-01 -6.8138e-01
198 +1.024434692e-04 +1.024434692e-04 -2.471098976e+02 -2.471098976e+02 -3.7891e+00 +2.0730e-01 -6.9123e-01
616 +9.027507272e-05 +9.027507272e-05 -2.471099097e+02 -2.471099097e+02 -3.7919e+00 +2.0776e-01 -6.8602e-01
638 +5.436920733e-05 +5.436920733e-05 -2.471099456e+02 -2.471099456e+02 -3.7935e+00 +2.0855e-01 -6.8990e-01
698 +2.886374548e-05 +2.886374548e-05 -2.471099711e+02 -2.471099711e+02 -3.7989e+00 +2.0034e-01 -6.9572e-01
726 +1.335138739e-05 +1.335138739e-05 -2.471099866e+02 -2.471099866e+02 -3.7992e+00 +2.0369e-01 -6.9472e-01
792 +4.331775472e-07 +4.331775472e-07 -2.471099996e+02 -2.471099996e+02 -3.7990e+00 +2.0348e-01 -6.9111e-01
1056 +3.280182739e-07 +3.280182739e-07 -2.471099997e+02 -2.471099997e+02 -3.7983e+00 +2.0349e-01 -6.9169e-01
1058 +2.609051819e-07 +2.609051819e-07 -2.471099997e+02 -2.471099997e+02 -3.7988e+00 +2.0340e-01 -6.9136e-01
1078 +1.755277594e-07 +1.755277594e-07 -2.471099998e+02 -2.471099998e+02 -3.7985e+00 +2.0343e-01 -6.9154e-01
1149 +9.570686643e-08 +9.570686643e-08 -2.471099999e+02 -2.471099999e+02 -3.7986e+00 +2.0300e-01 -6.9123e-01
1188 +9.273406931e-09 +9.273406931e-09 -2.471100000e+02 -2.471100000e+02 -3.7984e+00 +2.0311e-01 -6.9116e-01
% function evaluation | noise-free fitness - Fopt (-1.520400000000e+02) | best noise-free fitness - Fopt | measured fitness | best measured fitness | x1 | x2...
1 +1.750322688e+01 +1.750322688e+01 -1.345367731e+02 -1.345367731e+02 +0.0000e+00 +0.0000e+00 +0.0000e+00
143 +1.348012122e+01 +1.348012122e+01 -1.385598788e+02 -1.385598788e+02 -1.3096e+00 -1.8744e+00 -2.6944e+00
153 +1.248721322e+01 +1.248721322e+01 -1.395527868e+02 -1.395527868e+02 -3.2139e+00 -5.1815e-01 -3.7459e+00
176 +1.172688859e+01 +1.172688859e+01 -1.403131114e+02 -1.403131114e+02 -2.2018e+00 -9.2796e-01 -2.3587e+00
190 +7.705252712e+00 +7.705252712e+00 -1.443347473e+02 -1.443347473e+02 +2.9997e-01 -9.2757e-02 -1.6702e+00
194 +1.882797626e+00 +1.882797626e+00 -1.501572024e+02 -1.501572024e+02 -6.8660e-01 +4.2387e-01 -4.7654e+00
217 +1.432044625e+00 +1.432044625e+00 -1.506079554e+02 -1.506079554e+02 -4.1943e-01 +2.6342e-01 -3.6760e+00
285 +1.369449760e+00 +1.369449760e+00 -1.506705502e+02 -1.506705502e+02 -8.5761e-02 +4.4672e-01 -3.3072e+00
307 +1.210826020e+00 +1.210826020e+00 -1.508291740e+02 -1.508291740e+02 +1.4562e-01 +4.2715e-01 -4.1409e+00
330 +8.055315188e-01 +8.055315188e-01 -1.512344685e+02 -1.512344685e+02 -6.2907e-01 +6.3573e-01 -3.6941e+00
335 +6.385265722e-01 +6.385265722e-01 -1.514014734e+02 -1.514014734e+02 -1.0318e+00 +1.1952e+00 -3.9643e+00
352 +3.056092905e-01 +3.056092905e-01 -1.517343907e+02 -1.517343907e+02 -1.6416e-01 +9.2588e-01 -3.7083e+00
374 +1.274698811e-01 +1.274698811e-01 -1.519125301e+02 -1.519125301e+02 -1.7064e-01 +1.1356e+00 -4.1118e+00
384 +1.135702198e-01 +1.135702198e-01 -1.519264298e+02 -1.519264298e+02 -1.6877e-01 +1.3560e+00 -4.2399e+00
399 +7.801456661e-02 +7.801456661e-02 -1.519619854e+02 -1.519619854e+02 -2.4148e-01 +1.6443e+00 -3.7551e+00
484 +5.636707962e-02 +5.636707962e-02 -1.519836329e+02 -1.519836329e+02 -2.8484e-01 +1.2061e+00 -4.0174e+00
506 +1.900396571e-02 +1.900396571e-02 -1.520209960e+02 -1.520209960e+02 -2.1878e-01 +1.3148e+00 -3.9936e+00
594 +1.236839099e-02 +1.236839099e-02 -1.520276316e+02 -1.520276316e+02 -3.2163e-01 +1.3335e+00 -3.8898e+00
619 +3.516511907e-04 +3.516511907e-04 -1.520396483e+02 -1.520396483e+02 -2.5413e-01 +1.4340e+00 -3.9158e+00
814 +2.369238928e-05 +2.369238928e-05 -1.520399763e+02 -1.520399763e+02 -2.7030e-01 +1.4207e+00 -3.9230e+00
851 +2.056997988e-05 +2.056997988e-05 -1.520399794e+02 -1.520399794e+02 -2.7035e-01 +1.4216e+00 -3.9270e+00
880 +1.719157748e-05 +1.719157748e-05 -1.520399828e+02 -1.520399828e+02 -2.6722e-01 +1.4257e+00 -3.9210e+00
902 +1.249760518e-05 +1.249760518e-05 -1.520399875e+02 -1.520399875e+02 -2.6410e-01 +1.4242e+00 -3.9231e+00
946 +5.753539341e-06 +5.753539341e-06 -1.520399942e+02 -1.520399942e+02 -2.6566e-01 +1.4222e+00 -3.9248e+00
965 +1.349450486e-06 +1.349450486e-06 -1.520399987e+02 -1.520399987e+02 -2.6736e-01 +1.4229e+00 -3.9250e+00
1032 +1.317143131e-06 +1.317143131e-06 -1.520399987e+02 -1.520399987e+02 -2.6634e-01 +1.4247e+00 -3.9252e+00
1056 +3.839393798e-07 +3.839393798e-07 -1.520399996e+02 -1.520399996e+02 -2.6699e-01 +1.4239e+00 -3.9254e+00
1078 +7.981043382e-08 +7.981043382e-08 -1.520399999e+02 -1.520399999e+02 -2.6747e-01 +1.4240e+00 -3.9247e+00
1213 +3.916409241e-08 +3.916409241e-08 -1.520400000e+02 -1.520400000e+02 -2.6714e-01 +1.4242e+00 -3.9249e+00
1254 +2.962971735e-08 +2.962971735e-08 -1.520400000e+02 -1.520400000e+02 -2.6723e-01 +1.4241e+00 -3.9247e+00
1276 +2.695173862e-08 +2.695173862e-08 -1.520400000e+02 -1.520400000e+02 -2.6712e-01 +1.4239e+00 -3.9248e+00
1298 +2.352265938e-09 +2.352265938e-09 -1.520400000e+02 -1.520400000e+02 -2.6719e-01 +1.4240e+00 -3.9248e+00
% function evaluation | noise-free fitness - Fopt (-2.525000000000e+01) | best noise-free fitness - Fopt | measured fitness | best measured fitness | x1 | x2...
1 +1.548831296e+01 +1.548831296e+01 -9.761687040e+00 -9.761687040e+00 +0.0000e+00 +0.0000e+00 +0.0000e+00
97 +1.392054483e+01 +1.392054483e+01 -1.132945517e+01 -1.132945517e+01 +3.0778e+00 +2.1513e+00 +1.9450e+00
110 +1.289332899e+01 +1.289332899e+01 -1.235667101e+01 -1.235667101e+01 +2.4114e+00 +2.5842e+00 +1.3438e+00
115 +6.892850645e+00 +6.892850645e+00 -1.835714936e+01 -1.835714936e+01 +1.7311e+00 +1.1550e+00 +3.3216e-01
116 +5.964345571e+00 +5.964345571e+00 -1.928565443e+01 -1.928565443e+01 +4.7812e+00 +2.1179e+00 +1.2911e-01
124 +5.072624865e+00 +5.072624865e+00 -2.017737514e+01 -2.017737514e+01 +4.5542e+00 +1.1969e+00 +5.4662e-01
147 +4.658272895e+00 +4.658272895e+00 -2.059172710e+01 -2.059172710e+01 +2.3013e+00 +2.3468e+00 -1.4890e+00
152 +3.532648919e+00 +3.532648919e+00 -2.171735108e+01 -2.171735108e+01 +2.6302e+00 +2.1130e+00 -8.0502e-01
157 +2.216668111e+00 +2.216668111e+00 -2.303333189e+01 -2.303333189e+01 +5.0023e+00 +1.8662e-01 -1.7203e+00
176 +1.070377705e+00 +1.070377705e+00 -2.417962229e+01 -2.417962229e+01 +3.8553e+00 +1.4963e+00 -9.0117e-01
198 +2.164635812e-01 +2.164635812e-01 -2.503353642e+01 -2.503353642e+01 +3.9388e+00 +9.5604e-01 -1.3305e+00
220 +5.066210713e-02 +5.066210713e-02 -2.519933789e+01 -2.519933789e+01 +3.3948e+00 +5.9322e-01 -1.3954e+00
440 +3.122755458e-02 +3.122755458e-02 -2.521877245e+01 -2.521877245e+01 +3.6497e+00 +6.2784e-01 -1.5946e+00
462 +1.310060736e-02 +1.310060736e-02 -2.523689939e+01 -2.523689939e+01 +3.7034e+00 +6.9734e-01 -1.4579e+00
484 +1.125066533e-02 +1.125066533e-02 -2.523874933e+01 -2.523874933e+01 +3.5542e+00 +7.2246e-01 -1.4242e+00
550 +1.062060655e-02 +1.062060655e-02 -2.523937939e+01 -2.523937939e+01 +3.6162e+00 +6.8989e-01 -1.3343e+00
572 +4.792753075e-03 +4.792753075e-03 -2.524520725e+01 -2.524520725e+01 +3.6627e+00 +6.7855e-01 -1.3975e+00
580 +3.990099709e-03 +3.990099709e-03 -2.524600990e+01 -2.524600990e+01 +3.6537e+00 +6.6077e-01 -1.4639e+00
594 +1.466090219e-03 +1.466090219e-03 -2.524853391e+01 -2.524853391e+01 +3.6259e+00 +6.4914e-01 -1.3878e+00
616 +6.646665566e-04 +6.646665566e-04 -2.524933533e+01 -2.524933533e+01 +3.6317e+00 +6.1903e-01 -1.4318e+00
734 +6.259982316e-04 +6.259982316e-04 -2.524937400e+01 -2.524937400e+01 +3.6017e+00 +6.1526e-01 -1.4134e+00
770 +3.696792501e-04 +3.696792501e-04 -2.524963032e+01 -2.524963032e+01 +3.6082e+00 +6.3254e-01 -1.4036e+00
792 +1.410653175e-04 +1.410653175e-04 -2.524985893e+01 -2.524985893e+01 +3.6079e+00 +6.3536e-01 -1.4117e+00
800 +6.913046546e-05 +6.913046546e-05 -2.524993087e+01 -2.524993087e+01 +3.6129e+00 +6.3344e-01 -1.4136e+00
836 +3.667290641e-05 +3.667290641e-05 -2.524996333e+01 -2.524996333e+01 +3.6116e+00 +6.3138e-01 -1.4254e+00
890 +3.592948616e-05 +3.592948616e-05 -2.524996407e+01 -2.524996407e+01 +3.6192e+00 +6.3177e-01 -1.4208e+00
924 +3.130935549e-05 +3.130935549e-05 -2.524996869e+01 -2.524996869e+01 +3.6110e+00 +6.3538e-01 -1.4260e+00
946 +5.544415007e-06 +5.544415007e-06 -2.524999446e+01 -2.524999446e+01 +3.6126e+00 +6.3504e-01 -1.4201e+00
1034 +3.877421356e-06 +3.877421356e-06 -2.524999612e+01 -2.524999612e+01 +3.6126e+00 +6.3466e-01 -1.4210e+00
1053 +8.643581140e-07 +8.643581140e-07 -2.524999914e+01 -2.524999914e+01 +3.6137e+00 +6.3533e-01 -1.4210e+00
1227 +8.402480098e-07 +8.402480098e-07 -2.524999916e+01 -2.524999916e+01 +3.6147e+00 +6.3494e-01 -1.4224e+00
1263 +6.731550926e-07 +6.731550926e-07 -2.524999933e+01 -2.524999933e+01 +3.6140e+00 +6.3490e-01 -1.4223e+00
1276 +4.714641229e-07 +4.714641229e-07 -2.524999953e+01 -2.524999953e+01 +3.6143e+00 +6.3525e-01 -1.4223e+00
1284 +1.006403245e-07 +1.006403245e-07 -2.524999990e+01 -2.524999990e+01 +3.6143e+00 +6.3520e-01 -1.4213e+00
1371 +3.391938463e-08 +3.391938463e-08 -2.524999997e+01 -2.524999997e+01 +3.6143e+00 +6.3513e-01 -1.4215e+00
1386 +1.886514411e-08 +1.886514411e-08 -2.524999998e+01 -2.524999998e+01 +3.6144e+00 +6.3522e-01 -1.4215e+00
1436 +2.420264877e-09 +2.420264877e-09 -2.525000000e+01 -2.525000000e+01 +3.6144e+00 +6.3522e-01 -1.4216e+00
% function evaluation | noise-free fitness - Fopt (8.790000000000e+01) | best noise-free fitness - Fopt | measured fitness | best measured fitness | x1 | x2...
1 +1.260319488e+01 +1.260319488e+01 +1.005031949e+02 +1.005031949e+02 +0.0000e+00 +0.0000e+00 +0.0000e+00
73 +1.192805139e+01 +1.192805139e+01 +9.982805139e+01 +9.982805139e+01 -1.7163e-02 -2.3835e+00 -8.9948e-01
75 +1.103502846e+01 +1.103502846e+01 +9.893502846e+01 +9.893502846e+01 -2.2953e-01 -2.5796e+00 -9.1929e-01
90 +7.444167120e+00 +7.444167120e+00 +9.534416712e+01 +9.534416712e+01 -1.0068e+00 -2.4540e+00 -1.1511e+00
113 +3.306721470e+00 +3.306721470e+00 +9.120672147e+01 +9.120672147e+01 -1.4650e+00 -1.6359e+00 -3.6909e-01
122 +2.483714037e+00 +2.483714037e+00 +9.038371404e+01 +9.038371404e+01 -1.9097e+00 -1.7502e+00 -6.6566e-01
135 +1.399274546e+00 +1.399274546e+00 +8.929927455e+01 +8.929927455e+01 -2.0314e+00 -1.8970e+00 +1.6025e-01
139 +4.635186146e-01 +4.635186146e-01 +8.836351861e+01 +8.836351861e+01 -2.7765e+00 -2.1226e+00 +4.1068e-01
183 +4.382033783e-01 +4.382033783e-01 +8.833820338e+01 +8.833820338e+01 -2.6347e+00 -1.9018e+00 +3.8965e-02
200 +1.795353243e-01 +1.795353243e-01 +8.807953532e+01 +8.807953532e+01 -3.3910e+00 -1.2749e+00 +4.5624e-01
220 +1.594251352e-01 +1.594251352e-01 +8.805942514e+01 +8.805942514e+01 -3.3378e+00 -1.9430e+00 +2.6722e-01
286 +1.552617896e-01 +1.552617896e-01 +8.805526179e+01 +8.805526179e+01 -3.0987e+00 -1.9174e+00 +4.6651e-01
330 +5.818078984e-02 +5.818078984e-02 +8.795818079e+01 +8.795818079e+01 -3.1438e+00 -1.8202e+00 +3.0371e-01
446 +1.658181421e-02 +1.658181421e-02 +8.791658181e+01 +8.791658181e+01 -3.1745e+00 -1.6410e+00 +3.8480e-01
456 +9.764546853e-03 +9.764546853e-03 +8.790976455e+01 +8.790976455e+01 -3.1324e+00 -1.6411e+00 +1.9857e-01
484 +3.907905195e-03 +3.907905195e-03 +8.790390791e+01 +8.790390791e+01 -3.2211e+00 -1.6070e+00 +2.5282e-01
506 +2.720780046e-03 +2.720780046e-03 +8.790272078e+01 +8.790272078e+01 -3.1932e+00 -1.5903e+00 +2.2635e-01
550 +1.080968270e-04 +1.080968270e-04 +8.790010810e+01 +8.790010810e+01 -3.1693e+00 -1.5822e+00 +2.6041e-01
726 +7.375919266e-05 +7.375919266e-05 +8.790007376e+01 +8.790007376e+01 -3.1719e+00 -1.5867e+00 +2.7539e-01
748 +1.621784284e-05 +1.621784284e-05 +8.790001622e+01 +8.790001622e+01 -3.1704e+00 -1.5827e+00 +2.7072e-01
765 +9.994706872e-06 +9.994706872e-06 +8.790000999e+01 +8.790000999e+01 -3.1686e+00 -1.5803e+00 +2.6950e-01
792 +2.976741911e-07 +2.976741911e-07 +8.790000030e+01 +8.790000030e+01 -3.1660e+00 -1.5827e+00 +2.7044e-01
1056 +2.941375072e-07 +2.941375072e-07 +8.790000029e+01 +8.790000029e+01 -3.1660e+00 -1.5827e+00 +2.7024e-01
1100 +2.648990574e-07 +2.648990574e-07 +8.790000026e+01 +8.790000026e+01 -3.1666e+00 -1.5828e+00 +2.7007e-01
1141 +7.001391111e-08 +7.001391111e-08 +8.790000007e+01 +8.790000007e+01 -3.1662e+00 -1.5824e+00 +2.7028e-01
1188 +1.481740242e-08 +1.481740242e-08 +8.790000001e+01 +8.790000001e+01 -3.1664e+00 -1.5825e+00 +2.7048e-01
1276 +6.817998610e-09 +6.817998610e-09 +8.790000001e+01 +8.790000001e+01 -3.1663e+00 -1.5824e+00 +2.7045e-01
% function evaluation | noise-free fitness - Fopt (2.199800000000e+02) | best noise-free fitness - Fopt | measured fitness | best measured fitness | x1 | x2...
1 +1.523081856e+01 +1.523081856e+01 +2.352108186e+02 +2.352108186e+02 +0.0000e+00 +0.0000e+00 +0.0000e+00
2 +1.035295661e+01 +1.035295661e+01 +2.303329566e+02 +2.303329566e+02 -2.5040e-01 -4.3127e+00 -3.1048e+00
3 +9.173304151e+00 +9.173304151e+00 +2.291533042e+02 +2.291533042e+02 -1.7924e-01 -4.2282e+00 -2.9423e+00
6 +8.968549381e+00 +8.968549381e+00 +2.289485494e+02 +2.289485494e+02 -1.5848e-01 -4.4348e+00 -2.8697e+00
7 +8.563710805e+00 +8.563710805e+00 +2.285437108e+02 +2.285437108e+02 -1.5568e-01 -4.4541e+00 -2.7887e+00
15 +8.453199474e+00 +8.453199474e+00 +2.284331995e+02 +2.284331995e+02 -3.0346e-01 -4.3876e+00 -2.7109e+00
28 +7.905699856e+00 +7.905699856e+00 +2.278856999e+02 +2.278856999e+02 -1.3756e-01 -4.2184e+00 -2.7215e+00
35 +7.343487245e+00 +7.343487245e+00 +2.273234872e+02 +2.273234872e+02 -1.4917e-01 -4.4049e+00 -2.5578e+00
47 +6.408549472e+00 +6.408549472e+00 +2.263885495e+02 +2.263885495e+02 +1.7061e-01 -4.4697e+00 -2.4780e+00
58 +5.351180551e+00 +5.351180551e+00 +2.253311806e+02 +2.253311806e+02 -2.4913e-01 -4.3114e+00 -2.0508e+00
69 +4.336656966e+00 +4.336656966e+00 +2.243166570e+02 +2.243166570e+02 -1.5345e-01 -4.5769e+00 -1.7093e+00
73 +4.260840087e+00 +4.260840087e+00 +2.242408401e+02 +2.242408401e+02 -2.6454e-01 -4.2543e+00 -1.7333e+00
84 +3.514556475e+00 +3.514556475e+00 +2.234945565e+02 +2.234945565e+02 -4.5659e-02 -4.1937e+00 -1.6768e+00
95 +6.958645717e-01 +6.958645717e-01 +2.206758646e+02 +2.206758646e+02 +4.7190e-01 -4.3282e+00 -4.4135e-01
134 +4.218240886e-01 +4.218240886e-01 +2.204018241e+02 +2.204018241e+02 +8.6919e-01 -3.2298e+00 -5.4812e-01
154 +1.370859056e-01 +1.370859056e-01 +2.201170859e+02 +2.201170859e+02 +7.4787e-01 -3.7998e+00 -4.3886e-01
228 +1.234040871e-01 +1.234040871e-01 +2.201034041e+02 +2.201034041e+02 +9.0616e-01 -4.0780e+00 -1.4029e-01
264 +5.362577790e-02 +5.362577790e-02 +2.200336258e+02 +2.200336258e+02 +9.6548e-01 -3.9787e+00 -1.9833e-01
308 +1.145233621e-02 +1.145233621e-02 +2.199914523e+02 +2.199914523e+02 +9.5075e-01 -3.7918e+00 -2.6564e-01
338 +6.317398207e-03 +6.317398207e-03 +2.199863174e+02 +2.199863174e+02 +1.1056e+00 -3.7781e+00 -1.8064e-01
352 +1.924177931e-03 +1.924177931e-03 +2.199819242e+02 +2.199819242e+02 +9.9810e-01 -3.7829e+00 -2.0252e-01
524 +1.053583516e-03 +1.053583516e-03 +2.199810536e+02 +2.199810536e+02 +1.0332e+00 -3.7303e+00 -1.8965e-01
550 +9.525546376e-04 +9.525546376e-04 +2.199809526e+02 +2.199809526e+02 +1.0445e+00 -3.7442e+00 -1.8163e-01
607 +8.799569178e-04 +8.799569178e-04 +2.199808800e+02 +2.199808800e+02 +1.0440e+00 -3.7326e+00 -1.9505e-01
644 +8.507562902e-04 +8.507562902e-04 +2.199808508e+02 +2.199808508e+02 +1.0182e+00 -3.7641e+00 -2.3110e-01
660 +5.917408010e-04 +5.917408010e-04 +2.199805917e+02 +2.199805917e+02 +1.0141e+00 -3.7443e+00 -2.0135e-01
682 +2.569452391e-04 +2.569452391e-04 +2.199802569e+02 +2.199802569e+02 +1.0440e+00 -3.7509e+00 -1.9698e-01
704 +1.315563839e-04 +1.315563839e-04 +2.199801316e+02 +2.199801316e+02 +1.0345e+00 -3.7490e+00 -1.9971e-01
770 +4.880251225e-06 +4.880251225e-06 +2.199800049e+02 +2.199800049e+02 +1.0328e+00 -3.7566e+00 -2.0899e-01
1056 +4.143150448e-06 +4.143150448e-06 +2.199800041e+02 +2.199800041e+02 +1.0328e+00 -3.7593e+00 -2.0804e-01
1061 +2.278258165e-06 +2.278258165e-06 +2.199800023e+02 +2.199800023e+02 +1.0334e+00 -3.7582e+00 -2.0859e-01
1078 +3.934538881e-07 +3.934538881e-07 +2.199800004e+02 +2.199800004e+02 +1.0335e+00 -3.7578e+00 -2.0778e-01
1122 +3.850945518e-08 +3.850945518e-08 +2.199800000e+02 +2.199800000e+02 +1.0335e+00 -3.7578e+00 -2.0723e-01
1225 +2.401202437e-08 +2.401202437e-08 +2.199800000e+02 +2.199800000e+02 +1.0337e+00 -3.7576e+00 -2.0716e-01
1281 +5.452051255e-09 +5.452051255e-09 +2.199800000e+02 +2.199800000e+02 +1.0337e+00 -3.7576e+00 -2.0721e-01
% function evaluation | noise-free fitness - Fopt (-2.784000000000e+01) | best noise-free fitness - Fopt | measured fitness | best measured fitness | x1 | x2...
1 +6.179761280e+00 +6.179761280e+00 -2.166023872e+01 -2.166023872e+01 +0.0000e+00 +0.0000e+00 +0.0000e+00
2 +1.672558055e+00 +1.672558055e+00 -2.616744195e+01 -2.616744195e+01 -5.7968e-01 +3.4908e+00 +1.0248e+00
18 +1.547658170e+00 +1.547658170e+00 -2.629234183e+01 -2.629234183e+01 -4.6923e-01 +3.4595e+00 +1.1401e+00
26 +7.678389695e-01 +7.678389695e-01 -2.707216103e+01 -2.707216103e+01 -1.7093e-01 +3.0943e+00 +1.1634e+00
46 +7.128968485e-01 +7.128968485e-01 -2.712710315e+01 -2.712710315e+01 -1.9672e-01 +3.0697e+00 +1.1155e+00
49 +5.705864972e-01 +5.705864972e-01 -2.726941350e+01 -2.726941350e+01 -4.1311e-01 +2.9747e+00 +1.0070e+00
55 +5.060947499e-01 +5.060947499e-01 -2.733390525e+01 -2.733390525e+01 -4.7798e-01 +2.9047e+00 +1.1841e+00
61 +3.667323889e-01 +3.667323889e-01 -2.747326761e+01 -2.747326761e+01 -5.2600e-01 +2.7613e+00 +1.2252e+00
62 +2.579451894e-01 +2.579451894e-01 -2.758205481e+01 -2.758205481e+01 -4.4000e-01 +2.6432e+00 +1.3113e+00
73 +1.025214916e-01 +1.025214916e-01 -2.773747851e+01 -2.773747851e+01 -4.3901e-01 +2.4564e+00 +8.8838e-01
88 +6.235578288e-02 +6.235578288e-02 -2.777764422e+01 -2.777764422e+01 -4.6590e-01 +2.3987e+00 +1.0988e+00
92 +4.201220319e-02 +4.201220319e-02 -2.779798780e+01 -2.779798780e+01 -4.8281e-01 +2.2341e+00 +1.1097e+00
104 +6.017598177e-03 +6.017598177e-03 -2.783398240e+01 -2.783398240e+01 -2.3960e-01 +2.1767e+00 +1.0871e+00
365 +3.094488770e-03 +3.094488770e-03 -2.783690551e+01 -2.783690551e+01 -2.9077e-01 +2.2278e+00 +1.0017e+00
390 +1.234587009e-03 +1.234587009e-03 -2.783876541e+01 -2.783876541e+01 -2.9353e-01 +2.2501e+00 +1.0280e+00
396 +3.328516678e-04 +3.328516678e-04 -2.783966715e+01 -2.783966715e+01 -2.7468e-01 +2.2288e+00 +1.0716e+00
451 +2.936257068e-04 +2.936257068e-04 -2.783970637e+01 -2.783970637e+01 -2.8962e-01 +2.2297e+00 +1.0405e+00
458 +1.039867949e-04 +1.039867949e-04 -2.783989601e+01 -2.783989601e+01 -2.8985e-01 +2.2302e+00 +1.0655e+00
572 +3.515413204e-05 +3.515413204e-05 -2.783996485e+01 -2.783996485e+01 -2.8380e-01 +2.2371e+00 +1.0540e+00
704 +2.639072638e-05 +2.639072638e-05 -2.783997361e+01 -2.783997361e+01 -2.8027e-01 +2.2316e+00 +1.0544e+00
742 +1.556924796e-05 +1.556924796e-05 -2.783998443e+01 -2.783998443e+01 -2.8393e-01 +2.2284e+00 +1.0554e+00
819 +1.330301243e-05 +1.330301243e-05 -2.783998670e+01 -2.783998670e+01 -2.8300e-01 +2.2352e+00 +1.0564e+00
830 +9.176396816e-06 +9.176396816e-06 -2.783999082e+01 -2.783999082e+01 -2.8479e-01 +2.2290e+00 +1.0563e+00
836 +5.205354288e-06 +5.205354288e-06 -2.783999479e+01 -2.783999479e+01 -2.8256e-01 +2.2318e+00 +1.0572e+00
880 +3.319646098e-06 +3.319646098e-06 -2.783999668e+01 -2.783999668e+01 -2.8445e-01 +2.2302e+00 +1.0568e+00
902 +3.263395925e-06 +3.263395925e-06 -2.783999674e+01 -2.783999674e+01 -2.8588e-01 +2.2316e+00 +1.0554e+00
924 +7.718571240e-07 +7.718571240e-07 -2.783999923e+01 -2.783999923e+01 -2.8425e-01 +2.2317e+00 +1.0574e+00
950 +7.178611625e-07 +7.178611625e-07 -2.783999928e+01 -2.783999928e+01 -2.8484e-01 +2.2315e+00 +1.0561e+00
968 +5.563436005e-07 +5.563436005e-07 -2.783999944e+01 -2.783999944e+01 -2.8476e-01 +2.2327e+00 +1.0570e+00
1012 +3.319078665e-07 +3.319078665e-07 -2.783999967e+01 -2.783999967e+01 -2.8471e-01 +2.2318e+00 +1.0573e+00
1078 +2.535489187e-07 +2.535489187e-07 -2.783999975e+01 -2.783999975e+01 -2.8451e-01 +2.2317e+00 +1.0565e+00
1084 +7.114432776e-08 +7.114432776e-08 -2.783999993e+01 -2.783999993e+01 -2.8467e-01 +2.2321e+00 +1.0566e+00
1122 +2.511674779e-08 +2.511674779e-08 -2.783999997e+01 -2.783999997e+01 -2.8465e-01 +2.2320e+00 +1.0569e+00
1166 +1.824654916e-08 +1.824654916e-08 -2.783999998e+01 -2.783999998e+01 -2.8489e-01 +2.2319e+00 +1.0568e+00
1210 +1.594511545e-08 +1.594511545e-08 -2.783999998e+01 -2.783999998e+01 -2.8486e-01 +2.2319e+00 +1.0567e+00
1217 +6.700911825e-09 +6.700911825e-09 -2.783999999e+01 -2.783999999e+01 -2.8473e-01 +2.2320e+00 +1.0568e+00
% function evaluation | noise-free fitness - Fopt (2.027000000000e+01) | best noise-free fitness - Fopt | measured fitness | best measured fitness | x1 | x2...
1 +2.235283520e+01 +2.235283520e+01 +4.262283520e+01 +4.262283520e+01 +0.0000e+00 +0.0000e+00 +0.0000e+00
70 +2.101919032e+01 +2.101919032e+01 +4.128919032e+01 +4.128919032e+01 +1.8224e+00 +6.6830e-01 +5.9437e-01
73 +1.787126043e+01 +1.787126043e+01 +3.814126043e+01 +3.814126043e+01 +1.5365e+00 +7.5169e-01 +3.3124e-02
93 +1.524320000e+01 +1.524320000e+01 +3.551320000e+01 +3.551320000e+01 +2.9362e+00 -3.1486e+00 -1.1815e-01
95 +1.139816199e+01 +1.139816199e+01 +3.166816199e+01 +3.166816199e+01 +1.6113e+00 +7.6772e-01 -1.0376e+00
96 +1.009235940e+01 +1.009235940e+01 +3.036235940e+01 +3.036235940e+01 +1.6398e+00 +3.4448e-01 -9.9833e-01
106 +9.121368140e+00 +9.121368140e+00 +2.939136814e+01 +2.939136814e+01 +1.9335e+00 +2.2134e-01 -9.7693e-01
109 +5.020094068e+00 +5.020094068e+00 +2.529009407e+01 +2.529009407e+01 +2.1972e+00 +2.4734e-01 -1.8827e+00
119 +2.036845297e+00 +2.036845297e+00 +2.230684530e+01 +2.230684530e+01 +3.5070e+00 -4.3375e-01 -2.2921e+00
132 +1.917978288e+00 +1.917978288e+00 +2.218797829e+01 +2.218797829e+01 +2.4601e+00 -4.6126e-01 -2.3741e+00
143 +1.224718093e+00 +1.224718093e+00 +2.149471809e+01 +2.149471809e+01 +4.0046e+00 -8.3866e-01 -3.0029e+00
146 +3.602223115e-01 +3.602223115e-01 +2.063022231e+01 +2.063022231e+01 +2.6456e+00 -6.6927e-01 -3.5508e+00
176 +1.491871745e-01 +1.491871745e-01 +2.041918717e+01 +2.041918717e+01 +3.1516e+00 -7.6492e-01 -3.3487e+00
206 +1.338873869e-01 +1.338873869e-01 +2.040388739e+01 +2.040388739e+01 +2.9245e+00 -1.4487e+00 -3.3385e+00
285 +8.853920312e-02 +8.853920312e-02 +2.035853920e+01 +2.035853920e+01 +2.9834e+00 -1.1790e+00 -3.1641e+00
286 +2.127292024e-02 +2.127292024e-02 +2.029127292e+01 +2.029127292e+01 +3.0255e+00 -1.2619e+00 -3.4309e+00
358 +1.798162311e-02 +1.798162311e-02 +2.028798162e+01 +2.028798162e+01 +2.9918e+00 -1.2440e+00 -3.4316e+00
374 +1.302904214e-02 +1.302904214e-02 +2.028302904e+01 +2.028302904e+01 +2.9306e+00 -1.1643e+00 -3.4752e+00
424 +5.927724252e-03 +5.927724252e-03 +2.027592772e+01 +2.027592772e+01 +2.9790e+00 -1.1476e+00 -3.4983e+00
484 +1.130665913e-03 +1.130665913e-03 +2.027113067e+01 +2.027113067e+01 +3.0003e+00 -1.1233e+00 -3.4415e+00
512 +9.714374334e-04 +9.714374334e-04 +2.027097144e+01 +2.027097144e+01 +3.0163e+00 -1.0960e+00 -3.4352e+00
616 +8.108507838e-04 +8.108507838e-04 +2.027081085e+01 +2.027081085e+01 +3.0574e+00 -1.1304e+00 -3.4513e+00
630 +7.942295660e-04 +7.942295660e-04 +2.027079423e+01 +2.027079423e+01 +3.0323e+00 -1.1155e+00 -3.4793e+00
638 +2.357286073e-04 +2.357286073e-04 +2.027023573e+01 +2.027023573e+01 +3.0342e+00 -1.1228e+00 -3.4369e+00
660 +6.612381946e-05 +6.612381946e-05 +2.027006612e+01 +2.027006612e+01 +3.0260e+00 -1.1190e+00 -3.4459e+00
682 +5.447524392e-05 +5.447524392e-05 +2.027005448e+01 +2.027005448e+01 +3.0295e+00 -1.1237e+00 -3.4478e+00
726 +2.095623693e-05 +2.095623693e-05 +2.027002096e+01 +2.027002096e+01 +3.0355e+00 -1.1164e+00 -3.4485e+00
792 +2.343285114e-06 +2.343285114e-06 +2.027000234e+01 +2.027000234e+01 +3.0311e+00 -1.1168e+00 -3.4503e+00
961 +1.067740644e-06 +1.067740644e-06 +2.027000107e+01 +2.027000107e+01 +3.0311e+00 -1.1173e+00 -3.4516e+00
968 +2.691953789e-07 +2.691953789e-07 +2.027000027e+01 +2.027000027e+01 +3.0316e+00 -1.1175e+00 -3.4515e+00
1012 +1.146007307e-07 +1.146007307e-07 +2.027000011e+01 +2.027000011e+01 +3.0318e+00 -1.1174e+00 -3.4513e+00
1078 +5.690038307e-08 +5.690038307e-08 +2.027000006e+01 +2.027000006e+01 +3.0318e+00 -1.1175e+00 -3.4514e+00
1216 +5.594308661e-08 +5.594308661e-08 +2.027000006e+01 +2.027000006e+01 +3.0318e+00 -1.1177e+00 -3.4511e+00
1228 +2.280425804e-08 +2.280425804e-08 +2.027000002e+01 +2.027000002e+01 +3.0320e+00 -1.1175e+00 -3.4513e+00
1232 +1.596939470e-08 +1.596939470e-08 +2.027000002e+01 +2.027000002e+01 +3.0319e+00 -1.1176e+00 -3.4512e+00
1386 +1.862581200e-09 +1.862581200e-09 +2.027000000e+01 +2.027000000e+01 +3.0320e+00 -1.1176e+00 -3.4512e+00
% function evaluation | noise-free fitness - Fopt (9.302900000000e+02) | best noise-free fitness - Fopt | measured fitness | best measured fitness | x1 | x2...
1 +1.602589440e+01 +1.602589440e+01 +9.463158944e+02 +9.463158944e+02 +0.0000e+00 +0.0000e+00 +0.0000e+00
46 +1.334693935e+01 +1.334693935e+01 +9.436369393e+02 +9.436369393e+02 -4.5011e+00 +9.1067e-01 -2.4292e+00
70 +1.215029269e+01 +1.215029269e+01 +9.424402927e+02 +9.424402927e+02 -4.2119e+00 +9.8479e-01 -2.3894e+00
77 +1.187120583e+01 +1.187120583e+01 +9.421612058e+02 +9.421612058e+02 -4.4334e+00 +7.0299e-01 -2.5867e+00
79 +9.100202317e+00 +9.100202317e+00 +9.393902023e+02 +9.393902023e+02 -3.1533e+00 +1.1587e+00 -2.1566e+00
90 +5.218573558e+00 +5.218573558e+00 +9.355085736e+02 +9.355085736e+02 -3.3058e+00 +2.5391e-01 -2.7008e+00
100 +4.142989434e+00 +4.142989434e+00 +9.344329894e+02 +9.344329894e+02 -2.5903e+00 +4.3081e-01 -2.5182e+00
106 +2.554961984e+00 +2.554961984e+00 +9.328449620e+02 +9.328449620e+02 -2.9256e+00 -3.1821e-01 -2.9580e+00
118 +9.353453350e-01 +9.353453350e-01 +9.312253453e+02 +9.312253453e+02 -1.0007e+00 -5.7030e-01 -2.9482e+00
176 +8.029323777e-01 +8.029323777e-01 +9.310929324e+02 +9.310929324e+02 -1.3329e+00 -1.5295e+00 -2.7929e+00
198 +4.397767108e-01 +4.397767108e-01 +9.307297767e+02 +9.307297767e+02 -1.4246e+00 -1.4963e+00 -3.0394e+00
219 +4.101225120e-01 +4.101225120e-01 +9.307001225e+02 +9.307001225e+02 -2.2127e+00 -1.0044e+00 -3.7396e+00
220 +1.273358324e-01 +1.273358324e-01 +9.304173358e+02 +9.304173358e+02 -1.7950e+00 -1.3505e+00 -3.3803e+00
239 +1.028106691e-01 +1.028106691e-01 +9.303928107e+02 +9.303928107e+02 -1.8097e+00 -8.6627e-01 -3.3350e+00
242 +2.861202011e-02 +2.861202011e-02 +9.303186120e+02 +9.303186120e+02 -1.5654e+00 -9.4080e-01 -3.6042e+00
398 +1.616460340e-02 +1.616460340e-02 +9.303061646e+02 +9.303061646e+02 -1.6411e+00 -9.5406e-01 -3.4418e+00
418 +1.270928694e-02 +1.270928694e-02 +9.303027093e+02 +9.303027093e+02 -1.7052e+00 -1.1313e+00 -3.5348e+00
484 +1.957949995e-03 +1.957949995e-03 +9.302919579e+02 +9.302919579e+02 -1.6326e+00 -1.0575e+00 -3.5446e+00
550 +5.033278563e-04 +5.033278563e-04 +9.302905033e+02 +9.302905033e+02 -1.6327e+00 -1.0824e+00 -3.5072e+00
572 +4.875818312e-04 +4.875818312e-04 +9.302904876e+02 +9.302904876e+02 -1.6388e+00 -1.0634e+00 -3.5151e+00
616 +1.971717442e-04 +1.971717442e-04 +9.302901972e+02 +9.302901972e+02 -1.6285e+00 -1.0524e+00 -3.5009e+00
673 +1.358755362e-04 +1.358755362e-04 +9.302901359e+02 +9.302901359e+02 -1.6214e+00 -1.0526e+00 -3.5047e+00
685 +1.311040556e-04 +1.311040556e-04 +9.302901311e+02 +9.302901311e+02 -1.6193e+00 -1.0527e+00 -3.5028e+00
726 +3.753348392e-05 +3.753348392e-05 +9.302900375e+02 +9.302900375e+02 -1.6266e+00 -1.0630e+00 -3.5007e+00
792 +3.284197180e-05 +3.284197180e-05 +9.302900328e+02 +9.302900328e+02 -1.6192e+00 -1.0635e+00 -3.4969e+00
836 +2.573118115e-05 +2.573118115e-05 +9.302900257e+02 +9.302900257e+02 -1.6246e+00 -1.0661e+00 -3.4997e+00
858 +1.040443351e-05 +1.040443351e-05 +9.302900104e+02 +9.302900104e+02 -1.6193e+00 -1.0618e+00 -3.5006e+00
968 +5.123223559e-06 +5.123223559e-06 +9.302900051e+02 +9.302900051e+02 -1.6213e+00 -1.0654e+00 -3.5041e+00
990 +1.948626505e-07 +1.948626505e-07 +9.302900002e+02 +9.302900002e+02 -1.6208e+00 -1.0638e+00 -3.5020e+00
1166 +1.527688482e-07 +1.527688482e-07 +9.302900002e+02 +9.302900002e+02 -1.6206e+00 -1.0643e+00 -3.5023e+00
1232 +1.363921456e-07 +1.363921456e-07 +9.302900001e+02 +9.302900001e+02 -1.6208e+00 -1.0637e+00 -3.5027e+00
1320 +7.305243344e-08 +7.305243344e-08 +9.302900001e+02 +9.302900001e+02 -1.6206e+00 -1.0642e+00 -3.5024e+00
1323 +4.492426342e-08 +4.492426342e-08 +9.302900000e+02 +9.302900000e+02 -1.6207e+00 -1.0642e+00 -3.5024e+00
1364 +7.784933587e-09 +7.784933587e-09 +9.302900000e+02 +9.302900000e+02 -1.6208e+00 -1.0640e+00 -3.5025e+00
% function evaluation | noise-free fitness - Fopt (7.786100000000e+02) | best noise-free fitness - Fopt | measured fitness | best measured fitness | x1 | x2...
1 +3.742419584e+01 +3.742419584e+01 +8.160341958e+02 +8.160341958e+02 +0.0000e+00 +0.0000e+00 +0.0000e+00
120 +3.581171718e+01 +3.581171718e+01 +8.144217172e+02 +8.144217172e+02 -3.0886e+00 -1.4506e+00 +2.5884e+00
138 +3.346860974e+01 +3.346860974e+01 +8.120786097e+02 +8.120786097e+02 -2.8155e+00 -7.9823e+00 +1.0260e+00
143 +1.992456059e+01 +1.992456059e+01 +7.985345606e+02 +7.985345606e+02 -3.4576e+00 -5.5095e+00 +1.2556e+00
149 +1.494631607e+01 +1.494631607e+01 +7.935563161e+02 +7.935563161e+02 -2.3555e+00 -4.7764e+00 +5.8378e-01
188 +1.378837997e+01 +1.378837997e+01 +7.923983800e+02 +7.923983800e+02 -3.8624e+00 -1.7136e+00 +2.0245e-01
192 +8.755647866e+00 +8.755647866e+00 +7.873656479e+02 +7.873656479e+02 -5.0168e+00 -5.1289e+00 -4.8435e-01
237 +2.713684364e+00 +2.713684364e+00 +7.813236844e+02 +7.813236844e+02 -5.2794e+00 -4.2151e+00 -2.1777e+00
258 +1.189431558e+00 +1.189431558e+00 +7.797994316e+02 +7.797994316e+02 -4.8485e+00 -4.1620e+00 -2.6609e+00
274 +5.757233800e-01 +5.757233800e-01 +7.791857234e+02 +7.791857234e+02 -3.7483e+00 -3.3508e+00 -3.4504e+00
330 +3.168964395e-01 +3.168964395e-01 +7.789268964e+02 +7.789268964e+02 -3.3848e+00 -3.4933e+00 -2.7502e+00
396 +3.107024575e-01 +3.107024575e-01 +7.789207025e+02 +7.789207025e+02 -3.5975e+00 -3.4455e+00 -2.5149e+00
505 +1.400476822e-01 +1.400476822e-01 +7.787500477e+02 +7.787500477e+02 -4.1786e+00 -3.9534e+00 -2.8148e+00
506 +1.247380209e-01 +1.247380209e-01 +7.787347380e+02 +7.787347380e+02 -3.5320e+00 -3.9626e+00 -2.9716e+00
550 +8.960405959e-03 +8.960405959e-03 +7.786189604e+02 +7.786189604e+02 -3.8093e+00 -3.7907e+00 -2.7697e+00
660 +8.767201442e-03 +8.767201442e-03 +7.786187672e+02 +7.786187672e+02 -3.9034e+00 -3.8184e+00 -2.9190e+00
726 +3.162378145e-03 +3.162378145e-03 +7.786131624e+02 +7.786131624e+02 -3.8672e+00 -3.7867e+00 -2.8904e+00
770 +1.785973863e-03 +1.785973863e-03 +7.786117860e+02 +7.786117860e+02 -3.8559e+00 -3.8196e+00 -2.8223e+00
791 +9.667219647e-04 +9.667219647e-04 +7.786109667e+02 +7.786109667e+02 -3.8571e+00 -3.8349e+00 -2.8645e+00
792 +3.223595393e-04 +3.223595393e-04 +7.786103224e+02 +7.786103224e+02 -3.8485e+00 -3.8237e+00 -2.8630e+00
802 +5.813247344e-05 +5.813247344e-05 +7.786100581e+02 +7.786100581e+02 -3.8261e+00 -3.8151e+00 -2.8608e+00
836 +9.760261491e-06 +9.760261491e-06 +7.786100098e+02 +7.786100098e+02 -3.8335e+00 -3.8142e+00 -2.8592e+00
1107 +8.165830195e-06 +8.165830195e-06 +7.786100082e+02 +7.786100082e+02 -3.8311e+00 -3.8185e+00 -2.8561e+00
1122 +4.583126270e-06 +4.583126270e-06 +7.786100046e+02 +7.786100046e+02 -3.8309e+00 -3.8171e+00 -2.8568e+00
1186 +3.999881869e-06 +3.999881869e-06 +7.786100040e+02 +7.786100040e+02 -3.8334e+00 -3.8169e+00 -2.8595e+00
1210 +1.057308623e-06 +1.057308623e-06 +7.786100011e+02 +7.786100011e+02 -3.8326e+00 -3.8163e+00 -2.8567e+00
1254 +5.437815389e-07 +5.437815389e-07 +7.786100005e+02 +7.786100005e+02 -3.8324e+00 -3.8166e+00 -2.8582e+00
1303 +1.769030860e-07 +1.769030860e-07 +7.786100002e+02 +7.786100002e+02 -3.8327e+00 -3.8167e+00 -2.8580e+00
1342 +1.213942369e-07 +1.213942369e-07 +7.786100001e+02 +7.786100001e+02 -3.8330e+00 -3.8167e+00 -2.8578e+00
1430 +1.191790489e-08 +1.191790489e-08 +7.786100000e+02 +7.786100000e+02 -3.8329e+00 -3.8168e+00 -2.8576e+00
1474 +4.445041668e-09 +4.445041668e-09 +7.786100000e+02 +7.786100000e+02 -3.8328e+00 -3.8168e+00 -2.8575e+00
% function evaluation | noise-free fitness - Fopt (-2.051000000000e+01) | best noise-free fitness - Fopt | measured fitness | best measured fitness | x1 | x2...
1 +2.135115008e+01 +2.135115008e+01 +8.411500800e-01 +8.411500800e-01 +0.0000e+00 +0.0000e+00 +0.0000e+00
2 +1.639230230e+01 +1.639230230e+01 -4.117697699e+00 -4.117697699e+00 +3.6088e-01 +2.4381e+00 +4.0424e+00
3 +1.552170790e+01 +1.552170790e+01 -4.988292101e+00 -4.988292101e+00 +2.3745e-01 +2.3771e+00 +4.0756e+00
16 +1.443769041e+01 +1.443769041e+01 -6.072309585e+00 -6.072309585e+00 +1.4486e-01 +2.2261e+00 +3.9751e+00
31 +1.308037322e+01 +1.308037322e+01 -7.429626779e+00 -7.429626779e+00 -3.4270e-02 +2.1388e+00 +3.9474e+00
46 +1.006558918e+01 +1.006558918e+01 -1.044441082e+01 -1.044441082e+01 -6.0423e-01 +2.4759e+00 +4.0033e+00
74 +3.381056705e+00 +3.381056705e+00 -1.712894329e+01 -1.712894329e+01 -1.6943e+00 +2.3823e+00 +3.1349e+00
91 +1.314807002e+00 +1.314807002e+00 -1.919519300e+01 -1.919519300e+01 -2.3222e+00 +2.2918e+00 +2.7854e+00
110 +7.601561471e-01 +7.601561471e-01 -1.974984385e+01 -1.974984385e+01 -3.2867e+00 +1.9798e+00 +3.4212e+00
132 +5.855936652e-01 +5.855936652e-01 -1.992440633e+01 -1.992440633e+01 -2.8166e+00 +2.0426e+00 +3.0660e+00
154 +3.170348188e-01 +3.170348188e-01 -2.019296518e+01 -2.019296518e+01 -3.8314e+00 +1.7186e+00 +2.8352e+00
171 +1.524375465e-02 +1.524375465e-02 -2.049475625e+01 -2.049475625e+01 -3.4651e+00 +1.8033e+00 +2.5321e+00
352 +2.402046478e-03 +2.402046478e-03 -2.050759795e+01 -2.050759795e+01 -3.3405e+00 +1.9098e+00 +2.5515e+00
484 +2.314071503e-03 +2.314071503e-03 -2.050768593e+01 -2.050768593e+01 -3.3451e+00 +1.8317e+00 +2.5869e+00
506 +8.385619173e-04 +8.385619173e-04 -2.050916144e+01 -2.050916144e+01 -3.3360e+00 +1.8755e+00 +2.5655e+00
660 +4.042900850e-04 +4.042900850e-04 -2.050959571e+01 -2.050959571e+01 -3.3678e+00 +1.8638e+00 +2.5793e+00
704 +9.576079997e-05 +9.576079997e-05 -2.050990424e+01 -2.050990424e+01 -3.3592e+00 +1.8750e+00 +2.5556e+00
752 +6.540031653e-05 +6.540031653e-05 -2.050993460e+01 -2.050993460e+01 -3.3712e+00 +1.8676e+00 +2.5611e+00
792 +2.559084127e-05 +2.559084127e-05 -2.050997441e+01 -2.050997441e+01 -3.3603e+00 +1.8672e+00 +2.5559e+00
838 +2.453352661e-05 +2.453352661e-05 -2.050997547e+01 -2.050997547e+01 -3.3609e+00 +1.8652e+00 +2.5561e+00
886 +1.284070239e-05 +1.284070239e-05 -2.050998716e+01 -2.050998716e+01 -3.3631e+00 +1.8703e+00 +2.5582e+00
896 +3.735227853e-06 +3.735227853e-06 -2.050999626e+01 -2.050999626e+01 -3.3644e+00 +1.8683e+00 +2.5590e+00
902 +1.468170840e-06 +1.468170840e-06 -2.050999853e+01 -2.050999853e+01 -3.3632e+00 +1.8683e+00 +2.5605e+00
1034 +3.193721838e-07 +3.193721838e-07 -2.050999968e+01 -2.050999968e+01 -3.3632e+00 +1.8672e+00 +2.5594e+00
1100 +3.078017485e-07 +3.078017485e-07 -2.050999969e+01 -2.050999969e+01 -3.3637e+00 +1.8673e+00 +2.5603e+00
1142 +2.085218647e-07 +2.085218647e-07 -2.050999979e+01 -2.050999979e+01 -3.3633e+00 +1.8670e+00 +2.5604e+00
1144 +7.881781627e-08 +7.881781627e-08 -2.050999992e+01 -2.050999992e+01 -3.3631e+00 +1.8670e+00 +2.5599e+00
1174 +3.064691967e-08 +3.064691967e-08 -2.050999997e+01 -2.050999997e+01 -3.3630e+00 +1.8672e+00 +2.5600e+00
1344 +1.788247772e-09 +1.788247772e-09 -2.051000000e+01 -2.051000000e+01 -3.3632e+00 +1.8672e+00 +2.5600e+00
% function evaluation | noise-free fitness - Fopt (-1.000000000000e+03) | best noise-free fitness - Fopt | measured fitness | best measured fitness | x1 | x2...
1 +1.951587200e+01 +1.951587200e+01 -9.804841280e+02 -9.804841280e+02 +0.0000e+00 +0.0000e+00 +0.0000e+00
90 +1.423957726e+01 +1.423957726e+01 -9.857604227e+02 -9.857604227e+02 +2.1414e+00 -1.2647e+00 -1.9752e+00
98 +1.186401145e+01 +1.186401145e+01 -9.881359886e+02 -9.881359886e+02 +2.4840e+00 -5.3574e-01 -1.0197e+00
114 +9.284520036e+00 +9.284520036e+00 -9.907154800e+02 -9.907154800e+02 +2.6112e+00 -6.3416e-01 -2.9129e+00
119 +1.809076342e+00 +1.809076342e+00 -9.981909237e+02 -9.981909237e+02 +2.2170e+00 +1.7336e+00 -3.9609e+00
148 +3.375467653e-02 +3.375467653e-02 -9.999662453e+02 -9.999662453e+02 +2.4445e+00 +2.5650e+00 -2.7275e+00
348 +1.412015233e-02 +1.412015233e-02 -9.999858798e+02 -9.999858798e+02 +2.3362e+00 +2.3478e+00 -2.8818e+00
594 +1.155328273e-02 +1.155328273e-02 -9.999884467e+02 -9.999884467e+02 +2.3386e+00 +2.4291e+00 -2.8850e+00
598 +5.020003834e-03 +5.020003834e-03 -9.999949800e+02 -9.999949800e+02 +2.3949e+00 +2.4034e+00 -2.8803e+00
599 +3.444448292e-03 +3.444448292e-03 -9.999965556e+02 -9.999965556e+02 +2.3553e+00 +2.3982e+00 -2.8127e+00
622 +3.294924025e-03 +3.294924025e-03 -9.999967051e+02 -9.999967051e+02 +2.3573e+00 +2.4115e+00 -2.8028e+00
642 +1.888950864e-03 +1.888950864e-03 -9.999981110e+02 -9.999981110e+02 +2.4317e+00 +2.4339e+00 -2.8387e+00
680 +1.775795028e-03 +1.775795028e-03 -9.999982242e+02 -9.999982242e+02 +2.4442e+00 +2.3780e+00 -2.8010e+00
726 +1.091704170e-03 +1.091704170e-03 -9.999989083e+02 -9.999989083e+02 +2.4407e+00 +2.4135e+00 -2.7953e+00
748 +4.482520784e-04 +4.482520784e-04 -9.999995517e+02 -9.999995517e+02 +2.4216e+00 +2.3873e+00 -2.8208e+00
777 +2.491607654e-04 +2.491607654e-04 -9.999997508e+02 -9.999997508e+02 +2.4213e+00 +2.3991e+00 -2.8246e+00
792 +2.170386282e-04 +2.170386282e-04 -9.999997830e+02 -9.999997830e+02 +2.4187e+00 +2.3987e+00 -2.8244e+00
818 +1.236206972e-04 +1.236206972e-04 -9.999998764e+02 -9.999998764e+02 +2.4044e+00 +2.4111e+00 -2.8114e+00
843 +7.245161464e-05 +7.245161464e-05 -9.999999275e+02 -9.999999275e+02 +2.4062e+00 +2.4045e+00 -2.8162e+00
924 +2.661792757e-05 +2.661792757e-05 -9.999999734e+02 -9.999999734e+02 +2.4146e+00 +2.4098e+00 -2.8114e+00
1012 +1.210194796e-05 +1.210194796e-05 -9.999999879e+02 -9.999999879e+02 +2.4122e+00 +2.4018e+00 -2.8111e+00
1056 +3.215737365e-06 +3.215737365e-06 -9.999999968e+02 -9.999999968e+02 +2.4151e+00 +2.4040e+00 -2.8126e+00
1210 +1.957666768e-06 +1.957666768e-06 -9.999999980e+02 -9.999999980e+02 +2.4148e+00 +2.4054e+00 -2.8124e+00
1225 +4.978925290e-07 +4.978925290e-07 -9.999999995e+02 -9.999999995e+02 +2.4129e+00 +2.4049e+00 -2.8119e+00
1252 +1.544912038e-07 +1.544912038e-07 -9.999999998e+02 -9.999999998e+02 +2.4133e+00 +2.4046e+00 -2.8119e+00
1385 +1.000078100e-07 +1.000078100e-07 -9.999999999e+02 -9.999999999e+02 +2.4135e+00 +2.4046e+00 -2.8122e+00
1442 +6.098048289e-08 +6.098048289e-08 -9.999999999e+02 -9.999999999e+02 +2.4136e+00 +2.4046e+00 -2.8119e+00
1457 +5.248944035e-08 +5.248944035e-08 -9.999999999e+02 -9.999999999e+02 +2.4134e+00 +2.4049e+00 -2.8121e+00
1474 +2.442300229e-08 +2.442300229e-08 -1.000000000e+03 -1.000000000e+03 +2.4136e+00 +2.4050e+00 -2.8120e+00
1540 +1.639125458e-08 +1.639125458e-08 -1.000000000e+03 -1.000000000e+03 +2.4135e+00 +2.4048e+00 -2.8120e+00
1562 +9.932023204e-09 +9.932023204e-09 -1.000000000e+03 -1.000000000e+03 +2.4137e+00 +2.4047e+00 -2.8120e+00
% function evaluation | noise-free fitness - Fopt (-1.730800000000e+02) | best noise-free fitness - Fopt | measured fitness | best measured fitness | x1 | x2...
1 +2.759479168e+01 +2.759479168e+01 -1.454852083e+02 -1.454852083e+02 +0.0000e+00 +0.0000e+00 +0.0000e+00
2 +1.839177675e+01 +1.839177675e+01 -1.546882232e+02 -1.546882232e+02 +3.9782e-01 -2.1509e+00 +8.3720e-01
3 +1.623856128e+01 +1.623856128e+01 -1.568414387e+02 -1.568414387e+02 +1.5801e-01 -2.2264e+00 +9.4762e-01
24 +1.580371483e+01 +1.580371483e+01 -1.572762852e+02 -1.572762852e+02 +1.1029e-01 -2.2407e+00 +1.0319e+00
35 +1.458946831e+01 +1.458946831e+01 -1.584905317e+02 -1.584905317e+02 -1.1628e-02 -2.3877e+00 +9.0588e-01
47 +1.414852476e+01 +1.414852476e+01 -1.589314752e+02 -1.589314752e+02 -7.1907e-02 -2.3733e+00 +9.9241e-01
49 +1.251094183e+01 +1.251094183e+01 -1.605690582e+02 -1.605690582e+02 -3.3880e-01 -2.3207e+00 +8.9789e-01
71 +9.450577016e+00 +9.450577016e+00 -1.636294230e+02 -1.636294230e+02 -5.8986e-01 -3.2091e+00 +8.5638e-01
78 +7.819606301e+00 +7.819606301e+00 -1.652603937e+02 -1.652603937e+02 -1.0149e+00 -2.5887e+00 +1.2591e+00
84 +5.096154447e+00 +5.096154447e+00 -1.679838456e+02 -1.679838456e+02 -1.5553e+00 -2.7101e+00 +1.3926e+00
95 +1.262674149e+00 +1.262674149e+00 -1.718173259e+02 -1.718173259e+02 -2.6268e+00 -3.1009e+00 +1.0651e+00
98 +7.563970949e-01 +7.563970949e-01 -1.723236029e+02 -1.723236029e+02 -2.7915e+00 -3.8302e+00 +1.0450e+00
132 +6.139515540e-02 +6.139515540e-02 -1.730186048e+02 -1.730186048e+02 -3.7880e+00 -3.6418e+00 +1.0346e+00
176 +2.790401187e-02 +2.790401187e-02 -1.730520960e+02 -1.730520960e+02 -3.5463e+00 -3.7634e+00 +1.2088e+00
220 +1.843282511e-02 +1.843282511e-02 -1.730615672e+02 -1.730615672e+02 -3.6275e+00 -3.7473e+00 +1.2154e+00
286 +1.751440298e-02 +1.751440298e-02 -1.730624856e+02 -1.730624856e+02 -3.5835e+00 -3.4955e+00 +1.2645e+00
352 +9.566784928e-03 +9.566784928e-03 -1.730704332e+02 -1.730704332e+02 -3.5888e+00 -3.5288e+00 +1.2543e+00
355 +7.090009729e-03 +7.090009729e-03 -1.730729100e+02 -1.730729100e+02 -3.6660e+00 -3.5974e+00 +1.1445e+00
374 +3.934911092e-03 +3.934911092e-03 -1.730760651e+02 -1.730760651e+02 -3.5846e+00 -3.5759e+00 +1.2512e+00
396 +3.837298572e-03 +3.837298572e-03 -1.730761627e+02 -1.730761627e+02 -3.6365e+00 -3.5624e+00 +1.1797e+00
418 +1.992192655e-03 +1.992192655e-03 -1.730780078e+02 -1.730780078e+02 -3.5800e+00 -3.6313e+00 +1.1949e+00
528 +9.391566375e-04 +9.391566375e-04 -1.730790608e+02 -1.730790608e+02 -3.6237e+00 -3.6226e+00 +1.2391e+00
550 +6.132030196e-04 +6.132030196e-04 -1.730793868e+02 -1.730793868e+02 -3.6278e+00 -3.6147e+00 +1.1892e+00
649 +6.724699148e-05 +6.724699148e-05 -1.730799328e+02 -1.730799328e+02 -3.6176e+00 -3.6191e+00 +1.2072e+00
792 +3.474327980e-05 +3.474327980e-05 -1.730799653e+02 -1.730799653e+02 -3.6216e+00 -3.6106e+00 +1.2144e+00
821 +1.270932444e-05 +1.270932444e-05 -1.730799873e+02 -1.730799873e+02 -3.6196e+00 -3.6140e+00 +1.2122e+00
884 +1.127087032e-05 +1.127087032e-05 -1.730799887e+02 -1.730799887e+02 -3.6186e+00 -3.6116e+00 +1.2140e+00
924 +2.273304261e-06 +2.273304261e-06 -1.730799977e+02 -1.730799977e+02 -3.6155e+00 -3.6127e+00 +1.2110e+00
990 +1.459941132e-06 +1.459941132e-06 -1.730799985e+02 -1.730799985e+02 -3.6180e+00 -3.6122e+00 +1.2114e+00
1071 +3.383619287e-07 +3.383619287e-07 -1.730799997e+02 -1.730799997e+02 -3.6171e+00 -3.6121e+00 +1.2107e+00
1100 +1.359619546e-07 +1.359619546e-07 -1.730799999e+02 -1.730799999e+02 -3.6166e+00 -3.6123e+00 +1.2112e+00
1166 +5.751377330e-08 +5.751377330e-08 -1.730799999e+02 -1.730799999e+02 -3.6168e+00 -3.6122e+00 +1.2111e+00
1188 +2.313953473e-08 +2.313953473e-08 -1.730800000e+02 -1.730800000e+02 -3.6167e+00 -3.6121e+00 +1.2112e+00
1210 +1.223855861e-08 +1.223855861e-08 -1.730800000e+02 -1.730800000e+02 -3.6168e+00 -3.6119e+00 +1.2113e+00
1232 +4.293212896e-09 +4.293212896e-09 -1.730800000e+02 -1.730800000e+02 -3.6167e+00 -3.6120e+00 +1.2112e+00
% function evaluation | noise-free fitness - Fopt (5.309000000000e+01) | best noise-free fitness - Fopt | measured fitness | best measured fitness | x1 | x2...
1 +1.511276416e+01 +1.511276416e+01 +6.820276416e+01 +6.820276416e+01 +0.0000e+00 +0.0000e+00 +0.0000e+00
2 +7.577581827e+00 +7.577581827e+00 +6.066758183e+01 +6.066758183e+01 -3.8817e+00 -3.6534e+00 -1.9745e+00
5 +7.203357843e+00 +7.203357843e+00 +6.029335784e+01 +6.029335784e+01 -3.9571e+00 -3.6791e+00 -1.6622e+00
7 +6.472701229e+00 +6.472701229e+00 +5.956270123e+01 +5.956270123e+01 -3.6813e+00 -3.7264e+00 -1.8956e+00
24 +6.396012916e+00 +6.396012916e+00 +5.948601292e+01 +5.948601292e+01 -3.7416e+00 -3.4179e+00 -1.7614e+00
27 +5.900551264e+00 +5.900551264e+00 +5.899055126e+01 +5.899055126e+01 -3.5947e+00 -3.7853e+00 -1.8038e+00
38 +5.682675801e+00 +5.682675801e+00 +5.877267580e+01 +5.877267580e+01 -3.4935e+00 -4.0038e+00 -1.8216e+00
41 +5.464256526e+00 +5.464256526e+00 +5.855425653e+01 +5.855425653e+01 -3.5745e+00 -3.6149e+00 -1.6710e+00
46 +4.396669938e+00 +4.396669938e+00 +5.748666994e+01 +5.748666994e+01 -3.1268e+00 -3.8976e+00 -1.8781e+00
51 +2.312201754e+00 +2.312201754e+00 +5.540220175e+01 +5.540220175e+01 -2.8799e+00 -3.6876e+00 -1.2132e+00
68 +1.787110849e+00 +1.787110849e+00 +5.487711085e+01 +5.487711085e+01 -2.0488e+00 -3.7348e+00 -1.8186e+00
70 +7.969348692e-01 +7.969348692e-01 +5.388693487e+01 +5.388693487e+01 -2.1708e+00 -3.5904e+00 -1.1933e+00
71 +6.281809457e-01 +6.281809457e-01 +5.371818095e+01 +5.371818095e+01 -2.2272e+00 -3.6513e+00 -8.8169e-01
97 +4.461124541e-01 +4.461124541e-01 +5.353611245e+01 +5.353611245e+01 -1.9969e+00 -3.9496e+00 -7.5029e-01
110 +2.850850332e-01 +2.850850332e-01 +5.337508503e+01 +5.337508503e+01 -1.7103e+00 -3.4931e+00 -1.1046e+00
121 +2.680125979e-01 +2.680125979e-01 +5.335801260e+01 +5.335801260e+01 -1.2889e+00 -3.2087e+00 -9.6880e-01
132 +4.181488328e-02 +4.181488328e-02 +5.313181488e+01 +5.313181488e+01 -1.5649e+00 -3.5763e+00 -8.0676e-01
207 +3.649800262e-02 +3.649800262e-02 +5.312649800e+01 +5.312649800e+01 -1.5083e+00 -3.7247e+00 -6.5383e-01
234 +7.816207030e-03 +7.816207030e-03 +5.309781621e+01 +5.309781621e+01 -1.4256e+00 -3.5348e+00 -6.8495e-01
242 +6.670065279e-03 +6.670065279e-03 +5.309667007e+01 +5.309667007e+01 -1.5059e+00 -3.4713e+00 -6.6550e-01
330 +4.913478036e-03 +4.913478036e-03 +5.309491348e+01 +5.309491348e+01 -1.4437e+00 -3.5193e+00 -5.6978e-01
396 +3.204912964e-03 +3.204912964e-03 +5.309320491e+01 +5.309320491e+01 -1.5145e+00 -3.5735e+00 -5.8736e-01
447 +2.811449134e-03 +2.811449134e-03 +5.309281145e+01 +5.309281145e+01 -1.4873e+00 -3.5829e+00 -5.9402e-01
468 +1.582696022e-03 +1.582696022e-03 +5.309158270e+01 +5.309158270e+01 -1.4646e+00 -3.5477e+00 -6.5273e-01
505 +1.488626958e-03 +1.488626958e-03 +5.309148863e+01 +5.309148863e+01 -1.5113e+00 -3.5663e+00 -6.1238e-01
506 +7.843721142e-04 +7.843721142e-04 +5.309078437e+01 +5.309078437e+01 -1.4915e+00 -3.5514e+00 -5.9763e-01
528 +2.734131660e-04 +2.734131660e-04 +5.309027341e+01 +5.309027341e+01 -1.4901e+00 -3.5479e+00 -6.0900e-01
572 +1.692108211e-04 +1.692108211e-04 +5.309016921e+01 +5.309016921e+01 -1.4812e+00 -3.5434e+00 -6.1162e-01
586 +5.661553359e-05 +5.661553359e-05 +5.309005662e+01 +5.309005662e+01 -1.4866e+00 -3.5317e+00 -6.2628e-01
650 +3.532535042e-05 +3.532535042e-05 +5.309003533e+01 +5.309003533e+01 -1.4842e+00 -3.5346e+00 -6.1746e-01
682 +9.401236774e-06 +9.401236774e-06 +5.309000940e+01 +5.309000940e+01 -1.4868e+00 -3.5348e+00 -6.2277e-01
748 +4.191797906e-06 +4.191797906e-06 +5.309000419e+01 +5.309000419e+01 -1.4855e+00 -3.5384e+00 -6.2081e-01
814 +2.817422363e-06 +2.817422363e-06 +5.309000282e+01 +5.309000282e+01 -1.4867e+00 -3.5369e+00 -6.2016e-01
836 +8.427093121e-07 +8.427093121e-07 +5.309000084e+01 +5.309000084e+01 -1.4866e+00 -3.5381e+00 -6.2110e-01
912 +7.398935153e-07 +7.398935153e-07 +5.309000074e+01 +5.309000074e+01 -1.4876e+00 -3.5377e+00 -6.2086e-01
914 +2.276657014e-07 +2.276657014e-07 +5.309000023e+01 +5.309000023e+01 -1.4876e+00 -3.5376e+00 -6.2136e-01
924 +1.778237078e-07 +1.778237078e-07 +5.309000018e+01 +5.309000018e+01 -1.4876e+00 -3.5375e+00 -6.2169e-01
990 +1.259279969e-07 +1.259279969e-07 +5.309000013e+01 +5.309000013e+01 -1.4872e+00 -3.5377e+00 -6.2194e-01
1032 +1.187117959e-08 +1.187117959e-08 +5.309000001e+01 +5.309000001e+01 -1.4873e+00 -3.5376e+00 -6.2169e-01
1210 +9.722533889e-09 +9.722533889e-09 +5.309000001e+01 +5.309000001e+01 -1.4871e+00 -3.5376e+00 -6.2155e-01
