% function evaluation | noise-free fitness - Fopt (-6.211100000000e+02) | best noise-free fitness - Fopt | measured fitness | best measured fitness | x1 | x2...
1 +6.877353523e+06 +6.877353523e+06 +6.876732413e+06 +6.876732413e+06 +0.0000e+00 +0.0000e+00 +0.0000e+00
92 +5.526899286e+06 +5.526899286e+06 +5.526278176e+06 +5.526278176e+06 +2.1430e+00 -6.2774e-01 -1.1431e+00
131 +4.260536180e+06 +4.260536180e+06 +4.259915070e+06 +4.259915070e+06 +1.2397e+00 +5.0048e-01 -1.2156e+00
136 +4.025051852e+06 +4.025051852e+06 +4.024430742e+06 +4.024430742e+06 +1.3785e+00 -2.4790e-01 -5.1017e-01
144 +2.557324711e+06 +2.557324711e+06 +2.556703601e+06 +2.556703601e+06 +9.3953e-01 +9.6815e-01 +4.1336e-01
148 +2.268251969e+06 +2.268251969e+06 +2.267630859e+06 +2.267630859e+06 +2.0083e+00 +7.2336e-01 +4.3408e-01
158 +6.408403278e+05 +6.408403278e+05 +6.402192178e+05 +6.402192178e+05 +7.2613e-01 +1.7440e+00 -5.9210e-01
198 +5.590651486e+05 +5.590651486e+05 +5.584440386e+05 +5.584440386e+05 +1.4766e+00 +1.3100e+00 -7.5329e-01
227 +4.749186745e+05 +4.749186745e+05 +4.742975645e+05 +4.742975645e+05 +5.4414e-01 +3.3427e+00 +3.6826e-01
232 +4.145560060e+05 +4.145560060e+05 +4.139348960e+05 +4.139348960e+05 +2.7157e+00 +5.0169e-01 -4.2135e-01
245 +5.248007668e+04 +5.248007668e+04 +5.185896668e+04 +5.185896668e+04 +1.1037e+00 +2.6308e+00 -5.3144e-01
294 +4.641233883e+04 +4.641233883e+04 +4.579122883e+04 +4.579122883e+04 +1.3863e+00 +2.0654e+00 -3.4352e-01
308 +4.339067113e+04 +4.339067113e+04 +4.276956113e+04 +4.276956113e+04 +1.6755e+00 +2.1762e+00 -6.2367e-01
312 +2.619971752e+04 +2.619971752e+04 +2.557860752e+04 +2.557860752e+04 +1.7765e+00 +2.0054e+00 -6.6190e-01
396 +2.097972988e+03 +2.097972988e+03 +1.476862988e+03 +1.476862988e+03 +1.1075e+00 +2.4290e+00 -4.4317e-01
572 +9.863404196e+02 +9.863404196e+02 +3.652304196e+02 +3.652304196e+02 +1.1877e+00 +2.3216e+00 -4.9230e-01
654 +3.670023397e+02 +3.670023397e+02 -2.541076603e+02 -2.541076603e+02 +1.4038e+00 +2.1257e+00 -5.0191e-01
660 +1.274445945e+02 +1.274445945e+02 -4.936654055e+02 -4.936654055e+02 +1.4127e+00 +2.1445e+00 -5.1857e-01
684 +1.231181280e+02 +1.231181280e+02 -4.979918720e+02 -4.979918720e+02 +1.4923e+00 +2.0662e+00 -5.2329e-01
689 +7.609086700e+01 +7.609086700e+01 -5.450191330e+02 -5.450191330e+02 +1.5446e+00 +2.0379e+00 -5.4018e-01
704 +1.104485925e+01 +1.104485925e+01 -6.100651408e+02 -6.100651408e+02 +1.4558e+00 +2.1059e+00 -5.1769e-01
726 +9.620836112e+00 +9.620836112e+00 -6.114891639e+02 -6.114891639e+02 +1.4265e+00 +2.1294e+00 -5.1333e-01
990 +9.298354587e+00 +9.298354587e+00 -6.118116454e+02 -6.118116454e+02 +1.3952e+00 +2.1526e+00 -5.0743e-01
43736 +9.120026589e+00 +9.120026589e+00 -6.119899734e+02 -6.119899734e+02 +1.3833e+00 +2.1620e+00 -5.0520e-01
% function evaluation | noise-free fitness - Fopt (-2.548200000000e+02) | best noise-free fitness - Fopt | measured fitness | best measured fitness | x1 | x2...
1 +5.028150026e+07 +5.028150026e+07 +5.028124544e+07 +5.028124544e+07 +0.0000e+00 +0.0000e+00 +0.0000e+00
86 +4.457049809e+07 +4.457049809e+07 +4.457024327e+07 +4.457024327e+07 +3.0337e+00 -4.5925e+00 +1.0136e+00
92 +1.968880285e+07 +1.968880285e+07 +1.968854803e+07 +1.968854803e+07 +2.1342e+00 -4.2221e+00 -2.0872e-02
93 +1.105588434e+07 +1.105588434e+07 +1.105562952e+07 +1.105562952e+07 +1.4485e+00 -4.3022e+00 -7.7304e-01
99 +4.491880883e+06 +4.491880883e+06 +4.491626063e+06 +4.491626063e+06 +1.5710e+00 -4.3653e+00 -1.1606e+00
107 +1.728305254e+06 +1.728305254e+06 +1.728050434e+06 +1.728050434e+06 +2.1196e+00 -3.9865e+00 -2.1723e+00
117 +1.654892776e+06 +1.654892776e+06 +1.654637956e+06 +1.654637956e+06 +1.6782e+00 -4.7274e+00 -2.7444e+00
142 +9.437821513e+05 +9.437821513e+05 +9.435273313e+05 +9.435273313e+05 +1.1491e+00 -3.1243e+00 -1.5879e+00
160 +2.080643143e+04 +2.080643143e+04 +2.055161143e+04 +2.055161143e+04 +8.7809e-01 -3.6672e+00 -2.3469e+00
230 +1.230329330e+04 +1.230329330e+04 +1.204847330e+04 +1.204847330e+04 +8.8819e-01 -3.7951e+00 -2.4067e+00
286 +5.644238345e+03 +5.644238345e+03 +5.389418345e+03 +5.389418345e+03 +9.5031e-01 -3.9347e+00 -2.4043e+00
330 +2.284807618e+03 +2.284807618e+03 +2.029987618e+03 +2.029987618e+03 +9.0673e-01 -3.9611e+00 -2.4164e+00
352 +1.975531960e+03 +1.975531960e+03 +1.720711960e+03 +1.720711960e+03 +8.9973e-01 -4.0159e+00 -2.3781e+00
396 +1.359866535e+03 +1.359866535e+03 +1.105046535e+03 +1.105046535e+03 +8.9276e-01 -4.0430e+00 -2.4331e+00
418 +8.081777631e+02 +8.081777631e+02 +5.533577631e+02 +5.533577631e+02 +8.9647e-01 -4.0194e+00 -2.4216e+00
462 +3.233364935e+02 +3.233364935e+02 +6.851649353e+01 +6.851649353e+01 +9.0826e-01 -3.9730e+00 -2.3995e+00
484 +1.343260896e+02 +1.343260896e+02 -1.204939104e+02 -1.204939104e+02 +9.1962e-01 -3.9557e+00 -2.3773e+00
528 +7.961071283e+01 +7.961071283e+01 -1.752092872e+02 -1.752092872e+02 +9.1934e-01 -3.9589e+00 -2.3841e+00
770 +7.769766482e+01 +7.769766482e+01 -1.771223352e+02 -1.771223352e+02 +9.1872e-01 -3.9646e+00 -2.3837e+00
792 +7.494587291e+01 +7.494587291e+01 -1.798741271e+02 -1.798741271e+02 +9.1555e-01 -3.9671e+00 -2.3867e+00
946 +7.410127327e+01 +7.410127327e+01 -1.807187267e+02 -1.807187267e+02 +9.1863e-01 -3.9572e+00 -2.3826e+00
61232 +7.244356821e+01 +7.244356821e+01 -1.823764318e+02 -1.823764318e+02 +9.3777e-01 -3.9007e+00 -2.3623e+00
% function evaluation | noise-free fitness - Fopt (5.661000000000e+01) | best noise-free fitness - Fopt | measured fitness | best measured fitness | x1 | x2...
1 +2.847483922e+08 +2.847483922e+08 +2.847484488e+08 +2.847484488e+08 +0.0000e+00 +0.0000e+00 +0.0000e+00
2 +1.569759392e+08 +1.569759392e+08 +1.569759958e+08 +1.569759958e+08 -2.8872e-01 +1.3053e+00 -2.3758e+00
3 +1.488614131e+08 +1.488614131e+08 +1.488614697e+08 +1.488614697e+08 -2.6725e-01 +1.2171e+00 -2.3843e+00
4 +1.387650790e+08 +1.387650790e+08 +1.387651356e+08 +1.387651356e+08 -2.9562e-01 +1.1769e+00 -2.4548e+00
6 +1.171957576e+08 +1.171957576e+08 +1.171958142e+08 +1.171958142e+08 -4.3950e-01 +1.0126e+00 -2.4719e+00
27 +1.133683468e+08 +1.133683468e+08 +1.133684034e+08 +1.133684034e+08 -5.9554e-01 +1.0695e+00 -2.4938e+00
29 +1.107745179e+08 +1.107745179e+08 +1.107745745e+08 +1.107745745e+08 -5.0854e-01 +9.9725e-01 -2.5115e+00
32 +1.004680706e+08 +1.004680706e+08 +1.004681272e+08 +1.004681272e+08 -7.3637e-01 +1.1164e+00 -2.6878e+00
49 +8.734956130e+07 +8.734956130e+07 +8.734961791e+07 +8.734961791e+07 -5.1075e-01 +8.2641e-01 -2.7879e+00
60 +8.280075096e+07 +8.280075096e+07 +8.280080757e+07 +8.280080757e+07 -9.7902e-01 +8.3663e-01 -2.5107e+00
69 +6.545939534e+07 +6.545939534e+07 +6.545945195e+07 +6.545945195e+07 -9.7672e-01 +6.6549e-01 -2.7281e+00
76 +6.032737545e+07 +6.032737545e+07 +6.032743206e+07 +6.032743206e+07 -8.4152e-01 +5.3279e-01 -2.8419e+00
92 +4.615706107e+07 +4.615706107e+07 +4.615711768e+07 +4.615711768e+07 -8.8483e-01 +1.7974e-01 -2.8655e+00
98 +4.047690352e+07 +4.047690352e+07 +4.047696013e+07 +4.047696013e+07 -5.8070e-01 -2.6274e-02 -3.4900e+00
117 +2.517684613e+07 +2.517684613e+07 +2.517690274e+07 +2.517690274e+07 -2.4338e+00 +8.5506e-02 -2.5562e+00
123 +7.835181117e+06 +7.835181117e+06 +7.835237727e+06 +7.835237727e+06 -1.8475e+00 -9.8871e-01 -3.5330e+00
135 +5.619792914e+06 +5.619792914e+06 +5.619849524e+06 +5.619849524e+06 -3.7192e+00 -9.7677e-01 -2.4377e+00
144 +4.372096370e+06 +4.372096370e+06 +4.372152980e+06 +4.372152980e+06 -3.3298e+00 -4.8928e-01 -3.3825e+00
159 +3.855505686e+06 +3.855505686e+06 +3.855562296e+06 +3.855562296e+06 -6.6836e+00 -1.8467e+00 -4.4623e+00
161 +1.337144009e+06 +1.337144009e+06 +1.337200619e+06 +1.337200619e+06 -5.5067e+00 -4.0258e-01 -3.7272e+00
166 +8.541207161e+05 +8.541207161e+05 +8.541773261e+05 +8.541773261e+05 -3.6243e+00 -3.3605e+00 -4.6779e+00
194 +6.443131549e+05 +6.443131549e+05 +6.443697649e+05 +6.443697649e+05 -2.5679e+00 -3.2837e+00 -3.7116e+00
204 +5.536531287e+05 +5.536531287e+05 +5.537097387e+05 +5.537097387e+05 -4.2845e+00 -2.3792e+00 -2.9699e+00
227 +5.044204274e+05 +5.044204274e+05 +5.044770374e+05 +5.044770374e+05 -1.2414e+00 -4.8660e+00 -6.1856e+00
232 +4.607115668e+05 +4.607115668e+05 +4.607681768e+05 +4.607681768e+05 -6.9088e+00 -6.3861e-01 -3.4654e+00
286 +1.750034558e+05 +1.750034558e+05 +1.750600658e+05 +1.750600658e+05 -3.3481e+00 -2.5705e+00 -4.5598e+00
323 +1.624472819e+05 +1.624472819e+05 +1.625038919e+05 +1.625038919e+05 -2.6432e+00 -2.5824e+00 -4.4048e+00
327 +1.040183188e+05 +1.040183188e+05 +1.040749288e+05 +1.040749288e+05 -2.7731e+00 -3.2697e+00 -4.3640e+00
330 +5.875090011e+04 +5.875090011e+04 +5.880751011e+04 +5.880751011e+04 -2.7312e+00 -3.1360e+00 -4.6695e+00
352 +8.241192777e+03 +8.241192777e+03 +8.297802777e+03 +8.297802777e+03 -2.5208e+00 -3.1447e+00 -4.6528e+00
423 +6.549366021e+03 +6.549366021e+03 +6.605976021e+03 +6.605976021e+03 -3.0195e+00 -2.8357e+00 -4.2566e+00
433 +1.243240175e+03 +1.243240175e+03 +1.299850175e+03 +1.299850175e+03 -1.8098e+00 -3.7795e+00 -5.0367e+00
524 +1.202810594e+03 +1.202810594e+03 +1.259420594e+03 +1.259420594e+03 -2.4748e+00 -3.1393e+00 -4.5462e+00
541 +9.347229012e+02 +9.347229012e+02 +9.913329012e+02 +9.913329012e+02 -2.8154e+00 -2.9034e+00 -4.3491e+00
601 +2.834029242e+01 +2.834029242e+01 +8.495029242e+01 +8.495029242e+01 -2.6833e+00 -2.9992e+00 -4.4510e+00
902 +6.631274520e+00 +6.631274520e+00 +6.324127452e+01 +6.324127452e+01 -2.8547e+00 -2.8662e+00 -4.3551e+00
980 +3.218291035e+00 +3.218291035e+00 +5.982829104e+01 +5.982829104e+01 -2.8125e+00 -2.8952e+00 -4.3806e+00
1122 +3.140720998e+00 +3.140720998e+00 +5.975072100e+01 +5.975072100e+01 -2.8185e+00 -2.8931e+00 -4.3768e+00
1168 +2.785728032e+00 +2.785728032e+00 +5.939572803e+01 +5.939572803e+01 -2.8254e+00 -2.8871e+00 -4.3748e+00
1242 +2.694540833e+00 +2.694540833e+00 +5.930454083e+01 +5.930454083e+01 -2.8172e+00 -2.8933e+00 -4.3772e+00
1276 +1.905060671e+00 +1.905060671e+00 +5.851506067e+01 +5.851506067e+01 -2.8191e+00 -2.8914e+00 -4.3766e+00
1339 +1.784741029e+00 +1.784741029e+00 +5.839474103e+01 +5.839474103e+01 -2.8208e+00 -2.8900e+00 -4.3763e+00
1364 +1.728166732e+00 +1.728166732e+00 +5.833816673e+01 +5.833816673e+01 -2.8198e+00 -2.8914e+00 -4.3767e+00
1371 +1.656431748e+00 +1.656431748e+00 +5.826643175e+01 +5.826643175e+01 -2.8199e+00 -2.8911e+00 -4.3767e+00
% function evaluation | noise-free fitness - Fopt (-1.810000000000e+01) | best noise-free fitness - Fopt | measured fitness | best measured fitness | x1 | x2...
1 +1.616251011e+07 +1.616251011e+07 +1.616249201e+07 +1.616249201e+07 +0.0000e+00 +0.0000e+00 +0.0000e+00
68 +8.651134969e+06 +8.651134969e+06 +8.651116869e+06 +8.651116869e+06 -3.0886e+00 -1.3136e+00 +1.1634e+00
95 +4.408543263e+06 +4.408543263e+06 +4.408525163e+06 +4.408525163e+06 -3.3140e+00 -1.0164e+00 +1.7950e+00
103 +4.224106356e+06 +4.224106356e+06 +4.224088256e+06 +4.224088256e+06 -3.0197e+00 +1.6781e-01 +1.7344e+00
113 +1.079182187e+06 +1.079182187e+06 +1.079164087e+06 +1.079164087e+06 -2.4256e+00 -6.1106e-01 +2.6193e+00
127 +9.253111069e+05 +9.253111069e+05 +9.252930069e+05 +9.252930069e+05 -2.6105e+00 +1.8227e-01 +2.7244e+00
143 +7.966008886e+04 +7.966008886e+04 +7.964198886e+04 +7.964198886e+04 -3.3216e+00 -4.4451e-01 +3.8246e+00
259 +2.608539386e+04 +2.608539386e+04 +2.606729386e+04 +2.606729386e+04 -3.0239e+00 -5.0506e-01 +3.7462e+00
323 +1.466883103e+04 +1.466883103e+04 +1.465073103e+04 +1.465073103e+04 -2.2301e+00 -2.1431e-01 +3.6998e+00
374 +4.338569371e+03 +4.338569371e+03 +4.320469371e+03 +4.320469371e+03 -2.0061e+00 -6.9539e-02 +3.4555e+00
440 +3.476184688e+03 +3.476184688e+03 +3.458084688e+03 +3.458084688e+03 -2.1417e+00 -3.1418e-02 +3.4968e+00
480 +2.363769812e+02 +2.363769812e+02 +2.182769812e+02 +2.182769812e+02 -2.2275e+00 -1.2125e-01 +3.5971e+00
572 +1.733342244e+02 +1.733342244e+02 +1.552342244e+02 +1.552342244e+02 -2.1901e+00 -1.2196e-01 +3.5726e+00
594 +8.446510549e+01 +8.446510549e+01 +6.636510549e+01 +6.636510549e+01 -2.1952e+00 -1.0201e-01 +3.5733e+00
612 +3.453750130e+01 +3.453750130e+01 +1.643750130e+01 +1.643750130e+01 -2.2616e+00 -1.5108e-01 +3.6001e+00
682 +9.553027478e+00 +9.553027478e+00 -8.546972522e+00 -8.546972522e+00 -2.2077e+00 -1.1916e-01 +3.5735e+00
723 +4.820420666e+00 +4.820420666e+00 -1.327957933e+01 -1.327957933e+01 -2.2173e+00 -1.2197e-01 +3.5774e+00
880 +3.681931884e+00 +3.681931884e+00 -1.441806812e+01 -1.441806812e+01 -2.1723e+00 -9.8306e-02 +3.5598e+00
1034 +3.547068985e+00 +3.547068985e+00 -1.455293102e+01 -1.455293102e+01 -2.1638e+00 -9.4022e-02 +3.5559e+00
28918 +3.467352078e+00 +3.467352078e+00 -1.463264792e+01 -1.463264792e+01 -2.1575e+00 -9.0481e-02 +3.5531e+00
% function evaluation | noise-free fitness - Fopt (3.777000000000e+01) | best noise-free fitness - Fopt | measured fitness | best measured fitness | x1 | x2...
1 +6.756700038e+06 +6.756700038e+06 +6.756737808e+06 +6.756737808e+06 +0.0000e+00 +0.0000e+00 +0.0000e+00
116 +6.399936730e+06 +6.399936730e+06 +6.399974500e+06 +6.399974500e+06 +1.3232e+00 +4.9903e+00 +1.7461e+00
130 +5.373647463e+06 +5.373647463e+06 +5.373685233e+06 +5.373685233e+06 +1.4095e+00 +1.2949e+00 +7.0728e-01
131 +2.811034544e+06 +2.811034544e+06 +2.811072314e+06 +2.811072314e+06 +1.6522e+00 +2.4127e+00 +8.4340e-01
135 +4.082309242e+05 +4.082309242e+05 +4.082686942e+05 +4.082686942e+05 +7.0687e-02 +2.4816e+00 +6.9828e-01
154 +1.224003325e+05 +1.224003325e+05 +1.224381025e+05 +1.224381025e+05 +1.2780e+00 +3.5862e+00 -1.3492e-01
286 +4.537970304e+04 +4.537970304e+04 +4.541747304e+04 +4.541747304e+04 +1.3472e+00 +4.1255e+00 -4.9314e-01
374 +2.557453379e+03 +2.557453379e+03 +2.595223379e+03 +2.595223379e+03 +6.1589e-01 +3.2432e+00 -2.1396e-01
594 +8.571977302e+02 +8.571977302e+02 +8.949677302e+02 +8.949677302e+02 -2.6669e-01 +2.6433e+00 +1.8305e-01
704 +6.981289810e+02 +6.981289810e+02 +7.358989810e+02 +7.358989810e+02 -3.5407e-01 +2.5567e+00 +2.3071e-01
716 +1.632962930e+01 +1.632962930e+01 +5.409962930e+01 +5.409962930e+01 -3.8700e-01 +2.5167e+00 +2.2187e-01
814 +5.962304377e+00 +5.962304377e+00 +4.373230438e+01 +4.373230438e+01 -3.8838e-01 +2.5214e+00 +2.1814e-01
1046 +7.737477526e-01 +7.737477526e-01 +3.854374775e+01 +3.854374775e+01 -4.4388e-01 +2.4778e+00 +2.4474e-01
1056 +6.614593200e-01 +6.614593200e-01 +3.843145932e+01 +3.843145932e+01 -4.4634e-01 +2.4756e+00 +2.4590e-01
1188 +4.763477712e-01 +4.763477712e-01 +3.824634777e+01 +3.824634777e+01 -4.7209e-01 +2.4551e+00 +2.5678e-01
34556 +4.677336439e-01 +4.677336439e-01 +3.823773364e+01 +3.823773364e+01 -4.6880e-01 +2.4578e+00 +2.5530e-01
% function evaluation | noise-free fitness - Fopt (6.054000000000e+01) | best noise-free fitness - Fopt | measured fitness | best measured fitness | x1 | x2...
1 +1.175711059e+07 +1.175711059e+07 +1.175717113e+07 +1.175717113e+07 +0.0000e+00 +0.0000e+00 +0.0000e+00
78 +1.090982903e+07 +1.090982903e+07 +1.090988957e+07 +1.090988957e+07 +1.1915e+00 +2.3519e+00 -2.9873e-01
92 +7.606114864e+06 +7.606114864e+06 +7.606175404e+06 +7.606175404e+06 +1.6028e+00 +1.8840e+00 -3.6671e-01
93 +6.840071974e+06 +6.840071974e+06 +6.840132514e+06 +6.840132514e+06 +3.7868e+00 +2.1313e+00 -1.7297e+00
94 +2.921198342e+06 +2.921198342e+06 +2.921258882e+06 +2.921258882e+06 +2.6596e+00 +1.5070e+00 -1.1496e+00
117 +5.748515068e+05 +5.748515068e+05 +5.749120468e+05 +5.749120468e+05 +6.7564e-01 +1.1559e+00 -3.3075e+00
176 +1.275950094e+05 +1.275950094e+05 +1.276555494e+05 +1.276555494e+05 +3.5217e+00 -5.9132e-01 -1.4760e+00
259 +8.923501588e+04 +8.923501588e+04 +8.929555588e+04 +8.929555588e+04 +4.9146e+00 -1.0673e+00 -5.4624e-02
264 +7.953260489e+04 +7.953260489e+04 +7.959314489e+04 +7.959314489e+04 +4.4109e+00 -9.3295e-01 -1.5781e-01
288 +4.454890519e+04 +4.454890519e+04 +4.460944519e+04 +4.460944519e+04 +4.1703e+00 -4.7014e-01 -9.1608e-01
289 +3.823251848e+04 +3.823251848e+04 +3.829305848e+04 +3.829305848e+04 +4.0617e+00 -5.8365e-01 -9.4498e-01
300 +2.645423149e+04 +2.645423149e+04 +2.651477149e+04 +2.651477149e+04 +5.1233e+00 -9.2221e-01 +1.4862e-01
308 +1.211285188e+04 +1.211285188e+04 +1.217339188e+04 +1.217339188e+04 +4.6380e+00 -6.7461e-01 -2.8270e-01
398 +6.585172525e+03 +6.585172525e+03 +6.645712525e+03 +6.645712525e+03 +3.7035e+00 -4.4368e-01 -1.0462e+00
418 +3.713309383e+03 +3.713309383e+03 +3.773849383e+03 +3.773849383e+03 +3.2854e+00 -2.4173e-01 -1.5653e+00
425 +2.356081682e+03 +2.356081682e+03 +2.416621682e+03 +2.416621682e+03 +2.9851e+00 -1.1316e-01 -1.8663e+00
462 +2.135162077e+03 +2.135162077e+03 +2.195702077e+03 +2.195702077e+03 +2.9718e+00 -8.2261e-02 -1.9095e+00
616 +5.597609491e+02 +5.597609491e+02 +6.203009491e+02 +6.203009491e+02 +2.7008e+00 +4.3377e-02 -2.1034e+00
690 +1.935051481e+01 +1.935051481e+01 +7.989051481e+01 +7.989051481e+01 +2.3147e+00 +1.9952e-01 -2.5339e+00
972 +9.086804811e+00 +9.086804811e+00 +6.962680481e+01 +6.962680481e+01 +2.2882e+00 +2.0844e-01 -2.5662e+00
1084 +4.460969764e+00 +4.460969764e+00 +6.500096976e+01 +6.500096976e+01 +2.3375e+00 +1.8603e-01 -2.5132e+00
1100 +4.222606139e+00 +4.222606139e+00 +6.476260614e+01 +6.476260614e+01 +2.3174e+00 +1.9548e-01 -2.5344e+00
1188 +3.367366552e+00 +3.367366552e+00 +6.390736655e+01 +6.390736655e+01 +2.3178e+00 +1.9386e-01 -2.5321e+00
1276 +3.079370668e+00 +3.079370668e+00 +6.361937067e+01 +6.361937067e+01 +2.3195e+00 +1.9390e-01 -2.5300e+00
1320 +2.970766288e+00 +2.970766288e+00 +6.351076629e+01 +6.351076629e+01 +2.3197e+00 +1.9419e-01 -2.5305e+00
1350 +2.921939456e+00 +2.921939456e+00 +6.346193946e+01 +6.346193946e+01 +2.3181e+00 +1.9421e-01 -2.5319e+00
1364 +2.875594382e+00 +2.875594382e+00 +6.341559438e+01 +6.341559438e+01 +2.3187e+00 +1.9415e-01 -2.5315e+00
44311 +2.818346848e+00 +2.818346848e+00 +6.335834685e+01 +6.335834685e+01 +2.3099e+00 +1.9774e-01 -2.5406e+00
% function evaluation | noise-free fitness - Fopt (7.079600000000e+02) | best noise-free fitness - Fopt | measured fitness | best measured fitness | x1 | x2...
1 +7.447208617e+06 +7.447208617e+06 +7.447916577e+06 +7.447916577e+06 +0.0000e+00 +0.0000e+00 +0.0000e+00
4 +4.990015209e+06 +4.990015209e+06 +4.990723169e+06 +4.990723169e+06 +2.7564e-01 +5.5061e-02 +1.2159e+00
26 +3.611060971e+06 +3.611060971e+06 +3.611768931e+06 +3.611768931e+06 +2.0821e-02 +2.4751e-01 +1.2904e+00
35 +2.842445053e+06 +2.842445053e+06 +2.843153013e+06 +2.843153013e+06 -1.3473e-01 +2.3571e-01 +1.2818e+00
41 +2.537503700e+06 +2.537503700e+06 +2.538211660e+06 +2.538211660e+06 -5.8462e-02 +7.6928e-02 +1.5239e+00
46 +5.622700747e+05 +5.622700747e+05 +5.629780347e+05 +5.629780347e+05 -1.2088e+00 +4.2724e-01 +1.3852e+00
50 +1.795593152e+05 +1.795593152e+05 +1.802672752e+05 +1.802672752e+05 -9.0283e-01 -8.0676e-02 +1.8788e+00
71 +2.888984913e+04 +2.888984913e+04 +2.959780913e+04 +2.959780913e+04 -1.2706e+00 -6.8134e-01 +2.0359e+00
114 +1.305127343e+04 +1.305127343e+04 +1.375923343e+04 +1.375923343e+04 -1.3687e+00 +6.4489e-02 +2.1907e+00
154 +1.220412575e+04 +1.220412575e+04 +1.291208575e+04 +1.291208575e+04 -1.0588e+00 -6.2574e-01 +1.8548e+00
212 +4.289364084e+03 +4.289364084e+03 +4.997324084e+03 +4.997324084e+03 -9.5123e-01 -1.0155e+00 +1.7905e+00
293 +1.980692637e+03 +1.980692637e+03 +2.688652637e+03 +2.688652637e+03 -1.0135e+00 -7.7199e-01 +1.9577e+00
352 +3.032098275e+01 +3.032098275e+01 +7.382809828e+02 +7.382809828e+02 -1.0970e+00 -6.5374e-01 +1.9524e+00
858 +2.818790602e+01 +2.818790602e+01 +7.361479060e+02 +7.361479060e+02 -1.5153e+00 +3.4429e-01 +2.1066e+00
1119 +1.835345071e+00 +1.835345071e+00 +7.097953451e+02 +7.097953451e+02 -1.6715e+00 +8.4357e-01 +2.1244e+00
1408 +2.490619622e-01 +2.490619622e-01 +7.082090620e+02 +7.082090620e+02 -1.6886e+00 +8.9615e-01 +2.1265e+00
1436 +1.954457487e-01 +1.954457487e-01 +7.081554457e+02 +7.081554457e+02 -1.6843e+00 +8.8316e-01 +2.1261e+00
1657 +9.840086935e-02 +9.840086935e-02 +7.080584009e+02 +7.080584009e+02 -1.6854e+00 +8.8626e-01 +2.1260e+00
1685 +6.683838794e-02 +6.683838794e-02 +7.080268384e+02 +7.080268384e+02 -1.6857e+00 +8.8673e-01 +2.1260e+00
1724 +5.287794984e-02 +5.287794984e-02 +7.080128779e+02 +7.080128779e+02 -1.6893e+00 +8.9746e-01 +2.1268e+00
1870 +4.360324488e-02 +4.360324488e-02 +7.080036032e+02 +7.080036032e+02 -1.6852e+00 +8.8489e-01 +2.1259e+00
8874 +4.265527084e-02 +4.265527084e-02 +7.080026553e+02 +7.080026553e+02 -1.6850e+00 +8.8434e-01 +2.1259e+00
23751 +4.168681029e-02 +4.168681029e-02 +7.080016868e+02 +7.080016868e+02 -1.6843e+00 +8.8210e-01 +2.1258e+00
% function evaluation | noise-free fitness - Fopt (1.118000000000e+01) | best noise-free fitness - Fopt | measured fitness | best measured fitness | x1 | x2...
1 +6.171839111e+06 +6.171839111e+06 +6.171850291e+06 +6.171850291e+06 +0.0000e+00 +0.0000e+00 +0.0000e+00
2 +3.489364882e+06 +3.489364882e+06 +3.489376062e+06 +3.489376062e+06 +6.2182e-01 -2.3433e+00 +2.3351e+00
3 +2.813782180e+06 +2.813782180e+06 +2.813793360e+06 +2.813793360e+06 +4.6401e-01 -2.2361e+00 +2.2901e+00
9 +2.602253473e+06 +2.602253473e+06 +2.602264653e+06 +2.602264653e+06 +4.2328e-01 -2.2707e+00 +2.1682e+00
15 +2.445064098e+06 +2.445064098e+06 +2.445075278e+06 +2.445075278e+06 +4.3717e-01 -2.1630e+00 +2.0711e+00
30 +2.396449936e+06 +2.396449936e+06 +2.396461116e+06 +2.396461116e+06 +2.9937e-01 -2.1965e+00 +2.3573e+00
32 +1.901633160e+06 +1.901633160e+06 +1.901644340e+06 +1.901644340e+06 +2.4449e-01 -2.1156e+00 +2.0921e+00
47 +1.811792941e+06 +1.811792941e+06 +1.811804121e+06 +1.811804121e+06 +6.4003e-02 -2.2411e+00 +2.2916e+00
49 +1.619836691e+06 +1.619836691e+06 +1.619847871e+06 +1.619847871e+06 +1.7256e-01 -1.9828e+00 +2.0964e+00
50 +1.330696004e+06 +1.330696004e+06 +1.330707184e+06 +1.330707184e+06 -4.3153e-02 -2.0878e+00 +2.1881e+00
68 +1.139541348e+06 +1.139541348e+06 +1.139552528e+06 +1.139552528e+06 -8.3872e-02 -2.2096e+00 +1.9300e+00
69 +9.058050226e+05 +9.058050226e+05 +9.058162026e+05 +9.058162026e+05 -3.2159e-01 -2.0991e+00 +2.2066e+00
83 +4.561671728e+05 +4.561671728e+05 +4.561783528e+05 +4.561783528e+05 -7.2817e-01 -1.8364e+00 +2.3312e+00
91 +3.025765616e+05 +3.025765616e+05 +3.025877416e+05 +3.025877416e+05 -1.3683e+00 -1.3501e+00 +2.3342e+00
110 +1.624142530e+05 +1.624142530e+05 +1.624254330e+05 +1.624254330e+05 -8.9471e-01 -1.6838e+00 +2.1585e+00
138 +1.037543271e+05 +1.037543271e+05 +1.037655071e+05 +1.037655071e+05 -8.7803e-01 -3.2196e-01 +2.1478e+00
148 +4.903493467e+04 +4.903493467e+04 +4.904611467e+04 +4.904611467e+04 -8.8967e-01 -1.9409e+00 +1.7263e+00
151 +1.309011496e+04 +1.309011496e+04 +1.310129496e+04 +1.310129496e+04 -8.4212e-01 -1.3285e+00 +1.8729e+00
198 +7.350072088e+03 +7.350072088e+03 +7.361252088e+03 +7.361252088e+03 -8.9806e-01 -7.6051e-01 +2.1595e+00
242 +1.309131851e+03 +1.309131851e+03 +1.320311851e+03 +1.320311851e+03 -9.2559e-01 -9.6374e-01 +2.1794e+00
320 +8.283169761e+02 +8.283169761e+02 +8.394969761e+02 +8.394969761e+02 -8.6583e-01 -8.3138e-01 +2.2003e+00
336 +4.123789194e+01 +4.123789194e+01 +5.241789194e+01 +5.241789194e+01 -8.9902e-01 -8.4385e-01 +2.2160e+00
418 +2.988535759e+01 +2.988535759e+01 +4.106535759e+01 +4.106535759e+01 -9.0112e-01 -8.4693e-01 +2.2102e+00
506 +1.923560518e+01 +1.923560518e+01 +3.041560518e+01 +3.041560518e+01 -8.9427e-01 -8.1986e-01 +2.2273e+00
626 +1.449255108e+01 +1.449255108e+01 +2.567255108e+01 +2.567255108e+01 -8.9274e-01 -8.1992e-01 +2.2231e+00
758 +1.329341930e+01 +1.329341930e+01 +2.447341930e+01 +2.447341930e+01 -8.9189e-01 -8.2285e-01 +2.2230e+00
839 +1.257679474e+01 +1.257679474e+01 +2.375679474e+01 +2.375679474e+01 -8.9401e-01 -8.3071e-01 +2.2177e+00
14129 +1.230264940e+01 +1.230264940e+01 +2.348264940e+01 +2.348264940e+01 -8.9538e-01 -8.3875e-01 +2.2133e+00
54809 +1.202241501e+01 +1.202241501e+01 +2.320241501e+01 +2.320241501e+01 -9.0069e-01 -8.7273e-01 +2.1926e+00
% function evaluation | noise-free fitness - Fopt (1.818000000000e+01) | best noise-free fitness - Fopt | measured fitness | best measured fitness | x1 | x2...
1 +1.474729715e+07 +1.474729715e+07 +1.474731533e+07 +1.474731533e+07 +0.0000e+00 +0.0000e+00 +0.0000e+00
48 +1.213086643e+07 +1.213086643e+07 +1.213088461e+07 +1.213088461e+07 -5.4550e-01 +1.2346e+00 -3.6560e+00
51 +1.172943612e+07 +1.172943612e+07 +1.172945430e+07 +1.172945430e+07 -4.4510e-01 +1.3996e+00 -3.2339e+00
68 +3.449124836e+06 +3.449124836e+06 +3.449143016e+06 +3.449143016e+06 +4.8122e-01 +8.3313e-01 -3.6072e+00
81 +1.568450369e+06 +1.568450369e+06 +1.568468549e+06 +1.568468549e+06 +8.7242e-01 +5.0155e-01 -3.7589e+00
92 +3.213635599e+05 +3.213635599e+05 +3.213817399e+05 +3.213817399e+05 +8.4465e-01 -5.4061e-01 -3.5184e+00
110 +1.783009230e+05 +1.783009230e+05 +1.783191030e+05 +1.783191030e+05 +1.4794e+00 +1.6263e-02 -3.5261e+00
144 +1.726532955e+05 +1.726532955e+05 +1.726714755e+05 +1.726714755e+05 +7.1804e-01 -9.4684e-01 -3.6239e+00
154 +3.326426290e+04 +3.326426290e+04 +3.328244290e+04 +3.328244290e+04 +7.7271e-01 -1.8211e+00 -3.6930e+00
207 +9.245915413e+03 +9.245915413e+03 +9.264095413e+03 +9.264095413e+03 +9.8802e-01 -1.3739e+00 -3.5694e+00
235 +3.048755391e+03 +3.048755391e+03 +3.066935391e+03 +3.066935391e+03 +1.1688e+00 -9.9848e-01 -3.6139e+00
440 +2.934219169e+02 +2.934219169e+02 +3.116019169e+02 +3.116019169e+02 +1.9382e+00 -7.8593e-02 -3.3555e+00
504 +1.049227687e+02 +1.049227687e+02 +1.231027687e+02 +1.231027687e+02 +2.0996e+00 +1.0668e-01 -3.2999e+00
550 +6.083043597e+01 +6.083043597e+01 +7.901043597e+01 +7.901043597e+01 +2.0277e+00 +1.7347e-02 -3.3290e+00
585 +3.066828592e+01 +3.066828592e+01 +4.884828592e+01 +4.884828592e+01 +2.1660e+00 +1.8369e-01 -3.2895e+00
803 +1.927860282e+01 +1.927860282e+01 +3.745860282e+01 +3.745860282e+01 +2.4801e+00 +5.5525e-01 -3.2079e+00
1236 +5.166352856e+00 +5.166352856e+00 +2.334635286e+01 +2.334635286e+01 +2.4376e+00 +5.0860e-01 -3.2113e+00
1254 +4.344720172e+00 +4.344720172e+00 +2.252472017e+01 +2.252472017e+01 +2.4642e+00 +5.3351e-01 -3.2097e+00
1298 +2.966869386e+00 +2.966869386e+00 +2.114686939e+01 +2.114686939e+01 +2.4794e+00 +5.5269e-01 -3.2042e+00
1386 +1.017640704e+00 +1.017640704e+00 +1.919764070e+01 +1.919764070e+01 +2.4852e+00 +5.5474e-01 -3.2043e+00
1509 +1.955089101e-01 +1.955089101e-01 +1.837550891e+01 +1.837550891e+01 +2.4963e+00 +5.6802e-01 -3.2009e+00
1650 +5.289383314e-02 +5.289383314e-02 +1.823289383e+01 +1.823289383e+01 +2.5332e+00 +6.0793e-01 -3.1941e+00
1830 +3.547792188e-02 +3.547792188e-02 +1.821547792e+01 +1.821547792e+01 +2.5367e+00 +6.1231e-01 -3.1934e+00
1870 +2.849943096e-02 +2.849943096e-02 +1.820849943e+01 +1.820849943e+01 +2.5374e+00 +6.1295e-01 -3.1933e+00
1984 +2.104503104e-02 +2.104503104e-02 +1.820104503e+01 +1.820104503e+01 +2.5373e+00 +6.1267e-01 -3.1932e+00
2078 +1.957571398e-02 +1.957571398e-02 +1.819957571e+01 +1.819957571e+01 +2.5380e+00 +6.1352e-01 -3.1931e+00
2137 +1.855512509e-02 +1.855512509e-02 +1.819855513e+01 +1.819855513e+01 +2.5379e+00 +6.1341e-01 -3.1932e+00
% function evaluation | noise-free fitness - Fopt (1.089300000000e+02) | best noise-free fitness - Fopt | measured fitness | best measured fitness | x1 | x2...
1 +8.745904179e+07 +8.745904179e+07 +8.745915072e+07 +8.745915072e+07 +0.0000e+00 +0.0000e+00 +0.0000e+00
2 +1.153189255e+06 +1.153189255e+06 +1.153298185e+06 +1.153298185e+06 -1.5451e-01 -2.8515e+00 +3.0706e+00
6 +1.054551626e+06 +1.054551626e+06 +1.054660556e+06 +1.054660556e+06 -2.0650e-01 -2.8460e+00 +3.0129e+00
8 +9.868717988e+05 +9.868717988e+05 +9.869807288e+05 +9.869807288e+05 -1.1992e-01 -2.8409e+00 +2.9908e+00
24 +5.813553032e+05 +5.813553032e+05 +5.814642332e+05 +5.814642332e+05 -5.8967e-02 -2.7998e+00 +2.7509e+00
37 +5.355437153e+05 +5.355437153e+05 +5.356526453e+05 +5.356526453e+05 -2.5581e-01 -2.8710e+00 +2.7114e+00
46 +1.066343709e+05 +1.066343709e+05 +1.067433009e+05 +1.067433009e+05 -2.2167e-01 -2.8105e+00 +2.1763e+00
49 +9.772078738e+04 +9.772078738e+04 +9.782971738e+04 +9.782971738e+04 -2.6980e-01 -3.0324e+00 +2.3084e+00
57 +2.149315269e+04 +2.149315269e+04 +2.160208269e+04 +2.160208269e+04 -5.9746e-02 -2.9364e+00 +2.1421e+00
63 +8.084996351e+03 +8.084996351e+03 +8.193926351e+03 +8.193926351e+03 -4.0025e-01 -3.0408e+00 +2.0961e+00
121 +5.123179125e+02 +5.123179125e+02 +6.212479125e+02 +6.212479125e+02 -2.2430e-01 -2.9719e+00 +1.9960e+00
308 +2.139019229e+02 +2.139019229e+02 +3.228319229e+02 +3.228319229e+02 -3.0546e-01 -2.9962e+00 +1.9941e+00
336 +1.692642834e+02 +1.692642834e+02 +2.781942834e+02 +2.781942834e+02 -2.6950e-01 -2.9756e+00 +2.0180e+00
348 +1.125678168e+02 +1.125678168e+02 +2.214978168e+02 +2.214978168e+02 -3.0653e-01 -2.9899e+00 +2.0103e+00
352 +8.083240729e+01 +8.083240729e+01 +1.897624073e+02 +1.897624073e+02 -2.9399e-01 -2.9873e+00 +2.0146e+00
396 +4.631161926e+01 +4.631161926e+01 +1.552416193e+02 +1.552416193e+02 -3.0404e-01 -2.9910e+00 +2.0071e+00
440 +1.778940426e+01 +1.778940426e+01 +1.267194043e+02 +1.267194043e+02 -2.9469e-01 -2.9918e+00 +2.0082e+00
478 +1.706937076e+01 +1.706937076e+01 +1.259993708e+02 +1.259993708e+02 -2.8668e-01 -2.9882e+00 +2.0095e+00
484 +1.410986417e+01 +1.410986417e+01 +1.230398642e+02 +1.230398642e+02 -2.9203e-01 -2.9900e+00 +2.0073e+00
524 +1.277934035e+01 +1.277934035e+01 +1.217093404e+02 +1.217093404e+02 -2.9055e-01 -2.9883e+00 +2.0073e+00
670 +1.154020102e+01 +1.154020102e+01 +1.204702010e+02 +1.204702010e+02 -2.7650e-01 -2.9830e+00 +2.0088e+00
819 +1.143439106e+01 +1.143439106e+01 +1.203643911e+02 +1.203643911e+02 -2.7999e-01 -2.9844e+00 +2.0086e+00
23427 +1.121986264e+01 +1.121986264e+01 +1.201498626e+02 +1.201498626e+02 -2.6401e-01 -2.9779e+00 +2.0085e+00
65949 +1.096412868e+01 +1.096412868e+01 +1.198941287e+02 +1.198941287e+02 -2.3528e-01 -2.9662e+00 +2.0088e+00
% function evaluation | noise-free fitness - Fopt (1.966000000000e+01) | best noise-free fitness - Fopt | measured fitness | best measured fitness | x1 | x2...
1 +1.310002718e+07 +1.310002718e+07 +1.310004684e+07 +1.310004684e+07 +0.0000e+00 +0.0000e+00 +0.0000e+00
115 +4.830752750e+06 +4.830752750e+06 +4.830772410e+06 +4.830772410e+06 -5.3434e-01 -1.5321e+00 -1.2425e+00
122 +3.503299155e+06 +3.503299155e+06 +3.503318815e+06 +3.503318815e+06 -1.7361e+00 -1.8858e+00 -1.7836e+00
138 +1.900622244e+06 +1.900622244e+06 +1.900641904e+06 +1.900641904e+06 -1.4662e+00 -4.0841e+00 -1.6412e+00
163 +4.466279678e+05 +4.466279678e+05 +4.466476278e+05 +4.466476278e+05 -7.9745e-01 -3.7150e+00 -9.0546e-01
201 +2.470516022e+05 +2.470516022e+05 +2.470712622e+05 +2.470712622e+05 -1.6550e+00 -3.2464e+00 -1.0138e+00
209 +2.092483939e+05 +2.092483939e+05 +2.092680539e+05 +2.092680539e+05 +5.4823e-01 -4.0566e+00 +5.0276e-01
220 +8.909822594e+04 +8.909822594e+04 +8.911788594e+04 +8.911788594e+04 -1.0520e+00 -3.2867e+00 -5.6212e-01
233 +2.975031493e+04 +2.975031493e+04 +2.976997493e+04 +2.976997493e+04 -1.9945e-01 -3.5951e+00 -2.6599e-01
286 +3.755074432e+03 +3.755074432e+03 +3.774734432e+03 +3.774734432e+03 -1.6459e+00 -3.2936e+00 -4.2642e-01
352 +1.775283437e+03 +1.775283437e+03 +1.794943437e+03 +1.794943437e+03 -1.0822e+00 -3.4670e+00 -2.7208e-01
469 +1.902974491e+02 +1.902974491e+02 +2.099574491e+02 +2.099574491e+02 -8.7025e-01 -3.4966e+00 -2.5594e-01
616 +1.591808835e+01 +1.591808835e+01 +3.557808835e+01 +3.557808835e+01 -5.9876e-01 -3.5619e+00 -1.9602e-01
902 +1.549646644e+01 +1.549646644e+01 +3.515646644e+01 +3.515646644e+01 -5.5487e-01 -3.5730e+00 -1.8678e-01
933 +6.555018842e+00 +6.555018842e+00 +2.621501884e+01 +2.621501884e+01 -5.8863e-01 -3.5673e+00 -1.8953e-01
941 +6.251723592e+00 +6.251723592e+00 +2.591172359e+01 +2.591172359e+01 -5.3295e-01 -3.5791e+00 -1.7987e-01
946 +5.669895522e+00 +5.669895522e+00 +2.532989552e+01 +2.532989552e+01 -5.5694e-01 -3.5729e+00 -1.8541e-01
952 +3.157225557e+00 +3.157225557e+00 +2.281722556e+01 +2.281722556e+01 -5.5119e-01 -3.5758e+00 -1.8131e-01
1073 +2.150147647e+00 +2.150147647e+00 +2.181014765e+01 +2.181014765e+01 -5.9477e-01 -3.5665e+00 -1.9279e-01
1188 +2.104947354e+00 +2.104947354e+00 +2.176494735e+01 +2.176494735e+01 -5.7537e-01 -3.5699e+00 -1.8840e-01
1254 +1.956034495e+00 +1.956034495e+00 +2.161603450e+01 +2.161603450e+01 -5.7922e-01 -3.5696e+00 -1.8920e-01
1421 +1.917961323e+00 +1.917961323e+00 +2.157796132e+01 +2.157796132e+01 -5.8113e-01 -3.5691e+00 -1.8983e-01
7748 +1.905431451e+00 +1.905431451e+00 +2.156543145e+01 +2.156543145e+01 -5.8532e-01 -3.5682e+00 -1.9090e-01
32787 +1.861855005e+00 +1.861855005e+00 +2.152185500e+01 +2.152185500e+01 -6.0042e-01 -3.5651e+00 -1.9467e-01
57125 +1.819682192e+00 +1.819682192e+00 +2.147968219e+01 +2.147968219e+01 -6.1520e-01 -3.5620e+00 -1.9838e-01
% function evaluation | noise-free fitness - Fopt (-3.538000000000e+02) | best noise-free fitness - Fopt | measured fitness | best measured fitness | x1 | x2...
1 +3.804547619e+07 +3.804547619e+07 +3.804512239e+07 +3.804512239e+07 +0.0000e+00 +0.0000e+00 +0.0000e+00
2 +1.564588339e+07 +1.564588339e+07 +1.564552959e+07 +1.564552959e+07 -2.2379e-01 +2.5374e+00 -5.2237e+00
3 +1.285353855e+07 +1.285353855e+07 +1.285318475e+07 +1.285318475e+07 -4.0931e-01 +2.4640e+00 -4.9967e+00
4 +1.202340637e+07 +1.202340637e+07 +1.202305257e+07 +1.202305257e+07 -4.6057e-01 +2.4824e+00 -4.9098e+00
26 +1.113808244e+07 +1.113808244e+07 +1.113772864e+07 +1.113772864e+07 -5.2878e-01 +2.4429e+00 -4.8174e+00
30 +9.319333909e+06 +9.319333909e+06 +9.318980109e+06 +9.318980109e+06 -7.4888e-01 +2.5196e+00 -4.9315e+00
37 +8.479014593e+06 +8.479014593e+06 +8.478660793e+06 +8.478660793e+06 -8.4190e-01 +2.3493e+00 -4.8413e+00
47 +5.578134836e+06 +5.578134836e+06 +5.577781036e+06 +5.577781036e+06 -1.4361e+00 +2.3707e+00 -5.1370e+00
57 +3.638937457e+06 +3.638937457e+06 +3.638583657e+06 +3.638583657e+06 -1.7215e+00 +2.6768e+00 -4.3733e+00
68 +3.159304816e+06 +3.159304816e+06 +3.158951016e+06 +3.158951016e+06 -2.0819e+00 +2.6931e+00 -4.8247e+00
73 +3.717959451e+05 +3.717959451e+05 +3.714421451e+05 +3.714421451e+05 -3.3272e+00 +2.3983e+00 -4.8093e+00
74 +1.573231539e+05 +1.573231539e+05 +1.569693539e+05 +1.569693539e+05 -3.4393e+00 +2.4511e+00 -3.7279e+00
81 +3.890738282e+04 +3.890738282e+04 +3.855358282e+04 +3.855358282e+04 -3.5508e+00 +2.4080e+00 -4.2451e+00
110 +5.543073819e+03 +5.543073819e+03 +5.189273819e+03 +5.189273819e+03 -3.6646e+00 +2.2374e+00 -4.0201e+00
184 +2.273958451e+03 +2.273958451e+03 +1.920158451e+03 +1.920158451e+03 -4.1118e+00 +2.7669e+00 -4.9889e+00
251 +1.688638852e+03 +1.688638852e+03 +1.334838852e+03 +1.334838852e+03 -4.1950e+00 +2.8173e+00 -5.2279e+00
324 +3.662041310e+01 +3.662041310e+01 -3.171795869e+02 -3.171795869e+02 -3.7306e+00 +2.3072e+00 -4.2726e+00
458 +7.750132776e+00 +7.750132776e+00 -3.460498672e+02 -3.460498672e+02 -4.0176e+00 +2.6157e+00 -4.8145e+00
% function evaluation | noise-free fitness - Fopt (-5.925000000000e+01) | best noise-free fitness - Fopt | measured fitness | best measured fitness | x1 | x2...
1 +3.770955072e+07 +3.770955072e+07 +3.770949147e+07 +3.770949147e+07 +0.0000e+00 +0.0000e+00 +0.0000e+00
75 +2.757723088e+07 +2.757723088e+07 +2.757717163e+07 +2.757717163e+07 -3.2075e-01 -2.8592e-01 +3.0997e+00
90 +1.608121042e+07 +1.608121042e+07 +1.608115117e+07 +1.608115117e+07 +7.0230e-02 -6.8550e-01 +3.4764e+00
91 +2.717867955e+06 +2.717867955e+06 +2.717808705e+06 +2.717808705e+06 +1.5221e+00 -1.4293e-01 +3.5059e+00
104 +9.103893859e+05 +9.103893859e+05 +9.103301359e+05 +9.103301359e+05 +2.0897e+00 -3.8782e-01 +3.4462e+00
119 +6.549085503e+05 +6.549085503e+05 +6.548493003e+05 +6.548493003e+05 +1.8359e+00 -1.6263e+00 +4.0194e+00
124 +3.944605865e+05 +3.944605865e+05 +3.944013365e+05 +3.944013365e+05 +1.7638e+00 -2.7308e+00 +2.6396e+00
132 +8.670949975e+04 +8.670949975e+04 +8.665024975e+04 +8.665024975e+04 +2.6540e+00 -1.1800e+00 +3.4989e+00
154 +3.910340592e+04 +3.910340592e+04 +3.904415592e+04 +3.904415592e+04 +2.7231e+00 -1.4368e+00 +3.5250e+00
186 +5.682940218e+03 +5.682940218e+03 +5.623690218e+03 +5.623690218e+03 +2.8375e+00 -6.8110e-01 +3.9239e+00
292 +7.051635150e+02 +7.051635150e+02 +6.459135150e+02 +6.459135150e+02 +2.5526e+00 -1.5698e+00 +3.6498e+00
382 +7.744540571e+01 +7.744540571e+01 +1.819540571e+01 +1.819540571e+01 +2.5576e+00 -1.6458e+00 +3.6380e+00
552 +1.964822251e+01 +1.964822251e+01 -3.960177749e+01 -3.960177749e+01 +2.4105e+00 -2.0151e+00 +3.4790e+00
638 +5.363587337e+00 +5.363587337e+00 -5.388641266e+01 -5.388641266e+01 +2.4043e+00 -2.0526e+00 +3.4653e+00
792 +4.171137689e+00 +4.171137689e+00 -5.507886231e+01 -5.507886231e+01 +2.3804e+00 -2.1071e+00 +3.4413e+00
814 +2.730732525e+00 +2.730732525e+00 -5.651926748e+01 -5.651926748e+01 +2.3806e+00 -2.1062e+00 +3.4425e+00
858 +1.491312771e+00 +1.491312771e+00 -5.775868723e+01 -5.775868723e+01 +2.3802e+00 -2.1130e+00 +3.4410e+00
990 +1.388995128e+00 +1.388995128e+00 -5.786100487e+01 -5.786100487e+01 +2.3817e+00 -2.1054e+00 +3.4432e+00
1034 +1.084427096e+00 +1.084427096e+00 -5.816557290e+01 -5.816557290e+01 +2.3821e+00 -2.1066e+00 +3.4433e+00
1095 +1.049041157e+00 +1.049041157e+00 -5.820095884e+01 -5.820095884e+01 +2.3812e+00 -2.1084e+00 +3.4424e+00
1102 +1.044074130e+00 +1.044074130e+00 -5.820592587e+01 -5.820592587e+01 +2.3818e+00 -2.1069e+00 +3.4430e+00
39347 +1.023281425e+00 +1.023281425e+00 -5.822671858e+01 -5.822671858e+01 +2.3848e+00 -2.0987e+00 +3.4463e+00
% function evaluation | noise-free fitness - Fopt (-2.707000000000e+01) | best noise-free fitness - Fopt | measured fitness | best measured fitness | x1 | x2...
1 +1.413792598e+07 +1.413792598e+07 +1.413789891e+07 +1.413789891e+07 +0.0000e+00 +0.0000e+00 +0.0000e+00
2 +9.869844213e+06 +9.869844213e+06 +9.869817143e+06 +9.869817143e+06 +4.3932e-01 +1.3542e-02 +6.9299e-01
3 +8.732642989e+06 +8.732642989e+06 +8.732615919e+06 +8.732615919e+06 +4.5338e-01 +1.1917e-01 +9.1254e-01
6 +8.643176949e+06 +8.643176949e+06 +8.643149879e+06 +8.643149879e+06 +4.6599e-01 +1.5526e-01 +8.7795e-01
10 +8.052976152e+06 +8.052976152e+06 +8.052949082e+06 +8.052949082e+06 +6.6468e-01 +2.5656e-01 +7.2139e-01
25 +6.387516107e+06 +6.387516107e+06 +6.387489037e+06 +6.387489037e+06 +8.6192e-01 +3.7919e-01 +9.6892e-01
47 +4.747086869e+06 +4.747086869e+06 +4.747059799e+06 +4.747059799e+06 +2.6902e-01 +9.1270e-01 +1.7083e+00
55 +2.924998954e+06 +2.924998954e+06 +2.924971884e+06 +2.924971884e+06 +1.6268e+00 +1.0154e+00 +9.1527e-01
60 +2.490490271e+06 +2.490490271e+06 +2.490463201e+06 +2.490463201e+06 +1.2830e+00 +1.1110e+00 +1.4081e+00
73 +2.022075140e+06 +2.022075140e+06 +2.022048070e+06 +2.022048070e+06 +1.8683e+00 +3.3725e+00 +1.0223e+00
74 +2.091293889e+05 +2.091293889e+05 +2.091023189e+05 +2.091023189e+05 +1.4812e+00 +1.7249e+00 +2.7195e+00
108 +1.195130455e+05 +1.195130455e+05 +1.194859755e+05 +1.194859755e+05 +1.7751e+00 +1.8138e+00 +2.5401e+00
191 +5.377583442e+04 +5.377583442e+04 +5.374876442e+04 +5.374876442e+04 +2.0004e+00 +2.1476e+00 +2.9190e+00
194 +3.589938172e+04 +3.589938172e+04 +3.587231172e+04 +3.587231172e+04 +2.2155e+00 +2.0376e+00 +2.0078e+00
207 +3.377281957e+04 +3.377281957e+04 +3.374574957e+04 +3.374574957e+04 +2.2906e+00 +2.3655e+00 +2.2198e+00
220 +3.238802116e+03 +3.238802116e+03 +3.211732116e+03 +3.211732116e+03 +1.9410e+00 +2.1889e+00 +2.5169e+00
345 +2.595330244e+03 +2.595330244e+03 +2.568260244e+03 +2.568260244e+03 +1.5653e+00 +2.0199e+00 +3.1168e+00
347 +6.732341279e+02 +6.732341279e+02 +6.461641279e+02 +6.461641279e+02 +1.8823e+00 +2.0977e+00 +2.7227e+00
431 +1.328927723e+02 +1.328927723e+02 +1.058227723e+02 +1.058227723e+02 +1.6686e+00 +2.0636e+00 +3.0091e+00
572 +1.313563098e+02 +1.313563098e+02 +1.042863098e+02 +1.042863098e+02 +1.8602e+00 +2.1078e+00 +2.7064e+00
605 +2.406650864e+01 +2.406650864e+01 -3.003491365e+00 -3.003491365e+00 +1.9245e+00 +2.1300e+00 +2.6283e+00
682 +8.506667758e+00 +8.506667758e+00 -1.856333224e+01 -1.856333224e+01 +1.9474e+00 +2.1367e+00 +2.5791e+00
880 +6.354132616e+00 +6.354132616e+00 -2.071586738e+01 -2.071586738e+01 +1.9522e+00 +2.1378e+00 +2.5728e+00
1007 +4.845801038e+00 +4.845801038e+00 -2.222419896e+01 -2.222419896e+01 +1.9559e+00 +2.1379e+00 +2.5687e+00
1111 +4.658644648e+00 +4.658644648e+00 -2.241135535e+01 -2.241135535e+01 +1.9628e+00 +2.1395e+00 +2.5605e+00
1124 +4.554196043e+00 +4.554196043e+00 -2.251580396e+01 -2.251580396e+01 +1.9558e+00 +2.1381e+00 +2.5709e+00
1188 +4.427208811e+00 +4.427208811e+00 -2.264279119e+01 -2.264279119e+01 +1.9560e+00 +2.1381e+00 +2.5700e+00
10306 +4.364927353e+00 +4.364927353e+00 -2.270507265e+01 -2.270507265e+01 +1.9605e+00 +2.1391e+00 +2.5628e+00
24056 +4.265753082e+00 +4.265753082e+00 -2.280424692e+01 -2.280424692e+01 +1.9683e+00 +2.1410e+00 +2.5506e+00
35799 +4.168473222e+00 +4.168473222e+00 -2.290152678e+01 -2.290152678e+01 +1.9760e+00 +2.1427e+00 +2.5386e+00
48364 +4.072612017e+00 +4.072612017e+00 -2.299738798e+01 -2.299738798e+01 +1.9837e+00 +2.1445e+00 +2.5266e+00
61827 +3.980987627e+00 +3.980987627e+00 -2.308901237e+01 -2.308901237e+01 +1.9913e+00 +2.1463e+00 +2.5149e+00
% function evaluation | noise-free fitness - Fopt (-5.279000000000e+01) | best noise-free fitness - Fopt | measured fitness | best measured fitness | x1 | x2...
1 +5.620012940e+06 +5.620012940e+06 +5.619960150e+06 +5.619960150e+06 +0.0000e+00 +0.0000e+00 +0.0000e+00
25 +5.373469414e+06 +5.373469414e+06 +5.373416624e+06 +5.373416624e+06 -5.8789e-02 -8.1353e-01 +4.5724e-01
26 +5.205623366e+06 +5.205623366e+06 +5.205570576e+06 +5.205570576e+06 +1.3770e-01 -8.1842e-01 +4.6488e-01
46 +4.240466017e+06 +4.240466017e+06 +4.240413227e+06 +4.240413227e+06 +3.7147e-01 -8.2245e-01 +2.7527e-01
69 +2.911345900e+06 +2.911345900e+06 +2.911293110e+06 +2.911293110e+06 +4.3513e-01 -1.0119e+00 -2.2275e-02
81 +1.689291249e+06 +1.689291249e+06 +1.689238459e+06 +1.689238459e+06 +5.9327e-01 -1.1378e+00 -3.8301e-01
82 +8.543918202e+05 +8.543918202e+05 +8.543390302e+05 +8.543390302e+05 +5.8854e-01 -7.6231e-01 -1.2929e+00
93 +3.407831072e+04 +3.407831072e+04 +3.402552072e+04 +3.402552072e+04 +2.4893e+00 -1.3296e+00 -1.1717e+00
154 +2.348840482e+04 +2.348840482e+04 +2.343561482e+04 +2.343561482e+04 +2.9104e-01 -1.7610e+00 -1.5649e+00
176 +2.077304610e+04 +2.077304610e+04 +2.072025610e+04 +2.072025610e+04 +9.5753e-01 -1.4688e+00 -1.5595e+00
264 +1.309769006e+04 +1.309769006e+04 +1.304490006e+04 +1.304490006e+04 +1.7984e+00 -1.4948e+00 -1.4656e+00
291 +2.158884604e+03 +2.158884604e+03 +2.106094604e+03 +2.106094604e+03 +9.2057e-01 -1.5926e+00 -1.5898e+00
308 +7.501175885e+02 +7.501175885e+02 +6.973275885e+02 +6.973275885e+02 +9.3161e-01 -1.5951e+00 -1.5256e+00
550 +3.269314345e+02 +3.269314345e+02 +2.741414345e+02 +2.741414345e+02 +1.6042e+00 -1.5508e+00 -1.4045e+00
552 +1.086245785e+02 +1.086245785e+02 +5.583457849e+01 +5.583457849e+01 +1.7716e+00 -1.5621e+00 -1.3658e+00
688 +7.006852278e+01 +7.006852278e+01 +1.727852278e+01 +1.727852278e+01 +1.5960e+00 -1.5697e+00 -1.4149e+00
814 +3.315043829e+01 +3.315043829e+01 -1.963956171e+01 -1.963956171e+01 +1.6309e+00 -1.5651e+00 -1.4016e+00
5954 +3.311265236e+01 +3.311265236e+01 -1.967734764e+01 -1.967734764e+01 +1.7013e+00 -1.5613e+00 -1.3870e+00
15321 +3.235913477e+01 +3.235913477e+01 -2.043086523e+01 -2.043086523e+01 +1.6365e+00 -1.5656e+00 -1.4004e+00
24071 +3.162238314e+01 +3.162238314e+01 -2.116761686e+01 -2.116761686e+01 +1.5733e+00 -1.5700e+00 -1.4135e+00
33651 +3.090210726e+01 +3.090210726e+01 -2.188789274e+01 -2.188789274e+01 +1.5097e+00 -1.5742e+00 -1.4265e+00
43393 +3.019741748e+01 +3.019741748e+01 -2.259258252e+01 -2.259258252e+01 +1.4477e+00 -1.5784e+00 -1.4393e+00
52929 +2.950997099e+01 +2.950997099e+01 -2.328002901e+01 -2.328002901e+01 +1.3863e+00 -1.5826e+00 -1.4520e+00
60821 +2.882790646e+01 +2.882790646e+01 -2.396209354e+01 -2.396209354e+01 +1.3241e+00 -1.5869e+00 -1.4649e+00
