% function evaluation | noise-free fitness - Fopt (-6.211100000000e+02) | best noise-free fitness - Fopt | measured fitness | best measured fitness | x1 | x2...
1 +2.538036525e+08 +2.538036525e+08 +2.538030314e+08 +2.538030314e+08 +0.0000e+00 +0.0000e+00
57 +2.492186464e+08 +2.492186464e+08 +2.492180253e+08 +2.492180253e+08 -8.0462e-01 +1.1331e-02
65 +1.981234869e+08 +1.981234869e+08 +1.981228658e+08 +1.981228658e+08 -6.8065e-01 +1.7982e-01
68 +2.185768033e+05 +2.185768033e+05 +2.179556933e+05 +2.179556933e+05 -6.9661e-02 +3.4189e+00
104 +7.308070797e+04 +7.308070797e+04 +7.245959797e+04 +7.245959797e+04 +2.0959e-01 +4.2670e+00
194 +3.387833974e+04 +3.387833974e+04 +3.325722974e+04 +3.325722974e+04 -1.5498e+00 +3.7279e+00
213 +9.304513009e+01 +9.304513009e+01 -5.280648699e+02 -5.280648699e+02 -3.2746e+00 +3.9887e+00
398 +7.988414517e+01 +7.988414517e+01 -5.412258548e+02 -5.412258548e+02 -2.0729e+00 +3.9942e+00
496 +4.047895121e+01 +4.047895121e+01 -5.806310488e+02 -5.806310488e+02 -1.8793e+00 +3.9926e+00
550 +7.084724197e+00 +7.084724197e+00 -6.140252758e+02 -6.140252758e+02 -1.7050e+00 +3.9837e+00
572 +5.814610881e+00 +5.814610881e+00 -6.152953891e+02 -6.152953891e+02 -1.6685e+00 +3.9842e+00
613 +5.647064800e+00 +5.647064800e+00 -6.154629352e+02 -6.154629352e+02 -1.7165e+00 +3.9840e+00
636 +5.476716368e+00 +5.476716368e+00 -6.156332836e+02 -6.156332836e+02 -1.7402e+00 +3.9839e+00
700 +9.506872841e-01 +9.506872841e-01 -6.201593127e+02 -6.201593127e+02 -1.7387e+00 +3.9872e+00
703 +8.815808979e-01 +8.815808979e-01 -6.202284191e+02 -6.202284191e+02 -1.8104e+00 +3.9865e+00
783 +7.857728354e-01 +7.857728354e-01 -6.203242272e+02 -6.203242272e+02 -1.7049e+00 +3.9873e+00
788 +7.080828075e-01 +7.080828075e-01 -6.204019172e+02 -6.204019172e+02 -1.7204e+00 +3.9869e+00
857 +6.919084437e-01 +6.919084437e-01 -6.204180916e+02 -6.204180916e+02 -1.7150e+00 +3.9869e+00
1106 +6.911263327e-01 +6.911263327e-01 -6.204188737e+02 -6.204188737e+02 -1.7228e+00 +3.9867e+00
1280 +6.700975557e-01 +6.700975557e-01 -6.204399024e+02 -6.204399024e+02 -1.7099e+00 +3.9868e+00
1302 +6.381372189e-01 +6.381372189e-01 -6.204718628e+02 -6.204718628e+02 -1.6880e+00 +3.9870e+00
1306 +5.942458540e-01 +5.942458540e-01 -6.205157541e+02 -6.205157541e+02 -1.6619e+00 +3.9871e+00
1346 +5.653515604e-01 +5.653515604e-01 -6.205446484e+02 -6.205446484e+02 -1.6139e+00 +3.9876e+00
1351 +5.352273829e-01 +5.352273829e-01 -6.205747726e+02 -6.205747726e+02 -1.6185e+00 +3.9872e+00
1376 +4.665048656e-01 +4.665048656e-01 -6.206434951e+02 -6.206434951e+02 -1.5696e+00 +3.9875e+00
1379 +3.631874758e-01 +3.631874758e-01 -6.207468125e+02 -6.207468125e+02 -1.4633e+00 +3.9879e+00
1477 +3.377422080e-01 +3.377422080e-01 -6.207722578e+02 -6.207722578e+02 -1.4212e+00 +3.9881e+00
1480 +2.797024481e-01 +2.797024481e-01 -6.208302976e+02 -6.208302976e+02 -1.3644e+00 +3.9884e+00
1505 +2.564757949e-01 +2.564757949e-01 -6.208535242e+02 -6.208535242e+02 -1.3712e+00 +3.9889e+00
1508 +2.045218695e-01 +2.045218695e-01 -6.209054781e+02 -6.209054781e+02 -1.3421e+00 +3.9888e+00
1509 +1.941974960e-01 +1.941974960e-01 -6.209158025e+02 -6.209158025e+02 -1.1802e+00 +3.9893e+00
1535 +1.803415247e-01 +1.803415247e-01 -6.209296585e+02 -6.209296585e+02 -1.3064e+00 +3.9889e+00
1558 +9.005720928e-02 +9.005720928e-02 -6.210199428e+02 -6.210199428e+02 -1.1921e+00 +3.9896e+00
1601 +5.372230435e-02 +5.372230435e-02 -6.210562777e+02 -6.210562777e+02 -1.0764e+00 +3.9901e+00
1617 +2.994641834e-02 +2.994641834e-02 -6.210800536e+02 -6.210800536e+02 -1.0465e+00 +3.9905e+00
1690 +9.622891448e-03 +9.622891448e-03 -6.211003771e+02 -6.211003771e+02 -9.2824e-01 +3.9911e+00
1819 +8.944935275e-03 +8.944935275e-03 -6.211010551e+02 -6.211010551e+02 -9.5884e-01 +3.9909e+00
1854 +7.757888834e-03 +7.757888834e-03 -6.211022421e+02 -6.211022421e+02 -9.8008e-01 +3.9907e+00
1862 +2.232835042e-03 +2.232835042e-03 -6.211077672e+02 -6.211077672e+02 -9.1815e-01 +3.9911e+00
1935 +2.882519823e-05 +2.882519823e-05 -6.211099712e+02 -6.211099712e+02 -8.9257e-01 +3.9912e+00
2231 +1.024535652e-05 +1.024535652e-05 -6.211099898e+02 -6.211099898e+02 -8.9312e-01 +3.9912e+00
2464 +1.004268040e-05 +1.004268040e-05 -6.211099900e+02 -6.211099900e+02 -8.9502e-01 +3.9912e+00
2486 +3.992470056e-06 +3.992470056e-06 -6.211099960e+02 -6.211099960e+02 -8.9386e-01 +3.9912e+00
2508 +1.085376539e-06 +1.085376539e-06 -6.211099989e+02 -6.211099989e+02 -8.9302e-01 +3.9912e+00
3087 +6.831903647e-07 +6.831903647e-07 -6.211099993e+02 -6.211099993e+02 -8.9283e-01 +3.9912e+00
3142 +2.091605893e-07 +2.091605893e-07 -6.211099998e+02 -6.211099998e+02 -8.9222e-01 +3.9912e+00
3259 +1.269419272e-07 +1.269419272e-07 -6.211099999e+02 -6.211099999e+02 -8.9236e-01 +3.9912e+00
3343 +1.123029278e-07 +1.123029278e-07 -6.211099999e+02 -6.211099999e+02 -8.9229e-01 +3.9912e+00
3406 +4.507455742e-08 +4.507455742e-08 -6.211100000e+02 -6.211100000e+02 -8.9201e-01 +3.9912e+00
3489 +1.012051598e-08 +1.012051598e-08 -6.211100000e+02 -6.211100000e+02 -8.9194e-01 +3.9912e+00
3502 +8.756160241e-09 +8.756160241e-09 -6.211100000e+02 -6.211100000e+02 -8.9191e-01 +3.9912e+00
% function evaluation | noise-free fitness - Fopt (-2.548200000000e+02) | best noise-free fitness - Fopt | measured fitness | best measured fitness | x1 | x2...
1 +2.881702870e+08 +2.881702870e+08 +2.881700322e+08 +2.881700322e+08 +0.0000e+00 +0.0000e+00
68 +7.709860935e+07 +7.709860935e+07 +7.709835453e+07 +7.709835453e+07 +1.1348e+00 +4.1749e-01
75 +1.677456998e+07 +1.677456998e+07 +1.677431516e+07 +1.677431516e+07 +3.0922e+00 +4.8041e-01
81 +1.501875573e+07 +1.501875573e+07 +1.501850091e+07 +1.501850091e+07 +6.7700e+00 -1.1460e-01
83 +1.338454399e+07 +1.338454399e+07 +1.338428917e+07 +1.338428917e+07 +7.7022e+00 +1.0231e-01
88 +1.190375834e+07 +1.190375834e+07 +1.190350352e+07 +1.190350352e+07 +4.1709e+00 +3.9925e-01
90 +4.016920712e+06 +4.016920712e+06 +4.016665892e+06 +4.016665892e+06 +9.0074e+00 +1.7566e+00
101 +1.013679372e+06 +1.013679372e+06 +1.013424552e+06 +1.013424552e+06 +1.5339e+01 +4.7675e+00
108 +2.104594697e+03 +2.104594697e+03 +1.849774697e+03 +1.849774697e+03 +2.0034e+01 +3.8037e+00
180 +1.410471905e+03 +1.410471905e+03 +1.155651905e+03 +1.155651905e+03 +1.0395e+01 +3.7978e+00
223 +1.166380526e+03 +1.166380526e+03 +9.115605257e+02 +9.115605257e+02 +2.5499e+01 +3.7871e+00
432 +9.029686075e+02 +9.029686075e+02 +6.481486075e+02 +6.481486075e+02 +3.3366e+01 +3.7558e+00
569 +6.876414901e+02 +6.876414901e+02 +4.328214901e+02 +4.328214901e+02 +2.8687e+01 +3.7689e+00
578 +4.399533833e+02 +4.399533833e+02 +1.851333833e+02 +1.851333833e+02 +2.1274e+01 +3.7493e+00
608 +1.772267013e+02 +1.772267013e+02 -7.759329868e+01 -7.759329868e+01 +9.8479e+00 +3.7726e+00
618 +1.278962689e+02 +1.278962689e+02 -1.269237311e+02 -1.269237311e+02 +5.9522e+00 +3.7719e+00
640 +5.402412762e+01 +5.402412762e+01 -2.007958724e+02 -2.007958724e+02 +1.0633e+01 +3.7634e+00
740 +1.582008318e+01 +1.582008318e+01 -2.389999168e+02 -2.389999168e+02 +4.9065e+00 +3.7570e+00
753 +1.180394784e+01 +1.180394784e+01 -2.430160522e+02 -2.430160522e+02 +3.5254e+00 +3.7346e+00
832 +2.653898223e+00 +2.653898223e+00 -2.521661018e+02 -2.521661018e+02 +4.7860e+00 +3.7620e+00
908 +1.862991532e+00 +1.862991532e+00 -2.529570085e+02 -2.529570085e+02 +5.1048e+00 +3.7607e+00
946 +6.032961886e-01 +6.032961886e-01 -2.542167038e+02 -2.542167038e+02 +4.5170e+00 +3.7608e+00
995 +5.049123644e-01 +5.049123644e-01 -2.543150876e+02 -2.543150876e+02 +4.4374e+00 +3.7607e+00
1041 +3.245866333e-01 +3.245866333e-01 -2.544954134e+02 -2.544954134e+02 +4.2773e+00 +3.7610e+00
1100 +3.146380610e-01 +3.146380610e-01 -2.545053619e+02 -2.545053619e+02 +4.2887e+00 +3.7607e+00
1105 +2.664416482e-01 +2.664416482e-01 -2.545535584e+02 -2.545535584e+02 +4.1332e+00 +3.7611e+00
1106 +2.515614040e-01 +2.515614040e-01 -2.545684386e+02 -2.545684386e+02 +4.1942e+00 +3.7610e+00
1122 +1.876130127e-01 +1.876130127e-01 -2.546323870e+02 -2.546323870e+02 +4.1698e+00 +3.7609e+00
1128 +1.368053194e-01 +1.368053194e-01 -2.546831947e+02 -2.546831947e+02 +3.8215e+00 +3.7604e+00
1138 +7.086973735e-02 +7.086973735e-02 -2.547491303e+02 -2.547491303e+02 +3.9789e+00 +3.7607e+00
1144 +6.301534209e-02 +6.301534209e-02 -2.547569847e+02 -2.547569847e+02 +3.9884e+00 +3.7608e+00
1177 +2.917214205e-02 +2.917214205e-02 -2.547908279e+02 -2.547908279e+02 +3.8516e+00 +3.7607e+00
1221 +2.242499462e-02 +2.242499462e-02 -2.547975750e+02 -2.547975750e+02 +3.8885e+00 +3.7608e+00
1242 +2.104772516e-02 +2.104772516e-02 -2.547989523e+02 -2.547989523e+02 +3.8466e+00 +3.7609e+00
1246 +3.918081944e-03 +3.918081944e-03 -2.548160819e+02 -2.548160819e+02 +3.7920e+00 +3.7608e+00
1302 +3.591144042e-03 +3.591144042e-03 -2.548164089e+02 -2.548164089e+02 +3.7977e+00 +3.7608e+00
1334 +2.315543248e-03 +2.315543248e-03 -2.548176845e+02 -2.548176845e+02 +3.7799e+00 +3.7608e+00
1371 +1.913338246e-03 +1.913338246e-03 -2.548180867e+02 -2.548180867e+02 +3.7716e+00 +3.7608e+00
1406 +9.884831706e-04 +9.884831706e-04 -2.548190115e+02 -2.548190115e+02 +3.7702e+00 +3.7608e+00
1441 +6.615120194e-04 +6.615120194e-04 -2.548193385e+02 -2.548193385e+02 +3.7646e+00 +3.7608e+00
1446 +6.221553996e-04 +6.221553996e-04 -2.548193778e+02 -2.548193778e+02 +3.7657e+00 +3.7608e+00
1452 +5.311230404e-04 +5.311230404e-04 -2.548194689e+02 -2.548194689e+02 +3.7634e+00 +3.7608e+00
1498 +4.513504632e-04 +4.513504632e-04 -2.548195486e+02 -2.548195486e+02 +3.7507e+00 +3.7608e+00
1507 +1.457981836e-04 +1.457981836e-04 -2.548198542e+02 -2.548198542e+02 +3.7526e+00 +3.7608e+00
1527 +8.846813557e-07 +8.846813557e-07 -2.548199991e+02 -2.548199991e+02 +3.7412e+00 +3.7608e+00
1770 +2.744205858e-07 +2.744205858e-07 -2.548199997e+02 -2.548199997e+02 +3.7408e+00 +3.7608e+00
1806 +3.298711704e-08 +3.298711704e-08 -2.548200000e+02 -2.548200000e+02 +3.7407e+00 +3.7608e+00
1961 +9.243592558e-10 +9.243592558e-10 -2.548200000e+02 -2.548200000e+02 +3.7408e+00 +3.7608e+00
% function evaluation | noise-free fitness - Fopt (5.661000000000e+01) | best noise-free fitness - Fopt | measured fitness | best measured fitness | x1 | x2...
1 +1.170257328e+08 +1.170257328e+08 +1.170257894e+08 +1.170257894e+08 +0.0000e+00 +0.0000e+00
93 +4.150164100e+07 +4.150164100e+07 +4.150169761e+07 +4.150169761e+07 +2.8465e+00 -2.0123e+00
103 +2.592896108e+07 +2.592896108e+07 +2.592901769e+07 +2.592901769e+07 +2.9079e+00 -2.4680e+00
106 +2.462136503e+07 +2.462136503e+07 +2.462142164e+07 +2.462142164e+07 +3.1042e+00 -2.6080e+00
112 +1.678996266e+06 +1.678996266e+06 +1.679052876e+06 +1.679052876e+06 +3.0893e+00 -5.9219e+00
126 +8.271864019e+05 +8.271864019e+05 +8.272430119e+05 +8.272430119e+05 +2.8954e+00 -6.2597e+00
142 +6.058947005e+05 +6.058947005e+05 +6.059513105e+05 +6.059513105e+05 +2.5879e+00 -8.1452e+00
156 +1.114973660e+05 +1.114973660e+05 +1.115539760e+05 +1.115539760e+05 +1.3405e+00 -5.8021e+00
162 +1.046963167e+04 +1.046963167e+04 +1.052624167e+04 +1.052624167e+04 +3.8115e+00 -7.9689e+00
176 +2.336841075e+03 +2.336841075e+03 +2.393451075e+03 +2.393451075e+03 +2.4285e+00 -7.1069e+00
190 +1.635283839e+03 +1.635283839e+03 +1.691893839e+03 +1.691893839e+03 +2.1531e+00 -6.8879e+00
368 +8.547633637e+02 +8.547633637e+02 +9.113733637e+02 +9.113733637e+02 +6.7416e-01 -5.7515e+00
401 +5.801915502e+01 +5.801915502e+01 +1.146291550e+02 +1.146291550e+02 +5.2308e-02 -5.2362e+00
457 +3.783746594e+01 +3.783746594e+01 +9.444746594e+01 +9.444746594e+01 +8.0730e-01 -5.8142e+00
563 +3.241622407e+01 +3.241622407e+01 +8.902622407e+01 +8.902622407e+01 +4.0177e-01 -5.5113e+00
601 +3.076146430e+01 +3.076146430e+01 +8.737146430e+01 +8.737146430e+01 +2.8593e-01 -5.4233e+00
638 +2.534597348e+01 +2.534597348e+01 +8.195597348e+01 +8.195597348e+01 +1.5872e-01 -5.3244e+00
722 +2.440118153e+01 +2.440118153e+01 +8.101118153e+01 +8.101118153e+01 +8.3413e-02 -5.2672e+00
% function evaluation | noise-free fitness - Fopt (-1.810000000000e+01) | best noise-free fitness - Fopt | measured fitness | best measured fitness | x1 | x2...
1 +3.264899073e+05 +3.264899073e+05 +3.264718073e+05 +3.264718073e+05 +0.0000e+00 +0.0000e+00
2 +2.571576267e+04 +2.571576267e+04 +2.569766267e+04 +2.569766267e+04 -2.0411e+00 +9.0549e-01
5 +2.280352373e+04 +2.280352373e+04 +2.278542373e+04 +2.278542373e+04 -2.0858e+00 +9.3086e-01
14 +1.121867655e+04 +1.121867655e+04 +1.120057655e+04 +1.120057655e+04 -1.9310e+00 +9.2485e-01
21 +4.038445406e+03 +4.038445406e+03 +4.020345406e+03 +4.020345406e+03 -2.0585e+00 +1.0120e+00
25 +2.811118497e+03 +2.811118497e+03 +2.793018497e+03 +2.793018497e+03 -2.2256e+00 +1.0846e+00
27 +2.719844427e+03 +2.719844427e+03 +2.701744427e+03 +2.701744427e+03 -1.9056e+00 +9.7228e-01
29 +7.196775241e+01 +7.196775241e+01 +5.386775241e+01 +5.386775241e+01 -1.9499e+00 +1.0494e+00
88 +1.886994234e+01 +1.886994234e+01 +7.699423414e-01 +7.699423414e-01 -2.1049e+00 +1.0986e+00
132 +4.288453025e+00 +4.288453025e+00 -1.381154698e+01 -1.381154698e+01 -2.0898e+00 +1.0884e+00
195 +3.009925740e+00 +3.009925740e+00 -1.509007426e+01 -1.509007426e+01 -1.9773e+00 +1.0503e+00
264 +2.793912966e+00 +2.793912966e+00 -1.530608703e+01 -1.530608703e+01 -1.9639e+00 +1.0455e+00
281 +2.561287998e+00 +2.561287998e+00 -1.553871200e+01 -1.553871200e+01 -1.9234e+00 +1.0322e+00
453 +2.422246804e+00 +2.422246804e+00 -1.567775320e+01 -1.567775320e+01 -1.8990e+00 +1.0238e+00
8006 +2.398728471e+00 +2.398728471e+00 -1.570127153e+01 -1.570127153e+01 -1.9045e+00 +1.0259e+00
10387 +2.343976633e+00 +2.343976633e+00 -1.575602337e+01 -1.575602337e+01 -1.8954e+00 +1.0230e+00
13027 +2.290768803e+00 +2.290768803e+00 -1.580923120e+01 -1.580923120e+01 -1.8868e+00 +1.0201e+00
15476 +2.238169832e+00 +2.238169832e+00 -1.586183017e+01 -1.586183017e+01 -1.8779e+00 +1.0173e+00
17966 +2.185557094e+00 +2.185557094e+00 -1.591444291e+01 -1.591444291e+01 -1.8688e+00 +1.0144e+00
20397 +2.136497069e+00 +2.136497069e+00 -1.596350293e+01 -1.596350293e+01 -1.8601e+00 +1.0117e+00
23472 +2.087804062e+00 +2.087804062e+00 -1.601219594e+01 -1.601219594e+01 -1.8514e+00 +1.0089e+00
26917 +2.041338069e+00 +2.041338069e+00 -1.605866193e+01 -1.605866193e+01 -1.8430e+00 +1.0063e+00
30044 +1.994436086e+00 +1.994436086e+00 -1.610556391e+01 -1.610556391e+01 -1.8340e+00 +1.0035e+00
33215 +1.948612022e+00 +1.948612022e+00 -1.615138798e+01 -1.615138798e+01 -1.8257e+00 +1.0008e+00
36559 +1.904534492e+00 +1.904534492e+00 -1.619546551e+01 -1.619546551e+01 -1.8171e+00 +9.9818e-01
38784 +1.861869979e+00 +1.861869979e+00 -1.623813002e+01 -1.623813002e+01 -1.8088e+00 +9.9564e-01
42476 +1.819033459e+00 +1.819033459e+00 -1.628096654e+01 -1.628096654e+01 -1.8002e+00 +9.9301e-01
% function evaluation | noise-free fitness - Fopt (3.777000000000e+01) | best noise-free fitness - Fopt | measured fitness | best measured fitness | x1 | x2...
1 +4.240305599e+06 +4.240305599e+06 +4.240343369e+06 +4.240343369e+06 +0.0000e+00 +0.0000e+00
47 +6.926784360e+05 +6.926784360e+05 +6.927162060e+05 +6.927162060e+05 +1.7353e+00 +2.0657e+00
50 +3.599630149e+05 +3.599630149e+05 +3.600007849e+05 +3.600007849e+05 +1.8479e+00 +1.8903e+00
72 +1.140270857e+05 +1.140270857e+05 +1.140648557e+05 +1.140648557e+05 +1.7047e+00 +1.8227e+00
73 +6.170074877e+04 +6.170074877e+04 +6.173851877e+04 +6.173851877e+04 +1.9612e+00 +1.3745e+00
81 +2.056559509e+04 +2.056559509e+04 +2.060336509e+04 +2.060336509e+04 +9.8147e-01 +1.8053e+00
88 +8.217372022e+03 +8.217372022e+03 +8.255142022e+03 +8.255142022e+03 +1.8574e+00 +1.6146e+00
95 +6.674208884e+03 +6.674208884e+03 +6.711978884e+03 +6.711978884e+03 -1.7577e-01 +2.0526e+00
107 +2.683884582e+03 +2.683884582e+03 +2.721654582e+03 +2.721654582e+03 -3.9452e-01 +2.1863e+00
158 +1.447616677e+03 +1.447616677e+03 +1.485386677e+03 +1.485386677e+03 +1.5576e+00 +1.7165e+00
172 +9.655966955e+02 +9.655966955e+02 +1.003366695e+03 +1.003366695e+03 +6.3584e-01 +2.0295e+00
173 +1.958015925e+02 +1.958015925e+02 +2.335715925e+02 +2.335715925e+02 -9.9758e-01 +2.0452e+00
231 +8.349078726e+01 +8.349078726e+01 +1.212607873e+02 +1.212607873e+02 +9.6657e-03 +2.1271e+00
245 +5.425920270e+01 +5.425920270e+01 +9.202920270e+01 +9.202920270e+01 +3.0523e-01 +2.0718e+00
262 +3.306226024e+01 +3.306226024e+01 +7.083226024e+01 +7.083226024e+01 +1.5791e-01 +2.1061e+00
264 +1.798601372e+01 +1.798601372e+01 +5.575601372e+01 +5.575601372e+01 +2.4373e-01 +2.0848e+00
330 +6.086997046e+00 +6.086997046e+00 +4.385699705e+01 +4.385699705e+01 -3.4010e-01 +2.1321e+00
417 +5.917754693e+00 +5.917754693e+00 +4.368775469e+01 +4.368775469e+01 -1.0236e+00 +2.0616e+00
483 +1.436999940e+00 +1.436999940e+00 +3.920699994e+01 +3.920699994e+01 -1.7044e+00 +2.0582e+00
549 +4.720807720e-01 +4.720807720e-01 +3.824208077e+01 +3.824208077e+01 -1.2216e+00 +2.0586e+00
611 +7.197485692e-02 +7.197485692e-02 +3.784197486e+01 +3.784197486e+01 -1.1718e+00 +2.0590e+00
923 +5.639206759e-02 +5.639206759e-02 +3.782639207e+01 +3.782639207e+01 -1.1527e+00 +2.0594e+00
1015 +2.233314570e-02 +2.233314570e-02 +3.779233315e+01 +3.779233315e+01 -1.0975e+00 +2.0593e+00
1043 +2.063289593e-02 +2.063289593e-02 +3.779063290e+01 +3.779063290e+01 -1.1015e+00 +2.0593e+00
1063 +4.504371215e-03 +4.504371215e-03 +3.777450437e+01 +3.777450437e+01 -1.0457e+00 +2.0592e+00
1246 +3.095352209e-03 +3.095352209e-03 +3.777309535e+01 +3.777309535e+01 -1.0305e+00 +2.0592e+00
1333 +8.085164293e-04 +8.085164293e-04 +3.777080852e+01 +3.777080852e+01 -1.0007e+00 +2.0592e+00
1374 +4.978628729e-04 +4.978628729e-04 +3.777049786e+01 +3.777049786e+01 -1.0001e+00 +2.0592e+00
1433 +1.103831745e-04 +1.103831745e-04 +3.777011038e+01 +3.777011038e+01 -9.8046e-01 +2.0592e+00
1445 +5.339549886e-05 +5.339549886e-05 +3.777005340e+01 +3.777005340e+01 -9.8593e-01 +2.0592e+00
1548 +1.013401033e-05 +1.013401033e-05 +3.777001013e+01 +3.777001013e+01 -9.8051e-01 +2.0592e+00
1586 +2.254027947e-06 +2.254027947e-06 +3.777000225e+01 +3.777000225e+01 -9.7889e-01 +2.0592e+00
1675 +2.174846600e-06 +2.174846600e-06 +3.777000217e+01 +3.777000217e+01 -9.8033e-01 +2.0592e+00
1819 +1.386034398e-07 +1.386034398e-07 +3.777000014e+01 +3.777000014e+01 -9.7957e-01 +2.0592e+00
1991 +1.216457690e-07 +1.216457690e-07 +3.777000012e+01 +3.777000012e+01 -9.7935e-01 +2.0592e+00
2002 +3.317400399e-08 +3.317400399e-08 +3.777000003e+01 +3.777000003e+01 -9.7938e-01 +2.0592e+00
2006 +1.481178913e-08 +1.481178913e-08 +3.777000001e+01 +3.777000001e+01 -9.7920e-01 +2.0592e+00
2180 +1.223554591e-10 +1.223554591e-10 +3.777000000e+01 +3.777000000e+01 -9.7921e-01 +2.0592e+00
% function evaluation | noise-free fitness - Fopt (6.054000000000e+01) | best noise-free fitness - Fopt | measured fitness | best measured fitness | x1 | x2...
1 +1.071762351e+06 +1.071762351e+06 +1.071822891e+06 +1.071822891e+06 +0.0000e+00 +0.0000e+00
48 +5.289308285e+05 +5.289308285e+05 +5.289913685e+05 +5.289913685e+05 +2.3394e+00 -5.8981e-01
52 +3.394071155e+05 +3.394071155e+05 +3.394676555e+05 +3.394676555e+05 +2.1637e+00 -3.6515e-01
64 +2.457878417e+05 +2.457878417e+05 +2.458483817e+05 +2.458483817e+05 +2.2321e+00 -2.9875e-01
80 +2.129791934e+04 +2.129791934e+04 +2.135845934e+04 +2.135845934e+04 +2.1509e+00 +1.0914e-01
110 +1.944815157e+03 +1.944815157e+03 +2.005355157e+03 +2.005355157e+03 +2.6756e+00 +1.0680e-01
114 +2.660225748e+02 +2.660225748e+02 +3.265625748e+02 +3.265625748e+02 +2.6109e+00 +1.0236e-01
211 +2.101105024e+01 +2.101105024e+01 +8.155105024e+01 +8.155105024e+01 +2.3018e+00 +2.1135e-01
450 +1.173644964e+01 +1.173644964e+01 +7.227644964e+01 +7.227644964e+01 +1.7179e+00 +4.4004e-01
484 +1.102553464e+01 +1.102553464e+01 +7.156553464e+01 +7.156553464e+01 +1.9760e+00 +3.3825e-01
506 +1.079767926e+00 +1.079767926e+00 +6.161976793e+01 +6.161976793e+01 +2.0646e+00 +3.0041e-01
688 +1.015418700e+00 +1.015418700e+00 +6.155541870e+01 +6.155541870e+01 +2.1018e+00 +2.8506e-01
880 +9.937588475e-01 +9.937588475e-01 +6.153375885e+01 +6.153375885e+01 +2.1133e+00 +2.8072e-01
9282 +9.772366519e-01 +9.772366519e-01 +6.151723665e+01 +6.151723665e+01 +2.1063e+00 +2.8355e-01
21929 +9.549892729e-01 +9.549892729e-01 +6.149498927e+01 +6.149498927e+01 +2.0957e+00 +2.8769e-01
34634 +9.332274086e-01 +9.332274086e-01 +6.147322741e+01 +6.147322741e+01 +2.0853e+00 +2.9180e-01
% function evaluation | noise-free fitness - Fopt (7.079600000000e+02) | best noise-free fitness - Fopt | measured fitness | best measured fitness | x1 | x2...
1 +2.032583151e+05 +2.032583151e+05 +2.039662751e+05 +2.039662751e+05 +0.0000e+00 +0.0000e+00
2 +7.665825886e+04 +7.665825886e+04 +7.736621886e+04 +7.736621886e+04 -1.8517e+00 +1.3508e+00
3 +5.558520659e+03 +5.558520659e+03 +6.266480659e+03 +6.266480659e+03 -2.1482e+00 +1.0758e+00
4 +5.998730694e-01 +5.998730694e-01 +7.085598731e+02 +7.085598731e+02 -2.1213e+00 +1.1808e+00
% function evaluation | noise-free fitness - Fopt (1.118000000000e+01) | best noise-free fitness - Fopt | measured fitness | best measured fitness | x1 | x2...
1 +2.122183351e+07 +2.122183351e+07 +2.122184469e+07 +2.122184469e+07 +0.0000e+00 +0.0000e+00
2 +4.408784296e+06 +4.408784296e+06 +4.408795476e+06 +4.408795476e+06 -4.5726e+00 -1.7107e+00
3 +4.115171784e+06 +4.115171784e+06 +4.115182964e+06 +4.115182964e+06 -4.5862e+00 -1.7818e+00
5 +3.659310968e+06 +3.659310968e+06 +3.659322148e+06 +3.659322148e+06 -4.3870e+00 -1.8975e+00
12 +3.560802773e+06 +3.560802773e+06 +3.560813953e+06 +3.560813953e+06 -4.7143e+00 -1.9234e+00
15 +3.254643756e+06 +3.254643756e+06 +3.254654936e+06 +3.254654936e+06 -4.7100e+00 -2.0063e+00
28 +3.184320764e+06 +3.184320764e+06 +3.184331944e+06 +3.184331944e+06 -4.4149e+00 -2.0259e+00
30 +2.311395489e+06 +2.311395489e+06 +2.311406669e+06 +2.311406669e+06 -4.3146e+00 -2.2901e+00
49 +1.552071658e+06 +1.552071658e+06 +1.552082838e+06 +1.552082838e+06 -5.0633e+00 -2.5646e+00
50 +2.855824767e+05 +2.855824767e+05 +2.855936567e+05 +2.855936567e+05 -4.2223e+00 -3.2760e+00
68 +2.751685639e+05 +2.751685639e+05 +2.751797439e+05 +2.751797439e+05 -4.8464e+00 -3.2858e+00
70 +1.587530178e+05 +1.587530178e+05 +1.587641978e+05 +1.587641978e+05 -4.7483e+00 -4.2088e+00
78 +3.603324285e+04 +3.603324285e+04 +3.604442285e+04 +3.604442285e+04 -5.2562e+00 -3.6206e+00
88 +1.033428080e+04 +1.033428080e+04 +1.034546080e+04 +1.034546080e+04 -4.5318e+00 -3.7088e+00
176 +1.345773526e+03 +1.345773526e+03 +1.356953526e+03 +1.356953526e+03 -4.9829e+00 -3.8469e+00
268 +9.493356574e+01 +9.493356574e+01 +1.061135657e+02 +1.061135657e+02 -4.5241e+00 -3.8012e+00
289 +2.273363735e+01 +2.273363735e+01 +3.391363735e+01 +3.391363735e+01 -4.1963e+00 -3.8142e+00
411 +1.564563717e+01 +1.564563717e+01 +2.682563717e+01 +2.682563717e+01 -4.6493e+00 -3.8126e+00
462 +1.462569187e+01 +1.462569187e+01 +2.580569187e+01 +2.580569187e+01 -5.0294e+00 -3.8114e+00
528 +1.336357691e+01 +1.336357691e+01 +2.454357691e+01 +2.454357691e+01 -4.9742e+00 -3.8099e+00
555 +1.314813919e+01 +1.314813919e+01 +2.432813919e+01 +2.432813919e+01 -4.9735e+00 -3.8105e+00
593 +1.287639402e+01 +1.287639402e+01 +2.405639402e+01 +2.405639402e+01 -4.9287e+00 -3.8107e+00
992 +1.139350831e+01 +1.139350831e+01 +2.257350831e+01 +2.257350831e+01 -4.7147e+00 -3.8107e+00
1017 +1.095341294e+01 +1.095341294e+01 +2.213341294e+01 +2.213341294e+01 -4.5770e+00 -3.8111e+00
1018 +1.048849564e+01 +1.048849564e+01 +2.166849564e+01 +2.166849564e+01 -4.4651e+00 -3.8113e+00
1045 +7.241180919e+00 +7.241180919e+00 +1.842118092e+01 +1.842118092e+01 -3.9935e+00 -3.8099e+00
1055 +6.694279046e+00 +6.694279046e+00 +1.787427905e+01 +1.787427905e+01 -3.9325e+00 -3.8106e+00
1065 +4.901870506e+00 +4.901870506e+00 +1.608187051e+01 +1.608187051e+01 -3.3719e+00 -3.8113e+00
1069 +1.946769827e+00 +1.946769827e+00 +1.312676983e+01 +1.312676983e+01 -2.3101e+00 -3.8114e+00
1093 +8.832241438e-01 +8.832241438e-01 +1.206322414e+01 +1.206322414e+01 -2.2316e+00 -3.8101e+00
1129 +3.915955362e-01 +3.915955362e-01 +1.157159554e+01 +1.157159554e+01 -1.8746e+00 -3.8107e+00
1193 +7.179885150e-02 +7.179885150e-02 +1.125179885e+01 +1.125179885e+01 -1.6181e+00 -3.8104e+00
1225 +1.149330198e-04 +1.149330198e-04 +1.118011493e+01 +1.118011493e+01 -1.3435e+00 -3.8100e+00
1936 +8.600946049e-05 +8.600946049e-05 +1.118008601e+01 +1.118008601e+01 -1.3532e+00 -3.8104e+00
1961 +1.217334609e-05 +1.217334609e-05 +1.118001217e+01 +1.118001217e+01 -1.3538e+00 -3.8104e+00
1988 +2.371465420e-06 +2.371465420e-06 +1.118000237e+01 +1.118000237e+01 -1.3509e+00 -3.8104e+00
2149 +4.268428722e-07 +4.268428722e-07 +1.118000043e+01 +1.118000043e+01 -1.3511e+00 -3.8104e+00
2293 +1.095924596e-08 +1.095924596e-08 +1.118000001e+01 +1.118000001e+01 -1.3504e+00 -3.8104e+00
2544 +5.991166674e-09 +5.991166674e-09 +1.118000001e+01 +1.118000001e+01 -1.3504e+00 -3.8104e+00
% function evaluation | noise-free fitness - Fopt (1.818000000000e+01) | best noise-free fitness - Fopt | measured fitness | best measured fitness | x1 | x2...
1 +7.797650304e+06 +7.797650304e+06 +7.797668484e+06 +7.797668484e+06 +0.0000e+00 +0.0000e+00
2 +8.031725674e+04 +8.031725674e+04 +8.033543674e+04 +8.033543674e+04 +1.7130e+00 -1.6161e+00
3 +1.931020063e+04 +1.931020063e+04 +1.932838063e+04 +1.932838063e+04 +1.6128e+00 -1.6296e+00
4 +4.218731876e+03 +4.218731876e+03 +4.236911876e+03 +4.236911876e+03 +1.5495e+00 -1.7887e+00
22 +3.576404504e+03 +3.576404504e+03 +3.594584504e+03 +3.594584504e+03 +1.5516e+00 -1.7242e+00
24 +1.612667321e+03 +1.612667321e+03 +1.630847321e+03 +1.630847321e+03 +1.5460e+00 -1.6501e+00
38 +3.828247686e+02 +3.828247686e+02 +4.010047686e+02 +4.010047686e+02 +1.5230e+00 -1.5036e+00
56 +3.212753763e+01 +3.212753763e+01 +5.030753763e+01 +5.030753763e+01 +1.5159e+00 -1.7409e+00
66 +1.315679582e+01 +1.315679582e+01 +3.133679582e+01 +3.133679582e+01 +1.5133e+00 -1.7225e+00
88 +1.168326536e+01 +1.168326536e+01 +2.986326536e+01 +2.986326536e+01 +1.5120e+00 -1.7444e+00
99 +1.068525735e+01 +1.068525735e+01 +2.886525735e+01 +2.886525735e+01 +1.5249e+00 -1.6125e+00
242 +1.023921452e+01 +1.023921452e+01 +2.841921452e+01 +2.841921452e+01 +1.5145e+00 -1.7246e+00
462 +1.015388638e+01 +1.015388638e+01 +2.833388638e+01 +2.833388638e+01 +1.5130e+00 -1.7403e+00
536 +9.951026187e+00 +9.951026187e+00 +2.813102619e+01 +2.813102619e+01 +1.5145e+00 -1.7216e+00
1212 +9.726712038e+00 +9.726712038e+00 +2.790671204e+01 +2.790671204e+01 +1.5160e+00 -1.7024e+00
1656 +9.541933617e+00 +9.541933617e+00 +2.772193362e+01 +2.772193362e+01 +1.5174e+00 -1.6848e+00
2128 +9.324332264e+00 +9.324332264e+00 +2.750433226e+01 +2.750433226e+01 +1.5195e+00 -1.6621e+00
2886 +9.119669180e+00 +9.119669180e+00 +2.729966918e+01 +2.729966918e+01 +1.5208e+00 -1.6460e+00
3808 +8.908419958e+00 +8.908419958e+00 +2.708841996e+01 +2.708841996e+01 +1.5227e+00 -1.6260e+00
4798 +8.708485532e+00 +8.708485532e+00 +2.688848553e+01 +2.688848553e+01 +1.5246e+00 -1.6066e+00
5299 +8.506970348e+00 +8.506970348e+00 +2.668697035e+01 +2.668697035e+01 +1.5266e+00 -1.5868e+00
6101 +8.311205589e+00 +8.311205589e+00 +2.649120559e+01 +2.649120559e+01 +1.5286e+00 -1.5676e+00
7196 +8.123803015e+00 +8.123803015e+00 +2.630380302e+01 +2.630380302e+01 +1.5306e+00 -1.5487e+00
8538 +7.903855611e+00 +7.903855611e+00 +2.608385561e+01 +2.608385561e+01 +1.5332e+00 -1.5260e+00
9007 +7.757312332e+00 +7.757312332e+00 +2.593731233e+01 +2.593731233e+01 +1.5350e+00 -1.5111e+00
10917 +7.580968979e+00 +7.580968979e+00 +2.576096898e+01 +2.576096898e+01 +1.5371e+00 -1.4924e+00
12758 +7.406733117e+00 +7.406733117e+00 +2.558673312e+01 +2.558673312e+01 +1.5394e+00 -1.4737e+00
14740 +7.244269838e+00 +7.244269838e+00 +2.542426984e+01 +2.542426984e+01 +1.5416e+00 -1.4566e+00
16575 +7.074211323e+00 +7.074211323e+00 +2.525421132e+01 +2.525421132e+01 +1.5441e+00 -1.4381e+00
17605 +6.886164104e+00 +6.886164104e+00 +2.506616410e+01 +2.506616410e+01 +1.5469e+00 -1.4171e+00
19129 +6.753470780e+00 +6.753470780e+00 +2.493347078e+01 +2.493347078e+01 +1.5489e+00 -1.4023e+00
20553 +6.598875228e+00 +6.598875228e+00 +2.477887523e+01 +2.477887523e+01 +1.5515e+00 -1.3838e+00
23091 +6.456151769e+00 +6.456151769e+00 +2.463615177e+01 +2.463615177e+01 +1.5538e+00 -1.3682e+00
25181 +6.302507908e+00 +6.302507908e+00 +2.448250791e+01 +2.448250791e+01 +1.5566e+00 -1.3499e+00
27309 +6.164546273e+00 +6.164546273e+00 +2.434454627e+01 +2.434454627e+01 +1.5590e+00 -1.3339e+00
29802 +6.021000585e+00 +6.021000585e+00 +2.420100059e+01 +2.420100059e+01 +1.5617e+00 -1.3167e+00
32343 +5.887646004e+00 +5.887646004e+00 +2.406764600e+01 +2.406764600e+01 +1.5643e+00 -1.3004e+00
34354 +5.743577079e+00 +5.743577079e+00 +2.392357708e+01 +2.392357708e+01 +1.5673e+00 -1.2826e+00
36305 +5.622638085e+00 +5.622638085e+00 +2.380263809e+01 +2.380263809e+01 +1.5698e+00 -1.2674e+00
39163 +5.494437874e+00 +5.494437874e+00 +2.367443787e+01 +2.367443787e+01 +1.5726e+00 -1.2512e+00
42185 +5.370278836e+00 +5.370278836e+00 +2.355027884e+01 +2.355027884e+01 +1.5754e+00 -1.2351e+00
% function evaluation | noise-free fitness - Fopt (1.089300000000e+02) | best noise-free fitness - Fopt | measured fitness | best measured fitness | x1 | x2...
1 +4.892025262e+06 +4.892025262e+06 +4.892134192e+06 +4.892134192e+06 +0.0000e+00 +0.0000e+00
27 +4.508694715e+06 +4.508694715e+06 +4.508803645e+06 +4.508803645e+06 -2.4100e+00 +1.6853e-01
33 +4.231006653e+06 +4.231006653e+06 +4.231115583e+06 +4.231115583e+06 -2.5748e+00 +1.1934e-01
34 +4.086567271e+06 +4.086567271e+06 +4.086676201e+06 +4.086676201e+06 -2.3925e+00 +6.4242e-02
46 +2.380054474e+06 +2.380054474e+06 +2.380163404e+06 +2.380163404e+06 -2.5192e+00 -4.0373e-01
56 +1.946189512e+06 +1.946189512e+06 +1.946298442e+06 +1.946298442e+06 -2.3085e+00 -5.7477e-01
61 +9.791158220e+05 +9.791158220e+05 +9.792247520e+05 +9.792247520e+05 -2.4487e+00 -9.6766e-01
68 +1.820907558e+03 +1.820907558e+03 +1.929837558e+03 +1.929837558e+03 -2.0308e+00 -2.0501e+00
132 +7.488395793e+02 +7.488395793e+02 +8.577695793e+02 +8.577695793e+02 -3.1948e+00 -1.9099e+00
145 +3.963664002e+02 +3.963664002e+02 +5.052964002e+02 +5.052964002e+02 -2.7067e+00 -1.9545e+00
211 +1.878495639e+02 +1.878495639e+02 +2.967795639e+02 +2.967795639e+02 -3.2519e+00 -1.8894e+00
295 +6.269965033e+01 +6.269965033e+01 +1.716296503e+02 +1.716296503e+02 -3.4793e+00 -1.8477e+00
405 +5.875069667e+01 +5.875069667e+01 +1.676806967e+02 +1.676806967e+02 -3.5365e+00 -1.8510e+00
418 +3.857077311e+01 +3.857077311e+01 +1.475007731e+02 +1.475007731e+02 -3.4846e+00 -1.8518e+00
1897 +3.801473056e+01 +3.801473056e+01 +1.469447306e+02 +1.469447306e+02 -3.4430e+00 -1.8564e+00
3775 +3.714955419e+01 +3.714955419e+01 +1.460795542e+02 +1.460795542e+02 -3.3756e+00 -1.8638e+00
5088 +3.628510125e+01 +3.628510125e+01 +1.452151013e+02 +1.452151013e+02 -3.3033e+00 -1.8716e+00
6390 +3.548063413e+01 +3.548063413e+01 +1.444106341e+02 +1.444106341e+02 -3.2354e+00 -1.8789e+00
8409 +3.464323027e+01 +3.464323027e+01 +1.435732303e+02 +1.435732303e+02 -3.1675e+00 -1.8859e+00
10215 +3.388427688e+01 +3.388427688e+01 +1.428142769e+02 +1.428142769e+02 -3.1027e+00 -1.8930e+00
12221 +3.307100003e+01 +3.307100003e+01 +1.420010000e+02 +1.420010000e+02 -3.0334e+00 -1.9003e+00
12970 +3.231727954e+01 +3.231727954e+01 +1.412472795e+02 +1.412472795e+02 -2.9679e+00 -1.9073e+00
14487 +3.162187007e+01 +3.162187007e+01 +1.405518701e+02 +1.405518701e+02 -2.9058e+00 -1.9140e+00
15668 +3.087890398e+01 +3.087890398e+01 +1.398089040e+02 +1.398089040e+02 -2.8406e+00 -1.9209e+00
16789 +3.017492854e+01 +3.017492854e+01 +1.391049285e+02 +1.391049285e+02 -2.7754e+00 -1.9280e+00
18246 +2.950748820e+01 +2.950748820e+01 +1.384374882e+02 +1.384374882e+02 -2.7160e+00 -1.9341e+00
19616 +2.883831644e+01 +2.883831644e+01 +1.377683164e+02 +1.377683164e+02 -2.6547e+00 -1.9407e+00
20201 +2.816883787e+01 +2.816883787e+01 +1.370988379e+02 +1.370988379e+02 -2.5924e+00 -1.9474e+00
21647 +2.751422645e+01 +2.751422645e+01 +1.364442265e+02 +1.364442265e+02 -2.5307e+00 -1.9541e+00
23411 +2.690909267e+01 +2.690909267e+01 +1.358390927e+02 +1.358390927e+02 -2.4728e+00 -1.9603e+00
25527 +2.629730602e+01 +2.629730602e+01 +1.352273060e+02 +1.352273060e+02 -2.4141e+00 -1.9665e+00
26349 +2.568766815e+01 +2.568766815e+01 +1.346176682e+02 +1.346176682e+02 -2.3482e+00 -1.9732e+00
26966 +2.507277879e+01 +2.507277879e+01 +1.340027788e+02 +1.340027788e+02 -2.2848e+00 -1.9800e+00
28455 +2.453521778e+01 +2.453521778e+01 +1.334652178e+02 +1.334652178e+02 -2.2404e+00 -1.9850e+00
29774 +2.396731967e+01 +2.396731967e+01 +1.328973197e+02 +1.328973197e+02 -2.1830e+00 -1.9912e+00
30676 +2.337360806e+01 +2.337360806e+01 +1.323036081e+02 +1.323036081e+02 -2.1203e+00 -1.9977e+00
31928 +2.289187258e+01 +2.289187258e+01 +1.318218726e+02 +1.318218726e+02 -2.0723e+00 -2.0029e+00
33052 +2.236360724e+01 +2.236360724e+01 +1.312936072e+02 +1.312936072e+02 -2.0171e+00 -2.0089e+00
34238 +2.187027210e+01 +2.187027210e+01 +1.308002721e+02 +1.308002721e+02 -1.9651e+00 -2.0145e+00
36681 +2.137264380e+01 +2.137264380e+01 +1.303026438e+02 +1.303026438e+02 -1.9114e+00 -2.0201e+00
37610 +2.089064995e+01 +2.089064995e+01 +1.298206499e+02 +1.298206499e+02 -1.8567e+00 -2.0258e+00
39246 +2.041524715e+01 +2.041524715e+01 +1.293452471e+02 +1.293452471e+02 -1.8079e+00 -2.0312e+00
40118 +1.994636536e+01 +1.994636536e+01 +1.288763654e+02 +1.288763654e+02 -1.7494e+00 -2.0372e+00
41627 +1.947905181e+01 +1.947905181e+01 +1.284090518e+02 +1.284090518e+02 -1.7037e+00 -2.0424e+00
43554 +1.904359684e+01 +1.904359684e+01 +1.279735968e+02 +1.279735968e+02 -1.6536e+00 -2.0478e+00
% function evaluation | noise-free fitness - Fopt (1.966000000000e+01) | best noise-free fitness - Fopt | measured fitness | best measured fitness | x1 | x2...
1 +1.128110807e+07 +1.128110807e+07 +1.128112773e+07 +1.128112773e+07 +0.0000e+00 +0.0000e+00
2 +3.197046788e+06 +3.197046788e+06 +3.197066448e+06 +3.197066448e+06 -3.3485e+00 -1.5064e+00
8 +3.122038401e+06 +3.122038401e+06 +3.122058061e+06 +3.122058061e+06 -3.1629e+00 -1.5275e+00
29 +1.972871916e+06 +1.972871916e+06 +1.972891576e+06 +1.972891576e+06 -3.2917e+00 -1.8898e+00
64 +1.593982888e+06 +1.593982888e+06 +1.594002548e+06 +1.594002548e+06 -3.4418e+00 -2.0319e+00
68 +8.757348358e+05 +8.757348358e+05 +8.757544958e+05 +8.757544958e+05 -3.4474e+00 -2.3586e+00
69 +7.622975468e+05 +7.622975468e+05 +7.623172068e+05 +7.623172068e+05 -3.1223e+00 -2.4213e+00
83 +6.429094188e+05 +6.429094188e+05 +6.429290788e+05 +6.429290788e+05 -3.2028e+00 -2.4926e+00
84 +5.001019175e+05 +5.001019175e+05 +5.001215775e+05 +5.001215775e+05 -3.5872e+00 -2.5872e+00
95 +9.312026053e+04 +9.312026053e+04 +9.313992053e+04 +9.313992053e+04 -3.8052e+00 -2.9892e+00
110 +4.864411385e+04 +4.864411385e+04 +4.866377385e+04 +4.866377385e+04 -3.4189e+00 -3.0739e+00
113 +1.293025887e+02 +1.293025887e+02 +1.489625887e+02 +1.489625887e+02 -3.1681e+00 -3.2831e+00
220 +3.435309894e+00 +3.435309894e+00 +2.309530989e+01 +2.309530989e+01 -3.7511e+00 -3.2944e+00
442 +2.557278537e+00 +2.557278537e+00 +2.221727854e+01 +2.221727854e+01 -3.4959e+00 -3.2945e+00
464 +5.648013021e-01 +5.648013021e-01 +2.022480130e+01 +2.022480130e+01 -2.5835e+00 -3.2947e+00
1178 +4.723810958e-01 +4.723810958e-01 +2.013238110e+01 +2.013238110e+01 -2.5779e+00 -3.2943e+00
1191 +3.305719278e-01 +3.305719278e-01 +1.999057193e+01 +1.999057193e+01 -2.4511e+00 -3.2946e+00
1192 +3.097689310e-01 +3.097689310e-01 +1.996976893e+01 +1.996976893e+01 -2.3965e+00 -3.2946e+00
1195 +7.032367731e-02 +7.032367731e-02 +1.973032368e+01 +1.973032368e+01 -1.9514e+00 -3.2941e+00
1204 +6.820136822e-02 +6.820136822e-02 +1.972820137e+01 +1.972820137e+01 -1.8949e+00 -3.2941e+00
1219 +1.145295457e-02 +1.145295457e-02 +1.967145295e+01 +1.967145295e+01 -1.8602e+00 -3.2940e+00
1220 +1.293724090e-03 +1.293724090e-03 +1.966129372e+01 +1.966129372e+01 -1.9065e+00 -3.2944e+00
1389 +7.826654935e-04 +7.826654935e-04 +1.966078267e+01 +1.966078267e+01 -1.9239e+00 -3.2944e+00
1417 +4.145273240e-05 +4.145273240e-05 +1.966004145e+01 +1.966004145e+01 -1.9032e+00 -3.2944e+00
1582 +2.736042100e-05 +2.736042100e-05 +1.966002736e+01 +1.966002736e+01 -1.8949e+00 -3.2944e+00
1658 +1.248761262e-05 +1.248761262e-05 +1.966001249e+01 +1.966001249e+01 -1.8990e+00 -3.2944e+00
1724 +1.045642388e-05 +1.045642388e-05 +1.966001046e+01 +1.966001046e+01 -1.8996e+00 -3.2944e+00
1748 +9.689908243e-06 +9.689908243e-06 +1.966000969e+01 +1.966000969e+01 -1.8999e+00 -3.2944e+00
1782 +8.835645914e-06 +8.835645914e-06 +1.966000884e+01 +1.966000884e+01 -1.9004e+00 -3.2944e+00
1786 +7.977911707e-06 +7.977911707e-06 +1.966000798e+01 +1.966000798e+01 -1.8980e+00 -3.2944e+00
1793 +1.352585805e-06 +1.352585805e-06 +1.966000135e+01 +1.966000135e+01 -1.8981e+00 -3.2944e+00
1800 +5.345605096e-07 +5.345605096e-07 +1.966000053e+01 +1.966000053e+01 -1.8983e+00 -3.2944e+00
1835 +4.479002769e-08 +4.479002769e-08 +1.966000004e+01 +1.966000004e+01 -1.8975e+00 -3.2944e+00
2084 +3.315613739e-08 +3.315613739e-08 +1.966000003e+01 +1.966000003e+01 -1.8977e+00 -3.2944e+00
% function evaluation | noise-free fitness - Fopt (-3.538000000000e+02) | best noise-free fitness - Fopt | measured fitness | best measured fitness | x1 | x2...
1 +3.587091875e+07 +3.587091875e+07 +3.587056495e+07 +3.587056495e+07 +0.0000e+00 +0.0000e+00
2 +7.711265746e+06 +7.711265746e+06 +7.710911946e+06 +7.710911946e+06 -1.6419e+00 -1.5524e-01
3 +6.615800763e+06 +6.615800763e+06 +6.615446963e+06 +6.615446963e+06 -1.5958e+00 -4.2857e-03
11 +5.853241555e+06 +5.853241555e+06 +5.852887755e+06 +5.852887755e+06 -1.5908e+00 +8.7248e-02
14 +5.542511020e+06 +5.542511020e+06 +5.542157220e+06 +5.542157220e+06 -1.7013e+00 +1.8546e-02
15 +5.475193656e+06 +5.475193656e+06 +5.474839856e+06 +5.474839856e+06 -1.7130e+00 +1.5668e-02
20 +4.558935388e+06 +4.558935388e+06 +4.558581588e+06 +4.558581588e+06 -1.7315e+00 +1.2284e-01
25 +2.024032286e+06 +2.024032286e+06 +2.023678486e+06 +2.023678486e+06 -2.0347e+00 +3.2708e-01
46 +9.506189838e+05 +9.506189838e+05 +9.502651838e+05 +9.502651838e+05 -1.7352e+00 +1.2525e+00
51 +1.149767504e+05 +1.149767504e+05 +1.146229504e+05 +1.146229504e+05 -2.3956e+00 +1.4214e+00
76 +8.236542308e+04 +8.236542308e+04 +8.201162308e+04 +8.201162308e+04 -3.4082e+00 -2.1936e-01
78 +2.345952375e+02 +2.345952375e+02 -1.192047625e+02 -1.192047625e+02 -2.9627e+00 +9.9874e-01
220 +1.886657908e+01 +1.886657908e+01 -3.349334209e+02 -3.349334209e+02 -3.0210e+00 +9.1223e-01
236 +1.750353515e+01 +1.750353515e+01 -3.362964648e+02 -3.362964648e+02 -3.0852e+00 +7.3943e-01
286 +5.766676613e+00 +5.766676613e+00 -3.480333234e+02 -3.480333234e+02 -3.0269e+00 +8.9152e-01
341 +2.452852090e-01 +2.452852090e-01 -3.535547148e+02 -3.535547148e+02 -2.9305e+00 +1.1487e+00
616 +1.895589306e-01 +1.895589306e-01 -3.536104411e+02 -3.536104411e+02 -3.0076e+00 +9.3254e-01
% function evaluation | noise-free fitness - Fopt (-5.925000000000e+01) | best noise-free fitness - Fopt | measured fitness | best measured fitness | x1 | x2...
1 +7.052153728e+06 +7.052153728e+06 +7.052094478e+06 +7.052094478e+06 +0.0000e+00 +0.0000e+00
2 +4.930024526e+06 +4.930024526e+06 +4.929965276e+06 +4.929965276e+06 +3.4544e-01 +1.5993e+00
3 +4.586207553e+06 +4.586207553e+06 +4.586148303e+06 +4.586148303e+06 +4.1856e-01 +1.7023e+00
4 +3.898851569e+06 +3.898851569e+06 +3.898792319e+06 +3.898792319e+06 +6.0748e-01 +1.3194e+00
20 +3.663739978e+06 +3.663739978e+06 +3.663680728e+06 +3.663680728e+06 +6.5884e-01 +1.4820e+00
24 +2.058290275e+06 +2.058290275e+06 +2.058231025e+06 +2.058231025e+06 +1.1250e+00 +1.7303e+00
47 +1.068785326e+06 +1.068785326e+06 +1.068726076e+06 +1.068726076e+06 +1.5803e+00 +7.7911e-01
53 +2.996738442e+03 +2.996738442e+03 +2.937488442e+03 +2.937488442e+03 +2.6194e+00 +1.6832e+00
82 +4.884787106e+02 +4.884787106e+02 +4.292287106e+02 +4.292287106e+02 +2.5471e+00 +1.6046e+00
168 +1.795445452e+01 +1.795445452e+01 -4.129554548e+01 -4.129554548e+01 +2.5887e+00 +1.3182e+00
367 +9.673050011e+00 +9.673050011e+00 -4.957694999e+01 -4.957694999e+01 +2.5796e+00 +1.4468e+00
6426 +9.531362761e+00 +9.531362761e+00 -4.971863724e+01 -4.971863724e+01 +2.5543e+00 +1.8694e+00
6493 +9.312133039e+00 +9.312133039e+00 -4.993786696e+01 -4.993786696e+01 +2.5557e+00 +1.8367e+00
7012 +9.105063861e+00 +9.105063861e+00 -5.014493614e+01 -5.014493614e+01 +2.5577e+00 +1.8067e+00
7418 +8.865063007e+00 +8.865063007e+00 -5.038493699e+01 -5.038493699e+01 +2.5599e+00 +1.7645e+00
7452 +8.700037746e+00 +8.700037746e+00 -5.054996225e+01 -5.054996225e+01 +2.5614e+00 +1.7400e+00
7510 +8.481485869e+00 +8.481485869e+00 -5.076851413e+01 -5.076851413e+01 +2.5636e+00 +1.7022e+00
8122 +8.261809922e+00 +8.261809922e+00 -5.098819008e+01 -5.098819008e+01 +2.5656e+00 +1.6640e+00
8546 +8.099578879e+00 +8.099578879e+00 -5.115042112e+01 -5.115042112e+01 +2.5673e+00 +1.6363e+00
9279 +7.941735498e+00 +7.941735498e+00 -5.130826450e+01 -5.130826450e+01 +2.5688e+00 +1.6076e+00
9541 +7.732860381e+00 +7.732860381e+00 -5.151713962e+01 -5.151713962e+01 +2.5709e+00 +1.5715e+00
9716 +7.551785199e+00 +7.551785199e+00 -5.169821480e+01 -5.169821480e+01 +2.5727e+00 +1.5382e+00
10458 +7.392832318e+00 +7.392832318e+00 -5.185716768e+01 -5.185716768e+01 +2.5744e+00 +1.5095e+00
10934 +7.241747844e+00 +7.241747844e+00 -5.200825216e+01 -5.200825216e+01 +2.5760e+00 +1.4810e+00
11010 +6.998822305e+00 +6.998822305e+00 -5.225117769e+01 -5.225117769e+01 +2.5803e+00 +1.4129e+00
11026 +6.879361324e+00 +6.879361324e+00 -5.237063868e+01 -5.237063868e+01 +2.5798e+00 +1.4131e+00
11090 +6.573178823e+00 +6.573178823e+00 -5.267682118e+01 -5.267682118e+01 +2.5840e+00 +1.3438e+00
11201 +6.334154107e+00 +6.334154107e+00 -5.291584589e+01 -5.291584589e+01 +2.5858e+00 +1.3066e+00
11427 +6.288972994e+00 +6.288972994e+00 -5.296102701e+01 -5.296102701e+01 +2.5864e+00 +1.2964e+00
11943 +6.153751706e+00 +6.153751706e+00 -5.309624829e+01 -5.309624829e+01 +2.5879e+00 +1.2690e+00
12332 +6.008443079e+00 +6.008443079e+00 -5.324155692e+01 -5.324155692e+01 +2.5896e+00 +1.2419e+00
12720 +5.852035171e+00 +5.852035171e+00 -5.339796483e+01 -5.339796483e+01 +2.5913e+00 +1.2101e+00
13077 +5.735191031e+00 +5.735191031e+00 -5.351480897e+01 -5.351480897e+01 +2.5928e+00 +1.1859e+00
13717 +5.615402486e+00 +5.615402486e+00 -5.363459751e+01 -5.363459751e+01 +2.5942e+00 +1.1608e+00
13982 +5.485511628e+00 +5.485511628e+00 -5.376448837e+01 -5.376448837e+01 +2.5958e+00 +1.1333e+00
14511 +5.358331398e+00 +5.358331398e+00 -5.389166860e+01 -5.389166860e+01 +2.5972e+00 +1.1063e+00
14733 +5.238689554e+00 +5.238689554e+00 -5.401131045e+01 -5.401131045e+01 +2.5987e+00 +1.0794e+00
15204 +5.120669815e+00 +5.120669815e+00 -5.412933018e+01 -5.412933018e+01 +2.6002e+00 +1.0542e+00
15501 +4.989347975e+00 +4.989347975e+00 -5.426065202e+01 -5.426065202e+01 +2.6022e+00 +1.0152e+00
15764 +4.892864907e+00 +4.892864907e+00 -5.435713509e+01 -5.435713509e+01 +2.6030e+00 +1.0029e+00
16227 +4.776019619e+00 +4.776019619e+00 -5.447398038e+01 -5.447398038e+01 +2.6047e+00 +9.7580e-01
16531 +4.662783856e+00 +4.662783856e+00 -5.458721614e+01 -5.458721614e+01 +2.6061e+00 +9.4891e-01
16871 +4.542228311e+00 +4.542228311e+00 -5.470777169e+01 -5.470777169e+01 +2.6076e+00 +9.2305e-01
17191 +4.461186053e+00 +4.461186053e+00 -5.478881395e+01 -5.478881395e+01 +2.6087e+00 +9.0338e-01
17721 +4.363983786e+00 +4.363983786e+00 -5.488601621e+01 -5.488601621e+01 +2.6100e+00 +8.8066e-01
17944 +4.253684156e+00 +4.253684156e+00 -5.499631584e+01 -5.499631584e+01 +2.6117e+00 +8.5245e-01
18148 +4.127494069e+00 +4.127494069e+00 -5.512250593e+01 -5.512250593e+01 +2.6136e+00 +8.1891e-01
18168 +4.065336544e+00 +4.065336544e+00 -5.518466346e+01 -5.518466346e+01 +2.6141e+00 +8.0612e-01
18702 +3.942373758e+00 +3.942373758e+00 -5.530762624e+01 -5.530762624e+01 +2.6159e+00 +7.7573e-01
19165 +3.887583113e+00 +3.887583113e+00 -5.536241689e+01 -5.536241689e+01 +2.6166e+00 +7.6349e-01
19352 +3.792824799e+00 +3.792824799e+00 -5.545717520e+01 -5.545717520e+01 +2.6180e+00 +7.3694e-01
19739 +3.710565480e+00 +3.710565480e+00 -5.553943452e+01 -5.553943452e+01 +2.6192e+00 +7.1827e-01
20246 +3.628624213e+00 +3.628624213e+00 -5.562137579e+01 -5.562137579e+01 +2.6204e+00 +6.9690e-01
20287 +3.538095215e+00 +3.538095215e+00 -5.571190479e+01 -5.571190479e+01 +2.6222e+00 +6.6805e-01
20902 +3.403191633e+00 +3.403191633e+00 -5.584680837e+01 -5.584680837e+01 +2.6238e+00 +6.3702e-01
20927 +3.367608574e+00 +3.367608574e+00 -5.588239143e+01 -5.588239143e+01 +2.6250e+00 +6.1954e-01
21497 +3.307273110e+00 +3.307273110e+00 -5.594272689e+01 -5.594272689e+01 +2.6253e+00 +6.0900e-01
21658 +3.218576315e+00 +3.218576315e+00 -5.603142369e+01 -5.603142369e+01 +2.6266e+00 +5.8617e-01
21800 +3.152108909e+00 +3.152108909e+00 -5.609789109e+01 -5.609789109e+01 +2.6278e+00 +5.6683e-01
21921 +3.077064247e+00 +3.077064247e+00 -5.617293575e+01 -5.617293575e+01 +2.6290e+00 +5.4546e-01
22663 +3.010104156e+00 +3.010104156e+00 -5.623989584e+01 -5.623989584e+01 +2.6300e+00 +5.2737e-01
22799 +2.929550951e+00 +2.929550951e+00 -5.632044905e+01 -5.632044905e+01 +2.6314e+00 +5.0063e-01
22924 +2.876644374e+00 +2.876644374e+00 -5.637335563e+01 -5.637335563e+01 +2.6322e+00 +4.8784e-01
22938 +2.806166977e+00 +2.806166977e+00 -5.644383302e+01 -5.644383302e+01 +2.6345e+00 +4.4317e-01
24142 +2.751889325e+00 +2.751889325e+00 -5.649811068e+01 -5.649811068e+01 +2.6344e+00 +4.5101e-01
24523 +2.686818690e+00 +2.686818690e+00 -5.656318131e+01 -5.656318131e+01 +2.6355e+00 +4.3048e-01
24960 +2.587173673e+00 +2.587173673e+00 -5.666282633e+01 -5.666282633e+01 +2.6371e+00 +4.0110e-01
25269 +2.569866470e+00 +2.569866470e+00 -5.668013353e+01 -5.668013353e+01 +2.6375e+00 +3.9410e-01
25466 +2.508021346e+00 +2.508021346e+00 -5.674197865e+01 -5.674197865e+01 +2.6391e+00 +3.6940e-01
26109 +2.453328989e+00 +2.453328989e+00 -5.679667101e+01 -5.679667101e+01 +2.6395e+00 +3.5898e-01
26564 +2.397121446e+00 +2.397121446e+00 -5.685287855e+01 -5.685287855e+01 +2.6406e+00 +3.4058e-01
26888 +2.339799403e+00 +2.339799403e+00 -5.691020060e+01 -5.691020060e+01 +2.6417e+00 +3.2189e-01
27317 +2.287407124e+00 +2.287407124e+00 -5.696259288e+01 -5.696259288e+01 +2.6426e+00 +3.0501e-01
28338 +2.230216643e+00 +2.230216643e+00 -5.701978336e+01 -5.701978336e+01 +2.6437e+00 +2.8558e-01
28523 +2.184355571e+00 +2.184355571e+00 -5.706564443e+01 -5.706564443e+01 +2.6446e+00 +2.7059e-01
29454 +2.136127184e+00 +2.136127184e+00 -5.711387282e+01 -5.711387282e+01 +2.6454e+00 +2.5429e-01
29770 +2.086366793e+00 +2.086366793e+00 -5.716363321e+01 -5.716363321e+01 +2.6466e+00 +2.3242e-01
29803 +2.033550531e+00 +2.033550531e+00 -5.721644947e+01 -5.721644947e+01 +2.6476e+00 +2.1792e-01
30551 +1.992403267e+00 +1.992403267e+00 -5.725759673e+01 -5.725759673e+01 +2.6484e+00 +2.0305e-01
30970 +1.947454560e+00 +1.947454560e+00 -5.730254544e+01 -5.730254544e+01 +2.6492e+00 +1.8837e-01
31039 +1.905455222e+00 +1.905455222e+00 -5.734454478e+01 -5.734454478e+01 +2.6500e+00 +1.7332e-01
31513 +1.857135557e+00 +1.857135557e+00 -5.739286444e+01 -5.739286444e+01 +2.6510e+00 +1.5565e-01
32135 +1.816541031e+00 +1.816541031e+00 -5.743345897e+01 -5.743345897e+01 +2.6519e+00 +1.4061e-01
32346 +1.767085678e+00 +1.767085678e+00 -5.748291432e+01 -5.748291432e+01 +2.6531e+00 +1.2001e-01
33034 +1.736830226e+00 +1.736830226e+00 -5.751316977e+01 -5.751316977e+01 +2.6537e+00 +1.1015e-01
33693 +1.698112653e+00 +1.698112653e+00 -5.755188735e+01 -5.755188735e+01 +2.6544e+00 +9.5470e-02
34103 +1.652763172e+00 +1.652763172e+00 -5.759723683e+01 -5.759723683e+01 +2.6554e+00 +7.8605e-02
34154 +1.621293429e+00 +1.621293429e+00 -5.762870657e+01 -5.762870657e+01 +2.6562e+00 +6.4798e-02
35425 +1.584734492e+00 +1.584734492e+00 -5.766526551e+01 -5.766526551e+01 +2.6569e+00 +5.2018e-02
35674 +1.547012975e+00 +1.547012975e+00 -5.770298702e+01 -5.770298702e+01 +2.6579e+00 +3.5429e-02
36156 +1.501994954e+00 +1.501994954e+00 -5.774800505e+01 -5.774800505e+01 +2.6589e+00 +1.5336e-02
36302 +1.476970268e+00 +1.476970268e+00 -5.777302973e+01 -5.777302973e+01 +2.6596e+00 +2.7158e-03
36956 +1.443872159e+00 +1.443872159e+00 -5.780612784e+01 -5.780612784e+01 +2.6601e+00 -5.2197e-03
37261 +1.402753010e+00 +1.402753010e+00 -5.784724699e+01 -5.784724699e+01 +2.6611e+00 -2.2348e-02
37780 +1.376129881e+00 +1.376129881e+00 -5.787387012e+01 -5.787387012e+01 +2.6617e+00 -3.4500e-02
38400 +1.348733559e+00 +1.348733559e+00 -5.790126644e+01 -5.790126644e+01 +2.6625e+00 -4.5855e-02
38866 +1.316199653e+00 +1.316199653e+00 -5.793380035e+01 -5.793380035e+01 +2.6633e+00 -6.0552e-02
39163 +1.286829819e+00 +1.286829819e+00 -5.796317018e+01 -5.796317018e+01 +2.6640e+00 -7.2562e-02
39619 +1.258844149e+00 +1.258844149e+00 -5.799115585e+01 -5.799115585e+01 +2.6649e+00 -8.7608e-02
40022 +1.222293120e+00 +1.222293120e+00 -5.802770688e+01 -5.802770688e+01 +2.6656e+00 -1.0176e-01
40119 +1.200171944e+00 +1.200171944e+00 -5.804982806e+01 -5.804982806e+01 +2.6662e+00 -1.1130e-01
40309 +1.165701115e+00 +1.165701115e+00 -5.808429889e+01 -5.808429889e+01 +2.6670e+00 -1.2694e-01
41320 +1.144017566e+00 +1.144017566e+00 -5.810598243e+01 -5.810598243e+01 +2.6676e+00 -1.3700e-01
41672 +1.121827127e+00 +1.121827127e+00 -5.812817287e+01 -5.812817287e+01 +2.6682e+00 -1.4738e-01
41819 +1.080786690e+00 +1.080786690e+00 -5.816921331e+01 -5.816921331e+01 +2.6693e+00 -1.6686e-01
42102 +1.069485715e+00 +1.069485715e+00 -5.818051429e+01 -5.818051429e+01 +2.6696e+00 -1.7254e-01
42770 +1.043233752e+00 +1.043233752e+00 -5.820676625e+01 -5.820676625e+01 +2.6703e+00 -1.8511e-01
43018 +1.011777940e+00 +1.011777940e+00 -5.823822206e+01 -5.823822206e+01 +2.6712e+00 -2.0199e-01
43109 +9.975950711e-01 +9.975950711e-01 -5.825240493e+01 -5.825240493e+01 +2.6716e+00 -2.0764e-01
43579 +9.683982989e-01 +9.683982989e-01 -5.828160170e+01 -5.828160170e+01 +2.6724e+00 -2.2241e-01
43599 +9.433234450e-01 +9.433234450e-01 -5.830667656e+01 -5.830667656e+01 +2.6732e+00 -2.3554e-01
43868 +9.195169543e-01 +9.195169543e-01 -5.833048305e+01 -5.833048305e+01 +2.6738e+00 -2.4745e-01
% function evaluation | noise-free fitness - Fopt (-2.707000000000e+01) | best noise-free fitness - Fopt | measured fitness | best measured fitness | x1 | x2...
1 +5.965960596e+06 +5.965960596e+06 +5.965933526e+06 +5.965933526e+06 +0.0000e+00 +0.0000e+00
2 +2.427818944e+06 +2.427818944e+06 +2.427791874e+06 +2.427791874e+06 +4.2327e+00 +3.7224e+00
3 +1.449227629e+06 +1.449227629e+06 +1.449200559e+06 +1.449200559e+06 +4.1070e+00 +3.4129e+00
27 +6.547723289e+05 +6.547723289e+05 +6.547452589e+05 +6.547452589e+05 +3.8347e+00 +3.5299e+00
47 +2.852768565e+04 +2.852768565e+04 +2.850061565e+04 +2.850061565e+04 +3.3701e+00 +3.5917e+00
68 +2.715958235e+03 +2.715958235e+03 +2.688888235e+03 +2.688888235e+03 +3.2714e+00 +3.7840e+00
139 +2.367893963e+02 +2.367893963e+02 +2.097193963e+02 +2.097193963e+02 +3.2224e+00 +3.5735e+00
154 +1.578683616e+02 +1.578683616e+02 +1.307983616e+02 +1.307983616e+02 +3.2215e+00 +3.7906e+00
176 +1.247537079e+01 +1.247537079e+01 -1.459462921e+01 -1.459462921e+01 +3.2324e+00 +3.6545e+00
230 +1.744417622e+00 +1.744417622e+00 -2.532558238e+01 -2.532558238e+01 +3.2352e+00 +3.6283e+00
629 +9.079765312e-01 +9.079765312e-01 -2.616202347e+01 -2.616202347e+01 +3.2141e+00 +3.2165e+00
757 +8.450086298e-01 +8.450086298e-01 -2.622499137e+01 -2.622499137e+01 +3.2209e+00 +3.2854e+00
786 +6.602858571e-01 +6.602858571e-01 -2.640971414e+01 -2.640971414e+01 +3.2100e+00 +3.1864e+00
12900 +6.442032565e-01 +6.442032565e-01 -2.642579674e+01 -2.642579674e+01 +3.2100e+00 +3.1848e+00
13923 +6.294557818e-01 +6.294557818e-01 -2.644054422e+01 -2.644054422e+01 +3.2090e+00 +3.1773e+00
15384 +6.164861744e-01 +6.164861744e-01 -2.645351383e+01 -2.645351383e+01 +3.2080e+00 +3.1699e+00
16574 +6.019385454e-01 +6.019385454e-01 -2.646806145e+01 -2.646806145e+01 +3.2069e+00 +3.1612e+00
18967 +5.887737940e-01 +5.887737940e-01 -2.648122621e+01 -2.648122621e+01 +3.2059e+00 +3.1535e+00
20739 +5.754157843e-01 +5.754157843e-01 -2.649458422e+01 -2.649458422e+01 +3.2048e+00 +3.1455e+00
24007 +5.622931254e-01 +5.622931254e-01 -2.650770687e+01 -2.650770687e+01 +3.2037e+00 +3.1375e+00
26653 +5.494943145e-01 +5.494943145e-01 -2.652050569e+01 -2.652050569e+01 +3.2026e+00 +3.1296e+00
28993 +5.370177406e-01 +5.370177406e-01 -2.653298226e+01 -2.653298226e+01 +3.2015e+00 +3.1217e+00
31690 +5.247898408e-01 +5.247898408e-01 -2.654521016e+01 -2.654521016e+01 +3.2003e+00 +3.1140e+00
33976 +5.125428726e-01 +5.125428726e-01 -2.655745713e+01 -2.655745713e+01 +3.1991e+00 +3.1060e+00
35932 +5.010017474e-01 +5.010017474e-01 -2.656899825e+01 -2.656899825e+01 +3.1980e+00 +3.0984e+00
38939 +4.888455649e-01 +4.888455649e-01 -2.658115444e+01 -2.658115444e+01 +3.1967e+00 +3.0905e+00
42846 +4.784994244e-01 +4.784994244e-01 -2.659150058e+01 -2.659150058e+01 +3.1957e+00 +3.0836e+00
% function evaluation | noise-free fitness - Fopt (-5.279000000000e+01) | best noise-free fitness - Fopt | measured fitness | best measured fitness | x1 | x2...
1 +3.772933139e+06 +3.772933139e+06 +3.772880349e+06 +3.772880349e+06 +0.0000e+00 +0.0000e+00
2 +3.201323483e+06 +3.201323483e+06 +3.201270693e+06 +3.201270693e+06 -2.7694e+00 -1.7429e-01
3 +2.936865017e+06 +2.936865017e+06 +2.936812227e+06 +2.936812227e+06 -2.5347e+00 -1.9598e-01
6 +2.597682025e+06 +2.597682025e+06 +2.597629235e+06 +2.597629235e+06 -2.5594e+00 -2.7803e-01
8 +2.497079164e+06 +2.497079164e+06 +2.497026374e+06 +2.497026374e+06 -2.5217e+00 -2.9959e-01
11 +2.133807715e+06 +2.133807715e+06 +2.133754925e+06 +2.133754925e+06 -2.5755e+00 -4.0392e-01
25 +1.654614778e+06 +1.654614778e+06 +1.654561988e+06 +1.654561988e+06 -2.2912e+00 -5.6012e-01
41 +1.424295757e+06 +1.424295757e+06 +1.424242967e+06 +1.424242967e+06 -2.4710e+00 -6.5301e-01
48 +1.356079372e+06 +1.356079372e+06 +1.356026582e+06 +1.356026582e+06 -2.4631e+00 -6.8375e-01
54 +8.204495814e+05 +8.204495814e+05 +8.203967914e+05 +8.203967914e+05 -2.2990e+00 -1.0145e+00
57 +3.084914786e+05 +3.084914786e+05 +3.084386886e+05 +3.084386886e+05 -2.2185e+00 -1.3870e+00
71 +2.890815569e+04 +2.890815569e+04 +2.885536569e+04 +2.885536569e+04 -1.0451e+00 -2.1124e+00
85 +4.547158790e+03 +4.547158790e+03 +4.494368790e+03 +4.494368790e+03 -1.4564e+00 -2.0098e+00
110 +2.650757121e+02 +2.650757121e+02 +2.122857121e+02 +2.122857121e+02 -1.2208e+00 -1.9263e+00
225 +1.145684695e+01 +1.145684695e+01 -4.133315305e+01 -4.133315305e+01 -2.0970e+00 -1.9395e+00
286 +4.713636163e+00 +4.713636163e+00 -4.807636384e+01 -4.807636384e+01 -1.7622e+00 -1.9426e+00
516 +4.587442169e+00 +4.587442169e+00 -4.820255783e+01 -4.820255783e+01 -1.8003e+00 -1.9427e+00
1019 +4.546995355e+00 +4.546995355e+00 -4.824300464e+01 -4.824300464e+01 -1.7921e+00 -1.9423e+00
1038 +4.224330268e+00 +4.224330268e+00 -4.856566973e+01 -4.856566973e+01 -1.9535e+00 -1.9418e+00
1063 +3.977910402e+00 +3.977910402e+00 -4.881208960e+01 -4.881208960e+01 -1.9394e+00 -1.9422e+00
1069 +3.550611440e+00 +3.550611440e+00 -4.923938856e+01 -4.923938856e+01 -2.1470e+00 -1.9430e+00
1088 +3.136454010e+00 +3.136454010e+00 -4.965354599e+01 -4.965354599e+01 -2.3705e+00 -1.9415e+00
1100 +2.912080543e+00 +2.912080543e+00 -4.987791946e+01 -4.987791946e+01 -2.2320e+00 -1.9422e+00
1106 +9.512907662e-01 +9.512907662e-01 -5.183870923e+01 -5.183870923e+01 -2.9474e+00 -1.9424e+00
1110 +6.296664781e-01 +6.296664781e-01 -5.216033352e+01 -5.216033352e+01 -3.3257e+00 -1.9419e+00
1129 +5.661295248e-01 +5.661295248e-01 -5.222387048e+01 -5.222387048e+01 -3.1986e+00 -1.9426e+00
1154 +9.736353187e-02 +9.736353187e-02 -5.269263647e+01 -5.269263647e+01 -3.6827e+00 -1.9422e+00
1177 +2.431865103e-02 +2.431865103e-02 -5.276568135e+01 -5.276568135e+01 -3.8220e+00 -1.9423e+00
1199 +6.958619349e-03 +6.958619349e-03 -5.278304138e+01 -5.278304138e+01 -3.8428e+00 -1.9424e+00
1433 +8.280497110e-04 +8.280497110e-04 -5.278917195e+01 -5.278917195e+01 -3.8979e+00 -1.9424e+00
1551 +8.222966607e-05 +8.222966607e-05 -5.278991777e+01 -5.278991777e+01 -3.9177e+00 -1.9424e+00
1562 +1.825647781e-05 +1.825647781e-05 -5.278998174e+01 -5.278998174e+01 -3.9174e+00 -1.9424e+00
1782 +1.289939364e-05 +1.289939364e-05 -5.278998710e+01 -5.278998710e+01 -3.9183e+00 -1.9424e+00
1786 +4.116295010e-06 +4.116295010e-06 -5.278999588e+01 -5.278999588e+01 -3.9207e+00 -1.9424e+00
1817 +1.049136785e-06 +1.049136785e-06 -5.278999895e+01 -5.278999895e+01 -3.9207e+00 -1.9424e+00
1881 +2.788719513e-07 +2.788719513e-07 -5.278999972e+01 -5.278999972e+01 -3.9211e+00 -1.9424e+00
1916 +1.786334352e-07 +1.786334352e-07 -5.278999982e+01 -5.278999982e+01 -3.9216e+00 -1.9424e+00
1966 +2.003403665e-08 +2.003403665e-08 -5.278999998e+01 -5.278999998e+01 -3.9217e+00 -1.9424e+00
2116 +8.621618974e-09 +8.621618974e-09 -5.278999999e+01 -5.278999999e+01 -3.9217e+00 -1.9424e+00
