% function evaluation | noise-free fitness - Fopt (7.627000000000e+01) | best noise-free fitness - Fopt | measured fitness | best measured fitness | x1 | x2...
1 +1.557434152e+05 +1.557434152e+05 +1.558196852e+05 +1.558196852e+05 +0.0000e+00 +0.0000e+00 +0.0000e+00 +0.0000e+00 +0.0000e+00 +0.0000e+00 +0.0000e+00 +0.0000e+00 +0.0000e+00 +0.0000e+00
226 +1.526465375e+05 +1.526465375e+05 +1.527228075e+05 +1.527228075e+05 -6.2635e+00 -9.5446e-02 +1.4484e+00 +5.8899e-01 -4.0860e+00 +5.7035e+00 -1.0135e+00 -1.6322e+00 -1.3469e+00 +3.1121e+00
233 +2.252022059e+03 +2.252022059e+03 +2.328292059e+03 +2.328292059e+03 -5.4883e+00 -4.2479e-01 +1.6893e+00 -1.4013e-01 -2.8337e+00 +3.5132e+00 -2.7155e+00 +3.9468e-01 -2.7747e-01 -2.1765e-01
234 +2.630948891e+02 +2.630948891e+02 +3.393648891e+02 +3.393648891e+02 -8.3934e+00 -1.0551e+00 +2.7760e+00 +4.0244e-01 -3.5939e+00 +6.1684e+00 -9.7602e-01 -3.1637e+00 -5.5524e-02 +2.1358e+00
264 +1.431230454e+02 +1.431230454e+02 +2.193930454e+02 +2.193930454e+02 -6.5555e+00 -5.8487e-01 +2.5940e-01 +1.6757e+00 -2.0347e+00 +6.1823e+00 -1.9426e+00 -2.7222e+00 -7.5763e-02 +1.8255e+00
15122 +1.412177521e+02 +1.412177521e+02 +2.174877521e+02 +2.174877521e+02 -5.9587e+00 -1.8582e+00 -6.8051e-01 +2.2246e+00 -2.9130e+00 +7.2873e+00 -3.1990e+00 -1.4078e+00 +9.7681e-01 +2.4899e+00
16218 +1.378115594e+02 +1.378115594e+02 +2.140815594e+02 +2.140815594e+02 -5.7714e+00 -1.8584e+00 -6.8161e-01 +2.2084e+00 -2.9111e+00 +7.2110e+00 -3.2040e+00 -1.4186e+00 +9.6211e-01 +2.4915e+00
17904 +1.346918767e+02 +1.346918767e+02 +2.109618767e+02 +2.109618767e+02 -5.6140e+00 -1.8612e+00 -6.7985e-01 +2.2151e+00 -2.9108e+00 +7.1157e+00 -3.2077e+00 -1.4381e+00 +9.1294e-01 +2.5040e+00
18743 +1.314861422e+02 +1.314861422e+02 +2.077561422e+02 +2.077561422e+02 -5.4594e+00 -1.8642e+00 -6.7648e-01 +2.2136e+00 -2.9154e+00 +7.0556e+00 -3.1732e+00 -1.4329e+00 +8.3993e-01 +2.5025e+00
19478 +1.287896305e+02 +1.287896305e+02 +2.050596305e+02 +2.050596305e+02 -5.3895e+00 -1.8434e+00 -6.7896e-01 +2.2093e+00 -2.9131e+00 +6.9868e+00 -3.1325e+00 -1.4154e+00 +6.8938e-01 +2.5168e+00
20660 +1.258889020e+02 +1.258889020e+02 +2.021589020e+02 +2.021589020e+02 -5.3123e+00 -1.8342e+00 -6.7188e-01 +2.2175e+00 -2.9083e+00 +6.8722e+00 -3.1634e+00 -1.4509e+00 +5.0687e-01 +2.5274e+00
% function evaluation | noise-free fitness - Fopt (-2.255000000000e+01) | best noise-free fitness - Fopt | measured fitness | best measured fitness | x1 | x2...
1 +2.457636689e+04 +2.457636689e+04 +2.455381689e+04 +2.455381689e+04 +0.0000e+00 +0.0000e+00 +0.0000e+00 +0.0000e+00 +0.0000e+00 +0.0000e+00 +0.0000e+00 +0.0000e+00 +0.0000e+00 +0.0000e+00
107 +1.260419194e+04 +1.260419194e+04 +1.258164194e+04 +1.258164194e+04 -1.0943e-01 +1.7338e+00 +2.6031e+00 -2.6990e+00 -4.6049e+00 -1.5075e-01 +3.4450e-01 -2.7081e+00 -2.2340e+00 +2.6650e+00
109 +1.099031148e+04 +1.099031148e+04 +1.096776148e+04 +1.096776148e+04 -5.1462e-01 +1.5051e+00 +2.9365e+00 -3.1374e+00 -4.0796e+00 -3.9034e-01 -1.0911e-01 -2.6952e+00 -2.2526e+00 +2.6423e+00
116 +6.488874334e+03 +6.488874334e+03 +6.466324334e+03 +6.466324334e+03 -3.0379e-01 +1.8490e+00 +2.3053e+00 -2.5832e+00 -3.9189e+00 +2.6666e-02 +3.3816e-01 -2.8074e+00 -1.6686e+00 +3.2703e+00
117 +3.597455523e+03 +3.597455523e+03 +3.574905523e+03 +3.574905523e+03 -5.1985e-01 +1.2491e+00 +1.9786e+00 -2.5688e+00 -4.4942e+00 -5.7702e-01 +2.2132e-01 -2.8718e+00 -1.9198e+00 +3.3835e+00
124 +3.390159674e+03 +3.390159674e+03 +3.367609674e+03 +3.367609674e+03 -1.1739e+00 +1.5644e+00 +2.5652e+00 -2.9426e+00 -4.1164e+00 -6.1136e-01 -5.8011e-01 -2.5683e+00 -2.0202e+00 +2.5562e+00
128 +1.050984858e+03 +1.050984858e+03 +1.028434858e+03 +1.028434858e+03 +5.5409e-02 +1.9748e+00 +3.0514e+00 -2.9767e+00 -4.3672e+00 -2.5327e-01 +3.4758e-01 -2.5981e+00 -1.2713e+00 +3.1996e+00
154 +6.140751745e+02 +6.140751745e+02 +5.915251745e+02 +5.915251745e+02 -7.3285e-01 +1.6685e+00 +2.5114e+00 -2.9518e+00 -4.3173e+00 -2.5342e-01 -8.9098e-02 -2.5530e+00 -1.9200e+00 +2.9915e+00
182 +7.938251963e+01 +7.938251963e+01 +5.683251963e+01 +5.683251963e+01 -5.9555e-01 +1.4816e+00 +2.5640e+00 -2.9989e+00 -4.1416e+00 +1.5729e-01 +2.8622e-01 -3.0447e+00 -2.2183e+00 +2.9532e+00
506 +7.581905481e+01 +7.581905481e+01 +5.326905481e+01 +5.326905481e+01 -1.2401e+00 +1.4594e+00 +3.1601e+00 -2.4977e+00 -3.9211e+00 -7.3710e-02 -5.5564e-01 -2.6554e+00 -1.7345e+00 +2.6749e+00
745 +7.364703793e+01 +7.364703793e+01 +5.109703793e+01 +5.109703793e+01 -1.5300e+00 +1.7238e+00 +2.9485e+00 -2.4567e+00 -3.5745e+00 -1.7665e-01 -9.4477e-01 -2.4105e+00 -1.0239e+00 +2.9200e+00
9937 +7.063410628e+01 +7.063410628e+01 +4.808410628e+01 +4.808410628e+01 -1.6952e+00 +1.3166e+00 +2.6673e+00 -2.2240e+00 -3.0769e+00 +5.5850e-02 -5.7920e-01 -2.7613e+00 -1.0500e+00 +3.2683e+00
10388 +6.905362314e+01 +6.905362314e+01 +4.650362314e+01 +4.650362314e+01 -1.6995e+00 +1.3243e+00 +2.6698e+00 -2.2257e+00 -2.8363e+00 +5.5769e-02 -5.8026e-01 -2.7738e+00 -1.0888e+00 +3.2620e+00
10515 +6.759045901e+01 +6.759045901e+01 +4.504045901e+01 +4.504045901e+01 -1.7074e+00 +1.3277e+00 +2.6825e+00 -2.2268e+00 -2.7273e+00 +5.3845e-02 -5.8375e-01 -2.7709e+00 -1.0615e+00 +3.2657e+00
10765 +6.517281766e+01 +6.517281766e+01 +4.262281766e+01 +4.262281766e+01 -1.7083e+00 +1.3209e+00 +2.6943e+00 -2.2210e+00 -2.4598e+00 +5.2961e-02 -5.7269e-01 -2.7676e+00 -1.0516e+00 +3.2603e+00
10992 +6.350255732e+01 +6.350255732e+01 +4.095255732e+01 +4.095255732e+01 -1.7046e+00 +1.3293e+00 +2.7155e+00 -2.2300e+00 -2.2769e+00 +4.7932e-02 -5.7100e-01 -2.7290e+00 -1.0333e+00 +3.2560e+00
11248 +6.294783852e+01 +6.294783852e+01 +4.039783852e+01 +4.039783852e+01 -1.6998e+00 +1.3245e+00 +2.7039e+00 -2.2232e+00 -2.1905e+00 +3.7214e-02 -5.6134e-01 -2.6988e+00 -1.0381e+00 +3.2661e+00
12006 +6.163010391e+01 +6.163010391e+01 +3.908010391e+01 +3.908010391e+01 -1.7000e+00 +1.3297e+00 +2.7159e+00 -2.2404e+00 -2.0509e+00 +3.1141e-02 -5.6039e-01 -2.7147e+00 -1.0314e+00 +3.2591e+00
12102 +6.019683774e+01 +6.019683774e+01 +3.764683774e+01 +3.764683774e+01 -1.7019e+00 +1.3277e+00 +2.7250e+00 -2.2372e+00 -1.8803e+00 +2.5978e-02 -5.5900e-01 -2.7248e+00 -1.0167e+00 +3.2531e+00
12846 +5.884559101e+01 +5.884559101e+01 +3.629559101e+01 +3.629559101e+01 -1.7001e+00 +1.3308e+00 +2.7205e+00 -2.2369e+00 -1.7058e+00 +2.6382e-02 -5.5665e-01 -2.7238e+00 -1.0216e+00 +3.2411e+00
13077 +5.743832917e+01 +5.743832917e+01 +3.488832917e+01 +3.488832917e+01 -1.7036e+00 +1.3283e+00 +2.7170e+00 -2.2304e+00 -1.5089e+00 +2.9358e-02 -5.5510e-01 -2.7295e+00 -1.0200e+00 +3.2268e+00
13411 +5.622445815e+01 +5.622445815e+01 +3.367445815e+01 +3.367445815e+01 -1.7070e+00 +1.3297e+00 +2.7108e+00 -2.2376e+00 -1.3671e+00 +2.2462e-02 -5.5713e-01 -2.7363e+00 -1.0185e+00 +3.2128e+00
13671 +5.495096266e+01 +5.495096266e+01 +3.240096266e+01 +3.240096266e+01 -1.7077e+00 +1.3293e+00 +2.7131e+00 -2.2303e+00 -1.2119e+00 +2.4060e-02 -5.5649e-01 -2.7243e+00 -1.0025e+00 +3.2045e+00
14076 +5.350256771e+01 +5.350256771e+01 +3.095256771e+01 +3.095256771e+01 -1.7087e+00 +1.3300e+00 +2.7198e+00 -2.2246e+00 -9.9807e-01 +2.0004e-02 -5.5502e-01 -2.7160e+00 -9.9761e-01 +3.1967e+00
14721 +5.245095035e+01 +5.245095035e+01 +2.990095035e+01 +2.990095035e+01 -1.7120e+00 +1.3318e+00 +2.7142e+00 -2.2278e+00 -8.4393e-01 +2.0992e-02 -5.5509e-01 -2.7248e+00 -9.9274e-01 +3.1845e+00
15314 +5.116400274e+01 +5.116400274e+01 +2.861400274e+01 +2.861400274e+01 -1.7111e+00 +1.3313e+00 +2.7109e+00 -2.2237e+00 -6.1060e-01 +2.3304e-02 -5.5594e-01 -2.7198e+00 -9.9312e-01 +3.1541e+00
16322 +5.009533074e+01 +5.009533074e+01 +2.754533074e+01 +2.754533074e+01 -1.7124e+00 +1.3325e+00 +2.7085e+00 -2.2255e+00 -4.4050e-01 +2.1946e-02 -5.5595e-01 -2.7274e+00 -9.8335e-01 +3.1381e+00
16909 +4.871363089e+01 +4.871363089e+01 +2.616363089e+01 +2.616363089e+01 -1.7105e+00 +1.3329e+00 +2.7133e+00 -2.2251e+00 -1.4481e-01 +2.4439e-02 -5.5604e-01 -2.7332e+00 -9.7587e-01 +3.0998e+00
17410 +4.783428085e+01 +4.783428085e+01 +2.528428085e+01 +2.528428085e+01 -1.7103e+00 +1.3320e+00 +2.7118e+00 -2.2263e+00 +4.6575e-02 +2.3366e-02 -5.5568e-01 -2.7391e+00 -9.8052e-01 +3.0744e+00
17697 +4.670192431e+01 +4.670192431e+01 +2.415192431e+01 +2.415192431e+01 -1.7100e+00 +1.3339e+00 +2.7093e+00 -2.2283e+00 +3.1210e-01 +1.7463e-02 -5.5572e-01 -2.7336e+00 -9.7901e-01 +3.0506e+00
18779 +4.570016219e+01 +4.570016219e+01 +2.315016219e+01 +2.315016219e+01 -1.7116e+00 +1.3328e+00 +2.7046e+00 -2.2306e+00 +4.9521e-01 +2.3454e-02 -5.5690e-01 -2.7420e+00 -9.4793e-01 +3.0229e+00
19290 +4.463127344e+01 +4.463127344e+01 +2.208127344e+01 +2.208127344e+01 -1.7117e+00 +1.3330e+00 +2.6895e+00 -2.2270e+00 +7.1252e-01 +1.5946e-02 -5.5709e-01 -2.7522e+00 -9.4270e-01 +3.0049e+00
20084 +4.358884145e+01 +4.358884145e+01 +2.103884145e+01 +2.103884145e+01 -1.7118e+00 +1.3326e+00 +2.6795e+00 -2.2272e+00 +9.5839e-01 +1.7944e-02 -5.5735e-01 -2.7684e+00 -9.3287e-01 +2.9717e+00
21710 +4.263517820e+01 +4.263517820e+01 +2.008517820e+01 +2.008517820e+01 -1.7090e+00 +1.3327e+00 +2.6925e+00 -2.2304e+00 +1.3120e+00 +9.6072e-03 -5.5700e-01 -2.7688e+00 -9.0301e-01 +2.9350e+00
% function evaluation | noise-free fitness - Fopt (1.366000000000e+01) | best noise-free fitness - Fopt | measured fitness | best measured fitness | x1 | x2...
1 +3.519875254e+06 +3.519875254e+06 +3.519888914e+06 +3.519888914e+06 +0.0000e+00 +0.0000e+00 +0.0000e+00 +0.0000e+00 +0.0000e+00 +0.0000e+00 +0.0000e+00 +0.0000e+00 +0.0000e+00 +0.0000e+00
2 +3.169995469e+06 +3.169995469e+06 +3.170009129e+06 +3.170009129e+06 +1.6699e-01 -1.4213e-01 -2.9828e+00 -1.5435e+00 -5.7858e-01 +3.7302e+00 +2.2229e+00 -4.3355e+00 -2.6812e+00 -3.5019e+00
3 +2.118745991e+06 +2.118745991e+06 +2.118759651e+06 +2.118759651e+06 +4.6563e-01 -1.9590e-01 -3.1027e+00 -1.4448e+00 -4.1465e-01 +3.4242e+00 +2.3716e+00 -4.2894e+00 -2.9554e+00 -3.3971e+00
24 +2.066661177e+06 +2.066661177e+06 +2.066674837e+06 +2.066674837e+06 +3.4466e-01 -1.8217e-01 -2.9780e+00 -1.4231e+00 -3.4627e-01 +3.3013e+00 +2.2776e+00 -4.3592e+00 -2.9201e+00 -3.1626e+00
37 +2.032527222e+06 +2.032527222e+06 +2.032540882e+06 +2.032540882e+06 +6.5000e-01 -1.3386e-01 -2.9573e+00 -1.4616e+00 -4.0948e-01 +3.5126e+00 +2.6043e+00 -4.1406e+00 -2.7922e+00 -3.1663e+00
46 +1.727287206e+06 +1.727287206e+06 +1.727300866e+06 +1.727300866e+06 +6.4562e-01 +8.6893e-02 -3.2934e+00 -1.5665e+00 -3.3107e-01 +3.3112e+00 +2.5160e+00 -4.4137e+00 -3.0417e+00 -3.2737e+00
72 +5.777528037e+05 +5.777528037e+05 +5.777664637e+05 +5.777664637e+05 +4.4415e-01 +2.9913e-01 -3.0709e+00 -1.2956e+00 -5.0885e-01 +2.8752e+00 +2.8088e+00 -4.5701e+00 -2.9745e+00 -3.6398e+00
90 +5.443717803e+05 +5.443717803e+05 +5.443854403e+05 +5.443854403e+05 +4.1655e-01 +1.6774e-01 -3.1942e+00 -1.7986e+00 -5.9045e-01 +2.5944e+00 +2.7772e+00 -4.5208e+00 -2.9702e+00 -3.4672e+00
93 +5.098896446e+05 +5.098896446e+05 +5.099033046e+05 +5.099033046e+05 +3.7659e-01 +3.1504e-02 -3.6042e+00 -1.2621e+00 -3.8102e-01 +2.9223e+00 +2.7535e+00 -4.1796e+00 -3.0975e+00 -3.1700e+00
95 +3.665786816e+05 +3.665786816e+05 +3.665923416e+05 +3.665923416e+05 -6.6057e-02 +5.0019e-01 -3.1456e+00 -1.3361e+00 -1.9977e-01 +2.9113e+00 +2.7810e+00 -4.6498e+00 -2.7962e+00 -3.0603e+00
112 +1.352996690e+05 +1.352996690e+05 +1.353133290e+05 +1.353133290e+05 +3.5896e-01 +3.8974e-01 -3.5802e+00 -1.2062e+00 -5.3933e-01 +1.9662e+00 +2.5203e+00 -4.3294e+00 -3.2107e+00 -3.4875e+00
124 +4.797453767e+04 +4.797453767e+04 +4.798819767e+04 +4.798819767e+04 +2.8270e-01 +2.1039e-01 -3.5910e+00 -9.3350e-01 -6.1907e-01 +2.5837e+00 +3.0365e+00 -4.8707e+00 -2.9735e+00 -3.0143e+00
145 +3.053959038e+02 +3.053959038e+02 +3.190559038e+02 +3.190559038e+02 +3.7684e-01 +4.9871e-01 -3.8898e+00 -7.2143e-01 +3.3267e-01 +2.2270e+00 +2.5417e+00 -4.0502e+00 -3.2930e+00 -2.9811e+00
154 +9.453538511e+01 +9.453538511e+01 +1.081953851e+02 +1.081953851e+02 +1.3221e-01 +5.3256e-01 -3.5888e+00 -8.5202e-01 -4.5329e-01 +2.2126e+00 +3.0784e+00 -4.3309e+00 -3.0104e+00 -3.4325e+00
230 +8.253375165e+01 +8.253375165e+01 +9.619375165e+01 +9.619375165e+01 +6.8236e-01 +1.0733e+00 -3.7696e+00 -1.2341e+00 -8.9817e-01 +2.1596e+00 +2.1763e+00 -4.4667e+00 -3.0508e+00 -1.4677e+00
% function evaluation | noise-free fitness - Fopt (9.378400000000e+02) | best noise-free fitness - Fopt | measured fitness | best measured fitness | x1 | x2...
1 +6.003504301e+06 +6.003504301e+06 +6.004442141e+06 +6.004442141e+06 +0.0000e+00 +0.0000e+00 +0.0000e+00 +0.0000e+00 +0.0000e+00 +0.0000e+00 +0.0000e+00 +0.0000e+00 +0.0000e+00 +0.0000e+00
2 +2.044309958e+06 +2.044309958e+06 +2.045247798e+06 +2.045247798e+06 +5.0450e+00 +1.5366e+00 +1.2443e+00 -8.4900e-01 +1.0430e+00 -3.6045e+00 -1.1038e+00 -1.2983e+00 +2.1202e+00 +2.6473e+00
3 +1.827221608e+06 +1.827221608e+06 +1.828159448e+06 +1.828159448e+06 +4.8972e+00 +1.6706e+00 +1.0076e+00 -6.8848e-01 +1.1305e+00 -3.2148e+00 -1.1566e+00 -1.4007e+00 +2.0915e+00 +2.7340e+00
5 +1.592531357e+06 +1.592531357e+06 +1.593469197e+06 +1.593469197e+06 +4.8899e+00 +1.6016e+00 +1.1581e+00 -8.0232e-01 +1.1485e+00 -3.3715e+00 -1.1180e+00 -1.6150e+00 +2.0550e+00 +2.6763e+00
10 +1.563079826e+06 +1.563079826e+06 +1.564017666e+06 +1.564017666e+06 +5.0174e+00 +1.6792e+00 +1.2027e+00 -9.0874e-01 +1.1972e+00 -3.2965e+00 -1.2337e+00 -1.5584e+00 +2.0215e+00 +2.7032e+00
25 +1.099608972e+06 +1.099608972e+06 +1.100546812e+06 +1.100546812e+06 +5.0076e+00 +1.6574e+00 +1.0538e+00 -8.7165e-01 +1.1566e+00 -3.2166e+00 -1.0493e+00 -1.7095e+00 +2.0914e+00 +2.8183e+00
37 +1.087657420e+06 +1.087657420e+06 +1.088595260e+06 +1.088595260e+06 +4.8862e+00 +1.8136e+00 +1.0847e+00 -6.9386e-01 +1.1441e+00 -3.3352e+00 -1.0137e+00 -1.6219e+00 +2.1151e+00 +2.8120e+00
47 +1.057687458e+06 +1.057687458e+06 +1.058625298e+06 +1.058625298e+06 +4.9766e+00 +1.6184e+00 +1.2737e+00 -7.7929e-01 +1.0792e+00 -3.1907e+00 -9.4247e-01 -1.7076e+00 +2.1489e+00 +2.8803e+00
48 +7.761628903e+05 +7.761628903e+05 +7.771007303e+05 +7.771007303e+05 +4.8059e+00 +1.8112e+00 +1.0921e+00 -8.2488e-01 +1.2069e+00 -3.2793e+00 -1.1380e+00 -1.5582e+00 +2.1935e+00 +2.8625e+00
69 +5.832156791e+05 +5.832156791e+05 +5.841535191e+05 +5.841535191e+05 +4.7283e+00 +1.7336e+00 +1.2775e+00 -7.7165e-01 +1.3190e+00 -3.2813e+00 -1.1351e+00 -1.5891e+00 +2.1125e+00 +3.0225e+00
71 +5.160199528e+05 +5.160199528e+05 +5.169577928e+05 +5.169577928e+05 +4.8409e+00 +1.8803e+00 +1.2095e+00 -7.3890e-01 +1.2121e+00 -3.1613e+00 -9.8633e-01 -1.7743e+00 +1.9786e+00 +3.0504e+00
85 +5.027327199e+05 +5.027327199e+05 +5.036705599e+05 +5.036705599e+05 +4.7577e+00 +1.9698e+00 +1.4677e+00 -5.9982e-01 +1.3412e+00 -3.2840e+00 -1.1120e+00 -1.7895e+00 +2.2370e+00 +2.7324e+00
90 +4.950679204e+05 +4.950679204e+05 +4.960057604e+05 +4.960057604e+05 +4.5144e+00 +1.9164e+00 +1.2505e+00 -9.0058e-01 +1.2505e+00 -3.3594e+00 -9.0668e-01 -1.7141e+00 +2.2471e+00 +2.7118e+00
93 +4.828171711e+05 +4.828171711e+05 +4.837550111e+05 +4.837550111e+05 +4.6356e+00 +2.0759e+00 +1.3720e+00 -7.3376e-01 +1.3899e+00 -3.2745e+00 -1.1013e+00 -1.7421e+00 +1.9223e+00 +2.8411e+00
95 +4.497720753e+05 +4.497720753e+05 +4.507099153e+05 +4.507099153e+05 +4.7125e+00 +2.2230e+00 +1.2526e+00 -7.3172e-01 +1.2919e+00 -3.1858e+00 -9.7505e-01 -1.6723e+00 +2.3345e+00 +2.7945e+00
97 +3.982235667e+05 +3.982235667e+05 +3.991614067e+05 +3.991614067e+05 +4.5090e+00 +1.8644e+00 +1.1806e+00 -8.3321e-01 +1.2905e+00 -3.3990e+00 -1.2021e+00 -1.6754e+00 +2.4855e+00 +3.0433e+00
103 +2.487086720e+05 +2.487086720e+05 +2.496465120e+05 +2.496465120e+05 +4.6786e+00 +2.0535e+00 +1.2891e+00 -5.8118e-01 +1.1812e+00 -3.3398e+00 -1.0301e+00 -1.9250e+00 +2.4001e+00 +3.1015e+00
115 +2.218727613e+05 +2.218727613e+05 +2.228106013e+05 +2.228106013e+05 +4.8366e+00 +1.7311e+00 +1.3512e+00 -5.0687e-01 +1.3231e+00 -2.9521e+00 -1.1370e+00 -2.1262e+00 +2.1885e+00 +3.2292e+00
117 +1.009070468e+04 +1.009070468e+04 +1.102854468e+04 +1.102854468e+04 +4.4270e+00 +2.3687e+00 +1.6937e+00 -1.0853e+00 +1.2524e+00 -3.3294e+00 -1.0504e+00 -2.1803e+00 +2.0527e+00 +2.9389e+00
145 +3.170637475e+03 +3.170637475e+03 +4.108477475e+03 +4.108477475e+03 +4.4683e+00 +1.9430e+00 +2.0644e+00 -6.4326e-01 +1.1713e+00 -3.2234e+00 -1.1463e+00 -2.8279e+00 +2.0446e+00 +3.0631e+00
154 +2.907503573e+03 +2.907503573e+03 +3.845343573e+03 +3.845343573e+03 +4.5058e+00 +2.2138e+00 +1.4881e+00 -8.3663e-01 +1.2780e+00 -3.0885e+00 -1.1748e+00 -2.5806e+00 +2.1447e+00 +2.9793e+00
168 +1.196275009e+02 +1.196275009e+02 +1.057467501e+03 +1.057467501e+03 +4.5966e+00 +2.3234e+00 +1.1122e+00 -1.0282e+00 +1.1216e+00 -2.6220e+00 -1.7484e+00 -2.0465e+00 +2.3109e+00 +3.3924e+00
191 +1.044080828e+02 +1.044080828e+02 +1.042248083e+03 +1.042248083e+03 +4.5529e+00 +2.3587e+00 +1.2885e+00 -5.9816e-01 +1.4623e+00 -2.6624e+00 -8.8883e-01 -2.3426e+00 +2.3733e+00 +2.7835e+00
220 +9.911476931e+01 +9.911476931e+01 +1.036954769e+03 +1.036954769e+03 +4.4304e+00 +2.2297e+00 +1.6776e+00 -9.3182e-01 +9.8080e-01 -3.0058e+00 -9.4534e-01 -2.3265e+00 +2.4847e+00 +3.0205e+00
376 +8.969207895e+01 +8.969207895e+01 +1.027532079e+03 +1.027532079e+03 +3.5874e+00 +1.8466e+00 +2.1244e+00 -4.4999e-01 +5.3037e-01 -3.0366e+00 -9.2367e-01 -2.1904e+00 +2.6241e+00 +3.2410e+00
% function evaluation | noise-free fitness - Fopt (-7.872000000000e+01) | best noise-free fitness - Fopt | measured fitness | best measured fitness | x1 | x2...
1 +1.588635920e+05 +1.588635920e+05 +1.587848720e+05 +1.587848720e+05 +0.0000e+00 +0.0000e+00 +0.0000e+00 +0.0000e+00 +0.0000e+00 +0.0000e+00 +0.0000e+00 +0.0000e+00 +0.0000e+00 +0.0000e+00
173 +6.879034322e+02 +6.879034322e+02 +6.091834322e+02 +6.091834322e+02 +4.8646e+00 -3.8845e-01 +3.1209e+00 -2.6192e+00 +2.6632e+00 +4.4986e+00 +5.7070e-01 +6.3050e-01 +7.0909e-01 +1.8090e+00
216 +2.135601536e+02 +2.135601536e+02 +1.348401536e+02 +1.348401536e+02 +5.8774e+00 -9.1318e-01 +3.3676e+00 -3.3610e+00 +2.3003e+00 +4.4724e+00 +6.1859e-01 +6.1935e-01 +4.9335e-01 +2.1393e+00
220 +1.742793637e+02 +1.742793637e+02 +9.555936371e+01 +9.555936371e+01 +5.4805e+00 -3.8278e-01 +3.3792e+00 -3.2550e+00 +2.1639e+00 +4.2192e+00 +4.4029e-01 +6.9805e-01 +2.4267e-01 +2.1245e+00
587 +1.575054271e+02 +1.575054271e+02 +7.878542707e+01 +7.878542707e+01 +5.9980e+00 -2.1547e-01 +3.1958e+00 -4.3736e+00 +1.8560e+00 +3.8650e+00 +7.2093e-01 +1.3779e+00 +5.0384e-01 +1.8629e+00
4641 +1.546693138e+02 +1.546693138e+02 +7.594931385e+01 +7.594931385e+01 +6.1262e+00 +2.5592e-02 +2.0300e+00 -2.3335e+00 +1.4244e+00 +4.1524e+00 -4.6087e-01 +9.2896e-01 +1.1555e+00 +3.6090e+00
14627 +1.513413493e+02 +1.513413493e+02 +7.262134927e+01 +7.262134927e+01 +6.1645e+00 -1.0609e-01 +2.0110e+00 -2.2978e+00 +1.3781e+00 +4.1171e+00 -4.0028e-01 +9.1053e-01 +1.2547e+00 +3.6122e+00
20240 +1.478424261e+02 +1.478424261e+02 +6.912242607e+01 +6.912242607e+01 +6.1558e+00 -1.0731e-01 +1.9910e+00 -2.3000e+00 +1.3737e+00 +4.0335e+00 -3.9992e-01 +9.0846e-01 +1.3850e+00 +3.5993e+00
% function evaluation | noise-free fitness - Fopt (-6.949000000000e+01) | best noise-free fitness - Fopt | measured fitness | best measured fitness | x1 | x2...
1 +3.245719248e+05 +3.245719248e+05 +3.245024348e+05 +3.245024348e+05 +0.0000e+00 +0.0000e+00 +0.0000e+00 +0.0000e+00 +0.0000e+00 +0.0000e+00 +0.0000e+00 +0.0000e+00 +0.0000e+00 +0.0000e+00
121 +1.237750982e+05 +1.237750982e+05 +1.237056082e+05 +1.237056082e+05 +1.7460e-01 -1.2368e+00 +8.5130e-01 -3.1193e+00 -3.9203e-01 +1.9679e+00 +3.6755e+00 +4.5717e+00 +8.9498e-01 -6.3691e-01
153 +1.455260287e+04 +1.455260287e+04 +1.448311287e+04 +1.448311287e+04 +2.1606e-01 -1.2367e+00 +9.4390e-01 -2.7516e+00 +5.8315e-02 +1.2227e+00 +3.4635e+00 +4.8768e+00 +3.2509e-01 -2.5175e-01
165 +1.155449463e+03 +1.155449463e+03 +1.085959463e+03 +1.085959463e+03 -1.8882e-01 -1.3167e+00 +1.6141e+00 -2.5595e+00 -1.2856e-02 +1.2753e+00 +3.0791e+00 +4.8275e+00 +8.6259e-01 -3.5677e-01
220 +1.114341241e+03 +1.114341241e+03 +1.044851241e+03 +1.044851241e+03 +9.2236e-01 -1.2029e+00 +1.3226e+00 -2.3967e+00 +1.2260e+00 +1.6201e+00 +3.0795e+00 +4.6455e+00 +5.0251e-01 +1.6655e-02
225 +8.230411478e+01 +8.230411478e+01 +1.281411478e+01 +1.281411478e+01 +4.7290e-01 -1.1935e+00 +1.1809e+00 -2.1486e+00 +4.6483e-01 +7.5158e-01 +3.3291e+00 +4.4100e+00 +7.7424e-01 +6.0991e-02
260 +5.584549380e+01 +5.584549380e+01 -1.364450620e+01 -1.364450620e+01 +7.3525e-01 -1.0694e+00 +1.5528e+00 -2.0161e+00 +1.0220e+00 +7.8805e-01 +2.1035e+00 +3.4007e+00 +4.2994e-01 +3.3898e-01
% function evaluation | noise-free fitness - Fopt (-2.718000000000e+01) | best noise-free fitness - Fopt | measured fitness | best measured fitness | x1 | x2...
1 +2.519330767e+07 +2.519330767e+07 +2.519328049e+07 +2.519328049e+07 +0.0000e+00 +0.0000e+00 +0.0000e+00 +0.0000e+00 +0.0000e+00 +0.0000e+00 +0.0000e+00 +0.0000e+00 +0.0000e+00 +0.0000e+00
2 +1.944687726e+07 +1.944687726e+07 +1.944685008e+07 +1.944685008e+07 -4.6444e+00 +9.5430e-01 +4.8109e-01 +2.9983e+00 +3.0656e-02 +8.0467e-01 +6.3289e-02 -2.3608e-01 +4.4763e+00 -1.1517e+00
5 +1.786587527e+07 +1.786587527e+07 +1.786584809e+07 +1.786584809e+07 -4.3126e+00 +7.5537e-01 +5.5980e-01 +2.9435e+00 +2.4256e-01 +8.1671e-01 -5.6980e-02 -2.4762e-01 +4.5112e+00 -9.2217e-01
36 +1.716458973e+07 +1.716458973e+07 +1.716456255e+07 +1.716456255e+07 -4.5733e+00 +7.0142e-01 +5.9595e-01 +3.0611e+00 +3.1602e-01 +8.0372e-01 -1.0456e-01 -1.1569e-01 +4.6132e+00 -9.7964e-01
53 +1.660990753e+07 +1.660990753e+07 +1.660988035e+07 +1.660988035e+07 -4.4134e+00 +7.1029e-01 +6.7500e-01 +3.1340e+00 +2.2030e-01 +6.1341e-01 -1.5033e-02 -4.0625e-01 +4.5250e+00 -9.7441e-01
71 +1.630575373e+07 +1.630575373e+07 +1.630572655e+07 +1.630572655e+07 -4.4408e+00 +4.8953e-01 +4.1432e-01 +3.1594e+00 +2.1755e-01 +6.0109e-01 -1.1770e-01 -2.7297e-01 +4.5321e+00 -1.0156e+00
82 +1.569772455e+07 +1.569772455e+07 +1.569769737e+07 +1.569769737e+07 -4.9141e+00 +5.0847e-01 +4.6406e-01 +2.9797e+00 +8.4681e-02 +4.1289e-01 -6.3166e-02 -6.3687e-01 +4.5542e+00 -7.4641e-01
93 +1.460818943e+07 +1.460818943e+07 +1.460816225e+07 +1.460816225e+07 -5.0369e+00 +4.7587e-01 +5.0015e-01 +2.9831e+00 +4.7043e-01 +5.7581e-01 -4.9428e-01 -2.4137e-01 +4.6585e+00 -1.0882e+00
112 +1.379652725e+07 +1.379652725e+07 +1.379650007e+07 +1.379650007e+07 -4.4335e+00 +4.3118e-01 +7.0179e-01 +3.1976e+00 +1.1637e-01 +5.8218e-01 -4.2356e-01 -3.1408e-01 +4.7723e+00 -9.3513e-01
123 +1.248943935e+07 +1.248943935e+07 +1.248941217e+07 +1.248941217e+07 -4.4394e+00 +2.9868e-01 +7.6331e-01 +3.0281e+00 +2.5980e-01 +3.7920e-03 -2.8772e-01 -3.7478e-01 +4.1692e+00 -1.2172e+00
135 +1.142818654e+07 +1.142818654e+07 +1.142815936e+07 +1.142815936e+07 -4.5886e+00 +2.0201e-01 +2.4666e-01 +3.1073e+00 +7.7700e-01 +5.5982e-02 -4.6898e-01 -2.8639e-01 +4.6687e+00 -1.2853e+00
142 +1.094018986e+07 +1.094018986e+07 +1.094016268e+07 +1.094016268e+07 -4.8272e+00 +5.1915e-01 +6.3329e-01 +3.4160e+00 +7.3766e-02 -9.3059e-02 -6.1894e-01 +8.9513e-02 +4.7813e+00 -9.2460e-01
156 +6.603680379e+06 +6.603680379e+06 +6.603653199e+06 +6.603653199e+06 -4.2080e+00 +4.6664e-01 +5.0748e-01 +3.0292e+00 +7.7143e-01 -6.5376e-01 -1.4659e+00 -1.4433e-01 +4.7454e+00 -1.2759e+00
178 +4.798738000e+06 +4.798738000e+06 +4.798710820e+06 +4.798710820e+06 -3.8971e+00 -6.5839e-01 +1.0042e+00 +3.1134e+00 +7.7603e-01 -5.1397e-01 -7.0081e-01 -5.0512e-01 +4.8550e+00 -1.0292e+00
186 +4.561584423e+06 +4.561584423e+06 +4.561557243e+06 +4.561557243e+06 -3.8210e+00 -3.4228e-01 +7.6908e-01 +2.9253e+00 +4.8245e-01 -4.2027e-01 -2.0287e+00 -9.1244e-01 +4.8767e+00 -1.5487e+00
200 +2.077643660e+06 +2.077643660e+06 +2.077616480e+06 +2.077616480e+06 -2.5614e+00 -7.1974e-01 +6.0608e-01 +3.2107e+00 +9.9678e-01 -1.8204e+00 -9.1459e-01 -4.4249e-01 +4.9333e+00 -1.3573e+00
203 +8.433124101e+05 +8.433124101e+05 +8.432852301e+05 +8.432852301e+05 -3.5576e+00 -1.0729e+00 +9.9203e-02 +4.0022e+00 -2.2265e-01 -2.5015e+00 -1.8982e+00 -1.6695e+00 +4.9888e+00 -1.1871e+00
223 +2.139381281e+04 +2.139381281e+04 +2.136663281e+04 +2.136663281e+04 -4.9522e+00 -4.9417e-01 +1.2172e+00 +3.4486e+00 +4.2308e-01 -3.9260e+00 -6.2072e-01 -6.3910e-01 +5.0625e+00 -2.1867e+00
242 +1.224249682e+03 +1.224249682e+03 +1.197069682e+03 +1.197069682e+03 -4.2487e+00 -2.0356e-01 +1.3031e+00 +3.2332e+00 +1.0009e+00 -3.7857e+00 -1.2272e+00 -5.4624e-01 +5.2592e+00 -1.2962e+00
272 +2.536992908e+02 +2.536992908e+02 +2.265192908e+02 +2.265192908e+02 -3.6143e+00 -8.4728e-01 +2.0441e+00 +2.6014e+00 +1.0882e+00 -2.7655e+00 -8.2741e-01 -9.9657e-01 +5.3801e+00 -1.0254e+00
292 +6.665787957e+01 +6.665787957e+01 +3.947787957e+01 +3.947787957e+01 -3.5957e+00 -1.1218e+00 +1.9663e+00 +3.1691e+00 +9.3316e-01 -2.3788e+00 -1.2683e+00 -3.4682e+00 +5.6880e+00 -1.7808e+00
% function evaluation | noise-free fitness - Fopt (-6.968800000000e+02) | best noise-free fitness - Fopt | measured fitness | best measured fitness | x1 | x2...
1 +1.877028118e+07 +1.877028118e+07 +1.876958430e+07 +1.876958430e+07 +0.0000e+00 +0.0000e+00 +0.0000e+00 +0.0000e+00 +0.0000e+00 +0.0000e+00 +0.0000e+00 +0.0000e+00 +0.0000e+00 +0.0000e+00
2 +3.708370302e+05 +3.708370302e+05 +3.701401502e+05 +3.701401502e+05 -1.1350e+00 -6.0055e+00 +6.1908e-01 +2.4248e+00 -4.9536e-01 +4.5364e+00 +1.9079e+00 +4.0692e+00 -2.6388e+00 +1.4165e+00
28 +3.123603831e+05 +3.123603831e+05 +3.116635031e+05 +3.116635031e+05 -9.6432e-01 -6.0735e+00 +5.1382e-01 +2.4315e+00 -6.3266e-01 +4.3918e+00 +1.9544e+00 +3.8283e+00 -2.7375e+00 +1.4884e+00
33 +2.634054693e+05 +2.634054693e+05 +2.627085893e+05 +2.627085893e+05 -9.9314e-01 -6.0686e+00 +4.7174e-01 +2.3820e+00 -5.7961e-01 +4.5917e+00 +2.0169e+00 +4.1691e+00 -2.6137e+00 +1.6776e+00
53 +2.018447252e+05 +2.018447252e+05 +2.011478452e+05 +2.011478452e+05 -9.6923e-01 -5.9187e+00 +4.8257e-01 +2.3406e+00 -5.7608e-01 +4.7138e+00 +1.8963e+00 +4.0985e+00 -2.6926e+00 +1.4367e+00
76 +1.057253349e+05 +1.057253349e+05 +1.050284549e+05 +1.050284549e+05 -8.0377e-01 -5.9581e+00 +4.9223e-01 +2.3506e+00 -7.2748e-01 +4.7848e+00 +1.9684e+00 +3.7956e+00 -2.8078e+00 +1.6036e+00
91 +9.353652429e+04 +9.353652429e+04 +9.283964429e+04 +9.283964429e+04 -6.5066e-01 -5.8340e+00 +4.1927e-01 +2.2921e+00 -8.4678e-01 +4.5555e+00 +1.9652e+00 +3.7598e+00 -2.8132e+00 +1.6216e+00
92 +2.584776368e+04 +2.584776368e+04 +2.515088368e+04 +2.515088368e+04 -8.2298e-01 -5.8225e+00 +3.1513e-01 +2.3260e+00 -9.0341e-01 +4.7318e+00 +1.7935e+00 +3.7984e+00 -2.9057e+00 +1.6176e+00
114 +2.294813713e+04 +2.294813713e+04 +2.225125713e+04 +2.225125713e+04 -7.8334e-01 -5.7517e+00 +3.3638e-01 +2.3258e+00 -9.5816e-01 +4.7933e+00 +1.9258e+00 +3.6234e+00 -3.0176e+00 +1.6775e+00
120 +1.059810292e+02 +1.059810292e+02 -5.908989708e+02 -5.908989708e+02 -9.1124e-01 -5.7052e+00 +3.7032e-01 +2.1485e+00 -1.1785e+00 +4.6850e+00 +1.6770e+00 +3.7623e+00 -2.9111e+00 +1.7818e+00
137 +5.628916172e+01 +5.628916172e+01 -6.405908383e+02 -6.405908383e+02 -6.1841e-01 -6.2088e+00 +1.2579e-02 +2.4076e+00 -8.7810e-01 +4.4928e+00 +1.5458e+00 +4.1331e+00 -2.7233e+00 +1.6898e+00
281 +5.252110127e+01 +5.252110127e+01 -6.443588987e+02 -6.443588987e+02 -8.5867e-01 -6.1037e+00 -1.8578e-01 +2.6220e+00 -5.9280e-01 +4.3412e+00 +9.0724e-01 +3.7017e+00 -3.4457e+00 +1.9229e+00
19670 +5.247059638e+01 +5.247059638e+01 -6.444094036e+02 -6.444094036e+02 -1.2711e+00 -6.8519e+00 -3.6531e-01 +2.0514e+00 -9.3004e-01 +4.1307e+00 +7.9627e-01 +3.3807e+00 -2.7043e+00 +7.9159e-01
% function evaluation | noise-free fitness - Fopt (-4.895300000000e+02) | best noise-free fitness - Fopt | measured fitness | best measured fitness | x1 | x2...
1 +5.568600780e+05 +5.568600780e+05 +5.563705480e+05 +5.563705480e+05 +0.0000e+00 +0.0000e+00 +0.0000e+00 +0.0000e+00 +0.0000e+00 +0.0000e+00 +0.0000e+00 +0.0000e+00 +0.0000e+00 +0.0000e+00
162 +4.130794416e+05 +4.130794416e+05 +4.125899116e+05 +4.125899116e+05 +2.7925e+00 +4.8103e+00 -3.8882e-01 -3.2032e-01 -1.6499e+00 +3.8292e+00 +3.2794e+00 +2.6642e+00 +1.2954e+00 -1.0845e+00
163 +4.008249091e+05 +4.008249091e+05 +4.003353791e+05 +4.003353791e+05 +3.0263e+00 +4.4517e+00 +7.6673e-02 -5.7022e-01 -6.6915e-01 +3.5674e+00 +2.6494e+00 +2.2350e+00 +1.4653e+00 -6.4188e-01
164 +3.659138853e+05 +3.659138853e+05 +3.654243553e+05 +3.654243553e+05 +3.2527e+00 +4.7220e+00 +2.7724e-01 -1.2374e-01 -1.3597e+00 +3.4743e+00 +3.4598e+00 +2.2899e+00 +1.8379e+00 -4.8656e-01
168 +2.776430380e+05 +2.776430380e+05 +2.771535080e+05 +2.771535080e+05 +2.8913e+00 +4.5674e+00 +3.2498e-03 -6.7013e-01 -1.2647e+00 +3.4342e+00 +4.0668e+00 +2.2264e+00 +1.2111e+00 -4.0265e-01
178 +1.096909085e+05 +1.096909085e+05 +1.092013785e+05 +1.092013785e+05 +3.2400e+00 +5.1498e+00 -5.6633e-01 -5.7266e-01 -1.6188e+00 +4.6294e+00 +3.0889e+00 +2.6808e+00 +7.0331e-01 -8.3502e-01
183 +9.766290018e+04 +9.766290018e+04 +9.717337018e+04 +9.717337018e+04 +2.0904e+00 +5.2522e+00 +1.0524e-01 -1.8549e-01 -1.3496e+00 +3.7711e+00 +2.5563e+00 +2.6684e+00 +2.0035e+00 +2.5809e-01
193 +5.313765315e+03 +5.313765315e+03 +4.824235315e+03 +4.824235315e+03 +2.5230e+00 +4.8493e+00 -7.1110e-01 +3.1633e-01 -1.4071e+00 +3.5210e+00 +3.3959e+00 +1.5283e+00 +2.3251e+00 -1.7969e-01
198 +2.834659048e+03 +2.834659048e+03 +2.345129048e+03 +2.345129048e+03 +2.4445e+00 +4.7955e+00 -2.3951e-01 -2.2498e-01 -1.3907e+00 +3.9983e+00 +2.9576e+00 +2.5474e+00 +1.4459e+00 -2.9113e-01
215 +9.177276431e+02 +9.177276431e+02 +4.281976431e+02 +4.281976431e+02 +2.2640e+00 +6.0484e+00 -8.5466e-01 +6.5615e-01 -2.4122e+00 +3.6009e+00 +2.8964e+00 +3.7296e+00 +1.5959e+00 -2.4553e-01
220 +8.764676019e+01 +8.764676019e+01 -4.018832398e+02 -4.018832398e+02 +2.2062e+00 +5.2304e+00 -5.4741e-01 -3.7567e-01 -9.8841e-01 +4.0407e+00 +2.7237e+00 +2.3645e+00 +1.5966e+00 -4.2793e-01
238 +2.909362928e+01 +2.909362928e+01 -4.604363707e+02 -4.604363707e+02 +7.4698e-01 +5.6386e+00 -1.6915e+00 -1.3363e+00 -1.7999e+00 +3.5111e+00 +2.8736e+00 +3.1690e+00 +1.0671e+00 -8.1357e-01
278 +2.587948384e+01 +2.587948384e+01 -4.636505162e+02 -4.636505162e+02 +2.1884e+00 +5.7898e+00 -7.3954e-02 -1.4840e+00 -1.0127e+00 +3.2539e+00 +7.1746e-01 +4.1196e+00 +4.0143e-01 +1.7772e-01
1056 +2.082078008e+01 +2.082078008e+01 -4.687092199e+02 -4.687092199e+02 +1.5740e+00 +5.0599e+00 +1.7947e-01 -2.6127e+00 -1.4834e+00 +3.9825e+00 +2.4536e+00 +3.0453e+00 +1.2703e+00 -7.7494e-03
% function evaluation | noise-free fitness - Fopt (-4.004000000000e+01) | best noise-free fitness - Fopt | measured fitness | best measured fitness | x1 | x2...
1 +1.172182459e+07 +1.172182459e+07 +1.172178455e+07 +1.172178455e+07 +0.0000e+00 +0.0000e+00 +0.0000e+00 +0.0000e+00 +0.0000e+00 +0.0000e+00 +0.0000e+00 +0.0000e+00 +0.0000e+00 +0.0000e+00
96 +1.008678120e+07 +1.008678120e+07 +1.008674116e+07 +1.008674116e+07 +2.5428e+00 -2.7332e+00 -7.6779e-01 +2.8164e+00 +1.0235e+00 +3.0276e+00 -6.3730e-01 -4.3685e+00 -5.6110e+00 +1.0879e+00
115 +7.609207080e+06 +7.609207080e+06 +7.609167040e+06 +7.609167040e+06 +1.8593e+00 -3.0140e+00 -4.0198e-01 +3.0951e+00 +8.3786e-01 +3.0875e+00 -7.0543e-01 -4.4542e+00 -5.4878e+00 +1.4848e+00
121 +6.611476214e+06 +6.611476214e+06 +6.611436174e+06 +6.611436174e+06 +2.1700e+00 -2.7884e+00 -7.8013e-01 +2.6745e+00 +8.4508e-01 +3.3830e+00 -4.9741e-01 -4.7066e+00 -5.6855e+00 +9.6073e-01
139 +4.639112256e+06 +4.639112256e+06 +4.639072216e+06 +4.639072216e+06 +1.7165e+00 -3.0223e+00 -9.1556e-01 +2.7928e+00 +6.3494e-01 +3.9774e+00 -5.8679e-01 -4.7643e+00 -5.8371e+00 +1.4050e+00
145 +4.492735122e+06 +4.492735122e+06 +4.492695082e+06 +4.492695082e+06 +2.0821e+00 -3.1808e+00 -9.4439e-01 +2.7146e+00 +1.0056e+00 +3.9869e+00 -2.8253e-01 -4.7672e+00 -6.0144e+00 +5.9077e-01
152 +4.466519077e+06 +4.466519077e+06 +4.466479037e+06 +4.466479037e+06 +1.4239e+00 -2.8492e+00 -5.4622e-01 +2.6306e+00 +1.2197e-01 +3.6546e+00 +4.3612e-01 -4.2930e+00 -5.3888e+00 +1.2479e+00
157 +3.295722739e+06 +3.295722739e+06 +3.295682699e+06 +3.295682699e+06 +2.1306e+00 -3.2253e+00 -1.0831e+00 +1.9468e+00 +5.5201e-01 +4.6631e+00 -1.9079e-01 -4.7888e+00 -6.1442e+00 +7.2794e-01
162 +3.030467275e+06 +3.030467275e+06 +3.030427235e+06 +3.030427235e+06 +1.0962e+00 -3.3531e+00 -3.8792e-01 +1.7369e+00 +2.9593e-01 +2.9305e+00 +2.0912e-05 -5.1664e+00 -5.2436e+00 +1.4300e+00
165 +2.561880116e+06 +2.561880116e+06 +2.561840076e+06 +2.561840076e+06 +7.2245e-01 -3.1180e+00 -8.4118e-01 +2.3453e+00 +1.1986e+00 +3.7678e+00 -1.0635e+00 -4.5138e+00 -5.5635e+00 +5.3221e-01
169 +2.426706054e+06 +2.426706054e+06 +2.426666014e+06 +2.426666014e+06 -4.3377e-01 -2.4633e+00 -7.6289e-01 +3.1670e+00 +9.8520e-01 +3.4753e+00 -6.2707e-01 -4.4910e+00 -5.8130e+00 +6.9308e-01
178 +1.130978667e+06 +1.130978667e+06 +1.130938627e+06 +1.130938627e+06 +4.6867e-01 -2.7041e+00 -2.3967e-01 +1.7045e+00 +8.2838e-01 +3.5917e+00 -4.4529e-01 -5.0227e+00 -4.7511e+00 +4.3206e-01
185 +2.320318761e+05 +2.320318761e+05 +2.319918361e+05 +2.319918361e+05 -1.7185e+00 -3.0514e+00 -5.0108e-01 +3.0633e+00 +4.4056e-01 +2.7491e+00 +9.4997e-01 -5.0830e+00 -5.4304e+00 +1.6743e+00
186 +3.659975248e+02 +3.659975248e+02 +3.259575248e+02 +3.259575248e+02 -5.6658e-01 -3.6103e+00 -1.4244e+00 +1.9490e+00 +7.1891e-01 +3.7285e+00 -4.9279e-02 -4.0678e+00 -4.7270e+00 -1.0976e-01
242 +9.483171559e+01 +9.483171559e+01 +5.479171559e+01 +5.479171559e+01 -1.1583e+00 -3.7485e+00 -6.7687e-01 +2.1753e+00 +8.3834e-01 +3.1667e+00 -1.8807e-01 -4.8590e+00 -4.9898e+00 +6.2621e-01
677 +8.205147258e+01 +8.205147258e+01 +4.201147258e+01 +4.201147258e+01 -1.4122e+00 -3.0267e+00 -1.8762e+00 +1.9903e+00 -1.1068e-01 +3.0673e+00 -3.2822e-01 -4.6741e+00 -4.7273e+00 +9.3618e-01
% function evaluation | noise-free fitness - Fopt (-1.038100000000e+02) | best noise-free fitness - Fopt | measured fitness | best measured fitness | x1 | x2...
1 +1.464740923e+06 +1.464740923e+06 +1.464637113e+06 +1.464637113e+06 +0.0000e+00 +0.0000e+00 +0.0000e+00 +0.0000e+00 +0.0000e+00 +0.0000e+00 +0.0000e+00 +0.0000e+00 +0.0000e+00 +0.0000e+00
69 +1.230779197e+06 +1.230779197e+06 +1.230675387e+06 +1.230675387e+06 +1.8186e+00 -5.4106e-01 -4.9895e+00 -5.4441e+00 +1.5249e+00 -2.1702e+00 +2.1262e+00 +2.7085e+00 -8.1303e-01 -1.5105e+00
75 +1.133074102e+06 +1.133074102e+06 +1.132970292e+06 +1.132970292e+06 +1.7539e+00 -7.5981e-01 -4.9079e+00 -5.7082e+00 +1.2868e+00 -2.1082e+00 +2.5422e+00 +2.3970e+00 -5.8067e-01 -1.6757e+00
76 +4.887711879e+05 +4.887711879e+05 +4.886673779e+05 +4.886673779e+05 +1.7830e+00 -6.4647e-01 -5.1551e+00 -5.7377e+00 +6.7826e-01 -2.0176e+00 +2.2370e+00 +2.3908e+00 -9.6841e-01 -1.6362e+00
94 +1.147227021e+05 +1.147227021e+05 +1.146188921e+05 +1.146188921e+05 +2.1857e+00 -2.4927e-01 -5.1939e+00 -5.5869e+00 +5.3204e-01 -1.4261e+00 +1.8863e+00 +2.2064e+00 -6.5817e-01 -1.4544e+00
100 +1.185906449e+03 +1.185906449e+03 +1.082096449e+03 +1.082096449e+03 +2.2188e+00 -2.4756e-02 -5.1473e+00 -5.7542e+00 +8.5395e-01 -2.8464e+00 +2.8278e+00 +2.4263e+00 -1.1197e+00 -1.8511e+00
119 +1.887220067e+02 +1.887220067e+02 +8.491200665e+01 +8.491200665e+01 +2.3750e+00 -2.4714e-01 -5.0637e+00 -5.3471e+00 +9.3330e-01 -2.1127e+00 +3.0665e+00 +2.2552e+00 -1.2531e+00 -2.3030e+00
264 +1.326673695e+02 +1.326673695e+02 +2.885736950e+01 +2.885736950e+01 +2.7299e+00 -2.0604e-01 -4.2256e+00 -6.0569e+00 -8.3000e-02 -2.7427e+00 +3.1548e+00 +3.2212e+00 +1.1342e-01 -1.8256e+00
462 +1.023577513e+02 +1.023577513e+02 -1.452248743e+00 -1.452248743e+00 +3.3037e+00 -1.1673e+00 -3.0189e+00 -5.5643e+00 +4.1072e-01 -3.4088e+00 +3.5154e+00 +3.0572e+00 -2.9433e+00 -9.2866e-01
518 +9.933413394e+01 +9.933413394e+01 -4.475866061e+00 -4.475866061e+00 +2.7451e+00 -1.3659e+00 -3.0760e+00 -5.4395e+00 -1.8761e-01 -3.7720e+00 +3.5195e+00 +2.7225e+00 -2.6193e+00 -1.5888e+00
18065 +9.698802745e+01 +9.698802745e+01 -6.821972552e+00 -6.821972552e+00 +2.4434e+00 -1.1814e+00 -2.0582e+00 -6.4572e+00 +9.7877e-02 -3.6368e+00 +3.4022e+00 +2.3788e+00 -2.5732e+00 -5.0727e-01
19645 +9.532717541e+01 +9.532717541e+01 -8.482824591e+00 -8.482824591e+00 +2.4299e+00 -1.1781e+00 -1.9303e+00 -6.4488e+00 +9.5397e-02 -3.5979e+00 +3.3759e+00 +2.3766e+00 -2.5588e+00 -5.1028e-01
21851 +9.327030259e+01 +9.327030259e+01 -1.053969741e+01 -1.053969741e+01 +2.4343e+00 -1.1783e+00 -1.7821e+00 -6.3982e+00 +9.2555e-02 -3.5858e+00 +3.3689e+00 +2.3710e+00 -2.5353e+00 -5.0510e-01
% function evaluation | noise-free fitness - Fopt (-2.380000000000e+01) | best noise-free fitness - Fopt | measured fitness | best measured fitness | x1 | x2...
1 +1.728506011e+07 +1.728506011e+07 +1.728503631e+07 +1.728503631e+07 +0.0000e+00 +0.0000e+00 +0.0000e+00 +0.0000e+00 +0.0000e+00 +0.0000e+00 +0.0000e+00 +0.0000e+00 +0.0000e+00 +0.0000e+00
46 +1.593220900e+07 +1.593220900e+07 +1.593218520e+07 +1.593218520e+07 -1.5666e+00 +1.0317e+00 +1.1311e-01 -2.1291e+00 -1.7758e+00 -5.5402e+00 -7.8382e-01 -1.1921e+00 -1.2180e-01 +2.5412e+00
70 +1.555918316e+07 +1.555918316e+07 +1.555915936e+07 +1.555915936e+07 -1.5337e+00 +9.4419e-01 +3.5823e-01 -2.1025e+00 -1.5692e+00 -5.3673e+00 -5.0185e-01 -1.0610e+00 -1.3083e-01 +2.5309e+00
73 +1.527517689e+07 +1.527517689e+07 +1.527515309e+07 +1.527515309e+07 -1.4144e+00 +9.8630e-01 +2.8717e-01 -2.1159e+00 -1.7546e+00 -5.5195e+00 -7.2722e-01 -1.1333e+00 -2.0486e-01 +2.3738e+00
100 +1.381695624e+07 +1.381695624e+07 +1.381693244e+07 +1.381693244e+07 -1.2533e+00 +8.2981e-01 +3.3761e-01 -2.2485e+00 -1.6730e+00 -5.2616e+00 -9.6767e-01 -1.0394e+00 -1.8953e-01 +2.3175e+00
102 +1.354952645e+07 +1.354952645e+07 +1.354950265e+07 +1.354950265e+07 -1.3830e+00 +9.4990e-01 +2.5248e-01 -1.9762e+00 -1.5151e+00 -6.0029e+00 -7.0676e-01 -1.2322e+00 +7.3084e-02 +2.4279e+00
103 +1.323538867e+07 +1.323538867e+07 +1.323536487e+07 +1.323536487e+07 -1.4795e+00 +6.3319e-01 +3.8513e-01 -2.0358e+00 -1.4714e+00 -5.3962e+00 -9.7150e-01 -1.0643e+00 -1.4238e-01 +2.5191e+00
113 +1.270287571e+07 +1.270287571e+07 +1.270285191e+07 +1.270285191e+07 -1.3509e+00 +2.0018e-01 +1.0353e-01 -2.2356e+00 -1.2581e+00 -5.3338e+00 -6.2720e-01 -8.9056e-01 +4.1295e-01 +2.6967e+00
122 +1.193011398e+07 +1.193011398e+07 +1.193009018e+07 +1.193009018e+07 -1.4059e+00 +2.8318e-01 +4.5435e-01 -2.1183e+00 -1.2825e+00 -5.6023e+00 -1.0839e+00 -6.2001e-01 -7.0561e-02 +2.3757e+00
138 +9.379633753e+06 +9.379633753e+06 +9.379609953e+06 +9.379609953e+06 -1.3651e+00 -3.5828e-01 +2.7233e-01 -2.1259e+00 -1.3781e+00 -5.6727e+00 -9.9870e-01 -1.2682e+00 -2.0277e-01 +2.3215e+00
161 +8.802946614e+06 +8.802946614e+06 +8.802922814e+06 +8.802922814e+06 -1.5443e+00 -2.6896e-03 +1.0017e-01 -2.2337e+00 -1.0698e+00 -5.6449e+00 -1.1689e+00 -1.5111e+00 +2.7784e-02 +2.7818e+00
181 +8.685353114e+06 +8.685353114e+06 +8.685329314e+06 +8.685329314e+06 -1.3732e+00 +3.9448e-01 +5.8315e-01 -2.4266e+00 -7.4650e-01 -5.3772e+00 -7.0810e-01 -1.0143e+00 -4.4763e-01 +1.9697e+00
184 +7.963585015e+06 +7.963585015e+06 +7.963561215e+06 +7.963561215e+06 -1.3253e+00 +3.6249e-01 +7.4352e-01 -2.0606e+00 -1.0148e+00 -5.6140e+00 -1.5267e+00 -1.1852e+00 -2.1807e-01 +2.4121e+00
186 +6.808758780e+06 +6.808758780e+06 +6.808734980e+06 +6.808734980e+06 -1.6679e+00 +2.7363e-01 +6.3957e-01 -2.6823e+00 -7.9499e-01 -5.8934e+00 -8.4931e-01 -1.5122e+00 -1.2073e-01 +2.5627e+00
193 +6.015695862e+06 +6.015695862e+06 +6.015672062e+06 +6.015672062e+06 -1.0979e+00 +2.1825e-01 +6.9721e-01 -2.9351e+00 -1.5174e+00 -5.7233e+00 -1.6278e+00 -1.6968e+00 -2.8187e-01 +2.2817e+00
205 +4.023457521e+06 +4.023457521e+06 +4.023433721e+06 +4.023433721e+06 -1.1892e+00 +3.0386e-01 +1.8413e+00 -2.7096e+00 -7.8896e-01 -5.9528e+00 -1.7059e+00 -1.1467e+00 +3.4938e-01 +2.4121e+00
215 +2.512063448e+06 +2.512063448e+06 +2.512039648e+06 +2.512039648e+06 -8.7045e-01 -9.6394e-01 +1.0433e+00 -2.8279e+00 -7.7375e-01 -5.5967e+00 -2.0462e+00 -1.6966e+00 +1.1557e-01 +2.0688e+00
225 +1.304432850e+06 +1.304432850e+06 +1.304409050e+06 +1.304409050e+06 -6.1577e-01 -1.2855e+00 +2.4323e+00 -2.7499e+00 -9.5121e-01 -5.5335e+00 -1.9836e+00 -1.5972e+00 +2.7421e-01 +2.5301e+00
237 +1.039509019e+06 +1.039509019e+06 +1.039485219e+06 +1.039485219e+06 -9.3428e-01 -2.4976e-01 +1.9281e+00 -2.3122e+00 +4.8307e-01 -6.0840e+00 -1.2793e+00 -1.4467e+00 -6.7858e-02 +1.3551e+00
251 +7.778550441e+05 +7.778550441e+05 +7.778312441e+05 +7.778312441e+05 -2.1557e-01 -1.4194e+00 +1.4494e+00 -2.6589e+00 -9.2823e-01 -6.7276e+00 -1.7442e+00 -2.2718e+00 +5.6196e-01 +2.4064e+00
258 +3.451048966e+05 +3.451048966e+05 +3.450810966e+05 +3.450810966e+05 -7.9933e-01 -8.3599e-01 +3.0588e+00 -2.1491e+00 +4.2309e-01 -5.6688e+00 -2.1569e+00 -1.3036e+00 -9.8972e-02 +2.5263e+00
259 +1.876498649e+03 +1.876498649e+03 +1.852698649e+03 +1.852698649e+03 -6.7930e-01 -1.8588e+00 +3.6948e+00 -1.9369e+00 +6.1120e-01 -5.3477e+00 -8.7908e-01 -2.1602e+00 +3.3176e-01 +2.1946e+00
294 +7.581892132e+02 +7.581892132e+02 +7.343892132e+02 +7.343892132e+02 -6.2194e-01 -2.1882e+00 +3.1979e-01 -3.4519e+00 -5.7816e-01 -6.6673e+00 -3.0679e+00 -1.9501e+00 +1.5413e+00 +1.1048e+00
296 +4.350439656e+02 +4.350439656e+02 +4.112439656e+02 +4.112439656e+02 +9.1999e-01 -9.5968e-01 +1.8908e+00 -2.7658e+00 +3.2138e-01 -5.9369e+00 -2.6625e+00 -1.8838e+00 +2.5970e-01 +1.9773e+00
352 +1.134671001e+02 +1.134671001e+02 +8.966710014e+01 +8.966710014e+01 -8.7971e-01 -1.4388e+00 +1.5892e+00 -3.7647e+00 +4.5291e-01 -5.4171e+00 -4.9072e+00 -8.7699e-01 -7.2346e-01 +2.7508e+00
770 +1.058236469e+02 +1.058236469e+02 +8.202364690e+01 +8.202364690e+01 -2.0219e+00 +1.7716e+00 -7.1399e-01 -1.6103e+00 +4.5331e+00 -4.4616e+00 -3.8272e+00 -2.9407e+00 -1.0177e+00 +2.4076e+00
1474 +8.278366362e+01 +8.278366362e+01 +5.898366362e+01 +5.898366362e+01 -1.5970e+00 +2.1468e+00 +3.8109e+00 -2.6545e-01 +3.1381e+00 -4.0405e+00 -2.3648e+00 -3.3387e+00 -2.1455e+00 +2.0765e+00
1540 +7.794209006e+01 +7.794209006e+01 +5.414209006e+01 +5.414209006e+01 -1.6497e+00 +2.0756e+00 +4.0891e+00 +1.4181e-01 +3.2369e+00 -4.0643e+00 -2.2940e+00 -3.0461e+00 -1.8281e+00 +1.8382e+00
1733 +7.747917723e+01 +7.747917723e+01 +5.367917723e+01 +5.367917723e+01 -2.2569e+00 -2.3274e-01 +2.3916e+00 +1.0096e+00 +3.1287e+00 -4.5517e+00 -2.8784e+00 -2.9889e+00 -1.8098e+00 +1.4257e+00
% function evaluation | noise-free fitness - Fopt (7.459000000000e+01) | best noise-free fitness - Fopt | measured fitness | best measured fitness | x1 | x2...
1 +4.973545023e+06 +4.973545023e+06 +4.973619613e+06 +4.973619613e+06 +0.0000e+00 +0.0000e+00 +0.0000e+00 +0.0000e+00 +0.0000e+00 +0.0000e+00 +0.0000e+00 +0.0000e+00 +0.0000e+00 +0.0000e+00
2 +9.805894051e+05 +9.805894051e+05 +9.806639951e+05 +9.806639951e+05 +1.7344e+00 -4.2008e+00 +1.1991e+00 -1.3142e+00 -2.8516e+00 -5.8239e-01 -3.3913e-01 -3.2411e+00 +2.0603e+00 +2.3591e+00
3 +5.650062852e+05 +5.650062852e+05 +5.650808752e+05 +5.650808752e+05 +1.9545e+00 -4.1797e+00 +1.1640e+00 -1.3729e+00 -2.5894e+00 -7.2987e-01 -2.3371e-01 -3.0119e+00 +2.1367e+00 +2.3705e+00
5 +5.439509399e+05 +5.439509399e+05 +5.440255299e+05 +5.440255299e+05 +1.7907e+00 -4.1061e+00 +1.1506e+00 -1.2213e+00 -2.5788e+00 -6.3126e-01 -3.9224e-01 -2.9994e+00 +1.9627e+00 +2.5038e+00
6 +5.310522121e+05 +5.310522121e+05 +5.311268021e+05 +5.311268021e+05 +1.7829e+00 -4.2813e+00 +1.2214e+00 -1.3614e+00 -2.7036e+00 -3.8188e-01 -5.6958e-01 -3.0540e+00 +1.8476e+00 +2.3248e+00
9 +4.957225105e+05 +4.957225105e+05 +4.957971005e+05 +4.957971005e+05 +1.5696e+00 -4.1691e+00 +1.2461e+00 -1.2140e+00 -2.6119e+00 -5.4495e-01 -6.1420e-01 -2.9940e+00 +1.8855e+00 +2.4080e+00
25 +4.569059264e+05 +4.569059264e+05 +4.569805164e+05 +4.569805164e+05 +1.5537e+00 -4.2123e+00 +1.2381e+00 -1.2627e+00 -2.6397e+00 -7.3360e-01 -6.8146e-01 -3.0974e+00 +1.8453e+00 +2.3984e+00
34 +3.533567748e+05 +3.533567748e+05 +3.534313648e+05 +3.534313648e+05 +1.6250e+00 -4.0706e+00 +1.3705e+00 -1.1426e+00 -2.5950e+00 -7.2546e-01 -4.5485e-01 -3.0631e+00 +1.6723e+00 +2.3792e+00
48 +1.170681090e+05 +1.170681090e+05 +1.171426990e+05 +1.171426990e+05 +1.8006e+00 -3.7711e+00 +1.2867e+00 -1.1320e+00 -2.5924e+00 -7.8556e-01 -9.3623e-01 -3.0774e+00 +1.4744e+00 +2.2656e+00
69 +5.064024983e+03 +5.064024983e+03 +5.138614983e+03 +5.138614983e+03 +1.4651e+00 -4.1063e+00 +1.4864e+00 -1.3497e+00 -2.3624e+00 -4.9280e-01 -1.0750e+00 -3.0358e+00 +1.5050e+00 +2.0240e+00
93 +3.871057189e+01 +3.871057189e+01 +1.133005719e+02 +1.133005719e+02 +1.6095e+00 -4.1261e+00 +1.3308e+00 -1.4011e+00 -2.1578e+00 -6.6495e-01 -6.9194e-01 -2.9256e+00 +1.8187e+00 +1.6914e+00
2672 +3.705909463e+01 +3.705909463e+01 +1.116490946e+02 +1.116490946e+02 +7.9679e-01 -3.8215e+00 +4.5249e-02 -9.2280e-01 -2.2552e+00 +2.0520e-01 -9.7111e-01 -2.9249e+00 +2.5702e-01 +1.7383e+00
% function evaluation | noise-free fitness - Fopt (2.225900000000e+02) | best noise-free fitness - Fopt | measured fitness | best measured fitness | x1 | x2...
1 +1.000611718e+07 +1.000611718e+07 +1.000633977e+07 +1.000633977e+07 +0.0000e+00 +0.0000e+00 +0.0000e+00 +0.0000e+00 +0.0000e+00 +0.0000e+00 +0.0000e+00 +0.0000e+00 +0.0000e+00 +0.0000e+00
2 +2.996706721e+05 +2.996706721e+05 +2.998932621e+05 +2.998932621e+05 -1.9038e+00 -5.8144e-01 -1.9640e+00 -2.1951e+00 -3.4129e+00 -1.1560e+00 -6.0405e-01 -2.6964e+00 -3.7459e+00 -3.4867e-01
3 +8.070553212e+04 +8.070553212e+04 +8.092812212e+04 +8.092812212e+04 -2.1236e+00 -4.7708e-01 -2.0098e+00 -2.1587e+00 -3.4121e+00 -1.1510e+00 -5.1973e-01 -2.6291e+00 -3.4920e+00 -2.7044e-01
26 +6.772729690e+04 +6.772729690e+04 +6.794988690e+04 +6.794988690e+04 -2.2023e+00 -6.0412e-01 -1.9392e+00 -1.9501e+00 -3.3179e+00 -1.2114e+00 -4.1594e-01 -2.7811e+00 -3.5071e+00 +1.8778e-02
28 +3.743349290e+04 +3.743349290e+04 +3.765608290e+04 +3.765608290e+04 -2.1959e+00 -4.6095e-01 -1.9419e+00 -1.8607e+00 -3.3985e+00 -1.4114e+00 -6.2950e-01 -2.7457e+00 -3.4364e+00 -1.6424e-01
46 +3.015518244e+04 +3.015518244e+04 +3.037777244e+04 +3.037777244e+04 -2.1827e+00 -4.5389e-01 -2.0527e+00 -1.9400e+00 -3.3053e+00 -1.1611e+00 -4.3885e-01 -2.7467e+00 -3.3769e+00 -8.3062e-02
48 +2.570507761e+02 +2.570507761e+02 +4.796407761e+02 +4.796407761e+02 -1.9798e+00 -3.6346e-01 -2.0525e+00 -2.0019e+00 -3.4203e+00 -1.1735e+00 -8.2950e-01 -2.7558e+00 -3.2389e+00 +6.3486e-02
88 +2.332180103e+02 +2.332180103e+02 +4.558080103e+02 +4.558080103e+02 -2.1027e+00 -3.0952e-01 -1.8771e+00 -2.0249e+00 -3.3265e+00 -1.1480e+00 -7.7961e-01 -2.8096e+00 -3.1833e+00 -2.3215e-01
95 +1.709825007e+02 +1.709825007e+02 +3.935725007e+02 +3.935725007e+02 -2.2829e+00 +1.1634e-01 -1.6033e+00 -2.1798e+00 -3.4526e+00 -1.4634e+00 -7.7099e-01 -2.8215e+00 -3.1717e+00 -2.6898e-01
110 +1.161015121e+02 +1.161015121e+02 +3.386915121e+02 +3.386915121e+02 -2.1048e+00 -2.3666e-01 -1.8415e+00 -2.0765e+00 -3.3145e+00 -1.2728e+00 -9.2964e-01 -2.7462e+00 -3.2553e+00 -6.8833e-02
132 +1.084906200e+02 +1.084906200e+02 +3.310806200e+02 +3.310806200e+02 -2.0606e+00 -3.4533e-01 -1.8027e+00 -2.1861e+00 -3.3453e+00 -1.3525e+00 -9.1704e-01 -2.7813e+00 -3.1951e+00 -9.5817e-03
198 +1.023229737e+02 +1.023229737e+02 +3.249129737e+02 +3.249129737e+02 -2.0448e+00 -4.2729e-01 -1.8753e+00 -2.3450e+00 -3.2434e+00 -1.2914e+00 -9.1687e-01 -2.7521e+00 -3.1369e+00 -1.8054e-01
550 +9.470785163e+01 +9.470785163e+01 +3.172978516e+02 +3.172978516e+02 -1.6205e+00 -5.3314e-01 -2.0360e+00 -2.6148e+00 -2.7081e+00 -9.1440e-01 -1.0841e+00 -2.6902e+00 -3.1797e+00 +5.1030e-01
671 +9.324447429e+01 +9.324447429e+01 +3.158344743e+02 +3.158344743e+02 -1.4275e+00 -4.9173e-01 -2.3356e+00 -2.4889e+00 -2.9561e+00 -8.7286e-01 -9.3123e-01 -2.3737e+00 -3.2235e+00 +5.1679e-01
726 +9.046983728e+01 +9.046983728e+01 +3.130598373e+02 +3.130598373e+02 -1.4950e+00 -5.6529e-01 -2.2541e+00 -2.1350e+00 -2.8466e+00 -1.0577e+00 -8.0857e-01 -2.5462e+00 -3.1564e+00 +3.5588e-01
1011 +8.817876591e+01 +8.817876591e+01 +3.107687659e+02 +3.107687659e+02 -1.4457e+00 -5.8967e-01 -2.2183e+00 -2.0636e+00 -2.6970e+00 -9.9285e-01 -6.3683e-01 -2.5035e+00 -3.2068e+00 +6.8829e-01
1155 +8.704926342e+01 +8.704926342e+01 +3.096392634e+02 +3.096392634e+02 -1.3630e+00 -6.1313e-01 -2.3022e+00 -2.0089e+00 -2.6769e+00 -1.0383e+00 -6.3853e-01 -2.5381e+00 -3.1547e+00 +6.6000e-01
1276 +8.506930763e+01 +8.506930763e+01 +3.076593076e+02 +3.076593076e+02 -1.3096e+00 -6.2082e-01 -2.3165e+00 -1.8870e+00 -2.7466e+00 -9.6298e-01 -5.6779e-01 -2.5403e+00 -3.1452e+00 +6.2721e-01
14227 +8.312682102e+01 +8.312682102e+01 +3.057168210e+02 +3.057168210e+02 -1.3852e+00 -6.8297e-01 -2.2539e+00 -1.7106e+00 -3.0909e+00 -7.3911e-01 -6.8493e-01 -2.6879e+00 -3.2654e+00 +8.0437e-01
15039 +8.127249475e+01 +8.127249475e+01 +3.038624947e+02 +3.038624947e+02 -1.3571e+00 -6.6079e-01 -2.0758e+00 -1.7217e+00 -3.0705e+00 -7.3099e-01 -6.8278e-01 -2.6866e+00 -3.2651e+00 +8.1052e-01
15733 +7.939361397e+01 +7.939361397e+01 +3.019836140e+02 +3.019836140e+02 -1.3323e+00 -6.7626e-01 -1.8852e+00 -1.7244e+00 -3.0485e+00 -7.4541e-01 -6.8215e-01 -2.6859e+00 -3.2655e+00 +8.1616e-01
16810 +7.753691378e+01 +7.753691378e+01 +3.001269138e+02 +3.001269138e+02 -1.3111e+00 -6.5678e-01 -1.6877e+00 -1.7414e+00 -3.0174e+00 -7.5377e-01 -6.8409e-01 -2.6865e+00 -3.2650e+00 +8.1820e-01
17845 +7.580608155e+01 +7.580608155e+01 +2.983960815e+02 +2.983960815e+02 -1.2961e+00 -6.7091e-01 -1.4753e+00 -1.7615e+00 -3.0399e+00 -7.5933e-01 -6.8211e-01 -2.6875e+00 -3.2661e+00 +8.1307e-01
18592 +7.384140265e+01 +7.384140265e+01 +2.964314027e+02 +2.964314027e+02 -1.2668e+00 -6.9654e-01 -1.2742e+00 -1.7435e+00 -2.9826e+00 -7.7726e-01 -6.8152e-01 -2.6868e+00 -3.2673e+00 +8.1050e-01
19781 +7.243065903e+01 +7.243065903e+01 +2.950206590e+02 +2.950206590e+02 -1.2270e+00 -6.7601e-01 -1.1610e+00 -1.7309e+00 -2.9752e+00 -7.5154e-01 -6.8081e-01 -2.6866e+00 -3.2658e+00 +8.1685e-01
20768 +7.076688262e+01 +7.076688262e+01 +2.933568826e+02 +2.933568826e+02 -1.2015e+00 -6.7279e-01 -9.7312e-01 -1.7287e+00 -2.9966e+00 -7.7664e-01 -6.7844e-01 -2.6882e+00 -3.2656e+00 +8.2260e-01
21567 +6.889125038e+01 +6.889125038e+01 +2.914812504e+02 +2.914812504e+02 -1.1591e+00 -6.7502e-01 -7.2838e-01 -1.7265e+00 -2.9983e+00 -7.7281e-01 -6.7812e-01 -2.6880e+00 -3.2658e+00 +8.2524e-01
% function evaluation | noise-free fitness - Fopt (-2.977700000000e+02) | best noise-free fitness - Fopt | measured fitness | best measured fitness | x1 | x2...
1 +9.278942073e+06 +9.278942073e+06 +9.278644303e+06 +9.278644303e+06 +0.0000e+00 +0.0000e+00 +0.0000e+00 +0.0000e+00 +0.0000e+00 +0.0000e+00 +0.0000e+00 +0.0000e+00 +0.0000e+00 +0.0000e+00
153 +8.286789235e+06 +8.286789235e+06 +8.286491465e+06 +8.286491465e+06 +4.1207e+00 +3.8828e-01 +1.1217e+00 +3.7604e+00 -1.2234e+00 +1.0279e+00 -3.0406e+00 +2.5683e-01 -3.3738e+00 +3.1933e+00
157 +7.024102842e+06 +7.024102842e+06 +7.023805072e+06 +7.023805072e+06 +3.5890e+00 +5.7099e-01 +5.2071e-01 +2.5911e+00 -9.0027e-01 +1.8158e+00 -2.4899e+00 -5.2489e-01 -3.6492e+00 +2.7962e+00
181 +5.779765969e+06 +5.779765969e+06 +5.779468199e+06 +5.779468199e+06 +3.3552e+00 +4.2851e-01 +5.0423e-01 +2.4015e+00 -1.7194e+00 +1.7749e+00 -2.6858e+00 -7.2205e-01 -3.4963e+00 +3.7746e+00
182 +2.523053853e+06 +2.523053853e+06 +2.522756083e+06 +2.522756083e+06 +3.9201e+00 +1.1592e+00 +1.2586e-01 +3.7034e+00 -1.5387e+00 +1.4725e+00 -3.2686e+00 -8.6464e-01 -2.4306e+00 +3.1714e+00
186 +1.801467979e+06 +1.801467979e+06 +1.801170209e+06 +1.801170209e+06 +2.7081e+00 +1.0609e+00 -1.4177e-01 +2.0898e+00 -1.8632e+00 +1.6022e+00 -4.1561e+00 -1.9321e+00 -3.5574e+00 +2.9102e+00
200 +6.635657388e+05 +6.635657388e+05 +6.632679688e+05 +6.632679688e+05 +2.0074e+00 +1.3129e+00 +2.1507e+00 +3.5932e+00 -2.3949e+00 +1.0316e+00 -3.6683e+00 -1.7841e+00 -2.9023e+00 +4.7784e-01
203 +6.541959070e+03 +6.541959070e+03 +6.244189070e+03 +6.244189070e+03 +2.9193e+00 -5.6577e-02 +2.2284e-01 +4.1127e+00 -3.1261e+00 +1.0209e+00 -3.8227e+00 -2.9649e+00 -3.7695e+00 +2.4540e+00
219 +1.072893340e+03 +1.072893340e+03 +7.751233398e+02 +7.751233398e+02 +3.2934e+00 +1.1497e+00 -6.6001e-01 +3.2805e+00 -3.9925e+00 +2.8601e+00 -3.9982e+00 +9.3461e-02 -4.0535e+00 -5.4054e-02
308 +7.556558438e+02 +7.556558438e+02 +4.578858438e+02 +4.578858438e+02 +3.8531e+00 +9.1046e-01 -1.1474e+00 +5.1002e+00 -3.7354e+00 +1.9314e+00 -1.7817e+00 -4.3020e-01 -3.5726e+00 +4.0439e+00
330 +2.192436739e+02 +2.192436739e+02 -7.852632607e+01 -7.852632607e+01 +3.5911e+00 +1.7651e+00 -1.5681e+00 +5.5189e+00 -2.9122e+00 +1.6801e+00 -1.1389e+00 +1.3612e-01 -3.9176e+00 +3.6774e+00
370 +1.521003275e+02 +1.521003275e+02 -1.456696725e+02 -1.456696725e+02 +3.0049e+00 +1.0465e+00 +3.2432e-01 +5.4940e+00 -3.5820e+00 +1.7756e+00 +6.7003e-01 -8.8630e-01 -4.9125e+00 +5.1685e+00
528 +1.306068534e+02 +1.306068534e+02 -1.671631466e+02 -1.671631466e+02 +4.1309e+00 +2.4318e+00 +1.2046e-01 +3.3713e+00 -3.6392e+00 +2.9050e+00 -1.3188e+00 +1.5443e+00 -7.0336e+00 +3.3653e-01
704 +1.147088095e+02 +1.147088095e+02 -1.830611905e+02 -1.830611905e+02 +3.7326e+00 +2.1172e+00 +2.8558e-01 +4.3602e+00 -4.0080e+00 +3.6420e+00 -2.4548e-01 +2.0400e+00 -5.9603e+00 -2.3559e-01
2033 +1.055862554e+02 +1.055862554e+02 -1.921837446e+02 -1.921837446e+02 +5.5780e+00 +2.9271e+00 -3.7703e-01 +2.6799e+00 -3.1590e+00 +8.1468e-01 +7.2845e-01 +1.1312e+00 -3.9619e+00 +2.8010e+00
2072 +8.967343952e+01 +8.967343952e+01 -2.080965605e+02 -2.080965605e+02 +4.7824e+00 +4.4392e+00 -1.4661e+00 +5.9672e-01 -2.0159e+00 -2.8239e-01 +1.3389e+00 +1.6487e+00 -4.3003e+00 +2.3748e+00
2178 +7.779874414e+01 +7.779874414e+01 -2.199712559e+02 -2.199712559e+02 +5.2815e+00 +3.3136e+00 -1.0689e+00 +4.3701e-01 -3.1916e+00 +3.6871e-02 +9.4856e-01 +1.6313e+00 -4.0861e+00 +2.6441e+00
2322 +6.353133080e+01 +6.353133080e+01 -2.342386692e+02 -2.342386692e+02 +4.4875e+00 +3.9062e+00 -9.0461e-01 +7.4404e-01 -2.2483e+00 -9.7453e-01 +7.2564e-01 +2.0485e+00 -4.6291e+00 +4.9791e-01
2637 +6.049669622e+01 +6.049669622e+01 -2.372733038e+02 -2.372733038e+02 +4.7551e+00 +2.9446e+00 -1.1720e+00 +3.5224e-01 -2.6064e+00 +2.4522e-01 -1.2432e-01 +1.5708e+00 -4.1661e+00 -3.4422e-01
2696 +5.793274468e+01 +5.793274468e+01 -2.398372553e+02 -2.398372553e+02 +4.9217e+00 +3.0974e+00 -7.3634e-01 +3.6806e-01 -2.8302e+00 +5.2946e-01 +5.5140e-01 +1.1981e+00 -3.5586e+00 +7.7267e-01
