% function evaluation | noise-free fitness - Fopt (-6.211100000000e+02) | best noise-free fitness - Fopt | measured fitness | best measured fitness | x1 | x2...
1 +2.538036525e+08 +2.538036525e+08 +2.538030314e+08 +2.538030314e+08 +0.0000e+00 +0.0000e+00
2 +1.982605396e+08 +1.982605396e+08 +1.982599185e+08 +1.982599185e+08 +3.4486e-02 +1.8127e-01
25 +1.700044869e+08 +1.700044869e+08 +1.700038658e+08 +1.700038658e+08 +1.0357e-01 +2.9212e-01
29 +1.398149122e+08 +1.398149122e+08 +1.398142911e+08 +1.398142911e+08 +1.3912e-01 +4.3053e-01
48 +7.128667615e+07 +7.128667615e+07 +7.128605504e+07 +7.128605504e+07 +6.6379e-02 +8.8619e-01
56 +5.469025789e+07 +5.469025789e+07 +5.468963678e+07 +5.468963678e+07 +8.1176e-02 +1.0567e+00
69 +2.034441157e+07 +2.034441157e+07 +2.034379046e+07 +2.034379046e+07 -1.3911e-01 +1.6468e+00
74 +2.440819650e+06 +2.440819650e+06 +2.440198540e+06 +2.440198540e+06 -5.5084e-01 +2.6652e+00
75 +1.490738411e+06 +1.490738411e+06 +1.490117301e+06 +1.490117301e+06 +6.4757e-01 +2.8583e+00
77 +1.179830848e+06 +1.179830848e+06 +1.179209738e+06 +1.179209738e+06 +3.8579e-01 +2.9402e+00
79 +4.457232962e+05 +4.457232962e+05 +4.451021862e+05 +4.451021862e+05 -2.6529e-01 +3.2395e+00
94 +3.206223856e+05 +3.206223856e+05 +3.200012756e+05 +3.200012756e+05 +2.2846e-02 +4.5620e+00
103 +7.425721557e+04 +7.425721557e+04 +7.363610557e+04 +7.363610557e+04 -5.5153e-01 +4.2654e+00
110 +4.062458334e+03 +4.062458334e+03 +3.441348334e+03 +3.441348334e+03 +1.6747e-01 +4.0602e+00
232 +3.374744112e+01 +3.374744112e+01 -5.873625589e+02 -5.873625589e+02 -1.7204e-01 +3.9882e+00
362 +1.604876353e+01 +1.604876353e+01 -6.050612365e+02 -6.050612365e+02 -3.2789e-01 +3.9896e+00
380 +4.311438458e-01 +4.311438458e-01 -6.206788562e+02 -6.206788562e+02 -2.3828e-01 +3.9945e+00
605 +3.748095372e-01 +3.748095372e-01 -6.207351905e+02 -6.207351905e+02 -2.8285e-01 +3.9943e+00
792 +3.670910462e-01 +3.670910462e-01 -6.207429090e+02 -6.207429090e+02 -2.8618e-01 +3.9942e+00
1288 +3.623186240e-01 +3.623186240e-01 -6.207476814e+02 -6.207476814e+02 -2.9040e-01 +3.9942e+00
1301 +3.540324446e-01 +3.540324446e-01 -6.207559676e+02 -6.207559676e+02 -2.9706e-01 +3.9941e+00
1307 +3.466614853e-01 +3.466614853e-01 -6.207633385e+02 -6.207633385e+02 -3.1050e-01 +3.9942e+00
1312 +3.344155275e-01 +3.344155275e-01 -6.207755845e+02 -6.207755845e+02 -3.1458e-01 +3.9940e+00
1325 +3.287678935e-01 +3.287678935e-01 -6.207812321e+02 -6.207812321e+02 -3.3566e-01 +3.9938e+00
1335 +3.192360983e-01 +3.192360983e-01 -6.207907639e+02 -6.207907639e+02 -3.2705e-01 +3.9940e+00
1353 +2.932093392e-01 +2.932093392e-01 -6.208167907e+02 -6.208167907e+02 -3.5286e-01 +3.9938e+00
1367 +2.873934253e-01 +2.873934253e-01 -6.208226066e+02 -6.208226066e+02 -3.7640e-01 +3.9936e+00
1380 +2.723467092e-01 +2.723467092e-01 -6.208376533e+02 -6.208376533e+02 -3.7098e-01 +3.9938e+00
1410 +2.556971016e-01 +2.556971016e-01 -6.208543029e+02 -6.208543029e+02 -3.8787e-01 +3.9937e+00
1416 +2.432574872e-01 +2.432574872e-01 -6.208667425e+02 -6.208667425e+02 -3.9943e-01 +3.9937e+00
1484 +2.252505323e-01 +2.252505323e-01 -6.208847495e+02 -6.208847495e+02 -4.1770e-01 +3.9936e+00
1486 +2.150990981e-01 +2.150990981e-01 -6.208949009e+02 -6.208949009e+02 -4.4111e-01 +3.9935e+00
1496 +2.072832425e-01 +2.072832425e-01 -6.209027168e+02 -6.209027168e+02 -4.3722e-01 +3.9934e+00
1498 +2.011588700e-01 +2.011588700e-01 -6.209088411e+02 -6.209088411e+02 -4.9559e-01 +3.9930e+00
1516 +1.769644085e-01 +1.769644085e-01 -6.209330356e+02 -6.209330356e+02 -4.9958e-01 +3.9933e+00
1538 +1.406358341e-01 +1.406358341e-01 -6.209693642e+02 -6.209693642e+02 -5.2166e-01 +3.9930e+00
1542 +3.986560845e-02 +3.986560845e-02 -6.210701344e+02 -6.210701344e+02 -7.0804e-01 +3.9920e+00
1606 +3.484232536e-02 +3.484232536e-02 -6.210751577e+02 -6.210751577e+02 -7.7651e-01 +3.9916e+00
1666 +2.318610033e-02 +2.318610033e-02 -6.210868139e+02 -6.210868139e+02 -7.6714e-01 +3.9919e+00
1811 +7.955581722e-03 +7.955581722e-03 -6.211020444e+02 -6.211020444e+02 -8.5730e-01 +3.9913e+00
1851 +8.343076198e-04 +8.343076198e-04 -6.211091657e+02 -6.211091657e+02 -8.7894e-01 +3.9913e+00
1856 +7.821876779e-04 +7.821876779e-04 -6.211092178e+02 -6.211092178e+02 -8.6471e-01 +3.9913e+00
1918 +7.040214796e-04 +7.040214796e-04 -6.211092960e+02 -6.211092960e+02 -9.1195e-01 +3.9911e+00
2054 +9.540779740e-05 +9.540779740e-05 -6.211099046e+02 -6.211099046e+02 -8.8256e-01 +3.9912e+00
2535 +8.961655885e-05 +8.961655885e-05 -6.211099104e+02 -6.211099104e+02 -8.8875e-01 +3.9912e+00
2552 +3.808568511e-05 +3.808568511e-05 -6.211099619e+02 -6.211099619e+02 -8.8662e-01 +3.9912e+00
2586 +3.449524070e-05 +3.449524070e-05 -6.211099655e+02 -6.211099655e+02 -8.8630e-01 +3.9912e+00
2662 +1.936467697e-05 +1.936467697e-05 -6.211099806e+02 -6.211099806e+02 -8.9363e-01 +3.9912e+00
2706 +3.955938155e-08 +3.955938155e-08 -6.211100000e+02 -6.211100000e+02 -8.9215e-01 +3.9912e+00
4178 +6.164668775e-09 +6.164668775e-09 -6.211100000e+02 -6.211100000e+02 -8.9192e-01 +3.9912e+00
% function evaluation | noise-free fitness - Fopt (-2.548200000000e+02) | best noise-free fitness - Fopt | measured fitness | best measured fitness | x1 | x2...
1 +2.881702870e+08 +2.881702870e+08 +2.881700322e+08 +2.881700322e+08 +0.0000e+00 +0.0000e+00
2 +6.355790104e+07 +6.355790104e+07 +6.355764622e+07 +6.355764622e+07 +1.4566e+00 +2.9444e-01
3 +5.787704167e+07 +5.787704167e+07 +5.787678685e+07 +5.787678685e+07 +1.6143e+00 +2.3906e-01
4 +5.314152415e+07 +5.314152415e+07 +5.314126933e+07 +5.314126933e+07 +1.5498e+00 +4.2729e-01
5 +5.143113712e+07 +5.143113712e+07 +5.143088230e+07 +5.143088230e+07 +1.6404e+00 +3.6840e-01
8 +4.616283999e+07 +4.616283999e+07 +4.616258517e+07 +4.616258517e+07 +1.6017e+00 +5.5318e-01
19 +4.549308928e+07 +4.549308928e+07 +4.549283446e+07 +4.549283446e+07 +1.5947e+00 +5.7965e-01
25 +4.080920246e+07 +4.080920246e+07 +4.080894764e+07 +4.080894764e+07 +1.8066e+00 +4.8953e-01
27 +3.090986315e+07 +3.090986315e+07 +3.090960833e+07 +3.090960833e+07 +1.8553e+00 +7.8600e-01
43 +2.704969913e+07 +2.704969913e+07 +2.704944431e+07 +2.704944431e+07 +1.7989e+00 +1.0002e+00
47 +2.263171556e+07 +2.263171556e+07 +2.263146074e+07 +2.263146074e+07 +2.4543e+00 +6.0250e-01
49 +1.075763567e+07 +1.075763567e+07 +1.075738085e+07 +1.075738085e+07 +2.5933e+00 +1.3248e+00
68 +3.214090745e+06 +3.214090745e+06 +3.213835925e+06 +3.213835925e+06 +4.2249e+00 +1.9153e+00
69 +1.358102351e+06 +1.358102351e+06 +1.357847531e+06 +1.357847531e+06 +2.1321e+00 +4.8960e+00
72 +1.312690148e+06 +1.312690148e+06 +1.312435328e+06 +1.312435328e+06 +2.8826e+00 +2.7028e+00
88 +8.473220527e+05 +8.473220527e+05 +8.470672327e+05 +8.470672327e+05 +3.2731e+00 +2.8137e+00
90 +1.119899497e+05 +1.119899497e+05 +1.117351297e+05 +1.117351297e+05 +3.5958e+00 +4.0954e+00
110 +1.247418391e+04 +1.247418391e+04 +1.221936391e+04 +1.221936391e+04 +2.2930e+00 +3.9273e+00
132 +6.931521598e+03 +6.931521598e+03 +6.676701598e+03 +6.676701598e+03 +3.2386e+00 +3.7936e+00
142 +6.504186082e+03 +6.504186082e+03 +6.249366082e+03 +6.249366082e+03 +2.1032e+00 +3.9585e+00
154 +1.148192941e+03 +1.148192941e+03 +8.933729413e+02 +8.933729413e+02 +3.4939e+00 +3.7633e+00
158 +9.607687049e+01 +9.607687049e+01 -1.587431295e+02 -1.587431295e+02 +5.6683e+00 +3.7704e+00
286 +4.416464943e+01 +4.416464943e+01 -2.106553506e+02 -2.106553506e+02 +5.7004e+00 +3.7672e+00
373 +3.747814676e+01 +3.747814676e+01 -2.173418532e+02 -2.173418532e+02 +5.2878e+00 +3.7549e+00
400 +1.712534764e+01 +1.712534764e+01 -2.376946524e+02 -2.376946524e+02 +6.9814e+00 +3.7634e+00
481 +6.215633110e+00 +6.215633110e+00 -2.486043669e+02 -2.486043669e+02 +5.8879e+00 +3.7595e+00
528 +5.582934449e+00 +5.582934449e+00 -2.492370656e+02 -2.492370656e+02 +6.0757e+00 +3.7612e+00
572 +5.236421415e+00 +5.236421415e+00 -2.495835786e+02 -2.495835786e+02 +5.6536e+00 +3.7621e+00
638 +4.126633659e+00 +4.126633659e+00 -2.506933663e+02 -2.506933663e+02 +5.4871e+00 +3.7618e+00
679 +3.325448837e+00 +3.325448837e+00 -2.514945512e+02 -2.514945512e+02 +5.3620e+00 +3.7600e+00
1020 +3.099764893e+00 +3.099764893e+00 -2.517202351e+02 -2.517202351e+02 +5.4935e+00 +3.7610e+00
1038 +2.877583752e+00 +2.877583752e+00 -2.519424162e+02 -2.519424162e+02 +5.4292e+00 +3.7606e+00
1040 +2.708252451e+00 +2.708252451e+00 -2.521117475e+02 -2.521117475e+02 +5.3812e+00 +3.7609e+00
1059 +2.555406355e+00 +2.555406355e+00 -2.522645936e+02 -2.522645936e+02 +5.1745e+00 +3.7615e+00
1061 +2.310662628e+00 +2.310662628e+00 -2.525093374e+02 -2.525093374e+02 +5.1032e+00 +3.7615e+00
1069 +1.387904158e+00 +1.387904158e+00 -2.534320958e+02 -2.534320958e+02 +4.8858e+00 +3.7611e+00
1082 +6.495742715e-01 +6.495742715e-01 -2.541704257e+02 -2.541704257e+02 +3.9683e+00 +3.7600e+00
1089 +5.508374749e-01 +5.508374749e-01 -2.542691625e+02 -2.542691625e+02 +4.4796e+00 +3.7607e+00
1093 +3.157954349e-01 +3.157954349e-01 -2.545042046e+02 -2.545042046e+02 +4.3011e+00 +3.7608e+00
1105 +2.260119822e-01 +2.260119822e-01 -2.545939880e+02 -2.545939880e+02 +3.9999e+00 +3.7612e+00
1201 +1.171949374e-01 +1.171949374e-01 -2.547028051e+02 -2.547028051e+02 +4.0402e+00 +3.7606e+00
1223 +4.116390348e-02 +4.116390348e-02 -2.547788361e+02 -2.547788361e+02 +3.7365e+00 +3.7603e+00
1267 +1.544635510e-02 +1.544635510e-02 -2.548045536e+02 -2.548045536e+02 +3.7938e+00 +3.7609e+00
1269 +1.475694414e-02 +1.475694414e-02 -2.548052431e+02 -2.548052431e+02 +3.7674e+00 +3.7607e+00
1276 +4.008800938e-03 +4.008800938e-03 -2.548159912e+02 -2.548159912e+02 +3.7788e+00 +3.7609e+00
1289 +1.373763728e-03 +1.373763728e-03 -2.548186262e+02 -2.548186262e+02 +3.7564e+00 +3.7608e+00
1448 +4.578287436e-04 +4.578287436e-04 -2.548195422e+02 -2.548195422e+02 +3.7620e+00 +3.7608e+00
1534 +3.839900982e-04 +3.839900982e-04 -2.548196160e+02 -2.548196160e+02 +3.7484e+00 +3.7608e+00
1548 +2.578292459e-04 +2.578292459e-04 -2.548197422e+02 -2.548197422e+02 +3.7544e+00 +3.7608e+00
1549 +2.794972642e-05 +2.794972642e-05 -2.548199721e+02 -2.548199721e+02 +3.7459e+00 +3.7608e+00
1703 +7.769412207e-06 +7.769412207e-06 -2.548199922e+02 -2.548199922e+02 +3.7434e+00 +3.7608e+00
1786 +5.856092002e-06 +5.856092002e-06 -2.548199941e+02 -2.548199941e+02 +3.7431e+00 +3.7608e+00
1917 +4.784374056e-06 +4.784374056e-06 -2.548199952e+02 -2.548199952e+02 +3.7419e+00 +3.7608e+00
1933 +2.781887076e-07 +2.781887076e-07 -2.548199997e+02 -2.548199997e+02 +3.7412e+00 +3.7608e+00
2053 +8.495234738e-08 +8.495234738e-08 -2.548199999e+02 -2.548199999e+02 +3.7410e+00 +3.7608e+00
2192 +1.998020593e-08 +1.998020593e-08 -2.548200000e+02 -2.548200000e+02 +3.7409e+00 +3.7608e+00
% function evaluation | noise-free fitness - Fopt (5.661000000000e+01) | best noise-free fitness - Fopt | measured fitness | best measured fitness | x1 | x2...
1 +1.170257328e+08 +1.170257328e+08 +1.170257894e+08 +1.170257894e+08 +0.0000e+00 +0.0000e+00
77 +9.074945108e+07 +9.074945108e+07 +9.074950769e+07 +9.074950769e+07 -1.5191e-01 -1.4256e-01
83 +2.610926854e+07 +2.610926854e+07 +2.610932515e+07 +2.610932515e+07 +4.4058e-01 -1.3543e+00
91 +2.351623901e+07 +2.351623901e+07 +2.351629562e+07 +2.351629562e+07 +2.7300e+00 -2.4769e+00
93 +1.035466839e+07 +1.035466839e+07 +1.035472500e+07 +1.035472500e+07 -5.6730e-02 -1.8352e+00
95 +3.236160145e+06 +3.236160145e+06 +3.236216755e+06 +3.236216755e+06 +1.3129e+00 -3.9014e+00
110 +1.668584455e+06 +1.668584455e+06 +1.668641065e+06 +1.668641065e+06 +1.5068e-01 -3.6966e+00
114 +6.182783406e+05 +6.182783406e+05 +6.183349506e+05 +6.183349506e+05 -1.4266e+00 -5.1082e+00
124 +4.669648482e+05 +4.669648482e+05 +4.670214582e+05 +4.670214582e+05 -8.6174e-01 -5.4077e+00
132 +9.447692419e+04 +9.447692419e+04 +9.453353419e+04 +9.453353419e+04 -5.0536e-02 -5.5513e+00
144 +5.120823597e+04 +5.120823597e+04 +5.126484597e+04 +5.126484597e+04 +4.9647e-01 -5.2967e+00
146 +4.334911035e+04 +4.334911035e+04 +4.340572035e+04 +4.340572035e+04 +3.0046e-01 -5.1706e+00
153 +2.636904910e+04 +2.636904910e+04 +2.642565910e+04 +2.642565910e+04 +2.5228e-01 -5.1916e+00
154 +2.412758612e+04 +2.412758612e+04 +2.418419612e+04 +2.418419612e+04 +4.9239e-02 -5.0463e+00
176 +2.364519125e+04 +2.364519125e+04 +2.370180125e+04 +2.370180125e+04 +2.7628e-02 -5.0319e+00
188 +1.670429551e+04 +1.670429551e+04 +1.676090551e+04 +1.676090551e+04 -8.6882e-01 -4.7066e+00
190 +7.542228987e+03 +7.542228987e+03 +7.598838987e+03 +7.598838987e+03 -4.9424e-01 -4.9376e+00
198 +6.732077809e+03 +6.732077809e+03 +6.788687809e+03 +6.788687809e+03 -1.2073e-01 -5.0094e+00
219 +1.862804906e+03 +1.862804906e+03 +1.919414906e+03 +1.919414906e+03 +3.6498e-02 -5.2854e+00
231 +9.392683564e+02 +9.392683564e+02 +9.958783564e+02 +9.958783564e+02 -2.2809e-01 -5.0688e+00
246 +9.037071561e+02 +9.037071561e+02 +9.603171561e+02 +9.603171561e+02 -4.8852e-01 -4.8704e+00
275 +5.201454344e+02 +5.201454344e+02 +5.767554344e+02 +5.767554344e+02 -7.1754e-01 -4.6874e+00
286 +4.957622277e+01 +4.957622277e+01 +1.061862228e+02 +1.061862228e+02 -4.5956e-01 -4.8480e+00
354 +1.493155468e+01 +1.493155468e+01 +7.154155468e+01 +7.154155468e+01 -7.7709e-01 -4.6138e+00
679 +1.464215824e+01 +1.464215824e+01 +7.125215824e+01 +7.125215824e+01 -8.3509e-01 -4.5693e+00
% function evaluation | noise-free fitness - Fopt (-1.810000000000e+01) | best noise-free fitness - Fopt | measured fitness | best measured fitness | x1 | x2...
1 +3.264899073e+05 +3.264899073e+05 +3.264718073e+05 +3.264718073e+05 +0.0000e+00 +0.0000e+00
110 +1.271125581e+05 +1.271125581e+05 +1.270944581e+05 +1.270944581e+05 -1.3394e+00 +5.0203e-01
132 +1.038029896e+05 +1.038029896e+05 +1.037848896e+05 +1.037848896e+05 +9.0141e-01 +7.1762e-01
154 +5.742620769e+02 +5.742620769e+02 +5.561620769e+02 +5.561620769e+02 +2.2001e+00 +7.9572e-02
220 +5.371916098e+01 +5.371916098e+01 +3.561916098e+01 +3.561916098e+01 +3.8767e+00 -2.5674e-01
440 +4.833210267e+01 +4.833210267e+01 +3.023210267e+01 +3.023210267e+01 +2.7993e+00 -3.3220e-02
506 +1.730532768e+01 +1.730532768e+01 -7.946723162e-01 -7.946723162e-01 +2.8951e+00 -5.0147e-02
528 +1.671448511e+01 +1.671448511e+01 -1.385514886e+00 -1.385514886e+00 +3.0983e+00 -9.3972e-02
% function evaluation | noise-free fitness - Fopt (3.777000000000e+01) | best noise-free fitness - Fopt | measured fitness | best measured fitness | x1 | x2...
1 +4.240305599e+06 +4.240305599e+06 +4.240343369e+06 +4.240343369e+06 +0.0000e+00 +0.0000e+00
2 +1.846420875e+04 +1.846420875e+04 +1.850197875e+04 +1.850197875e+04 -1.0220e+00 +2.2102e+00
3 +1.595476800e+03 +1.595476800e+03 +1.633246800e+03 +1.633246800e+03 -1.0701e+00 +2.0193e+00
5 +1.177409286e+03 +1.177409286e+03 +1.215179286e+03 +1.215179286e+03 -9.7661e-01 +2.0988e+00
6 +8.876571071e+02 +8.876571071e+02 +9.254271071e+02 +9.254271071e+02 -1.0050e+00 +2.0892e+00
7 +3.151237783e+02 +3.151237783e+02 +3.528937783e+02 +3.528937783e+02 -8.7706e-01 +2.0562e+00
11 +1.833402880e+02 +1.833402880e+02 +2.211102880e+02 +2.211102880e+02 -9.0130e-01 +2.0565e+00
16 +1.177913706e+01 +1.177913706e+01 +4.954913706e+01 +4.954913706e+01 -9.7949e-01 +2.0558e+00
32 +5.808018530e-03 +5.808018530e-03 +3.777580802e+01 +3.777580802e+01 -9.4438e-01 +2.0644e+00
% function evaluation | noise-free fitness - Fopt (6.054000000000e+01) | best noise-free fitness - Fopt | measured fitness | best measured fitness | x1 | x2...
1 +1.071762351e+06 +1.071762351e+06 +1.071822891e+06 +1.071822891e+06 +0.0000e+00 +0.0000e+00
2 +1.117367488e+05 +1.117367488e+05 +1.117972888e+05 +1.117972888e+05 +1.5845e-01 +1.5171e+00
3 +6.105473672e+04 +6.105473672e+04 +6.111527672e+04 +6.111527672e+04 +3.5994e-01 +1.3519e+00
19 +5.863822913e+04 +5.863822913e+04 +5.869876913e+04 +5.869876913e+04 +2.8962e-01 +1.3743e+00
24 +4.557635301e+04 +4.557635301e+04 +4.563689301e+04 +4.563689301e+04 +2.4388e-01 +1.3614e+00
25 +2.587535396e+03 +2.587535396e+03 +2.648075396e+03 +2.648075396e+03 +1.1750e-01 +1.2225e+00
55 +2.278019139e+02 +2.278019139e+02 +2.883419139e+02 +2.883419139e+02 +2.4054e-01 +1.0789e+00
60 +5.875771854e+01 +5.875771854e+01 +1.192977185e+02 +1.192977185e+02 -3.3452e-01 +1.3426e+00
62 +5.607316531e+01 +5.607316531e+01 +1.166131653e+02 +1.166131653e+02 +8.4525e-03 +1.2138e+00
66 +3.730332704e+01 +3.730332704e+01 +9.784332704e+01 +9.784332704e+01 -1.8277e-02 +1.2080e+00
132 +1.329831808e+01 +1.329831808e+01 +7.383831808e+01 +7.383831808e+01 +1.1248e-01 +1.1626e+00
138 +5.513903552e-01 +5.513903552e-01 +6.109139036e+01 +6.109139036e+01 +5.0839e-01 +9.7561e-01
% function evaluation | noise-free fitness - Fopt (7.079600000000e+02) | best noise-free fitness - Fopt | measured fitness | best measured fitness | x1 | x2...
1 +2.032583151e+05 +2.032583151e+05 +2.039662751e+05 +2.039662751e+05 +0.0000e+00 +0.0000e+00
29 +1.177968499e+04 +1.177968499e+04 +1.248764499e+04 +1.248764499e+04 +3.9414e+00 -3.4993e+00
34 +1.116031244e+03 +1.116031244e+03 +1.823991244e+03 +1.823991244e+03 +3.9186e+00 -3.5774e+00
64 +5.706862009e+01 +5.706862009e+01 +7.650286201e+02 +7.650286201e+02 +3.7184e+00 -3.4588e+00
126 +4.996988188e+01 +4.996988188e+01 +7.579298819e+02 +7.579298819e+02 +3.9368e+00 -3.6321e+00
274 +4.716750530e+01 +4.716750530e+01 +7.551275053e+02 +7.551275053e+02 +3.5850e+00 -3.3617e+00
276 +4.500633187e+01 +4.500633187e+01 +7.529663319e+02 +7.529663319e+02 +3.5891e+00 -3.3641e+00
358 +4.453195609e+01 +4.453195609e+01 +7.524919561e+02 +7.524919561e+02 +3.5503e+00 -3.3340e+00
418 +4.342974433e+01 +4.342974433e+01 +7.513897443e+02 +7.513897443e+02 +3.5743e+00 -3.3514e+00
% function evaluation | noise-free fitness - Fopt (1.118000000000e+01) | best noise-free fitness - Fopt | measured fitness | best measured fitness | x1 | x2...
1 +2.122183351e+07 +2.122183351e+07 +2.122184469e+07 +2.122184469e+07 +0.0000e+00 +0.0000e+00
2 +1.947201592e+07 +1.947201592e+07 +1.947202710e+07 +1.947202710e+07 +2.0217e+00 -2.2651e+00
3 +1.767160524e+07 +1.767160524e+07 +1.767161642e+07 +1.767161642e+07 +2.1483e+00 -2.5522e+00
4 +1.532130960e+07 +1.532130960e+07 +1.532132078e+07 +1.532132078e+07 +1.8768e+00 -2.3636e+00
8 +1.318138095e+07 +1.318138095e+07 +1.318139213e+07 +1.318139213e+07 +1.8806e+00 -2.5362e+00
26 +1.086976002e+07 +1.086976002e+07 +1.086977120e+07 +1.086977120e+07 +1.6866e+00 -2.5088e+00
33 +8.711856941e+06 +8.711856941e+06 +8.711868121e+06 +8.711868121e+06 +1.5369e+00 -2.5627e+00
49 +4.245837904e+06 +4.245837904e+06 +4.245849084e+06 +4.245849084e+06 +7.9537e-01 -2.5171e+00
63 +3.758905795e+06 +3.758905795e+06 +3.758916975e+06 +3.758916975e+06 +1.1059e+00 -2.8504e+00
68 +2.812759672e+06 +2.812759672e+06 +2.812770852e+06 +2.812770852e+06 +2.7952e-01 -2.4988e+00
75 +9.140404848e+05 +9.140404848e+05 +9.140516648e+05 +9.140516648e+05 -9.9191e-01 -2.8220e+00
86 +2.110664261e+05 +2.110664261e+05 +2.110776061e+05 +2.110776061e+05 -2.3321e-01 -3.3886e+00
91 +5.283403000e+03 +5.283403000e+03 +5.294583000e+03 +5.294583000e+03 -3.7474e+00 -3.8830e+00
112 +8.705990063e+02 +8.705990063e+02 +8.817790063e+02 +8.817790063e+02 -1.0840e+01 -3.7825e+00
132 +7.747381003e+02 +7.747381003e+02 +7.859181003e+02 +7.859181003e+02 -4.6328e+00 -3.7828e+00
219 +5.195927799e+02 +5.195927799e+02 +5.307727799e+02 +5.307727799e+02 -3.4090e+00 -3.8331e+00
238 +4.492298194e+01 +4.492298194e+01 +5.610298194e+01 +5.610298194e+01 -8.0416e+00 -3.8108e+00
329 +3.751983674e+01 +3.751983674e+01 +4.869983674e+01 +4.869983674e+01 -5.0981e+00 -3.8056e+00
594 +1.493747184e+01 +1.493747184e+01 +2.611747184e+01 +2.611747184e+01 -4.9752e+00 -3.8091e+00
693 +1.457265675e+01 +1.457265675e+01 +2.575265675e+01 +2.575265675e+01 -5.1196e+00 -3.8110e+00
704 +1.336420255e+01 +1.336420255e+01 +2.454420255e+01 +2.454420255e+01 -5.0052e+00 -3.8105e+00
717 +9.834968397e+00 +9.834968397e+00 +2.101496840e+01 +2.101496840e+01 -3.7176e+00 -3.8083e+00
744 +1.166087954e+00 +1.166087954e+00 +1.234608795e+01 +1.234608795e+01 -2.7912e-01 -3.8132e+00
833 +3.820517661e-01 +3.820517661e-01 +1.156205177e+01 +1.156205177e+01 -1.9006e+00 -3.8101e+00
1011 +7.164819119e-02 +7.164819119e-02 +1.125164819e+01 +1.125164819e+01 -1.3625e+00 -3.8101e+00
1032 +5.877153037e-02 +5.877153037e-02 +1.123877153e+01 +1.123877153e+01 -1.4678e+00 -3.8102e+00
1118 +1.269938925e-02 +1.269938925e-02 +1.119269939e+01 +1.119269939e+01 -1.4597e+00 -3.8104e+00
1179 +5.119157021e-03 +5.119157021e-03 +1.118511916e+01 +1.118511916e+01 -1.3794e+00 -3.8103e+00
1226 +7.380753452e-04 +7.380753452e-04 +1.118073808e+01 +1.118073808e+01 -1.3520e+00 -3.8104e+00
1490 +1.255122376e-04 +1.255122376e-04 +1.118012551e+01 +1.118012551e+01 -1.3498e+00 -3.8104e+00
1625 +1.140597142e-04 +1.140597142e-04 +1.118011406e+01 +1.118011406e+01 -1.3600e+00 -3.8104e+00
1635 +5.177897575e-05 +5.177897575e-05 +1.118005178e+01 +1.118005178e+01 -1.3552e+00 -3.8104e+00
1650 +2.944424219e-05 +2.944424219e-05 +1.118002944e+01 +1.118002944e+01 -1.3555e+00 -3.8104e+00
1726 +2.354285436e-05 +2.354285436e-05 +1.118002354e+01 +1.118002354e+01 -1.3516e+00 -3.8104e+00
1773 +1.480951287e-06 +1.480951287e-06 +1.118000148e+01 +1.118000148e+01 -1.3513e+00 -3.8104e+00
2046 +8.595638796e-07 +8.595638796e-07 +1.118000086e+01 +1.118000086e+01 -1.3509e+00 -3.8104e+00
2082 +7.806883602e-07 +7.806883602e-07 +1.118000078e+01 +1.118000078e+01 -1.3504e+00 -3.8104e+00
2090 +6.294067258e-07 +6.294067258e-07 +1.118000063e+01 +1.118000063e+01 -1.3509e+00 -3.8104e+00
2095 +4.639833850e-07 +4.639833850e-07 +1.118000046e+01 +1.118000046e+01 -1.3503e+00 -3.8104e+00
2098 +2.210688486e-07 +2.210688486e-07 +1.118000022e+01 +1.118000022e+01 -1.3504e+00 -3.8104e+00
2178 +6.438400391e-08 +6.438400391e-08 +1.118000006e+01 +1.118000006e+01 -1.3507e+00 -3.8104e+00
2229 +6.784787843e-09 +6.784787843e-09 +1.118000001e+01 +1.118000001e+01 -1.3503e+00 -3.8104e+00
% function evaluation | noise-free fitness - Fopt (1.818000000000e+01) | best noise-free fitness - Fopt | measured fitness | best measured fitness | x1 | x2...
1 +7.797650304e+06 +7.797650304e+06 +7.797668484e+06 +7.797668484e+06 +0.0000e+00 +0.0000e+00
48 +4.516279327e+06 +4.516279327e+06 +4.516297507e+06 +4.516297507e+06 +2.5572e+00 +4.6028e+00
69 +1.470553959e+05 +1.470553959e+05 +1.470735759e+05 +1.470735759e+05 +3.8011e+00 +3.3204e+00
88 +2.126231845e+04 +2.126231845e+04 +2.128049845e+04 +2.128049845e+04 +4.9576e+00 +4.1291e+00
132 +1.109437725e+04 +1.109437725e+04 +1.111255725e+04 +1.111255725e+04 +4.1417e+00 +3.3340e+00
188 +5.206561193e+02 +5.206561193e+02 +5.388361193e+02 +5.388361193e+02 +4.6716e+00 +3.9153e+00
242 +1.432023284e+02 +1.432023284e+02 +1.613823284e+02 +1.613823284e+02 +4.0121e+00 +2.9200e+00
352 +2.397856901e+01 +2.397856901e+01 +4.215856901e+01 +4.215856901e+01 +3.6728e+00 +2.4270e+00
377 +1.067279037e+01 +1.067279037e+01 +2.885279037e+01 +2.885279037e+01 +3.9038e+00 +2.7714e+00
550 +8.211452170e+00 +8.211452170e+00 +2.639145217e+01 +2.639145217e+01 +3.8135e+00 +2.6380e+00
680 +6.690672828e+00 +6.690672828e+00 +2.487067283e+01 +2.487067283e+01 +3.8074e+00 +2.6269e+00
% function evaluation | noise-free fitness - Fopt (1.089300000000e+02) | best noise-free fitness - Fopt | measured fitness | best measured fitness | x1 | x2...
1 +4.892025262e+06 +4.892025262e+06 +4.892134192e+06 +4.892134192e+06 +0.0000e+00 +0.0000e+00
2 +2.988991463e+05 +2.988991463e+05 +2.990080763e+05 +2.990080763e+05 +3.2712e+00 -2.0182e+00
3 +2.200373132e+05 +2.200373132e+05 +2.201462432e+05 +2.201462432e+05 +3.0854e+00 -2.0770e+00
4 +9.261810240e+04 +9.261810240e+04 +9.272703240e+04 +9.272703240e+04 +3.1508e+00 -2.2493e+00
25 +2.109329748e+03 +2.109329748e+03 +2.218259748e+03 +2.218259748e+03 +3.0713e+00 -2.5010e+00
55 +3.453071772e+02 +3.453071772e+02 +4.542371772e+02 +4.542371772e+02 +3.1123e+00 -2.5326e+00
94 +2.796460008e+02 +2.796460008e+02 +3.885760008e+02 +3.885760008e+02 +3.0368e+00 -2.5606e+00
123 +1.525539573e+02 +1.525539573e+02 +2.614839573e+02 +2.614839573e+02 +3.0094e+00 -2.5535e+00
154 +4.370799876e+01 +4.370799876e+01 +1.526379988e+02 +1.526379988e+02 +3.0716e+00 -2.5406e+00
192 +1.110864920e+01 +1.110864920e+01 +1.200386492e+02 +1.200386492e+02 +3.1238e+00 -2.5492e+00
220 +2.080617547e+00 +2.080617547e+00 +1.110106175e+02 +1.110106175e+02 +3.1053e+00 -2.5492e+00
222 +1.987935051e-01 +1.987935051e-01 +1.091287935e+02 +1.091287935e+02 +3.0914e+00 -2.5495e+00
396 +9.109183639e-02 +9.109183639e-02 +1.090210918e+02 +1.090210918e+02 +3.0819e+00 -2.5482e+00
480 +8.761444774e-02 +8.761444774e-02 +1.090176144e+02 +1.090176144e+02 +3.0756e+00 -2.5477e+00
664 +8.465535808e-02 +8.465535808e-02 +1.090146554e+02 +1.090146554e+02 +3.0733e+00 -2.5474e+00
% function evaluation | noise-free fitness - Fopt (1.966000000000e+01) | best noise-free fitness - Fopt | measured fitness | best measured fitness | x1 | x2...
1 +1.128110807e+07 +1.128110807e+07 +1.128112773e+07 +1.128112773e+07 +0.0000e+00 +0.0000e+00
72 +7.772549402e+06 +7.772549402e+06 +7.772569062e+06 +7.772569062e+06 +8.4656e-01 -6.9843e-01
77 +1.358499248e+06 +1.358499248e+06 +1.358518908e+06 +1.358518908e+06 +4.5359e-01 -2.2374e+00
82 +2.049241819e+05 +2.049241819e+05 +2.049438419e+05 +2.049438419e+05 +6.3630e-01 -2.9736e+00
90 +1.492349312e+04 +1.492349312e+04 +1.494315312e+04 +1.494315312e+04 +1.5450e+00 -3.5140e+00
198 +1.014285198e+03 +1.014285198e+03 +1.033945198e+03 +1.033945198e+03 +8.2102e-01 -3.4242e+00
226 +1.644260298e+01 +1.644260298e+01 +3.610260298e+01 +3.610260298e+01 -5.3944e-01 -3.3030e+00
527 +1.239832117e+01 +1.239832117e+01 +3.205832117e+01 +3.205832117e+01 +1.8423e-01 -3.3615e+00
1762 +1.201655752e+01 +1.201655752e+01 +3.167655752e+01 +3.167655752e+01 +1.6761e-01 -3.3597e+00
1819 +1.003211550e+01 +1.003211550e+01 +2.969211550e+01 +2.969211550e+01 +7.3815e-02 -3.3500e+00
2912 +9.899131781e+00 +9.899131781e+00 +2.955913178e+01 +2.955913178e+01 +6.1577e-02 -3.3486e+00
3060 +9.727695710e+00 +9.727695710e+00 +2.938769571e+01 +2.938769571e+01 +5.9023e-02 -3.3488e+00
3226 +9.515729410e+00 +9.515729410e+00 +2.917572941e+01 +2.917572941e+01 +4.7705e-02 -3.3476e+00
3379 +9.288554595e+00 +9.288554595e+00 +2.894855459e+01 +2.894855459e+01 +3.5971e-02 -3.3466e+00
3580 +9.101783320e+00 +9.101783320e+00 +2.876178332e+01 +2.876178332e+01 +2.5718e-02 -3.3455e+00
3616 +8.877457565e+00 +8.877457565e+00 +2.853745757e+01 +2.853745757e+01 +1.2224e-02 -3.3445e+00
3792 +8.667806174e+00 +8.667806174e+00 +2.832780617e+01 +2.832780617e+01 -1.6326e-03 -3.3428e+00
3843 +8.503403425e+00 +8.503403425e+00 +2.816340343e+01 +2.816340343e+01 -9.5533e-03 -3.3425e+00
3889 +8.185840411e+00 +8.185840411e+00 +2.784584041e+01 +2.784584041e+01 -2.7629e-02 -3.3408e+00
3900 +7.854147851e+00 +7.854147851e+00 +2.751414785e+01 +2.751414785e+01 -4.7731e-02 -3.3389e+00
4017 +7.586126311e+00 +7.586126311e+00 +2.724612631e+01 +2.724612631e+01 -6.8986e-02 -3.3374e+00
4308 +7.288575907e+00 +7.288575907e+00 +2.694857591e+01 +2.694857591e+01 -8.4159e-02 -3.3359e+00
% function evaluation | noise-free fitness - Fopt (-3.538000000000e+02) | best noise-free fitness - Fopt | measured fitness | best measured fitness | x1 | x2...
1 +3.587091875e+07 +3.587091875e+07 +3.587056495e+07 +3.587056495e+07 +0.0000e+00 +0.0000e+00
2 +8.818666880e+06 +8.818666880e+06 +8.818313080e+06 +8.818313080e+06 +2.0775e+00 +4.4725e+00
5 +8.047421445e+06 +8.047421445e+06 +8.047067645e+06 +8.047067645e+06 +2.0607e+00 +4.7298e+00
25 +7.085024861e+06 +7.085024861e+06 +7.084671061e+06 +7.084671061e+06 +1.9582e+00 +4.9128e+00
30 +6.605850230e+06 +6.605850230e+06 +6.605496430e+06 +6.605496430e+06 +1.8070e+00 +4.8195e+00
33 +6.379988441e+06 +6.379988441e+06 +6.379634641e+06 +6.379634641e+06 +1.6166e+00 +4.5471e+00
46 +5.764587439e+06 +5.764587439e+06 +5.764233639e+06 +5.764233639e+06 +1.3499e+00 +4.3026e+00
47 +2.387400680e+06 +2.387400680e+06 +2.387046880e+06 +2.387046880e+06 +9.0650e-01 +5.3098e+00
69 +7.946091647e+02 +7.946091647e+02 +4.408091647e+02 +4.408091647e+02 -6.2844e-01 +5.6440e+00
77 +6.361154117e+02 +6.361154117e+02 +2.823154117e+02 +2.823154117e+02 -1.2991e+00 +4.4593e+00
181 +3.171721172e+02 +3.171721172e+02 -3.662788281e+01 -3.662788281e+01 -4.6942e-01 +5.9756e+00
379 +3.139765061e+02 +3.139765061e+02 -3.982349393e+01 -3.982349393e+01 -8.8380e-01 +5.2472e+00
396 +8.237559154e+01 +8.237559154e+01 -2.714244085e+02 -2.714244085e+02 -1.4023e+00 +4.2233e+00
417 +1.124036871e+01 +1.124036871e+01 -3.425596313e+02 -3.425596313e+02 -1.6575e+00 +3.7148e+00
462 +1.111773047e+01 +1.111773047e+01 -3.426822695e+02 -3.426822695e+02 -1.3552e+00 +4.2946e+00
788 +9.000397619e+00 +9.000397619e+00 -3.447996024e+02 -3.447996024e+02 -1.4789e+00 +4.0562e+00
% function evaluation | noise-free fitness - Fopt (-5.925000000000e+01) | best noise-free fitness - Fopt | measured fitness | best measured fitness | x1 | x2...
1 +7.052153728e+06 +7.052153728e+06 +7.052094478e+06 +7.052094478e+06 +0.0000e+00 +0.0000e+00
96 +1.238717266e+06 +1.238717266e+06 +1.238658016e+06 +1.238658016e+06 +1.6699e+00 -2.2069e+00
108 +1.372079666e+05 +1.372079666e+05 +1.371487166e+05 +1.371487166e+05 +2.3664e+00 -1.3715e+00
152 +1.042109093e+05 +1.042109093e+05 +1.041516593e+05 +1.041516593e+05 +3.1227e+00 -2.1661e+00
181 +7.835040461e+03 +7.835040461e+03 +7.775790461e+03 +7.775790461e+03 +2.7226e+00 +4.5718e-01
220 +6.897434294e+03 +6.897434294e+03 +6.838184294e+03 +6.838184294e+03 +2.7430e+00 -4.8818e-04
242 +5.193979413e+02 +5.193979413e+02 +4.601479413e+02 +4.601479413e+02 +2.6377e+00 -1.1094e-02
321 +1.492578968e+01 +1.492578968e+01 -4.432421032e+01 -4.432421032e+01 +2.6615e+00 -9.4397e-02
330 +9.754466600e+00 +9.754466600e+00 -4.949553340e+01 -4.949553340e+01 +2.6665e+00 -1.6935e-01
361 +1.556255889e+00 +1.556255889e+00 -5.769374411e+01 -5.769374411e+01 +2.6735e+00 -2.5568e-01
504 +1.333817370e+00 +1.333817370e+00 -5.791618263e+01 -5.791618263e+01 +2.6665e+00 -1.1166e-01
594 +1.208662669e+00 +1.208662669e+00 -5.804133733e+01 -5.804133733e+01 +2.6698e+00 -1.6931e-01
614 +1.094998336e+00 +1.094998336e+00 -5.815500166e+01 -5.815500166e+01 +2.6689e+00 -1.6223e-01
663 +1.056928759e+00 +1.056928759e+00 -5.819307124e+01 -5.819307124e+01 +2.6701e+00 -1.8224e-01
861 +1.010468337e+00 +1.010468337e+00 -5.823953166e+01 -5.823953166e+01 +2.6713e+00 -2.0196e-01
3085 +9.947259244e-01 +9.947259244e-01 -5.825527408e+01 -5.825527408e+01 +2.6717e+00 -2.0903e-01
3450 +9.749104087e-01 +9.749104087e-01 -5.827508959e+01 -5.827508959e+01 +2.6722e+00 -2.1912e-01
3971 +9.499087200e-01 +9.499087200e-01 -5.830009128e+01 -5.830009128e+01 +2.6730e+00 -2.3447e-01
% function evaluation | noise-free fitness - Fopt (-2.707000000000e+01) | best noise-free fitness - Fopt | measured fitness | best measured fitness | x1 | x2...
1 +5.965960596e+06 +5.965960596e+06 +5.965933526e+06 +5.965933526e+06 +0.0000e+00 +0.0000e+00
64 +4.003828562e+06 +4.003828562e+06 +4.003801492e+06 +4.003801492e+06 +4.6543e-01 +7.0955e-02
68 +7.362142178e+05 +7.362142178e+05 +7.361871478e+05 +7.361871478e+05 +1.8027e+00 +8.9906e-01
73 +3.378017432e+05 +3.378017432e+05 +3.377746732e+05 +3.377746732e+05 +3.4476e+00 +1.7523e+00
82 +1.446282415e+05 +1.446282415e+05 +1.446011715e+05 +1.446011715e+05 +2.2644e+00 -3.0013e+00
125 +6.129342685e+02 +6.129342685e+02 +5.858642685e+02 +5.858642685e+02 +2.5809e+00 +5.4638e-01
275 +2.473477892e+02 +2.473477892e+02 +2.202777892e+02 +2.202777892e+02 +2.4461e+00 -1.5413e-01
322 +3.262647908e+01 +3.262647908e+01 +5.556479080e+00 +5.556479080e+00 +2.3322e+00 -8.0813e-01
352 +1.587581601e+01 +1.587581601e+01 -1.119418399e+01 -1.119418399e+01 +2.1722e+00 -1.5622e+00
691 +1.562598400e+01 +1.562598400e+01 -1.144401600e+01 -1.144401600e+01 +2.1800e+00 -1.5256e+00
% function evaluation | noise-free fitness - Fopt (-5.279000000000e+01) | best noise-free fitness - Fopt | measured fitness | best measured fitness | x1 | x2...
1 +3.772933139e+06 +3.772933139e+06 +3.772880349e+06 +3.772880349e+06 +0.0000e+00 +0.0000e+00
2 +1.206510425e+06 +1.206510425e+06 +1.206457635e+06 +1.206457635e+06 +5.7150e-02 -8.4399e-01
4 +1.117656119e+06 +1.117656119e+06 +1.117603329e+06 +1.117603329e+06 +1.5138e-01 -8.8522e-01
5 +9.304165178e+05 +9.304165178e+05 +9.303637278e+05 +9.303637278e+05 +1.2544e-01 -9.7783e-01
6 +6.207808680e+05 +6.207808680e+05 +6.207280780e+05 +6.207280780e+05 -7.5491e-02 -1.1545e+00
28 +3.597267449e+05 +3.597267449e+05 +3.596739549e+05 +3.596739549e+05 +1.7476e-02 -1.3426e+00
33 +3.054449657e+05 +3.054449657e+05 +3.053921757e+05 +3.053921757e+05 +2.3087e-01 -1.3897e+00
47 +8.133000362e+03 +8.133000362e+03 +8.080210362e+03 +8.080210362e+03 +7.4400e-02 -1.8523e+00
49 +1.963431903e+03 +1.963431903e+03 +1.910641903e+03 +1.910641903e+03 +4.6393e-01 -1.9865e+00
71 +1.831642001e+03 +1.831642001e+03 +1.778852001e+03 +1.778852001e+03 -1.7144e-01 -1.8998e+00
87 +2.619949693e+02 +2.619949693e+02 +2.092049693e+02 +2.092049693e+02 -2.0277e-01 -1.9582e+00
180 +6.655246123e+01 +6.655246123e+01 +1.376246123e+01 +1.376246123e+01 +2.5212e-01 -1.9494e+00
198 +3.112256927e+01 +3.112256927e+01 -2.166743073e+01 -2.166743073e+01 +3.0910e-01 -1.9388e+00
220 +1.880852574e+01 +1.880852574e+01 -3.398147426e+01 -3.398147426e+01 +2.8870e-01 -1.9414e+00
308 +1.843615421e+01 +1.843615421e+01 -3.435384579e+01 -3.435384579e+01 +3.3538e-01 -1.9418e+00
380 +1.738941641e+01 +1.738941641e+01 -3.540058359e+01 -3.540058359e+01 +2.4820e-01 -1.9424e+00
528 +1.709100294e+01 +1.709100294e+01 -3.569899706e+01 -3.569899706e+01 +2.1231e-01 -1.9424e+00
642 +1.682323371e+01 +1.682323371e+01 -3.596676629e+01 -3.596676629e+01 +1.2616e-01 -1.9431e+00
693 +1.650549022e+01 +1.650549022e+01 -3.628450978e+01 -3.628450978e+01 +1.4109e-01 -1.9424e+00
794 +1.611435229e+01 +1.611435229e+01 -3.667564771e+01 -3.667564771e+01 +6.8703e-02 -1.9428e+00
865 +1.571284524e+01 +1.571284524e+01 -3.707715476e+01 -3.707715476e+01 -9.0845e-02 -1.9434e+00
868 +1.530828928e+01 +1.530828928e+01 -3.748171072e+01 -3.748171072e+01 -2.0744e-02 -1.9427e+00
893 +1.481993632e+01 +1.481993632e+01 -3.797006368e+01 -3.797006368e+01 -7.2775e-02 -1.9425e+00
895 +1.351858090e+01 +1.351858090e+01 -3.927141910e+01 -3.927141910e+01 -2.4487e-01 -1.9424e+00
922 +1.266906436e+01 +1.266906436e+01 -4.012093564e+01 -4.012093564e+01 -3.9099e-01 -1.9419e+00
932 +1.023881371e+01 +1.023881371e+01 -4.255118629e+01 -4.255118629e+01 -8.8588e-01 -1.9414e+00
933 +9.783364021e+00 +9.783364021e+00 -4.300663598e+01 -4.300663598e+01 -9.6909e-01 -1.9434e+00
945 +9.675499976e+00 +9.675499976e+00 -4.311450002e+01 -4.311450002e+01 -8.1257e-01 -1.9425e+00
952 +7.430041400e+00 +7.430041400e+00 -4.535995860e+01 -4.535995860e+01 -2.2379e+00 -1.9445e+00
960 +6.906201951e+00 +6.906201951e+00 -4.588379805e+01 -4.588379805e+01 -1.2962e+00 -1.9425e+00
961 +2.871685230e+00 +2.871685230e+00 -4.991831477e+01 -4.991831477e+01 -2.8074e+00 -1.9437e+00
1009 +1.902511839e+00 +1.902511839e+00 -5.088748816e+01 -5.088748816e+01 -2.5871e+00 -1.9421e+00
1034 +1.802192477e+00 +1.802192477e+00 -5.098780752e+01 -5.098780752e+01 -2.5861e+00 -1.9423e+00
1070 +7.257370246e-01 +7.257370246e-01 -5.206426298e+01 -5.206426298e+01 -3.1496e+00 -1.9420e+00
1080 +6.808878514e-01 +6.808878514e-01 -5.210911215e+01 -5.210911215e+01 -3.3542e+00 -1.9418e+00
1085 +1.682159222e-01 +1.682159222e-01 -5.262178408e+01 -5.262178408e+01 -3.9408e+00 -1.9410e+00
1149 +1.452137623e-01 +1.452137623e-01 -5.264478624e+01 -5.264478624e+01 -3.6251e+00 -1.9426e+00
1153 +1.352257487e-01 +1.352257487e-01 -5.265477425e+01 -5.265477425e+01 -3.5540e+00 -1.9424e+00
1192 +1.041020300e-01 +1.041020300e-01 -5.268589797e+01 -5.268589797e+01 -3.6504e+00 -1.9422e+00
1193 +7.315869439e-02 +7.315869439e-02 -5.271684131e+01 -5.271684131e+01 -3.7677e+00 -1.9426e+00
1196 +2.141448541e-02 +2.141448541e-02 -5.276858551e+01 -5.276858551e+01 -3.7973e+00 -1.9423e+00
1268 +1.350263038e-02 +1.350263038e-02 -5.277649737e+01 -5.277649737e+01 -3.8073e+00 -1.9424e+00
1363 +8.308162604e-03 +8.308162604e-03 -5.278169184e+01 -5.278169184e+01 -3.8728e+00 -1.9423e+00
1367 +5.041311443e-03 +5.041311443e-03 -5.278495869e+01 -5.278495869e+01 -3.9120e+00 -1.9423e+00
1378 +2.073662182e-03 +2.073662182e-03 -5.278792634e+01 -5.278792634e+01 -3.9046e+00 -1.9424e+00
1454 +9.662691505e-04 +9.662691505e-04 -5.278903373e+01 -5.278903373e+01 -3.9095e+00 -1.9424e+00
1510 +4.039796247e-04 +4.039796247e-04 -5.278959602e+01 -5.278959602e+01 -3.9029e+00 -1.9424e+00
1592 +3.954062705e-04 +3.954062705e-04 -5.278960459e+01 -5.278960459e+01 -3.9061e+00 -1.9424e+00
1626 +3.449500314e-04 +3.449500314e-04 -5.278965505e+01 -5.278965505e+01 -3.9034e+00 -1.9424e+00
1660 +2.801168709e-04 +2.801168709e-04 -5.278971988e+01 -5.278971988e+01 -3.9188e+00 -1.9424e+00
1690 +5.043274128e-05 +5.043274128e-05 -5.278994957e+01 -5.278994957e+01 -3.9166e+00 -1.9424e+00
1749 +3.913736833e-05 +3.913736833e-05 -5.278996086e+01 -5.278996086e+01 -3.9164e+00 -1.9424e+00
1769 +2.670315381e-05 +2.670315381e-05 -5.278997330e+01 -5.278997330e+01 -3.9210e+00 -1.9424e+00
1773 +2.402566968e-05 +2.402566968e-05 -5.278997597e+01 -5.278997597e+01 -3.9184e+00 -1.9424e+00
1796 +3.315102120e-06 +3.315102120e-06 -5.278999668e+01 -5.278999668e+01 -3.9198e+00 -1.9424e+00
1848 +5.888235322e-07 +5.888235322e-07 -5.278999941e+01 -5.278999941e+01 -3.9208e+00 -1.9424e+00
2080 +2.609371990e-07 +2.609371990e-07 -5.278999974e+01 -5.278999974e+01 -3.9214e+00 -1.9424e+00
2082 +1.862576937e-07 +1.862576937e-07 -5.278999981e+01 -5.278999981e+01 -3.9212e+00 -1.9424e+00
2129 +1.412327677e-07 +1.412327677e-07 -5.278999986e+01 -5.278999986e+01 -3.9215e+00 -1.9424e+00
2173 +4.053671887e-08 +4.053671887e-08 -5.278999996e+01 -5.278999996e+01 -3.9216e+00 -1.9424e+00
2187 +8.642565774e-09 +8.642565774e-09 -5.278999999e+01 -5.278999999e+01 -3.9217e+00 -1.9424e+00
