% function evaluation | noise-free fitness - Fopt (-5.465000000000e+02) | best noise-free fitness - Fopt | measured fitness | best measured fitness | x1 | x2...
1 +1.033747614e+04 +1.033747614e+04 +9.790976136e+03 +9.790976136e+03 +0.0000e+00 +0.0000e+00 +0.0000e+00 +0.0000e+00 +0.0000e+00 +0.0000e+00 +0.0000e+00 +0.0000e+00 +0.0000e+00 +0.0000e+00
330 +9.334729682e+03 +9.334729682e+03 +8.788229682e+03 +8.788229682e+03 +4.6947e+00 +1.8781e+00 +5.5040e-01 -2.0135e+00 +2.1752e+00 +2.5945e+00 -1.0510e+00 +9.7149e-01 -2.7057e+00 +1.1958e+00
352 +8.736410667e+03 +8.736410667e+03 +8.189910667e+03 +8.189910667e+03 +5.2628e+00 +1.3861e+00 +9.3198e-01 -2.8350e+00 +1.4608e+00 +2.1464e+00 -1.3340e+00 +1.9452e+00 -1.8044e+00 +9.5220e-01
374 +7.570353525e+03 +7.570353525e+03 +7.023853525e+03 +7.023853525e+03 +5.4736e+00 +1.2170e+00 +9.3722e-01 -2.3473e+00 +1.1226e+00 +1.7162e+00 -1.3503e+00 +2.5637e+00 -1.3663e+00 +6.4365e-01
396 +6.509116901e+03 +6.509116901e+03 +5.962616901e+03 +5.962616901e+03 +5.6965e+00 +1.1129e+00 +1.2265e+00 -2.2487e+00 +9.3514e-01 +1.1958e+00 -2.8946e-01 +2.4726e+00 -1.0609e+00 +2.3605e+00
417 +6.050449880e+03 +6.050449880e+03 +5.503949880e+03 +5.503949880e+03 +4.8640e+00 +2.6516e-01 +2.1173e+00 -2.7242e+00 +6.0187e-01 +8.2174e-01 -1.4311e+00 +3.4774e+00 -1.6411e+00 +1.5440e+00
418 +3.833176263e+03 +3.833176263e+03 +3.286676263e+03 +3.286676263e+03 +5.0956e+00 +1.1280e+00 +1.0956e+00 -2.5687e+00 +2.4411e-01 +5.4471e-01 -1.3409e-01 +2.4310e+00 -1.3042e+00 +1.9580e+00
462 +3.277687131e+03 +3.277687131e+03 +2.731187131e+03 +2.731187131e+03 +5.3360e+00 +6.7915e-01 +1.3787e+00 -2.4833e+00 +1.9494e+00 +1.1648e-01 -3.4864e-01 +1.1055e+00 -1.0946e+00 +2.2170e+00
484 +2.938501534e+03 +2.938501534e+03 +2.392001534e+03 +2.392001534e+03 +5.0021e+00 +4.9111e-01 +1.6558e+00 -2.8709e+00 +2.0947e+00 -6.1497e-01 +3.8279e-03 +5.6451e-01 -1.2301e+00 +1.6327e+00
525 +2.821970646e+03 +2.821970646e+03 +2.275470646e+03 +2.275470646e+03 +5.0298e+00 +1.1017e+00 +1.7690e+00 -3.0045e+00 +9.6221e-01 -9.0021e-01 -6.5468e-01 +1.9458e+00 -6.4031e-01 +2.0526e+00
545 +2.186245984e+03 +2.186245984e+03 +1.639745984e+03 +1.639745984e+03 +4.3840e+00 +1.7026e+00 +1.2965e+00 -2.7505e+00 +2.4864e+00 -1.5645e+00 -6.7212e-01 +2.8927e+00 -2.4352e+00 +1.8946e+00
567 +1.276699168e+03 +1.276699168e+03 +7.301991678e+02 +7.301991678e+02 +3.9410e+00 +2.1291e+00 +1.2586e+00 -2.6768e+00 +2.0801e+00 -2.8696e+00 -1.6068e+00 +1.3877e+00 -1.5953e+00 +9.9826e-01
594 +1.039145840e+03 +1.039145840e+03 +4.926458402e+02 +4.926458402e+02 +3.8994e+00 +1.2486e+00 +1.3917e+00 -1.8986e+00 +1.1495e+00 -1.1851e+00 +1.7029e-01 +2.5352e+00 -1.0738e+00 +1.3095e+00
596 +7.087536391e+02 +7.087536391e+02 +1.622536391e+02 +1.622536391e+02 +3.0039e+00 +2.9834e+00 +1.1477e+00 -2.2030e+00 +6.3942e-01 -1.5138e+00 -3.5678e-01 +2.4496e+00 -1.8106e+00 +3.3414e-01
603 +5.608340736e+02 +5.608340736e+02 +1.433407357e+01 +1.433407357e+01 +2.8823e+00 +2.1793e+00 +1.5236e+00 -1.9480e+00 +1.0004e+00 -1.1703e+00 +2.6226e-01 +2.6240e+00 -1.6538e+00 +2.4998e+00
616 +2.372214367e+02 +2.372214367e+02 -3.092785633e+02 -3.092785633e+02 +3.2617e+00 +1.0332e+00 +1.1812e+00 -2.0229e+00 +1.2008e+00 -1.4530e+00 -2.2391e-01 +2.3016e+00 -1.3532e+00 +1.9079e+00
630 +2.217131760e+02 +2.217131760e+02 -3.247868240e+02 -3.247868240e+02 +3.1286e+00 +9.6877e-01 +1.2855e+00 -2.3396e+00 +2.5160e+00 -1.4560e+00 -6.1772e-01 +1.2891e+00 -1.9224e+00 +1.0213e+00
632 +1.520618986e+02 +1.520618986e+02 -3.944381014e+02 -3.944381014e+02 +2.2916e+00 +2.2790e+00 +4.7016e-01 -2.8553e+00 +1.6117e+00 -1.4288e+00 -7.3217e-01 +1.9913e+00 -2.4898e+00 +1.5969e+00
660 +4.016496723e+01 +4.016496723e+01 -5.063350328e+02 -5.063350328e+02 +2.8041e+00 +1.0545e+00 +6.7607e-01 -1.7470e+00 +8.0628e-01 -1.5615e+00 -1.1437e-01 +1.7995e+00 -1.6375e+00 +2.1589e+00
682 +5.970105543e+00 +5.970105543e+00 -5.405298945e+02 -5.405298945e+02 +2.5212e+00 +9.5147e-01 +2.3018e-01 -1.5418e+00 +8.8878e-01 -1.2659e+00 -1.4125e-01 +1.7337e+00 -1.0214e+00 +2.3153e+00
691 +3.626849337e+00 +3.626849337e+00 -5.428731507e+02 -5.428731507e+02 +1.2127e+00 +7.6674e-01 +1.9279e-01 -1.9989e+00 +4.9182e-01 -1.4697e+00 -1.3852e+00 +4.2876e-01 -2.1054e+00 +2.1398e+00
894 +3.145269383e+00 +3.145269383e+00 -5.433547306e+02 -5.433547306e+02 +1.7309e+00 +6.0983e-01 +9.6296e-01 -2.3700e+00 +1.2138e+00 -1.0468e+00 -1.0946e+00 +1.8593e+00 -5.3007e-01 +1.3694e+00
978 +3.026782005e+00 +3.026782005e+00 -5.434732180e+02 -5.434732180e+02 +1.4923e+00 +1.1718e+00 +8.2776e-01 -1.5870e+00 +1.1341e+00 -4.1271e-01 -8.7815e-01 +1.3184e+00 -1.3125e+00 +1.8016e+00
1326 +2.472177383e+00 +2.472177383e+00 -5.440278226e+02 -5.440278226e+02 +1.5110e+00 +6.8960e-01 +7.6660e-01 -1.4986e+00 +2.3158e+00 -6.2444e-01 -8.1611e-01 +2.5132e+00 -1.8824e+00 +2.1559e+00
1804 +2.402110361e+00 +2.402110361e+00 -5.440978896e+02 -5.440978896e+02 +1.5429e+00 +1.2672e+00 +9.3396e-01 -1.6082e+00 +2.2495e+00 -8.5597e-01 -1.1384e+00 +2.3539e+00 -1.0656e+00 +2.0192e+00
2090 +2.393568748e+00 +2.393568748e+00 -5.441064313e+02 -5.441064313e+02 +1.4966e+00 +1.2501e+00 +9.4250e-01 -1.6270e+00 +2.2605e+00 -8.6624e-01 -1.1719e+00 +2.3356e+00 -1.0785e+00 +2.0151e+00
2310 +2.343037369e+00 +2.343037369e+00 -5.441569626e+02 -5.441569626e+02 +1.5397e+00 +1.2918e+00 +9.2413e-01 -1.6637e+00 +2.2181e+00 -9.0275e-01 -1.1426e+00 +2.3488e+00 -1.0661e+00 +2.0192e+00
2449 +2.290507131e+00 +2.290507131e+00 -5.442094929e+02 -5.442094929e+02 +1.4728e+00 +1.4163e+00 +9.0771e-01 -1.6399e+00 +2.2369e+00 -8.7926e-01 -1.1484e+00 +2.3319e+00 -1.0532e+00 +2.0177e+00
6929 +2.228106921e+00 +2.228106921e+00 -5.442718931e+02 -5.442718931e+02 -2.1275e+00 -2.7024e-01 +2.6552e+00 -4.5202e-01 +3.4565e-01 -1.3798e+00 -1.2534e+00 +1.5932e+00 -9.1986e-01 +1.2552e+00
12566 +2.148381373e+00 +2.148381373e+00 -5.443516186e+02 -5.443516186e+02 +4.2402e-01 -4.3323e-01 +1.8185e+00 +2.7680e-01 +2.7104e+00 -5.2717e-01 -1.9399e+00 +2.1628e+00 -1.0495e+00 +1.1870e+00
12588 +1.875364572e+00 +1.875364572e+00 -5.446246354e+02 -5.446246354e+02 +5.1656e-01 -4.6102e-01 +1.8952e+00 +2.6348e-01 +2.7179e+00 -5.7249e-01 -1.9616e+00 +2.1417e+00 -1.1454e+00 +1.1956e+00
12764 +1.851058931e+00 +1.851058931e+00 -5.446489411e+02 -5.446489411e+02 +6.0166e-01 -4.2791e-01 +1.8488e+00 +3.2348e-01 +2.7007e+00 -5.0869e-01 -2.0131e+00 +2.1233e+00 -1.3339e+00 +1.1451e+00
12918 +1.815321632e+00 +1.815321632e+00 -5.446846784e+02 -5.446846784e+02 +6.4444e-01 -3.5448e-01 +1.8788e+00 +2.7088e-01 +2.6909e+00 -5.3737e-01 -1.9779e+00 +2.1455e+00 -1.1583e+00 +1.2233e+00
12984 +1.743136035e+00 +1.743136035e+00 -5.447568640e+02 -5.447568640e+02 +6.2399e-01 -3.5720e-01 +1.9016e+00 +3.1781e-01 +2.6941e+00 -5.5054e-01 -2.0011e+00 +2.1256e+00 -1.1426e+00 +1.2086e+00
13034 +1.721116333e+00 +1.721116333e+00 -5.447788837e+02 -5.447788837e+02 +6.6877e-01 -4.0134e-01 +1.8794e+00 +3.3602e-01 +2.7196e+00 -5.2376e-01 -2.0020e+00 +2.1289e+00 -1.1075e+00 +1.2244e+00
13189 +1.694750978e+00 +1.694750978e+00 -5.448052490e+02 -5.448052490e+02 +6.4787e-01 -3.8385e-01 +1.8928e+00 +3.0985e-01 +2.6840e+00 -5.2419e-01 -1.9953e+00 +2.1246e+00 -1.1255e+00 +1.2106e+00
% function evaluation | noise-free fitness - Fopt (1.000000000000e+03) | best noise-free fitness - Fopt | measured fitness | best measured fitness | x1 | x2...
1 +1.033747614e+04 +1.033747614e+04 +1.133747614e+04 +1.133747614e+04 +0.0000e+00 +0.0000e+00 +0.0000e+00 +0.0000e+00 +0.0000e+00 +0.0000e+00 +0.0000e+00 +0.0000e+00 +0.0000e+00 +0.0000e+00
178 +9.113515782e+03 +9.113515782e+03 +1.011351578e+04 +1.011351578e+04 +4.7801e+00 +2.2882e+00 -3.1448e+00 -9.0751e-02 -1.1295e+00 -2.2274e+00 -3.0391e+00 +9.0573e-01 -1.9417e+00 -1.2885e+00
206 +5.378739661e+03 +5.378739661e+03 +6.378739661e+03 +6.378739661e+03 +2.4852e+00 +6.0205e-01 -3.3755e+00 +6.9495e-01 -1.1759e+00 -1.2413e+00 -1.0707e+00 +4.4824e-01 +1.5894e-01 -2.4481e+00
218 +3.890176432e+03 +3.890176432e+03 +4.890176432e+03 +4.890176432e+03 +3.8965e+00 +2.3408e+00 -3.8449e+00 -7.1191e-01 -1.2350e+00 -1.1677e+00 -2.8175e+00 +5.8359e-01 -2.1688e+00 -1.3956e+00
232 +1.087735321e+03 +1.087735321e+03 +2.087735321e+03 +2.087735321e+03 +3.9418e+00 +2.2252e+00 -1.6583e+00 -5.3011e-01 -1.4835e+00 -5.6157e-01 -2.5877e+00 +1.3789e+00 -9.3965e-01 -8.5324e-01
282 +6.671762582e+02 +6.671762582e+02 +1.667176258e+03 +1.667176258e+03 +3.7878e+00 +5.8001e-01 -2.5256e+00 +1.7816e-01 -3.9766e-01 +6.0073e-01 -1.0678e+00 +2.3838e+00 -6.5803e-01 -1.4554e+00
418 +1.953299043e+02 +1.953299043e+02 +1.195329904e+03 +1.195329904e+03 +3.1905e+00 -6.1599e-01 -2.7156e+00 +5.9786e-01 -2.2589e-01 +9.4106e-01 -1.5334e+00 +6.0384e-01 -1.6212e+00 -2.0725e+00
424 +1.497818953e+02 +1.497818953e+02 +1.149781895e+03 +1.149781895e+03 +2.8219e+00 +6.1354e-01 -2.7004e+00 -1.0215e+00 +3.8496e-01 +8.7730e-02 -1.5390e+00 +9.2898e-01 -6.2815e-01 -1.1099e+00
431 +4.660023610e+01 +4.660023610e+01 +1.046600236e+03 +1.046600236e+03 +2.5887e+00 -1.2181e-01 -2.6088e+00 +4.2521e-01 -4.3091e-01 -7.5326e-02 -1.1347e+00 +4.6414e-01 -2.0219e+00 -2.1361e+00
440 +3.310181657e+01 +3.310181657e+01 +1.033101817e+03 +1.033101817e+03 +2.7688e+00 +6.1180e-02 -2.3528e+00 +1.1275e-01 -3.1477e-01 +4.2936e-01 -1.1388e+00 +6.7252e-01 -1.4601e+00 -1.4388e+00
443 +9.307874426e+00 +9.307874426e+00 +1.009307874e+03 +1.009307874e+03 +2.0435e+00 -1.0063e+00 -2.2938e+00 -1.3162e+00 -2.9705e-01 +4.4507e-01 -1.1071e+00 +1.4589e+00 -1.3886e+00 -8.4120e-01
462 +5.057448955e+00 +5.057448955e+00 +1.005057449e+03 +1.005057449e+03 +2.3510e+00 -3.1597e-01 -2.8106e+00 -4.2717e-01 +4.4300e-02 +4.1814e-01 -1.3593e+00 +1.4748e+00 -1.6552e+00 -1.5331e+00
541 +3.793372498e+00 +3.793372498e+00 +1.003793372e+03 +1.003793372e+03 +1.9848e-01 +3.0332e-01 -1.1526e+00 -1.2936e+00 -9.8707e-01 +2.0196e+00 -1.5907e+00 +1.8488e+00 -2.0665e+00 -1.7600e+00
572 +3.350852934e+00 +3.350852934e+00 +1.003350853e+03 +1.003350853e+03 +3.5121e-01 +3.7044e-01 -1.6277e+00 -1.4801e+00 -1.2848e-01 +1.5183e+00 -1.3901e+00 +8.8953e-01 -1.8295e+00 -1.1088e+00
675 +2.948068467e+00 +2.948068467e+00 +1.002948068e+03 +1.002948068e+03 -7.1436e-01 +1.4394e+00 -2.2925e+00 -2.1292e+00 -1.1389e+00 +2.4641e+00 -1.8224e+00 +7.6382e-01 -2.0909e+00 -1.2798e+00
853 +2.831026837e+00 +2.831026837e+00 +1.002831027e+03 +1.002831027e+03 -1.9796e+00 -1.0422e+00 -1.8154e-01 -1.1913e+00 -1.7590e-01 +8.2459e-01 -1.5590e+00 +3.5937e-01 -1.7953e+00 -1.3891e+00
1086 +2.525832682e+00 +2.525832682e+00 +1.002525833e+03 +1.002525833e+03 -2.1606e+00 +1.6511e-01 -1.1278e+00 -1.1654e+00 -3.7718e-02 +6.6795e-01 -2.4870e+00 +6.5954e-01 -1.1659e+00 -1.1464e+00
1738 +2.493873148e+00 +2.493873148e+00 +1.002493873e+03 +1.002493873e+03 -2.0891e+00 +5.1885e-01 -7.0695e-01 -1.6817e+00 -5.3286e-01 +1.9252e+00 -2.1591e+00 +1.6725e+00 -1.8598e+00 -1.7476e+00
1781 +2.440856268e+00 +2.440856268e+00 +1.002440856e+03 +1.002440856e+03 -2.0826e+00 +5.6302e-01 -7.3132e-01 -1.5981e+00 -5.0373e-01 +1.9333e+00 -2.1751e+00 +1.6242e+00 -1.8080e+00 -1.8175e+00
1813 +2.361753246e+00 +2.361753246e+00 +1.002361753e+03 +1.002361753e+03 -2.1738e+00 +4.7037e-01 -7.9385e-01 -1.6759e+00 -6.5369e-01 +1.8503e+00 -2.2119e+00 +1.6450e+00 -1.8490e+00 -1.8091e+00
1848 +2.254495383e+00 +2.254495383e+00 +1.002254495e+03 +1.002254495e+03 -2.1632e+00 +4.5082e-01 -7.1147e-01 -1.6918e+00 -5.5825e-01 +1.9288e+00 -2.1521e+00 +1.6549e+00 -1.8088e+00 -1.8285e+00
1958 +2.234132447e+00 +2.234132447e+00 +1.002234132e+03 +1.002234132e+03 -2.1218e+00 +4.6405e-01 -7.1634e-01 -1.7068e+00 -5.7284e-01 +1.9345e+00 -2.1528e+00 +1.6286e+00 -1.8234e+00 -1.8210e+00
2020 +2.184092856e+00 +2.184092856e+00 +1.002184093e+03 +1.002184093e+03 -2.1021e+00 +5.0435e-01 -8.0018e-01 -1.6575e+00 -6.1355e-01 +1.8965e+00 -2.1489e+00 +1.6638e+00 -1.8300e+00 -1.8337e+00
2486 +2.136928897e+00 +2.136928897e+00 +1.002136929e+03 +1.002136929e+03 -2.1150e+00 +5.2764e-01 -7.7052e-01 -1.6885e+00 -5.7090e-01 +1.9158e+00 -2.1566e+00 +1.6423e+00 -1.8312e+00 -1.8335e+00
7328 +2.052248416e+00 +2.052248416e+00 +1.002052248e+03 +1.002052248e+03 -2.5835e-01 +2.5937e+00 -1.9068e+00 -7.6256e-01 -1.8025e+00 +2.5607e-01 -8.9389e-01 +1.3076e+00 -1.3454e+00 -1.1545e+00
7614 +2.023341137e+00 +2.023341137e+00 +1.002023341e+03 +1.002023341e+03 -3.5548e-01 +2.4572e+00 -2.0226e+00 -7.6431e-01 -1.7958e+00 +2.8076e-01 -8.7965e-01 +1.3153e+00 -1.3238e+00 -1.1588e+00
7658 +1.987455419e+00 +1.987455419e+00 +1.001987455e+03 +1.001987455e+03 -3.2048e-01 +2.4816e+00 -2.0123e+00 -6.9549e-01 -1.8024e+00 +2.5801e-01 -8.9422e-01 +1.3017e+00 -1.3390e+00 -1.1594e+00
7944 +1.948999223e+00 +1.948999223e+00 +1.001948999e+03 +1.001948999e+03 -3.3614e-01 +2.5317e+00 -1.9761e+00 -6.7763e-01 -1.8127e+00 +2.6858e-01 -8.8720e-01 +1.2905e+00 -1.3302e+00 -1.1556e+00
% function evaluation | noise-free fitness - Fopt (2.083800000000e+02) | best noise-free fitness - Fopt | measured fitness | best measured fitness | x1 | x2...
1 +1.033747614e+04 +1.033747614e+04 +1.054585614e+04 +1.054585614e+04 +0.0000e+00 +0.0000e+00 +0.0000e+00 +0.0000e+00 +0.0000e+00 +0.0000e+00 +0.0000e+00 +0.0000e+00 +0.0000e+00 +0.0000e+00
77 +8.832140577e+03 +8.832140577e+03 +9.040520577e+03 +9.040520577e+03 +6.7479e-01 -3.2784e+00 -1.1920e+00 +2.2389e+00 +9.8051e-01 -1.7661e+00 +3.2025e+00 +1.7764e+00 +2.0144e-01 +2.5698e+00
92 +8.536847976e+03 +8.536847976e+03 +8.745227976e+03 +8.745227976e+03 +2.8840e-01 -3.1563e+00 -1.4084e+00 +2.2660e+00 +7.3483e-01 -1.8182e+00 +3.0981e+00 +1.3944e+00 -7.8235e-02 +2.6374e+00
115 +8.338195313e+03 +8.338195313e+03 +8.546575313e+03 +8.546575313e+03 +4.3014e-01 -3.5921e+00 -1.4587e+00 +2.3358e+00 +5.4162e-01 -1.5714e+00 +3.0464e+00 +1.7332e+00 -1.6452e-01 +2.6791e+00
118 +7.960753821e+03 +7.960753821e+03 +8.169133821e+03 +8.169133821e+03 +3.9158e-01 -3.3973e+00 -1.2520e+00 +2.2335e+00 +8.5011e-01 -1.6443e+00 +2.6875e+00 +1.7143e+00 +1.6937e-02 +2.7438e+00
122 +7.688667885e+03 +7.688667885e+03 +7.897047885e+03 +7.897047885e+03 +7.3439e-01 -3.2482e+00 -1.4861e+00 +2.0339e+00 +7.6647e-01 -1.7137e+00 +3.0973e+00 +1.4701e+00 -4.4502e-01 +2.6108e+00
124 +7.489938920e+03 +7.489938920e+03 +7.698318920e+03 +7.698318920e+03 +1.7801e-01 -3.3649e+00 -1.4363e+00 +2.0764e+00 +7.8305e-01 -1.6856e+00 +2.8282e+00 +1.4383e+00 -4.1583e-01 +2.6272e+00
134 +5.034108311e+03 +5.034108311e+03 +5.242488311e+03 +5.242488311e+03 +1.8490e-01 -3.2385e+00 -1.0507e+00 +2.2946e+00 +7.5648e-01 -1.2616e+00 +3.2624e+00 +1.5081e+00 -3.5147e-01 +2.8299e+00
185 +4.178351244e+03 +4.178351244e+03 +4.386731244e+03 +4.386731244e+03 +2.7544e-01 -3.2685e+00 -8.7462e-01 +2.0802e+00 +5.4137e-01 -8.9573e-01 +2.6340e+00 +2.2260e+00 -1.3349e-03 +2.6430e+00
188 +3.205049592e+03 +3.205049592e+03 +3.413429592e+03 +3.413429592e+03 +8.6127e-01 -3.2181e+00 -1.1964e+00 +1.6777e+00 +7.8572e-01 -4.8700e-01 +2.2547e+00 +1.2652e+00 -6.5462e-01 +2.5931e+00
202 +3.109486192e+03 +3.109486192e+03 +3.317866192e+03 +3.317866192e+03 +1.1466e+00 -3.3024e+00 -1.0128e+00 +2.4150e+00 +1.0417e+00 -2.4937e-01 +2.6808e+00 +1.6066e+00 -4.1479e-01 +1.9490e+00
207 +2.971828646e+03 +2.971828646e+03 +3.180208646e+03 +3.180208646e+03 -2.6755e-01 -3.0299e+00 -8.0514e-01 +2.6695e+00 +7.6517e-01 -8.6171e-01 +2.6967e+00 +1.6871e+00 -2.0335e-01 +2.2326e+00
212 +2.349476125e+03 +2.349476125e+03 +2.557856125e+03 +2.557856125e+03 +5.1971e-01 -3.0978e+00 -1.0666e+00 +2.2979e+00 +8.3483e-01 -1.5566e-01 +2.3503e+00 +1.5892e+00 -7.7787e-01 +2.7013e+00
222 +1.843356036e+03 +1.843356036e+03 +2.051736036e+03 +2.051736036e+03 +7.1471e-01 -2.9245e+00 -5.8008e-01 +2.3823e+00 +1.1458e+00 -1.2651e-01 +2.7557e+00 +1.6058e+00 -1.7448e+00 +2.5851e+00
258 +4.263494111e+02 +4.263494111e+02 +6.347294111e+02 +6.347294111e+02 -1.9566e-01 -2.3313e+00 +2.4615e-01 +2.7088e+00 +9.2134e-01 +1.2655e-01 +2.9247e+00 +1.7401e+00 -8.6138e-01 +2.2658e+00
289 +3.281783461e+02 +3.281783461e+02 +5.365583461e+02 +5.365583461e+02 +2.1296e-01 -1.8827e+00 +4.7892e-01 +1.9095e+00 +5.7149e-01 -3.0147e-01 +2.3033e+00 +1.7675e+00 -8.1662e-01 +1.4780e+00
308 +2.280946376e+02 +2.280946376e+02 +4.364746376e+02 +4.364746376e+02 +4.7589e-01 -1.9092e+00 +4.6023e-02 +2.0361e+00 +9.4685e-01 +1.0557e+00 +2.6829e+00 +1.5551e+00 -1.7434e+00 +1.7433e+00
311 +1.000163710e+02 +1.000163710e+02 +3.083963710e+02 +3.083963710e+02 +4.3925e-01 -1.1495e+00 -7.2492e-01 +2.3342e+00 +2.2137e+00 +1.6038e+00 +2.6304e+00 +2.1746e+00 -1.6209e+00 +1.0034e+00
330 +2.940082222e+01 +2.940082222e+01 +2.377808222e+02 +2.377808222e+02 +6.2023e-01 -1.4855e+00 -1.5697e-01 +2.0900e+00 +7.9576e-01 +1.4075e+00 +2.4766e+00 +1.8581e+00 -1.8639e+00 +1.8424e+00
352 +4.008147204e+00 +4.008147204e+00 +2.123881472e+02 +2.123881472e+02 +1.6108e-03 -8.3016e-01 -3.1000e-01 +2.1104e+00 +6.7510e-01 +9.7019e-01 +2.2763e+00 +2.0593e+00 -1.7957e+00 +1.6713e+00
411 +3.948619937e+00 +3.948619937e+00 +2.123286199e+02 +2.123286199e+02 +1.6501e+00 +1.6732e-01 +1.1474e-01 +1.7415e+00 +7.1454e-01 +1.9977e+00 +2.2082e+00 +1.8686e+00 -8.6144e-01 +1.7682e+00
420 +3.249235197e+00 +3.249235197e+00 +2.116292352e+02 +2.116292352e+02 +1.4118e+00 +3.4464e-01 -1.7026e-01 +1.7223e+00 +1.1197e+00 +2.4533e+00 +1.3887e+00 +1.5369e+00 -9.2577e-01 +1.5067e+00
549 +3.159946276e+00 +3.159946276e+00 +2.115399463e+02 +2.115399463e+02 +1.4382e+00 +7.0337e-01 -4.7610e-01 +1.0768e+00 +1.2700e-01 +1.1076e+00 +6.2852e-01 +2.5720e+00 -1.4843e+00 +1.5205e+00
574 +3.032900223e+00 +3.032900223e+00 +2.114129002e+02 +2.114129002e+02 +1.2981e+00 -4.4571e-01 +8.4315e-02 +1.5078e+00 +9.0802e-01 +1.8402e+00 +4.8991e-01 +1.5969e+00 -1.8190e+00 +1.8166e+00
691 +2.868502202e+00 +2.868502202e+00 +2.112485022e+02 +2.112485022e+02 +1.3997e+00 -1.5942e-01 -2.0700e-01 +1.9329e+00 +8.2989e-01 +9.3070e-01 +9.0561e-01 +2.4354e+00 -1.9573e+00 +1.9873e+00
706 +2.813654578e+00 +2.813654578e+00 +2.111936546e+02 +2.111936546e+02 +1.7798e+00 +2.8019e-01 -3.4452e-01 +2.0079e+00 -1.8911e-02 +1.4899e+00 +6.4330e-01 +2.0064e+00 -2.1570e+00 +1.8004e+00
899 +2.609794210e+00 +2.609794210e+00 +2.109897942e+02 +2.109897942e+02 +1.3899e+00 -4.7154e-01 -2.1358e-02 +2.6314e+00 +7.2565e-01 +5.3050e-01 +1.2184e+00 +1.2269e+00 -1.1298e+00 +2.0015e+00
1028 +2.510527960e+00 +2.510527960e+00 +2.108905280e+02 +2.108905280e+02 +1.4390e+00 -4.0267e-01 +1.4579e-02 +2.7041e+00 +8.1789e-01 +5.5264e-01 +1.4693e+00 +1.1262e+00 -1.0057e+00 +1.5082e+00
1059 +2.435160652e+00 +2.435160652e+00 +2.108151607e+02 +2.108151607e+02 +1.6084e+00 -2.6521e-01 +3.3390e-01 +2.4916e+00 +6.7863e-01 +5.2285e-01 +1.4610e+00 +1.6113e+00 -2.2591e+00 +2.0687e+00
1286 +2.373367239e+00 +2.373367239e+00 +2.107533672e+02 +2.107533672e+02 +1.4938e+00 -1.5714e-01 +5.8193e-01 +2.6123e+00 +5.8944e-01 +5.8417e-01 +7.4950e-01 +1.9408e+00 -1.8106e+00 +1.8722e+00
1446 +2.316945931e+00 +2.316945931e+00 +2.106969459e+02 +2.106969459e+02 +1.5349e+00 -1.1340e-01 +5.6891e-01 +2.4909e+00 +4.3258e-01 +6.1787e-01 +8.3638e-01 +1.4817e+00 -1.5401e+00 +1.8644e+00
1492 +2.279377448e+00 +2.279377448e+00 +2.106593774e+02 +2.106593774e+02 +1.5350e+00 -1.0825e-01 +6.1836e-01 +2.5276e+00 +3.2717e-01 +6.1444e-01 +8.7191e-01 +1.4554e+00 -1.2954e+00 +1.9532e+00
1518 +2.226089481e+00 +2.226089481e+00 +2.106060895e+02 +2.106060895e+02 +1.5312e+00 -1.1388e-01 +6.3980e-01 +2.5009e+00 +4.1907e-01 +6.3367e-01 +8.0886e-01 +1.3968e+00 -1.2651e+00 +1.9513e+00
1539 +2.091552519e+00 +2.091552519e+00 +2.104715525e+02 +2.104715525e+02 +1.5269e+00 -1.2724e-01 +5.0663e-01 +2.5178e+00 +3.5137e-01 +6.7158e-01 +7.6306e-01 +1.5070e+00 -1.2474e+00 +1.9630e+00
1779 +2.059482094e+00 +2.059482094e+00 +2.104394821e+02 +2.104394821e+02 +1.5145e+00 -1.5205e-01 +5.5761e-01 +2.5234e+00 +4.0450e-01 +6.2652e-01 +8.2343e-01 +1.5081e+00 -9.6413e-01 +1.7860e+00
1845 +2.037919381e+00 +2.037919381e+00 +2.104179194e+02 +2.104179194e+02 +1.4522e+00 -2.0477e-01 +5.0886e-01 +2.5024e+00 +4.0706e-01 +6.1980e-01 +7.9187e-01 +1.3620e+00 -9.6280e-01 +1.6977e+00
2090 +1.980615441e+00 +1.980615441e+00 +2.103606154e+02 +2.103606154e+02 +1.5531e+00 -1.4994e-01 +5.2606e-01 +2.5130e+00 +3.6195e-01 +6.6754e-01 +7.7194e-01 +1.5237e+00 -9.5309e-01 +1.8311e+00
2398 +1.949233258e+00 +1.949233258e+00 +2.103292333e+02 +2.103292333e+02 +1.5427e+00 -1.4964e-01 +5.6782e-01 +2.4791e+00 +3.6945e-01 +6.3639e-01 +7.9623e-01 +1.5256e+00 -9.5344e-01 +1.8377e+00
6602 +1.677088385e+00 +1.677088385e+00 +2.100570884e+02 +2.100570884e+02 -2.0136e+00 -1.0628e+00 +2.9356e+00 +1.8412e-01 +2.5334e+00 +1.4349e+00 +2.2875e+00 +2.0512e+00 -1.1838e+00 +1.5307e+00
6668 +1.627081637e+00 +1.627081637e+00 +2.100070816e+02 +2.100070816e+02 -2.0797e+00 -1.0920e+00 +2.8855e+00 +2.8161e-01 +2.5534e+00 +1.4211e+00 +2.3112e+00 +2.0446e+00 -1.2047e+00 +1.5033e+00
6673 +1.585231181e+00 +1.585231181e+00 +2.099652312e+02 +2.099652312e+02 -2.0968e+00 -1.1011e+00 +2.9146e+00 +2.5405e-01 +2.4894e+00 +1.4467e+00 +2.3027e+00 +2.0853e+00 -1.1000e+00 +1.4977e+00
6838 +1.558525057e+00 +1.558525057e+00 +2.099385251e+02 +2.099385251e+02 -2.0845e+00 -1.0136e+00 +2.9276e+00 +1.7922e-01 +2.5819e+00 +1.3903e+00 +2.3078e+00 +2.0778e+00 -1.1882e+00 +1.4820e+00
6881 +1.520470307e+00 +1.520470307e+00 +2.099004703e+02 +2.099004703e+02 -2.0375e+00 -9.9319e-01 +2.8246e+00 +1.3336e-01 +2.5029e+00 +1.4345e+00 +2.2434e+00 +2.0506e+00 -1.1143e+00 +1.4964e+00
6888 +1.480818425e+00 +1.480818425e+00 +2.098608184e+02 +2.098608184e+02 -2.0394e+00 -1.0054e+00 +2.8358e+00 +1.1726e-01 +2.6120e+00 +1.4239e+00 +2.2623e+00 +2.0432e+00 -1.1556e+00 +1.5384e+00
6891 +1.364983726e+00 +1.364983726e+00 +2.097449837e+02 +2.097449837e+02 -2.0190e+00 -1.0720e+00 +2.8457e+00 +1.1759e-01 +2.5769e+00 +1.3765e+00 +2.2966e+00 +2.0430e+00 -1.1490e+00 +1.4773e+00
6932 +1.341597678e+00 +1.341597678e+00 +2.097215977e+02 +2.097215977e+02 -2.0418e+00 -1.0222e+00 +2.8725e+00 +8.3763e-02 +2.5959e+00 +1.4181e+00 +2.2547e+00 +2.0576e+00 -1.1320e+00 +1.5205e+00
6998 +1.289971379e+00 +1.289971379e+00 +2.096699714e+02 +2.096699714e+02 -2.0469e+00 -1.0078e+00 +2.9008e+00 +5.2995e-02 +2.6038e+00 +1.4275e+00 +2.2687e+00 +2.0458e+00 -1.1490e+00 +1.4758e+00
7020 +1.282158368e+00 +1.282158368e+00 +2.096621584e+02 +2.096621584e+02 -2.0407e+00 -1.0170e+00 +2.8882e+00 +5.7480e-02 +2.5865e+00 +1.4028e+00 +2.2733e+00 +2.0499e+00 -1.1335e+00 +1.4775e+00
7306 +1.257053841e+00 +1.257053841e+00 +2.096370538e+02 +2.096370538e+02 -2.0463e+00 -1.0238e+00 +2.8945e+00 +5.1753e-02 +2.6130e+00 +1.4046e+00 +2.2873e+00 +2.0538e+00 -1.1377e+00 +1.4907e+00
7790 +1.230228234e+00 +1.230228234e+00 +2.096102282e+02 +2.096102282e+02 -2.0737e+00 -1.0618e+00 +2.8972e+00 +5.3065e-02 +2.6146e+00 +1.4003e+00 +2.2807e+00 +2.0591e+00 -1.1365e+00 +1.4845e+00
% function evaluation | noise-free fitness - Fopt (-1.449600000000e+02) | best noise-free fitness - Fopt | measured fitness | best measured fitness | x1 | x2...
1 +1.033747614e+04 +1.033747614e+04 +1.019251614e+04 +1.019251614e+04 +0.0000e+00 +0.0000e+00 +0.0000e+00 +0.0000e+00 +0.0000e+00 +0.0000e+00 +0.0000e+00 +0.0000e+00 +0.0000e+00 +0.0000e+00
2 +1.013145196e+04 +1.013145196e+04 +9.986491956e+03 +9.986491956e+03 -2.0680e+00 +2.9212e+00 +6.1309e-01 -2.6748e+00 -3.7789e+00 +3.2521e+00 -1.3057e-01 -5.8840e-01 -1.3450e+00 +2.4108e+00
3 +9.265171433e+03 +9.265171433e+03 +9.120211433e+03 +9.120211433e+03 -2.1441e+00 +2.9303e+00 +5.7253e-01 -2.7568e+00 -3.7789e+00 +3.1629e+00 -5.9157e-02 -4.7578e-01 -1.2066e+00 +2.3616e+00
5 +8.999420057e+03 +8.999420057e+03 +8.854460057e+03 +8.854460057e+03 -2.3104e+00 +2.9565e+00 +4.0484e-01 -2.8642e+00 -3.6179e+00 +3.1642e+00 -1.0622e-01 -5.5056e-01 -1.1151e+00 +2.5676e+00
7 +7.823993224e+03 +7.823993224e+03 +7.679033224e+03 +7.679033224e+03 -2.2788e+00 +2.9866e+00 +6.9714e-01 -2.5410e+00 -3.5285e+00 +3.0896e+00 -7.5211e-02 -4.5644e-01 -1.2643e+00 +2.5328e+00
18 +7.719125324e+03 +7.719125324e+03 +7.574165324e+03 +7.574165324e+03 -2.2544e+00 +2.9118e+00 +3.3225e-01 -2.5316e+00 -3.6735e+00 +3.1021e+00 -3.4349e-02 -3.5567e-01 -9.2151e-01 +2.4371e+00
31 +7.218648237e+03 +7.218648237e+03 +7.073688237e+03 +7.073688237e+03 -2.1313e+00 +2.8702e+00 +4.0484e-01 -2.5645e+00 -3.6294e+00 +3.1681e+00 -2.4875e-01 -3.0624e-01 -1.1785e+00 +2.3810e+00
46 +6.527042714e+03 +6.527042714e+03 +6.382082714e+03 +6.382082714e+03 -2.1128e+00 +2.9320e+00 +5.7542e-01 -2.6674e+00 -3.5395e+00 +3.1547e+00 -3.5678e-01 -2.2010e-01 -1.3218e+00 +2.4563e+00
48 +6.221806957e+03 +6.221806957e+03 +6.076846957e+03 +6.076846957e+03 -2.1517e+00 +2.8919e+00 +6.9421e-01 -2.8190e+00 -3.4387e+00 +3.1988e+00 -9.0354e-02 -1.0582e-01 -1.3970e+00 +2.3277e+00
69 +5.215499325e+03 +5.215499325e+03 +5.070539325e+03 +5.070539325e+03 -2.1038e+00 +2.8797e+00 +6.2255e-01 -2.7897e+00 -3.2333e+00 +3.0658e+00 -1.1814e-01 -1.5865e-01 -1.1992e+00 +2.3774e+00
73 +4.613257787e+03 +4.613257787e+03 +4.468297787e+03 +4.468297787e+03 -2.2529e+00 +2.9125e+00 +3.7158e-01 -2.4315e+00 -3.3692e+00 +3.1291e+00 -1.7146e-01 +8.3463e-02 -1.1734e+00 +2.3436e+00
90 +3.788476388e+03 +3.788476388e+03 +3.643516388e+03 +3.643516388e+03 -2.1713e+00 +2.9082e+00 +5.3654e-01 -2.9670e+00 -3.2964e+00 +3.0495e+00 -3.1205e-01 +3.9808e-01 -1.1765e+00 +2.5044e+00
107 +2.789892340e+03 +2.789892340e+03 +2.644932340e+03 +2.644932340e+03 -2.0819e+00 +3.0873e+00 +7.2608e-01 -2.7737e+00 -3.1792e+00 +2.7778e+00 -3.8878e-01 +6.6602e-01 -1.2247e+00 +2.3892e+00
119 +2.432151988e+03 +2.432151988e+03 +2.287191988e+03 +2.287191988e+03 -2.8819e+00 +2.7622e+00 +5.6674e-01 -2.9196e+00 -3.0852e+00 +2.7259e+00 -1.8570e-01 +2.5646e-01 -1.1770e+00 +2.4554e+00
138 +8.919697474e+02 +8.919697474e+02 +7.470097474e+02 +7.470097474e+02 -1.9610e+00 +2.2416e+00 +6.7758e-01 -3.0258e+00 -2.5142e+00 +2.4693e+00 -1.4871e-01 +2.5949e-01 -9.2534e-01 +1.7318e+00
170 +8.373389913e+02 +8.373389913e+02 +6.923789913e+02 +6.923789913e+02 -2.2543e+00 +2.6834e+00 +5.2934e-01 -2.5322e+00 -2.4981e+00 +2.7794e+00 -4.1372e-01 +9.9948e-01 -1.1234e+00 +2.2934e+00
173 +3.954971571e+02 +3.954971571e+02 +2.505371571e+02 +2.505371571e+02 -2.2636e+00 +2.1501e+00 +6.4951e-01 -2.5400e+00 -1.8027e+00 +2.8429e+00 -2.1033e-01 +8.8446e-01 -1.1615e+00 +2.5654e+00
198 +2.176145901e+02 +2.176145901e+02 +7.265459009e+01 +7.265459009e+01 -2.2426e+00 +2.3756e+00 +4.7787e-01 -2.9272e+00 -2.2641e+00 +2.5403e+00 -4.9847e-01 +1.1654e+00 -1.2369e+00 +2.2010e+00
210 +1.575165767e+02 +1.575165767e+02 +1.255657672e+01 +1.255657672e+01 -2.2277e+00 +2.1814e+00 -2.9840e-01 -2.9379e+00 -1.4484e+00 +2.7678e+00 -1.0225e+00 +1.3938e+00 -1.2235e+00 +1.4719e+00
220 +7.932662595e+01 +7.932662595e+01 -6.563337405e+01 -6.563337405e+01 -2.4550e+00 +2.3743e+00 +1.4672e-01 -2.8039e+00 -1.6713e+00 +2.5242e+00 -6.0417e-01 +1.4737e+00 -1.2695e+00 +1.9027e+00
233 +3.308116113e+01 +3.308116113e+01 -1.118788389e+02 -1.118788389e+02 -2.6078e+00 +2.2375e+00 +5.0405e-01 -2.0453e+00 -1.3836e+00 +2.2450e+00 -1.7688e-01 +2.0149e+00 -1.6663e+00 +1.4850e+00
244 +2.747410534e+01 +2.747410534e+01 -1.174858947e+02 -1.174858947e+02 -1.4930e+00 +1.9930e+00 -7.4139e-01 -2.7569e+00 -2.1942e+00 +2.2774e+00 -9.0143e-01 +2.0833e+00 -9.8935e-01 +1.8804e+00
249 +2.621276791e+01 +2.621276791e+01 -1.187472321e+02 -1.187472321e+02 -1.4964e+00 +2.0024e+00 -8.3620e-01 -2.1500e+00 -1.8710e+00 +2.0463e+00 -4.0492e-01 +1.9631e+00 -7.2377e-01 +1.8080e+00
251 +5.166187454e+00 +5.166187454e+00 -1.397938125e+02 -1.397938125e+02 -1.3958e+00 +1.5714e+00 +1.2526e-01 -2.1570e+00 -1.4672e+00 +2.1005e+00 -9.2733e-01 +1.7752e+00 -1.6740e+00 +1.8114e+00
280 +4.544242097e+00 +4.544242097e+00 -1.404157579e+02 -1.404157579e+02 -1.7629e+00 +1.8522e+00 +2.1383e-01 -1.9022e+00 -1.2576e-01 +1.3526e+00 -7.8230e-01 +8.6576e-01 -1.5561e+00 +1.2497e+00
286 +4.235367489e+00 +4.235367489e+00 -1.407246325e+02 -1.407246325e+02 -1.9217e+00 +1.7344e+00 +1.3622e-01 -2.1980e+00 -1.4940e+00 +1.6247e+00 -9.6105e-01 +1.0867e+00 -1.0197e+00 +1.4864e+00
291 +3.185732037e+00 +3.185732037e+00 -1.417742680e+02 -1.417742680e+02 -1.9805e+00 +1.1638e+00 +5.9805e-01 -2.0812e+00 -1.7146e+00 +1.8916e+00 -4.6886e-01 +2.6017e+00 -1.0082e+00 +2.0620e+00
380 +3.032217175e+00 +3.032217175e+00 -1.419277828e+02 -1.419277828e+02 -1.2470e+00 -6.2542e-01 -2.8631e-01 -1.8402e+00 -1.5412e+00 +1.5904e+00 -6.0182e-01 +2.5693e+00 -1.5732e+00 +1.0107e+00
461 +2.994835292e+00 +2.994835292e+00 -1.419651647e+02 -1.419651647e+02 -2.3634e+00 -9.7942e-01 -3.5258e-01 -1.9031e+00 -2.8212e-02 +2.1686e+00 -8.3286e-01 +1.2363e+00 -1.3545e+00 +2.2387e+00
559 +2.797553767e+00 +2.797553767e+00 -1.421624462e+02 -1.421624462e+02 -1.9862e+00 -5.5057e-01 +1.3991e-01 -1.7989e+00 -1.6159e+00 +2.1767e+00 -9.2324e-01 +1.4310e+00 -1.4624e+00 +2.2515e+00
1001 +2.527716795e+00 +2.527716795e+00 -1.424322832e+02 -1.424322832e+02 -2.1810e+00 -2.1347e+00 -8.4859e-02 -1.9796e+00 -1.0908e+00 +5.7247e-01 -1.7242e+00 +1.4944e+00 -9.6334e-01 +1.2222e+00
1127 +2.482947397e+00 +2.482947397e+00 -1.424770526e+02 -1.424770526e+02 -2.1362e+00 -2.1903e+00 +5.7402e-01 -1.2495e+00 -1.7296e+00 +1.9226e-01 -1.9989e+00 +6.3908e-01 -8.4619e-01 +1.5393e+00
1152 +2.244262172e+00 +2.244262172e+00 -1.427157378e+02 -1.427157378e+02 -1.9560e+00 -2.2220e+00 +6.6795e-01 -1.9834e+00 -1.1891e+00 +3.9945e-01 -2.4317e+00 +1.1336e+00 -1.1215e+00 +1.2215e+00
1295 +2.151038740e+00 +2.151038740e+00 -1.428089613e+02 -1.428089613e+02 -2.0981e+00 -2.1919e+00 +6.4029e-01 -2.8077e+00 -1.4505e+00 +4.0151e-01 -1.9384e+00 +9.3362e-01 -1.0439e+00 +1.2476e+00
1300 +2.132796621e+00 +2.132796621e+00 -1.428272034e+02 -1.428272034e+02 -2.0720e+00 -2.1042e+00 +6.3211e-01 -2.0421e+00 -9.2442e-01 +6.7073e-01 -2.4716e+00 +9.7513e-01 -1.0970e+00 +1.2685e+00
1328 +1.692103716e+00 +1.692103716e+00 -1.432678963e+02 -1.432678963e+02 -2.0591e+00 -2.1269e+00 +5.0137e-01 -2.6386e+00 -1.3512e+00 +4.0508e-01 -2.4552e+00 +8.5317e-01 -1.1616e+00 +1.1921e+00
1562 +1.537694384e+00 +1.537694384e+00 -1.434223056e+02 -1.434223056e+02 -2.1183e+00 -2.1135e+00 +7.2966e-01 -2.7167e+00 -7.3134e-01 +5.0890e-01 -2.5068e+00 +1.2934e+00 -1.0609e+00 +1.1909e+00
1738 +1.456569765e+00 +1.456569765e+00 -1.435034302e+02 -1.435034302e+02 -1.9547e+00 -2.2094e+00 +7.1454e-01 -2.8298e+00 -8.5979e-01 +5.2406e-01 -2.5467e+00 +1.5547e+00 -1.2438e+00 +1.1547e+00
1848 +1.333010045e+00 +1.333010045e+00 -1.436269900e+02 -1.436269900e+02 -2.1010e+00 -2.1225e+00 +7.3386e-01 -2.7764e+00 -8.5184e-01 +5.1787e-01 -2.4924e+00 +1.5534e+00 -1.2620e+00 +1.2097e+00
2024 +1.252691548e+00 +1.252691548e+00 -1.437073085e+02 -1.437073085e+02 -2.2242e+00 -2.0783e+00 +6.9366e-01 -2.8243e+00 -1.2635e+00 +4.3336e-01 -2.5405e+00 +1.5303e+00 -1.2383e+00 +1.1567e+00
2046 +1.218774308e+00 +1.218774308e+00 -1.437412257e+02 -1.437412257e+02 -2.1914e+00 -2.1067e+00 +7.1968e-01 -2.8106e+00 -1.2572e+00 +4.4010e-01 -2.5542e+00 +1.5482e+00 -1.2469e+00 +1.1520e+00
2112 +1.162154894e+00 +1.162154894e+00 -1.437978451e+02 -1.437978451e+02 -2.1046e+00 -2.1039e+00 +7.5730e-01 -2.8526e+00 -1.2535e+00 +3.8881e-01 -2.5536e+00 +1.5683e+00 -1.2572e+00 +1.1652e+00
2288 +1.135702016e+00 +1.135702016e+00 -1.438242980e+02 -1.438242980e+02 -2.0949e+00 -2.1297e+00 +7.3530e-01 -2.8194e+00 -1.2896e+00 +3.8278e-01 -2.5522e+00 +1.5520e+00 -1.2779e+00 +1.1523e+00
2332 +1.111425700e+00 +1.111425700e+00 -1.438485743e+02 -1.438485743e+02 -2.1204e+00 -2.0966e+00 +7.1591e-01 -2.7919e+00 -1.2747e+00 +3.8587e-01 -2.5271e+00 +1.5434e+00 -1.2610e+00 +1.1637e+00
2733 +1.095087821e+00 +1.095087821e+00 -1.438649122e+02 -1.438649122e+02 -2.1255e+00 -2.1177e+00 +6.8850e-01 -2.7968e+00 -1.2831e+00 +4.0612e-01 -2.5330e+00 +1.5572e+00 -1.2529e+00 +1.1722e+00
% function evaluation | noise-free fitness - Fopt (-6.300000000000e+00) | best noise-free fitness - Fopt | measured fitness | best measured fitness | x1 | x2...
1 +1.033747614e+04 +1.033747614e+04 +1.033117614e+04 +1.033117614e+04 +0.0000e+00 +0.0000e+00 +0.0000e+00 +0.0000e+00 +0.0000e+00 +0.0000e+00 +0.0000e+00 +0.0000e+00 +0.0000e+00 +0.0000e+00
114 +7.808862982e+03 +7.808862982e+03 +7.802562982e+03 +7.802562982e+03 -4.5518e+00 -7.6047e-01 -2.2752e+00 -9.5781e-02 +6.4184e-01 -1.3917e+00 +1.0671e+00 +1.3689e-01 +4.2020e-01 +9.5301e-02
138 +5.695374545e+03 +5.695374545e+03 +5.689074545e+03 +5.689074545e+03 -4.4747e+00 -7.6852e-01 -2.2692e+00 +8.7022e-01 +8.7858e-01 -1.6606e+00 +4.9141e-01 -8.0210e-02 +2.4881e-01 +4.8983e-01
140 +3.672060143e+03 +3.672060143e+03 +3.665760143e+03 +3.665760143e+03 -4.4582e+00 -4.9837e-01 -2.5650e+00 +2.8324e-02 +1.1080e+00 -1.2694e+00 +1.1113e+00 -3.5404e-01 +1.3525e+00 +3.2373e-01
161 +3.236120232e+03 +3.236120232e+03 +3.229820232e+03 +3.229820232e+03 -5.0388e+00 -8.1860e-01 -2.5132e+00 +1.8161e-01 +6.1985e-01 -1.5485e+00 +1.2474e+00 -1.3614e-02 +1.2859e+00 +1.0749e+00
169 +3.081665800e+03 +3.081665800e+03 +3.075365800e+03 +3.075365800e+03 -5.1610e+00 -8.0342e-01 -2.4502e+00 -2.4897e-02 +3.5246e-01 -9.2841e-01 +5.6913e-01 -6.9193e-01 +1.6135e+00 +5.5550e-01
176 +2.555890880e+03 +2.555890880e+03 +2.549590880e+03 +2.549590880e+03 -4.8806e+00 -5.6247e-01 -2.3438e+00 +8.2433e-02 +5.3182e-01 -1.6033e+00 +7.1223e-01 -3.4551e-01 +9.8599e-01 +9.2607e-01
181 +2.385359980e+03 +2.385359980e+03 +2.379059980e+03 +2.379059980e+03 -4.8199e+00 -8.9683e-01 -3.1017e+00 -4.0721e-01 -7.4599e-01 -1.1497e+00 +8.8116e-01 -1.2261e+00 +2.1889e+00 +2.3869e+00
197 +2.338495172e+03 +2.338495172e+03 +2.332195172e+03 +2.332195172e+03 -4.8979e+00 -2.4414e-01 -1.3596e+00 +8.6348e-01 -1.3405e-01 -1.6066e+00 +4.3005e-01 -5.2262e-01 +1.0686e+00 +2.0049e+00
198 +2.142145316e+03 +2.142145316e+03 +2.135845316e+03 +2.135845316e+03 -4.8052e+00 -6.2937e-01 -2.0098e+00 -6.3622e-05 +2.3780e-01 -1.5407e+00 +6.1473e-01 -6.3237e-01 +1.3425e+00 +1.6759e+00
220 +1.701688952e+03 +1.701688952e+03 +1.695388952e+03 +1.695388952e+03 -4.5600e+00 -1.0464e+00 -1.8549e+00 -1.4017e-01 -2.4270e-02 -1.3371e+00 +6.1418e-01 -8.5607e-01 +1.8875e+00 +1.9477e+00
222 +1.214649342e+03 +1.214649342e+03 +1.208349342e+03 +1.208349342e+03 -4.2397e+00 -8.4498e-01 -1.8360e+00 -2.4763e-01 -5.5886e-01 -8.1672e-01 +3.9557e-01 -1.3974e+00 +1.4550e+00 +9.7281e-01
234 +1.133700191e+03 +1.133700191e+03 +1.127400191e+03 +1.127400191e+03 -3.8417e+00 -1.5293e+00 -9.9335e-01 -3.5677e-01 +6.4585e-01 -8.3422e-01 +6.3289e-01 -1.1516e+00 +1.8968e+00 +1.1424e+00
271 +1.030209986e+03 +1.030209986e+03 +1.023909986e+03 +1.023909986e+03 -3.6351e+00 -1.3699e+00 -1.4711e+00 -1.1326e-01 -1.2783e-01 -1.2452e+00 +1.1844e+00 -1.1532e+00 +2.8238e-01 +2.0107e+00
273 +3.690330778e+02 +3.690330778e+02 +3.627330778e+02 +3.627330778e+02 -3.4544e+00 +7.4621e-02 -1.2084e+00 -1.1678e-01 -1.1798e+00 -6.6037e-01 +7.7421e-01 -1.2719e+00 +6.8142e-01 +1.6690e+00
310 +1.024860690e+02 +1.024860690e+02 +9.618606896e+01 +9.618606896e+01 -2.9962e+00 -5.3069e-01 -1.5725e+00 +3.2653e-01 -1.8815e-01 -9.8132e-01 +1.1706e+00 -9.1496e-01 +1.2576e+00 +1.8406e+00
349 +3.262690227e+01 +3.262690227e+01 +2.632690227e+01 +2.632690227e+01 -2.7635e+00 -1.6415e+00 -6.7113e-01 +2.5082e-01 -8.4147e-01 -1.1850e+00 +9.3116e-01 -6.5237e-01 +1.3586e+00 +2.1047e+00
355 +3.455489836e+00 +3.455489836e+00 -2.844510164e+00 -2.844510164e+00 -2.5387e+00 -2.8658e-01 -1.6158e+00 +4.2231e-01 -4.6748e-01 -1.1196e+00 +1.0908e+00 -1.8290e+00 +1.4124e+00 +2.2941e+00
590 +3.111421262e+00 +3.111421262e+00 -3.188578738e+00 -3.188578738e+00 -1.7604e+00 +6.6928e-01 -3.2826e-04 +1.0366e+00 -2.2698e+00 -2.0733e+00 +2.1503e+00 -1.2611e+00 +1.3370e+00 +1.6622e+00
672 +2.971647047e+00 +2.971647047e+00 -3.328352953e+00 -3.328352953e+00 -9.1978e-01 -9.2406e-01 +4.1619e-01 +8.0810e-01 -2.5137e+00 -1.3946e+00 +1.2463e+00 -1.8786e+00 +1.6912e+00 +2.2684e+00
876 +2.926609775e+00 +2.926609775e+00 -3.373390225e+00 -3.373390225e+00 -6.9115e-01 -5.6516e-01 -2.2234e-01 +1.0974e+00 -2.3982e+00 -9.8544e-01 +6.7343e-01 -2.0340e+00 +2.0989e+00 +1.6814e+00
895 +2.747837491e+00 +2.747837491e+00 -3.552162509e+00 -3.552162509e+00 -6.1960e-01 -5.0681e-01 -3.7428e-01 +7.9216e-01 -1.7320e+00 -9.8489e-01 +7.2162e-01 -1.9789e+00 +1.8002e+00 +2.1678e+00
1943 +2.546428986e+00 +2.546428986e+00 -3.753571014e+00 -3.753571014e+00 -1.5526e+00 -1.2329e+00 +3.9018e-01 +3.8795e-01 -2.6195e+00 -1.3746e+00 +6.7523e-01 -1.4521e+00 +1.4071e+00 +2.3097e+00
2530 +2.477416732e+00 +2.477416732e+00 -3.822583268e+00 -3.822583268e+00 -1.5518e+00 -1.1055e+00 +4.8953e-01 +1.1798e+00 -2.3060e+00 -1.4632e+00 +5.6708e-01 -2.1619e+00 +1.6624e+00 +1.8784e+00
2570 +2.384079812e+00 +2.384079812e+00 -3.915920188e+00 -3.915920188e+00 -1.5444e+00 -1.1283e+00 +4.6307e-01 +1.2150e+00 -2.2538e+00 -1.4574e+00 +5.7001e-01 -2.0987e+00 +1.6583e+00 +1.8467e+00
2578 +2.288850753e+00 +2.288850753e+00 -4.011149247e+00 -4.011149247e+00 -1.5334e+00 -1.1784e+00 +4.2284e-01 +1.1918e+00 -2.2993e+00 -1.4974e+00 +5.2836e-01 -2.1183e+00 +1.6963e+00 +1.8902e+00
2612 +2.148366017e+00 +2.148366017e+00 -4.151633983e+00 -4.151633983e+00 -1.5152e+00 -9.9492e-01 +4.7965e-01 +1.2160e+00 -2.2783e+00 -1.4636e+00 +5.4664e-01 -2.0453e+00 +1.7242e+00 +1.8634e+00
2618 +2.101786129e+00 +2.101786129e+00 -4.198213871e+00 -4.198213871e+00 -1.5267e+00 -1.0724e+00 +3.8852e-01 +1.2199e+00 -2.3145e+00 -1.4703e+00 +5.6336e-01 -2.0579e+00 +1.6927e+00 +1.8642e+00
2816 +2.082023504e+00 +2.082023504e+00 -4.217976496e+00 -4.217976496e+00 -1.4794e+00 -1.1230e+00 +4.4480e-01 +1.2218e+00 -2.2892e+00 -1.4694e+00 +6.0121e-01 -2.0317e+00 +1.7427e+00 +1.8517e+00
3058 +2.026259145e+00 +2.026259145e+00 -4.273740855e+00 -4.273740855e+00 -1.4854e+00 -1.0530e+00 +4.2722e-01 +1.2142e+00 -2.3351e+00 -1.4720e+00 +5.8009e-01 -2.0425e+00 +1.7408e+00 +1.8484e+00
% function evaluation | noise-free fitness - Fopt (2.796000000000e+01) | best noise-free fitness - Fopt | measured fitness | best measured fitness | x1 | x2...
1 +1.033747614e+04 +1.033747614e+04 +1.036543614e+04 +1.036543614e+04 +0.0000e+00 +0.0000e+00 +0.0000e+00 +0.0000e+00 +0.0000e+00 +0.0000e+00 +0.0000e+00 +0.0000e+00 +0.0000e+00 +0.0000e+00
145 +9.610491698e+03 +9.610491698e+03 +9.638451698e+03 +9.638451698e+03 +6.0593e-01 -1.7418e+00 +2.6379e+00 +5.0797e-01 +1.6764e+00 -3.6095e-01 +2.5350e+00 +3.9884e-01 -4.0471e+00 +4.2178e-01
166 +9.038121574e+03 +9.038121574e+03 +9.066081574e+03 +9.066081574e+03 +5.4109e-01 -1.6928e+00 +2.3660e+00 +1.0247e+00 +1.7292e+00 -2.2232e-01 +2.0383e+00 +6.0934e-01 -3.6526e+00 +3.5070e-01
181 +8.302901193e+03 +8.302901193e+03 +8.330861193e+03 +8.330861193e+03 +6.7314e-01 -2.0384e+00 +2.8921e+00 +7.5940e-01 +1.3430e+00 -1.5824e-01 +2.2344e+00 +6.8461e-01 -4.0432e+00 -2.0977e-01
187 +7.265820177e+03 +7.265820177e+03 +7.293780177e+03 +7.293780177e+03 +6.7324e-01 -2.0414e+00 +3.0851e+00 +4.3055e-02 +1.4996e+00 -3.3367e-03 +1.8749e+00 -7.3745e-03 -3.7975e+00 +2.4977e-01
194 +5.703618266e+03 +5.703618266e+03 +5.731578266e+03 +5.731578266e+03 +4.5735e-01 -2.3142e+00 +3.3458e+00 +4.4408e-01 +1.3685e+00 -5.1830e-01 +2.2519e+00 +6.2843e-01 -3.6375e+00 -4.9349e-01
196 +4.387843652e+03 +4.387843652e+03 +4.415803652e+03 +4.415803652e+03 +2.8629e-01 -1.6801e+00 +2.8815e+00 +3.8527e-01 +1.3781e+00 -7.0173e-01 +2.4184e+00 +6.2646e-01 -3.4145e+00 -1.2207e-01
204 +4.345433733e+03 +4.345433733e+03 +4.373393733e+03 +4.373393733e+03 +1.0138e+00 -2.7783e+00 +2.6448e+00 +1.0603e+00 +1.0978e+00 -3.1276e-01 +2.0917e+00 +9.4428e-04 -3.3815e+00 -5.4789e-01
206 +2.329402150e+03 +2.329402150e+03 +2.357362150e+03 +2.357362150e+03 +1.4250e-01 -2.1547e+00 +3.2210e+00 +2.6044e-01 +3.2720e-01 -1.1850e+00 +1.8089e+00 -1.8881e-01 -3.5120e+00 -9.4153e-01
226 +1.737039550e+03 +1.737039550e+03 +1.764999550e+03 +1.764999550e+03 +7.3302e-01 -2.2900e+00 +2.2060e+00 +1.5338e-01 -4.2001e-01 +4.2676e-01 +2.6192e+00 -9.6700e-01 -3.0286e+00 -4.2069e-01
242 +1.634653253e+03 +1.634653253e+03 +1.662613253e+03 +1.662613253e+03 +2.8485e-01 -2.2641e+00 +2.7030e+00 +7.0221e-02 +1.0733e+00 -1.8778e-01 +2.1421e+00 -5.0385e-01 -2.7790e+00 -9.1253e-01
264 +6.319196549e+02 +6.319196549e+02 +6.598796549e+02 +6.598796549e+02 +9.8807e-02 -1.9706e+00 +3.1575e+00 -2.9043e-01 +4.8478e-01 +1.8315e-01 +2.4518e+00 -1.4674e-01 -2.2841e+00 -8.5812e-01
269 +2.709508483e+02 +2.709508483e+02 +2.989108483e+02 +2.989108483e+02 +5.3714e-01 -2.0312e-01 +3.3177e+00 +1.5929e-01 -7.1803e-01 +3.4523e-01 +2.7363e+00 -8.9092e-01 -1.7386e+00 -1.0753e+00
286 +5.651547157e+01 +5.651547157e+01 +8.447547157e+01 +8.447547157e+01 -5.4144e-02 -1.5643e+00 +3.1406e+00 -4.4503e-01 +1.5371e-01 -3.1774e-01 +2.8882e+00 -3.1247e-01 -1.6510e+00 -1.3477e+00
360 +5.283679108e+01 +5.283679108e+01 +8.079679108e+01 +8.079679108e+01 -7.5370e-02 -4.1301e-01 +3.3089e+00 +1.5236e-02 -1.0945e+00 -9.9233e-01 +1.9993e+00 -1.9232e+00 -8.6385e-01 -1.4360e+00
378 +6.125937844e+00 +6.125937844e+00 +3.408593784e+01 +3.408593784e+01 +2.3924e-01 -1.2385e+00 +3.2177e+00 -5.7218e-01 -1.4498e-01 -1.9203e-01 +1.9609e+00 -2.3245e-01 -1.6873e+00 -1.1877e+00
389 +2.768492304e+00 +2.768492304e+00 +3.072849230e+01 +3.072849230e+01 -8.7060e-01 -9.6348e-01 +2.8654e+00 +2.5651e-01 -7.7661e-01 -5.2193e-01 +2.5281e+00 -8.0185e-01 -2.3998e+00 -1.9503e+00
489 +2.630844121e+00 +2.630844121e+00 +3.059084412e+01 +3.059084412e+01 -4.8383e-02 -5.9740e-01 +1.0230e+00 -2.4381e+00 -1.9932e+00 -1.1523e+00 +2.3830e+00 -1.9250e+00 -1.6269e+00 -1.3248e+00
1562 +2.322491432e+00 +2.322491432e+00 +3.028249143e+01 +3.028249143e+01 -2.9533e-01 -7.3646e-01 +1.4742e+00 -4.3998e-01 -2.4961e+00 -1.4040e+00 +1.7790e+00 -7.3626e-01 -2.0201e+00 -1.7920e+00
1781 +2.248762841e+00 +2.248762841e+00 +3.020876284e+01 +3.020876284e+01 -3.1229e-01 -7.1019e-01 +1.4558e+00 -4.2685e-01 -2.5351e+00 -1.4564e+00 +1.8129e+00 -7.2434e-01 -1.9817e+00 -2.1147e+00
1782 +2.170335700e+00 +2.170335700e+00 +3.013033570e+01 +3.013033570e+01 -3.0847e-01 -6.8011e-01 +1.5294e+00 -3.8210e-01 -2.5974e+00 -1.3664e+00 +1.8437e+00 -7.1134e-01 -2.0568e+00 -2.1215e+00
1830 +2.106858694e+00 +2.106858694e+00 +3.006685869e+01 +3.006685869e+01 -3.1938e-01 -6.8306e-01 +1.4259e+00 -4.2744e-01 -2.5678e+00 -1.3569e+00 +1.7573e+00 -6.8969e-01 -2.1046e+00 -2.0871e+00
1879 +2.060509050e+00 +2.060509050e+00 +3.002050905e+01 +3.002050905e+01 -2.9555e-01 -6.5565e-01 +1.4713e+00 -4.9151e-01 -2.4889e+00 -1.4326e+00 +1.7230e+00 -7.3412e-01 -2.0522e+00 -2.1223e+00
1892 +2.029995297e+00 +2.029995297e+00 +2.998999530e+01 +2.998999530e+01 -2.6315e-01 -6.7357e-01 +1.4861e+00 -4.1300e-01 -2.5258e+00 -1.3952e+00 +1.7551e+00 -7.3761e-01 -2.0745e+00 -2.1167e+00
2046 +1.984581584e+00 +1.984581584e+00 +2.994458158e+01 +2.994458158e+01 -2.7260e-01 -6.7254e-01 +1.4145e+00 -4.1452e-01 -2.5302e+00 -1.4442e+00 +1.7700e+00 -7.2269e-01 -2.0401e+00 -2.1452e+00
2310 +1.936547825e+00 +1.936547825e+00 +2.989654783e+01 +2.989654783e+01 -2.6608e-01 -6.4492e-01 +1.4315e+00 -4.0113e-01 -2.5331e+00 -1.4490e+00 +1.7688e+00 -7.2087e-01 -2.0620e+00 -2.1117e+00
2508 +1.903291565e+00 +1.903291565e+00 +2.986329156e+01 +2.986329156e+01 -3.0649e-01 -6.3762e-01 +1.4291e+00 -4.0320e-01 -2.5302e+00 -1.4296e+00 +1.7767e+00 -7.1011e-01 -2.0633e+00 -2.1119e+00
11356 +1.819750889e+00 +1.819750889e+00 +2.977975089e+01 +2.977975089e+01 +1.5208e+00 +1.1576e+00 +5.9260e-01 -2.4727e+00 +1.5187e-01 -2.6772e+00 +1.4243e+00 -2.2414e+00 -7.7295e-01 -1.8601e+00
% function evaluation | noise-free fitness - Fopt (-6.338000000000e+01) | best noise-free fitness - Fopt | measured fitness | best measured fitness | x1 | x2...
1 +1.033747614e+04 +1.033747614e+04 +1.027409614e+04 +1.027409614e+04 +0.0000e+00 +0.0000e+00 +0.0000e+00 +0.0000e+00 +0.0000e+00 +0.0000e+00 +0.0000e+00 +0.0000e+00 +0.0000e+00 +0.0000e+00
260 +7.495408657e+03 +7.495408657e+03 +7.432028657e+03 +7.432028657e+03 +3.9531e+00 +1.6587e+00 +1.1048e+00 +2.4249e+00 -2.6266e+00 +1.6412e+00 -3.0286e+00 +1.5303e+00 -3.2521e+00 +1.0400e+00
262 +3.254320978e+03 +3.254320978e+03 +3.190940978e+03 +3.190940978e+03 +3.9514e+00 +2.7180e+00 +2.2358e+00 +2.5716e+00 -2.6641e+00 +3.9689e-01 -1.7188e+00 +1.9734e+00 -2.5201e+00 +6.7346e-01
388 +2.446720097e+03 +2.446720097e+03 +2.383340097e+03 +2.383340097e+03 +4.1758e+00 +3.2486e+00 +2.3231e+00 +1.0819e+00 -3.6744e+00 +7.6220e-01 -1.5328e+00 +1.0119e+00 -2.6787e+00 +5.7634e-01
435 +1.158924501e+03 +1.158924501e+03 +1.095544501e+03 +1.095544501e+03 +3.8255e+00 +1.8195e+00 +2.2071e+00 +1.4030e+00 -2.3887e+00 +8.8892e-01 -2.3337e+00 +2.1494e+00 -8.9038e-01 +1.1217e+00
499 +6.707933972e+02 +6.707933972e+02 +6.074133972e+02 +6.074133972e+02 +3.5381e+00 +1.4062e+00 +2.7490e+00 +6.2374e-01 -2.9432e+00 +5.6607e-01 -1.7738e+00 +1.4917e+00 -2.6634e+00 +4.8237e-01
538 +4.572297003e+02 +4.572297003e+02 +3.938497003e+02 +3.938497003e+02 +3.2953e+00 +1.4293e+00 +2.1145e+00 +3.1342e-02 -3.0496e+00 +7.5830e-01 -2.3841e+00 +2.4105e+00 -1.2928e+00 +1.8306e+00
554 +3.307942189e+02 +3.307942189e+02 +2.674142189e+02 +2.674142189e+02 +3.1345e+00 +1.1256e+00 +1.9438e+00 +1.2822e+00 -3.3099e+00 -3.0936e-01 -1.7066e+00 +2.5438e+00 -1.9263e+00 +1.9047e+00
556 +3.009210211e+02 +3.009210211e+02 +2.375410211e+02 +2.375410211e+02 +2.9982e+00 +8.4169e-01 +1.4708e+00 +9.6029e-01 -2.7328e+00 +3.5255e-01 -3.1734e+00 +2.1497e+00 -8.2738e-01 +1.1644e+00
574 +2.799602101e+02 +2.799602101e+02 +2.165802101e+02 +2.165802101e+02 +3.2900e+00 +1.9291e-01 +1.3293e+00 -1.3246e-01 -2.4727e+00 -9.6950e-02 -2.7911e+00 +2.1986e+00 -5.3554e-01 +2.1617e+00
581 +2.072321653e+02 +2.072321653e+02 +1.438521653e+02 +1.438521653e+02 +3.2102e+00 +1.2574e+00 +2.0473e+00 +1.0644e+00 -2.3142e+00 +4.3102e-02 -2.7047e+00 +5.1275e-01 -2.3313e+00 +8.3784e-01
590 +1.895421048e+02 +1.895421048e+02 +1.261621048e+02 +1.261621048e+02 +3.0795e+00 +4.1874e-01 +1.4224e+00 +1.1056e+00 -2.6777e+00 -1.1305e-01 -1.7548e+00 +1.8005e+00 -6.6783e-01 +1.2557e+00
594 +1.834700928e+02 +1.834700928e+02 +1.200900928e+02 +1.200900928e+02 +3.1692e+00 +1.0187e+00 +1.3665e+00 +5.6313e-01 -2.5436e+00 -6.3498e-02 -2.2042e+00 +1.2734e+00 -1.3344e+00 +1.2902e+00
614 +6.760250089e+01 +6.760250089e+01 +4.222500886e+00 +4.222500886e+00 +2.8985e+00 +1.0627e+00 +9.7458e-01 +1.1363e-01 -2.8339e+00 +2.7380e-01 -1.3574e+00 +1.2053e+00 -1.0379e+00 +1.5223e+00
656 +2.568819386e+01 +2.568819386e+01 -3.769180614e+01 -3.769180614e+01 +2.2157e+00 +1.8017e+00 +1.7688e+00 +1.1073e+00 -2.9366e+00 +2.9542e-01 -1.6502e+00 +1.4408e+00 -1.7558e+00 +1.9886e+00
679 +9.007583928e+00 +9.007583928e+00 -5.437241607e+01 -5.437241607e+01 +2.2504e+00 +8.4628e-01 +9.4545e-01 +8.1577e-01 -1.9064e+00 +2.2501e-03 -7.3531e-01 +1.6313e+00 -1.6751e+00 +1.0025e+00
704 +3.696248255e+00 +3.696248255e+00 -5.968375175e+01 -5.968375175e+01 +2.1858e+00 +7.5793e-01 +9.4409e-01 -1.0356e-01 -2.5626e+00 -5.8053e-01 -1.4584e+00 +5.7258e-01 -2.1811e+00 +1.2045e+00
726 +3.109953803e+00 +3.109953803e+00 -6.027004620e+01 -6.027004620e+01 +1.9594e+00 +5.5057e-01 +1.6971e+00 +1.3312e-01 -2.5523e+00 -5.1223e-01 -1.6395e+00 +1.0648e+00 -1.8405e+00 +1.6324e+00
871 +2.987554239e+00 +2.987554239e+00 -6.039244576e+01 -6.039244576e+01 +1.0875e+00 +6.2221e-01 +2.5518e+00 -7.1239e-01 -1.8021e+00 -2.7743e-01 -5.0813e-01 +1.6967e+00 -1.7844e+00 +2.1190e+00
963 +2.799749869e+00 +2.799749869e+00 -6.058025013e+01 -6.058025013e+01 +2.0614e+00 +1.3046e+00 +2.1131e+00 +3.8072e-01 -1.9215e+00 -1.4201e-01 -1.6254e+00 +2.2661e+00 -9.9198e-01 +2.2959e+00
1029 +2.663206295e+00 +2.663206295e+00 -6.071679370e+01 -6.071679370e+01 +1.9054e+00 +1.1361e+00 +2.4240e+00 -1.0099e-01 -2.0254e+00 -7.1084e-01 -1.6075e+00 +8.1664e-01 -1.0937e+00 +1.9206e+00
1159 +2.535525062e+00 +2.535525062e+00 -6.084447494e+01 -6.084447494e+01 +9.9004e-01 +9.1007e-01 +2.4395e+00 +4.8309e-01 -1.7250e+00 -3.3613e-01 -1.1029e+00 +2.4168e+00 -2.0665e+00 +1.4819e+00
1364 +2.431844112e+00 +2.431844112e+00 -6.094815589e+01 -6.094815589e+01 +9.1556e-01 +1.2307e+00 +2.3138e+00 +4.2890e-01 -1.9733e+00 -2.9644e-01 -8.8969e-01 +1.8674e+00 -1.7720e+00 +1.8768e+00
1406 +2.180301633e+00 +2.180301633e+00 -6.119969837e+01 -6.119969837e+01 +1.1903e+00 +1.2831e+00 +2.1711e+00 +2.9807e-01 -2.0524e+00 -2.3314e-01 -9.5709e-01 +2.0051e+00 -2.0826e+00 +1.8018e+00
1584 +1.879953112e+00 +1.879953112e+00 -6.150004689e+01 -6.150004689e+01 +9.5006e-01 +1.2628e+00 +2.3142e+00 +4.1602e-01 -2.1696e+00 -2.2842e-01 -9.2580e-01 +1.7657e+00 -2.1765e+00 +2.0797e+00
1650 +1.859084053e+00 +1.859084053e+00 -6.152091595e+01 -6.152091595e+01 +1.0301e+00 +1.3044e+00 +2.2877e+00 +4.1337e-01 -2.1401e+00 -2.0883e-01 -8.1644e-01 +1.7121e+00 -2.2380e+00 +2.0128e+00
1672 +1.759433911e+00 +1.759433911e+00 -6.162056609e+01 -6.162056609e+01 +1.0940e+00 +1.3439e+00 +2.2945e+00 +4.5394e-01 -2.1225e+00 -2.6295e-01 -8.0258e-01 +1.5956e+00 -2.2220e+00 +2.0805e+00
1694 +1.640024366e+00 +1.640024366e+00 -6.173997563e+01 -6.173997563e+01 +1.0605e+00 +1.3863e+00 +2.2968e+00 +4.3829e-01 -2.0812e+00 -2.7775e-01 -8.1659e-01 +1.6756e+00 -2.2432e+00 +2.0628e+00
1716 +1.554268438e+00 +1.554268438e+00 -6.182573156e+01 -6.182573156e+01 +9.8414e-01 +1.3959e+00 +2.3107e+00 +4.2141e-01 -2.0582e+00 -2.3128e-01 -8.2048e-01 +1.6794e+00 -2.2160e+00 +2.0948e+00
2090 +1.534176086e+00 +1.534176086e+00 -6.184582391e+01 -6.184582391e+01 +9.2537e-01 +1.4690e+00 +2.2385e+00 +4.2081e-01 -2.0173e+00 -2.6675e-01 -8.9804e-01 +1.6671e+00 -2.2111e+00 +2.0800e+00
2222 +1.510886648e+00 +1.510886648e+00 -6.186911335e+01 -6.186911335e+01 +9.3244e-01 +1.4326e+00 +2.2870e+00 +3.9930e-01 -2.0678e+00 -2.2194e-01 -8.7570e-01 +1.6126e+00 -2.2350e+00 +2.0820e+00
2268 +1.419362431e+00 +1.419362431e+00 -6.196063757e+01 -6.196063757e+01 +9.8534e-01 +1.4083e+00 +2.3133e+00 +3.8500e-01 -2.0572e+00 -2.3087e-01 -8.9190e-01 +1.6599e+00 -2.2203e+00 +2.0807e+00
2508 +1.412321241e+00 +1.412321241e+00 -6.196767876e+01 -6.196767876e+01 +9.8945e-01 +1.4312e+00 +2.2886e+00 +4.0792e-01 -2.0770e+00 -2.1113e-01 -9.0887e-01 +1.4926e+00 -2.2561e+00 +2.0643e+00
% function evaluation | noise-free fitness - Fopt (-1.337200000000e+02) | best noise-free fitness - Fopt | measured fitness | best measured fitness | x1 | x2...
1 +1.033747614e+04 +1.033747614e+04 +1.020375614e+04 +1.020375614e+04 +0.0000e+00 +0.0000e+00 +0.0000e+00 +0.0000e+00 +0.0000e+00 +0.0000e+00 +0.0000e+00 +0.0000e+00 +0.0000e+00 +0.0000e+00
201 +9.949055041e+03 +9.949055041e+03 +9.815335041e+03 +9.815335041e+03 -5.9527e-01 -3.1745e-01 +3.9841e+00 -4.2285e+00 +2.9555e-01 -6.9898e-01 -6.1684e-01 +2.9226e-01 +5.0704e-02 +1.2007e+00
202 +9.245537329e+03 +9.245537329e+03 +9.111817329e+03 +9.111817329e+03 -1.3842e+00 +2.4138e-01 +4.1832e+00 -1.4947e+00 +1.2838e-01 +8.3580e-01 -2.7558e+00 -1.6015e+00 +1.7088e+00 +2.3651e+00
204 +3.876995032e+03 +3.876995032e+03 +3.743275032e+03 +3.743275032e+03 -8.5272e-01 -7.5834e-01 +3.0451e+00 -2.6687e+00 -1.3450e-01 +7.4637e-01 -2.1102e+00 -1.2619e-01 +1.8470e+00 +2.1896e+00
222 +1.313549396e+03 +1.313549396e+03 +1.179829396e+03 +1.179829396e+03 -1.2998e+00 -1.0103e+00 +3.4501e+00 -2.0994e+00 +1.5877e-01 -1.2637e+00 -6.3660e-01 +1.4353e-01 +6.5072e-01 +1.4211e+00
233 +1.035409268e+03 +1.035409268e+03 +9.016892679e+02 +9.016892679e+02 -1.7856e+00 -3.4568e-01 +4.0365e+00 -2.0918e+00 +1.6523e+00 +3.5870e-01 -2.2031e+00 +8.7406e-02 +1.6475e+00 +1.5000e+00
264 +1.016298945e+03 +1.016298945e+03 +8.825789450e+02 +8.825789450e+02 -1.4326e+00 -7.9970e-01 +4.0306e+00 -2.1448e+00 +7.5703e-01 -5.9349e-02 -2.0465e+00 +5.3872e-04 +1.1801e+00 +1.9450e+00
286 +3.433741532e+02 +3.433741532e+02 +2.096541532e+02 +2.096541532e+02 -1.3464e+00 -1.1190e+00 +3.7620e+00 -1.4121e+00 +1.5197e-01 +1.4336e-01 -1.8223e+00 +1.1153e+00 +7.6553e-01 +2.1191e+00
321 +6.528853385e+01 +6.528853385e+01 -6.843146615e+01 -6.843146615e+01 -2.5503e+00 -1.1241e+00 +2.4420e+00 +2.4047e-01 +1.0906e-01 -2.6578e+00 -8.4161e-01 +1.3958e+00 +8.6237e-01 +1.0640e+00
402 +2.679989219e+01 +2.679989219e+01 -1.069201078e+02 -1.069201078e+02 -2.0592e+00 -7.3031e-01 +3.2985e+00 -5.9264e-01 +1.0287e+00 -1.0630e+00 -1.1797e+00 +1.3092e+00 +8.7113e-01 +2.5160e+00
452 +4.309722474e+00 +4.309722474e+00 -1.294102775e+02 -1.294102775e+02 -1.3222e+00 -1.0085e+00 +2.6670e+00 +1.3172e-01 +1.6759e+00 +7.2557e-02 -2.5049e+00 +3.2365e-01 +1.5008e+00 +2.2295e+00
462 +4.132196338e+00 +4.132196338e+00 -1.295878037e+02 -1.295878037e+02 -1.8623e+00 -9.7090e-01 +3.1470e+00 +3.1539e-01 +1.3550e+00 -8.0996e-01 -2.5117e+00 +1.4003e+00 +1.0812e+00 +1.6239e+00
563 +4.038795202e+00 +4.038795202e+00 -1.296812048e+02 -1.296812048e+02 -7.6449e-01 +3.5252e-01 +2.6330e+00 +2.8469e-01 +1.2527e+00 -1.2215e+00 -1.2769e+00 +1.7532e+00 +1.0827e+00 +1.8512e+00
610 +3.477114974e+00 +3.477114974e+00 -1.302428850e+02 -1.302428850e+02 -2.2012e+00 +1.6184e+00 +9.7993e-01 +5.9952e-01 +9.3669e-01 -9.3539e-01 -2.3514e+00 +1.2074e+00 +1.9230e+00 +1.0054e+00
634 +3.403439426e+00 +3.403439426e+00 -1.303165606e+02 -1.303165606e+02 -1.4768e+00 -2.7291e-01 +1.8230e+00 +2.8088e-01 +8.4459e-01 -1.2185e+00 -1.8913e+00 +1.5721e+00 +1.9735e+00 +6.7639e-01
688 +2.972971668e+00 +2.972971668e+00 -1.307470283e+02 -1.307470283e+02 -1.4570e+00 -3.0415e-01 +5.0364e-01 +1.3931e+00 +8.8053e-01 -1.1566e+00 -1.8110e+00 +7.1277e-01 +1.1996e+00 +1.5054e+00
780 +2.695699837e+00 +2.695699837e+00 -1.310243002e+02 -1.310243002e+02 -1.6092e+00 -2.1123e-02 +7.6767e-01 +1.5641e+00 +1.2052e+00 -2.2331e+00 -1.6519e+00 +2.2591e+00 +6.8320e-01 +1.2897e+00
993 +2.677835829e+00 +2.677835829e+00 -1.310421642e+02 -1.310421642e+02 -1.8667e+00 -3.8854e-02 +8.8219e-01 +1.7055e+00 +1.5621e+00 -2.2273e+00 -1.3404e+00 +2.3068e+00 +1.0849e+00 +1.4854e+00
1502 +2.513647491e+00 +2.513647491e+00 -1.312063525e+02 -1.312063525e+02 -1.6763e+00 -1.6916e-01 +1.4427e+00 +1.5517e+00 +1.6196e+00 -2.2051e+00 -4.6975e-01 +2.1071e+00 +1.2839e+00 +1.9224e+00
1609 +2.409611514e+00 +2.409611514e+00 -1.313103885e+02 -1.313103885e+02 -1.5296e+00 -1.1790e-01 +1.7286e+00 +9.1052e-01 +1.3464e+00 -2.2732e+00 -3.2025e-01 +2.0563e+00 +1.1753e+00 +2.0189e+00
1669 +2.374224790e+00 +2.374224790e+00 -1.313457752e+02 -1.313457752e+02 -1.5813e+00 -9.1127e-02 +1.8217e+00 +1.0541e+00 +1.8055e+00 -2.0762e+00 -3.4302e-01 +2.0709e+00 +8.2640e-01 +2.1147e+00
1855 +2.118161971e+00 +2.118161971e+00 -1.316018380e+02 -1.316018380e+02 -1.3900e+00 -1.3028e-01 +1.7677e+00 +1.5501e+00 +1.5999e+00 -2.2465e+00 -3.9895e-01 +2.1359e+00 +8.6963e-01 +2.0320e+00
2112 +2.083695637e+00 +2.083695637e+00 -1.316363044e+02 -1.316363044e+02 -1.5403e+00 -2.0669e-01 +1.8600e+00 +1.5162e+00 +1.5708e+00 -2.2822e+00 -4.2188e-01 +1.9969e+00 +8.4767e-01 +1.8741e+00
2116 +2.036237904e+00 +2.036237904e+00 -1.316837621e+02 -1.316837621e+02 -1.4918e+00 -2.1731e-01 +1.8412e+00 +1.4460e+00 +1.5814e+00 -2.2560e+00 -4.9327e-01 +2.0660e+00 +8.4173e-01 +1.7298e+00
2119 +1.936815577e+00 +1.936815577e+00 -1.317831844e+02 -1.317831844e+02 -1.5147e+00 -2.4640e-01 +1.8664e+00 +1.4726e+00 +1.6130e+00 -2.2524e+00 -4.5087e-01 +2.0410e+00 +8.1622e-01 +1.8312e+00
2156 +1.900121949e+00 +1.900121949e+00 -1.318198781e+02 -1.318198781e+02 -1.5104e+00 -2.2540e-01 +1.8672e+00 +1.5101e+00 +1.5285e+00 -2.2220e+00 -4.2405e-01 +2.0852e+00 +8.0619e-01 +1.8611e+00
2225 +1.807622674e+00 +1.807622674e+00 -1.319123773e+02 -1.319123773e+02 -1.4602e+00 -1.9560e-01 +1.8759e+00 +1.4508e+00 +1.5970e+00 -2.1998e+00 -3.5511e-01 +2.0977e+00 +8.0658e-01 +1.8698e+00
2332 +1.722320930e+00 +1.722320930e+00 -1.319976791e+02 -1.319976791e+02 -1.5079e+00 -2.2375e-01 +1.8518e+00 +1.4213e+00 +1.6285e+00 -2.2082e+00 -4.0576e-01 +2.0772e+00 +8.1008e-01 +1.8643e+00
3190 +1.698052794e+00 +1.698052794e+00 -1.320219472e+02 -1.320219472e+02 -1.5069e+00 -1.7752e-01 +1.8347e+00 +1.4308e+00 +1.6229e+00 -2.2260e+00 -3.9365e-01 +2.0895e+00 +8.0805e-01 +1.8661e+00
% function evaluation | noise-free fitness - Fopt (-4.039900000000e+02) | best noise-free fitness - Fopt | measured fitness | best measured fitness | x1 | x2...
1 +1.033747614e+04 +1.033747614e+04 +9.933486136e+03 +9.933486136e+03 +0.0000e+00 +0.0000e+00 +0.0000e+00 +0.0000e+00 +0.0000e+00 +0.0000e+00 +0.0000e+00 +0.0000e+00 +0.0000e+00 +0.0000e+00
223 +8.180287206e+03 +8.180287206e+03 +7.776297206e+03 +7.776297206e+03 -3.7075e+00 -4.2517e+00 -5.1788e+00 +8.4303e-01 -2.8907e+00 -2.6546e+00 -2.2115e+00 -1.1554e+00 +3.7968e-01 +1.6475e+00
233 +6.564543027e+03 +6.564543027e+03 +6.160553027e+03 +6.160553027e+03 -3.5681e+00 -4.5880e+00 -4.7091e+00 +1.8540e-01 -1.7122e+00 -2.2090e+00 -6.1255e-01 -2.6252e-01 +1.1068e+00 +4.6303e-01
255 +5.845202739e+03 +5.845202739e+03 +5.441212739e+03 +5.441212739e+03 -4.8451e+00 -4.3519e+00 -4.1731e+00 +6.7030e-01 -3.1618e+00 -2.5086e+00 -1.5936e+00 -2.2837e+00 +4.8029e-01 +1.9189e+00
264 +5.339986479e+03 +5.339986479e+03 +4.935996479e+03 +4.935996479e+03 -4.3221e+00 -4.8370e+00 -4.4969e+00 +6.5714e-01 -1.9115e+00 -1.8892e+00 -1.5419e+00 -1.2082e+00 +8.0225e-01 +1.3047e+00
275 +4.869464755e+03 +4.869464755e+03 +4.465474755e+03 +4.465474755e+03 -3.8756e+00 -4.0895e+00 -4.2600e+00 +1.9969e+00 -1.2065e+00 -8.8458e-01 -1.3557e+00 -1.0129e+00 +2.9963e-01 +2.3672e+00
307 +1.469997001e+03 +1.469997001e+03 +1.066007001e+03 +1.066007001e+03 -3.9894e+00 -3.8963e+00 -2.6660e+00 +1.0596e+00 -1.7230e+00 -2.4607e+00 -1.3299e+00 -9.7965e-01 +9.2991e-01 +7.2442e-01
352 +1.381222891e+03 +1.381222891e+03 +9.772328906e+02 +9.772328906e+02 -3.4552e+00 -4.8119e+00 -3.0248e+00 +1.4583e+00 -2.0503e+00 -5.9837e-01 -2.1022e+00 -1.5018e+00 +1.5356e+00 +1.2555e+00
367 +1.369939590e+03 +1.369939590e+03 +9.659495895e+02 +9.659495895e+02 -3.1693e+00 -4.5715e+00 -2.5031e+00 +2.8184e+00 -2.5876e+00 -9.0430e-01 -3.1255e+00 -1.6446e+00 +2.1629e+00 +1.5146e+00
386 +7.389384648e+02 +7.389384648e+02 +3.349484648e+02 +3.349484648e+02 -2.8242e+00 -3.7000e+00 -2.0978e+00 +2.0756e+00 -1.5480e+00 -2.2540e-01 -3.3528e+00 -1.3223e+00 +1.3425e+00 +1.1926e+00
430 +2.519865843e+01 +2.519865843e+01 -3.787913416e+02 -3.787913416e+02 -1.5038e+00 -3.0562e+00 -1.8729e+00 +1.7186e+00 -1.1075e+00 -1.1327e+00 -2.5584e+00 -1.0388e-01 +1.4591e+00 +1.2796e+00
480 +7.945499221e+00 +7.945499221e+00 -3.960445008e+02 -3.960445008e+02 -2.3398e+00 -1.8637e+00 -9.0296e-01 +2.2911e+00 -1.9135e+00 -9.6887e-01 -2.6116e+00 -2.1087e+00 +1.8630e+00 +1.5963e+00
550 +4.486242774e+00 +4.486242774e+00 -3.995037572e+02 -3.995037572e+02 -2.4510e+00 -2.6720e+00 -4.3025e-01 +1.5224e+00 -1.7733e+00 -1.2589e+00 -1.8197e+00 -1.3189e+00 +1.2429e+00 +1.8055e+00
572 +3.871185536e+00 +3.871185536e+00 -4.001188145e+02 -4.001188145e+02 -2.2030e+00 -3.2493e+00 -5.9329e-01 +1.7613e+00 -1.5533e+00 -7.3705e-01 -2.4302e+00 -1.2862e+00 +1.3522e+00 +1.2957e+00
616 +3.694587544e+00 +3.694587544e+00 -4.002954125e+02 -4.002954125e+02 -1.8843e+00 -3.3083e+00 -7.6121e-01 +1.9466e+00 -1.0336e+00 -1.2113e+00 -1.8560e+00 -1.6495e+00 +1.7352e+00 +1.0291e+00
642 +3.432327600e+00 +3.432327600e+00 -4.005576724e+02 -4.005576724e+02 -2.3363e+00 -2.2336e+00 -8.6143e-01 +1.3402e+00 -5.7577e-01 -1.7914e+00 -2.1866e+00 -1.3661e+00 +1.9469e+00 +1.6432e+00
686 +2.725550764e+00 +2.725550764e+00 -4.012644492e+02 -4.012644492e+02 -1.1402e+00 -2.8457e+00 -8.2130e-01 +1.9633e+00 -9.7607e-01 -5.1086e-01 -2.0391e+00 -1.7066e+00 +1.2254e+00 +1.9533e+00
871 +2.681568752e+00 +2.681568752e+00 -4.013084312e+02 -4.013084312e+02 -1.7315e+00 -2.0862e+00 -7.2476e-01 +2.6699e+00 -8.3394e-01 -1.3651e+00 -2.1024e+00 -5.9149e-01 +1.1949e+00 +2.2815e+00
1068 +2.597024669e+00 +2.597024669e+00 -4.013929753e+02 -4.013929753e+02 -1.2903e+00 -2.0117e+00 -7.8071e-01 +2.7465e+00 -1.3107e+00 -1.1373e+00 -1.7990e+00 -1.1988e+00 +9.9008e-01 +1.1920e+00
1320 +2.557081450e+00 +2.557081450e+00 -4.014329186e+02 -4.014329186e+02 -1.4956e+00 -2.0136e+00 -6.4385e-01 +2.7560e+00 -8.8926e-01 -5.2616e-01 -1.2511e+00 -1.6073e+00 +1.0269e+00 +1.8802e+00
1386 +2.296374031e+00 +2.296374031e+00 -4.016936260e+02 -4.016936260e+02 -1.5202e+00 -2.0644e+00 -6.4857e-01 +2.8407e+00 -8.0672e-01 -5.1851e-01 -1.2350e+00 -1.6679e+00 +1.2494e+00 +1.9646e+00
1746 +2.003839303e+00 +2.003839303e+00 -4.019861607e+02 -4.019861607e+02 -1.5294e+00 -1.9549e+00 -6.6739e-01 +2.7561e+00 -7.4845e-01 -5.8065e-01 -7.9269e-01 -2.3850e+00 +1.2548e+00 +1.9422e+00
2046 +1.967935647e+00 +1.967935647e+00 -4.020220644e+02 -4.020220644e+02 -1.4643e+00 -2.1170e+00 -6.4382e-01 +2.7996e+00 -7.3372e-01 -5.5613e-01 -7.7523e-01 -2.4637e+00 +1.2763e+00 +1.9308e+00
2051 +1.911187222e+00 +1.911187222e+00 -4.020788128e+02 -4.020788128e+02 -1.4662e+00 -1.9718e+00 -6.1470e-01 +2.7885e+00 -6.6987e-01 -5.7469e-01 -8.0554e-01 -2.4450e+00 +1.1690e+00 +2.0258e+00
2063 +1.856281377e+00 +1.856281377e+00 -4.021337186e+02 -4.021337186e+02 -1.5023e+00 -2.1299e+00 -6.8059e-01 +2.7916e+00 -7.4113e-01 -5.3106e-01 -8.4843e-01 -2.3808e+00 +1.2332e+00 +1.9860e+00
2156 +1.818316297e+00 +1.818316297e+00 -4.021716837e+02 -4.021716837e+02 -1.4286e+00 -2.0583e+00 -6.2754e-01 +2.8067e+00 -7.2848e-01 -5.3597e-01 -8.0755e-01 -2.4354e+00 +1.2131e+00 +1.9797e+00
2332 +1.736286969e+00 +1.736286969e+00 -4.022537130e+02 -4.022537130e+02 -1.4755e+00 -2.0551e+00 -6.9235e-01 +2.8005e+00 -8.0658e-01 -5.3185e-01 -7.9839e-01 -2.4302e+00 +1.2315e+00 +1.9941e+00
2486 +1.693826810e+00 +1.693826810e+00 -4.022961732e+02 -4.022961732e+02 -1.4992e+00 -2.0559e+00 -6.7296e-01 +2.8433e+00 -8.5067e-01 -5.0784e-01 -8.1983e-01 -2.4376e+00 +1.2195e+00 +1.9949e+00
3124 +1.659485060e+00 +1.659485060e+00 -4.023305149e+02 -4.023305149e+02 -1.5085e+00 -2.0489e+00 -6.7514e-01 +2.7999e+00 -8.6804e-01 -5.0179e-01 -8.2443e-01 -2.4250e+00 +1.2236e+00 +1.9815e+00
% function evaluation | noise-free fitness - Fopt (1.000000000000e+03) | best noise-free fitness - Fopt | measured fitness | best measured fitness | x1 | x2...
1 +1.033747614e+04 +1.033747614e+04 +1.133747614e+04 +1.133747614e+04 +0.0000e+00 +0.0000e+00 +0.0000e+00 +0.0000e+00 +0.0000e+00 +0.0000e+00 +0.0000e+00 +0.0000e+00 +0.0000e+00 +0.0000e+00
193 +7.932826782e+03 +7.932826782e+03 +8.932826782e+03 +8.932826782e+03 +2.2127e+00 -5.1033e-01 -2.9612e+00 -2.4528e+00 +1.0110e+00 -2.1056e+00 +2.0165e+00 +2.1131e-01 +8.4463e-01 +1.2080e+00
222 +5.372169659e+03 +5.372169659e+03 +6.372169659e+03 +6.372169659e+03 +3.4446e+00 -8.4732e-01 -3.3192e+00 -2.2193e+00 +1.4556e+00 -1.7114e+00 +3.9253e+00 -9.1870e-01 +1.4848e+00 +2.0749e+00
224 +4.414926501e+03 +4.414926501e+03 +5.414926501e+03 +5.414926501e+03 +2.4920e+00 -9.9040e-01 -2.9785e+00 -3.2954e+00 +1.5041e+00 -7.7409e-01 +1.4866e+00 -5.2014e-01 +7.1171e-01 +7.5567e-01
229 +3.577427917e+03 +3.577427917e+03 +4.577427917e+03 +4.577427917e+03 +3.9533e+00 +1.0275e+00 -3.4293e+00 -2.3835e+00 +2.7101e+00 -1.0875e+00 +2.3306e+00 +2.1718e-01 +6.0426e-01 +1.6687e+00
242 +2.718506705e+03 +2.718506705e+03 +3.718506705e+03 +3.718506705e+03 +3.0704e+00 -1.8250e-01 -3.4624e+00 -2.1720e+00 +1.7185e+00 -1.3707e+00 +2.2837e+00 -8.0488e-01 +1.4716e+00 +8.3491e-01
264 +8.063804315e+02 +8.063804315e+02 +1.806380432e+03 +1.806380432e+03 +2.3087e+00 -2.2859e-01 -3.9088e+00 -1.9732e+00 +1.8788e+00 -4.3101e-01 +2.2113e+00 -3.3238e-01 +2.0745e+00 +1.4611e+00
277 +7.078607807e+02 +7.078607807e+02 +1.707860781e+03 +1.707860781e+03 +1.6956e+00 +4.1163e-04 -1.2242e+00 -3.5342e-01 +1.8446e+00 -2.1518e-01 +5.9827e-01 -1.3140e+00 +1.7136e-01 +2.3752e+00
352 +1.271306288e+01 +1.271306288e+01 +1.012713063e+03 +1.012713063e+03 +1.9027e+00 +9.5520e-01 -1.8020e+00 -6.4190e-01 +1.2220e+00 -1.3093e-02 +2.8812e+00 -1.1457e+00 +1.2443e+00 +2.4116e+00
383 +3.264101354e+00 +3.264101354e+00 +1.003264101e+03 +1.003264101e+03 +1.0765e+00 +5.0672e-01 -3.3463e-01 +5.8608e-01 +1.1608e+00 +9.5244e-01 +1.6372e+00 -7.8239e-01 +2.4607e+00 +1.5718e+00
553 +3.033419838e+00 +3.033419838e+00 +1.003033420e+03 +1.003033420e+03 +2.2667e+00 +3.4526e-01 +4.9533e-02 +1.4417e+00 +1.4417e+00 +8.1471e-01 +2.5227e+00 -1.9560e+00 +1.2044e+00 +1.9450e+00
915 +2.855877423e+00 +2.855877423e+00 +1.002855877e+03 +1.002855877e+03 +5.8251e-01 +8.5559e-01 -2.4136e+00 +2.0777e+00 +2.1146e-02 +2.4904e+00 +6.8672e-01 -1.4826e+00 +1.9215e+00 +1.8426e+00
1112 +2.545404915e+00 +2.545404915e+00 +1.002545405e+03 +1.002545405e+03 +1.0759e+00 +3.9831e-01 -2.6849e+00 +1.9876e+00 +1.1378e+00 +2.3066e+00 +4.3358e-01 -1.7215e+00 +2.3069e+00 +1.6813e+00
1320 +2.429903411e+00 +2.429903411e+00 +1.002429903e+03 +1.002429903e+03 +9.4697e-01 +6.4958e-01 -2.4078e+00 +2.0212e+00 +5.0091e-01 +1.9532e+00 +4.7935e-01 -1.8215e+00 +1.7756e+00 +1.2638e+00
1438 +2.308476079e+00 +2.308476079e+00 +1.002308476e+03 +1.002308476e+03 +9.3411e-01 +5.8160e-01 -2.5281e+00 +1.9943e+00 +4.6209e-01 +1.9655e+00 +4.1013e-01 -1.9225e+00 +1.7791e+00 +1.0245e+00
1496 +2.256009183e+00 +2.256009183e+00 +1.002256009e+03 +1.002256009e+03 +8.7374e-01 +6.5267e-01 -2.4997e+00 +1.9778e+00 +5.3262e-01 +1.9187e+00 +4.4247e-01 -1.8215e+00 +1.8346e+00 +1.0110e+00
1518 +2.179523640e+00 +2.179523640e+00 +1.002179524e+03 +1.002179524e+03 +8.9436e-01 +6.4869e-01 -2.4724e+00 +1.9821e+00 +5.6420e-01 +1.8733e+00 +4.6207e-01 -1.7878e+00 +1.7871e+00 +1.0585e+00
1540 +2.104177349e+00 +2.104177349e+00 +1.002104177e+03 +1.002104177e+03 +9.3440e-01 +6.2808e-01 -2.4662e+00 +1.9706e+00 +5.4842e-01 +1.9150e+00 +4.5865e-01 -1.7563e+00 +1.7928e+00 +1.0324e+00
1672 +2.035490073e+00 +2.035490073e+00 +1.002035490e+03 +1.002035490e+03 +9.8964e-01 +6.0490e-01 -2.4837e+00 +2.0247e+00 +4.7374e-01 +1.9475e+00 +4.9846e-01 -1.7606e+00 +1.7814e+00 +1.0400e+00
1782 +1.983270180e+00 +1.983270180e+00 +1.001983270e+03 +1.001983270e+03 +9.9463e-01 +5.7843e-01 -2.4857e+00 +2.0002e+00 +4.7100e-01 +1.9408e+00 +4.7403e-01 -1.7873e+00 +1.7931e+00 +1.0254e+00
% function evaluation | noise-free fitness - Fopt (1.005700000000e+02) | best noise-free fitness - Fopt | measured fitness | best measured fitness | x1 | x2...
1 +1.033747614e+04 +1.033747614e+04 +1.043804614e+04 +1.043804614e+04 +0.0000e+00 +0.0000e+00 +0.0000e+00 +0.0000e+00 +0.0000e+00 +0.0000e+00 +0.0000e+00 +0.0000e+00 +0.0000e+00 +0.0000e+00
238 +6.106045090e+03 +6.106045090e+03 +6.206615090e+03 +6.206615090e+03 -1.1391e+00 +2.1009e-01 -3.6103e+00 -2.9375e+00 -2.2858e+00 +4.6832e-01 +1.0201e+00 +3.2101e+00 +2.0537e+00 -7.5851e-01
253 +4.861597522e+03 +4.861597522e+03 +4.962167522e+03 +4.962167522e+03 -2.0897e+00 +1.0789e-01 -2.1768e+00 -2.5996e+00 -3.8119e+00 -2.5473e-01 +8.7611e-01 +3.2049e+00 +1.8092e+00 -1.6026e+00
281 +3.646702299e+03 +3.646702299e+03 +3.747272299e+03 +3.747272299e+03 -1.4111e+00 +4.3880e-01 -2.2304e+00 -3.8722e+00 -3.0641e+00 +1.1785e+00 +4.2357e-01 +2.8722e+00 -1.7589e-01 -1.4775e+00
302 +2.250613819e+03 +2.250613819e+03 +2.351183819e+03 +2.351183819e+03 -1.1944e-01 -1.2924e-01 -2.3068e+00 -3.2770e+00 -3.0165e+00 -8.8999e-02 +1.4697e+00 +2.4756e+00 +2.1586e+00 -9.2718e-01
310 +1.052909240e+03 +1.052909240e+03 +1.153479240e+03 +1.153479240e+03 +7.5056e-01 +1.2972e-01 -2.1484e+00 -2.3788e+00 -6.7296e-01 +8.4623e-01 +4.1028e-01 +2.1048e+00 +3.8586e-01 -2.5949e+00
352 +3.716550291e+02 +3.716550291e+02 +4.722250291e+02 +4.722250291e+02 +4.9323e-01 +1.2143e+00 -1.3709e+00 -2.4072e+00 -1.6577e+00 +6.1138e-01 +1.4624e+00 +1.3008e+00 +8.8709e-01 -1.3794e+00
374 +1.795654530e+02 +1.795654530e+02 +2.801354530e+02 +2.801354530e+02 +1.0587e+00 +6.8991e-01 -1.1976e+00 -9.4066e-01 -1.4305e+00 +5.4494e-02 +1.6677e+00 +1.5853e+00 +1.3396e+00 -2.5308e+00
396 +4.688036351e+00 +4.688036351e+00 +1.052580364e+02 +1.052580364e+02 +9.0127e-01 +2.3448e-01 -5.3419e-01 -7.2681e-01 -2.2367e+00 -3.7446e-01 +2.1688e+00 +2.0039e+00 +1.1194e+00 -1.3689e+00
418 +4.406696148e+00 +4.406696148e+00 +1.049766961e+02 +1.049766961e+02 +1.3481e+00 +8.7400e-01 -2.4942e-01 -1.2172e+00 -2.1690e+00 +6.1401e-01 +2.0851e+00 +5.6446e-01 +9.7408e-01 -1.9573e+00
608 +3.653435205e+00 +3.653435205e+00 +1.042234352e+02 +1.042234352e+02 +5.5048e-01 +6.8184e-01 +7.6086e-01 -1.1721e+00 -1.8253e+00 +1.5883e-01 +2.2162e+00 +1.0235e+00 +2.3877e+00 -6.3535e-01
643 +3.324594025e+00 +3.324594025e+00 +1.038945940e+02 +1.038945940e+02 +7.5395e-01 +5.9332e-01 -3.1078e-01 -9.4651e-01 -1.3049e+00 +1.3236e+00 +2.3702e+00 +5.9769e-01 +1.2390e+00 -1.4238e+00
728 +3.291801085e+00 +3.291801085e+00 +1.038618011e+02 +1.038618011e+02 +1.1411e+00 -1.9416e-01 +1.3546e+00 -7.7266e-01 -8.8846e-01 +1.9418e+00 +1.6899e+00 +7.2966e-01 +1.7257e+00 -2.1757e+00
842 +3.200301587e+00 +3.200301587e+00 +1.037703016e+02 +1.037703016e+02 +2.1141e-01 -1.9611e-01 +7.1159e-01 -4.1497e-01 +2.3660e-01 +8.0386e-01 +1.1272e+00 +1.6809e+00 +1.2381e+00 -2.2943e+00
857 +3.129388665e+00 +3.129388665e+00 +1.036993887e+02 +1.036993887e+02 +1.7330e-01 +6.8317e-01 +6.7491e-02 -6.0979e-01 -1.0518e+00 +2.2999e+00 +3.1124e-01 +7.2008e-01 +7.9060e-01 -2.0385e+00
1112 +3.045860280e+00 +3.045860280e+00 +1.036158603e+02 +1.036158603e+02 +8.5783e-01 +9.8391e-01 +2.6306e-01 -1.8846e+00 -7.9051e-01 +1.9237e+00 +1.3203e+00 +1.2333e+00 +1.9281e+00 -2.1065e+00
1593 +2.950329975e+00 +2.950329975e+00 +1.035203300e+02 +1.035203300e+02 -4.7562e-02 +6.1833e-01 +5.6795e-02 -1.0424e+00 -8.6993e-01 +1.8349e+00 +1.2079e+00 +1.2004e+00 +1.9163e+00 -2.2088e+00
1635 +2.817622153e+00 +2.817622153e+00 +1.033876222e+02 +1.033876222e+02 +1.6790e-01 +5.9539e-01 -1.4309e-02 -1.0373e+00 -7.7310e-01 +1.8774e+00 +1.0785e+00 +9.7354e-01 +1.7375e+00 -2.2241e+00
1736 +2.710539807e+00 +2.710539807e+00 +1.032805398e+02 +1.032805398e+02 +1.1971e-01 +5.8048e-01 +3.7167e-02 -1.2310e+00 -7.2756e-01 +1.9788e+00 +9.5439e-01 +9.5125e-01 +1.9580e+00 -2.1465e+00
1760 +2.641757078e+00 +2.641757078e+00 +1.032117571e+02 +1.032117571e+02 +1.3814e-01 +6.0502e-01 -6.3750e-02 -1.1496e+00 -7.0937e-01 +1.9132e+00 +8.8100e-01 +9.7803e-01 +1.8718e+00 -2.1739e+00
1804 +2.585249012e+00 +2.585249012e+00 +1.031552490e+02 +1.031552490e+02 +1.2912e-01 +6.4346e-01 -1.9928e-02 -1.0919e+00 -7.0659e-01 +1.8778e+00 +9.2207e-01 +9.6329e-01 +1.9088e+00 -2.1267e+00
1824 +2.522785224e+00 +2.522785224e+00 +1.030927852e+02 +1.030927852e+02 +6.7846e-02 +6.8175e-01 +1.9718e-02 -1.0418e+00 -6.9580e-01 +1.9137e+00 +8.5099e-01 +1.0027e+00 +1.9650e+00 -2.1404e+00
1826 +2.503170036e+00 +2.503170036e+00 +1.030731700e+02 +1.030731700e+02 +1.1261e-01 +6.3396e-01 -2.9519e-02 -1.1278e+00 -7.1970e-01 +1.8880e+00 +8.8961e-01 +9.3080e-01 +1.9130e+00 -2.1354e+00
1843 +2.380452248e+00 +2.380452248e+00 +1.029504522e+02 +1.029504522e+02 +4.8372e-02 +6.4736e-01 +1.2477e-02 -1.0803e+00 -7.1592e-01 +1.8365e+00 +9.1076e-01 +8.9177e-01 +1.9777e+00 -2.1329e+00
1848 +2.301189034e+00 +2.301189034e+00 +1.028711890e+02 +1.028711890e+02 +1.5466e-01 +6.0166e-01 -8.8833e-03 -1.1244e+00 -7.0672e-01 +1.8915e+00 +9.2584e-01 +9.0535e-01 +1.9835e+00 -2.1232e+00
1936 +2.278233139e+00 +2.278233139e+00 +1.028482331e+02 +1.028482331e+02 +1.0875e-01 +6.1687e-01 -1.1568e-02 -1.1016e+00 -6.6561e-01 +1.8759e+00 +8.9866e-01 +9.3103e-01 +1.9994e+00 -2.1367e+00
2046 +2.224925491e+00 +2.224925491e+00 +1.027949255e+02 +1.027949255e+02 +6.1087e-02 +6.0793e-01 -5.3196e-02 -1.1100e+00 -7.1272e-01 +1.8812e+00 +8.9520e-01 +9.2620e-01 +2.0078e+00 -2.1335e+00
7900 +2.168950733e+00 +2.168950733e+00 +1.027389507e+02 +1.027389507e+02 +1.0329e+00 +6.3844e-02 +2.6165e+00 -1.2813e-01 -1.5302e+00 +1.0993e+00 +6.6808e-01 +2.0169e+00 +1.7279e+00 -2.2181e+00
8104 +2.135678214e+00 +2.135678214e+00 +1.027056782e+02 +1.027056782e+02 +1.0544e+00 +5.5040e-02 +2.6107e+00 -1.2286e-01 -1.5341e+00 +1.0582e+00 +6.9201e-01 +2.0098e+00 +1.7352e+00 -2.1989e+00
% function evaluation | noise-free fitness - Fopt (1.149000000000e+01) | best noise-free fitness - Fopt | measured fitness | best measured fitness | x1 | x2...
1 +1.033747614e+04 +1.033747614e+04 +1.034896614e+04 +1.034896614e+04 +0.0000e+00 +0.0000e+00 +0.0000e+00 +0.0000e+00 +0.0000e+00 +0.0000e+00 +0.0000e+00 +0.0000e+00 +0.0000e+00 +0.0000e+00
68 +7.548581780e+03 +7.548581780e+03 +7.560071780e+03 +7.560071780e+03 +2.8232e+00 -3.1674e+00 -9.7886e-01 +4.9602e-01 +3.6438e+00 +1.1262e+00 +2.2458e+00 +2.4602e+00 +7.9479e-01 -7.5598e-01
91 +6.242883548e+03 +6.242883548e+03 +6.254373548e+03 +6.254373548e+03 +3.2727e+00 -3.0806e+00 -7.2906e-01 +2.5309e-01 +3.8645e+00 +9.1873e-01 +2.3354e+00 +2.4261e+00 +5.4798e-01 -6.7388e-01
99 +5.290924616e+03 +5.290924616e+03 +5.302414616e+03 +5.302414616e+03 +3.0206e+00 -2.7128e+00 -1.0984e+00 +3.7369e-01 +3.7329e+00 +5.4237e-01 +2.1923e+00 +2.3818e+00 +4.3704e-01 -5.9660e-01
112 +5.228006200e+03 +5.228006200e+03 +5.239496200e+03 +5.239496200e+03 +3.4756e+00 -2.9646e+00 -9.2953e-01 -1.9114e-01 +3.5547e+00 +9.6197e-01 +2.2049e+00 +2.3366e+00 +6.3496e-01 -8.9900e-01
117 +5.009284384e+03 +5.009284384e+03 +5.020774384e+03 +5.020774384e+03 +3.2368e+00 -3.3130e+00 -1.1605e+00 +1.3742e-01 +3.3337e+00 +9.3823e-01 +2.6124e+00 +2.1860e+00 +6.7235e-01 -1.5327e+00
118 +2.283972095e+03 +2.283972095e+03 +2.295462095e+03 +2.295462095e+03 +2.4706e+00 -3.3928e+00 -9.9420e-01 +1.1208e-01 +3.4551e+00 +7.6617e-01 +2.5201e+00 +2.4620e+00 +9.2106e-02 -1.0904e+00
120 +1.884404672e+03 +1.884404672e+03 +1.895894672e+03 +1.895894672e+03 +3.3053e+00 -2.7413e+00 -9.5902e-01 +5.0991e-01 +3.8306e+00 +9.7369e-01 +2.3218e+00 +2.4195e+00 -4.3551e-01 -1.1487e+00
134 +9.099753676e+02 +9.099753676e+02 +9.214653676e+02 +9.214653676e+02 +3.1442e+00 -2.8858e+00 -1.3393e+00 +3.4053e-01 +3.3272e+00 +9.5600e-01 +1.6294e+00 +2.2918e+00 -3.2170e-01 -2.5962e+00
154 +7.241675978e+02 +7.241675978e+02 +7.356575978e+02 +7.356575978e+02 +3.0330e+00 -2.8995e+00 -1.2443e+00 +3.2825e-01 +3.1404e+00 +6.9386e-01 +2.1501e+00 +2.1479e+00 -1.9772e-01 -1.5387e+00
156 +3.784555296e+02 +3.784555296e+02 +3.899455296e+02 +3.899455296e+02 +3.0969e+00 -2.8648e+00 -1.6552e+00 -2.0660e-01 +2.2545e+00 -4.9580e-02 +1.1329e+00 +2.3677e+00 -1.1221e+00 -1.8266e+00
198 +1.400393032e+02 +1.400393032e+02 +1.515293032e+02 +1.515293032e+02 +2.8808e+00 -2.1913e+00 -1.2114e+00 +4.8592e-02 +2.7467e+00 +4.7052e-01 +1.2379e+00 +1.6519e+00 -4.0544e-01 -1.6965e+00
231 +6.498641305e+01 +6.498641305e+01 +7.647641305e+01 +7.647641305e+01 +2.8874e+00 -1.6163e+00 -1.4175e-01 -4.8836e-01 +2.1538e+00 +3.7694e-03 +1.4809e+00 +6.8710e-01 -1.7884e+00 -2.0206e+00
242 +3.037795691e+01 +3.037795691e+01 +4.186795691e+01 +4.186795691e+01 +2.7486e+00 -2.0336e+00 -5.8588e-01 +3.2068e-01 +2.6233e+00 +2.5702e-01 +8.1589e-01 +1.5709e+00 -1.4928e+00 -2.0640e+00
274 +2.153357896e+01 +2.153357896e+01 +3.302357896e+01 +3.302357896e+01 +2.2205e+00 -1.5848e+00 -1.7126e+00 +6.9621e-01 +1.0884e+00 -6.5205e-02 +7.6572e-01 +1.0978e+00 -1.6127e+00 -2.4166e+00
284 +3.249975019e+00 +3.249975019e+00 +1.473997502e+01 +1.473997502e+01 +2.1831e+00 -1.0249e+00 -2.2910e+00 -3.2790e-01 +1.8873e+00 -1.5176e+00 +2.2419e+00 +2.1938e+00 -5.4590e-01 -2.1955e+00
392 +2.998713451e+00 +2.998713451e+00 +1.448871345e+01 +1.448871345e+01 +2.1237e+00 -1.0066e+00 -7.2537e-01 +2.2766e-02 +1.3849e+00 -1.2118e+00 +1.5796e+00 +1.6838e+00 -1.7948e+00 -1.2769e+00
605 +2.422964577e+00 +2.422964577e+00 +1.391296458e+01 +1.391296458e+01 +1.4042e+00 -8.5738e-01 -2.7272e+00 +1.2101e+00 +2.1246e+00 -2.1028e+00 +2.0755e+00 +5.5715e-01 -1.6149e+00 -2.1896e+00
1002 +2.332359373e+00 +2.332359373e+00 +1.382235937e+01 +1.382235937e+01 +2.0210e+00 -9.4859e-01 -2.8141e+00 +1.9401e+00 +5.6541e-01 -1.1081e+00 +1.8935e+00 +1.2196e+00 -1.5079e+00 -1.1768e+00
1129 +2.288982665e+00 +2.288982665e+00 +1.377898267e+01 +1.377898267e+01 +2.1660e+00 -1.0172e+00 -2.7125e+00 +1.8552e+00 +1.5783e+00 -8.2898e-01 +1.5730e+00 +1.5149e+00 -1.9209e+00 -1.0279e+00
1162 +1.956557128e+00 +1.956557128e+00 +1.344655713e+01 +1.344655713e+01 +2.1664e+00 -1.2120e+00 -3.0046e+00 +1.7580e+00 +2.1810e+00 -6.3104e-01 +1.4548e+00 +1.1174e+00 -2.4098e+00 -1.2082e+00
7150 +1.939829779e+00 +1.939829779e+00 +1.342982978e+01 +1.342982978e+01 +1.0063e+00 -8.5954e-01 -3.7348e-02 +1.1611e+00 +1.6781e+00 -2.3166e-01 +1.2558e+00 +8.6380e-01 -1.1154e+00 -2.3632e+00
7152 +1.889843929e+00 +1.889843929e+00 +1.337984393e+01 +1.337984393e+01 +1.0939e+00 -7.8209e-01 -4.3886e-02 +1.3016e+00 +1.6660e+00 -2.6536e-01 +1.3075e+00 +8.3863e-01 -1.1529e+00 -2.3262e+00
7302 +1.851962378e+00 +1.851962378e+00 +1.334196238e+01 +1.334196238e+01 +1.0572e+00 -8.0062e-01 -4.2202e-02 +1.3414e+00 +1.7238e+00 -2.6867e-01 +1.2717e+00 +8.2478e-01 -1.1271e+00 -2.3374e+00
7504 +1.800941582e+00 +1.800941582e+00 +1.329094158e+01 +1.329094158e+01 +1.0545e+00 -7.9914e-01 -5.5711e-02 +1.1143e+00 +1.7231e+00 -2.5206e-01 +1.3164e+00 +8.3217e-01 -1.1432e+00 -2.3570e+00
7553 +1.777507386e+00 +1.777507386e+00 +1.326750739e+01 +1.326750739e+01 +1.0393e+00 -7.7934e-01 -2.0208e-02 +1.1304e+00 +1.7365e+00 -3.0007e-01 +1.2890e+00 +8.4193e-01 -1.1081e+00 -2.3400e+00
7724 +1.736996661e+00 +1.736996661e+00 +1.322699666e+01 +1.322699666e+01 +1.0314e+00 -7.9270e-01 -3.1970e-02 +1.1013e+00 +1.7121e+00 -2.9463e-01 +1.3072e+00 +8.3659e-01 -1.1092e+00 -2.3565e+00
% function evaluation | noise-free fitness - Fopt (7.731000000000e+01) | best noise-free fitness - Fopt | measured fitness | best measured fitness | x1 | x2...
1 +1.033747614e+04 +1.033747614e+04 +1.041478614e+04 +1.041478614e+04 +0.0000e+00 +0.0000e+00 +0.0000e+00 +0.0000e+00 +0.0000e+00 +0.0000e+00 +0.0000e+00 +0.0000e+00 +0.0000e+00 +0.0000e+00
141 +3.513929212e+03 +3.513929212e+03 +3.591239212e+03 +3.591239212e+03 +2.7976e+00 +1.9987e+00 +1.0603e-01 +1.9112e+00 -1.8417e+00 +3.0856e-01 -2.1430e-01 +9.7858e-01 +9.5834e-01 +2.5803e+00
181 +2.935055498e+02 +2.935055498e+02 +3.708155498e+02 +3.708155498e+02 +1.7938e+00 +1.2205e+00 +8.5633e-01 +6.4012e-01 -5.6560e-01 +8.8848e-01 +2.6661e+00 +8.4337e-01 +5.6085e-01 +1.4838e+00
234 +5.305856580e+00 +5.305856580e+00 +8.261585658e+01 +8.261585658e+01 +2.0666e+00 +4.5819e-01 -1.2903e-01 +2.3933e+00 -6.6144e-01 +1.1376e+00 +1.1985e+00 +1.3075e+00 +2.1415e+00 +1.7037e+00
295 +4.312679590e+00 +4.312679590e+00 +8.162267959e+01 +8.162267959e+01 +5.8870e-01 +1.5895e-01 -1.1786e+00 +1.8248e+00 +2.0167e-01 +1.6680e+00 +1.1257e+00 +5.4660e-01 +1.1075e+00 +1.1610e+00
326 +4.062043362e+00 +4.062043362e+00 +8.137204336e+01 +8.137204336e+01 +1.9768e-01 -1.8598e-01 -1.1889e+00 +1.7916e+00 +3.1762e-01 +1.5776e+00 +8.4665e-02 +1.5929e+00 +2.2352e+00 +1.6703e+00
339 +3.359179290e+00 +3.359179290e+00 +8.066917929e+01 +8.066917929e+01 -3.3768e-01 +1.3479e+00 -1.9486e+00 +1.3774e+00 +2.3521e+00 +1.3907e+00 +1.6895e+00 +1.1301e+00 +1.9659e+00 +1.5020e+00
489 +3.302108476e+00 +3.302108476e+00 +8.061210848e+01 +8.061210848e+01 -1.6342e-01 -1.6597e+00 -1.2567e+00 -2.6678e-01 +5.4796e-01 +1.5264e+00 +9.4391e-01 +5.0717e-01 +1.4606e+00 +1.4862e+00
560 +3.160422975e+00 +3.160422975e+00 +8.047042297e+01 +8.047042297e+01 +8.1181e-01 -1.3248e+00 -9.0831e-01 +7.0350e-01 +1.8906e+00 +2.6077e-01 +9.4996e-01 +8.9810e-01 +1.7029e+00 +1.3563e+00
794 +2.868889214e+00 +2.868889214e+00 +8.017888921e+01 +8.017888921e+01 +1.5502e+00 +4.9089e-02 -5.1661e-01 +6.4500e-01 +9.8377e-01 +1.2120e+00 +6.7128e-01 +9.5420e-01 +1.8711e+00 +1.0767e+00
847 +2.669640521e+00 +2.669640521e+00 +7.997964052e+01 +7.997964052e+01 +1.5890e+00 +5.3348e-02 +2.1313e-01 +2.8723e-01 +1.0532e+00 +1.6142e+00 +5.1104e-01 +9.2210e-01 +2.3397e+00 +1.4714e+00
1100 +2.374042738e+00 +2.374042738e+00 +7.968404274e+01 +7.968404274e+01 +1.5266e+00 -7.6793e-01 +4.5457e-01 +3.3564e-01 +1.8747e+00 +2.0952e+00 +8.2699e-01 +9.2961e-01 +1.5875e+00 +1.6555e+00
1584 +2.269517021e+00 +2.269517021e+00 +7.957951702e+01 +7.957951702e+01 +1.5028e+00 +2.4209e-01 +3.6859e-02 +1.7417e-01 +1.4200e+00 +1.6197e+00 +6.0458e-01 +9.8796e-01 +1.1239e+00 +1.6013e+00
1782 +2.212972614e+00 +2.212972614e+00 +7.952297261e+01 +7.952297261e+01 +1.4761e+00 +9.4609e-02 +7.1805e-02 +1.6358e-01 +1.3378e+00 +1.7242e+00 +5.7724e-01 +1.0127e+00 +1.3972e+00 +1.5695e+00
2010 +2.178517821e+00 +2.178517821e+00 +7.948851782e+01 +7.948851782e+01 +1.4900e+00 +1.3405e-01 +1.5280e-01 +2.2861e-01 +1.3593e+00 +1.7746e+00 +4.9642e-01 +1.0414e+00 +1.3624e+00 +1.5696e+00
2024 +2.111064188e+00 +2.111064188e+00 +7.942106419e+01 +7.942106419e+01 +1.5221e+00 +1.5950e-01 +9.0813e-02 +1.8365e-01 +1.3242e+00 +1.7532e+00 +5.3040e-01 +1.0439e+00 +1.3951e+00 +1.6000e+00
2310 +2.041667756e+00 +2.041667756e+00 +7.935166776e+01 +7.935166776e+01 +1.5281e+00 +1.8286e-01 +1.3555e-01 +1.8016e-01 +1.3384e+00 +1.7093e+00 +5.2254e-01 +1.0255e+00 +1.4060e+00 +1.6923e+00
2530 +1.971335224e+00 +1.971335224e+00 +7.928133522e+01 +7.928133522e+01 +1.5428e+00 +1.9434e-01 +1.0340e-01 +1.9136e-01 +1.4936e+00 +1.6864e+00 +5.3716e-01 +1.0341e+00 +1.4031e+00 +1.7104e+00
2706 +1.948568241e+00 +1.948568241e+00 +7.925856824e+01 +7.925856824e+01 +1.5192e+00 +1.4417e-01 +1.3196e-01 +1.7882e-01 +1.5259e+00 +1.6871e+00 +5.2789e-01 +1.0223e+00 +1.4000e+00 +1.7162e+00
6769 +1.898812611e+00 +1.898812611e+00 +7.920881261e+01 +7.920881261e+01 -2.1419e+00 +1.0475e+00 -7.5162e-01 +1.6751e+00 +2.2345e+00 +6.8026e-01 +1.9771e+00 +1.6617e+00 +2.1870e+00 +1.1770e+00
7064 +1.842339526e+00 +1.842339526e+00 +7.915233953e+01 +7.915233953e+01 -2.0419e+00 +1.0703e+00 -7.7898e-01 +1.6535e+00 +2.2382e+00 +6.5625e-01 +1.9590e+00 +1.7004e+00 +2.2153e+00 +1.3490e+00
7218 +1.816055344e+00 +1.816055344e+00 +7.912605534e+01 +7.912605534e+01 -2.0986e+00 +1.0738e+00 -7.9735e-01 +1.6604e+00 +2.2179e+00 +6.5107e-01 +1.9756e+00 +1.7156e+00 +2.2035e+00 +1.4007e+00
7262 +1.777829959e+00 +1.777829959e+00 +7.908782996e+01 +7.908782996e+01 -2.0930e+00 +1.0690e+00 -7.8696e-01 +1.6810e+00 +2.2057e+00 +6.5677e-01 +1.9743e+00 +1.6975e+00 +2.2123e+00 +1.3837e+00
% function evaluation | noise-free fitness - Fopt (3.207700000000e+02) | best noise-free fitness - Fopt | measured fitness | best measured fitness | x1 | x2...
1 +1.033747614e+04 +1.033747614e+04 +1.065824614e+04 +1.065824614e+04 +0.0000e+00 +0.0000e+00 +0.0000e+00 +0.0000e+00 +0.0000e+00 +0.0000e+00 +0.0000e+00 +0.0000e+00 +0.0000e+00 +0.0000e+00
262 +8.065319189e+03 +8.065319189e+03 +8.386089189e+03 +8.386089189e+03 -1.9748e+00 -2.0211e+00 -4.3349e+00 -5.8855e-01 -6.5218e-01 +6.7678e-01 -9.3004e-01 -3.1203e+00 -1.0562e+00 -2.1597e+00
308 +6.864793143e+03 +6.864793143e+03 +7.185563143e+03 +7.185563143e+03 -1.5670e+00 -1.7667e+00 -3.5998e+00 -1.0514e+00 +9.6626e-01 +4.8865e-01 -5.3181e-02 -3.8365e+00 -8.0727e-01 -1.6732e+00
335 +6.155496427e+03 +6.155496427e+03 +6.476266427e+03 +6.476266427e+03 -9.7000e-01 -1.9837e+00 -2.9264e+00 -4.6762e-01 +1.4289e+00 +9.5885e-01 -7.6007e-01 -3.8412e+00 -1.7687e+00 -6.1904e-01
337 +5.049483080e+03 +5.049483080e+03 +5.370253080e+03 +5.370253080e+03 -7.3495e-01 -6.2972e-01 -2.3133e+00 -1.9606e+00 -5.2347e-01 +4.9340e-01 +3.2447e-01 -3.6376e+00 +2.0029e-02 -1.8178e+00
358 +3.885070265e+00 +3.885070265e+00 +3.246550703e+02 +3.246550703e+02 -6.5882e-01 -2.7190e+00 -9.4069e-01 -2.4891e+00 -7.3663e-01 -1.2799e+00 -1.0002e+00 -2.2980e+00 -2.1992e+00 -1.7292e+00
943 +3.664779331e+00 +3.664779331e+00 +3.244347793e+02 +3.244347793e+02 -2.2471e+00 -1.9801e+00 -7.2180e-02 -6.6070e-01 +1.2163e+00 -5.4075e-01 -1.3053e+00 -1.3102e+00 -1.7239e+00 -1.2389e+00
977 +3.550057140e+00 +3.550057140e+00 +3.243200571e+02 +3.243200571e+02 -9.8608e-01 -1.1482e+00 -4.9344e-01 -9.3890e-01 +1.4848e+00 -3.6671e-01 -1.6796e+00 -1.3784e+00 -1.6186e+00 -1.7793e+00
985 +3.324402314e+00 +3.324402314e+00 +3.240944023e+02 +3.240944023e+02 -1.9118e+00 -2.1184e+00 -6.1755e-03 -3.6122e-01 +1.0100e+00 -7.1116e-01 -1.5429e+00 -1.0469e+00 -1.4910e+00 -2.2556e+00
994 +3.283778707e+00 +3.283778707e+00 +3.240537787e+02 +3.240537787e+02 -1.0106e+00 -2.0280e+00 +2.3013e-01 -1.4099e+00 -1.3378e-02 -5.8552e-01 -2.0103e+00 -1.6817e+00 -2.1426e+00 -1.7940e+00
995 +2.790976116e+00 +2.790976116e+00 +3.235609761e+02 +3.235609761e+02 -1.0913e+00 -2.4496e+00 -7.5724e-01 -9.5935e-01 +1.2452e+00 -3.9148e-01 -1.6975e+00 -1.2291e+00 -1.8718e+00 -2.2519e+00
1028 +2.629241238e+00 +2.629241238e+00 +3.233992412e+02 +3.233992412e+02 -2.1049e+00 -2.2653e+00 -7.7162e-01 -9.7706e-01 +5.3924e-01 -5.4369e-01 -1.4623e+00 -1.3544e+00 -2.2508e+00 -1.3900e+00
1087 +2.231661974e+00 +2.231661974e+00 +3.230016620e+02 +3.230016620e+02 -1.7733e+00 -2.3073e+00 -8.9800e-01 -3.1182e-01 +1.4395e+00 -2.7680e-01 -8.8251e-01 -2.4557e+00 -2.0580e+00 -1.5627e+00
1286 +1.992380089e+00 +1.992380089e+00 +3.227623801e+02 +3.227623801e+02 -2.0673e+00 -2.0426e+00 +1.3572e+00 -8.0671e-01 +8.7098e-01 -5.4464e-01 -7.8394e-01 -2.4855e+00 -1.9481e+00 -1.4234e+00
1782 +1.943323388e+00 +1.943323388e+00 +3.227133234e+02 +3.227133234e+02 -2.1545e+00 -2.0326e+00 +1.2859e+00 -1.5671e+00 +1.1871e+00 -4.5784e-01 -1.2259e+00 -1.9131e+00 -1.5156e+00 -2.2154e+00
2024 +1.838301619e+00 +1.838301619e+00 +3.226083016e+02 +3.226083016e+02 -2.1434e+00 -2.1375e+00 +1.2040e+00 -1.5948e+00 +1.1691e+00 -4.1625e-01 -1.2127e+00 -1.9042e+00 -1.7321e+00 -2.2298e+00
2026 +1.801486735e+00 +1.801486735e+00 +3.225714867e+02 +3.225714867e+02 -2.1413e+00 -2.1020e+00 +1.2493e+00 -1.5839e+00 +1.2092e+00 -4.5584e-01 -1.2158e+00 -1.9273e+00 -1.7342e+00 -2.2019e+00
2046 +1.775977316e+00 +1.775977316e+00 +3.225459773e+02 +3.225459773e+02 -2.1142e+00 -2.1352e+00 +1.2129e+00 -1.5553e+00 +1.1781e+00 -4.2451e-01 -1.2140e+00 -1.9208e+00 -1.7425e+00 -2.2044e+00
2134 +1.736060224e+00 +1.736060224e+00 +3.225060602e+02 +3.225060602e+02 -2.1484e+00 -2.1206e+00 +1.2783e+00 -1.5954e+00 +1.1725e+00 -4.4101e-01 -1.2430e+00 -1.9111e+00 -1.7382e+00 -2.2105e+00
2178 +1.692995705e+00 +1.692995705e+00 +3.224629957e+02 +3.224629957e+02 -2.1414e+00 -2.1519e+00 +1.2684e+00 -1.5789e+00 +1.1595e+00 -4.4478e-01 -1.2456e+00 -1.8979e+00 -1.7646e+00 -2.1804e+00
2508 +1.657695372e+00 +1.657695372e+00 +3.224276954e+02 +3.224276954e+02 -2.1017e+00 -2.1288e+00 +1.2438e+00 -1.6098e+00 +1.1574e+00 -4.4567e-01 -1.2551e+00 -1.8777e+00 -1.7729e+00 -2.1843e+00
% function evaluation | noise-free fitness - Fopt (1.893000000000e+01) | best noise-free fitness - Fopt | measured fitness | best measured fitness | x1 | x2...
1 +1.033747614e+04 +1.033747614e+04 +1.035640614e+04 +1.035640614e+04 +0.0000e+00 +0.0000e+00 +0.0000e+00 +0.0000e+00 +0.0000e+00 +0.0000e+00 +0.0000e+00 +0.0000e+00 +0.0000e+00 +0.0000e+00
202 +7.624124837e+03 +7.624124837e+03 +7.643054837e+03 +7.643054837e+03 -4.1298e+00 +1.6084e+00 +1.6385e+00 -3.8042e+00 +2.1651e+00 +2.8041e+00 +1.7192e+00 +3.4042e+00 -1.2674e+00 +8.4272e-01
209 +2.677680303e+03 +2.677680303e+03 +2.696610303e+03 +2.696610303e+03 -3.4085e+00 +1.4588e+00 +9.6055e-01 -3.6102e+00 +1.5679e+00 +3.3994e+00 +1.3606e-01 +2.7234e+00 -5.3264e-01 +7.5139e-01
234 +1.472287024e+03 +1.472287024e+03 +1.491217024e+03 +1.491217024e+03 -3.4800e+00 +8.7897e-01 +1.1238e+00 -3.6707e+00 +2.0505e+00 +2.8419e+00 -9.2411e-01 +2.7552e+00 -1.6433e-02 +2.1599e+00
318 +1.355374669e+03 +1.355374669e+03 +1.374304669e+03 +1.374304669e+03 -3.1354e+00 +9.8189e-01 -1.7748e-01 -3.7294e+00 +2.5812e+00 +1.9601e+00 -4.2792e-01 +2.7480e+00 -1.4874e+00 +1.9131e+00
330 +7.899508657e+02 +7.899508657e+02 +8.088808657e+02 +8.088808657e+02 -3.5808e+00 +1.2449e+00 +7.6105e-01 -3.2328e+00 +1.9071e+00 +2.4800e+00 -6.7464e-01 +2.1937e+00 -1.7513e+00 +2.2653e+00
347 +5.979837695e+02 +5.979837695e+02 +6.169137695e+02 +6.169137695e+02 -3.3499e+00 +3.9218e-01 +1.4886e+00 -2.7118e+00 +1.6753e+00 +2.5371e+00 -4.8352e-01 +2.4675e+00 -1.9814e+00 +1.7205e+00
352 +2.978918305e+02 +2.978918305e+02 +3.168218305e+02 +3.168218305e+02 -3.3024e+00 +8.0766e-01 +8.7641e-01 -2.9165e+00 +1.8121e+00 +1.8974e+00 -1.0045e+00 +2.0220e+00 -1.7428e+00 +2.0236e+00
374 +1.308963002e+02 +1.308963002e+02 +1.498263002e+02 +1.498263002e+02 -3.0350e+00 +4.5553e-01 +9.5808e-01 -2.4122e+00 +2.0353e+00 +1.8516e+00 -1.3655e+00 +1.6966e+00 -1.3139e+00 +1.9760e+00
421 +2.563923270e+01 +2.563923270e+01 +4.456923270e+01 +4.456923270e+01 -2.7318e+00 +6.2054e-01 +3.4719e-01 -8.3154e-01 +2.0811e+00 +1.1544e+00 -1.4663e+00 +1.9937e+00 -8.0774e-01 +1.3681e+00
491 +8.726665609e+00 +8.726665609e+00 +2.765666561e+01 +2.765666561e+01 -2.5351e+00 +8.8257e-01 +3.4445e-01 -1.1542e+00 +1.7648e+00 +8.2045e-01 -1.5782e+00 +1.8390e+00 -1.8749e+00 +1.3166e+00
521 +4.690739298e+00 +4.690739298e+00 +2.362073930e+01 +2.362073930e+01 -2.0344e+00 +2.6060e-01 -9.0625e-02 -1.2380e+00 +2.1447e+00 +1.8653e+00 -2.1957e+00 +1.8316e+00 -1.0908e+00 +1.6298e+00
528 +3.374010307e+00 +3.374010307e+00 +2.230401031e+01 +2.230401031e+01 -2.4894e+00 -1.6591e-01 +4.0432e-01 -7.1588e-01 +1.7499e+00 +1.5415e+00 -1.1847e+00 +1.8222e+00 -1.5298e+00 +1.4243e+00
780 +3.293660480e+00 +3.293660480e+00 +2.222366048e+01 +2.222366048e+01 -1.6099e+00 +1.1651e-01 +2.9800e-01 -2.1775e+00 +5.7851e-01 +4.9618e-01 -1.3736e+00 +1.8846e+00 -1.1474e+00 +1.7892e+00
786 +2.901674293e+00 +2.901674293e+00 +2.183167429e+01 +2.183167429e+01 -1.4145e+00 +1.2911e-01 -5.8234e-01 -1.3049e+00 +2.1052e-01 +7.1181e-01 -1.4226e+00 +1.8256e+00 -1.3430e+00 +1.8387e+00
1005 +2.847913973e+00 +2.847913973e+00 +2.177791397e+01 +2.177791397e+01 -1.6301e+00 +5.1811e-02 +1.4943e-01 -1.9287e+00 +7.4309e-01 +5.0832e-01 -1.7611e+00 +1.2800e+00 -1.3428e+00 +1.5945e+00
1068 +2.735928508e+00 +2.735928508e+00 +2.166592851e+01 +2.166592851e+01 -1.4161e+00 +2.8655e-01 +2.3380e-01 -1.9208e+00 +1.0201e+00 +5.0325e-01 -2.5577e+00 +2.1557e+00 -1.4729e+00 +1.3892e+00
1166 +2.543083895e+00 +2.543083895e+00 +2.147308390e+01 +2.147308390e+01 -1.4868e+00 +2.3871e-01 -2.8588e-02 -1.8905e+00 +9.9913e-01 +5.3151e-01 -1.9813e+00 +2.1228e+00 -1.0061e+00 +1.7990e+00
1386 +2.435826517e+00 +2.435826517e+00 +2.136582652e+01 +2.136582652e+01 -1.5181e+00 +1.7713e-01 +3.4550e-02 -1.8545e+00 +8.7560e-01 +5.9621e-01 -1.9222e+00 +2.1431e+00 -1.1950e+00 +1.7740e+00
1408 +2.344840486e+00 +2.344840486e+00 +2.127484049e+01 +2.127484049e+01 -1.4854e+00 +1.3589e-01 +9.6895e-02 -1.9211e+00 +7.4220e-01 +5.6890e-01 -1.8927e+00 +2.1114e+00 -1.1272e+00 +1.6955e+00
1521 +2.304931897e+00 +2.304931897e+00 +2.123493190e+01 +2.123493190e+01 -1.4137e+00 +8.2400e-02 +1.7580e-01 -1.9530e+00 +7.3976e-01 +5.2908e-01 -1.9230e+00 +2.1186e+00 -8.7022e-01 +1.8228e+00
1576 +2.025113854e+00 +2.025113854e+00 +2.095511385e+01 +2.095511385e+01 -1.5561e+00 +8.0653e-02 +9.9788e-02 -1.8923e+00 +6.3474e-01 +5.5404e-01 -1.9708e+00 +2.1571e+00 -8.4691e-01 +1.8447e+00
1581 +1.969870647e+00 +1.969870647e+00 +2.089987065e+01 +2.089987065e+01 -1.5762e+00 +2.3589e-01 +2.0568e-01 -1.9711e+00 +5.4212e-01 +5.5057e-01 -1.9638e+00 +2.1631e+00 -8.1952e-01 +1.7197e+00
1694 +1.835731232e+00 +1.835731232e+00 +2.076573123e+01 +2.076573123e+01 -1.5542e+00 +1.4840e-01 +9.3601e-02 -1.8785e+00 +5.8150e-01 +5.8356e-01 -1.9353e+00 +2.1250e+00 -7.9867e-01 +1.8508e+00
1760 +1.814950559e+00 +1.814950559e+00 +2.074495056e+01 +2.074495056e+01 -1.5477e+00 +1.2765e-01 +9.2966e-02 -1.9009e+00 +5.4305e-01 +5.6099e-01 -1.9570e+00 +2.1336e+00 -8.0058e-01 +1.8295e+00
1979 +1.744249260e+00 +1.744249260e+00 +2.067424926e+01 +2.067424926e+01 -1.5134e+00 +1.7505e-01 +1.5475e-01 -1.9309e+00 +5.1313e-01 +6.2377e-01 -1.9474e+00 +2.1225e+00 -7.8955e-01 +1.8870e+00
2002 +1.704520903e+00 +1.704520903e+00 +2.063452090e+01 +2.063452090e+01 -1.5432e+00 +1.8164e-01 +1.1984e-01 -1.9068e+00 +5.1993e-01 +6.1143e-01 -1.9690e+00 +2.1468e+00 -8.0950e-01 +1.8668e+00
2156 +1.694950138e+00 +1.694950138e+00 +2.062495014e+01 +2.062495014e+01 -1.5386e+00 +1.7891e-01 +1.0462e-01 -1.9046e+00 +5.1512e-01 +6.0589e-01 -1.9834e+00 +2.1353e+00 -8.0362e-01 +1.8627e+00
