% function evaluation | noise-free fitness - Fopt (-4.620900000000e+02) | best noise-free fitness - Fopt | measured fitness | best measured fitness | x1 | x2...
1 +2.262090927e+02 +2.262090927e+02 -2.358809073e+02 -2.358809073e+02 +0.0000e+00 +0.0000e+00 +0.0000e+00 +0.0000e+00 +0.0000e+00 +0.0000e+00 +0.0000e+00 +0.0000e+00 +0.0000e+00 +0.0000e+00
381 +2.116918534e+02 +2.116918534e+02 -2.503981466e+02 -2.503981466e+02 +6.6355e-01 +1.8825e-01 -2.0289e+00 -9.1244e-02 +7.7244e-01 +1.6641e+00 +1.9577e+00 +1.0269e+00 -3.4403e-01 +1.6023e+00
415 +1.981768224e+02 +1.981768224e+02 -2.639131776e+02 -2.639131776e+02 +1.2650e+00 +5.8005e-01 -9.1749e-01 +1.8089e-01 +4.9745e-02 +1.4156e+00 +2.0776e+00 +3.6975e-02 -7.0497e-01 +1.7945e+00
422 +1.787825157e+02 +1.787825157e+02 -2.833074843e+02 -2.833074843e+02 +5.3519e-01 +8.3388e-01 -5.9681e-01 -1.4204e-01 +1.4714e-02 +1.7988e+00 +2.2604e+00 +1.3958e+00 +4.8083e-01 +1.6289e+00
436 +1.685732784e+02 +1.685732784e+02 -2.935167216e+02 -2.935167216e+02 +1.0589e+00 +6.5728e-01 -9.5022e-01 -4.4661e-01 +6.0636e-01 +1.5268e+00 +2.0325e+00 +2.1138e-02 +8.2662e-02 +1.8438e+00
487 +1.506837173e+02 +1.506837173e+02 -3.114062827e+02 -3.114062827e+02 +1.2721e+00 +1.0522e+00 -8.0132e-01 -3.4496e-01 +5.8425e-01 +1.1162e+00 +2.1802e+00 +1.0859e+00 +1.3685e+00 +1.6481e+00
509 +1.328637017e+02 +1.328637017e+02 -3.292262983e+02 -3.292262983e+02 -6.7726e-02 +1.7342e+00 -8.4108e-01 -9.4347e-02 +1.0760e+00 +1.4258e+00 +2.0481e+00 +1.1090e+00 +4.8420e-01 +7.1741e-01
539 +1.205709894e+02 +1.205709894e+02 -3.415190106e+02 -3.415190106e+02 +1.1386e+00 +5.5035e-01 -2.5437e-01 +2.0230e-01 +4.3268e-01 +1.6252e+00 +1.3647e+00 +1.1262e+00 +1.2213e+00 +3.4431e-01
556 +9.779469117e+01 +9.779469117e+01 -3.642953088e+02 -3.642953088e+02 +7.0500e-01 +1.2207e+00 -8.8644e-01 +7.8182e-01 +1.4535e+00 +1.7387e+00 +2.5409e+00 +1.2190e+00 +1.8358e+00 +3.7268e-01
643 +9.613707594e+01 +9.613707594e+01 -3.659529241e+02 -3.659529241e+02 +1.2448e+00 +9.0567e-01 -4.4549e-01 +7.5857e-01 +1.6697e+00 +2.1630e+00 +1.6050e+00 +1.5832e+00 +1.4114e+00 +1.5892e-01
696 +6.973346159e+01 +6.973346159e+01 -3.923565384e+02 -3.923565384e+02 +1.3165e+00 +6.6537e-01 -2.9614e-01 +7.7723e-02 +1.6454e+00 +1.7817e+00 +1.6475e+00 +1.7782e+00 +1.0351e+00 +1.9939e-01
855 +4.829248978e+01 +4.829248978e+01 -4.137975102e+02 -4.137975102e+02 +1.3658e+00 +6.1506e-01 -4.7116e-02 +1.7488e-01 +1.6268e+00 +1.7723e+00 +2.0439e+00 +1.7682e+00 +1.0508e+00 +4.9991e-02
1848 +4.037730279e+01 +4.037730279e+01 -4.217126972e+02 -4.217126972e+02 +1.4056e+00 +7.2317e-01 -1.7188e-01 -3.8760e-02 +2.2818e+00 +1.7106e+00 +2.1604e+00 +3.0150e+00 +1.5325e+00 +4.1581e-01
2266 +3.834136755e+01 +3.834136755e+01 -4.237486325e+02 -4.237486325e+02 +1.2885e+00 +6.5732e-01 -8.2423e-02 +1.3757e-02 +1.6647e+00 +1.6273e+00 +2.0549e+00 +3.0541e+00 +1.4468e+00 +5.8559e-01
2288 +3.155928115e+01 +3.155928115e+01 -4.305307188e+02 -4.305307188e+02 +1.2631e+00 +6.6990e-01 -1.1069e-01 -2.4618e-02 +1.6485e+00 +1.6134e+00 +2.0831e+00 +2.9613e+00 +1.4437e+00 +6.1889e-01
2332 +2.890093215e+01 +2.890093215e+01 -4.331890678e+02 -4.331890678e+02 +1.3317e+00 +6.3523e-01 -1.2963e-01 -3.6177e-03 +1.6556e+00 +1.6435e+00 +2.0420e+00 +3.0056e+00 +1.4541e+00 +6.7330e-01
2420 +2.841463598e+01 +2.841463598e+01 -4.336753640e+02 -4.336753640e+02 +1.3359e+00 +6.9801e-01 -8.2415e-02 +2.3039e-02 +1.6813e+00 +1.5700e+00 +2.0775e+00 +3.0360e+00 +1.4350e+00 +6.4403e-01
2442 +2.716820330e+01 +2.716820330e+01 -4.349217967e+02 -4.349217967e+02 +1.3086e+00 +6.9309e-01 -7.3757e-02 +2.6478e-02 +1.6447e+00 +1.6001e+00 +2.0909e+00 +3.0218e+00 +1.4588e+00 +6.4150e-01
2464 +2.680472941e+01 +2.680472941e+01 -4.352852706e+02 -4.352852706e+02 +1.3362e+00 +6.6711e-01 -8.9282e-02 +1.8878e-02 +1.6450e+00 +1.5884e+00 +2.0766e+00 +3.0129e+00 +1.4632e+00 +6.2868e-01
2517 +2.604157786e+01 +2.604157786e+01 -4.360484221e+02 -4.360484221e+02 +1.3532e+00 +6.4951e-01 -1.4014e-01 -3.8272e-02 +1.6192e+00 +1.6441e+00 +2.0767e+00 +3.0206e+00 +1.4602e+00 +6.2116e-01
2586 +2.532131004e+01 +2.532131004e+01 -4.367686900e+02 -4.367686900e+02 +1.3446e+00 +6.4763e-01 -1.3971e-01 +3.4710e-02 +1.6557e+00 +1.6495e+00 +2.0770e+00 +3.0180e+00 +1.4536e+00 +6.3257e-01
2640 +2.477967723e+01 +2.477967723e+01 -4.373103228e+02 -4.373103228e+02 +1.3301e+00 +6.6002e-01 -1.2380e-01 +3.2443e-03 +1.6469e+00 +1.6568e+00 +2.0903e+00 +3.0305e+00 +1.4466e+00 +6.3862e-01
2728 +2.449089189e+01 +2.449089189e+01 -4.375991081e+02 -4.375991081e+02 +1.3329e+00 +6.6602e-01 -1.2392e-01 -2.2381e-02 +1.6498e+00 +1.6362e+00 +2.0900e+00 +3.0326e+00 +1.4574e+00 +6.4511e-01
3124 +2.397117758e+01 +2.397117758e+01 -4.381188224e+02 -4.381188224e+02 +1.3518e+00 +6.7535e-01 -1.6895e-01 -1.4451e-02 +1.6454e+00 +1.6376e+00 +2.0888e+00 +3.0310e+00 +1.4566e+00 +6.3674e-01
% function evaluation | noise-free fitness - Fopt (7.766000000000e+01) | best noise-free fitness - Fopt | measured fitness | best measured fitness | x1 | x2...
1 +2.727873423e+02 +2.727873423e+02 +3.504473423e+02 +3.504473423e+02 +0.0000e+00 +0.0000e+00 +0.0000e+00 +0.0000e+00 +0.0000e+00 +0.0000e+00 +0.0000e+00 +0.0000e+00 +0.0000e+00 +0.0000e+00
330 +2.572654035e+02 +2.572654035e+02 +3.349254035e+02 +3.349254035e+02 +4.1816e-01 -3.3401e+00 -1.6755e+00 -1.1907e+00 +5.6444e-01 +4.0374e-01 -2.8906e-01 -1.2493e+00 -1.8356e+00 -2.8416e+00
365 +2.031613206e+02 +2.031613206e+02 +2.808213206e+02 +2.808213206e+02 -6.4518e-01 -2.8390e+00 -1.5189e+00 -9.5864e-01 +1.9225e+00 -1.5925e+00 -2.2790e+00 -7.5953e-01 -1.4102e+00 -4.7943e+00
431 +1.612698684e+02 +1.612698684e+02 +2.389298684e+02 +2.389298684e+02 +3.9675e-01 -3.6875e+00 -1.0285e+00 -7.7515e-01 +2.5849e+00 +1.2052e+00 -2.3947e-01 +9.8175e-01 -1.0435e+00 -2.7859e+00
480 +1.547218223e+02 +1.547218223e+02 +2.323818223e+02 +2.323818223e+02 +1.8277e+00 -2.4118e+00 -2.7757e+00 +6.7327e-01 +1.7944e+00 -5.5076e-02 +4.1490e-01 -1.1494e+00 -8.5428e-01 -4.8158e+00
513 +1.498494114e+02 +1.498494114e+02 +2.275094114e+02 +2.275094114e+02 +1.2204e+00 -2.4262e+00 -2.4856e+00 +1.1332e+00 +6.3939e-01 +1.4040e+00 +5.9249e-01 +1.3478e+00 -1.4213e-01 -5.0450e+00
518 +1.476313455e+02 +1.476313455e+02 +2.252913455e+02 +2.252913455e+02 +6.7074e-01 -3.8751e+00 -5.4002e-01 +1.3358e+00 +1.6827e+00 +1.0568e-01 -2.3188e-01 +7.5226e-01 -1.2323e-01 -3.3257e+00
589 +1.262772134e+02 +1.262772134e+02 +2.039372134e+02 +2.039372134e+02 +9.0881e-01 -1.1385e+00 -1.3942e-01 +1.9570e+00 +2.4621e+00 +1.8441e-01 +1.7287e-01 -5.6174e-01 -7.2215e-02 -4.0155e+00
616 +1.204436884e+02 +1.204436884e+02 +1.981036884e+02 +1.981036884e+02 +1.2149e+00 -2.9501e+00 -1.1285e-01 +2.3142e+00 +1.3958e+00 +1.0586e+00 -1.2189e+00 +5.5135e-02 -5.3547e-01 -4.2110e+00
663 +1.005516038e+02 +1.005516038e+02 +1.782116038e+02 +1.782116038e+02 +2.3536e+00 -2.4896e+00 -2.0224e+00 +4.5114e+00 +1.3025e+00 +1.0431e+00 -1.0510e+00 +1.9346e-01 -9.0561e-01 -3.3140e+00
755 +9.587836531e+01 +9.587836531e+01 +1.735383653e+02 +1.735383653e+02 +4.8312e-01 -1.4580e+00 -6.6207e-01 +4.6447e+00 +1.2913e+00 +1.1567e+00 +8.7719e-02 +9.7462e-01 -2.3964e-01 -3.9702e+00
769 +8.409362058e+01 +8.409362058e+01 +1.617536206e+02 +1.617536206e+02 +1.4771e-01 -2.4680e+00 +3.8372e-01 +3.2656e+00 +1.3667e+00 +9.6087e-01 +6.0462e-02 -4.6107e-01 -6.0378e-01 -4.4356e+00
827 +8.300473204e+01 +8.300473204e+01 +1.606647320e+02 +1.606647320e+02 +1.3227e+00 -1.4897e+00 -5.5434e-01 +4.6840e+00 +1.7368e+00 +4.5117e-01 -7.2384e-02 -2.1834e-01 +1.4439e-01 -4.1753e+00
992 +7.833917504e+01 +7.833917504e+01 +1.559991750e+02 +1.559991750e+02 +1.1690e+00 -1.6504e+00 +3.7051e-01 +3.8608e+00 +2.3500e+00 -5.1075e-01 +1.7814e-01 +5.9706e-01 -1.0793e+00 -4.4892e+00
1041 +7.133589437e+01 +7.133589437e+01 +1.489958944e+02 +1.489958944e+02 +1.4194e+00 -1.9285e+00 +5.1505e-01 +3.0331e+00 +1.8794e+00 -5.8246e-01 +1.7079e-01 +4.8870e-01 -5.2525e-01 -3.4207e+00
1154 +6.987225266e+01 +6.987225266e+01 +1.475322527e+02 +1.475322527e+02 +1.3579e+00 -2.6631e+00 -1.3849e-01 +2.4894e+00 +1.8383e+00 -2.5467e-01 +5.2038e-01 +2.3330e-01 -6.7663e-01 -3.8379e+00
1168 +5.542684656e+01 +5.542684656e+01 +1.330868466e+02 +1.330868466e+02 +1.5779e+00 -2.5059e+00 +3.8824e-01 +3.2644e+00 +1.9978e+00 -1.0357e+00 +1.9275e-01 +4.9983e-01 -3.4889e-01 -3.5577e+00
1283 +4.932548903e+01 +4.932548903e+01 +1.269854890e+02 +1.269854890e+02 +1.3373e+00 -2.4947e+00 +4.2973e-01 +3.1868e+00 +1.7266e+00 -9.3573e-01 +2.2295e-01 +1.0125e+00 -6.5820e-01 -4.1787e+00
1440 +4.447592017e+01 +4.447592017e+01 +1.221359202e+02 +1.221359202e+02 +1.5047e+00 -2.3651e+00 +5.9416e-01 +3.2696e+00 +1.7670e+00 -1.0442e+00 +5.6910e-01 +4.3848e-01 -6.2645e-01 -3.4569e+00
1474 +3.936191064e+01 +3.936191064e+01 +1.170219106e+02 +1.170219106e+02 +1.3513e+00 -2.4330e+00 +5.7984e-01 +3.4009e+00 +1.7148e+00 -1.0500e+00 +4.9407e-01 +5.2154e-01 -5.6692e-01 -3.5159e+00
1562 +3.856910144e+01 +3.856910144e+01 +1.162291014e+02 +1.162291014e+02 +1.4369e+00 -2.4781e+00 +5.5012e-01 +3.4090e+00 +1.7693e+00 -1.1486e+00 +5.5851e-01 +5.6637e-01 -5.7685e-01 -3.6378e+00
1640 +3.164749792e+01 +3.164749792e+01 +1.093074979e+02 +1.093074979e+02 +1.4261e+00 -2.4382e+00 +4.4416e-01 +3.4898e+00 +1.7672e+00 -1.1313e+00 +5.7333e-01 +5.8275e-01 -5.5937e-01 -3.5555e+00
1661 +2.540869628e+01 +2.540869628e+01 +1.030686963e+02 +1.030686963e+02 +1.3679e+00 -2.3665e+00 +5.0732e-01 +3.3232e+00 +1.7619e+00 -1.1846e+00 +5.5734e-01 +5.6734e-01 -6.3077e-01 -3.8429e+00
1694 +2.296312242e+01 +2.296312242e+01 +1.006231224e+02 +1.006231224e+02 +1.3813e+00 -2.4779e+00 +5.4005e-01 +3.3512e+00 +1.7628e+00 -1.1551e+00 +5.3323e-01 +5.5794e-01 -5.9258e-01 -3.8474e+00
1716 +1.891321388e+01 +1.891321388e+01 +9.657321388e+01 +9.657321388e+01 +1.3813e+00 -2.4703e+00 +5.2895e-01 +3.3281e+00 +1.7829e+00 -1.1241e+00 +5.4511e-01 +5.4565e-01 -6.1906e-01 -3.8646e+00
1760 +1.400987742e+01 +1.400987742e+01 +9.166987742e+01 +9.166987742e+01 +1.3927e+00 -2.4981e+00 +4.7639e-01 +3.3184e+00 +1.8019e+00 -1.0691e+00 +5.8157e-01 +5.5550e-01 -5.9465e-01 -3.8656e+00
2266 +1.371157673e+01 +1.371157673e+01 +9.137157673e+01 +9.137157673e+01 +1.4076e+00 -2.4777e+00 +4.2996e-01 +3.3181e+00 +1.8041e+00 -1.0667e+00 +5.8004e-01 +5.4038e-01 -5.9399e-01 -3.8564e+00
2286 +1.317463735e+01 +1.317463735e+01 +9.083463735e+01 +9.083463735e+01 +1.3961e+00 -2.4824e+00 +4.3831e-01 +3.3242e+00 +1.8100e+00 -1.0646e+00 +5.8635e-01 +5.4712e-01 -6.0242e-01 -3.8588e+00
% function evaluation | noise-free fitness - Fopt (1.156800000000e+02) | best noise-free fitness - Fopt | measured fitness | best measured fitness | x1 | x2...
1 +4.174500391e+02 +4.174500391e+02 +5.331300391e+02 +5.331300391e+02 +0.0000e+00 +0.0000e+00 +0.0000e+00 +0.0000e+00 +0.0000e+00 +0.0000e+00 +0.0000e+00 +0.0000e+00 +0.0000e+00 +0.0000e+00
293 +4.073597981e+02 +4.073597981e+02 +5.230397981e+02 +5.230397981e+02 -4.8178e+00 +4.8098e+00 +4.6814e-01 +3.5907e-01 +2.4222e-01 +8.5387e-01 +1.9001e+00 +1.3623e+00 +1.3955e+00 -6.3808e-01
308 +3.930467108e+02 +3.930467108e+02 +5.087267108e+02 +5.087267108e+02 -2.4032e+00 +4.3349e+00 -5.6767e-01 -1.0572e+00 -4.4121e-01 +1.5720e+00 +1.3328e+00 +6.7602e-01 +2.6335e+00 +4.8880e-02
324 +3.188790028e+02 +3.188790028e+02 +4.345590028e+02 +4.345590028e+02 +1.9861e-01 +5.1366e+00 -9.6635e-01 -1.4867e+00 +1.1625e+00 -5.5795e-01 +2.8755e+00 +2.4720e+00 +3.3495e+00 +8.3296e-01
368 +3.030427450e+02 +3.030427450e+02 +4.187227450e+02 +4.187227450e+02 -1.7888e+00 +2.4702e+00 -1.0387e+00 -1.0720e+00 -2.2346e+00 -2.3236e+00 +2.8523e+00 +2.3831e+00 +3.5454e+00 +5.0739e-01
374 +2.976040827e+02 +2.976040827e+02 +4.132840827e+02 +4.132840827e+02 -1.6466e+00 +2.6431e+00 -3.2711e+00 -8.8411e-01 +1.1341e-01 -1.0276e-01 +1.2681e+00 +2.3003e+00 +1.6974e+00 -1.9481e-01
388 +2.456598331e+02 +2.456598331e+02 +3.613398331e+02 +3.613398331e+02 +1.5569e+00 +3.0650e+00 +1.4391e-01 -3.0175e-01 +2.8345e-01 -4.7771e+00 +3.1542e+00 +4.2313e+00 +3.8519e+00 +4.2774e-02
462 +2.163935264e+02 +2.163935264e+02 +3.320735264e+02 +3.320735264e+02 -1.4104e+00 +1.0082e-01 -2.0774e+00 +7.8416e-01 +3.4689e-01 -3.1297e+00 +1.6418e+00 +2.6538e+00 +2.3310e+00 -1.2432e+00
470 +1.907731552e+02 +1.907731552e+02 +3.064531552e+02 +3.064531552e+02 +1.3327e+00 -7.6685e-01 -1.1778e+00 +5.6998e-01 -6.0127e-01 -3.7953e+00 +2.9033e+00 +2.7055e+00 +1.6771e+00 -2.2071e-01
478 +1.822291795e+02 +1.822291795e+02 +2.979091795e+02 +2.979091795e+02 -8.1674e-02 +1.3262e+00 -5.2992e-01 -4.3807e-02 +7.6417e-01 -4.6186e+00 +2.9457e+00 +1.1638e+00 +3.2511e+00 -3.0889e+00
484 +1.683777964e+02 +1.683777964e+02 +2.840577964e+02 +2.840577964e+02 -9.0944e-01 -7.5189e-01 -1.7656e+00 +8.6882e-02 +9.8054e-01 -3.3549e+00 +2.2007e+00 +2.7790e+00 +2.2813e+00 -1.5212e+00
511 +1.623580632e+02 +1.623580632e+02 +2.780380632e+02 +2.780380632e+02 +6.2323e-01 -1.0144e+00 +1.5197e-01 +1.7490e+00 +1.4863e+00 -3.2727e+00 +2.5733e+00 +2.2368e+00 +1.2314e+00 -1.4396e+00
530 +1.266584457e+02 +1.266584457e+02 +2.423384457e+02 +2.423384457e+02 +9.5061e-01 +1.0419e+00 -2.1177e+00 +7.5153e-01 +2.5179e+00 -2.3542e+00 +3.2331e+00 +3.4684e+00 +3.1333e+00 -1.9206e+00
550 +1.039918863e+02 +1.039918863e+02 +2.196718863e+02 +2.196718863e+02 +4.2794e-01 -1.6654e-02 -2.1246e+00 +3.0402e-01 +1.8864e+00 -2.8904e+00 +1.6736e+00 +2.7658e+00 +3.0874e+00 -1.8732e+00
766 +9.890099055e+01 +9.890099055e+01 +2.145809906e+02 +2.145809906e+02 -4.1283e+00 -7.0109e-01 -2.1737e+00 +1.1732e+00 +3.0240e+00 -2.2194e+00 +2.2414e+00 +2.3792e+00 +3.5538e+00 -2.5843e+00
851 +8.684293618e+01 +8.684293618e+01 +2.025229362e+02 +2.025229362e+02 +9.5679e-02 -1.3644e+00 -2.9179e+00 +1.2436e+00 +2.9123e+00 -3.1658e+00 +3.0813e+00 +2.6319e+00 +2.8860e+00 -1.9712e+00
858 +7.466043584e+01 +7.466043584e+01 +1.903404358e+02 +1.903404358e+02 +1.4581e-01 -4.8863e-01 -2.8350e+00 +1.1820e+00 +3.1541e+00 -3.2682e+00 +3.0337e+00 +2.7586e+00 +3.1295e+00 -2.2413e+00
1207 +7.354217605e+01 +7.354217605e+01 +1.892221761e+02 +1.892221761e+02 +1.1472e+00 -9.9297e-01 -6.6281e-01 +1.1782e+00 +2.9787e+00 -3.9085e+00 +2.4229e+00 +2.3580e+00 +3.1603e+00 -2.0878e+00
1263 +7.108506581e+01 +7.108506581e+01 +1.867650658e+02 +1.867650658e+02 +1.2954e+00 -1.0788e+00 -1.0104e+00 +8.9140e-01 +2.9940e+00 -3.8259e+00 +2.3225e+00 +2.4230e+00 +2.8511e+00 -2.0133e+00
1274 +6.653084001e+01 +6.653084001e+01 +1.822108400e+02 +1.822108400e+02 +2.4563e-01 -9.6442e-01 -1.2366e+00 +9.9350e-01 +3.0956e+00 -3.7393e+00 +2.6618e+00 +2.3983e+00 +2.9199e+00 -1.8534e+00
1418 +6.392011603e+01 +6.392011603e+01 +1.796001160e+02 +1.796001160e+02 +3.4250e-01 -8.4513e-01 -9.8868e-01 +8.8760e-01 +3.0003e+00 -3.3187e+00 +2.2772e+00 +2.3047e+00 +3.1133e+00 -1.9618e+00
1440 +5.393275124e+01 +5.393275124e+01 +1.696127512e+02 +1.696127512e+02 +3.5221e-02 -1.1175e+00 -1.1401e+00 +1.0498e+00 +2.9973e+00 -3.7373e+00 +2.3482e+00 +2.3537e+00 +3.2178e+00 -1.9371e+00
1584 +5.219491260e+01 +5.219491260e+01 +1.678749126e+02 +1.678749126e+02 +1.3674e-01 -9.7789e-01 -1.2461e+00 +9.9194e-01 +2.9189e+00 -3.3525e+00 +2.5411e+00 +2.3591e+00 +3.1539e+00 -2.2178e+00
1672 +4.729386888e+01 +4.729386888e+01 +1.629738689e+02 +1.629738689e+02 +1.5354e-01 -1.0078e+00 -1.1542e+00 +9.4231e-01 +2.9741e+00 -3.2499e+00 +2.5785e+00 +2.3484e+00 +3.2058e+00 -2.1920e+00
1716 +4.398239283e+01 +4.398239283e+01 +1.596623928e+02 +1.596623928e+02 +1.4089e-02 -1.0504e+00 -1.0898e+00 +9.9287e-01 +2.9934e+00 -3.2695e+00 +2.6083e+00 +2.3868e+00 +3.2122e+00 -2.2437e+00
1804 +3.501657629e+01 +3.501657629e+01 +1.506965763e+02 +1.506965763e+02 +2.5125e-01 -9.6750e-01 -1.2738e+00 +1.0693e+00 +2.9927e+00 -3.2441e+00 +2.6013e+00 +2.3672e+00 +3.1330e+00 -2.2952e+00
1848 +3.023780731e+01 +3.023780731e+01 +1.459178073e+02 +1.459178073e+02 +1.4683e-01 -1.0136e+00 -1.1816e+00 +1.0717e+00 +2.9851e+00 -3.2217e+00 +2.6130e+00 +2.3621e+00 +3.1179e+00 -2.2529e+00
2046 +2.982059833e+01 +2.982059833e+01 +1.455005983e+02 +1.455005983e+02 +2.2432e-01 -9.7667e-01 -1.1426e+00 +1.0004e+00 +2.9556e+00 -3.2078e+00 +2.6290e+00 +2.3345e+00 +3.1493e+00 -2.2574e+00
2068 +2.894397620e+01 +2.894397620e+01 +1.446239762e+02 +1.446239762e+02 +2.3926e-01 -9.7601e-01 -1.1456e+00 +1.0135e+00 +2.9441e+00 -3.2250e+00 +2.6287e+00 +2.3535e+00 +3.1354e+00 -2.2506e+00
2156 +2.874635726e+01 +2.874635726e+01 +1.444263573e+02 +1.444263573e+02 +2.2775e-01 -9.8338e-01 -1.1711e+00 +9.9692e-01 +2.9779e+00 -3.2403e+00 +2.6289e+00 +2.3566e+00 +3.1566e+00 -2.2655e+00
2332 +2.787370338e+01 +2.787370338e+01 +1.435537034e+02 +1.435537034e+02 +2.1519e-01 -9.7644e-01 -1.1695e+00 +1.0115e+00 +2.9555e+00 -3.2370e+00 +2.6097e+00 +2.3498e+00 +3.1506e+00 -2.2649e+00
2456 +2.751386096e+01 +2.751386096e+01 +1.431938610e+02 +1.431938610e+02 +2.3938e-01 -9.8895e-01 -1.1615e+00 +1.0409e+00 +2.9565e+00 -3.2462e+00 +2.6098e+00 +2.3480e+00 +3.1477e+00 -2.2713e+00
2750 +2.690784046e+01 +2.690784046e+01 +1.425878405e+02 +1.425878405e+02 +2.1782e-01 -9.7640e-01 -1.1665e+00 +1.0658e+00 +2.9564e+00 -3.2428e+00 +2.6152e+00 +2.3598e+00 +3.1471e+00 -2.2604e+00
% function evaluation | noise-free fitness - Fopt (-3.710000000000e+00) | best noise-free fitness - Fopt | measured fitness | best measured fitness | x1 | x2...
1 +2.788708135e+02 +2.788708135e+02 +2.751608135e+02 +2.751608135e+02 +0.0000e+00 +0.0000e+00 +0.0000e+00 +0.0000e+00 +0.0000e+00 +0.0000e+00 +0.0000e+00 +0.0000e+00 +0.0000e+00 +0.0000e+00
5 +2.635609942e+02 +2.635609942e+02 +2.598509942e+02 +2.598509942e+02 -4.8018e+00 -2.6461e+00 +5.7046e-01 -1.6877e+00 -6.1634e-01 +3.6063e+00 +1.5567e-01 -3.2144e+00 +2.4125e+00 +1.3223e+00
7 +2.558063987e+02 +2.558063987e+02 +2.520963987e+02 +2.520963987e+02 -5.0577e+00 -2.5429e+00 +4.8666e-01 -1.6159e+00 -7.7952e-01 +3.7276e+00 +2.5287e-01 -3.4637e+00 +2.4124e+00 +1.2119e+00
52 +2.484329715e+02 +2.484329715e+02 +2.447229715e+02 +2.447229715e+02 -5.0478e+00 -2.4199e+00 +6.3318e-01 -1.6297e+00 -4.7265e-01 +3.5833e+00 +2.6077e-01 -3.1234e+00 +2.3462e+00 +1.2336e+00
60 +2.332937935e+02 +2.332937935e+02 +2.295837935e+02 +2.295837935e+02 -4.9442e+00 -2.5976e+00 +5.6790e-01 -1.6732e+00 -4.7139e-01 +3.7358e+00 +1.4266e-01 -3.1890e+00 +2.4327e+00 +1.2654e+00
85 +2.261729551e+02 +2.261729551e+02 +2.224629551e+02 +2.224629551e+02 -5.0885e+00 -2.7860e+00 +4.2611e-01 -1.6536e+00 -5.6938e-01 +3.5924e+00 +1.6119e-01 -3.1278e+00 +2.3283e+00 +1.0883e+00
90 +2.171808781e+02 +2.171808781e+02 +2.134708781e+02 +2.134708781e+02 -5.0003e+00 -2.4108e+00 +4.2059e-01 -1.5340e+00 -4.2715e-01 +3.8023e+00 +2.1118e-01 -2.8920e+00 +2.3132e+00 +1.2185e+00
149 +2.044233887e+02 +2.044233887e+02 +2.007133887e+02 +2.007133887e+02 -5.1220e+00 -2.3569e+00 +3.0873e-01 -1.6533e+00 -5.1259e-01 +3.7729e+00 +1.3208e-01 -2.8156e+00 +2.4088e+00 +9.3235e-01
198 +2.040644420e+02 +2.040644420e+02 +2.003544420e+02 +2.003544420e+02 -5.0220e+00 -2.3367e+00 +3.6767e-01 -1.6281e+00 -3.1067e-01 +3.6730e+00 +9.5286e-02 -2.8666e+00 +2.2514e+00 +9.1760e-01
312 +1.849888742e+02 +1.849888742e+02 +1.812788742e+02 +1.812788742e+02 -5.0014e+00 -2.3514e+00 +3.7798e-01 -1.7672e+00 +1.5259e-01 +3.0415e+00 +1.4222e-01 -2.4147e+00 +1.8438e+00 +6.4866e-01
557 +1.799018139e+02 +1.799018139e+02 +1.761918139e+02 +1.761918139e+02 -4.1336e+00 -2.6272e+00 +6.8386e-01 -4.2519e-01 +3.1403e+00 +3.4864e+00 +9.2471e-02 -2.8217e+00 +2.2728e+00 +1.0031e+00
558 +1.684792964e+02 +1.684792964e+02 +1.647692964e+02 +1.647692964e+02 -4.2891e+00 -1.5916e+00 +3.5418e-01 -4.4575e-01 +2.5645e+00 +2.9694e+00 +4.6391e-03 -2.7898e+00 +1.8966e+00 +6.6908e-01
594 +1.443129911e+02 +1.443129911e+02 +1.406029911e+02 +1.406029911e+02 -4.1690e+00 -2.4812e+00 +3.2809e-01 -1.4986e-01 +1.9939e+00 +3.1250e+00 -2.6207e-01 -2.6364e+00 +1.6157e+00 +9.1975e-01
714 +1.330836511e+02 +1.330836511e+02 +1.293736511e+02 +1.293736511e+02 -4.2363e+00 -3.7944e+00 +2.1088e-01 +2.2193e+00 +3.2792e+00 +2.7304e+00 -7.6625e-01 -2.8647e+00 +2.3603e+00 +1.2535e+00
731 +1.239262570e+02 +1.239262570e+02 +1.202162570e+02 +1.202162570e+02 -3.4431e+00 -4.1068e+00 +9.4868e-01 +2.1118e+00 +1.4992e+00 +3.1383e+00 -1.1256e+00 -2.4958e+00 +1.6892e+00 +7.3443e-01
895 +1.148989138e+02 +1.148989138e+02 +1.111889138e+02 +1.111889138e+02 -3.2711e+00 -4.9050e+00 +1.1097e+00 +2.9624e+00 +2.5799e+00 +2.3322e+00 -7.2778e-01 -1.9599e+00 +1.6145e+00 -1.8027e-02
948 +1.146903688e+02 +1.146903688e+02 +1.109803688e+02 +1.109803688e+02 -3.3068e+00 -3.8190e+00 +1.1938e+00 +4.5283e+00 +2.5452e+00 +2.8711e+00 -1.6565e+00 -1.8799e+00 +1.9441e+00 +3.7969e-01
966 +1.002950172e+02 +1.002950172e+02 +9.658501718e+01 +9.658501718e+01 -3.3921e+00 -3.1428e+00 +4.2636e-01 +2.7027e+00 +2.3876e+00 +3.2380e+00 -1.5404e+00 -1.9202e+00 +1.5509e+00 +1.2191e+00
1322 +9.990292469e+01 +9.990292469e+01 +9.619292469e+01 +9.619292469e+01 -1.7755e+00 -3.7872e+00 +9.3054e-01 +2.9708e+00 +2.5692e+00 +2.9795e+00 -2.2546e-01 -1.9285e+00 +1.6934e+00 +9.2944e-01
1340 +9.279727856e+01 +9.279727856e+01 +8.908727856e+01 +8.908727856e+01 -1.9726e+00 -3.5618e+00 +9.5219e-01 +3.2686e+00 +3.2637e+00 +3.0416e+00 +6.2947e-02 -1.8630e+00 +1.4946e+00 +7.0544e-01
1401 +9.088383212e+01 +9.088383212e+01 +8.717383212e+01 +8.717383212e+01 -2.0295e+00 -3.2651e+00 +1.1768e+00 +3.1788e+00 +2.8632e+00 +3.6089e+00 +1.1531e-01 -2.0224e+00 +1.5201e+00 +8.6360e-01
1438 +7.902464378e+01 +7.902464378e+01 +7.531464378e+01 +7.531464378e+01 -1.3719e+00 -2.1494e+00 +1.7936e+00 +3.7832e+00 +3.2281e+00 +3.6353e+00 -4.2884e-01 -1.9480e+00 +1.5235e+00 +9.7311e-01
1814 +6.872161033e+01 +6.872161033e+01 +6.501161033e+01 +6.501161033e+01 -2.1999e+00 -2.2484e+00 +9.5259e-01 +3.7935e+00 +2.4808e+00 +3.1805e+00 -4.9304e-01 -1.9337e+00 +1.6133e+00 +3.7263e-01
1818 +6.548257221e+01 +6.548257221e+01 +6.177257221e+01 +6.177257221e+01 -1.8909e+00 -2.2310e+00 +8.9696e-01 +3.7614e+00 +2.3395e+00 +3.1513e+00 -3.0791e-01 -1.9676e+00 +1.6287e+00 +6.4420e-01
1829 +6.058089157e+01 +6.058089157e+01 +5.687089157e+01 +5.687089157e+01 -1.8037e+00 -2.2394e+00 +8.4341e-01 +4.0833e+00 +2.4802e+00 +3.2181e+00 -2.7826e-01 -1.9667e+00 +1.5354e+00 +7.0560e-01
1904 +4.302392135e+01 +4.302392135e+01 +3.931392135e+01 +3.931392135e+01 -1.8918e+00 -2.2946e+00 +1.0619e+00 +3.8743e+00 +2.5376e+00 +3.1166e+00 -3.5208e-01 -1.9771e+00 +1.5894e+00 +3.5030e-01
2068 +4.070454533e+01 +4.070454533e+01 +3.699454533e+01 +3.699454533e+01 -1.8884e+00 -2.3362e+00 +1.0124e+00 +3.9790e+00 +2.4960e+00 +3.1727e+00 -2.8085e-01 -1.9781e+00 +1.5375e+00 +3.7908e-01
2200 +3.878054074e+01 +3.878054074e+01 +3.507054074e+01 +3.507054074e+01 -2.0405e+00 -2.3724e+00 +1.0206e+00 +3.8810e+00 +2.5412e+00 +3.1467e+00 -2.8740e-01 -1.9723e+00 +1.5708e+00 +3.5846e-01
2288 +3.746623201e+01 +3.746623201e+01 +3.375623201e+01 +3.375623201e+01 -1.9908e+00 -2.3663e+00 +1.0017e+00 +3.9060e+00 +2.5347e+00 +3.1378e+00 -2.6926e-01 -1.9660e+00 +1.5526e+00 +3.6249e-01
2354 +3.603118912e+01 +3.603118912e+01 +3.232118912e+01 +3.232118912e+01 -1.9859e+00 -2.3425e+00 +9.6453e-01 +3.9089e+00 +2.5604e+00 +3.1398e+00 -2.7828e-01 -2.0009e+00 +1.5733e+00 +3.6120e-01
2481 +3.513008237e+01 +3.513008237e+01 +3.142008237e+01 +3.142008237e+01 -1.9702e+00 -2.3232e+00 +9.7998e-01 +3.8874e+00 +2.4976e+00 +3.1225e+00 -3.0338e-01 -2.0137e+00 +1.5542e+00 +3.6072e-01
2508 +3.446495967e+01 +3.446495967e+01 +3.075495967e+01 +3.075495967e+01 -1.9738e+00 -2.3154e+00 +9.4290e-01 +3.9084e+00 +2.5316e+00 +3.1266e+00 -2.8893e-01 -2.0004e+00 +1.5531e+00 +3.5652e-01
2772 +3.386568536e+01 +3.386568536e+01 +3.015568536e+01 +3.015568536e+01 -1.9771e+00 -2.2976e+00 +9.5579e-01 +3.9078e+00 +2.5031e+00 +3.1254e+00 -2.9271e-01 -1.9890e+00 +1.5560e+00 +3.6292e-01
6338 +3.307540511e+01 +3.307540511e+01 +2.936540511e+01 +2.936540511e+01 +3.0560e+00 -1.3970e+00 +1.0084e+00 +2.6626e+00 +2.6655e+00 +3.6880e+00 -3.0113e-01 -1.6065e+00 +1.6555e+00 +6.7607e-01
6580 +3.136976680e+01 +3.136976680e+01 +2.765976680e+01 +2.765976680e+01 +3.0867e+00 -1.3884e+00 +1.0262e+00 +2.6249e+00 +2.5313e+00 +3.5964e+00 -3.4628e-01 -1.5990e+00 +1.6217e+00 +7.1766e-01
6602 +2.209431070e+01 +2.209431070e+01 +1.838431070e+01 +1.838431070e+01 +3.1098e+00 -1.3682e+00 +1.0489e+00 +2.6575e+00 +2.5095e+00 +3.6202e+00 -3.4499e-01 -1.5765e+00 +1.5871e+00 +6.4444e-01
6712 +2.123423175e+01 +2.123423175e+01 +1.752423175e+01 +1.752423175e+01 +3.0646e+00 -1.3542e+00 +1.0240e+00 +2.6415e+00 +2.5681e+00 +3.6943e+00 -3.0764e-01 -1.6197e+00 +1.5836e+00 +6.9391e-01
6728 +1.904917061e+01 +1.904917061e+01 +1.533917061e+01 +1.533917061e+01 +3.1106e+00 -1.4187e+00 +9.5412e-01 +2.6810e+00 +2.6077e+00 +3.6781e+00 -2.6463e-01 -1.5384e+00 +1.5665e+00 +6.6807e-01
6778 +1.828455830e+01 +1.828455830e+01 +1.457455830e+01 +1.457455830e+01 +3.0855e+00 -1.3872e+00 +9.4935e-01 +2.6249e+00 +2.5673e+00 +3.6460e+00 -3.2682e-01 -1.6098e+00 +1.5491e+00 +6.8308e-01
6800 +1.724252070e+01 +1.724252070e+01 +1.353252070e+01 +1.353252070e+01 +3.1055e+00 -1.3913e+00 +9.2511e-01 +2.6141e+00 +2.5434e+00 +3.6456e+00 -3.3305e-01 -1.5848e+00 +1.5600e+00 +6.6855e-01
6866 +1.627909064e+01 +1.627909064e+01 +1.256909064e+01 +1.256909064e+01 +3.0987e+00 -1.3851e+00 +9.4772e-01 +2.6391e+00 +2.5747e+00 +3.6774e+00 -3.2059e-01 -1.5964e+00 +1.5529e+00 +6.7757e-01
6888 +1.486694250e+01 +1.486694250e+01 +1.115694250e+01 +1.115694250e+01 +3.0891e+00 -1.3671e+00 +9.5613e-01 +2.6475e+00 +2.5558e+00 +3.6720e+00 -3.2040e-01 -1.5744e+00 +1.5426e+00 +6.7379e-01
6932 +1.417202345e+01 +1.417202345e+01 +1.046202345e+01 +1.046202345e+01 +3.0905e+00 -1.3727e+00 +9.4418e-01 +2.6570e+00 +2.5361e+00 +3.6837e+00 -3.2007e-01 -1.5749e+00 +1.5635e+00 +6.6894e-01
6954 +1.382593147e+01 +1.382593147e+01 +1.011593147e+01 +1.011593147e+01 +3.0933e+00 -1.3826e+00 +9.6505e-01 +2.6534e+00 +2.5231e+00 +3.6681e+00 -3.0979e-01 -1.5729e+00 +1.5687e+00 +6.7369e-01
6966 +1.376388237e+01 +1.376388237e+01 +1.005388237e+01 +1.005388237e+01 +3.1103e+00 -1.3748e+00 +9.4616e-01 +2.6629e+00 +2.5136e+00 +3.6588e+00 -3.0325e-01 -1.5801e+00 +1.5516e+00 +6.7689e-01
7064 +1.348570551e+01 +1.348570551e+01 +9.775705511e+00 +9.775705511e+00 +3.0868e+00 -1.3686e+00 +9.5534e-01 +2.6485e+00 +2.5125e+00 +3.6723e+00 -3.1110e-01 -1.5686e+00 +1.5640e+00 +6.7355e-01
7218 +1.317098187e+01 +1.317098187e+01 +9.460981870e+00 +9.460981870e+00 +3.1030e+00 -1.3720e+00 +9.5694e-01 +2.6519e+00 +2.5236e+00 +3.6775e+00 -2.9939e-01 -1.5584e+00 +1.5590e+00 +6.7005e-01
% function evaluation | noise-free fitness - Fopt (1.321800000000e+02) | best noise-free fitness - Fopt | measured fitness | best measured fitness | x1 | x2...
1 +1.874009908e+02 +1.874009908e+02 +3.195809908e+02 +3.195809908e+02 +0.0000e+00 +0.0000e+00 +0.0000e+00 +0.0000e+00 +0.0000e+00 +0.0000e+00 +0.0000e+00 +0.0000e+00 +0.0000e+00 +0.0000e+00
542 +1.849825466e+02 +1.849825466e+02 +3.171625466e+02 +3.171625466e+02 -2.6650e+00 -3.2784e-01 +6.1648e-01 +1.0289e+00 +1.3907e+00 +2.5178e-02 +9.6591e-01 -5.1068e-01 -3.6907e-01 -1.8971e-01
770 +1.724451584e+02 +1.724451584e+02 +3.046251584e+02 +3.046251584e+02 +1.7966e+00 +8.3641e-01 +1.2391e+00 -1.5423e+00 +6.2794e-01 +2.1605e+00 +1.7834e-01 +2.0416e-01 +2.1042e-01 +1.4802e-01
782 +1.556140200e+02 +1.556140200e+02 +2.877940200e+02 +2.877940200e+02 +6.7102e-01 +2.0424e+00 +8.9347e-01 -2.4031e+00 +1.3650e+00 +2.0146e+00 +4.4246e-01 -6.6455e-01 +8.6122e-01 -5.5698e-01
794 +1.498535292e+02 +1.498535292e+02 +2.820335292e+02 +2.820335292e+02 +1.8329e+00 +1.7016e+00 +2.0111e+00 -1.2934e+00 +1.6944e+00 +1.2347e+00 +2.1378e+00 +1.3684e+00 +1.0672e+00 +1.0834e+00
804 +1.334878523e+02 +1.334878523e+02 +2.656678523e+02 +2.656678523e+02 +1.8368e+00 -8.0489e-01 +8.9337e-01 -1.9002e+00 +1.9446e+00 +2.6427e+00 +2.2736e+00 +1.0265e+00 +5.4766e-01 +2.7055e-01
904 +1.203052812e+02 +1.203052812e+02 +2.524852812e+02 +2.524852812e+02 +2.1987e+00 +3.8711e+00 +2.2628e+00 -8.5249e-01 +1.5900e+00 -4.6593e-02 +5.0209e-01 +9.2082e-01 +8.3644e-01 +1.2797e-01
932 +1.072756479e+02 +1.072756479e+02 +2.394556479e+02 +2.394556479e+02 +8.1721e-01 +2.3857e+00 +1.0306e+00 -1.1907e+00 +1.4016e-01 -5.7886e-01 +1.9465e+00 +5.0223e-01 -7.1343e-01 +5.8851e-01
992 +1.054869315e+02 +1.054869315e+02 +2.376669315e+02 +2.376669315e+02 +1.7130e+00 +1.9651e+00 +2.5622e+00 -9.4994e-01 +8.2133e-01 -1.1133e+00 +6.3121e-01 -2.7685e-01 +5.1324e-01 +1.0933e+00
1046 +9.225248675e+01 +9.225248675e+01 +2.244324867e+02 +2.244324867e+02 +6.2968e-01 +2.7942e+00 +2.7326e+00 -1.5402e+00 +1.3811e+00 -5.1489e-02 +1.8490e+00 -5.1590e-01 +6.2168e-01 +4.4250e-01
1056 +8.223747793e+01 +8.223747793e+01 +2.144174779e+02 +2.144174779e+02 +1.7512e+00 +3.1857e+00 +2.9004e+00 -1.3257e+00 +9.1638e-01 -4.1350e-01 +9.6546e-01 -3.4277e-01 +5.0481e-01 +7.3936e-01
1274 +7.251225055e+01 +7.251225055e+01 +2.046922506e+02 +2.046922506e+02 +1.6632e+00 +3.0833e+00 +2.5513e+00 -7.8936e-01 +1.9783e+00 -9.9402e-01 +1.5587e+00 -2.2666e-01 +1.3695e-01 +3.9740e-01
1445 +7.004452518e+01 +7.004452518e+01 +2.022245252e+02 +2.022245252e+02 +1.7285e+00 +3.2847e+00 +2.5177e+00 -7.8144e-01 +1.6401e+00 -1.0217e+00 +1.3390e+00 +4.5900e-01 +8.8444e-01 +2.2887e-01
1582 +6.231479357e+01 +6.231479357e+01 +1.944947936e+02 +1.944947936e+02 +1.8679e+00 +3.2146e+00 +2.6093e+00 -5.2597e-01 +1.7747e+00 -1.1379e+00 +1.4510e+00 +5.3720e-01 +5.7522e-01 +1.3809e-02
1611 +5.903310150e+01 +5.903310150e+01 +1.912131015e+02 +1.912131015e+02 +1.6509e+00 +3.1975e+00 +2.5301e+00 -7.9807e-01 +1.7378e+00 -1.1636e+00 +1.6818e+00 +5.2206e-01 +6.1915e-01 +6.5242e-02
1620 +3.897577935e+01 +3.897577935e+01 +1.711557794e+02 +1.711557794e+02 +1.8529e+00 +3.3054e+00 +2.5397e+00 -5.1604e-01 +1.8315e+00 -1.0794e+00 +1.8129e+00 +1.2242e-01 +6.1218e-01 +2.1160e-02
1826 +3.341737056e+01 +3.341737056e+01 +1.655973706e+02 +1.655973706e+02 +1.7839e+00 +3.2642e+00 +2.5863e+00 -4.4910e-01 +1.8739e+00 -1.0005e+00 +1.8726e+00 +1.4374e-01 +9.0299e-01 +1.3170e-01
1870 +2.957282340e+01 +2.957282340e+01 +1.617528234e+02 +1.617528234e+02 +1.8369e+00 +3.3635e+00 +2.6205e+00 -5.3493e-01 +1.8395e+00 -1.0029e+00 +1.8486e+00 +1.5812e-01 +9.3266e-01 +1.1361e-01
1892 +2.385814661e+01 +2.385814661e+01 +1.560381466e+02 +1.560381466e+02 +1.7327e+00 +3.2794e+00 +2.6129e+00 -6.2887e-01 +1.8482e+00 -1.0320e+00 +1.8208e+00 +1.4082e-01 +9.0775e-01 +1.2391e-01
1914 +2.206788015e+01 +2.206788015e+01 +1.542478802e+02 +1.542478802e+02 +1.7107e+00 +3.2711e+00 +2.6534e+00 -5.9233e-01 +1.8207e+00 -1.0815e+00 +1.7794e+00 +9.9423e-02 +9.2162e-01 +1.1272e-01
2068 +2.070782662e+01 +2.070782662e+01 +1.528878266e+02 +1.528878266e+02 +1.9075e+00 +3.3286e+00 +2.5964e+00 -4.8485e-01 +1.8406e+00 -1.0636e+00 +1.8040e+00 +9.2531e-02 +9.1225e-01 +1.0106e-01
2112 +1.972378162e+01 +1.972378162e+01 +1.519037816e+02 +1.519037816e+02 +1.8658e+00 +3.3105e+00 +2.6254e+00 -4.7565e-01 +1.8727e+00 -1.0705e+00 +1.8153e+00 +9.4985e-02 +9.2388e-01 +9.2569e-02
2200 +1.940881025e+01 +1.940881025e+01 +1.515888102e+02 +1.515888102e+02 +1.8902e+00 +3.3252e+00 +2.6334e+00 -5.1994e-01 +1.8374e+00 -1.0493e+00 +1.8167e+00 +9.0568e-02 +9.0689e-01 +9.6798e-02
2222 +1.890288183e+01 +1.890288183e+01 +1.510828818e+02 +1.510828818e+02 +1.8664e+00 +3.3143e+00 +2.6238e+00 -5.1392e-01 +1.8408e+00 -1.0450e+00 +1.8057e+00 +9.0301e-02 +9.2265e-01 +1.0309e-01
2292 +1.861449685e+01 +1.861449685e+01 +1.507944969e+02 +1.507944969e+02 +1.8032e+00 +3.3373e+00 +2.6249e+00 -5.2592e-01 +1.8247e+00 -1.0419e+00 +1.8084e+00 +8.6243e-02 +9.1693e-01 +9.7471e-02
2310 +1.804806313e+01 +1.804806313e+01 +1.502280631e+02 +1.502280631e+02 +1.8233e+00 +3.3215e+00 +2.6417e+00 -5.3680e-01 +1.8391e+00 -1.0596e+00 +1.8164e+00 +9.3294e-02 +9.1810e-01 +9.9258e-02
2376 +1.763943913e+01 +1.763943913e+01 +1.498194391e+02 +1.498194391e+02 +1.8309e+00 +3.3177e+00 +2.6273e+00 -5.8886e-01 +1.8422e+00 -1.0575e+00 +1.8114e+00 +9.9317e-02 +9.1810e-01 +1.0028e-01
2478 +1.736538773e+01 +1.736538773e+01 +1.495453877e+02 +1.495453877e+02 +1.8320e+00 +3.3319e+00 +2.6410e+00 -6.0670e-01 +1.8497e+00 -1.0543e+00 +1.8066e+00 +9.0216e-02 +9.2504e-01 +1.0291e-01
2587 +1.697752268e+01 +1.697752268e+01 +1.491575227e+02 +1.491575227e+02 +1.7913e+00 +3.3339e+00 +2.6349e+00 -6.4117e-01 +1.8437e+00 -1.0602e+00 +1.8028e+00 +1.0156e-01 +9.2580e-01 +1.0325e-01
2628 +1.657983941e+01 +1.657983941e+01 +1.487598394e+02 +1.487598394e+02 +1.8064e+00 +3.3334e+00 +2.6364e+00 -6.9475e-01 +1.8507e+00 -1.0619e+00 +1.8079e+00 +8.4497e-02 +9.2527e-01 +1.0697e-01
2684 +1.617387460e+01 +1.617387460e+01 +1.483538746e+02 +1.483538746e+02 +1.7909e+00 +3.3301e+00 +2.6436e+00 -7.1961e-01 +1.8329e+00 -1.0492e+00 +1.8159e+00 +1.0442e-01 +9.2303e-01 +9.9936e-02
% function evaluation | noise-free fitness - Fopt (6.438000000000e+01) | best noise-free fitness - Fopt | measured fitness | best measured fitness | x1 | x2...
1 +4.161336169e+02 +4.161336169e+02 +4.805136169e+02 +4.805136169e+02 +0.0000e+00 +0.0000e+00 +0.0000e+00 +0.0000e+00 +0.0000e+00 +0.0000e+00 +0.0000e+00 +0.0000e+00 +0.0000e+00 +0.0000e+00
292 +4.070649968e+02 +4.070649968e+02 +4.714449968e+02 +4.714449968e+02 -2.0417e+00 +5.0045e+00 +7.3226e-01 -2.4947e+00 -1.6349e+00 -1.7172e+00 -3.0432e-02 +5.4614e-01 -1.5316e-01 -3.9159e+00
297 +3.898469883e+02 +3.898469883e+02 +4.542269883e+02 +4.542269883e+02 -2.0750e+00 +4.1575e+00 -2.3993e-01 -1.6835e+00 -5.8998e-01 -2.5551e+00 -9.7683e-02 +2.8462e+00 -1.1596e+00 -2.8933e+00
303 +3.636073676e+02 +3.636073676e+02 +4.279873676e+02 +4.279873676e+02 -3.1893e+00 +4.2158e+00 -1.9473e-01 -3.4943e+00 -1.9080e+00 -1.2309e+00 -9.2198e-01 +3.9074e-01 +4.7540e-01 -4.5518e+00
334 +3.148333786e+02 +3.148333786e+02 +3.792133786e+02 +3.792133786e+02 -1.0445e+00 +4.0214e+00 -1.1493e-01 -1.2912e+00 -8.2162e-01 -1.6142e+00 +1.0425e+00 +4.2180e-01 +5.4472e-01 -4.2350e+00
343 +3.005811154e+02 +3.005811154e+02 +3.649611154e+02 +3.649611154e+02 -4.0169e+00 +4.2341e+00 +1.1832e+00 -2.0285e+00 +1.6766e-02 -1.7699e+00 -1.8231e+00 +1.0391e+00 +1.1379e+00 -2.0251e+00
358 +2.946317291e+02 +2.946317291e+02 +3.590117291e+02 +3.590117291e+02 -8.6888e-01 +5.9148e+00 +9.9060e-01 -3.7998e+00 +9.8304e-01 -2.3447e+00 -1.2493e+00 +1.8802e+00 +2.2394e+00 -3.5347e+00
374 +2.463985814e+02 +2.463985814e+02 +3.107785814e+02 +3.107785814e+02 -2.1708e+00 +4.9686e+00 -1.3607e-01 -1.3796e+00 -2.2975e-01 -3.3776e+00 -7.0596e-01 +2.5750e+00 +2.3821e+00 -3.5228e+00
396 +2.367151405e+02 +2.367151405e+02 +3.010951405e+02 +3.010951405e+02 -2.1555e+00 +4.0507e+00 +1.0152e-01 -1.5710e+00 +8.1771e-01 -2.8950e+00 -6.1216e-02 +3.1755e+00 +2.3307e+00 -3.8373e+00
417 +2.076082851e+02 +2.076082851e+02 +2.719882851e+02 +2.719882851e+02 -2.3923e+00 +3.1170e+00 -2.3470e-01 -2.8703e+00 +1.9231e-01 -3.4190e+00 +4.9778e-01 +1.8606e+00 +1.7419e+00 -3.0581e+00
421 +1.940308690e+02 +1.940308690e+02 +2.584108690e+02 +2.584108690e+02 -3.0131e+00 +5.1752e+00 +2.7073e-01 -2.8540e+00 +1.6929e+00 -3.6954e+00 -6.6416e-01 +2.5881e+00 +3.0841e+00 -3.0659e+00
430 +1.724236335e+02 +1.724236335e+02 +2.368036335e+02 +2.368036335e+02 -2.2835e+00 +4.0867e+00 +2.0618e+00 -2.1820e+00 +1.2312e+00 -1.6366e+00 -8.6359e-01 +5.2791e+00 +3.4105e+00 -2.1917e+00
506 +1.531004516e+02 +1.531004516e+02 +2.174804516e+02 +2.174804516e+02 -2.6526e+00 +2.2571e+00 +1.3789e-01 -1.9258e+00 +2.4252e+00 -1.5362e+00 -8.1880e-01 +3.3315e+00 +2.9419e+00 -2.7043e+00
514 +1.454980728e+02 +1.454980728e+02 +2.098780728e+02 +2.098780728e+02 -2.4270e+00 +4.1503e+00 +2.2872e+00 -2.0773e+00 +2.2135e+00 -1.6820e+00 -1.8305e+00 +3.7855e+00 +2.7849e+00 -3.3100e+00
569 +1.164465075e+02 +1.164465075e+02 +1.808265075e+02 +1.808265075e+02 -5.9799e-01 +3.3571e+00 +9.0944e-01 -3.4237e+00 +3.1227e+00 +4.2846e-01 -4.1413e-01 +2.4366e+00 +3.7053e+00 -2.9704e+00
652 +9.842919472e+01 +9.842919472e+01 +1.628091947e+02 +1.628091947e+02 +2.8379e-01 +2.3741e+00 +1.4523e+00 -1.9750e+00 +2.9214e+00 -1.7467e+00 -2.1614e-01 +3.3552e+00 +2.9309e+00 -1.9640e+00
693 +9.623396857e+01 +9.623396857e+01 +1.606139686e+02 +1.606139686e+02 +1.0755e+00 +2.3305e+00 +9.9264e-01 -2.2793e+00 +2.9194e+00 -1.0750e+00 +5.6490e-01 +2.4057e+00 +2.0095e+00 -1.4464e+00
717 +9.508312455e+01 +9.508312455e+01 +1.594631246e+02 +1.594631246e+02 +6.5843e-02 +2.1676e+00 +1.2468e+00 -3.0519e+00 +2.8496e+00 -2.0918e+00 +9.5431e-01 +3.3811e+00 +3.7693e+00 -1.6188e+00
798 +8.021626999e+01 +8.021626999e+01 +1.445962700e+02 +1.445962700e+02 +1.4171e+00 +1.7809e+00 +1.4062e+00 -3.7260e+00 +2.1148e+00 -1.1431e+00 +4.9597e-01 +2.7948e+00 +3.8183e+00 -2.4697e+00
1085 +7.514597090e+01 +7.514597090e+01 +1.395259709e+02 +1.395259709e+02 +2.8337e+00 +1.3753e+00 +1.4775e+00 -1.9903e+00 +2.0896e+00 -1.0680e+00 +6.7837e-01 +3.5059e+00 +3.4395e+00 -2.0261e+00
1186 +7.315048992e+01 +7.315048992e+01 +1.375304899e+02 +1.375304899e+02 +1.5680e+00 +2.2084e+00 +2.3237e+00 -2.0996e+00 +2.5406e+00 -1.2767e-01 -1.3985e-01 +2.9779e+00 +3.7645e+00 -2.3918e+00
1398 +7.089768376e+01 +7.089768376e+01 +1.352776838e+02 +1.352776838e+02 +1.9338e+00 +1.5344e+00 +2.0369e+00 -2.8395e+00 +2.9747e+00 -4.1926e-02 +8.9611e-01 +3.7715e+00 +3.1494e+00 -2.3673e+00
1480 +5.766854925e+01 +5.766854925e+01 +1.220485492e+02 +1.220485492e+02 +2.8919e+00 +1.5222e+00 +9.5225e-01 -2.4263e+00 +2.5374e+00 -2.3801e-01 +5.2831e-01 +3.3950e+00 +3.4825e+00 -2.7309e+00
1501 +3.196703997e+01 +3.196703997e+01 +9.634703997e+01 +9.634703997e+01 +2.9193e+00 +1.6230e+00 +1.4869e+00 -2.9626e+00 +2.8903e+00 -5.4296e-01 +5.5216e-01 +3.7686e+00 +3.7628e+00 -3.1060e+00
1958 +3.128932182e+01 +3.128932182e+01 +9.566932182e+01 +9.566932182e+01 +2.9169e+00 +1.6944e+00 +1.5689e+00 -3.0132e+00 +3.0923e+00 -6.1225e-01 +6.3809e-01 +3.3157e+00 +3.3410e+00 -2.3690e+00
2043 +3.043846347e+01 +3.043846347e+01 +9.481846347e+01 +9.481846347e+01 +2.9230e+00 +1.5449e+00 +1.7101e+00 -3.0000e+00 +3.1211e+00 -5.4019e-01 +5.9247e-01 +3.3394e+00 +3.4459e+00 -2.4007e+00
2046 +2.909626967e+01 +2.909626967e+01 +9.347626967e+01 +9.347626967e+01 +2.9560e+00 +1.6194e+00 +1.6027e+00 -3.0081e+00 +3.0124e+00 -5.9844e-01 +7.0741e-01 +3.3736e+00 +3.4520e+00 -2.3974e+00
2060 +2.429272010e+01 +2.429272010e+01 +8.867272010e+01 +8.867272010e+01 +2.9889e+00 +1.6890e+00 +1.5940e+00 -2.8485e+00 +3.0437e+00 -5.1870e-01 +5.4964e-01 +3.3440e+00 +3.3723e+00 -2.3409e+00
2068 +1.925330646e+01 +1.925330646e+01 +8.363330646e+01 +8.363330646e+01 +2.9530e+00 +1.6127e+00 +1.5805e+00 -2.9758e+00 +2.9674e+00 -5.7690e-01 +6.4179e-01 +3.3453e+00 +3.4337e+00 -2.3913e+00
2244 +1.756503982e+01 +1.756503982e+01 +8.194503982e+01 +8.194503982e+01 +3.0038e+00 +1.5695e+00 +1.4874e+00 -2.9814e+00 +2.9140e+00 -5.3685e-01 +5.7265e-01 +3.3587e+00 +3.4344e+00 -2.3517e+00
2288 +1.508120603e+01 +1.508120603e+01 +7.946120603e+01 +7.946120603e+01 +3.0228e+00 +1.5417e+00 +1.4745e+00 -2.9918e+00 +2.9574e+00 -5.6681e-01 +5.9819e-01 +3.3750e+00 +3.4199e+00 -2.3364e+00
2310 +1.418669797e+01 +1.418669797e+01 +7.856669797e+01 +7.856669797e+01 +2.9925e+00 +1.5400e+00 +1.5061e+00 -2.9930e+00 +2.9752e+00 -5.6948e-01 +5.8615e-01 +3.3997e+00 +3.4357e+00 -2.3553e+00
2332 +1.294367197e+01 +1.294367197e+01 +7.732367197e+01 +7.732367197e+01 +2.9941e+00 +1.5632e+00 +1.4983e+00 -2.9985e+00 +2.9725e+00 -6.0031e-01 +5.6844e-01 +3.3799e+00 +3.4213e+00 -2.3541e+00
2334 +1.281448334e+01 +1.281448334e+01 +7.719448334e+01 +7.719448334e+01 +3.0116e+00 +1.5834e+00 +1.5179e+00 -3.0224e+00 +3.0005e+00 -5.4683e-01 +6.1177e-01 +3.3405e+00 +3.4096e+00 -2.3721e+00
2338 +1.251543185e+01 +1.251543185e+01 +7.689543185e+01 +7.689543185e+01 +2.9911e+00 +1.5852e+00 +1.4545e+00 -2.9486e+00 +2.9929e+00 -5.9387e-01 +5.7898e-01 +3.3456e+00 +3.4375e+00 -2.3442e+00
2354 +1.087348502e+01 +1.087348502e+01 +7.525348502e+01 +7.525348502e+01 +3.0069e+00 +1.6102e+00 +1.4872e+00 -2.9838e+00 +2.9911e+00 -5.9701e-01 +5.8262e-01 +3.3541e+00 +3.4372e+00 -2.3759e+00
2398 +1.070018324e+01 +1.070018324e+01 +7.508018324e+01 +7.508018324e+01 +2.9836e+00 +1.6103e+00 +1.5221e+00 -2.9484e+00 +3.0112e+00 -5.8050e-01 +5.8799e-01 +3.3607e+00 +3.4397e+00 -2.3689e+00
2530 +1.001529560e+01 +1.001529560e+01 +7.439529560e+01 +7.439529560e+01 +3.0005e+00 +1.6340e+00 +1.5013e+00 -2.9477e+00 +3.0184e+00 -5.8249e-01 +5.6462e-01 +3.3559e+00 +3.4281e+00 -2.3681e+00
2624 +9.652051419e+00 +9.652051419e+00 +7.403205142e+01 +7.403205142e+01 +3.0239e+00 +1.6183e+00 +1.4801e+00 -2.9967e+00 +3.0452e+00 -5.8214e-01 +6.0234e-01 +3.3700e+00 +3.4307e+00 -2.3546e+00
2662 +9.452415526e+00 +9.452415526e+00 +7.383241553e+01 +7.383241553e+01 +3.0234e+00 +1.6522e+00 +1.4922e+00 -2.9856e+00 +3.0217e+00 -5.7904e-01 +5.8074e-01 +3.3712e+00 +3.4323e+00 -2.3581e+00
2684 +9.204022118e+00 +9.204022118e+00 +7.358402212e+01 +7.358402212e+01 +3.0266e+00 +1.6343e+00 +1.4832e+00 -2.9901e+00 +3.0317e+00 -5.7342e-01 +5.8228e-01 +3.3632e+00 +3.4268e+00 -2.3610e+00
2948 +9.119859268e+00 +9.119859268e+00 +7.349985927e+01 +7.349985927e+01 +3.0274e+00 +1.6316e+00 +1.4983e+00 -3.0033e+00 +3.0309e+00 -5.8632e-01 +5.7479e-01 +3.3556e+00 +3.4302e+00 -2.3604e+00
% function evaluation | noise-free fitness - Fopt (2.824800000000e+02) | best noise-free fitness - Fopt | measured fitness | best measured fitness | x1 | x2...
1 +4.274845191e+02 +4.274845191e+02 +7.099645191e+02 +7.099645191e+02 +0.0000e+00 +0.0000e+00 +0.0000e+00 +0.0000e+00 +0.0000e+00 +0.0000e+00 +0.0000e+00 +0.0000e+00 +0.0000e+00 +0.0000e+00
185 +3.928611368e+02 +3.928611368e+02 +6.753411368e+02 +6.753411368e+02 +1.5371e+00 +2.1898e-01 -5.0810e-01 +2.7405e-01 +3.7301e-01 +2.0563e+00 -2.5919e+00 -6.4816e-01 +1.2764e+00 -7.6066e-01
208 +3.624832541e+02 +3.624832541e+02 +6.449632541e+02 +6.449632541e+02 +1.6100e+00 +1.7745e-01 -6.5525e-01 +2.6684e-01 +6.1555e-01 +2.4959e+00 -2.6987e+00 -6.5144e-01 +1.1487e+00 -6.0763e-01
245 +3.225719344e+02 +3.225719344e+02 +6.050519344e+02 +6.050519344e+02 +1.4713e+00 +2.2516e-01 -3.1105e-01 +6.9558e-01 +6.4648e-01 +2.9927e+00 -2.4040e+00 +1.8917e-01 +1.7905e+00 -5.9959e-01
308 +2.821187183e+02 +2.821187183e+02 +5.645987183e+02 +5.645987183e+02 +1.3198e+00 +4.6797e-01 -3.5778e-01 +3.2882e-01 +5.9981e-01 +2.8421e+00 -2.1457e+00 +1.8565e+00 +1.6162e+00 -4.6384e-02
310 +2.419070658e+02 +2.419070658e+02 +5.243870658e+02 +5.243870658e+02 +1.6641e+00 -4.9317e-02 -4.0539e-01 +8.1588e-01 +2.3888e-01 +3.9862e+00 -1.5780e+00 +2.2468e+00 +2.6728e+00 +2.9032e-02
339 +2.219576090e+02 +2.219576090e+02 +5.044376090e+02 +5.044376090e+02 +1.5414e+00 -9.3063e-01 -6.9072e-01 +8.5420e-02 +2.0772e+00 +3.0150e+00 -5.7443e-01 +4.5346e+00 +1.7322e+00 -9.3557e-01
370 +2.109509866e+02 +2.109509866e+02 +4.934309866e+02 +4.934309866e+02 +2.1151e+00 +2.9179e-01 +3.3379e-01 -3.0709e-01 -3.2425e-01 +2.2931e+00 +6.9199e-01 +2.9578e+00 +3.2072e+00 +5.2542e-01
374 +1.904530571e+02 +1.904530571e+02 +4.729330571e+02 +4.729330571e+02 +1.4944e+00 +4.6424e-01 -4.4828e-01 -2.1797e-01 +4.1317e-01 +3.2102e+00 +3.0007e-02 +2.1224e+00 +2.3700e+00 +5.9340e-01
440 +1.836329128e+02 +1.836329128e+02 +4.661129128e+02 +4.661129128e+02 -2.9067e-01 -1.3282e-02 +2.0860e-01 +7.4648e-01 +7.4477e-01 +1.9132e+00 +6.3173e-01 +2.5280e+00 +2.1265e+00 -6.4785e-01
467 +1.362493100e+02 +1.362493100e+02 +4.187293100e+02 +4.187293100e+02 +1.5722e-01 -6.5882e-01 +4.1033e-01 +1.4652e+00 +2.5303e-01 +1.6306e+00 +1.9150e+00 +3.8604e+00 +3.5089e+00 -3.4227e-01
528 +1.330602544e+02 +1.330602544e+02 +4.155402544e+02 +4.155402544e+02 +4.4576e-01 +1.5597e-01 +1.1338e-01 +7.6568e-01 +2.7998e-01 +2.8175e+00 +2.5165e+00 +2.9219e+00 +2.2991e+00 +9.2776e-01
600 +1.292287447e+02 +1.292287447e+02 +4.117087447e+02 +4.117087447e+02 +2.7972e-01 -6.7895e-01 +1.0162e-01 +1.6337e+00 +1.3852e+00 +2.5215e+00 +2.6740e+00 +2.4989e+00 +2.4900e+00 +1.5549e+00
653 +1.240897520e+02 +1.240897520e+02 +4.065697520e+02 +4.065697520e+02 -9.1049e-02 -4.3375e-01 +2.7231e-01 +7.7693e-01 +2.6031e+00 +4.2423e+00 +7.1126e-01 +2.8794e+00 +3.0821e+00 +1.1116e+00
660 +1.225495477e+02 +1.225495477e+02 +4.050295477e+02 +4.050295477e+02 -1.2661e-01 -8.7278e-01 +4.9578e-01 +9.4136e-01 +1.5717e+00 +3.9655e+00 +2.1868e+00 +2.6649e+00 +1.9805e+00 +1.1355e+00
682 +1.200519653e+02 +1.200519653e+02 +4.025319653e+02 +4.025319653e+02 -2.7755e-01 -1.3454e+00 +6.9360e-01 +2.3344e-01 +1.5202e+00 +3.5924e+00 +1.9687e+00 +3.4664e+00 +2.2823e+00 +1.2127e+00
738 +1.092088849e+02 +1.092088849e+02 +3.916888849e+02 +3.916888849e+02 -1.1284e-01 -2.4063e+00 +9.0186e-01 +1.1363e+00 +1.5250e+00 +2.6245e+00 +1.2924e+00 +1.7895e+00 +2.5819e+00 +3.7093e-01
803 +9.715226541e+01 +9.715226541e+01 +3.796322654e+02 +3.796322654e+02 -1.6782e-01 -2.5256e+00 -1.5734e-01 +1.3583e+00 +7.7352e-01 +4.0695e+00 +2.5884e+00 +3.9431e+00 +3.3802e+00 +1.2162e+00
836 +8.078160011e+01 +8.078160011e+01 +3.632616001e+02 +3.632616001e+02 -2.5627e-01 -1.7218e+00 +1.0291e+00 +6.3689e-01 +1.7343e+00 +3.6572e+00 +2.0971e+00 +2.9766e+00 +2.6718e+00 +3.0631e-01
978 +7.192428369e+01 +7.192428369e+01 +3.544042837e+02 +3.544042837e+02 -8.6100e-01 -2.6141e+00 +9.8558e-01 +3.5910e-01 +3.1448e+00 +3.0860e+00 +2.1526e+00 +3.7025e+00 +2.7302e+00 +9.2126e-01
1229 +6.539207039e+01 +6.539207039e+01 +3.478720704e+02 +3.478720704e+02 -1.6507e+00 -2.3997e+00 +1.3879e+00 +8.5476e-01 +2.5396e+00 +3.0723e+00 +1.8064e+00 +3.4224e+00 +2.7406e+00 +2.9255e-01
1388 +6.354018436e+01 +6.354018436e+01 +3.460201844e+02 +3.460201844e+02 -1.6788e+00 -2.4237e+00 +1.7159e+00 +9.5822e-01 +2.2023e+00 +3.2248e+00 +2.2386e+00 +3.0682e+00 +3.0841e+00 -7.4103e-02
1440 +5.444015257e+01 +5.444015257e+01 +3.369201526e+02 +3.369201526e+02 -1.4317e+00 -2.3761e+00 +1.6802e+00 +7.0551e-01 +2.4434e+00 +3.1889e+00 +2.5593e+00 +3.0515e+00 +3.0337e+00 -3.1882e-02
1839 +5.031423198e+01 +5.031423198e+01 +3.327942320e+02 +3.327942320e+02 -1.6746e+00 -2.4538e+00 +1.7351e+00 +1.0886e+00 +2.5766e+00 +3.2203e+00 +2.7265e+00 +2.9302e+00 +3.0736e+00 +6.0930e-01
1892 +3.974005559e+01 +3.974005559e+01 +3.222200556e+02 +3.222200556e+02 -1.5078e+00 -2.4535e+00 +1.6662e+00 +9.3433e-01 +2.6729e+00 +3.0940e+00 +2.7135e+00 +3.3105e+00 +3.0858e+00 +9.2188e-01
1948 +3.836594740e+01 +3.836594740e+01 +3.208459474e+02 +3.208459474e+02 -1.4651e+00 -2.5037e+00 +1.7528e+00 +7.3221e-01 +2.7106e+00 +3.0711e+00 +2.6990e+00 +3.5132e+00 +3.0368e+00 +5.9935e-01
2000 +3.473148049e+01 +3.473148049e+01 +3.172114805e+02 +3.172114805e+02 -1.5021e+00 -2.6584e+00 +1.7090e+00 +8.5862e-01 +2.6037e+00 +3.1015e+00 +3.0526e+00 +3.0671e+00 +3.1124e+00 +8.9162e-01
2322 +2.921384855e+01 +2.921384855e+01 +3.116938486e+02 +3.116938486e+02 -1.4061e+00 -2.4916e+00 +1.7477e+00 +8.3448e-01 +2.6632e+00 +3.5550e+00 +2.6877e+00 +3.4572e+00 +3.0992e+00 +3.2583e-01
2406 +2.204602631e+01 +2.204602631e+01 +3.045260263e+02 +3.045260263e+02 -1.5720e+00 -2.4350e+00 +1.7508e+00 +7.7232e-01 +2.5380e+00 +3.5729e+00 +2.6857e+00 +3.4483e+00 +3.0972e+00 +3.2607e-01
2464 +2.053710605e+01 +2.053710605e+01 +3.030171060e+02 +3.030171060e+02 -1.5578e+00 -2.4376e+00 +1.7364e+00 +8.0558e-01 +2.5425e+00 +3.6277e+00 +2.6227e+00 +3.4202e+00 +3.1070e+00 +2.9127e-01
2486 +1.975507943e+01 +1.975507943e+01 +3.022350794e+02 +3.022350794e+02 -1.5469e+00 -2.4182e+00 +1.7311e+00 +8.0834e-01 +2.5331e+00 +3.6338e+00 +2.6507e+00 +3.4426e+00 +3.1037e+00 +2.8413e-01
2662 +1.777830239e+01 +1.777830239e+01 +3.002583024e+02 +3.002583024e+02 -1.5453e+00 -2.4456e+00 +1.7136e+00 +8.0418e-01 +2.6258e+00 +3.6199e+00 +2.6597e+00 +3.4475e+00 +3.0809e+00 +3.0137e-01
3055 +1.730795197e+01 +1.730795197e+01 +2.997879520e+02 +2.997879520e+02 -1.5460e+00 -2.4386e+00 +1.7267e+00 +8.0272e-01 +2.5723e+00 +3.6263e+00 +2.6475e+00 +3.4368e+00 +3.0697e+00 +2.9946e-01
3146 +1.685776259e+01 +1.685776259e+01 +2.993377626e+02 +2.993377626e+02 -1.5423e+00 -2.4375e+00 +1.7261e+00 +8.0270e-01 +2.5762e+00 +3.6205e+00 +2.6616e+00 +3.4481e+00 +3.0753e+00 +3.0086e-01
3344 +1.655366691e+01 +1.655366691e+01 +2.990336669e+02 +2.990336669e+02 -1.5410e+00 -2.4342e+00 +1.7358e+00 +8.0685e-01 +2.5746e+00 +3.6271e+00 +2.6653e+00 +3.4448e+00 +3.0807e+00 +3.0120e-01
3520 +1.615149948e+01 +1.615149948e+01 +2.986314995e+02 +2.986314995e+02 -1.5357e+00 -2.4350e+00 +1.7575e+00 +8.0517e-01 +2.5655e+00 +3.6277e+00 +2.6609e+00 +3.4470e+00 +3.0812e+00 +3.0022e-01
% function evaluation | noise-free fitness - Fopt (4.826100000000e+02) | best noise-free fitness - Fopt | measured fitness | best measured fitness | x1 | x2...
1 +3.603528236e+02 +3.603528236e+02 +8.429628236e+02 +8.429628236e+02 +0.0000e+00 +0.0000e+00 +0.0000e+00 +0.0000e+00 +0.0000e+00 +0.0000e+00 +0.0000e+00 +0.0000e+00 +0.0000e+00 +0.0000e+00
149 +2.306182055e+02 +2.306182055e+02 +7.132282055e+02 +7.132282055e+02 +1.0969e+00 +1.1203e+00 +3.1842e-01 +1.3442e-01 -1.3337e+00 +4.5365e+00 +6.8039e-01 -1.8787e+00 -5.6434e-02 +1.9204e+00
159 +2.156008128e+02 +2.156008128e+02 +6.982108128e+02 +6.982108128e+02 +2.0955e-01 +8.4889e-01 +2.7174e-01 +3.4240e-01 -1.3486e+00 +4.3864e+00 +1.4283e+00 -2.1483e+00 +4.2221e-01 +1.6274e+00
176 +1.976309360e+02 +1.976309360e+02 +6.802409360e+02 +6.802409360e+02 +7.5550e-01 +1.5988e+00 +1.9589e-02 +2.4325e-01 -1.5290e+00 +4.1858e+00 +1.2767e+00 -1.4368e+00 +8.6932e-01 +1.8830e+00
184 +1.807980656e+02 +1.807980656e+02 +6.634080656e+02 +6.634080656e+02 -1.0621e+00 +1.8017e+00 +4.1004e-01 -2.6753e-01 -1.7117e+00 +4.4453e+00 +1.0678e+00 -1.1337e+00 +1.0069e+00 +2.3389e+00
213 +1.747680985e+02 +1.747680985e+02 +6.573780985e+02 +6.573780985e+02 -3.1817e-01 +1.9478e+00 +4.8230e-01 -1.6813e-01 -1.8705e+00 +4.5794e+00 +2.4149e+00 -2.3572e+00 +8.3858e-01 +2.2080e+00
214 +1.573785908e+02 +1.573785908e+02 +6.399885908e+02 +6.399885908e+02 -2.7943e-01 +7.6979e-01 +5.3973e-01 +5.8057e-01 -5.0991e-01 +5.0537e+00 +1.8154e+00 -2.6995e+00 +1.3154e+00 +2.0346e+00
242 +1.487887726e+02 +1.487887726e+02 +6.313987726e+02 +6.313987726e+02 -1.4399e+00 +1.0496e+00 +8.6228e-02 -3.5126e-01 -1.1409e+00 +4.3537e+00 +2.3344e+00 -2.8101e+00 +1.0959e+00 +2.1234e+00
256 +1.099365942e+02 +1.099365942e+02 +5.925465942e+02 +5.925465942e+02 -1.1546e+00 +6.3596e-01 -8.3478e-01 -6.0550e-01 -4.2077e-01 +4.8574e+00 +2.2058e+00 -2.5653e+00 +1.6801e+00 +2.6123e+00
329 +9.734483062e+01 +9.734483062e+01 +5.799548306e+02 +5.799548306e+02 -1.0514e+00 +7.7227e-01 +6.6527e-02 -3.1903e+00 -2.2068e-01 +4.0636e+00 +3.1695e+00 -3.4434e+00 +1.6102e+00 +2.5705e+00
506 +8.591489492e+01 +8.591489492e+01 +5.685248949e+02 +5.685248949e+02 -2.3263e-01 +6.6800e-01 +4.9402e-01 -2.2472e+00 +1.4680e-01 +4.0948e+00 +1.7380e+00 -2.5313e+00 +1.7758e+00 +2.6370e+00
770 +7.699885341e+01 +7.699885341e+01 +5.596088534e+02 +5.596088534e+02 -1.4364e+00 +1.6310e+00 +6.1364e-01 -2.3940e+00 +2.7954e-01 +2.9545e+00 +2.4918e+00 -2.5278e+00 +1.9386e+00 +2.4155e+00
896 +6.603047385e+01 +6.603047385e+01 +5.486404739e+02 +5.486404739e+02 -8.3049e-01 +8.3686e-01 +6.1384e-01 -2.4236e+00 -6.3313e-01 +3.8875e+00 +2.5128e+00 -3.5176e+00 +2.0324e+00 +2.2944e+00
1193 +6.159147452e+01 +6.159147452e+01 +5.442014745e+02 +5.442014745e+02 -1.1154e+00 +8.7969e-01 +4.5367e-01 -2.2004e+00 +6.2190e-01 +2.8067e+00 +2.1506e+00 -2.6766e+00 +1.6517e+00 +3.0105e+00
1239 +4.815682668e+01 +4.815682668e+01 +5.307668267e+02 +5.307668267e+02 -1.3144e+00 +1.5516e+00 +5.7653e-01 -1.8604e+00 +5.3808e-01 +2.6829e+00 +2.4350e+00 -2.9897e+00 +1.6760e+00 +2.6097e+00
1441 +4.642904597e+01 +4.642904597e+01 +5.290390460e+02 +5.290390460e+02 -9.3661e-01 +8.2211e-01 +5.7405e-01 -1.7220e+00 +8.6333e-01 +2.8373e+00 +2.0850e+00 -3.0174e+00 +2.0356e+00 +2.6672e+00
1452 +3.830851934e+01 +3.830851934e+01 +5.209185193e+02 +5.209185193e+02 -1.0161e+00 +1.0028e+00 +5.4370e-01 -1.7529e+00 +7.8610e-01 +2.8227e+00 +2.0415e+00 -2.9544e+00 +1.9843e+00 +2.6148e+00
1479 +3.683121925e+01 +3.683121925e+01 +5.194412193e+02 +5.194412193e+02 -9.9451e-01 +8.5905e-01 +5.6764e-01 -1.7636e+00 +7.6589e-01 +2.8606e+00 +2.0461e+00 -2.9144e+00 +2.0337e+00 +2.6185e+00
1493 +3.625414987e+01 +3.625414987e+01 +5.188641499e+02 +5.188641499e+02 -1.1475e+00 +8.6974e-01 +5.1507e-01 -1.6803e+00 +7.4968e-01 +2.8393e+00 +1.7194e+00 -2.9504e+00 +2.0586e+00 +2.6187e+00
1496 +3.176799957e+01 +3.176799957e+01 +5.143779996e+02 +5.143779996e+02 -1.1300e+00 +9.9935e-01 +5.6962e-01 -1.7724e+00 +7.0861e-01 +2.8234e+00 +1.9687e+00 -2.9860e+00 +2.0454e+00 +2.6282e+00
1518 +2.252701773e+01 +2.252701773e+01 +5.051370177e+02 +5.051370177e+02 -1.1645e+00 +9.0761e-01 +6.0283e-01 -1.6652e+00 +6.8296e-01 +2.8497e+00 +2.0370e+00 -3.0283e+00 +2.0523e+00 +2.6054e+00
1826 +2.115108454e+01 +2.115108454e+01 +5.037610845e+02 +5.037610845e+02 -1.2036e+00 +8.9314e-01 +6.0424e-01 -1.6777e+00 +6.2318e-01 +2.8081e+00 +2.0433e+00 -3.0009e+00 +2.0331e+00 +2.6237e+00
1958 +2.087708194e+01 +2.087708194e+01 +5.034870819e+02 +5.034870819e+02 -1.1146e+00 +8.7454e-01 +5.7564e-01 -1.7329e+00 +6.4450e-01 +2.8249e+00 +2.0567e+00 -3.0004e+00 +2.0390e+00 +2.6162e+00
2046 +2.018997545e+01 +2.018997545e+01 +5.027999755e+02 +5.027999755e+02 -1.1657e+00 +8.7653e-01 +6.0441e-01 -1.7448e+00 +6.3591e-01 +2.8142e+00 +2.0529e+00 -3.0040e+00 +2.0357e+00 +2.6179e+00
2068 +1.993661665e+01 +1.993661665e+01 +5.025466166e+02 +5.025466166e+02 -1.1452e+00 +8.7660e-01 +6.0829e-01 -1.7548e+00 +6.3503e-01 +2.8207e+00 +2.0497e+00 -3.0062e+00 +2.0461e+00 +2.6198e+00
2244 +1.946573346e+01 +1.946573346e+01 +5.020757335e+02 +5.020757335e+02 -1.1760e+00 +9.1001e-01 +5.9894e-01 -1.7596e+00 +6.4621e-01 +2.8125e+00 +2.0425e+00 -3.0098e+00 +2.0430e+00 +2.6114e+00
2398 +1.903878145e+01 +1.903878145e+01 +5.016487814e+02 +5.016487814e+02 -1.1776e+00 +9.1722e-01 +5.9452e-01 -1.7908e+00 +6.5323e-01 +2.8200e+00 +2.0427e+00 -3.0029e+00 +2.0462e+00 +2.6160e+00
6589 +1.798903530e+01 +1.798903530e+01 +5.005990353e+02 +5.005990353e+02 -1.2205e+00 +2.5496e+00 +5.8881e-01 -2.3236e+00 +6.5215e-01 +2.2797e+00 +2.4997e+00 -2.6126e+00 +1.6170e+00 +2.9055e+00
6646 +1.772074412e+01 +1.772074412e+01 +5.003307441e+02 +5.003307441e+02 -1.1768e+00 +2.5210e+00 +6.0188e-01 -2.3473e+00 +6.6446e-01 +2.2802e+00 +2.4930e+00 -2.6059e+00 +1.6263e+00 +2.9292e+00
6668 +1.684903113e+01 +1.684903113e+01 +4.994590311e+02 +4.994590311e+02 -1.2066e+00 +2.5441e+00 +5.9499e-01 -2.3712e+00 +6.6320e-01 +2.2862e+00 +2.5063e+00 -2.6064e+00 +1.6213e+00 +2.9257e+00
6670 +1.643008704e+01 +1.643008704e+01 +4.990400870e+02 +4.990400870e+02 -1.1932e+00 +2.5650e+00 +6.0517e-01 -2.3657e+00 +6.3229e-01 +2.2981e+00 +2.5252e+00 -2.5789e+00 +1.6321e+00 +2.9374e+00
6690 +1.614962357e+01 +1.614962357e+01 +4.987596236e+02 +4.987596236e+02 -1.1729e+00 +2.5403e+00 +5.9692e-01 -2.3637e+00 +6.4874e-01 +2.2738e+00 +2.5139e+00 -2.5946e+00 +1.6262e+00 +2.9283e+00
6712 +1.573496918e+01 +1.573496918e+01 +4.983449692e+02 +4.983449692e+02 -1.1642e+00 +2.5569e+00 +5.8916e-01 -2.3802e+00 +6.6204e-01 +2.2789e+00 +2.5143e+00 -2.5832e+00 +1.6162e+00 +2.9306e+00
6778 +1.541837442e+01 +1.541837442e+01 +4.980283744e+02 +4.980283744e+02 -1.1622e+00 +2.5564e+00 +5.9617e-01 -2.4100e+00 +6.4753e-01 +2.2822e+00 +2.5075e+00 -2.5717e+00 +1.6192e+00 +2.9258e+00
7118 +1.507888155e+01 +1.507888155e+01 +4.976888816e+02 +4.976888816e+02 -1.1739e+00 +2.5539e+00 +6.0738e-01 -2.4159e+00 +6.5202e-01 +2.2784e+00 +2.5312e+00 -2.5718e+00 +1.6184e+00 +2.9160e+00
% function evaluation | noise-free fitness - Fopt (7.177000000000e+01) | best noise-free fitness - Fopt | measured fitness | best measured fitness | x1 | x2...
1 +3.721167182e+02 +3.721167182e+02 +4.438867182e+02 +4.438867182e+02 +0.0000e+00 +0.0000e+00 +0.0000e+00 +0.0000e+00 +0.0000e+00 +0.0000e+00 +0.0000e+00 +0.0000e+00 +0.0000e+00 +0.0000e+00
270 +3.581114003e+02 +3.581114003e+02 +4.298814003e+02 +4.298814003e+02 -1.4802e+00 -4.5893e-01 -1.5715e+00 -1.8930e+00 -1.2069e-01 +1.0559e+00 -1.9652e+00 -1.8267e+00 +9.9273e-01 -3.8806e-01
289 +2.882689294e+02 +2.882689294e+02 +3.600389294e+02 +3.600389294e+02 -5.7090e-01 +5.2399e-01 -2.4017e+00 -2.4310e+00 -2.0233e+00 +8.9888e-01 -1.8570e+00 -2.7004e+00 +3.4753e+00 -4.4993e-01
301 +2.810318200e+02 +2.810318200e+02 +3.528018200e+02 +3.528018200e+02 -1.6128e+00 -1.8035e+00 -1.3452e+00 -7.4949e-01 +7.0414e-01 +1.3868e+00 -1.1992e+00 -2.1583e+00 +1.5490e+00 +4.2419e-01
352 +2.627748095e+02 +2.627748095e+02 +3.345448095e+02 +3.345448095e+02 -2.0780e+00 -9.9571e-01 -1.7791e+00 -2.6538e+00 -7.2275e-01 +4.9420e-01 -1.0889e+00 -2.2014e+00 +2.0670e+00 +7.4094e-01
359 +2.505228810e+02 +2.505228810e+02 +3.222928810e+02 +3.222928810e+02 -7.9133e-01 +1.4957e-01 -1.1705e+00 -1.6956e+00 -2.2409e-01 +4.3083e-01 -1.5325e+00 -1.6032e+00 +3.0482e+00 +3.2905e+00
383 +2.199354622e+02 +2.199354622e+02 +2.917054622e+02 +2.917054622e+02 -8.3607e-01 +4.3497e-01 -1.5089e+00 -2.1427e+00 +7.9829e-01 +7.6845e-01 -1.0263e+00 -2.9585e+00 +9.3227e-01 +1.9740e+00
418 +2.118298539e+02 +2.118298539e+02 +2.835998539e+02 +2.835998539e+02 -1.8479e+00 -3.9873e-01 -1.2673e+00 -1.4339e+00 +2.6772e-01 +6.9648e-01 -9.5152e-01 -3.0508e+00 +2.6090e+00 +2.6905e+00
427 +2.054418398e+02 +2.054418398e+02 +2.772118398e+02 +2.772118398e+02 -2.3818e+00 +6.7323e-02 -2.5008e+00 +8.3459e-02 -3.4908e-03 +8.6237e-01 +3.9779e-01 -4.9128e+00 +2.1406e+00 +1.0937e+00
474 +1.903217269e+02 +1.903217269e+02 +2.620917269e+02 +2.620917269e+02 -2.2528e+00 -7.7404e-01 +6.2039e-01 +3.5487e-01 -2.0981e-01 +6.0615e-01 -1.2273e-01 -4.1587e+00 +1.1970e+00 +2.5439e+00
528 +1.738084984e+02 +1.738084984e+02 +2.455784984e+02 +2.455784984e+02 -2.4505e+00 -7.8355e-01 -5.0551e-01 -3.8639e-01 -2.5905e-01 +1.0280e+00 -7.6338e-01 -3.7846e+00 +2.5346e+00 +2.3272e+00
572 +1.676948518e+02 +1.676948518e+02 +2.394648518e+02 +2.394648518e+02 -2.2697e+00 -8.5111e-01 -8.2995e-01 +2.9411e-02 +5.5372e-02 +1.7169e+00 -3.8873e-01 -3.4562e+00 +3.1191e+00 +1.8004e+00
622 +1.563364650e+02 +1.563364650e+02 +2.281064650e+02 +2.281064650e+02 -2.2088e+00 -5.2780e-01 +5.3440e-01 -3.7931e-01 +6.0901e-01 +1.2660e+00 +1.1878e+00 -3.3652e+00 +3.4090e+00 +2.3540e+00
653 +1.532412767e+02 +1.532412767e+02 +2.250112767e+02 +2.250112767e+02 -3.0268e+00 -5.3555e-01 -7.3324e-01 +8.7020e-01 +8.0560e-01 +1.7512e+00 +4.6585e-01 -3.6220e+00 +3.1524e+00 +1.2412e+00
676 +1.241014995e+02 +1.241014995e+02 +1.958714995e+02 +1.958714995e+02 -1.9860e+00 -8.2301e-01 -2.4016e-01 +7.8596e-01 +1.2339e+00 +1.0614e+00 +1.8638e-01 -3.5553e+00 +3.0585e+00 +1.2857e+00
935 +1.203671023e+02 +1.203671023e+02 +1.921371023e+02 +1.921371023e+02 -1.6825e+00 +8.7487e-01 -3.5169e-02 +7.7537e-01 +7.7785e-01 +1.7026e+00 +1.3321e+00 -3.4013e+00 +3.6874e+00 +1.4478e+00
1001 +1.001424345e+02 +1.001424345e+02 +1.719124345e+02 +1.719124345e+02 -1.5616e+00 +1.9751e-01 +5.0700e-02 +7.9294e-01 +8.9115e-01 +1.4464e+00 +4.9803e-01 -3.4624e+00 +2.8128e+00 +1.9530e+00
1020 +8.342160337e+01 +8.342160337e+01 +1.551916034e+02 +1.551916034e+02 -1.4555e+00 +2.5611e-01 -5.4583e-02 +2.7743e-01 +8.5774e-01 +9.6976e-01 +9.4126e-01 -3.4187e+00 +3.4477e+00 +1.8782e+00
1276 +6.683802181e+01 +6.683802181e+01 +1.386080218e+02 +1.386080218e+02 -8.1750e-01 +7.7586e-01 +3.9629e-01 +8.4142e-01 +7.9600e-01 -7.8454e-01 +1.0106e+00 -2.9779e+00 +3.1213e+00 +1.9136e+00
1644 +6.352021482e+01 +6.352021482e+01 +1.352902148e+02 +1.352902148e+02 -7.8192e-01 +9.1313e-01 +6.6823e-01 +1.2275e-01 +8.0856e-01 -1.1472e+00 +9.2035e-01 -3.5763e+00 +3.4526e+00 +1.8311e+00
1715 +5.729154375e+01 +5.729154375e+01 +1.290615438e+02 +1.290615438e+02 -8.8057e-01 +9.0749e-01 +4.9065e-01 +7.0873e-02 +9.0973e-01 -7.8104e-01 +1.0160e+00 -3.7394e+00 +3.3977e+00 +1.2372e+00
1782 +5.028741286e+01 +5.028741286e+01 +1.220574129e+02 +1.220574129e+02 -8.0536e-01 +9.4396e-01 +6.5930e-01 +9.0276e-02 +7.7844e-01 -1.2441e+00 +1.0260e+00 -3.4737e+00 +3.7375e+00 +1.5367e+00
1798 +4.735605024e+01 +4.735605024e+01 +1.191260502e+02 +1.191260502e+02 -8.7404e-01 +9.4546e-01 +6.6004e-01 +1.5573e-01 +8.4177e-01 -1.2814e+00 +1.0260e+00 -3.4666e+00 +3.7637e+00 +1.9703e+00
1883 +4.168969140e+01 +4.168969140e+01 +1.134596914e+02 +1.134596914e+02 -7.9267e-01 +8.9048e-01 +6.7865e-01 +1.3852e-01 +8.4649e-01 -1.2351e+00 +9.6357e-01 -3.4571e+00 +3.5133e+00 +1.6524e+00
1970 +3.985269525e+01 +3.985269525e+01 +1.116226953e+02 +1.116226953e+02 -7.6614e-01 +8.6887e-01 +7.7583e-01 +1.0681e-01 +7.9756e-01 -1.3187e+00 +1.0136e+00 -3.4437e+00 +3.5175e+00 +1.5933e+00
2095 +3.863409886e+01 +3.863409886e+01 +1.104040989e+02 +1.104040989e+02 -7.0072e-01 +9.5995e-01 +7.0501e-01 +1.5651e-01 +7.1795e-01 -1.3465e+00 +1.0077e+00 -3.3642e+00 +3.4914e+00 +1.6314e+00
2100 +3.467801943e+01 +3.467801943e+01 +1.064480194e+02 +1.064480194e+02 -6.9162e-01 +8.4402e-01 +7.0222e-01 +2.2877e-02 +7.8220e-01 -1.2352e+00 +1.0072e+00 -3.3655e+00 +3.5283e+00 +1.6033e+00
2112 +3.290579180e+01 +3.290579180e+01 +1.046757918e+02 +1.046757918e+02 -7.4162e-01 +9.2106e-01 +7.1986e-01 +5.0400e-02 +7.8831e-01 -1.2879e+00 +9.6467e-01 -3.3845e+00 +3.5136e+00 +1.6029e+00
2134 +3.220097642e+01 +3.220097642e+01 +1.039709764e+02 +1.039709764e+02 -7.2361e-01 +9.1760e-01 +6.9824e-01 +4.7702e-02 +8.1370e-01 -1.2769e+00 +9.6772e-01 -3.4083e+00 +3.4934e+00 +1.6291e+00
2178 +3.135965512e+01 +3.135965512e+01 +1.031296551e+02 +1.031296551e+02 -7.1574e-01 +9.3549e-01 +7.0774e-01 +5.6404e-02 +8.2224e-01 -1.2931e+00 +9.9581e-01 -3.4041e+00 +3.4954e+00 +1.6072e+00
2200 +2.929647379e+01 +2.929647379e+01 +1.010664738e+02 +1.010664738e+02 -7.0573e-01 +9.0798e-01 +6.7466e-01 +9.2092e-02 +8.1550e-01 -1.2657e+00 +1.0105e+00 -3.4168e+00 +3.4911e+00 +1.6178e+00
2222 +2.759902087e+01 +2.759902087e+01 +9.936902087e+01 +9.936902087e+01 -7.1762e-01 +8.6887e-01 +6.6447e-01 +6.1751e-02 +8.0168e-01 -1.2689e+00 +1.0257e+00 -3.4012e+00 +3.4946e+00 +1.6027e+00
2266 +2.637635292e+01 +2.637635292e+01 +9.814635292e+01 +9.814635292e+01 -7.3116e-01 +8.8136e-01 +6.3709e-01 +9.8194e-02 +7.8482e-01 -1.2628e+00 +1.0199e+00 -3.3931e+00 +3.4622e+00 +1.6111e+00
2567 +2.609833629e+01 +2.609833629e+01 +9.786833629e+01 +9.786833629e+01 -6.9669e-01 +8.6265e-01 +6.1341e-01 +7.9947e-02 +7.7823e-01 -1.2818e+00 +1.0001e+00 -3.3713e+00 +3.4678e+00 +1.6073e+00
2662 +2.567341385e+01 +2.567341385e+01 +9.744341385e+01 +9.744341385e+01 -6.9643e-01 +8.7487e-01 +6.2714e-01 +7.4681e-02 +7.8568e-01 -1.2616e+00 +9.9258e-01 -3.3817e+00 +3.4802e+00 +1.6048e+00
2926 +2.510147961e+01 +2.510147961e+01 +9.687147961e+01 +9.687147961e+01 -7.2244e-01 +8.9341e-01 +6.2006e-01 +8.4385e-02 +7.8383e-01 -1.2488e+00 +1.0127e+00 -3.3732e+00 +3.4765e+00 +1.6069e+00
% function evaluation | noise-free fitness - Fopt (8.448800000000e+02) | best noise-free fitness - Fopt | measured fitness | best measured fitness | x1 | x2...
1 +3.050347692e+02 +3.050347692e+02 +1.149914769e+03 +1.149914769e+03 +0.0000e+00 +0.0000e+00 +0.0000e+00 +0.0000e+00 +0.0000e+00 +0.0000e+00 +0.0000e+00 +0.0000e+00 +0.0000e+00 +0.0000e+00
188 +3.019009893e+02 +3.019009893e+02 +1.146780989e+03 +1.146780989e+03 -8.2986e-01 +1.9464e+00 +1.4097e+00 +1.3763e+00 +1.5676e-01 +4.7074e-01 +2.6012e+00 -9.1268e-01 -3.6702e-01 +3.9782e-01
202 +2.785329738e+02 +2.785329738e+02 +1.123412974e+03 +1.123412974e+03 -2.0307e+00 +2.0736e+00 +1.1476e+00 +9.5963e-01 -6.8739e-02 +1.6692e-01 +1.6343e+00 +6.6624e-01 +5.0699e-01 +1.2191e-02
220 +2.607036059e+02 +2.607036059e+02 +1.105583606e+03 +1.105583606e+03 -1.1393e+00 +2.1635e+00 +1.5411e+00 +1.0325e+00 -6.9055e-01 +8.2792e-01 +1.8931e+00 -7.4179e-02 -4.0858e-02 +2.1379e-01
226 +2.496846226e+02 +2.496846226e+02 +1.094564623e+03 +1.094564623e+03 -1.9706e-01 +2.9140e+00 +1.3473e+00 -5.8871e-02 -3.6515e-01 +8.8812e-01 +2.6144e+00 +3.8711e-01 +3.0777e-01 -5.9090e-01
231 +2.143276405e+02 +2.143276405e+02 +1.059207640e+03 +1.059207640e+03 -1.5791e+00 +2.2007e+00 +3.3491e-01 +1.1676e+00 -8.1425e-01 +5.7482e-01 +2.0305e+00 +6.3121e-01 +2.0747e-01 -6.8963e-01
249 +1.941117491e+02 +1.941117491e+02 +1.038991749e+03 +1.038991749e+03 -1.9806e+00 +2.9739e+00 +1.0498e+00 +1.3812e+00 -5.2909e-01 -1.1872e-01 +1.2398e+00 +1.2910e-01 -3.5799e-01 -1.8163e+00
285 +1.704586540e+02 +1.704586540e+02 +1.015338654e+03 +1.015338654e+03 -8.4145e-01 +2.9093e+00 +1.8987e+00 +1.0665e+00 +1.5774e+00 +4.7696e-01 +2.2158e+00 -1.3186e-01 -7.3981e-01 -4.8418e-01
336 +1.662911072e+02 +1.662911072e+02 +1.011171107e+03 +1.011171107e+03 -4.9029e-01 +3.9256e+00 +2.1920e+00 +9.7379e-01 +1.3853e+00 -3.5900e-01 +8.7162e-01 +5.0675e-02 +3.8235e-01 -2.4168e+00
352 +1.624575541e+02 +1.624575541e+02 +1.007337554e+03 +1.007337554e+03 -8.3775e-01 +3.1842e+00 +2.1393e+00 +1.4831e-01 +2.0455e+00 +2.0566e-01 +2.7848e-01 -1.1679e-01 -1.4201e-01 -1.9769e+00
374 +1.271391156e+02 +1.271391156e+02 +9.720191156e+02 +9.720191156e+02 -1.0438e+00 +3.5455e+00 +2.6783e+00 +4.6644e-01 +2.6593e+00 +8.4479e-02 +6.3133e-01 -1.1730e-01 -3.9673e-01 -2.6107e+00
472 +1.087221426e+02 +1.087221426e+02 +9.536021426e+02 +9.536021426e+02 -1.0093e+00 +3.0000e+00 +2.3289e+00 +9.2294e-01 +1.3172e+00 -1.1205e+00 +2.4480e+00 +1.8264e+00 -7.9067e-01 -2.9052e+00
660 +9.671781385e+01 +9.671781385e+01 +9.415978139e+02 +9.415978139e+02 -2.8597e-01 +3.3448e+00 +2.6202e+00 +1.6453e-01 +2.6872e+00 -1.0951e+00 +1.1881e+00 +1.3885e+00 -5.0617e-01 -2.6934e+00
730 +9.177490259e+01 +9.177490259e+01 +9.366549026e+02 +9.366549026e+02 +1.6599e-03 +2.9586e+00 +2.5475e+00 -5.8733e-01 +2.9312e+00 -1.1397e+00 +2.0172e+00 +1.5617e-01 -2.2597e-01 -2.2649e+00
841 +9.114629383e+01 +9.114629383e+01 +9.360262938e+02 +9.360262938e+02 +1.5108e-02 +2.9613e+00 +3.1407e+00 -3.7038e-01 +2.5612e+00 -1.6768e+00 +1.7922e+00 +1.8498e+00 +2.6205e-02 -2.6765e+00
916 +8.686151486e+01 +8.686151486e+01 +9.317415149e+02 +9.317415149e+02 +6.1424e-01 +3.3716e+00 +2.7191e+00 -4.4206e-01 +2.6045e+00 -1.1634e+00 +1.9418e+00 +1.4064e+00 +2.9398e-01 -3.1267e+00
950 +7.583074735e+01 +7.583074735e+01 +9.207107473e+02 +9.207107473e+02 +4.5869e-01 +3.2854e+00 +2.8142e+00 -3.9712e-01 +2.6800e+00 -2.0915e+00 +1.5876e+00 +8.7789e-01 -2.7146e-02 -2.6668e+00
1047 +6.007160339e+01 +6.007160339e+01 +9.049516034e+02 +9.049516034e+02 -1.0594e-02 +2.9348e+00 +2.7647e+00 -6.3353e-01 +3.3154e+00 -1.6812e+00 +1.9629e+00 +1.2891e+00 -3.7263e-02 -2.0399e+00
1166 +5.747064654e+01 +5.747064654e+01 +9.023506465e+02 +9.023506465e+02 +1.3449e-01 +3.2541e+00 +2.6637e+00 -4.6332e-01 +2.7167e+00 -1.8258e+00 +2.1262e+00 +1.4429e+00 -5.4881e-02 -2.3278e+00
1254 +5.582808728e+01 +5.582808728e+01 +9.007080873e+02 +9.007080873e+02 +2.1378e-01 +3.1249e+00 +2.7398e+00 -3.3749e-01 +2.6118e+00 -2.0000e+00 +2.0125e+00 +1.4153e+00 -6.5837e-02 -2.3377e+00
1364 +4.202007885e+01 +4.202007885e+01 +8.869000789e+02 +8.869000789e+02 +1.1611e-01 +3.0773e+00 +2.7683e+00 -5.2363e-01 +2.8987e+00 -1.6683e+00 +1.9757e+00 +9.2596e-01 -6.8935e-02 -2.6364e+00
1648 +4.072098483e+01 +4.072098483e+01 +8.856009848e+02 +8.856009848e+02 +1.2096e-01 +2.8899e+00 +2.7666e+00 -4.8934e-01 +2.7038e+00 -1.7535e+00 +2.4464e+00 +1.0135e+00 +3.8202e-01 -2.2793e+00
1694 +3.015260356e+01 +3.015260356e+01 +8.750326036e+02 +8.750326036e+02 +1.7365e-01 +2.9685e+00 +2.7430e+00 -5.1170e-01 +2.7127e+00 -1.6331e+00 +2.4313e+00 +5.9908e-01 +2.8279e-01 -2.3287e+00
1848 +2.856857471e+01 +2.856857471e+01 +8.734485747e+02 +8.734485747e+02 +1.6240e-01 +3.0133e+00 +2.8059e+00 -4.2690e-01 +2.8129e+00 -1.6695e+00 +2.4885e+00 +9.9450e-01 +2.8147e-01 -2.3081e+00
2034 +2.737775808e+01 +2.737775808e+01 +8.722577581e+02 +8.722577581e+02 +1.7630e-01 +3.0564e+00 +2.7571e+00 -4.8559e-01 +2.7037e+00 -1.6826e+00 +2.4972e+00 +9.9825e-01 +2.6732e-01 -2.3281e+00
2046 +2.603386482e+01 +2.603386482e+01 +8.709138648e+02 +8.709138648e+02 +1.3760e-01 +3.0437e+00 +2.7712e+00 -4.7816e-01 +2.6974e+00 -1.6978e+00 +2.4691e+00 +1.0018e+00 +2.8450e-01 -2.3266e+00
2112 +2.527062298e+01 +2.527062298e+01 +8.701506230e+02 +8.701506230e+02 +1.3002e-01 +3.0323e+00 +2.7563e+00 -4.8328e-01 +2.7068e+00 -1.6769e+00 +2.4687e+00 +1.0203e+00 +2.8868e-01 -2.3139e+00
2160 +2.505117253e+01 +2.505117253e+01 +8.699311725e+02 +8.699311725e+02 +1.0233e-01 +3.0079e+00 +2.7790e+00 -4.9060e-01 +2.6790e+00 -1.7017e+00 +2.4877e+00 +9.9223e-01 +3.0518e-01 -2.3204e+00
2178 +2.454234939e+01 +2.454234939e+01 +8.694223494e+02 +8.694223494e+02 +1.1622e-01 +3.0362e+00 +2.7628e+00 -4.8325e-01 +2.7070e+00 -1.6701e+00 +2.4691e+00 +1.0013e+00 +2.8882e-01 -2.3124e+00
2222 +2.361945666e+01 +2.361945666e+01 +8.684994567e+02 +8.684994567e+02 +1.0398e-01 +3.0576e+00 +2.7550e+00 -4.6782e-01 +2.7176e+00 -1.6627e+00 +2.4752e+00 +9.9644e-01 +2.8891e-01 -2.3272e+00
2238 +2.339176039e+01 +2.339176039e+01 +8.682717604e+02 +8.682717604e+02 +1.1744e-01 +3.0428e+00 +2.7626e+00 -4.6531e-01 +2.7269e+00 -1.6543e+00 +2.4949e+00 +9.9468e-01 +2.8508e-01 -2.3394e+00
2368 +2.252792595e+01 +2.252792595e+01 +8.674079259e+02 +8.674079259e+02 +1.2042e-01 +2.9812e+00 +2.7613e+00 -4.6401e-01 +2.7372e+00 -1.6609e+00 +2.4872e+00 +9.9206e-01 +3.0463e-01 -2.3390e+00
2464 +2.232518111e+01 +2.232518111e+01 +8.672051811e+02 +8.672051811e+02 +1.1667e-01 +3.0076e+00 +2.7656e+00 -4.6112e-01 +2.7224e+00 -1.6634e+00 +2.4875e+00 +1.0041e+00 +2.9776e-01 -2.3289e+00
% function evaluation | noise-free fitness - Fopt (-4.222000000000e+01) | best noise-free fitness - Fopt | measured fitness | best measured fitness | x1 | x2...
1 +4.213272647e+02 +4.213272647e+02 +3.791072647e+02 +3.791072647e+02 +0.0000e+00 +0.0000e+00 +0.0000e+00 +0.0000e+00 +0.0000e+00 +0.0000e+00 +0.0000e+00 +0.0000e+00 +0.0000e+00 +0.0000e+00
200 +4.095721225e+02 +4.095721225e+02 +3.673521225e+02 +3.673521225e+02 -1.9054e+00 -2.5811e+00 +1.2692e+00 -4.2909e-02 -1.9815e+00 +5.5630e-01 +8.5524e-01 -6.5222e-01 -5.9989e-01 -5.1137e-02
219 +3.898989635e+02 +3.898989635e+02 +3.476789635e+02 +3.476789635e+02 -2.0772e+00 -2.3463e+00 +9.0304e-01 -1.0691e+00 -2.0461e+00 +8.2803e-01 +1.4629e+00 -1.3656e+00 -2.2006e-01 -5.3578e-01
235 +3.530135761e+02 +3.530135761e+02 +3.107935761e+02 +3.107935761e+02 -2.2276e+00 -2.9383e+00 +1.0110e+00 -1.1253e-01 -2.1160e+00 +1.0868e+00 +1.5264e+00 -7.3159e-01 -5.7765e-01 +2.5186e-01
251 +3.187226996e+02 +3.187226996e+02 +2.765026996e+02 +2.765026996e+02 -1.7932e+00 -3.0509e+00 +1.8799e+00 -7.4047e-01 -2.1778e+00 +4.4025e-01 +2.1011e-01 -1.5220e+00 -7.4636e-01 +2.3419e-01
255 +3.047159325e+02 +3.047159325e+02 +2.624959325e+02 +2.624959325e+02 -2.7221e+00 -2.4863e+00 +1.9692e+00 -2.3336e-01 -1.1437e+00 +6.7822e-01 +1.7582e+00 -1.2905e+00 -2.8704e-01 +4.9182e-01
264 +2.949605923e+02 +2.949605923e+02 +2.527405923e+02 +2.527405923e+02 -2.4523e+00 -2.4578e+00 +1.6265e+00 -5.8498e-01 -1.7147e+00 +7.5923e-01 +1.0270e+00 -1.1944e+00 -3.0643e-01 +5.5719e-01
277 +2.710039671e+02 +2.710039671e+02 +2.287839671e+02 +2.287839671e+02 -1.8643e+00 -1.9850e+00 +2.1683e+00 +5.7639e-01 -2.7204e+00 +1.1107e+00 -7.8317e-01 -1.1945e+00 -7.2529e-01 +1.8125e+00
279 +2.546555017e+02 +2.546555017e+02 +2.124355017e+02 +2.124355017e+02 -2.8646e+00 -3.3165e+00 +2.3767e+00 +2.2938e-01 -1.6550e+00 +1.7921e-01 +1.7191e+00 -1.7214e+00 -4.3404e-01 +2.0865e+00
280 +2.471640283e+02 +2.471640283e+02 +2.049440283e+02 +2.049440283e+02 -3.1518e+00 -2.2824e+00 +1.3557e+00 -3.9339e-01 -2.0260e+00 +7.2367e-01 +1.2581e+00 -1.4156e+00 -2.3830e-01 +1.0909e+00
295 +1.558584505e+02 +1.558584505e+02 +1.136384505e+02 +1.136384505e+02 -2.3401e+00 -2.9662e+00 +1.9012e+00 -6.1006e-01 -1.3613e+00 +1.1053e+00 +1.7035e+00 -2.7140e+00 -3.3745e-01 +2.0087e+00
506 +1.523845318e+02 +1.523845318e+02 +1.101645318e+02 +1.101645318e+02 -1.9304e+00 -2.7776e+00 +5.1859e-01 +2.0238e-01 -8.2007e-01 +1.2836e+00 +5.6129e-01 -1.9459e+00 -1.0401e+00 +3.8949e+00
572 +1.281510397e+02 +1.281510397e+02 +8.593103972e+01 +8.593103972e+01 -1.8563e+00 -3.0519e+00 +1.1774e+00 +1.7873e+00 -7.5877e-01 +7.1972e-01 +7.4462e-01 -2.7440e+00 -7.2822e-01 +3.8140e+00
656 +1.122488400e+02 +1.122488400e+02 +7.002884004e+01 +7.002884004e+01 -1.1744e+00 -3.0213e+00 +1.7773e+00 +2.1473e+00 +2.7987e-01 +7.7887e-01 +1.3874e+00 -3.4779e+00 -6.8876e-01 +3.9095e+00
831 +1.121791882e+02 +1.121791882e+02 +6.995918817e+01 +6.995918817e+01 -2.1794e-01 -4.1802e+00 +8.9324e-01 +1.8187e+00 -8.0871e-01 +6.8231e-01 +1.5315e+00 -2.8197e+00 -3.0862e-01 +3.3445e+00
865 +9.800576220e+01 +9.800576220e+01 +5.578576220e+01 +5.578576220e+01 +5.1649e-02 -4.1106e+00 +5.7780e-01 +1.7013e+00 -1.2385e+00 -3.4142e-01 +1.0208e+00 -3.5096e+00 -3.4509e-01 +3.6635e+00
930 +9.561091721e+01 +9.561091721e+01 +5.339091721e+01 +5.339091721e+01 +7.5901e-01 -3.9496e+00 +5.9570e-01 +9.7194e-01 -1.4778e+00 -8.9930e-01 +1.0916e+00 -3.5339e+00 -8.4263e-01 +4.9800e+00
1031 +7.401496181e+01 +7.401496181e+01 +3.179496181e+01 +3.179496181e+01 +6.1018e-01 -4.2129e+00 +1.0825e+00 +2.1362e+00 -3.6240e-01 -3.3321e-01 +1.1008e+00 -3.1992e+00 -1.0111e+00 +4.2227e+00
1236 +7.015032812e+01 +7.015032812e+01 +2.793032812e+01 +2.793032812e+01 +6.6226e-01 -4.8050e+00 +1.1475e+00 +1.4985e+00 -8.9983e-01 -7.5702e-01 +3.8621e-01 -3.0784e+00 -1.2553e-02 +3.6387e+00
1386 +6.534538647e+01 +6.534538647e+01 +2.312538647e+01 +2.312538647e+01 +7.7092e-01 -4.8623e+00 +1.1376e+00 +8.4606e-01 -1.7772e-01 -6.8939e-01 +5.6449e-01 -3.1225e+00 -3.7996e-01 +4.2478e+00
1498 +6.275418452e+01 +6.275418452e+01 +2.053418452e+01 +2.053418452e+01 +6.4151e-01 -4.6853e+00 +1.3316e+00 +7.6541e-01 -2.1797e-01 -7.2348e-01 +3.4371e-01 -3.0773e+00 -2.8749e-01 +4.2827e+00
1543 +4.520533391e+01 +4.520533391e+01 +2.985333910e+00 +2.985333910e+00 +5.2276e-01 -4.9464e+00 +1.2334e+00 +6.7461e-01 -1.9288e-01 -9.1182e-01 +6.3287e-01 -3.1574e+00 -3.4206e-01 +3.9546e+00
1606 +4.265626360e+01 +4.265626360e+01 +4.362635984e-01 +4.362635984e-01 +5.9433e-01 -4.9441e+00 +1.2419e+00 +8.9831e-01 -2.0939e-01 -8.4155e-01 +5.8944e-01 -3.1368e+00 -3.2601e-01 +4.0324e+00
1672 +3.019934096e+01 +3.019934096e+01 -1.202065904e+01 -1.202065904e+01 +6.2175e-01 -4.8084e+00 +1.1829e+00 +8.5799e-01 -2.5257e-01 -8.6127e-01 +6.5220e-01 -3.1434e+00 -3.3090e-01 +3.9797e+00
1980 +2.824059603e+01 +2.824059603e+01 -1.397940397e+01 -1.397940397e+01 +5.9077e-01 -4.8504e+00 +1.1525e+00 +8.2744e-01 -3.0669e-01 -8.3572e-01 +6.3542e-01 -3.1092e+00 -3.2294e-01 +3.9735e+00
2002 +2.763992216e+01 +2.763992216e+01 -1.458007784e+01 -1.458007784e+01 +5.9356e-01 -4.8566e+00 +1.1531e+00 +7.8486e-01 -2.9966e-01 -8.1663e-01 +6.1563e-01 -3.1136e+00 -3.1545e-01 +3.9844e+00
2178 +2.710014375e+01 +2.710014375e+01 -1.511985625e+01 -1.511985625e+01 +5.8283e-01 -4.8287e+00 +1.1780e+00 +7.7940e-01 -3.0719e-01 -8.1037e-01 +6.2217e-01 -3.1282e+00 -3.2929e-01 +3.9701e+00
2222 +2.669723030e+01 +2.669723030e+01 -1.552276970e+01 -1.552276970e+01 +5.7759e-01 -4.8308e+00 +1.1780e+00 +7.8804e-01 -2.6770e-01 -8.1243e-01 +6.3260e-01 -3.1418e+00 -3.2106e-01 +3.9762e+00
2540 +2.624759919e+01 +2.624759919e+01 -1.597240081e+01 -1.597240081e+01 +5.8410e-01 -4.8413e+00 +1.1989e+00 +8.0191e-01 -2.9305e-01 -8.1787e-01 +6.2866e-01 -3.1368e+00 -3.1301e-01 +3.9764e+00
% function evaluation | noise-free fitness - Fopt (-9.179000000000e+01) | best noise-free fitness - Fopt | measured fitness | best measured fitness | x1 | x2...
1 +4.126236725e+02 +4.126236725e+02 +3.208336725e+02 +3.208336725e+02 +0.0000e+00 +0.0000e+00 +0.0000e+00 +0.0000e+00 +0.0000e+00 +0.0000e+00 +0.0000e+00 +0.0000e+00 +0.0000e+00 +0.0000e+00
284 +3.971134720e+02 +3.971134720e+02 +3.053234720e+02 +3.053234720e+02 -6.8000e-01 -1.0693e+00 +2.1852e+00 +9.9411e-01 -1.0294e+00 -1.6001e+00 +1.3976e+00 -7.8624e-01 +1.8271e+00 +2.8474e-01
288 +3.855520477e+02 +3.855520477e+02 +2.937620477e+02 +2.937620477e+02 -9.5235e-01 -7.2256e-01 +1.7753e+00 +7.8259e-01 -1.1526e+00 -4.2067e-01 +1.3097e+00 -1.2191e+00 +2.0648e+00 +9.9711e-01
296 +3.618679651e+02 +3.618679651e+02 +2.700779651e+02 +2.700779651e+02 -5.6391e-01 -5.7530e-01 +1.5240e+00 +1.8404e-01 -1.9346e+00 -7.8876e-02 +1.6296e+00 +4.7397e-01 +9.6024e-01 +9.7361e-01
307 +3.511562434e+02 +3.511562434e+02 +2.593662434e+02 +2.593662434e+02 -9.7702e-01 -5.5133e-01 +2.1754e+00 +5.9240e-01 -1.6360e+00 -3.4253e-01 +1.3406e+00 -7.3596e-01 +1.5309e+00 -4.6313e-01
318 +3.450193579e+02 +3.450193579e+02 +2.532293579e+02 +2.532293579e+02 -1.3008e+00 -1.3468e+00 +1.5791e+00 +2.2353e-01 -7.8138e-01 -2.4629e-01 +1.4772e+00 +4.4030e-01 +1.3326e+00 +1.1106e+00
323 +3.385219903e+02 +3.385219903e+02 +2.467319903e+02 +2.467319903e+02 -6.9962e-01 -2.1165e-01 +2.5640e+00 -4.7888e-01 -1.5816e-01 -1.6190e-01 +1.4888e+00 -1.0338e+00 +2.1545e+00 +1.3323e+00
329 +3.001657798e+02 +3.001657798e+02 +2.083757798e+02 +2.083757798e+02 -5.0038e-01 -9.4400e-01 +2.3990e+00 -4.7168e-01 -1.1979e+00 +4.5109e-02 +1.7308e+00 +2.0934e+00 +1.8331e+00 +8.6350e-01
340 +2.593346821e+02 +2.593346821e+02 +1.675446821e+02 +1.675446821e+02 -1.6265e+00 -4.3022e-01 +1.4053e+00 +6.7510e-01 -1.7146e+00 +9.7007e-01 +7.0639e-01 +2.5050e+00 +1.3921e+00 -3.2311e-01
357 +1.860743835e+02 +1.860743835e+02 +9.428438350e+01 +9.428438350e+01 -9.9228e-01 -4.4764e-01 +2.8234e+00 -5.8298e-01 +1.2982e+00 +2.5687e+00 +1.3934e-01 +3.2680e-01 +2.7628e+00 +1.0366e-01
465 +1.680290428e+02 +1.680290428e+02 +7.623904281e+01 +7.623904281e+01 -1.5295e+00 -1.2959e+00 +1.9834e+00 +1.4296e-01 +3.4862e-01 +3.0847e+00 +1.3834e+00 +2.9000e+00 +2.3518e+00 +1.1807e+00
484 +1.633279304e+02 +1.633279304e+02 +7.153793042e+01 +7.153793042e+01 -1.5404e+00 -1.0493e+00 +2.7225e+00 +3.9081e-02 +3.0888e-01 +3.4967e+00 +1.9654e+00 +3.8560e+00 +1.8739e+00 +2.1472e-01
492 +1.501353044e+02 +1.501353044e+02 +5.834530440e+01 +5.834530440e+01 -2.3805e+00 -8.0309e-02 +2.7835e+00 -4.5633e-01 +1.2902e+00 +2.8306e+00 +2.5370e+00 +3.3036e+00 +1.4687e+00 +6.2299e-01
503 +1.272551479e+02 +1.272551479e+02 +3.546514790e+01 +3.546514790e+01 -1.8728e+00 -8.9936e-01 +2.1215e+00 +2.8917e-02 +4.1654e-01 +3.8993e+00 +9.7940e-01 +3.4617e+00 +2.9055e+00 -3.2228e-04
605 +1.173039169e+02 +1.173039169e+02 +2.551391688e+01 +2.551391688e+01 -1.9358e+00 +3.8206e-01 +8.3097e-01 -1.4377e+00 +3.4571e+00 +4.1860e+00 +1.7922e+00 +3.8925e+00 +9.9784e-01 +3.1625e-01
606 +1.128928228e+02 +1.128928228e+02 +2.110282280e+01 +2.110282280e+01 -2.6652e+00 -1.4004e+00 +3.2930e+00 -1.2536e+00 +2.3677e+00 +4.0805e+00 +2.1597e+00 +3.5198e+00 +2.0796e+00 -1.3788e+00
621 +1.110876163e+02 +1.110876163e+02 +1.929761627e+01 +1.929761627e+01 -1.9752e+00 -1.3758e+00 +3.1244e+00 -1.4522e+00 +3.8957e+00 +3.2173e+00 +2.0038e+00 +2.8739e+00 +2.0613e+00 -1.2447e+00
695 +9.949957120e+01 +9.949957120e+01 +7.709571195e+00 +7.709571195e+00 -1.1145e+00 +5.3372e-01 +2.0829e+00 -4.9833e-01 +2.3853e+00 +4.6451e+00 +2.0963e+00 +1.5201e+00 +3.1320e+00 +3.7142e-01
784 +6.938879613e+01 +6.938879613e+01 -2.240120387e+01 -2.240120387e+01 -7.5559e-01 +1.1757e+00 +3.3280e+00 -2.1185e+00 +3.3697e+00 +3.2990e+00 +1.3959e+00 +2.6172e+00 +2.1386e+00 -6.3609e-01
1122 +6.560304064e+01 +6.560304064e+01 -2.618695936e+01 -2.618695936e+01 -9.1006e-01 +1.3431e+00 +2.7134e+00 -2.6515e+00 +3.4341e+00 +3.6801e+00 +2.1809e+00 +3.3035e+00 +2.6937e+00 -1.3753e-02
1144 +5.564235320e+01 +5.564235320e+01 -3.614764680e+01 -3.614764680e+01 -9.6740e-01 +1.3838e+00 +2.6106e+00 -2.5964e+00 +3.2361e+00 +3.5128e+00 +2.2450e+00 +3.5094e+00 +2.6506e+00 +7.8020e-02
1480 +4.666119852e+01 +4.666119852e+01 -4.512880148e+01 -4.512880148e+01 -9.1905e-01 +1.4413e+00 +2.6880e+00 -2.6378e+00 +2.6377e+00 +3.8133e+00 +2.6292e+00 +3.5083e+00 +2.7705e+00 -3.2693e-01
1496 +2.796438100e+01 +2.796438100e+01 -6.382561900e+01 -6.382561900e+01 -9.4460e-01 +1.3220e+00 +2.6325e+00 -2.6441e+00 +2.7734e+00 +3.9397e+00 +2.6303e+00 +3.4379e+00 +2.7011e+00 -3.4007e-01
1842 +2.441566162e+01 +2.441566162e+01 -6.737433838e+01 -6.737433838e+01 -8.9370e-01 +1.3622e+00 +2.7062e+00 -2.6548e+00 +2.8499e+00 +3.9000e+00 +2.5608e+00 +3.0339e+00 +2.7517e+00 -3.0742e-01
1848 +2.185882599e+01 +2.185882599e+01 -6.993117401e+01 -6.993117401e+01 -9.6967e-01 +1.3390e+00 +2.6982e+00 -2.6328e+00 +2.7959e+00 +3.9056e+00 +2.5824e+00 +3.0987e+00 +2.7677e+00 -3.2636e-01
1870 +2.127508064e+01 +2.127508064e+01 -7.051491936e+01 -7.051491936e+01 -9.8409e-01 +1.3033e+00 +2.6736e+00 -2.6594e+00 +2.7883e+00 +3.9289e+00 +2.5836e+00 +3.1039e+00 +2.7615e+00 -3.2780e-01
1892 +1.590247858e+01 +1.590247858e+01 -7.588752142e+01 -7.588752142e+01 -9.6696e-01 +1.3006e+00 +2.6605e+00 -2.6796e+00 +2.8101e+00 +3.9076e+00 +2.5904e+00 +3.0781e+00 +2.7932e+00 -3.2286e-01
1936 +1.575518484e+01 +1.575518484e+01 -7.603481516e+01 -7.603481516e+01 -9.4513e-01 +1.3299e+00 +2.6480e+00 -2.6805e+00 +2.8035e+00 +3.8776e+00 +2.5937e+00 +3.0782e+00 +2.7829e+00 -3.0308e-01
1958 +1.476877561e+01 +1.476877561e+01 -7.702122439e+01 -7.702122439e+01 -9.4664e-01 +1.3410e+00 +2.6558e+00 -2.6980e+00 +2.8324e+00 +3.8761e+00 +2.5992e+00 +3.0794e+00 +2.7699e+00 -3.1009e-01
1977 +1.394501396e+01 +1.394501396e+01 -7.784498604e+01 -7.784498604e+01 -9.5029e-01 +1.3234e+00 +2.6344e+00 -2.7182e+00 +2.7733e+00 +3.8915e+00 +2.5969e+00 +3.0489e+00 +2.7629e+00 -3.1740e-01
1980 +1.364088380e+01 +1.364088380e+01 -7.814911620e+01 -7.814911620e+01 -9.3808e-01 +1.3470e+00 +2.6519e+00 -2.6940e+00 +2.7943e+00 +3.8947e+00 +2.6122e+00 +3.0657e+00 +2.7561e+00 -3.2220e-01
2002 +1.338651828e+01 +1.338651828e+01 -7.840348172e+01 -7.840348172e+01 -9.5020e-01 +1.3331e+00 +2.6408e+00 -2.6757e+00 +2.8072e+00 +3.9025e+00 +2.6017e+00 +3.0623e+00 +2.7677e+00 -3.0969e-01
2046 +1.249422787e+01 +1.249422787e+01 -7.929577213e+01 -7.929577213e+01 -9.5889e-01 +1.3079e+00 +2.6247e+00 -2.6870e+00 +2.8015e+00 +3.8936e+00 +2.6109e+00 +3.0506e+00 +2.7808e+00 -3.1459e-01
2059 +1.211547085e+01 +1.211547085e+01 -7.967452915e+01 -7.967452915e+01 -9.5461e-01 +1.3222e+00 +2.6138e+00 -2.6845e+00 +2.8361e+00 +3.9169e+00 +2.6231e+00 +3.0547e+00 +2.7836e+00 -3.2059e-01
2068 +1.166943586e+01 +1.166943586e+01 -8.012056414e+01 -8.012056414e+01 -9.5167e-01 +1.3033e+00 +2.6298e+00 -2.7024e+00 +2.8069e+00 +3.9049e+00 +2.6147e+00 +3.0442e+00 +2.7721e+00 -3.1110e-01
2090 +1.066763947e+01 +1.066763947e+01 -8.112236053e+01 -8.112236053e+01 -9.5120e-01 +1.3156e+00 +2.6089e+00 -2.7107e+00 +2.8124e+00 +3.9177e+00 +2.6104e+00 +3.0551e+00 +2.7773e+00 -3.1424e-01
2134 +1.021071410e+01 +1.021071410e+01 -8.157928590e+01 -8.157928590e+01 -9.5352e-01 +1.3134e+00 +2.6069e+00 -2.7215e+00 +2.8111e+00 +3.9233e+00 +2.6156e+00 +3.0623e+00 +2.7745e+00 -3.2020e-01
2169 +9.380433572e+00 +9.380433572e+00 -8.240956643e+01 -8.240956643e+01 -9.6183e-01 +1.3400e+00 +2.6045e+00 -2.7536e+00 +2.8111e+00 +3.9138e+00 +2.6203e+00 +3.0520e+00 +2.7766e+00 -3.1877e-01
2288 +9.216773873e+00 +9.216773873e+00 -8.257322613e+01 -8.257322613e+01 -9.4689e-01 +1.3240e+00 +2.6099e+00 -2.7700e+00 +2.8138e+00 +3.9145e+00 +2.6169e+00 +3.0656e+00 +2.7699e+00 -3.1725e-01
2442 +9.097718543e+00 +9.097718543e+00 -8.269228146e+01 -8.269228146e+01 -9.5260e-01 +1.3198e+00 +2.6032e+00 -2.7689e+00 +2.8178e+00 +3.9154e+00 +2.6219e+00 +3.0592e+00 +2.7706e+00 -3.1827e-01
% function evaluation | noise-free fitness - Fopt (-1.277000000000e+01) | best noise-free fitness - Fopt | measured fitness | best measured fitness | x1 | x2...
1 +2.896323113e+02 +2.896323113e+02 +2.768623113e+02 +2.768623113e+02 +0.0000e+00 +0.0000e+00 +0.0000e+00 +0.0000e+00 +0.0000e+00 +0.0000e+00 +0.0000e+00 +0.0000e+00 +0.0000e+00 +0.0000e+00
276 +2.573203233e+02 +2.573203233e+02 +2.445503233e+02 +2.445503233e+02 -2.7009e+00 -7.0063e-01 +1.1978e+00 -1.4321e+00 +1.0892e+00 +7.1071e-01 +1.6928e+00 -5.3134e-01 +3.3344e-01 +9.0798e-01
286 +2.526945532e+02 +2.526945532e+02 +2.399245532e+02 +2.399245532e+02 -2.4422e+00 -2.8505e-02 +9.8510e-01 -1.8642e+00 +1.1206e+00 +2.6951e-01 +9.0074e-01 -1.1582e+00 +2.5775e-01 +7.0514e-01
290 +2.435159525e+02 +2.435159525e+02 +2.307459525e+02 +2.307459525e+02 -2.7378e+00 +5.4069e-01 +1.5339e+00 -2.2518e+00 +1.3449e+00 +6.7849e-01 +1.6537e+00 -7.6480e-01 +6.6984e-01 +6.5791e-01
291 +2.336969937e+02 +2.336969937e+02 +2.209269937e+02 +2.209269937e+02 -2.6744e+00 +3.1481e-01 +7.9768e-01 -3.2104e+00 +1.2329e+00 +2.8344e-01 +1.6581e+00 -5.0929e-01 +2.1243e-01 -2.4406e-01
312 +2.232266211e+02 +2.232266211e+02 +2.104566211e+02 +2.104566211e+02 -1.6671e+00 +2.9808e-01 +1.5688e+00 -1.3891e+00 +6.4575e-01 +1.0580e+00 +1.6859e+00 -8.5887e-01 +1.6953e+00 +1.5105e+00
349 +1.920895509e+02 +1.920895509e+02 +1.793195509e+02 +1.793195509e+02 -1.0692e+00 +5.7200e-01 +1.3384e+00 -3.1224e+00 +1.3077e+00 +3.5323e-01 +1.9891e+00 -1.0439e+00 +2.8355e+00 +3.6868e-01
354 +1.702458100e+02 +1.702458100e+02 +1.574758100e+02 +1.574758100e+02 -1.4062e+00 -4.1197e-01 +9.2190e-01 -1.3416e+00 -6.1605e-01 +1.5531e+00 +3.1541e+00 -5.9536e-01 +3.0998e+00 -1.5698e+00
466 +1.684201711e+02 +1.684201711e+02 +1.556501711e+02 +1.556501711e+02 -7.1696e-01 +2.5703e-01 +1.4130e+00 -9.1716e-01 +1.6138e+00 +1.3065e+00 +9.6196e-01 -7.0690e-01 +2.6098e+00 -1.9085e+00
483 +1.355105392e+02 +1.355105392e+02 +1.227405392e+02 +1.227405392e+02 -1.3255e+00 +1.0417e+00 +1.3732e+00 -1.0066e+00 +9.9276e-01 +1.9102e+00 +1.9213e-01 -7.4802e-02 +2.2592e+00 -4.5134e-01
566 +1.215903936e+02 +1.215903936e+02 +1.088203936e+02 +1.088203936e+02 -5.3373e-01 +1.2728e+00 +1.6236e+00 -1.8096e+00 +1.2288e+00 +2.2518e+00 +2.0781e+00 -6.9391e-01 +1.9868e+00 -8.2994e-01
817 +1.073624943e+02 +1.073624943e+02 +9.459249432e+01 +9.459249432e+01 -1.9633e+00 +1.2448e+00 +1.6368e+00 +1.0083e-01 +8.8620e-01 +2.6507e+00 +3.0315e+00 -1.6315e+00 +2.6049e+00 -8.6183e-01
924 +1.045580854e+02 +1.045580854e+02 +9.178808539e+01 +9.178808539e+01 -1.4466e+00 +1.3623e+00 +1.2488e+00 -1.5066e-01 +1.0794e+00 +2.7862e+00 +2.9236e+00 -1.2699e+00 +2.5506e+00 -8.7568e-01
977 +9.329559011e+01 +9.329559011e+01 +8.052559011e+01 +8.052559011e+01 -1.6608e+00 +1.5043e+00 +9.6781e-01 +1.4301e-01 +1.0617e+00 +2.8550e+00 +3.0098e+00 -1.8410e+00 +2.6311e+00 -8.6136e-01
1056 +7.677330122e+01 +7.677330122e+01 +6.400330122e+01 +6.400330122e+01 -1.1615e+00 +1.8320e+00 +1.3592e+00 -3.8471e-01 +5.1470e-01 +2.9573e+00 +2.9440e+00 -1.5958e+00 +2.6257e+00 -1.1644e+00
1114 +7.381157635e+01 +7.381157635e+01 +6.104157635e+01 +6.104157635e+01 -1.4548e+00 +1.4858e+00 +2.1316e+00 -6.5969e-01 +7.3016e-01 +2.9335e+00 +2.9262e+00 -1.6034e+00 +2.6894e+00 -5.3405e-01
1316 +7.179756596e+01 +7.179756596e+01 +5.902756596e+01 +5.902756596e+01 -1.2245e+00 +1.4340e+00 +1.9654e+00 -4.6064e-01 +9.3319e-01 +2.9037e+00 +2.8919e+00 -1.2120e+00 +2.9735e+00 -1.5357e+00
1562 +6.473301811e+01 +6.473301811e+01 +5.196301811e+01 +5.196301811e+01 -1.3215e+00 +1.4419e+00 +1.4205e+00 -4.2811e-01 +8.9296e-01 +3.0195e+00 +3.0407e+00 -1.0928e+00 +2.6270e+00 -1.4391e+00
1705 +6.395735944e+01 +6.395735944e+01 +5.118735944e+01 +5.118735944e+01 -1.2496e+00 +1.3444e+00 +1.2858e+00 -5.2963e-01 +1.1132e+00 +2.9404e+00 +3.0233e+00 -1.1216e+00 +2.6043e+00 -1.1176e+00
1741 +5.637100761e+01 +5.637100761e+01 +4.360100761e+01 +4.360100761e+01 -1.3890e+00 +1.4636e+00 +1.4841e+00 -4.4007e-01 +1.0712e+00 +3.0494e+00 +2.9879e+00 -1.1997e+00 +2.6921e+00 -1.1095e+00
1773 +5.222714026e+01 +5.222714026e+01 +3.945714026e+01 +3.945714026e+01 -1.5128e+00 +1.3282e+00 +1.2924e+00 -4.0471e-01 +1.0125e+00 +2.9800e+00 +2.9798e+00 -1.1802e+00 +3.0310e+00 -1.1574e+00
1782 +4.936768835e+01 +4.936768835e+01 +3.659768835e+01 +3.659768835e+01 -1.4310e+00 +1.4686e+00 +1.3585e+00 -4.9426e-01 +1.0749e+00 +2.9997e+00 +2.9598e+00 -1.1497e+00 +2.7426e+00 -1.1915e+00
1985 +4.544607942e+01 +4.544607942e+01 +3.267607942e+01 +3.267607942e+01 -1.3083e+00 +1.4413e+00 +1.4116e+00 -5.2294e-01 +9.7183e-01 +2.9773e+00 +2.9236e+00 -1.1645e+00 +2.6974e+00 -1.1287e+00
2002 +4.196950418e+01 +4.196950418e+01 +2.919950418e+01 +2.919950418e+01 -1.3058e+00 +1.4344e+00 +1.4030e+00 -5.1133e-01 +1.0198e+00 +3.0139e+00 +2.9335e+00 -1.1451e+00 +2.7034e+00 -1.1456e+00
2024 +3.660812405e+01 +3.660812405e+01 +2.383812405e+01 +2.383812405e+01 -1.3332e+00 +1.4482e+00 +1.3584e+00 -5.3771e-01 +9.6031e-01 +2.9925e+00 +2.9614e+00 -1.1422e+00 +2.6798e+00 -1.1498e+00
2046 +3.605319914e+01 +3.605319914e+01 +2.328319914e+01 +2.328319914e+01 -1.3080e+00 +1.4583e+00 +1.3765e+00 -5.2842e-01 +9.9140e-01 +3.0173e+00 +2.9428e+00 -1.1633e+00 +2.6779e+00 -1.1508e+00
2068 +3.503317737e+01 +3.503317737e+01 +2.226317737e+01 +2.226317737e+01 -1.3122e+00 +1.4656e+00 +1.3651e+00 -5.0005e-01 +9.8376e-01 +3.0199e+00 +2.9425e+00 -1.1575e+00 +2.6556e+00 -1.1553e+00
2134 +3.462436439e+01 +3.462436439e+01 +2.185436439e+01 +2.185436439e+01 -1.3200e+00 +1.4469e+00 +1.3730e+00 -5.3768e-01 +9.5368e-01 +3.0088e+00 +2.9760e+00 -1.1637e+00 +2.6438e+00 -1.1660e+00
2137 +3.374482459e+01 +3.374482459e+01 +2.097482459e+01 +2.097482459e+01 -1.3635e+00 +1.4793e+00 +1.3846e+00 -5.3993e-01 +9.9399e-01 +2.9993e+00 +2.9510e+00 -1.1695e+00 +2.6444e+00 -1.1597e+00
2200 +3.293760371e+01 +3.293760371e+01 +2.016760371e+01 +2.016760371e+01 -1.3521e+00 +1.4692e+00 +1.3711e+00 -5.4213e-01 +9.8221e-01 +3.0093e+00 +2.9763e+00 -1.1579e+00 +2.6481e+00 -1.1605e+00
2332 +3.231789947e+01 +3.231789947e+01 +1.954789947e+01 +1.954789947e+01 -1.3915e+00 +1.4537e+00 +1.3484e+00 -5.2931e-01 +9.9408e-01 +3.0132e+00 +2.9641e+00 -1.1570e+00 +2.6486e+00 -1.1609e+00
% function evaluation | noise-free fitness - Fopt (-1.000000000000e+03) | best noise-free fitness - Fopt | measured fitness | best measured fitness | x1 | x2...
1 +2.904555801e+02 +2.904555801e+02 -7.095444199e+02 -7.095444199e+02 +0.0000e+00 +0.0000e+00 +0.0000e+00 +0.0000e+00 +0.0000e+00 +0.0000e+00 +0.0000e+00 +0.0000e+00 +0.0000e+00 +0.0000e+00
235 +2.541551135e+02 +2.541551135e+02 -7.458448865e+02 -7.458448865e+02 +5.8384e-01 -9.6344e-01 -4.2444e+00 +2.2260e-01 +1.6351e-01 +1.9612e+00 +7.4819e-01 +4.2916e+00 -6.9054e-01 -1.6272e+00
264 +2.359445047e+02 +2.359445047e+02 -7.640554953e+02 -7.640554953e+02 +1.4494e-01 -1.6855e+00 -4.2869e+00 -5.7850e-01 -1.0723e+00 +1.4379e+00 +1.9710e+00 +3.7979e+00 -1.0587e+00 -7.8385e-01
279 +1.903878308e+02 +1.903878308e+02 -8.096121692e+02 -8.096121692e+02 -2.1173e+00 -4.5241e+00 -1.8942e+00 +8.4022e-01 -9.2863e-03 +2.6728e+00 +2.5040e+00 +3.2913e+00 +5.2750e-01 +2.3282e-01
498 +1.734082378e+02 +1.734082378e+02 -8.265917622e+02 -8.265917622e+02 -9.3445e-01 -3.1309e+00 -3.7678e+00 -1.2571e-01 +5.8193e-01 -2.2003e-01 +3.4467e+00 +3.7586e+00 +3.5201e-01 -1.1005e+00
546 +1.587261172e+02 +1.587261172e+02 -8.412738828e+02 -8.412738828e+02 -1.0174e+00 -4.3533e+00 -4.2091e+00 -6.6925e-01 +2.9333e-01 -1.6803e+00 +3.0508e+00 +3.5447e+00 +1.0937e+00 -1.6612e+00
550 +1.569356369e+02 +1.569356369e+02 -8.430643631e+02 -8.430643631e+02 -1.0787e+00 -3.6265e+00 -3.9017e+00 -3.5500e-01 -1.1324e-01 -1.6246e+00 +3.2133e+00 +3.3521e+00 +8.4069e-01 -6.3771e-01
585 +1.531992871e+02 +1.531992871e+02 -8.468007129e+02 -8.468007129e+02 -1.5144e+00 -4.4115e+00 -2.9446e+00 +7.2875e-01 +1.3290e+00 -2.7123e-01 +3.7025e+00 +3.3611e+00 +8.3869e-01 -1.3466e+00
592 +1.351626734e+02 +1.351626734e+02 -8.648373266e+02 -8.648373266e+02 +8.8888e-01 -4.5678e+00 -4.0646e+00 +4.7531e-01 +3.1684e-01 -3.9650e-01 +2.8899e+00 +3.7176e+00 +1.4677e+00 -9.5389e-01
739 +1.348583550e+02 +1.348583550e+02 -8.651416450e+02 -8.651416450e+02 -6.8498e-02 -5.0186e+00 -2.3209e+00 +4.0413e-02 +1.0651e+00 -1.0232e+00 +3.3877e+00 +2.9024e+00 +1.2955e-01 -1.2710e+00
833 +1.174158585e+02 +1.174158585e+02 -8.825841415e+02 -8.825841415e+02 -1.8570e-01 -4.2763e+00 -3.0570e+00 +6.0172e-02 +8.8518e-01 -3.8829e-02 +3.2833e+00 +3.2734e+00 +1.0677e+00 -1.4715e+00
862 +1.082515246e+02 +1.082515246e+02 -8.917484754e+02 -8.917484754e+02 -4.9269e-01 -2.6147e+00 -2.7305e+00 +1.0365e-01 +9.1763e-01 -9.6565e-02 +2.9337e+00 +3.3097e+00 +1.4071e+00 -1.2380e+00
917 +9.963214374e+01 +9.963214374e+01 -9.003678563e+02 -9.003678563e+02 +9.9751e-01 -4.3594e+00 -2.9753e+00 -4.7566e-02 +6.9138e-01 -1.2964e-01 +3.0725e+00 +2.9844e+00 +1.1458e+00 -6.1085e-01
1156 +8.443527051e+01 +8.443527051e+01 -9.155647295e+02 -9.155647295e+02 +9.1428e-01 -3.7467e+00 -2.9485e+00 +2.3250e-01 +6.4104e-01 -2.2662e-02 +2.9224e+00 +2.5096e+00 +1.1768e+00 -6.1201e-01
1848 +7.839139543e+01 +7.839139543e+01 -9.216086046e+02 -9.216086046e+02 +1.0089e+00 -3.6236e+00 -2.9957e+00 +1.3070e-01 -3.2383e-01 +4.4385e-01 +2.9590e+00 +3.3700e+00 +1.1007e+00 -6.0276e-01
1914 +7.328284865e+01 +7.328284865e+01 -9.267171514e+02 -9.267171514e+02 +9.3644e-01 -3.6892e+00 -2.9322e+00 +1.3451e-01 -2.7765e-01 +4.9161e-01 +2.9703e+00 +3.3413e+00 +1.1459e+00 -6.2424e-01
1936 +7.039419111e+01 +7.039419111e+01 -9.296058089e+02 -9.296058089e+02 +9.5932e-01 -3.6811e+00 -2.9387e+00 +1.3215e-01 -2.9130e-01 +4.7527e-01 +2.9548e+00 +3.3415e+00 +1.1347e+00 -6.3400e-01
2046 +6.912450405e+01 +6.912450405e+01 -9.308754960e+02 -9.308754960e+02 +9.3304e-01 -3.7079e+00 -2.9665e+00 +1.5689e-01 -2.7226e-01 +4.5293e-01 +2.9368e+00 +3.3359e+00 +1.1194e+00 -5.8149e-01
2156 +6.686350017e+01 +6.686350017e+01 -9.331364998e+02 -9.331364998e+02 +9.3301e-01 -3.7155e+00 -2.9991e+00 +1.4584e-01 -2.9636e-01 +4.3334e-01 +2.9504e+00 +3.3469e+00 +1.1085e+00 -6.1439e-01
2308 +6.580919465e+01 +6.580919465e+01 -9.341908053e+02 -9.341908053e+02 +9.5034e-01 -3.7091e+00 -3.0354e+00 +1.5854e-01 -2.8596e-01 +4.3319e-01 +2.9450e+00 +3.3291e+00 +1.1331e+00 -6.3083e-01
5930 +5.617803367e+01 +5.617803367e+01 -9.438219663e+02 -9.438219663e+02 -7.5407e-01 -3.6022e+00 +1.3172e+00 +1.3602e+00 +1.3853e+00 -5.5334e-01 +3.4694e+00 +3.6389e+00 +1.1223e+00 -1.2781e+00
% function evaluation | noise-free fitness - Fopt (-1.000000000000e+03) | best noise-free fitness - Fopt | measured fitness | best measured fitness | x1 | x2...
1 +2.603018159e+02 +2.603018159e+02 -7.396981841e+02 -7.396981841e+02 +0.0000e+00 +0.0000e+00 +0.0000e+00 +0.0000e+00 +0.0000e+00 +0.0000e+00 +0.0000e+00 +0.0000e+00 +0.0000e+00 +0.0000e+00
264 +2.507567889e+02 +2.507567889e+02 -7.492432111e+02 -7.492432111e+02 -1.8697e+00 -3.5701e-01 -1.5184e+00 +2.7728e+00 -1.5251e+00 -1.3011e+00 -1.9206e-01 -2.6412e+00 +7.7422e-01 +1.7599e+00
279 +2.183856918e+02 +2.183856918e+02 -7.816143082e+02 -7.816143082e+02 -1.7989e+00 -1.6039e-01 -1.6101e+00 +3.9894e+00 -1.1809e+00 -2.6702e+00 +8.9770e-02 -1.3249e+00 +1.2462e+00 +1.1325e+00
344 +1.748033921e+02 +1.748033921e+02 -8.251966079e+02 -8.251966079e+02 -1.1860e+00 -7.6581e-01 -1.3983e+00 +4.0262e+00 -1.7061e+00 -1.3792e+00 -1.6795e-01 -5.2677e-01 +1.1580e+00 +1.7466e+00
398 +1.463428673e+02 +1.463428673e+02 -8.536571327e+02 -8.536571327e+02 -1.0953e+00 -2.0792e-01 -1.6604e-01 +3.4666e+00 -1.5547e+00 -1.8084e+00 -1.3171e+00 +2.4723e+00 +3.2912e-01 +3.3838e+00
426 +1.228891827e+02 +1.228891827e+02 -8.771108173e+02 -8.771108173e+02 -2.0327e+00 -3.1831e-01 -9.7088e-01 +3.7372e+00 -2.6574e-01 -1.6561e+00 -1.3424e+00 +2.3380e+00 +1.1673e+00 +2.5127e+00
462 +1.139404410e+02 +1.139404410e+02 -8.860595590e+02 -8.860595590e+02 -8.7214e-01 +5.5412e-01 -7.0050e-01 +3.3317e+00 -1.6258e-01 -1.3256e+00 -4.3994e-01 +2.1063e+00 +5.4245e-01 +1.4146e+00
537 +9.457877043e+01 +9.457877043e+01 -9.054212296e+02 -9.054212296e+02 -1.6986e+00 -1.3002e-02 +6.9363e-01 +2.1977e+00 +6.9871e-01 -1.7586e+00 -3.1728e-02 +2.8289e+00 +1.6985e+00 +2.2650e+00
682 +8.357309044e+01 +8.357309044e+01 -9.164269096e+02 -9.164269096e+02 -1.2146e-01 +6.5931e-01 -7.1217e-01 +3.3776e+00 -6.6675e-01 -1.2717e+00 -5.7902e-01 +2.3302e+00 +5.0728e-01 +1.3737e+00
896 +8.139703743e+01 +8.139703743e+01 -9.186029626e+02 -9.186029626e+02 +1.2589e-01 +3.7477e-01 +7.0907e-01 +3.4717e+00 -6.8871e-01 -1.2742e+00 -1.0060e-01 +2.7861e+00 +8.8460e-01 +1.0233e+00
927 +7.738148391e+01 +7.738148391e+01 -9.226185161e+02 -9.226185161e+02 +8.8035e-02 -1.5300e-01 +6.6797e-02 +2.9302e+00 -1.4265e+00 -1.6689e+00 -9.4541e-02 +3.2402e+00 +1.2469e+00 +1.4797e+00
992 +6.248574674e+01 +6.248574674e+01 -9.375142533e+02 -9.375142533e+02 +1.0772e-02 +4.1171e-01 +8.0975e-01 +2.8218e+00 -9.4471e-01 -1.7859e+00 -1.7381e-01 +3.2548e+00 +1.2096e+00 +2.0124e+00
1188 +5.986611972e+01 +5.986611972e+01 -9.401338803e+02 -9.401338803e+02 +1.3770e-01 +6.1077e-01 +1.5478e-01 +2.7434e+00 -7.5601e-01 -1.7655e+00 -8.1163e-02 +3.0403e+00 +8.1875e-01 +1.4729e+00
1276 +5.159781814e+01 +5.159781814e+01 -9.484021819e+02 -9.484021819e+02 +1.1490e-01 +8.2265e-01 +2.0286e-02 +2.8025e+00 -7.4644e-01 -1.8699e+00 -2.1060e-01 +3.0998e+00 +8.3317e-01 +1.4093e+00
1338 +4.329628763e+01 +4.329628763e+01 -9.567037124e+02 -9.567037124e+02 +1.5786e-01 +6.4121e-01 +1.0151e-01 +2.7861e+00 -8.0655e-01 -1.7398e+00 -1.2365e-01 +3.5836e+00 +8.1499e-01 +1.3944e+00
1364 +4.210449571e+01 +4.210449571e+01 -9.578955043e+02 -9.578955043e+02 +2.2903e-01 +7.5138e-01 +1.5410e-01 +2.7736e+00 -7.8174e-01 -1.8434e+00 -6.2015e-02 +3.1736e+00 +7.8974e-01 +1.4003e+00
1430 +3.449887850e+01 +3.449887850e+01 -9.655011215e+02 -9.655011215e+02 +2.1984e-01 +7.2485e-01 +7.3101e-02 +2.7555e+00 -8.0651e-01 -1.8472e+00 -1.9899e-01 +3.1945e+00 +8.0125e-01 +1.4148e+00
1496 +3.200729146e+01 +3.200729146e+01 -9.679927085e+02 -9.679927085e+02 +2.6146e-01 +6.7371e-01 +9.8967e-02 +2.7918e+00 -8.3161e-01 -1.8120e+00 -1.7509e-01 +3.2124e+00 +8.1886e-01 +1.4231e+00
1606 +3.128493543e+01 +3.128493543e+01 -9.687150646e+02 -9.687150646e+02 +2.6823e-01 +7.2140e-01 +8.4067e-02 +2.7565e+00 -8.5500e-01 -1.8714e+00 -1.3942e-01 +3.1872e+00 +8.2517e-01 +1.4088e+00
1760 +3.046505442e+01 +3.046505442e+01 -9.695349456e+02 -9.695349456e+02 +2.6576e-01 +6.8486e-01 +5.6404e-02 +2.7520e+00 -8.5150e-01 -1.8475e+00 -1.2230e-01 +3.1992e+00 +8.3974e-01 +1.3933e+00
1804 +2.922958183e+01 +2.922958183e+01 -9.707704182e+02 -9.707704182e+02 +2.5623e-01 +6.7081e-01 +1.0069e-01 +2.7500e+00 -8.5223e-01 -1.8354e+00 -1.3935e-01 +3.2100e+00 +8.2200e-01 +1.3964e+00
6536 +2.843932109e+01 +2.843932109e+01 -9.715606789e+02 -9.715606789e+02 +1.1802e+00 -2.0392e+00 +7.8064e-02 +4.2629e+00 +9.5710e-02 -1.7955e+00 +2.9292e-01 +2.7750e+00 +1.2520e+00 +1.8246e+00
6756 +2.669199721e+01 +2.669199721e+01 -9.733080028e+02 -9.733080028e+02 +1.2710e+00 -2.0268e+00 +9.7179e-02 +4.2501e+00 +2.0007e-01 -1.7784e+00 +2.6793e-01 +2.7778e+00 +1.2341e+00 +2.0845e+00
6778 +2.549769190e+01 +2.549769190e+01 -9.745023081e+02 -9.745023081e+02 +1.2690e+00 -2.0317e+00 +7.9287e-02 +4.2513e+00 +2.0562e-01 -1.8448e+00 +2.7289e-01 +2.7532e+00 +1.2473e+00 +2.0846e+00
6821 +2.122088572e+01 +2.122088572e+01 -9.787791143e+02 -9.787791143e+02 +1.2089e+00 -2.0267e+00 +9.7842e-02 +4.2404e+00 +1.7457e-01 -1.8277e+00 +3.6157e-01 +2.7970e+00 +1.2584e+00 +2.0817e+00
6976 +2.068201530e+01 +2.068201530e+01 -9.793179847e+02 -9.793179847e+02 +1.1895e+00 -2.0389e+00 +9.3007e-02 +4.2147e+00 +1.9429e-01 -1.8201e+00 +2.7833e-01 +2.7617e+00 +1.2522e+00 +2.0893e+00
6998 +1.936793623e+01 +1.936793623e+01 -9.806320638e+02 -9.806320638e+02 +1.1703e+00 -2.0307e+00 +8.1963e-02 +4.2124e+00 +2.0008e-01 -1.8344e+00 +2.8999e-01 +2.7794e+00 +1.2570e+00 +2.0900e+00
7020 +1.902310172e+01 +1.902310172e+01 -9.809768983e+02 -9.809768983e+02 +1.1809e+00 -2.0371e+00 +7.5856e-02 +4.2145e+00 +1.8488e-01 -1.8430e+00 +3.1295e-01 +2.7885e+00 +1.2687e+00 +2.0864e+00
7196 +1.856262524e+01 +1.856262524e+01 -9.814373748e+02 -9.814373748e+02 +1.1772e+00 -2.0328e+00 +8.1242e-02 +4.1960e+00 +1.7133e-01 -1.8360e+00 +3.1524e-01 +2.7677e+00 +1.2586e+00 +2.0842e+00
7438 +1.814728477e+01 +1.814728477e+01 -9.818527152e+02 -9.818527152e+02 +1.1644e+00 -2.0441e+00 +9.1755e-02 +4.1557e+00 +1.8294e-01 -1.8273e+00 +3.1333e-01 +2.7771e+00 +1.2557e+00 +2.0881e+00
