% function evaluation | noise-free fitness - Fopt (3.590000000000e+01) | best noise-free fitness - Fopt | measured fitness | best measured fitness | x1 | x2...
1 +2.283102266e+05 +2.283102266e+05 +2.283461266e+05 +2.283461266e+05 +0.0000e+00 +0.0000e+00
93 +2.833701180e+04 +2.833701180e+04 +2.837291180e+04 +2.837291180e+04 +2.1442e+00 +4.1013e+00
98 +1.183503536e+03 +1.183503536e+03 +1.219403536e+03 +1.219403536e+03 +5.0237e+00 +3.4555e+00
106 +1.037653886e+02 +1.037653886e+02 +1.396653886e+02 +1.396653886e+02 +5.1661e+00 +3.0553e+00
173 +8.951304513e+01 +8.951304513e+01 +1.254130451e+02 +1.254130451e+02 +6.2198e+00 +2.7755e+00
210 +7.306509016e+01 +7.306509016e+01 +1.089650902e+02 +1.089650902e+02 +5.7069e+00 +3.2375e+00
325 +6.619777802e+01 +6.619777802e+01 +1.020977780e+02 +1.020977780e+02 +5.5744e+00 +3.0108e+00
360 +5.468668310e+01 +5.468668310e+01 +9.058668310e+01 +9.058668310e+01 +5.2903e+00 +2.7749e+00
392 +3.496415779e+01 +3.496415779e+01 +7.086415779e+01 +7.086415779e+01 +4.8329e+00 +2.0498e+00
541 +2.850171002e+01 +2.850171002e+01 +6.440171002e+01 +6.440171002e+01 +4.5700e+00 +2.2920e+00
577 +2.516321965e+01 +2.516321965e+01 +6.106321965e+01 +6.106321965e+01 +4.4222e+00 +2.3531e+00
580 +2.356184098e+01 +2.356184098e+01 +5.946184098e+01 +5.946184098e+01 +4.2574e+00 +2.2648e+00
590 +2.289829701e+01 +2.289829701e+01 +5.879829701e+01 +5.879829701e+01 +4.2790e+00 +2.0848e+00
596 +1.203996447e+01 +1.203996447e+01 +4.793996447e+01 +4.793996447e+01 +3.8609e+00 +1.6823e+00
623 +4.741833112e+00 +4.741833112e+00 +4.064183311e+01 +4.064183311e+01 +3.6333e+00 +9.1222e-01
665 +1.316868351e+00 +1.316868351e+00 +3.721686835e+01 +3.721686835e+01 +3.1763e+00 +1.0342e+00
691 +2.519947513e-01 +2.519947513e-01 +3.615199475e+01 +3.615199475e+01 +2.9525e+00 +1.0568e+00
835 +6.410046612e-02 +6.410046612e-02 +3.596410047e+01 +3.596410047e+01 +2.8730e+00 +1.0215e+00
1275 +5.867381287e-02 +5.867381287e-02 +3.595867381e+01 +3.595867381e+01 +2.8602e+00 +9.2628e-01
1279 +5.074982522e-02 +5.074982522e-02 +3.595074983e+01 +3.595074983e+01 +2.8606e+00 +9.4067e-01
1296 +3.955423320e-02 +3.955423320e-02 +3.593955423e+01 +3.593955423e+01 +2.8452e+00 +9.7204e-01
1303 +9.343764418e-03 +9.343764418e-03 +3.590934376e+01 +3.590934376e+01 +2.8098e+00 +1.0430e+00
1555 +8.824343574e-03 +8.824343574e-03 +3.590882434e+01 +3.590882434e+01 +2.8126e+00 +1.0548e+00
1576 +2.573023327e-03 +2.573023327e-03 +3.590257302e+01 +3.590257302e+01 +2.7982e+00 +1.0932e+00
1627 +2.512909229e-03 +2.512909229e-03 +3.590251291e+01 +3.590251291e+01 +2.7958e+00 +1.0808e+00
1666 +1.656089675e-03 +1.656089675e-03 +3.590165609e+01 +3.590165609e+01 +2.7897e+00 +1.1179e+00
1723 +9.372600586e-04 +9.372600586e-04 +3.590093726e+01 +3.590093726e+01 +2.7906e+00 +1.0980e+00
1823 +5.160312374e-04 +5.160312374e-04 +3.590051603e+01 +3.590051603e+01 +2.7881e+00 +1.1015e+00
1874 +3.728326147e-04 +3.728326147e-04 +3.590037283e+01 +3.590037283e+01 +2.7871e+00 +1.1057e+00
1895 +5.846151825e-05 +5.846151825e-05 +3.590005846e+01 +3.590005846e+01 +2.7835e+00 +1.1122e+00
2038 +3.582097873e-05 +3.582097873e-05 +3.590003582e+01 +3.590003582e+01 +2.7831e+00 +1.1108e+00
2106 +2.937351142e-05 +2.937351142e-05 +3.590002937e+01 +3.590002937e+01 +2.7828e+00 +1.1110e+00
2140 +2.819951048e-05 +2.819951048e-05 +3.590002820e+01 +3.590002820e+01 +2.7828e+00 +1.1125e+00
2151 +8.395707113e-06 +8.395707113e-06 +3.590000840e+01 +3.590000840e+01 +2.7823e+00 +1.1125e+00
2384 +6.386806056e-06 +6.386806056e-06 +3.590000639e+01 +3.590000639e+01 +2.7821e+00 +1.1124e+00
2434 +3.106774685e-06 +3.106774685e-06 +3.590000311e+01 +3.590000311e+01 +2.7820e+00 +1.1132e+00
2438 +1.665818331e-06 +1.665818331e-06 +3.590000167e+01 +3.590000167e+01 +2.7819e+00 +1.1132e+00
2462 +9.541827879e-07 +9.541827879e-07 +3.590000095e+01 +3.590000095e+01 +2.7818e+00 +1.1132e+00
2510 +5.234051272e-07 +5.234051272e-07 +3.590000052e+01 +3.590000052e+01 +2.7817e+00 +1.1134e+00
2580 +5.092228506e-07 +5.092228506e-07 +3.590000051e+01 +3.590000051e+01 +2.7817e+00 +1.1135e+00
2705 +3.485274149e-07 +3.485274149e-07 +3.590000035e+01 +3.590000035e+01 +2.7817e+00 +1.1134e+00
2756 +2.697529879e-07 +2.697529879e-07 +3.590000027e+01 +3.590000027e+01 +2.7817e+00 +1.1135e+00
2801 +1.745572007e-07 +1.745572007e-07 +3.590000017e+01 +3.590000017e+01 +2.7817e+00 +1.1136e+00
2833 +1.693114697e-07 +1.693114697e-07 +3.590000017e+01 +3.590000017e+01 +2.7817e+00 +1.1136e+00
2847 +6.052616186e-09 +6.052616186e-09 +3.590000001e+01 +3.590000001e+01 +2.7816e+00 +1.1136e+00
% function evaluation | noise-free fitness - Fopt (3.137000000000e+01) | best noise-free fitness - Fopt | measured fitness | best measured fitness | x1 | x2...
1 +1.213706503e+04 +1.213706503e+04 +1.216843503e+04 +1.216843503e+04 +0.0000e+00 +0.0000e+00
86 +8.713740177e+03 +8.713740177e+03 +8.745110177e+03 +8.745110177e+03 +2.6681e-01 +1.8907e-01
91 +6.410258414e+02 +6.410258414e+02 +6.723958414e+02 +6.723958414e+02 +3.3275e+00 +2.8686e-01
99 +3.703658943e+02 +3.703658943e+02 +4.017358943e+02 +4.017358943e+02 +7.1445e+00 -8.5622e-01
102 +6.301961391e+01 +6.301961391e+01 +9.438961391e+01 +9.438961391e+01 +2.9255e+00 +1.7265e+00
117 +3.288477564e+01 +3.288477564e+01 +6.425477564e+01 +6.425477564e+01 +1.9079e+00 +2.1493e+00
144 +2.201361585e+01 +2.201361585e+01 +5.338361585e+01 +5.338361585e+01 +8.3690e-01 +4.9364e+00
188 +1.029203663e+01 +1.029203663e+01 +4.166203663e+01 +4.166203663e+01 -2.8001e-01 +5.3034e+00
250 +6.280400916e+00 +6.280400916e+00 +3.765040092e+01 +3.765040092e+01 +2.4661e-01 +3.5958e+00
347 +3.029287138e+00 +3.029287138e+00 +3.439928714e+01 +3.439928714e+01 -3.3249e-01 +3.7315e+00
387 +1.609469939e+00 +1.609469939e+00 +3.297946994e+01 +3.297946994e+01 -3.0779e-01 +3.2107e+00
412 +3.579590610e-01 +3.579590610e-01 +3.172795906e+01 +3.172795906e+01 -9.4244e-02 +1.8881e+00
461 +6.149470526e-02 +6.149470526e-02 +3.143149471e+01 +3.143149471e+01 -2.7014e-01 +2.0957e+00
530 +1.928107375e-02 +1.928107375e-02 +3.138928107e+01 +3.138928107e+01 -2.6979e-01 +2.0010e+00
806 +1.891537689e-02 +1.891537689e-02 +3.138891538e+01 +3.138891538e+01 -2.7767e-01 +2.0054e+00
807 +2.823547136e-03 +2.823547136e-03 +3.137282355e+01 +3.137282355e+01 -2.6110e-01 +1.8927e+00
984 +2.053615362e-03 +2.053615362e-03 +3.137205362e+01 +3.137205362e+01 -2.6273e-01 +1.9027e+00
1097 +1.701530124e-03 +1.701530124e-03 +3.137170153e+01 +3.137170153e+01 -2.6396e-01 +1.9056e+00
1109 +2.832549382e-04 +2.832549382e-04 +3.137028325e+01 +3.137028325e+01 -2.6894e-01 +1.9003e+00
1238 +1.425051141e-04 +1.425051141e-04 +3.137014251e+01 +3.137014251e+01 -2.7003e-01 +1.8991e+00
1244 +1.220714669e-04 +1.220714669e-04 +3.137012207e+01 +3.137012207e+01 -2.7199e-01 +1.9031e+00
1332 +6.328908777e-05 +6.328908777e-05 +3.137006329e+01 +3.137006329e+01 -2.7069e-01 +1.8981e+00
1388 +1.184679170e-05 +1.184679170e-05 +3.137001185e+01 +3.137001185e+01 -2.7209e-01 +1.8986e+00
1446 +9.694760191e-06 +9.694760191e-06 +3.137000969e+01 +3.137000969e+01 -2.7183e-01 +1.8982e+00
1468 +7.929843896e-06 +7.929843896e-06 +3.137000793e+01 +3.137000793e+01 -2.7167e-01 +1.8975e+00
1509 +4.495693062e-07 +4.495693062e-07 +3.137000045e+01 +3.137000045e+01 -2.7194e-01 +1.8970e+00
1759 +2.587934489e-08 +2.587934489e-08 +3.137000003e+01 +3.137000003e+01 -2.7199e-01 +1.8968e+00
2006 +6.444622613e-10 +6.444622613e-10 +3.137000000e+01 +3.137000000e+01 -2.7200e-01 +1.8968e+00
% function evaluation | noise-free fitness - Fopt (-1.000000000000e+03) | best noise-free fitness - Fopt | measured fitness | best measured fitness | x1 | x2...
1 +6.117604822e+04 +6.117604822e+04 +6.017604822e+04 +6.017604822e+04 +0.0000e+00 +0.0000e+00
95 +1.518513438e+03 +1.518513438e+03 +5.185134375e+02 +5.185134375e+02 +1.6413e+00 +4.1125e-01
109 +6.957355518e+01 +6.957355518e+01 -9.304264448e+02 -9.304264448e+02 +4.3068e+00 -8.0946e-01
110 +1.940511701e+01 +1.940511701e+01 -9.805948830e+02 -9.805948830e+02 +2.2717e+00 +4.2151e-01
179 +6.686841928e+00 +6.686841928e+00 -9.933131581e+02 -9.933131581e+02 +1.2037e+00 -1.0847e+00
229 +4.220014421e+00 +4.220014421e+00 -9.957799856e+02 -9.957799856e+02 +9.0660e-01 -2.0153e+00
316 +3.990782002e+00 +3.990782002e+00 -9.960092180e+02 -9.960092180e+02 +6.6405e-01 -3.0116e+00
337 +1.236203105e+00 +1.236203105e+00 -9.987637969e+02 -9.987637969e+02 +2.1057e-01 -3.2476e+00
435 +1.441996061e-01 +1.441996061e-01 -9.998558004e+02 -9.998558004e+02 -2.3501e-02 -3.0906e+00
486 +8.012526258e-03 +8.012526258e-03 -9.999919875e+02 -9.999919875e+02 -1.5894e-01 -3.3154e+00
628 +1.046658456e-03 +1.046658456e-03 -9.999989533e+02 -9.999989533e+02 -1.7747e-01 -3.3265e+00
877 +5.012191692e-04 +5.012191692e-04 -9.999994988e+02 -9.999994988e+02 -1.7956e-01 -3.3189e+00
1227 +2.424624389e-04 +2.424624389e-04 -9.999997575e+02 -9.999997575e+02 -1.8220e-01 -3.3272e+00
1231 +8.623239341e-05 +8.623239341e-05 -9.999999138e+02 -9.999999138e+02 -1.8417e-01 -3.3294e+00
1592 +3.028537719e-05 +3.028537719e-05 -9.999999697e+02 -9.999999697e+02 -1.8487e-01 -3.3279e+00
1684 +6.543313930e-06 +6.543313930e-06 -9.999999935e+02 -9.999999935e+02 -1.8621e-01 -3.3308e+00
1773 +4.650864526e-06 +4.650864526e-06 -9.999999953e+02 -9.999999953e+02 -1.8589e-01 -3.3295e+00
1784 +1.739127470e-06 +1.739127470e-06 -9.999999983e+02 -9.999999983e+02 -1.8611e-01 -3.3302e+00
1861 +3.067930265e-08 +3.067930265e-08 -1.000000000e+03 -1.000000000e+03 -1.8637e-01 -3.3304e+00
2544 +1.143666850e-08 +1.143666850e-08 -1.000000000e+03 -1.000000000e+03 -1.8638e-01 -3.3304e+00
2582 +1.072874056e-08 +1.072874056e-08 -1.000000000e+03 -1.000000000e+03 -1.8638e-01 -3.3304e+00
2625 +7.916696632e-09 +7.916696632e-09 -1.000000000e+03 -1.000000000e+03 -1.8639e-01 -3.3304e+00
% function evaluation | noise-free fitness - Fopt (1.319200000000e+02) | best noise-free fitness - Fopt | measured fitness | best measured fitness | x1 | x2...
1 +1.849514788e+01 +1.849514788e+01 +1.504151479e+02 +1.504151479e+02 +0.0000e+00 +0.0000e+00
46 +1.237399406e+01 +1.237399406e+01 +1.442939941e+02 +1.442939941e+02 -5.4409e-01 +4.8804e-01
73 +1.136071547e+01 +1.136071547e+01 +1.432807155e+02 +1.432807155e+02 -1.5524e+00 +4.1294e-01
81 +8.175466279e+00 +8.175466279e+00 +1.400954663e+02 +1.400954663e+02 -1.0458e+00 +7.5517e-01
164 +6.327698667e+00 +6.327698667e+00 +1.382476987e+02 +1.382476987e+02 -1.5849e+00 +9.2873e-01
480 +6.205111628e+00 +6.205111628e+00 +1.381251116e+02 +1.381251116e+02 -1.5005e+00 +1.0129e+00
486 +6.136072053e+00 +6.136072053e+00 +1.380560721e+02 +1.380560721e+02 -1.5001e+00 +1.0337e+00
503 +5.961313736e+00 +5.961313736e+00 +1.378813137e+02 +1.378813137e+02 -1.6636e+00 +9.6690e-01
511 +5.618463585e+00 +5.618463585e+00 +1.375384636e+02 +1.375384636e+02 -1.6055e+00 +1.0747e+00
523 +4.137272057e+00 +4.137272057e+00 +1.360572721e+02 +1.360572721e+02 -2.2687e+00 +1.0455e+00
525 +4.065191514e+00 +4.065191514e+00 +1.359851915e+02 +1.359851915e+02 -1.9733e+00 +1.1812e+00
537 +2.494563545e+00 +2.494563545e+00 +1.344145635e+02 +1.344145635e+02 -2.5130e+00 +1.3393e+00
553 +8.616821317e-01 +8.616821317e-01 +1.327816821e+02 +1.327816821e+02 -3.3763e+00 +1.5219e+00
642 +4.146486679e-01 +4.146486679e-01 +1.323346487e+02 +1.323346487e+02 -3.4726e+00 +1.6700e+00
693 +2.852096200e-01 +2.852096200e-01 +1.322052096e+02 +1.322052096e+02 -3.5401e+00 +1.7347e+00
725 +1.758202095e-01 +1.758202095e-01 +1.320958202e+02 +1.320958202e+02 -4.0179e+00 +1.7930e+00
766 +7.881908122e-02 +7.881908122e-02 +1.319988191e+02 +1.319988191e+02 -3.8710e+00 +1.8147e+00
798 +1.312263860e-02 +1.312263860e-02 +1.319331226e+02 +1.319331226e+02 -3.9506e+00 +1.8753e+00
1011 +9.498202661e-03 +9.498202661e-03 +1.319294982e+02 +1.319294982e+02 -3.9304e+00 +1.8790e+00
1017 +2.330504829e-03 +2.330504829e-03 +1.319223305e+02 +1.319223305e+02 -3.9573e+00 +1.8971e+00
1243 +4.929674836e-04 +4.929674836e-04 +1.319204930e+02 +1.319204930e+02 -3.9698e+00 +1.9055e+00
1410 +2.714027376e-04 +2.714027376e-04 +1.319202714e+02 +1.319202714e+02 -3.9732e+00 +1.9066e+00
1420 +2.400850264e-04 +2.400850264e-04 +1.319202401e+02 +1.319202401e+02 -3.9825e+00 +1.9074e+00
1482 +7.423421820e-05 +7.423421820e-05 +1.319200742e+02 +1.319200742e+02 -3.9791e+00 +1.9083e+00
1504 +1.105466364e-05 +1.105466364e-05 +1.319200111e+02 +1.319200111e+02 -3.9814e+00 +1.9097e+00
1948 +9.533120362e-06 +9.533120362e-06 +1.319200095e+02 +1.319200095e+02 -3.9821e+00 +1.9098e+00
1954 +8.448552393e-06 +8.448552393e-06 +1.319200084e+02 +1.319200084e+02 -3.9816e+00 +1.9098e+00
1965 +4.041555400e-06 +4.041555400e-06 +1.319200040e+02 +1.319200040e+02 -3.9817e+00 +1.9100e+00
1986 +9.198830639e-07 +9.198830639e-07 +1.319200009e+02 +1.319200009e+02 -3.9822e+00 +1.9102e+00
2067 +4.387851789e-07 +4.387851789e-07 +1.319200004e+02 +1.319200004e+02 -3.9822e+00 +1.9103e+00
2206 +1.019415663e-07 +1.019415663e-07 +1.319200001e+02 +1.319200001e+02 -3.9823e+00 +1.9103e+00
2383 +5.040814699e-08 +5.040814699e-08 +1.319200001e+02 +1.319200001e+02 -3.9823e+00 +1.9104e+00
2468 +4.419743505e-08 +4.419743505e-08 +1.319200000e+02 +1.319200000e+02 -3.9824e+00 +1.9104e+00
2478 +3.895826239e-08 +3.895826239e-08 +1.319200000e+02 +1.319200000e+02 -3.9824e+00 +1.9104e+00
2479 +3.002205062e-08 +3.002205062e-08 +1.319200000e+02 +1.319200000e+02 -3.9824e+00 +1.9104e+00
2497 +2.793649401e-08 +2.793649401e-08 +1.319200000e+02 +1.319200000e+02 -3.9824e+00 +1.9104e+00
2513 +2.095751483e-08 +2.095751483e-08 +1.319200000e+02 +1.319200000e+02 -3.9824e+00 +1.9104e+00
2537 +1.096543656e-08 +1.096543656e-08 +1.319200000e+02 +1.319200000e+02 -3.9824e+00 +1.9104e+00
2556 +3.679303973e-09 +3.679303973e-09 +1.319200000e+02 +1.319200000e+02 -3.9824e+00 +1.9104e+00
% function evaluation | noise-free fitness - Fopt (5.908400000000e+02) | best noise-free fitness - Fopt | measured fitness | best measured fitness | x1 | x2...
1 +2.473902553e+04 +2.473902553e+04 +2.532986553e+04 +2.532986553e+04 +0.0000e+00 +0.0000e+00
2 +1.396854168e+03 +1.396854168e+03 +1.987694168e+03 +1.987694168e+03 +3.0363e-01 -1.7049e+00
3 +4.589945441e+02 +4.589945441e+02 +1.049834544e+03 +1.049834544e+03 +1.3000e-02 -1.5354e+00
10 +3.947482534e+02 +3.947482534e+02 +9.855882534e+02 +9.855882534e+02 +1.8956e-01 -1.7583e+00
13 +3.071017612e+02 +3.071017612e+02 +8.979417612e+02 +8.979417612e+02 +1.3167e-01 -1.7131e+00
24 +6.771947685e+00 +6.771947685e+00 +5.976119477e+02 +5.976119477e+02 -4.1448e-02 -1.6803e+00
38 +6.637897615e+00 +6.637897615e+00 +5.974778976e+02 +5.974778976e+02 +2.2527e-02 -1.9152e+00
49 +6.448722668e+00 +6.448722668e+00 +5.972887227e+02 +5.972887227e+02 +5.0976e-02 -1.8816e+00
98 +5.905157681e+00 +5.905157681e+00 +5.967451577e+02 +5.967451577e+02 +1.1189e-01 -1.8492e+00
113 +5.864792209e+00 +5.864792209e+00 +5.967047922e+02 +5.967047922e+02 +1.2901e-01 -1.9485e+00
126 +5.228407557e+00 +5.228407557e+00 +5.960684076e+02 +5.960684076e+02 +2.3572e-01 -2.2438e+00
178 +5.048847858e+00 +5.048847858e+00 +5.958888479e+02 +5.958888479e+02 +2.4057e-01 -2.1946e+00
188 +3.575870511e+00 +3.575870511e+00 +5.944158705e+02 +5.944158705e+02 +4.2635e-01 -2.2728e+00
245 +2.305853928e+00 +2.305853928e+00 +5.931458539e+02 +5.931458539e+02 +6.6349e-01 -2.4803e+00
272 +1.388873742e+00 +1.388873742e+00 +5.922288737e+02 +5.922288737e+02 +9.3602e-01 -3.1126e+00
350 +8.005420438e-02 +8.005420438e-02 +5.909200542e+02 +5.909200542e+02 +1.3456e+00 -3.2990e+00
592 +2.181417728e-02 +2.181417728e-02 +5.908618142e+02 +5.908618142e+02 +1.4010e+00 -3.3275e+00
607 +2.082610399e-02 +2.082610399e-02 +5.908608261e+02 +5.908608261e+02 +1.3872e+00 -3.2703e+00
618 +2.755548773e-03 +2.755548773e-03 +5.908427555e+02 +5.908427555e+02 +1.4286e+00 -3.3268e+00
803 +2.512097684e-03 +2.512097684e-03 +5.908425121e+02 +5.908425121e+02 +1.4270e+00 -3.3153e+00
866 +2.494407427e-03 +2.494407427e-03 +5.908424944e+02 +5.908424944e+02 +1.4363e+00 -3.3430e+00
909 +2.400395696e-03 +2.400395696e-03 +5.908424004e+02 +5.908424004e+02 +1.4284e+00 -3.3184e+00
910 +2.392831680e-03 +2.392831680e-03 +5.908423928e+02 +5.908423928e+02 +1.4439e+00 -3.3546e+00
914 +6.410634327e-04 +6.410634327e-04 +5.908406411e+02 +5.908406411e+02 +1.4407e+00 -3.3383e+00
951 +5.225125526e-04 +5.225125526e-04 +5.908405225e+02 +5.908405225e+02 +1.4385e+00 -3.3308e+00
1157 +3.781274934e-04 +3.781274934e-04 +5.908403781e+02 +5.908403781e+02 +1.4423e+00 -3.3382e+00
1159 +3.290643691e-04 +3.290643691e-04 +5.908403291e+02 +5.908403291e+02 +1.4452e+00 -3.3429e+00
1180 +2.601325676e-04 +2.601325676e-04 +5.908402601e+02 +5.908402601e+02 +1.4435e+00 -3.3387e+00
1184 +1.555362190e-04 +1.555362190e-04 +5.908401555e+02 +5.908401555e+02 +1.4433e+00 -3.3370e+00
1282 +9.491795845e-05 +9.491795845e-05 +5.908400949e+02 +5.908400949e+02 +1.4457e+00 -3.3398e+00
1517 +6.271502320e-05 +6.271502320e-05 +5.908400627e+02 +5.908400627e+02 +1.4438e+00 -3.3356e+00
1601 +2.638016781e-06 +2.638016781e-06 +5.908400026e+02 +5.908400026e+02 +1.4452e+00 -3.3358e+00
1896 +8.877752862e-07 +8.877752862e-07 +5.908400009e+02 +5.908400009e+02 +1.4455e+00 -3.3361e+00
2057 +5.377751222e-08 +5.377751222e-08 +5.908400001e+02 +5.908400001e+02 +1.4456e+00 -3.3360e+00
2298 +3.317154551e-08 +3.317154551e-08 +5.908400000e+02 +5.908400000e+02 +1.4456e+00 -3.3360e+00
2346 +1.231512670e-08 +1.231512670e-08 +5.908400000e+02 +5.908400000e+02 +1.4456e+00 -3.3360e+00
2494 +1.483613232e-09 +1.483613232e-09 +5.908400000e+02 +5.908400000e+02 +1.4456e+00 -3.3360e+00
% function evaluation | noise-free fitness - Fopt (6.231000000000e+01) | best noise-free fitness - Fopt | measured fitness | best measured fitness | x1 | x2...
1 +1.514944849e+01 +1.514944849e+01 +7.745944849e+01 +7.745944849e+01 +0.0000e+00 +0.0000e+00
72 +1.399919275e+01 +1.399919275e+01 +7.630919275e+01 +7.630919275e+01 +1.2563e+00 +4.9132e-01
75 +1.169343613e+01 +1.169343613e+01 +7.400343613e+01 +7.400343613e+01 -5.5454e-01 -7.3016e-01
123 +2.889012542e+00 +2.889012542e+00 +6.519901254e+01 +6.519901254e+01 -1.0588e+00 -1.8653e+00
281 +2.909979136e-01 +2.909979136e-01 +6.260099791e+01 +6.260099791e+01 -1.3044e+00 -2.6181e+00
628 +1.487844168e-01 +1.487844168e-01 +6.245878442e+01 +6.245878442e+01 -1.0721e+00 -2.4845e+00
695 +3.642175647e-03 +3.642175647e-03 +6.231364218e+01 +6.231364218e+01 -1.1299e+00 -2.6511e+00
721 +2.205481957e-03 +2.205481957e-03 +6.231220548e+01 +6.231220548e+01 -1.1275e+00 -2.6536e+00
1162 +1.914646509e-03 +1.914646509e-03 +6.231191465e+01 +6.231191465e+01 -1.1198e+00 -2.6473e+00
1308 +9.480143451e-04 +9.480143451e-04 +6.231094801e+01 +6.231094801e+01 -1.1194e+00 -2.6510e+00
1366 +4.995084121e-04 +4.995084121e-04 +6.231049951e+01 +6.231049951e+01 -1.1113e+00 -2.6480e+00
1385 +4.257676835e-04 +4.257676835e-04 +6.231042577e+01 +6.231042577e+01 -1.1163e+00 -2.6517e+00
1435 +2.627889932e-04 +2.627889932e-04 +6.231026279e+01 +6.231026279e+01 -1.1156e+00 -2.6525e+00
1451 +2.439889986e-04 +2.439889986e-04 +6.231024399e+01 +6.231024399e+01 -1.1140e+00 -2.6516e+00
1535 +7.394101375e-05 +7.394101375e-05 +6.231007394e+01 +6.231007394e+01 -1.1161e+00 -2.6548e+00
1698 +5.509441199e-05 +5.509441199e-05 +6.231005509e+01 +6.231005509e+01 -1.1143e+00 -2.6540e+00
1785 +3.758109806e-05 +3.758109806e-05 +6.231003758e+01 +6.231003758e+01 -1.1168e+00 -2.6560e+00
1835 +5.822342928e-06 +5.822342928e-06 +6.231000582e+01 +6.231000582e+01 -1.1162e+00 -2.6564e+00
2247 +2.763437834e-08 +2.763437834e-08 +6.231000003e+01 +6.231000003e+01 -1.1160e+00 -2.6568e+00
2845 +1.992417253e-08 +1.992417253e-08 +6.231000002e+01 +6.231000002e+01 -1.1160e+00 -2.6568e+00
2862 +1.566301222e-08 +1.566301222e-08 +6.231000002e+01 +6.231000002e+01 -1.1160e+00 -2.6568e+00
2877 +6.010161258e-09 +6.010161258e-09 +6.231000001e+01 +6.231000001e+01 -1.1160e+00 -2.6568e+00
% function evaluation | noise-free fitness - Fopt (1.000000000000e+03) | best noise-free fitness - Fopt | measured fitness | best measured fitness | x1 | x2...
1 +7.941431273e+00 +7.941431273e+00 +1.007941431e+03 +1.007941431e+03 +0.0000e+00 +0.0000e+00
27 +3.352381973e+00 +3.352381973e+00 +1.003352382e+03 +1.003352382e+03 +1.2811e-01 +9.8145e-01
76 +3.021382433e+00 +3.021382433e+00 +1.003021382e+03 +1.003021382e+03 -9.0651e-02 +7.0865e-01
83 +2.420516761e+00 +2.420516761e+00 +1.002420517e+03 +1.002420517e+03 -1.9135e-01 +1.0025e+00
97 +1.546467548e+00 +1.546467548e+00 +1.001546468e+03 +1.001546468e+03 -9.8910e-01 +9.6367e-01
98 +1.431181937e+00 +1.431181937e+00 +1.001431182e+03 +1.001431182e+03 -5.1450e-01 +1.0612e+00
120 +1.936738800e-01 +1.936738800e-01 +1.000193674e+03 +1.000193674e+03 -1.3053e+00 +1.5290e+00
172 +1.451231075e-01 +1.451231075e-01 +1.000145123e+03 +1.000145123e+03 -1.5280e+00 +1.4647e+00
428 +2.548416973e-02 +2.548416973e-02 +1.000025484e+03 +1.000025484e+03 -1.5319e+00 +1.5618e+00
596 +1.148314674e-02 +1.148314674e-02 +1.000011483e+03 +1.000011483e+03 -1.5872e+00 +1.5788e+00
673 +1.124786186e-02 +1.124786186e-02 +1.000011248e+03 +1.000011248e+03 -1.6047e+00 +1.5795e+00
787 +8.809998617e-03 +8.809998617e-03 +1.000008810e+03 +1.000008810e+03 -1.5840e+00 +1.5933e+00
791 +3.533690687e-03 +3.533690687e-03 +1.000003534e+03 +1.000003534e+03 -1.6332e+00 +1.6011e+00
949 +2.643138087e-03 +2.643138087e-03 +1.000002643e+03 +1.000002643e+03 -1.6268e+00 +1.6019e+00
967 +3.446714287e-04 +3.446714287e-04 +1.000000345e+03 +1.000000345e+03 -1.6442e+00 +1.6155e+00
1022 +2.685248860e-04 +2.685248860e-04 +1.000000269e+03 +1.000000269e+03 -1.6454e+00 +1.6166e+00
1359 +3.297798787e-05 +3.297798787e-05 +1.000000033e+03 +1.000000033e+03 -1.6491e+00 +1.6200e+00
1438 +1.799200390e-05 +1.799200390e-05 +1.000000018e+03 +1.000000018e+03 -1.6482e+00 +1.6207e+00
1528 +8.749610743e-06 +8.749610743e-06 +1.000000009e+03 +1.000000009e+03 -1.6490e+00 +1.6210e+00
2028 +3.343522735e-06 +3.343522735e-06 +1.000000003e+03 +1.000000003e+03 -1.6500e+00 +1.6212e+00
2130 +3.197542924e-06 +3.197542924e-06 +1.000000003e+03 +1.000000003e+03 -1.6496e+00 +1.6214e+00
2177 +9.114977502e-07 +9.114977502e-07 +1.000000001e+03 +1.000000001e+03 -1.6500e+00 +1.6214e+00
2248 +4.294670362e-07 +4.294670362e-07 +1.000000000e+03 +1.000000000e+03 -1.6502e+00 +1.6215e+00
2372 +1.994064860e-07 +1.994064860e-07 +1.000000000e+03 +1.000000000e+03 -1.6503e+00 +1.6215e+00
2396 +1.581872766e-08 +1.581872766e-08 +1.000000000e+03 +1.000000000e+03 -1.6504e+00 +1.6216e+00
2821 +1.512341896e-08 +1.512341896e-08 +1.000000000e+03 +1.000000000e+03 -1.6504e+00 +1.6216e+00
3095 +4.084540706e-09 +4.084540706e-09 +1.000000000e+03 +1.000000000e+03 -1.6504e+00 +1.6216e+00
% function evaluation | noise-free fitness - Fopt (6.536000000000e+02) | best noise-free fitness - Fopt | measured fitness | best measured fitness | x1 | x2...
1 +3.683310702e+03 +3.683310702e+03 +4.336910702e+03 +4.336910702e+03 +0.0000e+00 +0.0000e+00
68 +3.715676784e+01 +3.715676784e+01 +6.907567678e+02 +6.907567678e+02 +1.8816e+00 +7.3158e-01
77 +2.612252051e+01 +2.612252051e+01 +6.797225205e+02 +6.797225205e+02 +1.2554e+00 +4.9735e-01
85 +2.406198432e+01 +2.406198432e+01 +6.776619843e+02 +6.776619843e+02 +1.0030e+00 +3.3351e-01
93 +2.288509937e+01 +2.288509937e+01 +6.764850994e+02 +6.764850994e+02 +6.4827e-01 +1.1213e-01
96 +1.651042923e+01 +1.651042923e+01 +6.701104292e+02 +6.701104292e+02 -5.2404e-01 -2.0652e+00
142 +1.438797978e+01 +1.438797978e+01 +6.679879798e+02 +6.679879798e+02 -1.2543e-02 -4.9230e-01
161 +4.801727202e+00 +4.801727202e+00 +6.584017272e+02 +6.584017272e+02 -2.0177e+00 -2.7987e+00
244 +1.907968967e+00 +1.907968967e+00 +6.555079690e+02 +6.555079690e+02 -2.2986e+00 -2.4320e+00
300 +8.767515529e-01 +8.767515529e-01 +6.544767516e+02 +6.544767516e+02 -2.6302e+00 -2.6728e+00
369 +3.981499999e-01 +3.981499999e-01 +6.539981500e+02 +6.539981500e+02 -2.8895e+00 -2.9035e+00
520 +3.952523097e-01 +3.952523097e-01 +6.539952523e+02 +6.539952523e+02 -2.9242e+00 -2.9971e+00
567 +3.756133006e-01 +3.756133006e-01 +6.539756133e+02 +6.539756133e+02 -3.0509e+00 -3.1902e+00
635 +1.820056320e-01 +1.820056320e-01 +6.537820056e+02 +6.537820056e+02 -3.0371e+00 -2.9946e+00
671 +1.404805106e-01 +1.404805106e-01 +6.537404805e+02 +6.537404805e+02 -3.1249e+00 -3.1407e+00
775 +9.431685893e-02 +9.431685893e-02 +6.536943169e+02 +6.536943169e+02 -3.2011e+00 -3.2260e+00
782 +8.421603649e-02 +8.421603649e-02 +6.536842160e+02 +6.536842160e+02 -3.1739e+00 -3.1784e+00
783 +7.991852262e-02 +7.991852262e-02 +6.536799185e+02 +6.536799185e+02 -3.2092e+00 -3.2188e+00
797 +3.693323559e-02 +3.693323559e-02 +6.536369332e+02 +6.536369332e+02 -3.2135e+00 -3.1567e+00
883 +1.417624906e-02 +1.417624906e-02 +6.536141762e+02 +6.536141762e+02 -3.2834e+00 -3.2324e+00
899 +8.838626850e-03 +8.838626850e-03 +6.536088386e+02 +6.536088386e+02 -3.2904e+00 -3.2309e+00
937 +7.201157691e-03 +7.201157691e-03 +6.536072012e+02 +6.536072012e+02 -3.2784e+00 -3.2031e+00
948 +4.603006555e-03 +4.603006555e-03 +6.536046030e+02 +6.536046030e+02 -3.2887e+00 -3.2115e+00
996 +2.302926567e-03 +2.302926567e-03 +6.536023029e+02 +6.536023029e+02 -3.3028e+00 -3.2248e+00
1029 +9.474528315e-04 +9.474528315e-04 +6.536009475e+02 +6.536009475e+02 -3.3074e+00 -3.2229e+00
1037 +7.195410174e-04 +7.195410174e-04 +6.536007195e+02 +6.536007195e+02 -3.3211e+00 -3.2394e+00
1041 +4.928016277e-04 +4.928016277e-04 +6.536004928e+02 +6.536004928e+02 -3.3215e+00 -3.2380e+00
1080 +2.893577202e-04 +2.893577202e-04 +6.536002894e+02 +6.536002894e+02 -3.3195e+00 -3.2350e+00
1112 +2.693169090e-04 +2.693169090e-04 +6.536002693e+02 +6.536002693e+02 -3.3197e+00 -3.2347e+00
1179 +1.408436824e-04 +1.408436824e-04 +6.536001408e+02 +6.536001408e+02 -3.3165e+00 -3.2279e+00
1286 +1.344671946e-04 +1.344671946e-04 +6.536001345e+02 +6.536001345e+02 -3.3210e+00 -3.2345e+00
1303 +7.727421519e-05 +7.727421519e-05 +6.536000773e+02 +6.536000773e+02 -3.3179e+00 -3.2290e+00
1439 +5.048521541e-05 +5.048521541e-05 +6.536000505e+02 +6.536000505e+02 -3.3190e+00 -3.2304e+00
1501 +2.617494692e-05 +2.617494692e-05 +6.536000262e+02 +6.536000262e+02 -3.3203e+00 -3.2318e+00
1692 +7.242769357e-06 +7.242769357e-06 +6.536000072e+02 +6.536000072e+02 -3.3206e+00 -3.2312e+00
1720 +5.607712865e-06 +5.607712865e-06 +6.536000056e+02 +6.536000056e+02 -3.3209e+00 -3.2317e+00
1862 +3.415229912e-06 +3.415229912e-06 +6.536000034e+02 +6.536000034e+02 -3.3210e+00 -3.2317e+00
1869 +1.528358666e-06 +1.528358666e-06 +6.536000015e+02 +6.536000015e+02 -3.3212e+00 -3.2318e+00
1966 +1.419406317e-06 +1.419406317e-06 +6.536000014e+02 +6.536000014e+02 -3.3214e+00 -3.2321e+00
1976 +9.893209381e-07 +9.893209381e-07 +6.536000010e+02 +6.536000010e+02 -3.3216e+00 -3.2322e+00
1978 +9.130694707e-07 +9.130694707e-07 +6.536000009e+02 +6.536000009e+02 -3.3213e+00 -3.2318e+00
2026 +4.811454346e-07 +4.811454346e-07 +6.536000005e+02 +6.536000005e+02 -3.3214e+00 -3.2319e+00
2076 +2.386550477e-07 +2.386550477e-07 +6.536000002e+02 +6.536000002e+02 -3.3214e+00 -3.2319e+00
2097 +1.932437499e-07 +1.932437499e-07 +6.536000002e+02 +6.536000002e+02 -3.3215e+00 -3.2320e+00
2151 +2.905312613e-08 +2.905312613e-08 +6.536000000e+02 +6.536000000e+02 -3.3216e+00 -3.2320e+00
2168 +6.086338544e-09 +6.086338544e-09 +6.536000000e+02 +6.536000000e+02 -3.3216e+00 -3.2320e+00
% function evaluation | noise-free fitness - Fopt (-7.829000000000e+01) | best noise-free fitness - Fopt | measured fitness | best measured fitness | x1 | x2...
1 +1.240192824e+01 +1.240192824e+01 -6.588807176e+01 -6.588807176e+01 +0.0000e+00 +0.0000e+00
175 +6.762639670e+00 +6.762639670e+00 -7.152736033e+01 -7.152736033e+01 -8.2005e-01 -8.0243e-01
198 +3.516181718e+00 +3.516181718e+00 -7.477381828e+01 -7.477381828e+01 -1.5974e+00 -1.5912e+00
435 +2.667433314e+00 +2.667433314e+00 -7.562256669e+01 -7.562256669e+01 -1.7207e+00 -1.7915e+00
450 +1.384188680e+00 +1.384188680e+00 -7.690581132e+01 -7.690581132e+01 -1.5179e+00 -2.2521e+00
470 +1.364171783e+00 +1.364171783e+00 -7.692582822e+01 -7.692582822e+01 -1.9072e+00 -2.1784e+00
486 +7.721411227e-01 +7.721411227e-01 -7.751785888e+01 -7.751785888e+01 -1.7612e+00 -2.3752e+00
583 +1.984675717e-01 +1.984675717e-01 -7.809153243e+01 -7.809153243e+01 -2.2077e+00 -2.7220e+00
680 +1.464007960e-01 +1.464007960e-01 -7.814359920e+01 -7.814359920e+01 -2.1532e+00 -2.7932e+00
886 +6.314708122e-02 +6.314708122e-02 -7.822685292e+01 -7.822685292e+01 -2.2910e+00 -2.8654e+00
895 +4.335000169e-02 +4.335000169e-02 -7.824665000e+01 -7.824665000e+01 -2.3518e+00 -2.9117e+00
961 +3.415196251e-02 +3.415196251e-02 -7.825584804e+01 -7.825584804e+01 -2.3710e+00 -2.9388e+00
985 +2.419676515e-02 +2.419676515e-02 -7.826580323e+01 -7.826580323e+01 -2.3056e+00 -2.9296e+00
996 +2.303620916e-02 +2.303620916e-02 -7.826696379e+01 -7.826696379e+01 -2.3743e+00 -2.9533e+00
1022 +1.593691319e-02 +1.593691319e-02 -7.827406309e+01 -7.827406309e+01 -2.3366e+00 -2.9467e+00
1081 +1.577631184e-02 +1.577631184e-02 -7.827422369e+01 -7.827422369e+01 -2.3426e+00 -2.9482e+00
1090 +1.393707868e-02 +1.393707868e-02 -7.827606292e+01 -7.827606292e+01 -2.3277e+00 -2.9672e+00
1114 +8.312622037e-04 +8.312622037e-04 -7.828916874e+01 -7.828916874e+01 -2.3800e+00 -3.0123e+00
1440 +3.965618347e-04 +3.965618347e-04 -7.828960344e+01 -7.828960344e+01 -2.3845e+00 -3.0153e+00
1612 +2.620800165e-04 +2.620800165e-04 -7.828973792e+01 -7.828973792e+01 -2.3867e+00 -3.0163e+00
1637 +1.631436807e-04 +1.631436807e-04 -7.828983686e+01 -7.828983686e+01 -2.3877e+00 -3.0183e+00
1725 +4.332350846e-05 +4.332350846e-05 -7.828995668e+01 -7.828995668e+01 -2.3926e+00 -3.0208e+00
2083 +3.023617327e-05 +3.023617327e-05 -7.828996976e+01 -7.828996976e+01 -2.3913e+00 -3.0214e+00
2183 +2.708181471e-05 +2.708181471e-05 -7.828997292e+01 -7.828997292e+01 -2.3919e+00 -3.0211e+00
2199 +2.378003437e-05 +2.378003437e-05 -7.828997622e+01 -7.828997622e+01 -2.3917e+00 -3.0216e+00
2203 +1.575236730e-05 +1.575236730e-05 -7.828998425e+01 -7.828998425e+01 -2.3927e+00 -3.0217e+00
2235 +1.025994655e-05 +1.025994655e-05 -7.828998974e+01 -7.828998974e+01 -2.3924e+00 -3.0222e+00
2272 +8.495643186e-06 +8.495643186e-06 -7.828999150e+01 -7.828999150e+01 -2.3927e+00 -3.0220e+00
2290 +5.579830898e-06 +5.579830898e-06 -7.828999442e+01 -7.828999442e+01 -2.3928e+00 -3.0223e+00
2304 +5.334045483e-06 +5.334045483e-06 -7.828999467e+01 -7.828999467e+01 -2.3931e+00 -3.0224e+00
2308 +2.472780395e-06 +2.472780395e-06 -7.828999753e+01 -7.828999753e+01 -2.3933e+00 -3.0227e+00
2708 +1.612893485e-06 +1.612893485e-06 -7.828999839e+01 -7.828999839e+01 -2.3932e+00 -3.0229e+00
2793 +1.194860786e-06 +1.194860786e-06 -7.828999881e+01 -7.828999881e+01 -2.3933e+00 -3.0228e+00
2837 +4.999181158e-07 +4.999181158e-07 -7.828999950e+01 -7.828999950e+01 -2.3935e+00 -3.0230e+00
2879 +4.874789283e-07 +4.874789283e-07 -7.828999951e+01 -7.828999951e+01 -2.3934e+00 -3.0230e+00
2939 +3.242802364e-07 +3.242802364e-07 -7.828999968e+01 -7.828999968e+01 -2.3934e+00 -3.0230e+00
2951 +1.897714270e-07 +1.897714270e-07 -7.828999981e+01 -7.828999981e+01 -2.3935e+00 -3.0231e+00
3299 +1.163739398e-07 +1.163739398e-07 -7.828999988e+01 -7.828999988e+01 -2.3935e+00 -3.0231e+00
3304 +1.053358289e-08 +1.053358289e-08 -7.828999999e+01 -7.828999999e+01 -2.3936e+00 -3.0232e+00
6726 +6.989822054e-09 +6.989822054e-09 -7.828999999e+01 -7.828999999e+01 -2.3936e+00 -3.0232e+00
% function evaluation | noise-free fitness - Fopt (-4.164000000000e+01) | best noise-free fitness - Fopt | measured fitness | best measured fitness | x1 | x2...
1 +2.096641713e+04 +2.096641713e+04 +2.092477713e+04 +2.092477713e+04 +0.0000e+00 +0.0000e+00
2 +3.648928254e+01 +3.648928254e+01 -5.150717465e+00 -5.150717465e+00 +1.7328e+00 -4.6115e+00
4 +3.304629719e+01 +3.304629719e+01 -8.593702808e+00 -8.593702808e+00 +1.8419e+00 -4.7666e+00
14 +3.227455983e+01 +3.227455983e+01 -9.365440167e+00 -9.365440167e+00 +1.8374e+00 -4.5601e+00
24 +2.789400421e+01 +2.789400421e+01 -1.374599579e+01 -1.374599579e+01 +1.9636e+00 -4.6514e+00
29 +2.716881563e+01 +2.716881563e+01 -1.447118437e+01 -1.447118437e+01 +1.9713e+00 -4.5231e+00
38 +2.495403002e+01 +2.495403002e+01 -1.668596998e+01 -1.668596998e+01 +2.0537e+00 -4.4631e+00
49 +1.292425365e+01 +1.292425365e+01 -2.871574635e+01 -2.871574635e+01 +2.6816e+00 -4.6019e+00
70 +6.450252000e+00 +6.450252000e+00 -3.518974800e+01 -3.518974800e+01 +3.2661e+00 -4.7926e+00
74 +2.612557937e+00 +2.612557937e+00 -3.902744206e+01 -3.902744206e+01 +3.6415e+00 -4.5528e+00
148 +2.307724488e+00 +2.307724488e+00 -3.933227551e+01 -3.933227551e+01 +3.7229e+00 -4.5296e+00
190 +1.996129665e+00 +1.996129665e+00 -3.964387033e+01 -3.964387033e+01 +3.9032e+00 -4.6363e+00
228 +1.543066192e+00 +1.543066192e+00 -4.009693381e+01 -4.009693381e+01 +3.9261e+00 -4.5212e+00
372 +1.473765514e+00 +1.473765514e+00 -4.016623449e+01 -4.016623449e+01 +3.9051e+00 -4.4825e+00
384 +1.431930014e+00 +1.431930014e+00 -4.020806999e+01 -4.020806999e+01 +3.8388e+00 -4.4070e+00
409 +1.405902845e+00 +1.405902845e+00 -4.023409715e+01 -4.023409715e+01 +3.8291e+00 -4.3750e+00
420 +7.283205388e-01 +7.283205388e-01 -4.091167946e+01 -4.091167946e+01 +3.8879e+00 -4.0195e+00
475 +3.468404296e-01 +3.468404296e-01 -4.129315957e+01 -4.129315957e+01 +3.8213e+00 -3.6264e+00
501 +3.148184684e-01 +3.148184684e-01 -4.132518153e+01 -4.132518153e+01 +3.8824e+00 -3.7012e+00
513 +2.589258986e-01 +2.589258986e-01 -4.138107410e+01 -4.138107410e+01 +3.7706e+00 -3.2940e+00
532 +7.020627874e-02 +7.020627874e-02 -4.156979372e+01 -4.156979372e+01 +3.8464e+00 -3.2393e+00
606 +4.944674108e-02 +4.944674108e-02 -4.159055326e+01 -4.159055326e+01 +3.8546e+00 -3.2463e+00
614 +4.454720732e-02 +4.454720732e-02 -4.159545279e+01 -4.159545279e+01 +3.8967e+00 -3.3766e+00
676 +5.064336381e-03 +5.064336381e-03 -4.163493566e+01 -4.163493566e+01 +3.8959e+00 -3.2076e+00
739 +2.252611685e-03 +2.252611685e-03 -4.163774739e+01 -4.163774739e+01 +3.9128e+00 -3.2408e+00
764 +1.132013020e-03 +1.132013020e-03 -4.163886799e+01 -4.163886799e+01 +3.9112e+00 -3.2293e+00
919 +5.866188671e-04 +5.866188671e-04 -4.163941338e+01 -4.163941338e+01 +3.9094e+00 -3.2167e+00
1149 +1.915223275e-04 +1.915223275e-04 -4.163980848e+01 -4.163980848e+01 +3.9116e+00 -3.2139e+00
1209 +1.057798412e-05 +1.057798412e-05 -4.163998942e+01 -4.163998942e+01 +3.9132e+00 -3.2096e+00
1448 +6.141878949e-06 +6.141878949e-06 -4.163999386e+01 -4.163999386e+01 +3.9133e+00 -3.2096e+00
1687 +4.128502596e-06 +4.128502596e-06 -4.163999587e+01 -4.163999587e+01 +3.9133e+00 -3.2089e+00
1788 +3.816230297e-06 +3.816230297e-06 -4.163999618e+01 -4.163999618e+01 +3.9133e+00 -3.2093e+00
1798 +2.152137263e-06 +2.152137263e-06 -4.163999785e+01 -4.163999785e+01 +3.9135e+00 -3.2094e+00
1939 +1.235000873e-06 +1.235000873e-06 -4.163999876e+01 -4.163999876e+01 +3.9135e+00 -3.2092e+00
1970 +1.017227198e-06 +1.017227198e-06 -4.163999898e+01 -4.163999898e+01 +3.9135e+00 -3.2091e+00
2011 +5.530225877e-08 +5.530225877e-08 -4.163999994e+01 -4.163999994e+01 +3.9136e+00 -3.2089e+00
2166 +3.493492073e-08 +3.493492073e-08 -4.163999997e+01 -4.163999997e+01 +3.9136e+00 -3.2088e+00
2346 +2.616482675e-08 +2.616482675e-08 -4.163999997e+01 -4.163999997e+01 +3.9136e+00 -3.2088e+00
2504 +7.322164208e-09 +7.322164208e-09 -4.163999999e+01 -4.163999999e+01 +3.9136e+00 -3.2088e+00
% function evaluation | noise-free fitness - Fopt (1.344400000000e+02) | best noise-free fitness - Fopt | measured fitness | best measured fitness | x1 | x2...
1 +4.426510157e+01 +4.426510157e+01 +1.787051016e+02 +1.787051016e+02 +0.0000e+00 +0.0000e+00
68 +4.135944504e+01 +4.135944504e+01 +1.757994450e+02 +1.757994450e+02 -2.7046e-01 +1.0547e-01
82 +3.566386494e+01 +3.566386494e+01 +1.701038649e+02 +1.701038649e+02 +1.7601e+00 +6.2038e-01
93 +6.081711218e+00 +6.081711218e+00 +1.405217112e+02 +1.405217112e+02 +8.6082e-01 +1.8989e+00
113 +1.378481162e+00 +1.378481162e+00 +1.358184812e+02 +1.358184812e+02 +1.4478e+00 +2.5533e+00
144 +3.188042728e-01 +3.188042728e-01 +1.347588043e+02 +1.347588043e+02 +7.9877e-01 +2.5805e+00
186 +4.456546305e-02 +4.456546305e-02 +1.344845655e+02 +1.344845655e+02 +6.3586e-01 +2.6565e+00
498 +4.040944825e-02 +4.040944825e-02 +1.344804094e+02 +1.344804094e+02 +7.6117e-01 +2.7017e+00
636 +1.037407189e-02 +1.037407189e-02 +1.344503741e+02 +1.344503741e+02 +6.9915e-01 +2.7092e+00
809 +2.617542244e-03 +2.617542244e-03 +1.344426175e+02 +1.344426175e+02 +6.3709e-01 +2.7038e+00
885 +5.207818575e-05 +5.207818575e-05 +1.344400521e+02 +1.344400521e+02 +6.4000e-01 +2.7157e+00
1280 +4.262073287e-05 +4.262073287e-05 +1.344400426e+02 +1.344400426e+02 +6.3592e-01 +2.7147e+00
1334 +3.233064692e-05 +3.233064692e-05 +1.344400323e+02 +1.344400323e+02 +6.3582e-01 +2.7148e+00
1372 +3.137804487e-05 +3.137804487e-05 +1.344400314e+02 +1.344400314e+02 +6.3834e-01 +2.7153e+00
1389 +2.646400091e-05 +2.646400091e-05 +1.344400265e+02 +1.344400265e+02 +6.3908e-01 +2.7159e+00
1448 +1.658267132e-05 +1.658267132e-05 +1.344400166e+02 +1.344400166e+02 +6.3780e-01 +2.7155e+00
1457 +1.565391085e-05 +1.565391085e-05 +1.344400157e+02 +1.344400157e+02 +6.3831e-01 +2.7158e+00
1459 +5.542679276e-07 +5.542679276e-07 +1.344400006e+02 +1.344400006e+02 +6.3677e-01 +2.7159e+00
1579 +3.646998152e-07 +3.646998152e-07 +1.344400004e+02 +1.344400004e+02 +6.3674e-01 +2.7159e+00
1600 +2.617721861e-08 +2.617721861e-08 +1.344400000e+02 +1.344400000e+02 +6.3682e-01 +2.7160e+00
1872 +2.345748840e-08 +2.345748840e-08 +1.344400000e+02 +1.344400000e+02 +6.3678e-01 +2.7160e+00
1938 +7.598146112e-09 +7.598146112e-09 +1.344400000e+02 +1.344400000e+02 +6.3682e-01 +2.7160e+00
% function evaluation | noise-free fitness - Fopt (-6.396000000000e+01) | best noise-free fitness - Fopt | measured fitness | best measured fitness | x1 | x2...
1 +6.845230818e+04 +6.845230818e+04 +6.838834818e+04 +6.838834818e+04 +0.0000e+00 +0.0000e+00
68 +3.470337295e+04 +3.470337295e+04 +3.463941295e+04 +3.463941295e+04 +5.0391e-01 +3.1141e-01
70 +2.130828346e+02 +2.130828346e+02 +1.491228346e+02 +1.491228346e+02 +1.6304e+00 +5.4831e-01
90 +9.409740075e+00 +9.409740075e+00 -5.455025993e+01 -5.455025993e+01 +2.1036e+00 +1.7336e+00
102 +6.495610685e+00 +6.495610685e+00 -5.746438931e+01 -5.746438931e+01 +1.8181e+00 +9.8823e-01
110 +5.894451788e+00 +5.894451788e+00 -5.806554821e+01 -5.806554821e+01 +2.4108e+00 +7.0577e-01
131 +5.503508882e+00 +5.503508882e+00 -5.845649112e+01 -5.845649112e+01 +2.6115e+00 +2.8678e-01
160 +3.354399776e+00 +3.354399776e+00 -6.060560022e+01 -6.060560022e+01 +2.4347e+00 +1.4074e-02
218 +2.769355380e+00 +2.769355380e+00 -6.119064462e+01 -6.119064462e+01 +1.9434e+00 -1.1867e-02
405 +2.390863865e+00 +2.390863865e+00 -6.156913614e+01 -6.156913614e+01 +2.3506e+00 -2.5232e-01
410 +2.125310576e+00 +2.125310576e+00 -6.183468942e+01 -6.183468942e+01 +2.5988e+00 -9.3115e-01
432 +3.851584870e-01 +3.851584870e-01 -6.357484151e+01 -6.357484151e+01 +2.2674e+00 -1.1361e+00
447 +3.524686375e-01 +3.524686375e-01 -6.360753136e+01 -6.360753136e+01 +2.1382e+00 -1.1960e+00
504 +2.227688576e-01 +2.227688576e-01 -6.373723114e+01 -6.373723114e+01 +2.3316e+00 -1.4087e+00
691 +8.211970634e-02 +8.211970634e-02 -6.387788029e+01 -6.387788029e+01 +2.2017e+00 -1.4523e+00
845 +2.396182020e-02 +2.396182020e-02 -6.393603818e+01 -6.393603818e+01 +2.2355e+00 -1.5663e+00
899 +1.739291910e-02 +1.739291910e-02 -6.394260708e+01 -6.394260708e+01 +2.2592e+00 -1.6021e+00
1085 +1.727281892e-02 +1.727281892e-02 -6.394272718e+01 -6.394272718e+01 +2.2540e+00 -1.5953e+00
1217 +1.406531181e-02 +1.406531181e-02 -6.394593469e+01 -6.394593469e+01 +2.2457e+00 -1.6013e+00
1273 +8.679029717e-03 +8.679029717e-03 -6.395132097e+01 -6.395132097e+01 +2.2618e+00 -1.6443e+00
1327 +4.807902762e-03 +4.807902762e-03 -6.395519210e+01 -6.395519210e+01 +2.2393e+00 -1.6425e+00
1352 +1.878367441e-03 +1.878367441e-03 -6.395812163e+01 -6.395812163e+01 +2.2456e+00 -1.6627e+00
1477 +9.151051612e-04 +9.151051612e-04 -6.395908489e+01 -6.395908489e+01 +2.2520e+00 -1.6776e+00
1528 +3.630514825e-04 +3.630514825e-04 -6.395963695e+01 -6.395963695e+01 +2.2490e+00 -1.6809e+00
1536 +2.966964448e-04 +2.966964448e-04 -6.395970330e+01 -6.395970330e+01 +2.2487e+00 -1.6815e+00
1565 +2.027728509e-04 +2.027728509e-04 -6.395979723e+01 -6.395979723e+01 +2.2507e+00 -1.6876e+00
1580 +1.495481773e-05 +1.495481773e-05 -6.395998505e+01 -6.395998505e+01 +2.2492e+00 -1.6915e+00
1741 +1.141809837e-05 +1.141809837e-05 -6.395998858e+01 -6.395998858e+01 +2.2492e+00 -1.6918e+00
1812 +3.950102645e-06 +3.950102645e-06 -6.395999605e+01 -6.395999605e+01 +2.2489e+00 -1.6919e+00
1822 +1.016093883e-06 +1.016093883e-06 -6.395999898e+01 -6.395999898e+01 +2.2488e+00 -1.6924e+00
1875 +7.996601425e-07 +7.996601425e-07 -6.395999920e+01 -6.395999920e+01 +2.2488e+00 -1.6924e+00
1950 +5.591844285e-07 +5.591844285e-07 -6.395999944e+01 -6.395999944e+01 +2.2489e+00 -1.6926e+00
2016 +3.547847740e-07 +3.547847740e-07 -6.395999965e+01 -6.395999965e+01 +2.2488e+00 -1.6926e+00
2093 +3.229895498e-07 +3.229895498e-07 -6.395999968e+01 -6.395999968e+01 +2.2488e+00 -1.6926e+00
2110 +1.874145923e-07 +1.874145923e-07 -6.395999981e+01 -6.395999981e+01 +2.2488e+00 -1.6927e+00
2140 +5.927027757e-09 +5.927027757e-09 -6.395999999e+01 -6.395999999e+01 +2.2488e+00 -1.6928e+00
% function evaluation | noise-free fitness - Fopt (1.000000000000e+03) | best noise-free fitness - Fopt | measured fitness | best measured fitness | x1 | x2...
1 +2.360773461e+05 +2.360773461e+05 +2.370773461e+05 +2.370773461e+05 +0.0000e+00 +0.0000e+00
68 +1.926179463e+05 +1.926179463e+05 +1.936179463e+05 +1.936179463e+05 +2.5789e+00 -5.4300e-01
70 +1.189643075e+05 +1.189643075e+05 +1.199643075e+05 +1.199643075e+05 +2.1474e+00 -1.2020e+00
73 +8.462193989e+04 +8.462193989e+04 +8.562193989e+04 +8.562193989e+04 +1.6524e+00 -1.5109e+00
74 +3.376484636e+04 +3.376484636e+04 +3.476484636e+04 +3.476484636e+04 +2.4006e+00 -2.8899e+00
92 +6.986889641e+02 +6.986889641e+02 +1.698688964e+03 +1.698688964e+03 +1.5830e+00 -1.4909e+01
96 +4.230859121e+02 +4.230859121e+02 +1.423085912e+03 +1.423085912e+03 +2.0296e+00 -1.2323e+01
105 +1.125318657e+02 +1.125318657e+02 +1.112531866e+03 +1.112531866e+03 +2.3995e+00 -7.1956e+00
137 +1.099899936e+02 +1.099899936e+02 +1.109989994e+03 +1.109989994e+03 +2.8814e+00 -7.0517e+00
144 +3.047221378e+01 +3.047221378e+01 +1.030472214e+03 +1.030472214e+03 +6.8115e-01 -5.0875e+00
336 +8.176419403e+00 +8.176419403e+00 +1.008176419e+03 +1.008176419e+03 +1.7374e-01 -3.9890e+00
494 +6.053792445e+00 +6.053792445e+00 +1.006053792e+03 +1.006053792e+03 -1.0545e+00 -3.8578e+00
519 +7.388772781e-01 +7.388772781e-01 +1.000738877e+03 +1.000738877e+03 -1.7208e+00 -3.1846e+00
537 +6.927868487e-01 +6.927868487e-01 +1.000692787e+03 +1.000692787e+03 -1.7016e+00 -3.1467e+00
538 +1.228431466e-01 +1.228431466e-01 +1.000122843e+03 +1.000122843e+03 -1.3017e+00 -3.0645e+00
786 +7.971077634e-02 +7.971077634e-02 +1.000079711e+03 +1.000079711e+03 -1.2528e+00 -3.0531e+00
807 +3.891151012e-02 +3.891151012e-02 +1.000038912e+03 +1.000038912e+03 -1.1665e+00 -3.0463e+00
1237 +3.816349571e-02 +3.816349571e-02 +1.000038163e+03 +1.000038163e+03 -1.1714e+00 -3.0432e+00
1274 +3.422366952e-02 +3.422366952e-02 +1.000034224e+03 +1.000034224e+03 -1.1557e+00 -3.0464e+00
1275 +2.418950547e-02 +2.418950547e-02 +1.000024190e+03 +1.000024190e+03 -1.1521e+00 -3.0358e+00
1284 +9.539400334e-03 +9.539400334e-03 +1.000009539e+03 +1.000009539e+03 -1.0887e+00 -3.0355e+00
1310 +5.462341551e-03 +5.462341551e-03 +1.000005462e+03 +1.000005462e+03 -1.0679e+00 -3.0324e+00
1344 +4.335848298e-03 +4.335848298e-03 +1.000004336e+03 +1.000004336e+03 -1.0562e+00 -3.0304e+00
1358 +2.614227077e-03 +2.614227077e-03 +1.000002614e+03 +1.000002614e+03 -1.0437e+00 -3.0288e+00
1489 +2.506664968e-03 +2.506664968e-03 +1.000002507e+03 +1.000002507e+03 -1.0405e+00 -3.0283e+00
1501 +8.660885494e-04 +8.660885494e-04 +1.000000866e+03 +1.000000866e+03 -1.0371e+00 -3.0229e+00
1536 +7.924238288e-04 +7.924238288e-04 +1.000000792e+03 +1.000000792e+03 -1.0537e+00 -3.0204e+00
1548 +5.402369869e-04 +5.402369869e-04 +1.000000540e+03 +1.000000540e+03 -1.0486e+00 -3.0208e+00
1578 +4.891835252e-04 +4.891835252e-04 +1.000000489e+03 +1.000000489e+03 -1.0351e+00 -3.0210e+00
1627 +1.592215028e-05 +1.592215028e-05 +1.000000016e+03 +1.000000016e+03 -1.0398e+00 -3.0175e+00
1690 +5.016666933e-06 +5.016666933e-06 +1.000000005e+03 +1.000000005e+03 -1.0401e+00 -3.0170e+00
1975 +4.427435783e-06 +4.427435783e-06 +1.000000004e+03 +1.000000004e+03 -1.0398e+00 -3.0171e+00
1977 +5.037861683e-07 +5.037861683e-07 +1.000000001e+03 +1.000000001e+03 -1.0394e+00 -3.0169e+00
2017 +4.645141871e-08 +4.645141871e-08 +1.000000000e+03 +1.000000000e+03 -1.0392e+00 -3.0168e+00
2163 +4.337300652e-08 +4.337300652e-08 +1.000000000e+03 +1.000000000e+03 -1.0392e+00 -3.0168e+00
2235 +3.862635367e-08 +3.862635367e-08 +1.000000000e+03 +1.000000000e+03 -1.0392e+00 -3.0168e+00
2383 +1.217802037e-08 +1.217802037e-08 +1.000000000e+03 +1.000000000e+03 -1.0392e+00 -3.0168e+00
2453 +1.123510174e-08 +1.123510174e-08 +1.000000000e+03 +1.000000000e+03 -1.0392e+00 -3.0168e+00
2455 +5.540414350e-09 +5.540414350e-09 +1.000000000e+03 +1.000000000e+03 -1.0392e+00 -3.0168e+00
% function evaluation | noise-free fitness - Fopt (4.519100000000e+02) | best noise-free fitness - Fopt | measured fitness | best measured fitness | x1 | x2...
1 +5.960888444e+04 +5.960888444e+04 +6.006079444e+04 +6.006079444e+04 +0.0000e+00 +0.0000e+00
2 +2.339419641e+04 +2.339419641e+04 +2.384610641e+04 +2.384610641e+04 -3.7039e+00 +2.9726e-01
3 +1.828949678e+04 +1.828949678e+04 +1.874140678e+04 +1.874140678e+04 -3.9785e+00 +2.0820e-01
4 +1.066241127e+04 +1.066241127e+04 +1.111432127e+04 +1.111432127e+04 -3.7434e+00 -3.6637e-02
28 +8.322592170e+02 +8.322592170e+02 +1.284169217e+03 +1.284169217e+03 -3.5255e+00 -5.7240e-01
32 +5.082770746e+02 +5.082770746e+02 +9.601870746e+02 +9.601870746e+02 -3.6160e+00 -5.8895e-01
35 +7.091661521e+00 +7.091661521e+00 +4.590016615e+02 +4.590016615e+02 -3.9977e+00 -6.7320e-01
91 +3.373817561e-01 +3.373817561e-01 +4.522473818e+02 +4.522473818e+02 -4.4666e+00 -5.7683e-01
145 +2.269628844e-01 +2.269628844e-01 +4.521369629e+02 +4.521369629e+02 -4.3690e+00 -6.3123e-01
185 +7.941957074e-02 +7.941957074e-02 +4.519894196e+02 +4.519894196e+02 -4.1714e+00 -5.8762e-01
574 +2.685296378e-02 +2.685296378e-02 +4.519368530e+02 +4.519368530e+02 -4.0741e+00 -6.1059e-01
645 +1.297421176e-02 +1.297421176e-02 +4.519229742e+02 +4.519229742e+02 -4.0247e+00 -5.9761e-01
649 +1.285074959e-02 +1.285074959e-02 +4.519228507e+02 +4.519228507e+02 -4.0157e+00 -6.1717e-01
650 +7.984655650e-03 +7.984655650e-03 +4.519179847e+02 +4.519179847e+02 -4.0032e+00 -6.0049e-01
784 +2.525472737e-03 +2.525472737e-03 +4.519125255e+02 +4.519125255e+02 -3.9726e+00 -5.9868e-01
862 +2.476600119e-03 +2.476600119e-03 +4.519124766e+02 +4.519124766e+02 -3.9644e+00 -6.1059e-01
899 +5.054181457e-04 +5.054181457e-04 +4.519105054e+02 +4.519105054e+02 -3.9524e+00 -6.0394e-01
913 +2.628630974e-04 +2.628630974e-04 +4.519102629e+02 +4.519102629e+02 -3.9483e+00 -6.0253e-01
1081 +2.529567391e-04 +2.529567391e-04 +4.519102530e+02 +4.519102530e+02 -3.9480e+00 -6.0253e-01
1105 +6.058105515e-05 +6.058105515e-05 +4.519100606e+02 +4.519100606e+02 -3.9407e+00 -6.0370e-01
1208 +1.623126911e-05 +1.623126911e-05 +4.519100162e+02 +4.519100162e+02 -3.9394e+00 -6.0306e-01
1214 +8.393400719e-06 +8.393400719e-06 +4.519100084e+02 +4.519100084e+02 -3.9399e+00 -6.0255e-01
1251 +4.655889654e-06 +4.655889654e-06 +4.519100047e+02 +4.519100047e+02 -3.9392e+00 -6.0265e-01
1415 +9.213559338e-07 +9.213559338e-07 +4.519100009e+02 +4.519100009e+02 -3.9388e+00 -6.0236e-01
1418 +4.552486530e-07 +4.552486530e-07 +4.519100005e+02 +4.519100005e+02 -3.9387e+00 -6.0241e-01
1445 +1.352172490e-07 +1.352172490e-07 +4.519100001e+02 +4.519100001e+02 -3.9386e+00 -6.0240e-01
1574 +1.011074460e-07 +1.011074460e-07 +4.519100001e+02 +4.519100001e+02 -3.9385e+00 -6.0241e-01
1637 +6.529819530e-08 +6.529819530e-08 +4.519100001e+02 +4.519100001e+02 -3.9385e+00 -6.0240e-01
1674 +1.071401812e-08 +1.071401812e-08 +4.519100000e+02 +4.519100000e+02 -3.9384e+00 -6.0240e-01
2019 +5.942638381e-09 +5.942638381e-09 +4.519100000e+02 +4.519100000e+02 -3.9384e+00 -6.0241e-01
% function evaluation | noise-free fitness - Fopt (-2.415900000000e+02) | best noise-free fitness - Fopt | measured fitness | best measured fitness | x1 | x2...
1 +6.998078352e+01 +6.998078352e+01 -1.716092165e+02 -1.716092165e+02 +0.0000e+00 +0.0000e+00
46 +4.922474918e+01 +4.922474918e+01 -1.923652508e+02 -1.923652508e+02 -2.3863e+00 +1.0104e+00
50 +4.799299641e+01 +4.799299641e+01 -1.935970036e+02 -1.935970036e+02 -2.6264e+00 +1.0989e+00
70 +3.734032906e+01 +3.734032906e+01 -2.042496709e+02 -2.042496709e+02 -3.4957e-01 +1.1548e+00
73 +3.711104268e+01 +3.711104268e+01 -2.044789573e+02 -2.044789573e+02 +1.3692e+00 +1.0416e+00
82 +1.943831115e+01 +1.943831115e+01 -2.221516889e+02 -2.221516889e+02 +2.5337e+00 +2.0754e+00
86 +9.828069245e+00 +9.828069245e+00 -2.317619308e+02 -2.317619308e+02 -1.8726e+00 +2.6091e+00
157 +8.677532481e+00 +8.677532481e+00 -2.329124675e+02 -2.329124675e+02 +4.5780e-01 +2.4838e+00
183 +3.539182430e+00 +3.539182430e+00 -2.380508176e+02 -2.380508176e+02 -1.5199e+00 +3.0209e+00
288 +2.063871814e+00 +2.063871814e+00 -2.395261282e+02 -2.395261282e+02 -2.3355e-01 +3.2902e+00
289 +1.386926778e+00 +1.386926778e+00 -2.402030732e+02 -2.402030732e+02 -6.5272e-01 +3.2750e+00
305 +3.828874177e-01 +3.828874177e-01 -2.412071126e+02 -2.412071126e+02 -1.1099e+00 +3.4974e+00
540 +1.610390173e-01 +1.610390173e-01 -2.414289610e+02 -2.414289610e+02 -1.4124e+00 +3.5474e+00
546 +1.539355611e-01 +1.539355611e-01 -2.414360644e+02 -2.414360644e+02 -1.2623e+00 +3.5860e+00
553 +7.489180311e-02 +7.489180311e-02 -2.415151082e+02 -2.415151082e+02 -1.4064e+00 +3.6106e+00
679 +6.040022267e-02 +6.040022267e-02 -2.415295998e+02 -2.415295998e+02 -1.4034e+00 +3.6241e+00
722 +1.136351568e-02 +1.136351568e-02 -2.415786365e+02 -2.415786365e+02 -1.5668e+00 +3.6515e+00
743 +5.791724333e-03 +5.791724333e-03 -2.415842083e+02 -2.415842083e+02 -1.5670e+00 +3.6604e+00
929 +4.372949272e-03 +4.372949272e-03 -2.415856271e+02 -2.415856271e+02 -1.5482e+00 +3.6717e+00
938 +2.297790021e-03 +2.297790021e-03 -2.415877022e+02 -2.415877022e+02 -1.5734e+00 +3.6698e+00
962 +8.083879252e-04 +8.083879252e-04 -2.415891916e+02 -2.415891916e+02 -1.5888e+00 +3.6750e+00
1108 +4.915913850e-04 +4.915913850e-04 -2.415895084e+02 -2.415895084e+02 -1.5800e+00 +3.6785e+00
1131 +7.771377622e-05 +7.771377622e-05 -2.415899223e+02 -2.415899223e+02 -1.5920e+00 +3.6797e+00
1332 +3.072122317e-05 +3.072122317e-05 -2.415899693e+02 -2.415899693e+02 -1.5907e+00 +3.6807e+00
1404 +2.048636068e-05 +2.048636068e-05 -2.415899795e+02 -2.415899795e+02 -1.5923e+00 +3.6807e+00
1556 +1.487877424e-05 +1.487877424e-05 -2.415899851e+02 -2.415899851e+02 -1.5924e+00 +3.6809e+00
1564 +1.337832168e-05 +1.337832168e-05 -2.415899866e+02 -2.415899866e+02 -1.5920e+00 +3.6810e+00
1591 +1.077327849e-05 +1.077327849e-05 -2.415899892e+02 -2.415899892e+02 -1.5925e+00 +3.6810e+00
1667 +5.880814001e-06 +5.880814001e-06 -2.415899941e+02 -2.415899941e+02 -1.5924e+00 +3.6813e+00
1690 +5.272842344e-06 +5.272842344e-06 -2.415899947e+02 -2.415899947e+02 -1.5926e+00 +3.6812e+00
1714 +4.395949162e-06 +4.395949162e-06 -2.415899956e+02 -2.415899956e+02 -1.5935e+00 +3.6812e+00
1730 +1.203659423e-06 +1.203659423e-06 -2.415899988e+02 -2.415899988e+02 -1.5933e+00 +3.6814e+00
1851 +3.681702481e-07 +3.681702481e-07 -2.415899996e+02 -2.415899996e+02 -1.5934e+00 +3.6815e+00
1882 +1.013879398e-07 +1.013879398e-07 -2.415899999e+02 -2.415899999e+02 -1.5936e+00 +3.6816e+00
2099 +5.539828862e-08 +5.539828862e-08 -2.415899999e+02 -2.415899999e+02 -1.5935e+00 +3.6816e+00
2132 +5.897021538e-09 +5.897021538e-09 -2.415900000e+02 -2.415900000e+02 -1.5936e+00 +3.6816e+00
