% function evaluation | noise-free fitness - Fopt (-6.211100000000e+02) | best noise-free fitness - Fopt | measured fitness | best measured fitness | x1 | x2...
1 +2.538036525e+08 +2.538036525e+08 +2.538030314e+08 +2.538030314e+08 +0.0000e+00 +0.0000e+00
79 +1.222183291e+08 +1.222183291e+08 +1.222177080e+08 +1.222177080e+08 +5.6646e-03 +5.2376e-01
90 +6.780745584e+07 +6.780745584e+07 +6.780683473e+07 +6.780683473e+07 +2.8825e-01 +9.1940e-01
93 +8.972737367e+06 +8.972737367e+06 +8.972116257e+06 +8.972116257e+06 +4.1179e-01 +6.9932e+00
96 +3.210113866e+06 +3.210113866e+06 +3.209492756e+06 +3.209492756e+06 -9.8938e-01 +2.5511e+00
97 +3.067536280e+05 +3.067536280e+05 +3.061325180e+05 +3.061325180e+05 +3.6233e-01 +4.5513e+00
110 +2.677745389e+05 +2.677745389e+05 +2.671534289e+05 +2.671534289e+05 +3.7470e-02 +4.5133e+00
113 +3.964068436e+04 +3.964068436e+04 +3.901957436e+04 +3.901957436e+04 -1.1984e+00 +3.7105e+00
135 +1.924051181e+02 +1.924051181e+02 -4.287048819e+02 -4.287048819e+02 -1.2751e+00 +4.0032e+00
286 +3.112113118e+01 +3.112113118e+01 -5.899888688e+02 -5.899888688e+02 -1.8498e-01 +3.9884e+00
550 +1.205806102e+01 +1.205806102e+01 -6.090519390e+02 -6.090519390e+02 -4.1343e+00 +3.9713e+00
594 +1.059744831e+01 +1.059744831e+01 -6.105125517e+02 -6.105125517e+02 -3.5147e+00 +3.9791e+00
654 +7.525033090e+00 +7.525033090e+00 -6.135849669e+02 -6.135849669e+02 -3.3580e+00 +3.9759e+00
802 +7.093000926e+00 +7.093000926e+00 -6.140169991e+02 -6.140169991e+02 -3.3041e+00 +3.9763e+00
980 +6.299662529e-01 +6.299662529e-01 -6.204800337e+02 -6.204800337e+02 -1.6822e+00 +3.9871e+00
1386 +5.823696471e-01 +5.823696471e-01 -6.205276304e+02 -6.205276304e+02 -1.6537e+00 +3.9872e+00
1425 +4.481572261e-01 +4.481572261e-01 -6.206618428e+02 -6.206618428e+02 -1.4197e+00 +3.9889e+00
1434 +3.077030096e-01 +3.077030096e-01 -6.208022970e+02 -6.208022970e+02 -1.4435e+00 +3.9883e+00
1510 +2.810670398e-01 +2.810670398e-01 -6.208289330e+02 -6.208289330e+02 -1.4221e+00 +3.9884e+00
1546 +2.476822463e-01 +2.476822463e-01 -6.208623178e+02 -6.208623178e+02 -1.3291e+00 +3.9892e+00
1565 +2.451527886e-01 +2.451527886e-01 -6.208648472e+02 -6.208648472e+02 -1.3571e+00 +3.9885e+00
1586 +2.020734544e-01 +2.020734544e-01 -6.209079265e+02 -6.209079265e+02 -1.3005e+00 +3.9888e+00
1630 +1.792514793e-01 +1.792514793e-01 -6.209307485e+02 -6.209307485e+02 -1.3090e+00 +3.9891e+00
1653 +1.770743277e-01 +1.770743277e-01 -6.209329257e+02 -6.209329257e+02 -1.2415e+00 +3.9896e+00
1660 +1.579811085e-01 +1.579811085e-01 -6.209520189e+02 -6.209520189e+02 -1.2556e+00 +3.9891e+00
1672 +1.486443766e-01 +1.486443766e-01 -6.209613556e+02 -6.209613556e+02 -1.2752e+00 +3.9892e+00
1682 +1.476085015e-01 +1.476085015e-01 -6.209623915e+02 -6.209623915e+02 -1.2450e+00 +3.9892e+00
1699 +5.332059246e-02 +5.332059246e-02 -6.210566794e+02 -6.210566794e+02 -1.1192e+00 +3.9901e+00
1787 +4.932417116e-02 +4.932417116e-02 -6.210606758e+02 -6.210606758e+02 -1.1138e+00 +3.9901e+00
1789 +4.066417157e-02 +4.066417157e-02 -6.210693358e+02 -6.210693358e+02 -1.0605e+00 +3.9902e+00
1796 +3.154206048e-02 +3.154206048e-02 -6.210784579e+02 -6.210784579e+02 -1.0635e+00 +3.9904e+00
1808 +2.580755388e-02 +2.580755388e-02 -6.210841924e+02 -6.210841924e+02 -1.0262e+00 +3.9906e+00
1821 +2.468605216e-02 +2.468605216e-02 -6.210853139e+02 -6.210853139e+02 -1.0489e+00 +3.9904e+00
1961 +2.419299627e-02 +2.419299627e-02 -6.210858070e+02 -6.210858070e+02 -1.0475e+00 +3.9904e+00
1970 +1.915032594e-02 +1.915032594e-02 -6.210908497e+02 -6.210908497e+02 -1.0303e+00 +3.9905e+00
2008 +5.637584860e-03 +5.637584860e-03 -6.211043624e+02 -6.211043624e+02 -9.6521e-01 +3.9908e+00
2139 +5.252811313e-03 +5.252811313e-03 -6.211047472e+02 -6.211047472e+02 -9.5800e-01 +3.9908e+00
2169 +2.503322811e-03 +2.503322811e-03 -6.211074967e+02 -6.211074967e+02 -9.2744e-01 +3.9910e+00
2171 +1.007994358e-03 +1.007994358e-03 -6.211089920e+02 -6.211089920e+02 -9.1450e-01 +3.9911e+00
2382 +1.781738999e-04 +1.781738999e-04 -6.211098218e+02 -6.211098218e+02 -9.0457e-01 +3.9911e+00
2486 +1.019683458e-04 +1.019683458e-04 -6.211098980e+02 -6.211098980e+02 -9.0209e-01 +3.9911e+00
2522 +3.172842958e-05 +3.172842958e-05 -6.211099683e+02 -6.211099683e+02 -8.9205e-01 +3.9912e+00
2534 +1.624134200e-05 +1.624134200e-05 -6.211099838e+02 -6.211099838e+02 -8.9167e-01 +3.9912e+00
2613 +1.548163959e-05 +1.548163959e-05 -6.211099845e+02 -6.211099845e+02 -8.9588e-01 +3.9912e+00
2660 +1.134214506e-05 +1.134214506e-05 -6.211099887e+02 -6.211099887e+02 -8.9533e-01 +3.9912e+00
2700 +7.643951562e-06 +7.643951562e-06 -6.211099924e+02 -6.211099924e+02 -8.9320e-01 +3.9912e+00
2712 +4.063281949e-06 +4.063281949e-06 -6.211099959e+02 -6.211099959e+02 -8.9362e-01 +3.9912e+00
2786 +3.022811370e-06 +3.022811370e-06 -6.211099970e+02 -6.211099970e+02 -8.9362e-01 +3.9912e+00
2869 +6.707958846e-07 +6.707958846e-07 -6.211099993e+02 -6.211099993e+02 -8.9241e-01 +3.9912e+00
3046 +5.789311217e-07 +5.789311217e-07 -6.211099994e+02 -6.211099994e+02 -8.9141e-01 +3.9912e+00
3114 +1.903799784e-09 +1.903799784e-09 -6.211100000e+02 -6.211100000e+02 -8.9199e-01 +3.9912e+00
% function evaluation | noise-free fitness - Fopt (-2.548200000000e+02) | best noise-free fitness - Fopt | measured fitness | best measured fitness | x1 | x2...
1 +2.881702870e+08 +2.881702870e+08 +2.881700322e+08 +2.881700322e+08 +0.0000e+00 +0.0000e+00
72 +1.790424274e+08 +1.790424274e+08 +1.790421726e+08 +1.790421726e+08 -1.1722e-01 +8.8839e-01
78 +1.766249364e+08 +1.766249364e+08 +1.766246816e+08 +1.766246816e+08 +1.5195e-01 +5.3279e-01
80 +1.714696452e+08 +1.714696452e+08 +1.714693903e+08 +1.714693903e+08 -4.4764e-01 +1.4130e+00
95 +1.117490524e+04 +1.117490524e+04 +1.092008524e+04 +1.092008524e+04 +1.7597e+00 +4.1093e+00
156 +9.635296243e+02 +9.635296243e+02 +7.087096243e+02 +7.087096243e+02 +5.2742e+00 +3.7918e+00
302 +2.027143057e+02 +2.027143057e+02 -5.210569428e+01 -5.210569428e+01 +6.8395e+00 +3.7469e+00
379 +1.851648748e+01 +1.851648748e+01 -2.363035125e+02 -2.363035125e+02 +7.6423e+00 +3.7590e+00
556 +1.484904982e+01 +1.484904982e+01 -2.399709502e+02 -2.399709502e+02 +7.3294e+00 +3.7622e+00
696 +1.131305360e+01 +1.131305360e+01 -2.435069464e+02 -2.435069464e+02 +6.9529e+00 +3.7618e+00
773 +5.372211602e+00 +5.372211602e+00 -2.494477884e+02 -2.494477884e+02 +5.3625e+00 +3.7591e+00
990 +4.729249335e+00 +4.729249335e+00 -2.500907507e+02 -2.500907507e+02 +5.9154e+00 +3.7608e+00
1021 +3.537899082e+00 +3.537899082e+00 -2.512821009e+02 -2.512821009e+02 +5.5500e+00 +3.7603e+00
1022 +2.979992151e+00 +2.979992151e+00 -2.518400078e+02 -2.518400078e+02 +5.3240e+00 +3.7615e+00
1056 +2.867236321e+00 +2.867236321e+00 -2.519527637e+02 -2.519527637e+02 +5.3652e+00 +3.7603e+00
1064 +6.936109903e-01 +6.936109903e-01 -2.541263890e+02 -2.541263890e+02 +4.5543e+00 +3.7606e+00
1105 +4.560476344e-01 +4.560476344e-01 -2.543639524e+02 -2.543639524e+02 +3.9776e+00 +3.7602e+00
1141 +1.652965328e-02 +1.652965328e-02 -2.548034703e+02 -2.548034703e+02 +3.8474e+00 +3.7609e+00
1438 +4.864635831e-03 +4.864635831e-03 -2.548151354e+02 -2.548151354e+02 +3.7361e+00 +3.7605e+00
1510 +3.223406939e-04 +3.223406939e-04 -2.548196777e+02 -2.548196777e+02 +3.7353e+00 +3.7604e+00
1682 +2.616042553e-04 +2.616042553e-04 -2.548197384e+02 -2.548197384e+02 +3.7561e+00 +3.7608e+00
1692 +2.478794164e-04 +2.478794164e-04 -2.548197521e+02 -2.548197521e+02 +3.7544e+00 +3.7608e+00
1790 +1.434530765e-04 +1.434530765e-04 -2.548198565e+02 -2.548198565e+02 +3.7478e+00 +3.7608e+00
1800 +5.813190324e-05 +5.813190324e-05 -2.548199419e+02 -2.548199419e+02 +3.7484e+00 +3.7608e+00
1834 +4.540031978e-05 +4.540031978e-05 -2.548199546e+02 -2.548199546e+02 +3.7422e+00 +3.7608e+00
1836 +4.062324936e-05 +4.062324936e-05 -2.548199594e+02 -2.548199594e+02 +3.7436e+00 +3.7608e+00
1869 +2.429353199e-05 +2.429353199e-05 -2.548199757e+02 -2.548199757e+02 +3.7413e+00 +3.7608e+00
1888 +2.419534354e-06 +2.419534354e-06 -2.548199976e+02 -2.548199976e+02 +3.7423e+00 +3.7608e+00
2072 +1.854711144e-06 +1.854711144e-06 -2.548199981e+02 -2.548199981e+02 +3.7416e+00 +3.7608e+00
2093 +5.907287743e-07 +5.907287743e-07 -2.548199994e+02 -2.548199994e+02 +3.7411e+00 +3.7608e+00
2194 +6.867409752e-08 +6.867409752e-08 -2.548199999e+02 -2.548199999e+02 +3.7410e+00 +3.7608e+00
2281 +6.402359531e-09 +6.402359531e-09 -2.548200000e+02 -2.548200000e+02 +3.7408e+00 +3.7608e+00
% function evaluation | noise-free fitness - Fopt (5.661000000000e+01) | best noise-free fitness - Fopt | measured fitness | best measured fitness | x1 | x2...
1 +1.170257328e+08 +1.170257328e+08 +1.170257894e+08 +1.170257894e+08 +0.0000e+00 +0.0000e+00
2 +1.495954244e+07 +1.495954244e+07 +1.495959905e+07 +1.495959905e+07 -3.4619e+00 -1.9501e-02
3 +8.442687749e+06 +8.442687749e+06 +8.442744359e+06 +8.442744359e+06 -3.6881e+00 -2.3606e-01
6 +6.093128382e+06 +6.093128382e+06 +6.093184992e+06 +6.093184992e+06 -3.6837e+00 -4.0701e-01
26 +4.655701860e+06 +4.655701860e+06 +4.655758470e+06 +4.655758470e+06 -3.9067e+00 -4.3200e-01
30 +4.209147590e+06 +4.209147590e+06 +4.209204200e+06 +4.209204200e+06 -3.4837e+00 -6.8818e-01
46 +3.885343634e+06 +3.885343634e+06 +3.885400244e+06 +3.885400244e+06 -3.3157e+00 -8.1176e-01
61 +2.229033507e+05 +2.229033507e+05 +2.229599607e+05 +2.229599607e+05 -4.3237e+00 -1.2483e+00
71 +5.959212193e+04 +5.959212193e+04 +5.964873193e+04 +5.964873193e+04 -5.3167e+00 -1.3536e+00
75 +8.162987515e+03 +8.162987515e+03 +8.219597515e+03 +8.219597515e+03 -4.4740e+00 -1.8451e+00
88 +8.713176021e+02 +8.713176021e+02 +9.279276021e+02 +9.279276021e+02 -4.5882e+00 -1.5586e+00
132 +8.300576856e+01 +8.300576856e+01 +1.396157686e+02 +1.396157686e+02 -4.1942e+00 -1.9298e+00
154 +5.430225256e+01 +5.430225256e+01 +1.109122526e+02 +1.109122526e+02 -4.2943e+00 -1.8412e+00
176 +9.083005232e-01 +9.083005232e-01 +5.751830052e+01 +5.751830052e+01 -4.5390e+00 -1.6415e+00
374 +8.432947825e-01 +8.432947825e-01 +5.745329478e+01 +5.745329478e+01 -4.4107e+00 -1.7494e+00
430 +5.866599447e-01 +5.866599447e-01 +5.719665994e+01 +5.719665994e+01 -4.3551e+00 -1.7985e+00
604 +4.818064604e-01 +4.818064604e-01 +5.709180646e+01 +5.709180646e+01 -4.3679e+00 -1.7880e+00
695 +4.619656525e-01 +4.619656525e-01 +5.707196565e+01 +5.707196565e+01 -4.3648e+00 -1.7906e+00
62654 +4.570799554e-01 +4.570799554e-01 +5.706707996e+01 +5.706707996e+01 -4.3629e+00 -1.7922e+00
81824 +4.466492763e-01 +4.466492763e-01 +5.705664928e+01 +5.705664928e+01 -4.3569e+00 -1.7975e+00
99235 +4.364872404e-01 +4.364872404e-01 +5.704648724e+01 +5.704648724e+01 -4.3510e+00 -1.8027e+00
119621 +4.265781492e-01 +4.265781492e-01 +5.703657815e+01 +5.703657815e+01 -4.3452e+00 -1.8079e+00
142963 +4.168098414e-01 +4.168098414e-01 +5.702680984e+01 +5.702680984e+01 -4.3392e+00 -1.8132e+00
161690 +4.073606971e-01 +4.073606971e-01 +5.701736070e+01 +5.701736070e+01 -4.3337e+00 -1.8181e+00
179998 +3.980935376e-01 +3.980935376e-01 +5.700809354e+01 +5.700809354e+01 -4.3281e+00 -1.8231e+00
201162 +3.890425034e-01 +3.890425034e-01 +5.699904250e+01 +5.699904250e+01 -4.3225e+00 -1.8281e+00
217019 +3.801305140e-01 +3.801305140e-01 +5.699013051e+01 +5.699013051e+01 -4.3170e+00 -1.8331e+00
236550 +3.715286639e-01 +3.715286639e-01 +5.698152866e+01 +5.698152866e+01 -4.3117e+00 -1.8379e+00
257541 +3.630762443e-01 +3.630762443e-01 +5.697307624e+01 +5.697307624e+01 -4.3063e+00 -1.8427e+00
276654 +3.547763891e-01 +3.547763891e-01 +5.696477639e+01 +5.696477639e+01 -4.3010e+00 -1.8475e+00
296079 +3.467329977e-01 +3.467329977e-01 +5.695673300e+01 +5.695673300e+01 -4.2958e+00 -1.8522e+00
314926 +3.387383893e-01 +3.387383893e-01 +5.694873839e+01 +5.694873839e+01 -4.2906e+00 -1.8570e+00
334354 +3.311273951e-01 +3.311273951e-01 +5.694112740e+01 +5.694112740e+01 -4.2855e+00 -1.8615e+00
351206 +3.235874316e-01 +3.235874316e-01 +5.693358743e+01 +5.693358743e+01 -4.2805e+00 -1.8661e+00
368960 +3.161863821e-01 +3.161863821e-01 +5.692618638e+01 +5.692618638e+01 -4.2755e+00 -1.8707e+00
387143 +3.090248694e-01 +3.090248694e-01 +5.691902487e+01 +5.691902487e+01 -4.2706e+00 -1.8752e+00
407978 +3.019864767e-01 +3.019864767e-01 +5.691198648e+01 +5.691198648e+01 -4.2657e+00 -1.8796e+00
427243 +2.951178328e-01 +2.951178328e-01 +5.690511783e+01 +5.690511783e+01 -4.2609e+00 -1.8840e+00
% function evaluation | noise-free fitness - Fopt (-1.810000000000e+01) | best noise-free fitness - Fopt | measured fitness | best measured fitness | x1 | x2...
1 +3.264899073e+05 +3.264899073e+05 +3.264718073e+05 +3.264718073e+05 +0.0000e+00 +0.0000e+00
3 +2.540264501e+05 +2.540264501e+05 +2.540083501e+05 +2.540083501e+05 +3.6793e+00 -7.3533e-01
9 +1.937724435e+05 +1.937724435e+05 +1.937543435e+05 +1.937543435e+05 +3.7034e+00 -6.7529e-01
25 +7.422857674e+04 +7.422857674e+04 +7.421047674e+04 +7.421047674e+04 +3.8914e+00 -5.4465e-01
34 +6.675138411e+03 +6.675138411e+03 +6.657038411e+03 +6.657038411e+03 +3.4793e+00 -2.5925e-01
50 +5.278413325e+03 +5.278413325e+03 +5.260313325e+03 +5.260313325e+03 +3.4701e+00 -9.9471e-02
55 +2.395993003e+03 +2.395993003e+03 +2.377893003e+03 +2.377893003e+03 +3.8987e+00 -2.1752e-01
57 +1.437953198e+02 +1.437953198e+02 +1.256953198e+02 +1.256953198e+02 +4.1901e+00 -3.4229e-01
88 +6.079456189e+01 +6.079456189e+01 +4.269456189e+01 +4.269456189e+01 +3.9238e+00 -2.6649e-01
132 +4.342381453e+01 +4.342381453e+01 +2.532381453e+01 +2.532381453e+01 +4.1427e+00 -3.2528e-01
172 +2.897448892e+01 +2.897448892e+01 +1.087448892e+01 +1.087448892e+01 +4.0937e+00 -3.0757e-01
176 +2.772582258e+01 +2.772582258e+01 +9.625822575e+00 +9.625822575e+00 +3.6400e+00 -2.0783e-01
306 +2.655226156e+01 +2.655226156e+01 +8.452261557e+00 +8.452261557e+00 +4.3655e+00 -3.6869e-01
361 +2.177840720e+01 +2.177840720e+01 +3.678407198e+00 +3.678407198e+00 +3.8877e+00 -2.6425e-01
550 +2.081501747e+01 +2.081501747e+01 +2.715017474e+00 +2.715017474e+00 +3.7570e+00 -2.3551e-01
11951 +2.041654410e+01 +2.041654410e+01 +2.316544101e+00 +2.316544101e+00 +3.7991e+00 -2.4571e-01
17166 +1.994418631e+01 +1.994418631e+01 +1.844186308e+00 +1.844186308e+00 +3.7485e+00 -2.3456e-01
21284 +1.949177950e+01 +1.949177950e+01 +1.391779498e+00 +1.391779498e+00 +3.6987e+00 -2.2368e-01
24106 +1.903589619e+01 +1.903589619e+01 +9.358961897e-01 +9.358961897e-01 +3.6479e+00 -2.1260e-01
29400 +1.861963972e+01 +1.861963972e+01 +5.196397225e-01 +5.196397225e-01 +3.6002e+00 -2.0206e-01
34598 +1.819684978e+01 +1.819684978e+01 +9.684978174e-02 +9.684978174e-02 +3.5529e+00 -1.9183e-01
41085 +1.778205265e+01 +1.778205265e+01 -3.179473462e-01 -3.179473462e-01 +3.5049e+00 -1.8126e-01
46059 +1.737526244e+01 +1.737526244e+01 -7.247375639e-01 -7.247375639e-01 +3.4578e+00 -1.7102e-01
50694 +1.695181080e+01 +1.695181080e+01 -1.148189196e+00 -1.148189196e+00 +3.4079e+00 -1.6011e-01
56023 +1.659556387e+01 +1.659556387e+01 -1.504436125e+00 -1.504436125e+00 +3.3651e+00 -1.5080e-01
60768 +1.617094949e+01 +1.617094949e+01 -1.929050505e+00 -1.929050505e+00 +3.3105e+00 -1.3900e-01
65653 +1.583929681e+01 +1.583929681e+01 -2.260703192e+00 -2.260703192e+00 +3.2735e+00 -1.3071e-01
71554 +1.545765644e+01 +1.545765644e+01 -2.642343555e+00 -2.642343555e+00 +3.2259e+00 -1.2040e-01
78303 +1.513484807e+01 +1.513484807e+01 -2.965151932e+00 -2.965151932e+00 +3.1861e+00 -1.1161e-01
83141 +1.478835795e+01 +1.478835795e+01 -3.311642049e+00 -3.311642049e+00 +3.1424e+00 -1.0207e-01
88585 +1.444951574e+01 +1.444951574e+01 -3.650484264e+00 -3.650484264e+00 +3.0991e+00 -9.2622e-02
92586 +1.412303368e+01 +1.412303368e+01 -3.976966319e+00 -3.976966319e+00 +3.0570e+00 -8.3388e-02
98421 +1.380283411e+01 +1.380283411e+01 -4.297165894e+00 -4.297165894e+00 +3.0150e+00 -7.4245e-02
104265 +1.348520124e+01 +1.348520124e+01 -4.614798763e+00 -4.614798763e+00 +2.9731e+00 -6.5031e-02
109434 +1.317754911e+01 +1.317754911e+01 -4.922450891e+00 -4.922450891e+00 +2.9315e+00 -5.6017e-02
114473 +1.288235823e+01 +1.288235823e+01 -5.217641768e+00 -5.217641768e+00 +2.8919e+00 -4.7301e-02
120199 +1.258706454e+01 +1.258706454e+01 -5.512935465e+00 -5.512935465e+00 +2.8513e+00 -3.8389e-02
125385 +1.229890227e+01 +1.229890227e+01 -5.801097728e+00 -5.801097728e+00 +2.8115e+00 -2.9771e-02
131496 +1.202254991e+01 +1.202254991e+01 -6.077450094e+00 -6.077450094e+00 +2.7728e+00 -2.1307e-02
136795 +1.174804294e+01 +1.174804294e+01 -6.351957059e+00 -6.351957059e+00 +2.7340e+00 -1.2772e-02
141523 +1.147899533e+01 +1.147899533e+01 -6.621004670e+00 -6.621004670e+00 +2.6955e+00 -4.3799e-03
145315 +1.121921372e+01 +1.121921372e+01 -6.880786279e+00 -6.880786279e+00 +2.6577e+00 +3.8596e-03
150662 +1.096268984e+01 +1.096268984e+01 -7.137310155e+00 -7.137310155e+00 +2.6202e+00 +1.2108e-02
156330 +1.071333646e+01 +1.071333646e+01 -7.386663542e+00 -7.386663542e+00 +2.5830e+00 +2.0259e-02
161414 +1.047118050e+01 +1.047118050e+01 -7.628819496e+00 -7.628819496e+00 +2.5468e+00 +2.8112e-02
167031 +1.022934475e+01 +1.022934475e+01 -7.870655247e+00 -7.870655247e+00 +2.5101e+00 +3.6141e-02
172375 +9.999618563e+00 +9.999618563e+00 -8.100381437e+00 -8.100381437e+00 +2.4749e+00 +4.3856e-02
177023 +9.769797854e+00 +9.769797854e+00 -8.330202146e+00 -8.330202146e+00 +2.4391e+00 +5.1659e-02
180023 +9.543413027e+00 +9.543413027e+00 -8.556586973e+00 -8.556586973e+00 +2.4033e+00 +5.9534e-02
183363 +9.330814205e+00 +9.330814205e+00 -8.769185795e+00 -8.769185795e+00 +2.3698e+00 +6.6846e-02
188332 +9.119418323e+00 +9.119418323e+00 -8.980581677e+00 -8.980581677e+00 +2.3357e+00 +7.4262e-02
192819 +8.911881633e+00 +8.911881633e+00 -9.188118367e+00 -9.188118367e+00 +2.3020e+00 +8.1641e-02
196730 +8.709542869e+00 +8.709542869e+00 -9.390457131e+00 -9.390457131e+00 +2.2687e+00 +8.8926e-02
202522 +8.508900942e+00 +8.508900942e+00 -9.591099058e+00 -9.591099058e+00 +2.2353e+00 +9.6222e-02
208300 +8.317251757e+00 +8.317251757e+00 -9.782748243e+00 -9.782748243e+00 +2.2029e+00 +1.0333e-01
212858 +8.127468767e+00 +8.127468767e+00 -9.972531233e+00 -9.972531233e+00 +2.1706e+00 +1.1035e-01
217569 +7.943153861e+00 +7.943153861e+00 -1.015684614e+01 -1.015684614e+01 +2.1387e+00 +1.1737e-01
222854 +7.754501481e+00 +7.754501481e+00 -1.034549852e+01 -1.034549852e+01 +2.1060e+00 +1.2450e-01
227752 +7.584356845e+00 +7.584356845e+00 -1.051564316e+01 -1.051564316e+01 +2.0758e+00 +1.3114e-01
233518 +7.409160984e+00 +7.409160984e+00 -1.069083902e+01 -1.069083902e+01 +2.0448e+00 +1.3789e-01
238799 +7.244148046e+00 +7.244148046e+00 -1.085585195e+01 -1.085585195e+01 +2.0150e+00 +1.4440e-01
245288 +7.077934168e+00 +7.077934168e+00 -1.102206583e+01 -1.102206583e+01 +1.9843e+00 +1.5105e-01
249470 +6.912726860e+00 +6.912726860e+00 -1.118727314e+01 -1.118727314e+01 +1.9541e+00 +1.5771e-01
254587 +6.759131953e+00 +6.759131953e+00 -1.134086805e+01 -1.134086805e+01 +1.9255e+00 +1.6397e-01
261387 +6.605693881e+00 +6.605693881e+00 -1.149430612e+01 -1.149430612e+01 +1.8965e+00 +1.7031e-01
267192 +6.455248915e+00 +6.455248915e+00 -1.164475109e+01 -1.164475109e+01 +1.8677e+00 +1.7661e-01
272895 +6.309447663e+00 +6.309447663e+00 -1.179055234e+01 -1.179055234e+01 +1.8395e+00 +1.8276e-01
277484 +6.157446426e+00 +6.157446426e+00 -1.194255357e+01 -1.194255357e+01 +1.8098e+00 +1.8925e-01
280483 +6.024647143e+00 +6.024647143e+00 -1.207535286e+01 -1.207535286e+01 +1.7835e+00 +1.9501e-01
286711 +5.887411137e+00 +5.887411137e+00 -1.221258886e+01 -1.221258886e+01 +1.7560e+00 +2.0100e-01
291263 +5.754399025e+00 +5.754399025e+00 -1.234560098e+01 -1.234560098e+01 +1.7291e+00 +2.0689e-01
296057 +5.622573997e+00 +5.622573997e+00 -1.247742600e+01 -1.247742600e+01 +1.7021e+00 +2.1279e-01
301738 +5.495010355e+00 +5.495010355e+00 -1.260498964e+01 -1.260498964e+01 +1.6757e+00 +2.1858e-01
307065 +5.370293302e+00 +5.370293302e+00 -1.272970670e+01 -1.272970670e+01 +1.6494e+00 +2.2429e-01
313261 +5.246624732e+00 +5.246624732e+00 -1.285337527e+01 -1.285337527e+01 +1.6228e+00 +2.3008e-01
318050 +5.128150560e+00 +5.128150560e+00 -1.297184944e+01 -1.297184944e+01 +1.5976e+00 +2.3566e-01
321951 +5.008259751e+00 +5.008259751e+00 -1.309174025e+01 -1.309174025e+01 +1.5718e+00 +2.4130e-01
327651 +4.897410598e+00 +4.897410598e+00 -1.320258940e+01 -1.320258940e+01 +1.5476e+00 +2.4658e-01
332314 +4.784818637e+00 +4.784818637e+00 -1.331518136e+01 -1.331518136e+01 +1.5224e+00 +2.5205e-01
337470 +4.676045386e+00 +4.676045386e+00 -1.342395461e+01 -1.342395461e+01 +1.4979e+00 +2.5740e-01
343915 +4.570125320e+00 +4.570125320e+00 -1.352987468e+01 -1.352987468e+01 +1.4741e+00 +2.6265e-01
347459 +4.463571007e+00 +4.463571007e+00 -1.363642899e+01 -1.363642899e+01 +1.4496e+00 +2.6800e-01
351326 +4.349662070e+00 +4.349662070e+00 -1.375033793e+01 -1.375033793e+01 +1.4228e+00 +2.7390e-01
356494 +4.264388786e+00 +4.264388786e+00 -1.383561121e+01 -1.383561121e+01 +1.4029e+00 +2.7822e-01
362922 +4.167846602e+00 +4.167846602e+00 -1.393215340e+01 -1.393215340e+01 +1.3798e+00 +2.8321e-01
367512 +4.073295974e+00 +4.073295974e+00 -1.402670403e+01 -1.402670403e+01 +1.3572e+00 +2.8822e-01
372056 +3.980811270e+00 +3.980811270e+00 -1.411918873e+01 -1.411918873e+01 +1.3344e+00 +2.9314e-01
376923 +3.888940143e+00 +3.888940143e+00 -1.421105986e+01 -1.421105986e+01 +1.3119e+00 +2.9806e-01
383247 +3.801629554e+00 +3.801629554e+00 -1.429837045e+01 -1.429837045e+01 +1.2904e+00 +3.0279e-01
388460 +3.714575546e+00 +3.714575546e+00 -1.438542445e+01 -1.438542445e+01 +1.2684e+00 +3.0759e-01
394082 +3.630172719e+00 +3.630172719e+00 -1.446982728e+01 -1.446982728e+01 +1.2469e+00 +3.1229e-01
398644 +3.547896411e+00 +3.547896411e+00 -1.455210359e+01 -1.455210359e+01 +1.2257e+00 +3.1693e-01
404324 +3.465845237e+00 +3.465845237e+00 -1.463415476e+01 -1.463415476e+01 +1.2043e+00 +3.2161e-01
409156 +3.388098617e+00 +3.388098617e+00 -1.471190138e+01 -1.471190138e+01 +1.1838e+00 +3.2609e-01
415205 +3.310454342e+00 +3.310454342e+00 -1.478954566e+01 -1.478954566e+01 +1.1631e+00 +3.3063e-01
420352 +3.234812761e+00 +3.234812761e+00 -1.486518724e+01 -1.486518724e+01 +1.1426e+00 +3.3509e-01
424789 +3.159897727e+00 +3.159897727e+00 -1.494010227e+01 -1.494010227e+01 +1.1219e+00 +3.3965e-01
430543 +3.090280754e+00 +3.090280754e+00 -1.500971925e+01 -1.500971925e+01 +1.1029e+00 +3.4377e-01
436092 +3.019753384e+00 +3.019753384e+00 -1.508024662e+01 -1.508024662e+01 +1.0832e+00 +3.4808e-01
% function evaluation | noise-free fitness - Fopt (3.777000000000e+01) | best noise-free fitness - Fopt | measured fitness | best measured fitness | x1 | x2...
1 +4.240305599e+06 +4.240305599e+06 +4.240343369e+06 +4.240343369e+06 +0.0000e+00 +0.0000e+00
47 +3.909509665e+06 +3.909509665e+06 +3.909547435e+06 +3.909547435e+06 +1.3062e+00 +1.4418e-01
62 +3.465919000e+06 +3.465919000e+06 +3.465956770e+06 +3.465956770e+06 +3.2636e-01 +1.9750e-01
68 +2.822150559e+06 +2.822150559e+06 +2.822188329e+06 +2.822188329e+06 +6.8196e-01 +3.8864e-01
77 +2.627624896e+05 +2.627624896e+05 +2.628002596e+05 +2.628002596e+05 +3.0818e+00 +6.8772e-01
98 +1.400912016e+04 +1.400912016e+04 +1.404689016e+04 +1.404689016e+04 +9.3576e-02 +2.0033e+00
162 +1.536960207e+03 +1.536960207e+03 +1.574730207e+03 +1.574730207e+03 -5.8785e-01 +2.0776e+00
304 +1.503682029e+03 +1.503682029e+03 +1.541452029e+03 +1.541452029e+03 -8.1631e-01 +2.1338e+00
347 +6.806181387e+01 +6.806181387e+01 +1.058318139e+02 +1.058318139e+02 -4.2411e-01 +2.1409e+00
506 +1.789472830e+01 +1.789472830e+01 +5.566472830e+01 +5.566472830e+01 -4.6516e+00 +2.0571e+00
527 +1.397599130e+01 +1.397599130e+01 +5.174599130e+01 +5.174599130e+01 -4.6420e+00 +2.0599e+00
657 +8.577598326e+00 +8.577598326e+00 +4.634759833e+01 +4.634759833e+01 -3.9076e+00 +2.0592e+00
779 +8.214954543e+00 +8.214954543e+00 +4.598495454e+01 +4.598495454e+01 -3.6972e+00 +2.0601e+00
853 +7.908699600e+00 +7.908699600e+00 +4.567869960e+01 +4.567869960e+01 -3.6501e+00 +2.0583e+00
1018 +7.609458421e+00 +7.609458421e+00 +4.537945842e+01 +4.537945842e+01 -3.7366e+00 +2.0593e+00
1068 +7.475156964e+00 +7.475156964e+00 +4.524515696e+01 +4.524515696e+01 -3.7130e+00 +2.0592e+00
1072 +6.746872914e+00 +6.746872914e+00 +4.451687291e+01 +4.451687291e+01 -3.5691e+00 +2.0590e+00
1085 +6.091112144e+00 +6.091112144e+00 +4.386111214e+01 +4.386111214e+01 -3.4471e+00 +2.0592e+00
1087 +5.283517272e+00 +5.283517272e+00 +4.305351727e+01 +4.305351727e+01 -3.2509e+00 +2.0596e+00
1104 +3.894623791e+00 +3.894623791e+00 +4.166462379e+01 +4.166462379e+01 -2.7754e+00 +2.0584e+00
1138 +4.370276530e-01 +4.370276530e-01 +3.820702765e+01 +3.820702765e+01 -1.3245e+00 +2.0598e+00
1226 +7.528956095e-02 +7.528956095e-02 +3.784528956e+01 +3.784528956e+01 -9.7510e-01 +2.0592e+00
1413 +4.537911501e-02 +4.537911501e-02 +3.781537912e+01 +3.781537912e+01 -1.0550e+00 +2.0594e+00
1420 +3.665738164e-02 +3.665738164e-02 +3.780665738e+01 +3.780665738e+01 -1.1701e+00 +2.0592e+00
1432 +2.046621814e-02 +2.046621814e-02 +3.779046622e+01 +3.779046622e+01 -1.0091e+00 +2.0593e+00
1452 +1.173353555e-02 +1.173353555e-02 +3.778173354e+01 +3.778173354e+01 -1.0541e+00 +2.0593e+00
1659 +9.510276910e-03 +9.510276910e-03 +3.777951028e+01 +3.777951028e+01 -9.9750e-01 +2.0593e+00
1672 +3.804048882e-03 +3.804048882e-03 +3.777380405e+01 +3.777380405e+01 -1.0358e+00 +2.0592e+00
1810 +3.259379219e-03 +3.259379219e-03 +3.777325938e+01 +3.777325938e+01 -1.0200e+00 +2.0592e+00
1891 +2.487194435e-03 +2.487194435e-03 +3.777248719e+01 +3.777248719e+01 -1.0017e+00 +2.0592e+00
1892 +2.214386494e-03 +2.214386494e-03 +3.777221439e+01 +3.777221439e+01 -1.0227e+00 +2.0592e+00
1919 +1.304751051e-04 +1.304751051e-04 +3.777013048e+01 +3.777013048e+01 -9.8725e-01 +2.0592e+00
2026 +1.840521497e-05 +1.840521497e-05 +3.777001841e+01 +3.777001841e+01 -9.7847e-01 +2.0592e+00
2169 +1.203088544e-05 +1.203088544e-05 +3.777001203e+01 +3.777001203e+01 -9.8015e-01 +2.0592e+00
2204 +1.115805554e-05 +1.115805554e-05 +3.777001116e+01 +3.777001116e+01 -9.8200e-01 +2.0592e+00
2211 +8.297501353e-08 +8.297501353e-08 +3.777000008e+01 +3.777000008e+01 -9.7922e-01 +2.0592e+00
2475 +8.360380832e-09 +8.360380832e-09 +3.777000001e+01 +3.777000001e+01 -9.7929e-01 +2.0592e+00
% function evaluation | noise-free fitness - Fopt (6.054000000000e+01) | best noise-free fitness - Fopt | measured fitness | best measured fitness | x1 | x2...
1 +1.071762351e+06 +1.071762351e+06 +1.071822891e+06 +1.071822891e+06 +0.0000e+00 +0.0000e+00
2 +3.484988637e+05 +3.484988637e+05 +3.485594037e+05 +3.485594037e+05 +6.6435e-01 +2.1666e-01
3 +2.790680843e+05 +2.790680843e+05 +2.791286243e+05 +2.791286243e+05 +1.0620e+00 +1.2685e-01
13 +2.235327794e+05 +2.235327794e+05 +2.235933194e+05 +2.235933194e+05 +9.3590e-01 +2.3610e-01
17 +2.112995236e+05 +2.112995236e+05 +2.113600636e+05 +2.113600636e+05 +8.0199e-01 +3.0291e-01
24 +1.778305715e+05 +1.778305715e+05 +1.778911115e+05 +1.778911115e+05 +1.2539e+00 +1.6585e-01
26 +5.466959578e+04 +5.466959578e+04 +5.473013578e+04 +5.473013578e+04 +8.5070e-01 +5.2645e-01
27 +5.076746454e+03 +5.076746454e+03 +5.137286454e+03 +5.137286454e+03 +1.0489e+00 +6.2316e-01
47 +1.679211204e+03 +1.679211204e+03 +1.739751204e+03 +1.739751204e+03 +1.0537e+00 +6.5378e-01
49 +4.988922399e+02 +4.988922399e+02 +5.594322399e+02 +5.594322399e+02 +4.1657e-01 +9.8574e-01
66 +1.917163701e+02 +1.917163701e+02 +2.522563701e+02 +2.522563701e+02 +8.9687e-01 +7.6394e-01
85 +2.357191938e+01 +2.357191938e+01 +8.411191938e+01 +8.411191938e+01 +7.7073e-01 +8.4118e-01
88 +2.814618882e-01 +2.814618882e-01 +6.082146189e+01 +6.082146189e+01 +9.2427e-01 +7.7208e-01
314 +3.957056610e-02 +3.957056610e-02 +6.057957057e+01 +6.057957057e+01 +1.0154e+00 +7.2733e-01
% function evaluation | noise-free fitness - Fopt (7.079600000000e+02) | best noise-free fitness - Fopt | measured fitness | best measured fitness | x1 | x2...
1 +2.032583151e+05 +2.032583151e+05 +2.039662751e+05 +2.039662751e+05 +0.0000e+00 +0.0000e+00
68 +3.260027698e+03 +3.260027698e+03 +3.967987698e+03 +3.967987698e+03 +2.6547e-01 -7.0534e-01
114 +1.578230514e+03 +1.578230514e+03 +2.286190514e+03 +2.286190514e+03 +2.2602e-01 -6.9668e-01
208 +1.062500099e+03 +1.062500099e+03 +1.770460099e+03 +1.770460099e+03 -2.1725e-01 -4.4341e-01
242 +5.581193709e+00 +5.581193709e+00 +7.135411937e+02 +7.135411937e+02 +1.9272e-01 -7.2173e-01
324026 +5.495209301e+00 +5.495209301e+00 +7.134552093e+02 +7.134552093e+02 +2.3041e-01 -7.5033e-01
350044 +5.370305062e+00 +5.370305062e+00 +7.133303051e+02 +7.133303051e+02 +2.0927e-01 -7.3390e-01
381879 +5.248003242e+00 +5.248003242e+00 +7.132080032e+02 +7.132080032e+02 +1.8832e-01 -7.1761e-01
408582 +5.128402700e+00 +5.128402700e+00 +7.130884027e+02 +7.130884027e+02 +1.6760e-01 -7.0148e-01
433072 +5.011837199e+00 +5.011837199e+00 +7.129718372e+02 +7.129718372e+02 +1.4716e-01 -6.8560e-01
% function evaluation | noise-free fitness - Fopt (1.118000000000e+01) | best noise-free fitness - Fopt | measured fitness | best measured fitness | x1 | x2...
1 +2.122183351e+07 +2.122183351e+07 +2.122184469e+07 +2.122184469e+07 +0.0000e+00 +0.0000e+00
2 +4.132143291e+06 +4.132143291e+06 +4.132154471e+06 +4.132154471e+06 -1.9514e+00 -1.7718e+00
5 +3.822659293e+06 +3.822659293e+06 +3.822670473e+06 +3.822670473e+06 -1.9708e+00 -1.8537e+00
6 +3.641664545e+06 +3.641664545e+06 +3.641675725e+06 +3.641675725e+06 -2.0882e+00 -1.9021e+00
7 +3.284778022e+06 +3.284778022e+06 +3.284789202e+06 +3.284789202e+06 -1.9553e+00 -1.9980e+00
28 +2.632145912e+06 +2.632145912e+06 +2.632157092e+06 +2.632157092e+06 -1.9257e+00 -2.1880e+00
43 +2.480055461e+06 +2.480055461e+06 +2.480066641e+06 +2.480066641e+06 -1.7916e+00 -2.2288e+00
46 +1.391896234e+06 +1.391896234e+06 +1.391907414e+06 +1.391907414e+06 -1.9822e+00 -2.6306e+00
55 +7.248232738e+05 +7.248232738e+05 +7.248344538e+05 +7.248344538e+05 -1.7163e+00 -2.9590e+00
59 +4.862883299e+05 +4.862883299e+05 +4.862995099e+05 +4.862995099e+05 -1.2349e+00 -3.0847e+00
69 +4.654642025e+05 +4.654642025e+05 +4.654753825e+05 +4.654753825e+05 -2.6052e+00 -4.4926e+00
72 +2.537821812e+05 +2.537821812e+05 +2.537933612e+05 +2.537933612e+05 -1.2494e+00 -3.2831e+00
76 +1.968242229e+04 +1.968242229e+04 +1.969360229e+04 +1.969360229e+04 -2.3337e+00 -3.6701e+00
85 +1.327529492e+04 +1.327529492e+04 +1.328647492e+04 +1.328647492e+04 -1.9311e+00 -3.9256e+00
110 +2.918178496e+03 +2.918178496e+03 +2.929358496e+03 +2.929358496e+03 -1.8171e+00 -3.7564e+00
147 +2.571115940e+03 +2.571115940e+03 +2.582295940e+03 +2.582295940e+03 -1.5315e+00 -3.8611e+00
167 +7.051827249e-01 +7.051827249e-01 +1.188518272e+01 +1.188518272e+01 -1.4724e+00 -3.8112e+00
300 +1.562759405e-01 +1.562759405e-01 +1.133627594e+01 +1.133627594e+01 -1.6874e+00 -3.8102e+00
330 +1.374339702e-01 +1.374339702e-01 +1.131743397e+01 +1.131743397e+01 -1.7204e+00 -3.8104e+00
1276 +1.333804446e-01 +1.333804446e-01 +1.131338044e+01 +1.131338044e+01 -1.7129e+00 -3.8104e+00
1286 +9.270527997e-02 +9.270527997e-02 +1.127270528e+01 +1.127270528e+01 -1.4950e+00 -3.8107e+00
1296 +3.989100730e-02 +3.989100730e-02 +1.121989101e+01 +1.121989101e+01 -1.5038e+00 -3.8105e+00
1312 +2.375546309e-02 +2.375546309e-02 +1.120375546e+01 +1.120375546e+01 -1.4677e+00 -3.8103e+00
1326 +7.058671459e-03 +7.058671459e-03 +1.118705867e+01 +1.118705867e+01 -1.4104e+00 -3.8103e+00
1327 +4.058629927e-03 +4.058629927e-03 +1.118405863e+01 +1.118405863e+01 -1.4138e+00 -3.8104e+00
1377 +1.760757961e-03 +1.760757961e-03 +1.118176076e+01 +1.118176076e+01 -1.3578e+00 -3.8104e+00
1443 +4.087215965e-04 +4.087215965e-04 +1.118040872e+01 +1.118040872e+01 -1.3702e+00 -3.8104e+00
1520 +2.112511628e-05 +2.112511628e-05 +1.118002113e+01 +1.118002113e+01 -1.3507e+00 -3.8104e+00
1753 +1.399368856e-05 +1.399368856e-05 +1.118001399e+01 +1.118001399e+01 -1.3511e+00 -3.8104e+00
1810 +7.940711107e-06 +7.940711107e-06 +1.118000794e+01 +1.118000794e+01 -1.3519e+00 -3.8104e+00
1847 +6.760229310e-06 +6.760229310e-06 +1.118000676e+01 +1.118000676e+01 -1.3499e+00 -3.8104e+00
1910 +4.261382436e-06 +4.261382436e-06 +1.118000426e+01 +1.118000426e+01 -1.3522e+00 -3.8104e+00
1944 +2.023228371e-06 +2.023228371e-06 +1.118000202e+01 +1.118000202e+01 -1.3518e+00 -3.8104e+00
1974 +1.833438787e-07 +1.833438787e-07 +1.118000018e+01 +1.118000018e+01 -1.3507e+00 -3.8104e+00
2005 +1.774773040e-07 +1.774773040e-07 +1.118000018e+01 +1.118000018e+01 -1.3508e+00 -3.8104e+00
2034 +3.898243683e-08 +3.898243683e-08 +1.118000004e+01 +1.118000004e+01 -1.3506e+00 -3.8104e+00
2224 +1.856669130e-08 +1.856669130e-08 +1.118000002e+01 +1.118000002e+01 -1.3505e+00 -3.8104e+00
2232 +5.639154921e-09 +5.639154921e-09 +1.118000001e+01 +1.118000001e+01 -1.3505e+00 -3.8104e+00
% function evaluation | noise-free fitness - Fopt (1.818000000000e+01) | best noise-free fitness - Fopt | measured fitness | best measured fitness | x1 | x2...
1 +7.797650304e+06 +7.797650304e+06 +7.797668484e+06 +7.797668484e+06 +0.0000e+00 +0.0000e+00
51 +1.111773441e+06 +1.111773441e+06 +1.111791621e+06 +1.111791621e+06 +1.0690e+00 -2.8182e+00
68 +6.001149003e+05 +6.001149003e+05 +6.001330803e+05 +6.001330803e+05 +1.9186e+00 -2.8155e+00
83 +5.098178885e+05 +5.098178885e+05 +5.098360685e+05 +5.098360685e+05 +1.9341e+00 -3.8658e+00
84 +4.617535168e+05 +4.617535168e+05 +4.617716968e+05 +4.617716968e+05 +1.8692e+00 -2.6482e+00
88 +1.630163803e+05 +1.630163803e+05 +1.630345603e+05 +1.630345603e+05 +1.7149e+00 -2.6481e+00
92 +5.167845383e+03 +5.167845383e+03 +5.186025383e+03 +5.186025383e+03 +1.5420e+00 -3.3790e+00
207 +3.096626508e+01 +3.096626508e+01 +4.914626508e+01 +4.914626508e+01 +2.1903e+00 +2.0465e-01
569 +2.442636682e+01 +2.442636682e+01 +4.260636682e+01 +4.260636682e+01 +3.3521e+00 +1.9339e+00
588 +5.732936613e+00 +5.732936613e+00 +2.391293661e+01 +2.391293661e+01 +3.5232e+00 +2.1865e+00
873 +5.566866896e+00 +5.566866896e+00 +2.374686690e+01 +2.374686690e+01 +3.4598e+00 +2.0887e+00
874 +4.152415724e+00 +4.152415724e+00 +2.233241572e+01 +2.233241572e+01 +3.5187e+00 +2.1821e+00
935 +3.912870300e+00 +3.912870300e+00 +2.209287030e+01 +2.209287030e+01 +3.4870e+00 +2.1332e+00
40429 +3.890425219e+00 +3.890425219e+00 +2.207042522e+01 +2.207042522e+01 +3.4850e+00 +2.1299e+00
64179 +3.800855745e+00 +3.800855745e+00 +2.198085574e+01 +2.198085574e+01 +3.4725e+00 +2.1107e+00
87546 +3.714893631e+00 +3.714893631e+00 +2.189489363e+01 +2.189489363e+01 +3.4605e+00 +2.0923e+00
113793 +3.630772025e+00 +3.630772025e+00 +2.181077202e+01 +2.181077202e+01 +3.4485e+00 +2.0738e+00
132757 +3.547788675e+00 +3.547788675e+00 +2.172778867e+01 +2.172778867e+01 +3.4365e+00 +2.0553e+00
160424 +3.467335853e+00 +3.467335853e+00 +2.164733585e+01 +2.164733585e+01 +3.4249e+00 +2.0375e+00
182190 +3.387815165e+00 +3.387815165e+00 +2.156781517e+01 +2.156781517e+01 +3.4132e+00 +2.0194e+00
205780 +3.311259517e+00 +3.311259517e+00 +2.149125952e+01 +2.149125952e+01 +3.4017e+00 +2.0019e+00
229544 +3.235924570e+00 +3.235924570e+00 +2.141592457e+01 +2.141592457e+01 +3.3904e+00 +1.9845e+00
255447 +3.162154899e+00 +3.162154899e+00 +2.134215490e+01 +2.134215490e+01 +3.3792e+00 +1.9672e+00
285896 +3.090276133e+00 +3.090276133e+00 +2.127027613e+01 +2.127027613e+01 +3.3681e+00 +1.9501e+00
311053 +3.018809222e+00 +3.018809222e+00 +2.119880922e+01 +2.119880922e+01 +3.3570e+00 +1.9330e+00
338175 +2.951188946e+00 +2.951188946e+00 +2.113118895e+01 +2.113118895e+01 +3.3463e+00 +1.9166e+00
362860 +2.884030740e+00 +2.884030740e+00 +2.106403074e+01 +2.106403074e+01 +3.3356e+00 +1.9001e+00
386198 +2.818089963e+00 +2.818089963e+00 +2.099808996e+01 +2.099808996e+01 +3.3250e+00 +1.8837e+00
410465 +2.754143715e+00 +2.754143715e+00 +2.093414371e+01 +2.093414371e+01 +3.3145e+00 +1.8676e+00
434761 +2.691288767e+00 +2.691288767e+00 +2.087128877e+01 +2.087128877e+01 +3.3042e+00 +1.8517e+00
% function evaluation | noise-free fitness - Fopt (1.089300000000e+02) | best noise-free fitness - Fopt | measured fitness | best measured fitness | x1 | x2...
1 +4.892025262e+06 +4.892025262e+06 +4.892134192e+06 +4.892134192e+06 +0.0000e+00 +0.0000e+00
50 +4.016735533e+06 +4.016735533e+06 +4.016844463e+06 +4.016844463e+06 +3.2770e+00 -5.5310e-01
74 +8.929242909e+05 +8.929242909e+05 +8.930332209e+05 +8.930332209e+05 +3.2984e+00 -1.6206e+00
82 +2.671940778e+05 +2.671940778e+05 +2.673030078e+05 +2.673030078e+05 +2.6019e+00 -1.9825e+00
87 +1.069269898e+03 +1.069269898e+03 +1.178199898e+03 +1.178199898e+03 +2.0866e+00 -2.4144e+00
172 +1.349572208e+02 +1.349572208e+02 +2.438872208e+02 +2.438872208e+02 +4.4521e+00 -2.7558e+00
211 +2.715158348e+01 +2.715158348e+01 +1.360815835e+02 +1.360815835e+02 +3.1017e+00 -2.5555e+00
395 +1.132208412e+00 +1.132208412e+00 +1.100622084e+02 +1.100622084e+02 +1.9080e+00 -2.4289e+00
769 +6.920685623e-01 +6.920685623e-01 +1.096220686e+02 +1.096220686e+02 +3.0995e+00 -2.5492e+00
967 +1.891578844e-01 +1.891578844e-01 +1.091191579e+02 +1.091191579e+02 +2.9542e+00 -2.5354e+00
990 +1.423929548e-01 +1.423929548e-01 +1.090723930e+02 +1.090723930e+02 +2.9820e+00 -2.5382e+00
1015 +1.078907080e-01 +1.078907080e-01 +1.090378907e+02 +1.090378907e+02 +2.9906e+00 -2.5395e+00
1061 +9.514388146e-02 +9.514388146e-02 +1.090251439e+02 +1.090251439e+02 +3.0832e+00 -2.5483e+00
1111 +4.351863760e-02 +4.351863760e-02 +1.089735186e+02 +1.089735186e+02 +2.9728e+00 -2.5376e+00
1210 +3.260866916e-02 +3.260866916e-02 +1.089626087e+02 +1.089626087e+02 +2.9336e+00 -2.5339e+00
12745 +3.235114953e-02 +3.235114953e-02 +1.089623511e+02 +1.089623511e+02 +2.9376e+00 -2.5342e+00
14309 +3.162099182e-02 +3.162099182e-02 +1.089616210e+02 +1.089616210e+02 +2.9350e+00 -2.5340e+00
16249 +3.087521771e-02 +3.087521771e-02 +1.089608752e+02 +1.089608752e+02 +2.9322e+00 -2.5337e+00
17894 +3.008413230e-02 +3.008413230e-02 +1.089600841e+02 +1.089600841e+02 +2.9292e+00 -2.5335e+00
20159 +2.950094694e-02 +2.950094694e-02 +1.089595009e+02 +1.089595009e+02 +2.9270e+00 -2.5333e+00
21153 +2.878152646e-02 +2.878152646e-02 +1.089587815e+02 +1.089587815e+02 +2.9242e+00 -2.5330e+00
22921 +2.816385949e-02 +2.816385949e-02 +1.089581639e+02 +1.089581639e+02 +2.9218e+00 -2.5328e+00
24808 +2.753925083e-02 +2.753925083e-02 +1.089575393e+02 +1.089575393e+02 +2.9193e+00 -2.5325e+00
25958 +2.690971552e-02 +2.690971552e-02 +1.089569097e+02 +1.089569097e+02 +2.9168e+00 -2.5323e+00
27554 +2.627329186e-02 +2.627329186e-02 +1.089562733e+02 +1.089562733e+02 +2.9142e+00 -2.5321e+00
29581 +2.568475916e-02 +2.568475916e-02 +1.089556848e+02 +1.089556848e+02 +2.9118e+00 -2.5318e+00
31665 +2.511776216e-02 +2.511776216e-02 +1.089551178e+02 +1.089551178e+02 +2.9094e+00 -2.5316e+00
33512 +2.449649698e-02 +2.449649698e-02 +1.089544965e+02 +1.089544965e+02 +2.9065e+00 -2.5313e+00
35239 +2.394959268e-02 +2.394959268e-02 +1.089539496e+02 +1.089539496e+02 +2.9044e+00 -2.5311e+00
36405 +2.343798079e-02 +2.343798079e-02 +1.089534380e+02 +1.089534380e+02 +2.9022e+00 -2.5309e+00
39349 +2.289939952e-02 +2.289939952e-02 +1.089528994e+02 +1.089528994e+02 +2.8998e+00 -2.5307e+00
41010 +2.238235900e-02 +2.238235900e-02 +1.089523824e+02 +1.089523824e+02 +2.8975e+00 -2.5305e+00
43233 +2.187648931e-02 +2.187648931e-02 +1.089518765e+02 +1.089518765e+02 +2.8952e+00 -2.5303e+00
45581 +2.137866278e-02 +2.137866278e-02 +1.089513787e+02 +1.089513787e+02 +2.8929e+00 -2.5301e+00
47102 +2.088203714e-02 +2.088203714e-02 +1.089508820e+02 +1.089508820e+02 +2.8906e+00 -2.5299e+00
48036 +2.040501839e-02 +2.040501839e-02 +1.089504050e+02 +1.089504050e+02 +2.8883e+00 -2.5296e+00
49585 +1.995088682e-02 +1.995088682e-02 +1.089499509e+02 +1.089499509e+02 +2.8862e+00 -2.5294e+00
52076 +1.949434094e-02 +1.949434094e-02 +1.089494943e+02 +1.089494943e+02 +2.8839e+00 -2.5292e+00
54043 +1.900319893e-02 +1.900319893e-02 +1.089490032e+02 +1.089490032e+02 +2.8812e+00 -2.5290e+00
55653 +1.861236106e-02 +1.861236106e-02 +1.089486124e+02 +1.089486124e+02 +2.8796e+00 -2.5288e+00
57554 +1.816270321e-02 +1.816270321e-02 +1.089481627e+02 +1.089481627e+02 +2.8773e+00 -2.5286e+00
59075 +1.778092668e-02 +1.778092668e-02 +1.089477809e+02 +1.089477809e+02 +2.8753e+00 -2.5284e+00
60855 +1.736866180e-02 +1.736866180e-02 +1.089473687e+02 +1.089473687e+02 +2.8732e+00 -2.5283e+00
63565 +1.696219273e-02 +1.696219273e-02 +1.089469622e+02 +1.089469622e+02 +2.8711e+00 -2.5281e+00
65486 +1.659563196e-02 +1.659563196e-02 +1.089465956e+02 +1.089465956e+02 +2.8690e+00 -2.5279e+00
66795 +1.621196020e-02 +1.621196020e-02 +1.089462120e+02 +1.089462120e+02 +2.8670e+00 -2.5277e+00
68235 +1.584756016e-02 +1.584756016e-02 +1.089458476e+02 +1.089458476e+02 +2.8650e+00 -2.5275e+00
70872 +1.548613666e-02 +1.548613666e-02 +1.089454861e+02 +1.089454861e+02 +2.8629e+00 -2.5273e+00
72291 +1.512870834e-02 +1.512870834e-02 +1.089451287e+02 +1.089451287e+02 +2.8610e+00 -2.5271e+00
74071 +1.478919229e-02 +1.478919229e-02 +1.089447892e+02 +1.089447892e+02 +2.8591e+00 -2.5270e+00
76273 +1.444241620e-02 +1.444241620e-02 +1.089444424e+02 +1.089444424e+02 +2.8571e+00 -2.5268e+00
77862 +1.411226467e-02 +1.411226467e-02 +1.089441123e+02 +1.089441123e+02 +2.8551e+00 -2.5266e+00
80083 +1.378958255e-02 +1.378958255e-02 +1.089437896e+02 +1.089437896e+02 +2.8532e+00 -2.5264e+00
81974 +1.347703545e-02 +1.347703545e-02 +1.089434770e+02 +1.089434770e+02 +2.8513e+00 -2.5262e+00
83693 +1.317286296e-02 +1.317286296e-02 +1.089431729e+02 +1.089431729e+02 +2.8495e+00 -2.5261e+00
85058 +1.287481442e-02 +1.287481442e-02 +1.089428748e+02 +1.089428748e+02 +2.8476e+00 -2.5259e+00
85500 +1.258576722e-02 +1.258576722e-02 +1.089425858e+02 +1.089425858e+02 +2.8458e+00 -2.5258e+00
87277 +1.230255278e-02 +1.230255278e-02 +1.089423026e+02 +1.089423026e+02 +2.8440e+00 -2.5256e+00
89592 +1.200953040e-02 +1.200953040e-02 +1.089420095e+02 +1.089420095e+02 +2.8422e+00 -2.5254e+00
92080 +1.174186116e-02 +1.174186116e-02 +1.089417419e+02 +1.089417419e+02 +2.8404e+00 -2.5253e+00
95070 +1.144821305e-02 +1.144821305e-02 +1.089414482e+02 +1.089414482e+02 +2.8385e+00 -2.5251e+00
97004 +1.121869279e-02 +1.121869279e-02 +1.089412187e+02 +1.089412187e+02 +2.8370e+00 -2.5249e+00
% function evaluation | noise-free fitness - Fopt (1.966000000000e+01) | best noise-free fitness - Fopt | measured fitness | best measured fitness | x1 | x2...
1 +1.128110807e+07 +1.128110807e+07 +1.128112773e+07 +1.128112773e+07 +0.0000e+00 +0.0000e+00
114 +9.385813498e+06 +9.385813498e+06 +9.385833158e+06 +9.385833158e+06 -7.4953e+00 -2.3078e-01
134 +2.324504969e+04 +2.324504969e+04 +2.326470969e+04 +2.326470969e+04 -1.0308e+00 -3.1394e+00
180 +6.360218015e+03 +6.360218015e+03 +6.379878015e+03 +6.379878015e+03 -2.4735e+01 -3.3708e+00
218 +4.854861500e+03 +4.854861500e+03 +4.874521500e+03 +4.874521500e+03 -1.4053e+01 -3.3630e+00
220 +1.305541442e+03 +1.305541442e+03 +1.325201442e+03 +1.325201442e+03 -1.9956e+01 -3.2631e+00
241 +3.071879727e+02 +3.071879727e+02 +3.268479727e+02 +3.268479727e+02 -1.9388e+01 -3.2955e+00
390 +4.283023820e+00 +4.283023820e+00 +2.394302382e+01 +2.394302382e+01 -2.6935e+00 -3.2963e+00
819 +3.959780441e+00 +3.959780441e+00 +2.361978044e+01 +2.361978044e+01 -3.5810e+00 -3.2933e+00
970 +3.112856471e+00 +3.112856471e+00 +2.277285647e+01 +2.277285647e+01 -3.6031e+00 -3.2949e+00
1008 +2.160411795e+00 +2.160411795e+00 +2.182041179e+01 +2.182041179e+01 -3.1049e+00 -3.2952e+00
1014 +5.161847098e-01 +5.161847098e-01 +2.017618471e+01 +2.017618471e+01 -1.1861e+00 -3.2903e+00
1031 +2.485200474e-01 +2.485200474e-01 +1.990852005e+01 +1.990852005e+01 -2.3561e+00 -3.2942e+00
1080 +1.909419353e-02 +1.909419353e-02 +1.967909419e+01 +1.967909419e+01 -1.7589e+00 -3.2925e+00
1370 +1.893253375e-02 +1.893253375e-02 +1.967893253e+01 +1.967893253e+01 -1.9646e+00 -3.2943e+00
1381 +7.098419189e-03 +7.098419189e-03 +1.966709842e+01 +1.966709842e+01 -1.8211e+00 -3.2933e+00
1408 +2.569853012e-03 +2.569853012e-03 +1.966256985e+01 +1.966256985e+01 -1.9428e+00 -3.2944e+00
1530 +6.325887630e-05 +6.325887630e-05 +1.966006326e+01 +1.966006326e+01 -1.9055e+00 -3.2944e+00
1748 +3.302741801e-05 +3.302741801e-05 +1.966003303e+01 +1.966003303e+01 -1.9017e+00 -3.2944e+00
1804 +2.425518893e-05 +2.425518893e-05 +1.966002426e+01 +1.966002426e+01 -1.9017e+00 -3.2944e+00
1902 +5.758892001e-06 +5.758892001e-06 +1.966000576e+01 +1.966000576e+01 -1.8995e+00 -3.2944e+00
1925 +1.274179368e-06 +1.274179368e-06 +1.966000127e+01 +1.966000127e+01 -1.8986e+00 -3.2944e+00
2077 +1.116914550e-06 +1.116914550e-06 +1.966000112e+01 +1.966000112e+01 -1.8964e+00 -3.2944e+00
2118 +9.472734988e-07 +9.472734988e-07 +1.966000095e+01 +1.966000095e+01 -1.8972e+00 -3.2944e+00
2161 +2.314918248e-07 +2.314918248e-07 +1.966000023e+01 +1.966000023e+01 -1.8974e+00 -3.2944e+00
2178 +4.423005606e-08 +4.423005606e-08 +1.966000004e+01 +1.966000004e+01 -1.8978e+00 -3.2944e+00
2222 +1.119461857e-08 +1.119461857e-08 +1.966000001e+01 +1.966000001e+01 -1.8975e+00 -3.2944e+00
2382 +3.838049878e-09 +3.838049878e-09 +1.966000000e+01 +1.966000000e+01 -1.8976e+00 -3.2944e+00
% function evaluation | noise-free fitness - Fopt (-3.538000000000e+02) | best noise-free fitness - Fopt | measured fitness | best measured fitness | x1 | x2...
1 +3.587091875e+07 +3.587091875e+07 +3.587056495e+07 +3.587056495e+07 +0.0000e+00 +0.0000e+00
68 +1.397007433e+07 +1.397007433e+07 +1.396972053e+07 +1.396972053e+07 +5.5391e-01 +1.3873e+00
71 +1.033605151e+07 +1.033605151e+07 +1.033569771e+07 +1.033569771e+07 +1.8020e+00 +3.2708e+00
90 +8.219666596e+06 +8.219666596e+06 +8.219312796e+06 +8.219312796e+06 +9.4047e-01 +2.5102e+00
93 +3.217654317e+06 +3.217654317e+06 +3.217300517e+06 +3.217300517e+06 +9.2426e-01 +4.8019e+00
96 +5.917141698e+05 +5.917141698e+05 +5.913603698e+05 +5.913603698e+05 +6.1097e-01 +6.4292e+00
117 +5.916856100e+04 +5.916856100e+04 +5.881476100e+04 +5.881476100e+04 +1.2960e+00 +8.9042e+00
135 +1.610662548e+04 +1.610662548e+04 +1.575282548e+04 +1.575282548e+04 +1.5625e+00 +9.6750e+00
147 +1.465394040e+04 +1.465394040e+04 +1.430014040e+04 +1.430014040e+04 +1.6299e+00 +9.8184e+00
178 +1.477782798e+02 +1.477782798e+02 -2.060217202e+02 -2.060217202e+02 +1.2981e+00 +9.4208e+00
440 +9.032590982e+01 +9.032590982e+01 -2.634740902e+02 -2.634740902e+02 +7.5808e-01 +8.4034e+00
461 +6.796015816e+01 +6.796015816e+01 -2.858398418e+02 -2.858398418e+02 +9.2001e-01 +8.7067e+00
674 +6.626322428e+01 +6.626322428e+01 -2.875367757e+02 -2.875367757e+02 +8.2046e-01 +8.5158e+00
704 +6.444385495e+01 +6.444385495e+01 -2.893561450e+02 -2.893561450e+02 +8.1633e-01 +8.5060e+00
22160 +6.308736954e+01 +6.308736954e+01 -2.907126305e+02 -2.907126305e+02 +7.8735e-01 +8.4484e+00
40466 +6.164867959e+01 +6.164867959e+01 -2.921513204e+02 -2.921513204e+02 +7.4579e-01 +8.3680e+00
60670 +6.025404379e+01 +6.025404379e+01 -2.935459562e+02 -2.935459562e+02 +7.0450e-01 +8.2878e+00
80706 +5.888010491e+01 +5.888010491e+01 -2.949198951e+02 -2.949198951e+02 +6.6402e-01 +8.2095e+00
99841 +5.754259967e+01 +5.754259967e+01 -2.962574003e+02 -2.962574003e+02 +6.2369e-01 +8.1315e+00
119679 +5.622782119e+01 +5.622782119e+01 -2.975721788e+02 -2.975721788e+02 +5.8380e-01 +8.0540e+00
136806 +5.495355715e+01 +5.495355715e+01 -2.988464428e+02 -2.988464428e+02 +5.4468e-01 +7.9782e+00
153350 +5.370158232e+01 +5.370158232e+01 -3.000984177e+02 -3.000984177e+02 +5.0565e-01 +7.9027e+00
173545 +5.247969109e+01 +5.247969109e+01 -3.013203089e+02 -3.013203089e+02 +4.6653e-01 +7.8264e+00
192445 +5.125430171e+01 +5.125430171e+01 -3.025456983e+02 -3.025456983e+02 +4.2809e-01 +7.7521e+00
209489 +5.010028151e+01 +5.010028151e+01 -3.036997185e+02 -3.036997185e+02 +3.9111e-01 +7.6806e+00
228517 +4.897598678e+01 +4.897598678e+01 -3.048240132e+02 -3.048240132e+02 +3.5446e-01 +7.6095e+00
248603 +4.785890762e+01 +4.785890762e+01 -3.059410924e+02 -3.059410924e+02 +3.1759e-01 +7.5380e+00
268021 +4.677251977e+01 +4.677251977e+01 -3.070274802e+02 -3.070274802e+02 +2.8146e-01 +7.4681e+00
287139 +4.570785888e+01 +4.570785888e+01 -3.080921411e+02 -3.080921411e+02 +2.4554e-01 +7.3984e+00
307576 +4.465523831e+01 +4.465523831e+01 -3.091447617e+02 -3.091447617e+02 +2.0928e-01 +7.3284e+00
325455 +4.364851933e+01 +4.364851933e+01 -3.101514807e+02 -3.101514807e+02 +1.7493e-01 +7.2617e+00
344245 +4.265629137e+01 +4.265629137e+01 -3.111437086e+02 -3.111437086e+02 +1.4030e-01 +7.1945e+00
363212 +4.168380309e+01 +4.168380309e+01 -3.121161969e+02 -3.121161969e+02 +1.0594e-01 +7.1278e+00
384391 +4.073792192e+01 +4.073792192e+01 -3.130620781e+02 -3.130620781e+02 +7.2196e-02 +7.0625e+00
403445 +3.980517738e+01 +3.980517738e+01 -3.139948226e+02 -3.139948226e+02 +3.8426e-02 +6.9972e+00
423437 +3.890346725e+01 +3.890346725e+01 -3.148965328e+02 -3.148965328e+02 +5.4066e-03 +6.9332e+00
% function evaluation | noise-free fitness - Fopt (-5.925000000000e+01) | best noise-free fitness - Fopt | measured fitness | best measured fitness | x1 | x2...
1 +7.052153728e+06 +7.052153728e+06 +7.052094478e+06 +7.052094478e+06 +0.0000e+00 +0.0000e+00
2 +1.224965489e+05 +1.224965489e+05 +1.224372989e+05 +1.224372989e+05 +2.3448e+00 -6.2739e-01
3 +1.151047195e+05 +1.151047195e+05 +1.150454695e+05 +1.150454695e+05 +2.3565e+00 -6.4555e-01
5 +8.307519326e+04 +8.307519326e+04 +8.301594326e+04 +8.301594326e+04 +2.3951e+00 -4.2312e-01
7 +7.721417874e+04 +7.721417874e+04 +7.715492874e+04 +7.715492874e+04 +2.4126e+00 -5.4855e-01
12 +2.471406704e+04 +2.471406704e+04 +2.465481704e+04 +2.465481704e+04 +2.5232e+00 -3.6878e-01
28 +2.778885151e+03 +2.778885151e+03 +2.719635151e+03 +2.719635151e+03 +2.6324e+00 -4.4798e-01
36 +5.313705698e+00 +5.313705698e+00 -5.393629430e+01 -5.393629430e+01 +2.6832e+00 -3.7572e-01
178 +1.297662550e+00 +1.297662550e+00 -5.795233745e+01 -5.795233745e+01 +2.6810e+00 -3.8762e-01
244 +7.183145031e-01 +7.183145031e-01 -5.853168550e+01 -5.853168550e+01 +2.6824e+00 -4.0399e-01
264 +7.064400022e-01 +7.064400022e-01 -5.854356000e+01 -5.854356000e+01 +2.6867e+00 -4.6833e-01
339 +5.496268738e-01 +5.496268738e-01 -5.870037313e+01 -5.870037313e+01 +2.6868e+00 -4.7421e-01
1139 +5.490587910e-01 +5.490587910e-01 -5.870094121e+01 -5.870094121e+01 +2.6862e+00 -4.6797e-01
1493 +5.366306623e-01 +5.366306623e-01 -5.871336934e+01 -5.871336934e+01 +2.6866e+00 -4.7366e-01
2040 +5.235219621e-01 +5.235219621e-01 -5.872647804e+01 -5.872647804e+01 +2.6871e+00 -4.8267e-01
2427 +5.122398950e-01 +5.122398950e-01 -5.873776010e+01 -5.873776010e+01 +2.6876e+00 -4.9067e-01
3118 +4.993078858e-01 +4.993078858e-01 -5.875069211e+01 -5.875069211e+01 +2.6882e+00 -5.0042e-01
3996 +4.887912703e-01 +4.887912703e-01 -5.876120873e+01 -5.876120873e+01 +2.6885e+00 -5.0687e-01
4127 +4.772261104e-01 +4.772261104e-01 -5.877277389e+01 -5.877277389e+01 +2.6890e+00 -5.1514e-01
4307 +4.672803162e-01 +4.672803162e-01 -5.878271968e+01 -5.878271968e+01 +2.6895e+00 -5.2385e-01
4616 +4.529237571e-01 +4.529237571e-01 -5.879707624e+01 -5.879707624e+01 +2.6900e+00 -5.3293e-01
5345 +4.443362114e-01 +4.443362114e-01 -5.880566379e+01 -5.880566379e+01 +2.6903e+00 -5.3969e-01
5513 +4.362339330e-01 +4.362339330e-01 -5.881376607e+01 -5.881376607e+01 +2.6909e+00 -5.4743e-01
5517 +4.226565529e-01 +4.226565529e-01 -5.882734345e+01 -5.882734345e+01 +2.6917e+00 -5.6240e-01
5958 +4.152001210e-01 +4.152001210e-01 -5.883479988e+01 -5.883479988e+01 +2.6916e+00 -5.6150e-01
6152 +4.047909498e-01 +4.047909498e-01 -5.884520905e+01 -5.884520905e+01 +2.6921e+00 -5.6989e-01
6343 +3.950431245e-01 +3.950431245e-01 -5.885495688e+01 -5.885495688e+01 +2.6927e+00 -5.7956e-01
6652 +3.877925147e-01 +3.877925147e-01 -5.886220749e+01 -5.886220749e+01 +2.6929e+00 -5.8510e-01
6844 +3.799009708e-01 +3.799009708e-01 -5.887009903e+01 -5.887009903e+01 +2.6932e+00 -5.8974e-01
7386 +3.712946799e-01 +3.712946799e-01 -5.887870532e+01 -5.887870532e+01 +2.6936e+00 -5.9688e-01
7795 +3.626176102e-01 +3.626176102e-01 -5.888738239e+01 -5.888738239e+01 +2.6940e+00 -6.0365e-01
8286 +3.531549111e-01 +3.531549111e-01 -5.889684509e+01 -5.889684509e+01 +2.6944e+00 -6.1149e-01
8979 +3.456272509e-01 +3.456272509e-01 -5.890437275e+01 -5.890437275e+01 +2.6948e+00 -6.1813e-01
9584 +3.382716232e-01 +3.382716232e-01 -5.891172838e+01 -5.891172838e+01 +2.6952e+00 -6.2462e-01
9941 +3.288482082e-01 +3.288482082e-01 -5.892115179e+01 -5.892115179e+01 +2.6957e+00 -6.3277e-01
10012 +3.229728529e-01 +3.229728529e-01 -5.892702715e+01 -5.892702715e+01 +2.6960e+00 -6.3837e-01
10749 +3.161357841e-01 +3.161357841e-01 -5.893386422e+01 -5.893386422e+01 +2.6962e+00 -6.4344e-01
11458 +3.086597730e-01 +3.086597730e-01 -5.894134023e+01 -5.894134023e+01 +2.6966e+00 -6.5019e-01
11732 +3.008928068e-01 +3.008928068e-01 -5.894910719e+01 -5.894910719e+01 +2.6970e+00 -6.5747e-01
12087 +2.950522636e-01 +2.950522636e-01 -5.895494774e+01 -5.895494774e+01 +2.6973e+00 -6.6302e-01
12477 +2.882292536e-01 +2.882292536e-01 -5.896177075e+01 -5.896177075e+01 +2.6977e+00 -6.6879e-01
13192 +2.801237956e-01 +2.801237956e-01 -5.896987620e+01 -5.896987620e+01 +2.6981e+00 -6.7715e-01
13281 +2.749045131e-01 +2.749045131e-01 -5.897509549e+01 -5.897509549e+01 +2.6984e+00 -6.8330e-01
13910 +2.686488184e-01 +2.686488184e-01 -5.898135118e+01 -5.898135118e+01 +2.6987e+00 -6.8732e-01
14165 +2.611462588e-01 +2.611462588e-01 -5.898885374e+01 -5.898885374e+01 +2.6991e+00 -6.9459e-01
14570 +2.546722261e-01 +2.546722261e-01 -5.899532777e+01 -5.899532777e+01 +2.6995e+00 -7.0096e-01
14760 +2.489635260e-01 +2.489635260e-01 -5.900103647e+01 -5.900103647e+01 +2.6998e+00 -7.0672e-01
15009 +2.450851808e-01 +2.450851808e-01 -5.900491482e+01 -5.900491482e+01 +2.7000e+00 -7.1057e-01
15743 +2.396331234e-01 +2.396331234e-01 -5.901036688e+01 -5.901036688e+01 +2.7004e+00 -7.1607e-01
16190 +2.344141737e-01 +2.344141737e-01 -5.901558583e+01 -5.901558583e+01 +2.7007e+00 -7.2147e-01
16770 +2.285791668e-01 +2.285791668e-01 -5.902142083e+01 -5.902142083e+01 +2.7010e+00 -7.2877e-01
17248 +2.237753932e-01 +2.237753932e-01 -5.902622461e+01 -5.902622461e+01 +2.7013e+00 -7.3283e-01
17445 +2.187749414e-01 +2.187749414e-01 -5.903122506e+01 -5.903122506e+01 +2.7016e+00 -7.3923e-01
17920 +2.114209633e-01 +2.114209633e-01 -5.903857904e+01 -5.903857904e+01 +2.7020e+00 -7.4579e-01
17954 +2.076939242e-01 +2.076939242e-01 -5.904230608e+01 -5.904230608e+01 +2.7023e+00 -7.4986e-01
18520 +2.032680042e-01 +2.032680042e-01 -5.904673200e+01 -5.904673200e+01 +2.7026e+00 -7.5660e-01
18556 +1.980348835e-01 +1.980348835e-01 -5.905196512e+01 -5.905196512e+01 +2.7029e+00 -7.6053e-01
19561 +1.944551443e-01 +1.944551443e-01 -5.905554486e+01 -5.905554486e+01 +2.7031e+00 -7.6458e-01
19849 +1.903856790e-01 +1.903856790e-01 -5.905961432e+01 -5.905961432e+01 +2.7034e+00 -7.6988e-01
20095 +1.860433394e-01 +1.860433394e-01 -5.906395666e+01 -5.906395666e+01 +2.7037e+00 -7.7484e-01
20435 +1.816693237e-01 +1.816693237e-01 -5.906833068e+01 -5.906833068e+01 +2.7040e+00 -7.8196e-01
20785 +1.770247091e-01 +1.770247091e-01 -5.907297529e+01 -5.907297529e+01 +2.7042e+00 -7.8477e-01
21172 +1.737277650e-01 +1.737277650e-01 -5.907627223e+01 -5.907627223e+01 +2.7045e+00 -7.8871e-01
22085 +1.698143340e-01 +1.698143340e-01 -5.908018567e+01 -5.908018567e+01 +2.7047e+00 -7.9338e-01
22504 +1.659137825e-01 +1.659137825e-01 -5.908408622e+01 -5.908408622e+01 +2.7050e+00 -7.9943e-01
22920 +1.617976402e-01 +1.617976402e-01 -5.908820236e+01 -5.908820236e+01 +2.7053e+00 -8.0337e-01
23335 +1.583850774e-01 +1.583850774e-01 -5.909161492e+01 -5.909161492e+01 +2.7055e+00 -8.0748e-01
23432 +1.536466832e-01 +1.536466832e-01 -5.909635332e+01 -5.909635332e+01 +2.7059e+00 -8.1347e-01
24231 +1.512701937e-01 +1.512701937e-01 -5.909872981e+01 -5.909872981e+01 +2.7060e+00 -8.1679e-01
24534 +1.471810143e-01 +1.471810143e-01 -5.910281899e+01 -5.910281899e+01 +2.7066e+00 -8.2573e-01
24648 +1.441096308e-01 +1.441096308e-01 -5.910589037e+01 -5.910589037e+01 +2.7066e+00 -8.2589e-01
25712 +1.403176821e-01 +1.403176821e-01 -5.910968232e+01 -5.910968232e+01 +2.7069e+00 -8.3088e-01
25796 +1.365758264e-01 +1.365758264e-01 -5.911342417e+01 -5.911342417e+01 +2.7072e+00 -8.3687e-01
26376 +1.348726587e-01 +1.348726587e-01 -5.911512734e+01 -5.911512734e+01 +2.7073e+00 -8.3819e-01
27134 +1.317833024e-01 +1.317833024e-01 -5.911821670e+01 -5.911821670e+01 +2.7075e+00 -8.4236e-01
27359 +1.287949457e-01 +1.287949457e-01 -5.912120505e+01 -5.912120505e+01 +2.7078e+00 -8.4831e-01
27974 +1.258373833e-01 +1.258373833e-01 -5.912416262e+01 -5.912416262e+01 +2.7080e+00 -8.5089e-01
28395 +1.225456584e-01 +1.225456584e-01 -5.912745434e+01 -5.912745434e+01 +2.7083e+00 -8.5638e-01
28771 +1.200600016e-01 +1.200600016e-01 -5.912994000e+01 -5.912994000e+01 +2.7085e+00 -8.5913e-01
29155 +1.173737746e-01 +1.173737746e-01 -5.913262623e+01 -5.913262623e+01 +2.7087e+00 -8.6282e-01
29379 +1.140844781e-01 +1.140844781e-01 -5.913591552e+01 -5.913591552e+01 +2.7089e+00 -8.6789e-01
30293 +1.120189367e-01 +1.120189367e-01 -5.913798106e+01 -5.913798106e+01 +2.7091e+00 -8.7066e-01
30637 +1.091656162e-01 +1.091656162e-01 -5.914083438e+01 -5.914083438e+01 +2.7093e+00 -8.7497e-01
30923 +1.070772033e-01 +1.070772033e-01 -5.914292280e+01 -5.914292280e+01 +2.7095e+00 -8.7844e-01
31396 +1.043522846e-01 +1.043522846e-01 -5.914564772e+01 -5.914564772e+01 +2.7098e+00 -8.8245e-01
31738 +1.017728019e-01 +1.017728019e-01 -5.914822720e+01 -5.914822720e+01 +2.7100e+00 -8.8658e-01
32325 +9.997462508e-02 +9.997462508e-02 -5.915002537e+01 -5.915002537e+01 +2.7101e+00 -8.8940e-01
32880 +9.763660043e-02 +9.763660043e-02 -5.915236340e+01 -5.915236340e+01 +2.7103e+00 -8.9299e-01
32967 +9.544169589e-02 +9.544169589e-02 -5.915455830e+01 -5.915455830e+01 +2.7105e+00 -8.9643e-01
33467 +9.321105820e-02 +9.321105820e-02 -5.915678894e+01 -5.915678894e+01 +2.7108e+00 -8.9999e-01
33906 +9.111504753e-02 +9.111504753e-02 -5.915888495e+01 -5.915888495e+01 +2.7110e+00 -9.0372e-01
33949 +8.882721667e-02 +8.882721667e-02 -5.916117278e+01 -5.916117278e+01 +2.7112e+00 -9.0763e-01
33950 +8.688330587e-02 +8.688330587e-02 -5.916311669e+01 -5.916311669e+01 +2.7113e+00 -9.1068e-01
34078 +8.441008809e-02 +8.441008809e-02 -5.916558991e+01 -5.916558991e+01 +2.7116e+00 -9.1591e-01
34096 +7.692724117e-02 +7.692724117e-02 -5.917307276e+01 -5.917307276e+01 +2.7128e+00 -9.3561e-01
35805 +7.568083158e-02 +7.568083158e-02 -5.917431917e+01 -5.917431917e+01 +2.7125e+00 -9.3023e-01
36335 +7.396032876e-02 +7.396032876e-02 -5.917603967e+01 -5.917603967e+01 +2.7126e+00 -9.3342e-01
36718 +7.240432723e-02 +7.240432723e-02 -5.917759567e+01 -5.917759567e+01 +2.7128e+00 -9.3621e-01
37100 +7.064710887e-02 +7.064710887e-02 -5.917935289e+01 -5.917935289e+01 +2.7130e+00 -9.3943e-01
37342 +6.890451716e-02 +6.890451716e-02 -5.918109548e+01 -5.918109548e+01 +2.7132e+00 -9.4354e-01
38323 +6.754528902e-02 +6.754528902e-02 -5.918245471e+01 -5.918245471e+01 +2.7133e+00 -9.4550e-01
38632 +6.597470998e-02 +6.597470998e-02 -5.918402529e+01 -5.918402529e+01 +2.7135e+00 -9.4840e-01
39125 +6.382821337e-02 +6.382821337e-02 -5.918617179e+01 -5.918617179e+01 +2.7137e+00 -9.5264e-01
39465 +6.307708248e-02 +6.307708248e-02 -5.918692292e+01 -5.918692292e+01 +2.7139e+00 -9.5454e-01
39768 +6.145125672e-02 +6.145125672e-02 -5.918854874e+01 -5.918854874e+01 +2.7140e+00 -9.5732e-01
40258 +5.988416400e-02 +5.988416400e-02 -5.919011584e+01 -5.919011584e+01 +2.7142e+00 -9.6064e-01
40799 +5.869447155e-02 +5.869447155e-02 -5.919130553e+01 -5.919130553e+01 +2.7143e+00 -9.6292e-01
40934 +5.742350353e-02 +5.742350353e-02 -5.919257650e+01 -5.919257650e+01 +2.7145e+00 -9.6556e-01
40979 +5.529931656e-02 +5.529931656e-02 -5.919470068e+01 -5.919470068e+01 +2.7147e+00 -9.7007e-01
41102 +5.337724635e-02 +5.337724635e-02 -5.919662275e+01 -5.919662275e+01 +2.7150e+00 -9.7509e-01
41610 +5.234709898e-02 +5.234709898e-02 -5.919765290e+01 -5.919765290e+01 +2.7151e+00 -9.7641e-01
41672 +5.108921396e-02 +5.108921396e-02 -5.919891079e+01 -5.919891079e+01 +2.7153e+00 -9.7985e-01
42099 +4.986507342e-02 +4.986507342e-02 -5.920013493e+01 -5.920013493e+01 +2.7154e+00 -9.8254e-01
42221 +4.869559846e-02 +4.869559846e-02 -5.920130440e+01 -5.920130440e+01 +2.7156e+00 -9.8520e-01
42344 +4.751172658e-02 +4.751172658e-02 -5.920248827e+01 -5.920248827e+01 +2.7157e+00 -9.8731e-01
42645 +4.654420119e-02 +4.654420119e-02 -5.920345580e+01 -5.920345580e+01 +2.7158e+00 -9.8945e-01
43189 +4.561227480e-02 +4.561227480e-02 -5.920438773e+01 -5.920438773e+01 +2.7159e+00 -9.9160e-01
43709 +4.443894306e-02 +4.443894306e-02 -5.920556106e+01 -5.920556106e+01 +2.7161e+00 -9.9471e-01
43992 +4.358348795e-02 +4.358348795e-02 -5.920641651e+01 -5.920641651e+01 +2.7162e+00 -9.9690e-01
44246 +4.246396186e-02 +4.246396186e-02 -5.920753604e+01 -5.920753604e+01 +2.7164e+00 -9.9906e-01
44446 +4.157490220e-02 +4.157490220e-02 -5.920842510e+01 -5.920842510e+01 +2.7165e+00 -1.0012e+00
45243 +4.055329966e-02 +4.055329966e-02 -5.920944670e+01 -5.920944670e+01 +2.7166e+00 -1.0041e+00
45565 +3.934678381e-02 +3.934678381e-02 -5.921065322e+01 -5.921065322e+01 +2.7168e+00 -1.0071e+00
45642 +3.888578212e-02 +3.888578212e-02 -5.921111422e+01 -5.921111422e+01 +2.7169e+00 -1.0079e+00
46404 +3.792148634e-02 +3.792148634e-02 -5.921207851e+01 -5.921207851e+01 +2.7170e+00 -1.0105e+00
46689 +3.678730304e-02 +3.678730304e-02 -5.921321270e+01 -5.921321270e+01 +2.7172e+00 -1.0135e+00
47126 +3.616716315e-02 +3.616716315e-02 -5.921383284e+01 -5.921383284e+01 +2.7173e+00 -1.0150e+00
47372 +3.544919018e-02 +3.544919018e-02 -5.921455081e+01 -5.921455081e+01 +2.7174e+00 -1.0170e+00
47544 +3.465919379e-02 +3.465919379e-02 -5.921534081e+01 -5.921534081e+01 +2.7175e+00 -1.0189e+00
48252 +3.378152393e-02 +3.378152393e-02 -5.921621848e+01 -5.921621848e+01 +2.7176e+00 -1.0214e+00
48386 +3.307206413e-02 +3.307206413e-02 -5.921692794e+01 -5.921692794e+01 +2.7177e+00 -1.0233e+00
48988 +3.228730516e-02 +3.228730516e-02 -5.921771269e+01 -5.921771269e+01 +2.7178e+00 -1.0254e+00
49542 +3.149992247e-02 +3.149992247e-02 -5.921850008e+01 -5.921850008e+01 +2.7180e+00 -1.0277e+00
50057 +3.089949090e-02 +3.089949090e-02 -5.921910051e+01 -5.921910051e+01 +2.7181e+00 -1.0294e+00
50746 +3.014765766e-02 +3.014765766e-02 -5.921985234e+01 -5.921985234e+01 +2.7182e+00 -1.0315e+00
51176 +2.947346256e-02 +2.947346256e-02 -5.922052654e+01 -5.922052654e+01 +2.7183e+00 -1.0335e+00
51813 +2.874700911e-02 +2.874700911e-02 -5.922125299e+01 -5.922125299e+01 +2.7184e+00 -1.0356e+00
51947 +2.817620894e-02 +2.817620894e-02 -5.922182379e+01 -5.922182379e+01 +2.7185e+00 -1.0373e+00
52232 +2.723405467e-02 +2.723405467e-02 -5.922276595e+01 -5.922276595e+01 +2.7187e+00 -1.0402e+00
52389 +2.683701122e-02 +2.683701122e-02 -5.922316299e+01 -5.922316299e+01 +2.7187e+00 -1.0414e+00
53012 +2.627468786e-02 +2.627468786e-02 -5.922372531e+01 -5.922372531e+01 +2.7188e+00 -1.0430e+00
53374 +2.567172895e-02 +2.567172895e-02 -5.922432827e+01 -5.922432827e+01 +2.7190e+00 -1.0452e+00
53786 +2.509431348e-02 +2.509431348e-02 -5.922490569e+01 -5.922490569e+01 +2.7191e+00 -1.0466e+00
54241 +2.450762735e-02 +2.450762735e-02 -5.922549237e+01 -5.922549237e+01 +2.7192e+00 -1.0487e+00
54424 +2.374583262e-02 +2.374583262e-02 -5.922625417e+01 -5.922625417e+01 +2.7193e+00 -1.0510e+00
54480 +2.339166793e-02 +2.339166793e-02 -5.922660833e+01 -5.922660833e+01 +2.7194e+00 -1.0523e+00
54948 +2.278995508e-02 +2.278995508e-02 -5.922721004e+01 -5.922721004e+01 +2.7195e+00 -1.0547e+00
55148 +2.237985720e-02 +2.237985720e-02 -5.922762014e+01 -5.922762014e+01 +2.7196e+00 -1.0556e+00
55276 +2.177946773e-02 +2.177946773e-02 -5.922822053e+01 -5.922822053e+01 +2.7197e+00 -1.0575e+00
56052 +2.135049870e-02 +2.135049870e-02 -5.922864950e+01 -5.922864950e+01 +2.7197e+00 -1.0590e+00
56634 +2.069501995e-02 +2.069501995e-02 -5.922930498e+01 -5.922930498e+01 +2.7199e+00 -1.0612e+00
57279 +2.035315385e-02 +2.035315385e-02 -5.922964685e+01 -5.922964685e+01 +2.7199e+00 -1.0624e+00
57389 +1.973225375e-02 +1.973225375e-02 -5.923026775e+01 -5.923026775e+01 +2.7201e+00 -1.0646e+00
57469 +1.949187875e-02 +1.949187875e-02 -5.923050812e+01 -5.923050812e+01 +2.7201e+00 -1.0655e+00
58118 +1.902475382e-02 +1.902475382e-02 -5.923097525e+01 -5.923097525e+01 +2.7202e+00 -1.0675e+00
58324 +1.858184939e-02 +1.858184939e-02 -5.923141815e+01 -5.923141815e+01 +2.7203e+00 -1.0692e+00
58769 +1.815523885e-02 +1.815523885e-02 -5.923184476e+01 -5.923184476e+01 +2.7204e+00 -1.0705e+00
59459 +1.775307410e-02 +1.775307410e-02 -5.923224693e+01 -5.923224693e+01 +2.7205e+00 -1.0718e+00
59700 +1.723814971e-02 +1.723814971e-02 -5.923276185e+01 -5.923276185e+01 +2.7206e+00 -1.0737e+00
60085 +1.697036056e-02 +1.697036056e-02 -5.923302964e+01 -5.923302964e+01 +2.7206e+00 -1.0750e+00
60446 +1.646384187e-02 +1.646384187e-02 -5.923353616e+01 -5.923353616e+01 +2.7208e+00 -1.0767e+00
60510 +1.612814249e-02 +1.612814249e-02 -5.923387186e+01 -5.923387186e+01 +2.7208e+00 -1.0780e+00
61124 +1.582051677e-02 +1.582051677e-02 -5.923417948e+01 -5.923417948e+01 +2.7209e+00 -1.0792e+00
61415 +1.543721561e-02 +1.543721561e-02 -5.923456278e+01 -5.923456278e+01 +2.7210e+00 -1.0814e+00
61649 +1.512610079e-02 +1.512610079e-02 -5.923487390e+01 -5.923487390e+01 +2.7211e+00 -1.0821e+00
61913 +1.476827403e-02 +1.476827403e-02 -5.923523173e+01 -5.923523173e+01 +2.7211e+00 -1.0837e+00
62424 +1.439859200e-02 +1.439859200e-02 -5.923560141e+01 -5.923560141e+01 +2.7212e+00 -1.0850e+00
62808 +1.411044753e-02 +1.411044753e-02 -5.923588955e+01 -5.923588955e+01 +2.7213e+00 -1.0862e+00
63198 +1.379961914e-02 +1.379961914e-02 -5.923620038e+01 -5.923620038e+01 +2.7214e+00 -1.0876e+00
63984 +1.348910204e-02 +1.348910204e-02 -5.923651090e+01 -5.923651090e+01 +2.7214e+00 -1.0889e+00
64223 +1.314090658e-02 +1.314090658e-02 -5.923685909e+01 -5.923685909e+01 +2.7215e+00 -1.0904e+00
64753 +1.281825577e-02 +1.281825577e-02 -5.923718174e+01 -5.923718174e+01 +2.7216e+00 -1.0918e+00
65227 +1.256477373e-02 +1.256477373e-02 -5.923743523e+01 -5.923743523e+01 +2.7217e+00 -1.0929e+00
65469 +1.220004075e-02 +1.220004075e-02 -5.923779996e+01 -5.923779996e+01 +2.7218e+00 -1.0945e+00
65740 +1.199280142e-02 +1.199280142e-02 -5.923800720e+01 -5.923800720e+01 +2.7218e+00 -1.0955e+00
66691 +1.174850405e-02 +1.174850405e-02 -5.923825150e+01 -5.923825150e+01 +2.7219e+00 -1.0966e+00
67087 +1.147439387e-02 +1.147439387e-02 -5.923852561e+01 -5.923852561e+01 +2.7219e+00 -1.0979e+00
67516 +1.114687882e-02 +1.114687882e-02 -5.923885312e+01 -5.923885312e+01 +2.7220e+00 -1.0996e+00
67989 +1.096189480e-02 +1.096189480e-02 -5.923903811e+01 -5.923903811e+01 +2.7221e+00 -1.1004e+00
68386 +1.070717547e-02 +1.070717547e-02 -5.923929282e+01 -5.923929282e+01 +2.7222e+00 -1.1016e+00
68831 +1.043091207e-02 +1.043091207e-02 -5.923956909e+01 -5.923956909e+01 +2.7222e+00 -1.1028e+00
69432 +1.022753207e-02 +1.022753207e-02 -5.923977247e+01 -5.923977247e+01 +2.7223e+00 -1.1038e+00
69721 +9.971903300e-03 +9.971903300e-03 -5.924002810e+01 -5.924002810e+01 +2.7224e+00 -1.1051e+00
70171 +9.760336322e-03 +9.760336322e-03 -5.924023966e+01 -5.924023966e+01 +2.7224e+00 -1.1063e+00
70297 +9.474403090e-03 +9.474403090e-03 -5.924052560e+01 -5.924052560e+01 +2.7225e+00 -1.1082e+00
70354 +9.212575666e-03 +9.212575666e-03 -5.924078742e+01 -5.924078742e+01 +2.7226e+00 -1.1091e+00
70606 +8.828769767e-03 +8.828769767e-03 -5.924117123e+01 -5.924117123e+01 +2.7227e+00 -1.1113e+00
70634 +8.704134934e-03 +8.704134934e-03 -5.924129587e+01 -5.924129587e+01 +2.7227e+00 -1.1117e+00
70659 +8.158701126e-03 +8.158701126e-03 -5.924184130e+01 -5.924184130e+01 +2.7231e+00 -1.1175e+00
71925 +8.120846868e-03 +8.120846868e-03 -5.924187915e+01 -5.924187915e+01 +2.7229e+00 -1.1151e+00
72173 +7.936504652e-03 +7.936504652e-03 -5.924206350e+01 -5.924206350e+01 +2.7230e+00 -1.1159e+00
72933 +7.748494117e-03 +7.748494117e-03 -5.924225151e+01 -5.924225151e+01 +2.7230e+00 -1.1169e+00
73215 +7.572583066e-03 +7.572583066e-03 -5.924242742e+01 -5.924242742e+01 +2.7231e+00 -1.1179e+00
73549 +7.389210331e-03 +7.389210331e-03 -5.924261079e+01 -5.924261079e+01 +2.7232e+00 -1.1191e+00
73923 +7.217940797e-03 +7.217940797e-03 -5.924278206e+01 -5.924278206e+01 +2.7232e+00 -1.1201e+00
74078 +7.035652703e-03 +7.035652703e-03 -5.924296435e+01 -5.924296435e+01 +2.7233e+00 -1.1211e+00
75228 +6.902353348e-03 +6.902353348e-03 -5.924309765e+01 -5.924309765e+01 +2.7233e+00 -1.1219e+00
75597 +6.757303451e-03 +6.757303451e-03 -5.924324270e+01 -5.924324270e+01 +2.7234e+00 -1.1228e+00
75928 +6.601380909e-03 +6.601380909e-03 -5.924339862e+01 -5.924339862e+01 +2.7234e+00 -1.1237e+00
76291 +6.451262407e-03 +6.451262407e-03 -5.924354874e+01 -5.924354874e+01 +2.7235e+00 -1.1246e+00
76453 +6.275525640e-03 +6.275525640e-03 -5.924372447e+01 -5.924372447e+01 +2.7235e+00 -1.1258e+00
77031 +6.152529505e-03 +6.152529505e-03 -5.924384747e+01 -5.924384747e+01 +2.7236e+00 -1.1265e+00
77335 +6.023156733e-03 +6.023156733e-03 -5.924397684e+01 -5.924397684e+01 +2.7236e+00 -1.1273e+00
77738 +5.878812045e-03 +5.878812045e-03 -5.924412119e+01 -5.924412119e+01 +2.7237e+00 -1.1283e+00
78447 +5.725887835e-03 +5.725887835e-03 -5.924427411e+01 -5.924427411e+01 +2.7237e+00 -1.1293e+00
78749 +5.618958891e-03 +5.618958891e-03 -5.924438104e+01 -5.924438104e+01 +2.7238e+00 -1.1300e+00
79319 +5.494435632e-03 +5.494435632e-03 -5.924450556e+01 -5.924450556e+01 +2.7238e+00 -1.1308e+00
79615 +5.343088970e-03 +5.343088970e-03 -5.924465691e+01 -5.924465691e+01 +2.7239e+00 -1.1318e+00
79826 +5.207778734e-03 +5.207778734e-03 -5.924479222e+01 -5.924479222e+01 +2.7239e+00 -1.1329e+00
80036 +5.126497547e-03 +5.126497547e-03 -5.924487350e+01 -5.924487350e+01 +2.7240e+00 -1.1333e+00
80574 +5.009416465e-03 +5.009416465e-03 -5.924499058e+01 -5.924499058e+01 +2.7240e+00 -1.1342e+00
81204 +4.890261005e-03 +4.890261005e-03 -5.924510974e+01 -5.924510974e+01 +2.7240e+00 -1.1350e+00
81794 +4.779730360e-03 +4.779730360e-03 -5.924522027e+01 -5.924522027e+01 +2.7241e+00 -1.1358e+00
82001 +4.650078349e-03 +4.650078349e-03 -5.924534992e+01 -5.924534992e+01 +2.7241e+00 -1.1367e+00
82564 +4.519507767e-03 +4.519507767e-03 -5.924548049e+01 -5.924548049e+01 +2.7242e+00 -1.1377e+00
82682 +4.405028827e-03 +4.405028827e-03 -5.924559497e+01 -5.924559497e+01 +2.7243e+00 -1.1385e+00
82754 +4.295423168e-03 +4.295423168e-03 -5.924570458e+01 -5.924570458e+01 +2.7243e+00 -1.1394e+00
82991 +4.228540435e-03 +4.228540435e-03 -5.924577146e+01 -5.924577146e+01 +2.7243e+00 -1.1399e+00
83022 +4.139232577e-03 +4.139232577e-03 -5.924586077e+01 -5.924586077e+01 +2.7244e+00 -1.1406e+00
83115 +4.056317811e-03 +4.056317811e-03 -5.924594368e+01 -5.924594368e+01 +2.7244e+00 -1.1412e+00
83376 +3.929556008e-03 +3.929556008e-03 -5.924607044e+01 -5.924607044e+01 +2.7245e+00 -1.1423e+00
83434 +3.820782821e-03 +3.820782821e-03 -5.924617922e+01 -5.924617922e+01 +2.7246e+00 -1.1437e+00
83508 +3.715240234e-03 +3.715240234e-03 -5.924628476e+01 -5.924628476e+01 +2.7246e+00 -1.1442e+00
83674 +3.597541687e-03 +3.597541687e-03 -5.924640246e+01 -5.924640246e+01 +2.7246e+00 -1.1449e+00
83723 +3.397896117e-03 +3.397896117e-03 -5.924660210e+01 -5.924660210e+01 +2.7248e+00 -1.1475e+00
83849 +3.356371743e-03 +3.356371743e-03 -5.924664363e+01 -5.924664363e+01 +2.7247e+00 -1.1471e+00
83882 +3.298024032e-03 +3.298024032e-03 -5.924670198e+01 -5.924670198e+01 +2.7248e+00 -1.1476e+00
84444 +3.234669605e-03 +3.234669605e-03 -5.924676533e+01 -5.924676533e+01 +2.7248e+00 -1.1480e+00
84618 +3.152932908e-03 +3.152932908e-03 -5.924684707e+01 -5.924684707e+01 +2.7248e+00 -1.1488e+00
85166 +3.086333242e-03 +3.086333242e-03 -5.924691367e+01 -5.924691367e+01 +2.7249e+00 -1.1493e+00
85357 +2.994441421e-03 +2.994441421e-03 -5.924700556e+01 -5.924700556e+01 +2.7249e+00 -1.1502e+00
85605 +2.929295314e-03 +2.929295314e-03 -5.924707070e+01 -5.924707070e+01 +2.7249e+00 -1.1509e+00
86194 +2.876022550e-03 +2.876022550e-03 -5.924712398e+01 -5.924712398e+01 +2.7250e+00 -1.1513e+00
86831 +2.811978776e-03 +2.811978776e-03 -5.924718802e+01 -5.924718802e+01 +2.7250e+00 -1.1519e+00
87134 +2.746995426e-03 +2.746995426e-03 -5.924725300e+01 -5.924725300e+01 +2.7250e+00 -1.1526e+00
87567 +2.682233277e-03 +2.682233277e-03 -5.924731777e+01 -5.924731777e+01 +2.7251e+00 -1.1531e+00
87612 +2.608704160e-03 +2.608704160e-03 -5.924739130e+01 -5.924739130e+01 +2.7251e+00 -1.1538e+00
87745 +2.562885787e-03 +2.562885787e-03 -5.924743711e+01 -5.924743711e+01 +2.7251e+00 -1.1544e+00
87821 +2.503177077e-03 +2.503177077e-03 -5.924749682e+01 -5.924749682e+01 +2.7252e+00 -1.1549e+00
88988 +2.454188488e-03 +2.454188488e-03 -5.924754581e+01 -5.924754581e+01 +2.7252e+00 -1.1553e+00
89391 +2.395734073e-03 +2.395734073e-03 -5.924760427e+01 -5.924760427e+01 +2.7252e+00 -1.1560e+00
89595 +2.305890254e-03 +2.305890254e-03 -5.924769411e+01 -5.924769411e+01 +2.7253e+00 -1.1570e+00
89609 +2.268667209e-03 +2.268667209e-03 -5.924773133e+01 -5.924773133e+01 +2.7253e+00 -1.1572e+00
89643 +2.195583326e-03 +2.195583326e-03 -5.924780442e+01 -5.924780442e+01 +2.7254e+00 -1.1582e+00
89804 +2.183013403e-03 +2.183013403e-03 -5.924781699e+01 -5.924781699e+01 +2.7254e+00 -1.1585e+00
89841 +2.136760591e-03 +2.136760591e-03 -5.924786324e+01 -5.924786324e+01 +2.7254e+00 -1.1594e+00
89845 +2.039032560e-03 +2.039032560e-03 -5.924796097e+01 -5.924796097e+01 +2.7255e+00 -1.1599e+00
89892 +1.773132467e-03 +1.773132467e-03 -5.924822687e+01 -5.924822687e+01 +2.7257e+00 -1.1632e+00
89904 +1.247456455e-03 +1.247456455e-03 -5.924875254e+01 -5.924875254e+01 +2.7261e+00 -1.1708e+00
89977 +1.015718189e-03 +1.015718189e-03 -5.924898428e+01 -5.924898428e+01 +2.7263e+00 -1.1743e+00
96872 +9.974640822e-04 +9.974640822e-04 -5.924900254e+01 -5.924900254e+01 +2.7262e+00 -1.1733e+00
97575 +9.772012810e-04 +9.772012810e-04 -5.924902280e+01 -5.924902280e+01 +2.7262e+00 -1.1736e+00
98226 +9.548597196e-04 +9.548597196e-04 -5.924904514e+01 -5.924904514e+01 +2.7263e+00 -1.1739e+00
98573 +9.329905361e-04 +9.329905361e-04 -5.924906701e+01 -5.924906701e+01 +2.7263e+00 -1.1744e+00
99216 +9.096718132e-04 +9.096718132e-04 -5.924909033e+01 -5.924909033e+01 +2.7263e+00 -1.1747e+00
99820 +8.842727414e-04 +8.842727414e-04 -5.924911573e+01 -5.924911573e+01 +2.7263e+00 -1.1751e+00
100267 +8.704374733e-04 +8.704374733e-04 -5.924912956e+01 -5.924912956e+01 +2.7263e+00 -1.1754e+00
100506 +8.508925437e-04 +8.508925437e-04 -5.924914911e+01 -5.924914911e+01 +2.7264e+00 -1.1757e+00
100723 +8.291372540e-04 +8.291372540e-04 -5.924917086e+01 -5.924917086e+01 +2.7264e+00 -1.1761e+00
100808 +8.121358431e-04 +8.121358431e-04 -5.924918786e+01 -5.924918786e+01 +2.7264e+00 -1.1763e+00
101161 +7.935163661e-04 +7.935163661e-04 -5.924920648e+01 -5.924920648e+01 +2.7264e+00 -1.1769e+00
101337 +7.671835683e-04 +7.671835683e-04 -5.924923282e+01 -5.924923282e+01 +2.7264e+00 -1.1772e+00
101669 +7.350666146e-04 +7.350666146e-04 -5.924926493e+01 -5.924926493e+01 +2.7265e+00 -1.1777e+00
101715 +7.209367225e-04 +7.209367225e-04 -5.924927906e+01 -5.924927906e+01 +2.7265e+00 -1.1781e+00
101862 +6.917575140e-04 +6.917575140e-04 -5.924930824e+01 -5.924930824e+01 +2.7265e+00 -1.1787e+00
102885 +6.748950375e-04 +6.748950375e-04 -5.924932510e+01 -5.924932510e+01 +2.7265e+00 -1.1789e+00
102920 +6.386164193e-04 +6.386164193e-04 -5.924936138e+01 -5.924936138e+01 +2.7266e+00 -1.1798e+00
102967 +6.234236048e-04 +6.234236048e-04 -5.924937658e+01 -5.924937658e+01 +2.7266e+00 -1.1800e+00
103094 +6.045122525e-04 +6.045122525e-04 -5.924939549e+01 -5.924939549e+01 +2.7266e+00 -1.1803e+00
103478 +6.003542685e-04 +6.003542685e-04 -5.924939965e+01 -5.924939965e+01 +2.7266e+00 -1.1804e+00
104263 +5.885322346e-04 +5.885322346e-04 -5.924941147e+01 -5.924941147e+01 +2.7266e+00 -1.1806e+00
104610 +5.745439280e-04 +5.745439280e-04 -5.924942546e+01 -5.924942546e+01 +2.7266e+00 -1.1809e+00
104682 +5.557998566e-04 +5.557998566e-04 -5.924944420e+01 -5.924944420e+01 +2.7267e+00 -1.1814e+00
105681 +5.489345160e-04 +5.489345160e-04 -5.924945107e+01 -5.924945107e+01 +2.7267e+00 -1.1814e+00
105936 +5.369140602e-04 +5.369140602e-04 -5.924946309e+01 -5.924946309e+01 +2.7267e+00 -1.1817e+00
106292 +5.237056536e-04 +5.237056536e-04 -5.924947629e+01 -5.924947629e+01 +2.7267e+00 -1.1820e+00
% function evaluation | noise-free fitness - Fopt (-2.707000000000e+01) | best noise-free fitness - Fopt | measured fitness | best measured fitness | x1 | x2...
1 +5.965960596e+06 +5.965960596e+06 +5.965933526e+06 +5.965933526e+06 +0.0000e+00 +0.0000e+00
2 +9.564653165e+04 +9.564653165e+04 +9.561946165e+04 +9.561946165e+04 +3.1239e+00 +1.5284e+00
3 +1.560321225e+04 +1.560321225e+04 +1.557614225e+04 +1.557614225e+04 +2.9657e+00 +1.6739e+00
7 +1.228406058e+04 +1.228406058e+04 +1.225699058e+04 +1.225699058e+04 +2.9656e+00 +1.7432e+00
8 +4.675095455e+03 +4.675095455e+03 +4.648025455e+03 +4.648025455e+03 +2.9384e+00 +1.8218e+00
14 +2.205334634e+03 +2.205334634e+03 +2.178264634e+03 +2.178264634e+03 +2.8432e+00 +1.9316e+00
22 +1.021038026e+03 +1.021038026e+03 +9.939680256e+02 +9.939680256e+02 +2.9030e+00 +1.8307e+00
31 +8.850935440e+02 +8.850935440e+02 +8.580235440e+02 +8.580235440e+02 +2.8980e+00 +2.1124e+00
44 +1.823684317e+02 +1.823684317e+02 +1.552984317e+02 +1.552984317e+02 +2.8951e+00 +1.8838e+00
61 +5.196375826e+01 +5.196375826e+01 +2.489375826e+01 +2.489375826e+01 +2.9096e+00 +1.9857e+00
77 +4.426124419e+01 +4.426124419e+01 +1.719124419e+01 +1.719124419e+01 +2.8450e+00 +1.6742e+00
78 +5.651160189e+00 +5.651160189e+00 -2.141883981e+01 -2.141883981e+01 +2.9007e+00 +1.9894e+00
110 +3.245462451e-01 +3.245462451e-01 -2.674545375e+01 -2.674545375e+01 +2.8807e+00 +1.8821e+00
286 +3.065465214e-01 +3.065465214e-01 -2.676345348e+01 -2.676345348e+01 +2.8725e+00 +1.8421e+00
290 +2.433660166e-01 +2.433660166e-01 -2.682663398e+01 -2.682663398e+01 +2.8764e+00 +1.8602e+00
21377 +2.398804365e-01 +2.398804365e-01 -2.683011956e+01 -2.683011956e+01 +2.8765e+00 +1.8603e+00
23922 +2.342859563e-01 +2.342859563e-01 -2.683571404e+01 -2.683571404e+01 +2.8778e+00 +1.8665e+00
28946 +2.288759689e-01 +2.288759689e-01 -2.684112403e+01 -2.684112403e+01 +2.8788e+00 +1.8714e+00
33359 +2.238553379e-01 +2.238553379e-01 -2.684614466e+01 -2.684614466e+01 +2.8798e+00 +1.8766e+00
37271 +2.186390121e-01 +2.186390121e-01 -2.685136099e+01 -2.685136099e+01 +2.8810e+00 +1.8820e+00
41342 +2.137837282e-01 +2.137837282e-01 -2.685621627e+01 -2.685621627e+01 +2.8820e+00 +1.8872e+00
46466 +2.089016541e-01 +2.089016541e-01 -2.686109835e+01 -2.686109835e+01 +2.8831e+00 +1.8923e+00
50218 +2.041147013e-01 +2.041147013e-01 -2.686588530e+01 -2.686588530e+01 +2.8842e+00 +1.8977e+00
53869 +1.994341277e-01 +1.994341277e-01 -2.687056587e+01 -2.687056587e+01 +2.8853e+00 +1.9032e+00
63034 +1.949228206e-01 +1.949228206e-01 -2.687507718e+01 -2.687507718e+01 +2.8862e+00 +1.9076e+00
68556 +1.904451034e-01 +1.904451034e-01 -2.687955490e+01 -2.687955490e+01 +2.8873e+00 +1.9126e+00
73947 +1.861777624e-01 +1.861777624e-01 -2.688382224e+01 -2.688382224e+01 +2.8882e+00 +1.9174e+00
79006 +1.816605985e-01 +1.816605985e-01 -2.688833940e+01 -2.688833940e+01 +2.8893e+00 +1.9227e+00
84030 +1.778148764e-01 +1.778148764e-01 -2.689218512e+01 -2.689218512e+01 +2.8902e+00 +1.9270e+00
88346 +1.737320332e-01 +1.737320332e-01 -2.689626797e+01 -2.689626797e+01 +2.8912e+00 +1.9318e+00
92428 +1.697606196e-01 +1.697606196e-01 -2.690023938e+01 -2.690023938e+01 +2.8922e+00 +1.9364e+00
95718 +1.658787807e-01 +1.658787807e-01 -2.690412122e+01 -2.690412122e+01 +2.8931e+00 +1.9412e+00
99233 +1.621755202e-01 +1.621755202e-01 -2.690782448e+01 -2.690782448e+01 +2.8940e+00 +1.9456e+00
104326 +1.584505979e-01 +1.584505979e-01 -2.691154940e+01 -2.691154940e+01 +2.8950e+00 +1.9501e+00
108171 +1.548681108e-01 +1.548681108e-01 -2.691513189e+01 -2.691513189e+01 +2.8959e+00 +1.9546e+00
112782 +1.513140529e-01 +1.513140529e-01 -2.691868595e+01 -2.691868595e+01 +2.8968e+00 +1.9590e+00
117666 +1.478543735e-01 +1.478543735e-01 -2.692214563e+01 -2.692214563e+01 +2.8977e+00 +1.9635e+00
120705 +1.443434409e-01 +1.443434409e-01 -2.692565656e+01 -2.692565656e+01 +2.8986e+00 +1.9679e+00
124518 +1.411716485e-01 +1.411716485e-01 -2.692882835e+01 -2.692882835e+01 +2.8995e+00 +1.9720e+00
129880 +1.380358917e-01 +1.380358917e-01 -2.693196411e+01 -2.693196411e+01 +2.9003e+00 +1.9761e+00
135393 +1.348712705e-01 +1.348712705e-01 -2.693512873e+01 -2.693512873e+01 +2.9012e+00 +1.9803e+00
140802 +1.318087254e-01 +1.318087254e-01 -2.693819127e+01 -2.693819127e+01 +2.9020e+00 +1.9844e+00
146264 +1.288102934e-01 +1.288102934e-01 -2.694118971e+01 -2.694118971e+01 +2.9029e+00 +1.9885e+00
151386 +1.258795304e-01 +1.258795304e-01 -2.694412047e+01 -2.694412047e+01 +2.9037e+00 +1.9925e+00
155612 +1.230024895e-01 +1.230024895e-01 -2.694699751e+01 -2.694699751e+01 +2.9045e+00 +1.9965e+00
160631 +1.202185381e-01 +1.202185381e-01 -2.694978146e+01 -2.694978146e+01 +2.9053e+00 +2.0004e+00
166134 +1.174584560e-01 +1.174584560e-01 -2.695254154e+01 -2.695254154e+01 +2.9061e+00 +2.0043e+00
171266 +1.148102268e-01 +1.148102268e-01 -2.695518977e+01 -2.695518977e+01 +2.9069e+00 +2.0081e+00
175483 +1.121816075e-01 +1.121816075e-01 -2.695781839e+01 -2.695781839e+01 +2.9077e+00 +2.0119e+00
181035 +1.096462474e-01 +1.096462474e-01 -2.696035375e+01 -2.696035375e+01 +2.9085e+00 +2.0158e+00
184728 +1.070483848e-01 +1.070483848e-01 -2.696295162e+01 -2.696295162e+01 +2.9093e+00 +2.0195e+00
189436 +1.046817960e-01 +1.046817960e-01 -2.696531820e+01 -2.696531820e+01 +2.9100e+00 +2.0231e+00
194659 +1.022907351e-01 +1.022907351e-01 -2.696770926e+01 -2.696770926e+01 +2.9107e+00 +2.0267e+00
199001 +9.998257393e-02 +9.998257393e-02 -2.697001743e+01 -2.697001743e+01 +2.9115e+00 +2.0303e+00
204164 +9.770630461e-02 +9.770630461e-02 -2.697229370e+01 -2.697229370e+01 +2.9122e+00 +2.0338e+00
209327 +9.548235377e-02 +9.548235377e-02 -2.697451765e+01 -2.697451765e+01 +2.9129e+00 +2.0373e+00
213200 +9.330208871e-02 +9.330208871e-02 -2.697669791e+01 -2.697669791e+01 +2.9136e+00 +2.0409e+00
216198 +9.115984701e-02 +9.115984701e-02 -2.697884015e+01 -2.697884015e+01 +2.9144e+00 +2.0443e+00
220809 +8.910572417e-02 +8.910572417e-02 -2.698089428e+01 -2.698089428e+01 +2.9150e+00 +2.0476e+00
224967 +8.705640286e-02 +8.705640286e-02 -2.698294360e+01 -2.698294360e+01 +2.9157e+00 +2.0510e+00
229716 +8.507879899e-02 +8.507879899e-02 -2.698492120e+01 -2.698492120e+01 +2.9164e+00 +2.0543e+00
234104 +8.314887862e-02 +8.314887862e-02 -2.698685112e+01 -2.698685112e+01 +2.9171e+00 +2.0576e+00
238451 +8.124642504e-02 +8.124642504e-02 -2.698875357e+01 -2.698875357e+01 +2.9178e+00 +2.0609e+00
243743 +7.942811919e-02 +7.942811919e-02 -2.699057188e+01 -2.699057188e+01 +2.9184e+00 +2.0640e+00
248172 +7.754366300e-02 +7.754366300e-02 -2.699245634e+01 -2.699245634e+01 +2.9191e+00 +2.0674e+00
253273 +7.583712997e-02 +7.583712997e-02 -2.699416287e+01 -2.699416287e+01 +2.9197e+00 +2.0703e+00
258632 +7.411471145e-02 +7.411471145e-02 -2.699588529e+01 -2.699588529e+01 +2.9203e+00 +2.0734e+00
264190 +7.243213270e-02 +7.243213270e-02 -2.699756787e+01 -2.699756787e+01 +2.9210e+00 +2.0764e+00
269253 +7.076111169e-02 +7.076111169e-02 -2.699923889e+01 -2.699923889e+01 +2.9216e+00 +2.0795e+00
272568 +6.917518714e-02 +6.917518714e-02 -2.700082481e+01 -2.700082481e+01 +2.9222e+00 +2.0824e+00
275977 +6.737512567e-02 +6.737512567e-02 -2.700262487e+01 -2.700262487e+01 +2.9229e+00 +2.0858e+00
282299 +6.605808267e-02 +6.605808267e-02 -2.700394192e+01 -2.700394192e+01 +2.9234e+00 +2.0883e+00
286486 +6.454538527e-02 +6.454538527e-02 -2.700545461e+01 -2.700545461e+01 +2.9240e+00 +2.0912e+00
291705 +6.308094429e-02 +6.308094429e-02 -2.700691906e+01 -2.700691906e+01 +2.9246e+00 +2.0940e+00
297466 +6.165484728e-02 +6.165484728e-02 -2.700834515e+01 -2.700834515e+01 +2.9252e+00 +2.0968e+00
301557 +6.021855926e-02 +6.021855926e-02 -2.700978144e+01 -2.700978144e+01 +2.9258e+00 +2.0997e+00
305279 +5.887933096e-02 +5.887933096e-02 -2.701112067e+01 -2.701112067e+01 +2.9263e+00 +2.1023e+00
310774 +5.751623822e-02 +5.751623822e-02 -2.701248376e+01 -2.701248376e+01 +2.9269e+00 +2.1051e+00
313956 +5.617303069e-02 +5.617303069e-02 -2.701382697e+01 -2.701382697e+01 +2.9275e+00 +2.1081e+00
317848 +5.495071334e-02 +5.495071334e-02 -2.701504929e+01 -2.701504929e+01 +2.9280e+00 +2.1104e+00
322709 +5.368358609e-02 +5.368358609e-02 -2.701631641e+01 -2.701631641e+01 +2.9285e+00 +2.1131e+00
328863 +5.246104462e-02 +5.246104462e-02 -2.701753896e+01 -2.701753896e+01 +2.9291e+00 +2.1158e+00
334050 +5.128128797e-02 +5.128128797e-02 -2.701871871e+01 -2.701871871e+01 +2.9296e+00 +2.1182e+00
338499 +5.011314399e-02 +5.011314399e-02 -2.701988686e+01 -2.701988686e+01 +2.9301e+00 +2.1207e+00
342928 +4.895703251e-02 +4.895703251e-02 -2.702104297e+01 -2.702104297e+01 +2.9306e+00 +2.1233e+00
346637 +4.785951314e-02 +4.785951314e-02 -2.702214049e+01 -2.702214049e+01 +2.9311e+00 +2.1257e+00
351041 +4.676747488e-02 +4.676747488e-02 -2.702323253e+01 -2.702323253e+01 +2.9316e+00 +2.1282e+00
356243 +4.570609477e-02 +4.570609477e-02 -2.702429391e+01 -2.702429391e+01 +2.9321e+00 +2.1306e+00
360401 +4.465403513e-02 +4.465403513e-02 -2.702534596e+01 -2.702534596e+01 +2.9326e+00 +2.1330e+00
365514 +4.365062069e-02 +4.365062069e-02 -2.702634938e+01 -2.702634938e+01 +2.9331e+00 +2.1354e+00
369417 +4.264060331e-02 +4.264060331e-02 -2.702735940e+01 -2.702735940e+01 +2.9336e+00 +2.1378e+00
373174 +4.166194112e-02 +4.166194112e-02 -2.702833806e+01 -2.702833806e+01 +2.9341e+00 +2.1401e+00
377110 +4.073382740e-02 +4.073382740e-02 -2.702926617e+01 -2.702926617e+01 +2.9345e+00 +2.1423e+00
381048 +3.980933038e-02 +3.980933038e-02 -2.703019067e+01 -2.703019067e+01 +2.9350e+00 +2.1446e+00
384476 +3.887505186e-02 +3.887505186e-02 -2.703112495e+01 -2.703112495e+01 +2.9355e+00 +2.1469e+00
389910 +3.801661679e-02 +3.801661679e-02 -2.703198338e+01 -2.703198338e+01 +2.9359e+00 +2.1490e+00
393685 +3.713364769e-02 +3.713364769e-02 -2.703286635e+01 -2.703286635e+01 +2.9364e+00 +2.1513e+00
397459 +3.629493672e-02 +3.629493672e-02 -2.703370506e+01 -2.703370506e+01 +2.9368e+00 +2.1534e+00
402052 +3.546753858e-02 +3.546753858e-02 -2.703453246e+01 -2.703453246e+01 +2.9373e+00 +2.1556e+00
406212 +3.467081409e-02 +3.467081409e-02 -2.703532919e+01 -2.703532919e+01 +2.9377e+00 +2.1577e+00
410672 +3.387918041e-02 +3.387918041e-02 -2.703612082e+01 -2.703612082e+01 +2.9381e+00 +2.1597e+00
415145 +3.310884827e-02 +3.310884827e-02 -2.703689115e+01 -2.703689115e+01 +2.9385e+00 +2.1618e+00
419548 +3.235390913e-02 +3.235390913e-02 -2.703764609e+01 -2.703764609e+01 +2.9389e+00 +2.1638e+00
423939 +3.161386044e-02 +3.161386044e-02 -2.703838614e+01 -2.703838614e+01 +2.9394e+00 +2.1659e+00
429181 +3.089594632e-02 +3.089594632e-02 -2.703910405e+01 -2.703910405e+01 +2.9398e+00 +2.1678e+00
433286 +3.019551481e-02 +3.019551481e-02 -2.703980449e+01 -2.703980449e+01 +2.9402e+00 +2.1698e+00
438542 +2.950940088e-02 +2.950940088e-02 -2.704049060e+01 -2.704049060e+01 +2.9406e+00 +2.1718e+00
% function evaluation | noise-free fitness - Fopt (-5.279000000000e+01) | best noise-free fitness - Fopt | measured fitness | best measured fitness | x1 | x2...
1 +3.772933139e+06 +3.772933139e+06 +3.772880349e+06 +3.772880349e+06 +0.0000e+00 +0.0000e+00
2 +3.350927637e+06 +3.350927637e+06 +3.350874847e+06 +3.350874847e+06 +2.0869e+00 -1.1186e-01
11 +2.707292254e+06 +2.707292254e+06 +2.707239464e+06 +2.707239464e+06 +1.9198e+00 -2.9703e-01
27 +2.412448302e+06 +2.412448302e+06 +2.412395512e+06 +2.412395512e+06 +2.0398e+00 -3.8921e-01
32 +1.966830539e+06 +1.966830539e+06 +1.966777749e+06 +1.966777749e+06 +2.2316e+00 -5.3998e-01
33 +1.866606434e+06 +1.866606434e+06 +1.866553644e+06 +1.866553644e+06 +2.1124e+00 -5.7618e-01
50 +2.139777749e+05 +2.139777749e+05 +2.139249849e+05 +2.139249849e+05 +1.9453e+00 -1.4799e+00
55 +2.090405912e+04 +2.090405912e+04 +2.085126912e+04 +2.085126912e+04 +1.5589e+00 -2.0869e+00
60 +5.130806448e+02 +5.130806448e+02 +4.602906448e+02 +4.602906448e+02 +2.0532e+00 -1.9206e+00
178 +4.386762638e+01 +4.386762638e+01 -8.922373623e+00 -8.922373623e+00 +2.2145e+00 -1.9399e+00
325 +3.709837949e+01 +3.709837949e+01 -1.569162051e+01 -1.569162051e+01 +2.1036e+00 -1.9415e+00
1236 +3.540914014e+01 +3.540914014e+01 -1.738085986e+01 -1.738085986e+01 +2.0288e+00 -1.9424e+00
1238 +3.403210726e+01 +3.403210726e+01 -1.875789274e+01 -1.875789274e+01 +1.9100e+00 -1.9426e+00
1257 +3.336897276e+01 +3.336897276e+01 -1.942102724e+01 -1.942102724e+01 +1.7528e+00 -1.9413e+00
1266 +3.304784143e+01 +3.304784143e+01 -1.974215857e+01 -1.974215857e+01 +1.8115e+00 -1.9420e+00
1267 +3.012762263e+01 +3.012762263e+01 -2.266237737e+01 -2.266237737e+01 +1.5643e+00 -1.9422e+00
1281 +2.917014807e+01 +2.917014807e+01 -2.361985193e+01 -2.361985193e+01 +1.4019e+00 -1.9415e+00
1284 +2.751641674e+01 +2.751641674e+01 -2.527358326e+01 -2.527358326e+01 +1.1864e+00 -1.9412e+00
1304 +2.384855038e+01 +2.384855038e+01 -2.894144962e+01 -2.894144962e+01 +9.3106e-01 -1.9419e+00
1310 +2.241471215e+01 +2.241471215e+01 -3.037528785e+01 -3.037528785e+01 +7.7957e-01 -1.9430e+00
1315 +1.948466853e+01 +1.948466853e+01 -3.330533147e+01 -3.330533147e+01 -4.0537e-01 -1.9451e+00
1316 +1.403377730e+01 +1.403377730e+01 -3.875622270e+01 -3.875622270e+01 -1.8021e-01 -1.9422e+00
1322 +1.109517391e+01 +1.109517391e+01 -4.169482609e+01 -4.169482609e+01 -8.0376e-01 -1.9436e+00
1327 +3.922929739e-01 +3.922929739e-01 -5.239770703e+01 -5.239770703e+01 -3.3702e+00 -1.9427e+00
1479 +1.634536412e-01 +1.634536412e-01 -5.262654636e+01 -5.262654636e+01 -3.5461e+00 -1.9423e+00
1592 +1.548609756e-01 +1.548609756e-01 -5.263513902e+01 -5.263513902e+01 -3.8593e+00 -1.9420e+00
1598 +1.419011501e-01 +1.419011501e-01 -5.264809885e+01 -5.264809885e+01 -3.6603e+00 -1.9427e+00
1606 +1.147450414e-01 +1.147450414e-01 -5.267525496e+01 -5.267525496e+01 -3.7190e+00 -1.9421e+00
1703 +1.437518368e-04 +1.437518368e-04 -5.278985625e+01 -5.278985625e+01 -3.9333e+00 -1.9414e+00
2184 +9.504124874e-05 +9.504124874e-05 -5.278990496e+01 -5.278990496e+01 -3.9187e+00 -1.9424e+00
2275 +8.442570709e-05 +8.442570709e-05 -5.278991557e+01 -5.278991557e+01 -3.9130e+00 -1.9424e+00
2301 +8.206648529e-05 +8.206648529e-05 -5.278991793e+01 -5.278991793e+01 -3.9129e+00 -1.9424e+00
2338 +6.441409525e-06 +6.441409525e-06 -5.278999356e+01 -5.278999356e+01 -3.9193e+00 -1.9424e+00
2375 +3.029116236e-06 +3.029116236e-06 -5.278999697e+01 -5.278999697e+01 -3.9207e+00 -1.9424e+00
2424 +8.044809690e-07 +8.044809690e-07 -5.278999920e+01 -5.278999920e+01 -3.9212e+00 -1.9424e+00
2567 +6.490815707e-08 +6.490815707e-08 -5.278999994e+01 -5.278999994e+01 -3.9219e+00 -1.9424e+00
2743 +1.279322959e-08 +1.279322959e-08 -5.278999999e+01 -5.278999999e+01 -3.9215e+00 -1.9424e+00
2890 +1.181879128e-08 +1.181879128e-08 -5.278999999e+01 -5.278999999e+01 -3.9216e+00 -1.9424e+00
2980 +7.797495982e-10 +7.797495982e-10 -5.279000000e+01 -5.279000000e+01 -3.9216e+00 -1.9424e+00
