% function evaluation | noise-free fitness - Fopt (-6.211100000000e+02) | best noise-free fitness - Fopt | measured fitness | best measured fitness | x1 | x2...
1 +3.275825074e+07 +3.275825074e+07 +3.275762963e+07 +3.275762963e+07 +0.0000e+00 +0.0000e+00 +0.0000e+00 +0.0000e+00 +0.0000e+00
90 +3.208527716e+07 +3.208527716e+07 +3.208465605e+07 +3.208465605e+07 -7.3243e-01 -6.2978e-01 +3.5414e+00 -2.3538e+00 +9.8042e-01
107 +2.698959995e+07 +2.698959995e+07 +2.698897884e+07 +2.698897884e+07 -1.7075e+00 -5.6866e-01 +2.7230e+00 -2.8010e+00 +2.5583e-01
108 +2.523205733e+07 +2.523205733e+07 +2.523143622e+07 +2.523143622e+07 -1.4463e+00 +1.6224e-01 +3.0816e+00 -2.5550e+00 +1.5881e-01
116 +1.550352142e+07 +1.550352142e+07 +1.550290031e+07 +1.550290031e+07 -5.5721e-01 +2.3626e-01 +2.6832e+00 -3.1034e+00 +3.8980e-01
123 +1.514433740e+07 +1.514433740e+07 +1.514371629e+07 +1.514371629e+07 -4.4030e-01 +1.8305e-01 +2.3551e+00 -3.3220e+00 +8.1990e-01
132 +1.490090145e+07 +1.490090145e+07 +1.490028034e+07 +1.490028034e+07 -8.9716e-01 +4.3528e-01 +2.6015e+00 -2.9494e+00 +3.1191e-01
137 +1.378762948e+07 +1.378762948e+07 +1.378700837e+07 +1.378700837e+07 -1.8879e+00 +6.3025e-01 +3.5314e+00 -4.2277e+00 +4.7320e-01
138 +8.045133162e+06 +8.045133162e+06 +8.044512052e+06 +8.044512052e+06 -1.1499e+00 +1.3323e+00 +1.8712e+00 -3.8645e+00 +1.5308e+00
139 +7.649769733e+06 +7.649769733e+06 +7.649148623e+06 +7.649148623e+06 -1.6953e+00 +1.2813e+00 +1.3281e+00 -3.9525e+00 +7.4681e-01
152 +2.672675615e+06 +2.672675615e+06 +2.672054505e+06 +2.672054505e+06 -7.3569e-02 +2.8722e+00 +1.1634e+00 -2.9664e+00 -9.9740e-02
157 +6.724095007e+05 +6.724095007e+05 +6.717883907e+05 +6.717883907e+05 -1.7658e+00 +4.0660e+00 +4.4470e-01 -3.7961e+00 -1.9773e-01
198 +1.993720944e+05 +1.993720944e+05 +1.987509844e+05 +1.987509844e+05 -9.3576e-01 +4.0011e+00 +1.5252e+00 -4.5477e+00 +2.3073e-01
266 +4.595530955e+04 +4.595530955e+04 +4.533419955e+04 +4.533419955e+04 -6.8322e-01 +3.8631e+00 +1.2629e+00 -4.0678e+00 +2.3405e-01
462 +3.338575141e+04 +3.338575141e+04 +3.276464141e+04 +3.276464141e+04 -9.5596e-01 +3.9841e+00 +1.0342e+00 -4.0277e+00 -2.8541e-02
516 +2.750902858e+04 +2.750902858e+04 +2.688791858e+04 +2.688791858e+04 -7.9497e-01 +3.9453e+00 +1.0965e+00 -3.9784e+00 -5.8150e-02
528 +8.025425150e+03 +8.025425150e+03 +7.404315150e+03 +7.404315150e+03 -8.4884e-01 +3.9362e+00 +9.2320e-01 -4.0038e+00 -8.2109e-02
733 +4.290729334e+03 +4.290729334e+03 +3.669619334e+03 +3.669619334e+03 -8.7825e-01 +3.8665e+00 +7.7874e-01 -4.0597e+00 -1.5746e-01
748 +1.428290635e+03 +1.428290635e+03 +8.071806351e+02 +8.071806351e+02 -8.9211e-01 +3.8804e+00 +8.3319e-01 -4.0056e+00 -1.4155e-01
814 +7.741491937e+02 +7.741491937e+02 +1.530391937e+02 +1.530391937e+02 -8.6768e-01 +3.8771e+00 +8.4627e-01 -3.9906e+00 -1.2272e-01
858 +2.771973665e+02 +2.771973665e+02 -3.439126335e+02 -3.439126335e+02 -8.4774e-01 +3.8595e+00 +8.5296e-01 -4.0092e+00 -9.0775e-02
968 +9.105249289e+01 +9.105249289e+01 -5.300575071e+02 -5.300575071e+02 -8.6417e-01 +3.8593e+00 +8.5295e-01 -4.0109e+00 -1.0056e-01
990 +7.553215411e+01 +7.553215411e+01 -5.455778459e+02 -5.455778459e+02 -8.6474e-01 +3.8623e+00 +8.6298e-01 -4.0288e+00 -9.5532e-02
1150 +1.277979882e+01 +1.277979882e+01 -6.083302012e+02 -6.083302012e+02 -8.5660e-01 +3.8529e+00 +9.2083e-01 -4.0394e+00 -6.1929e-02
1290 +1.257117957e+01 +1.257117957e+01 -6.085388204e+02 -6.085388204e+02 -8.5873e-01 +3.8575e+00 +8.8264e-01 -4.0259e+00 -8.2561e-02
1298 +6.813586477e-01 +6.813586477e-01 -6.204286414e+02 -6.204286414e+02 -8.5917e-01 +3.8573e+00 +8.7997e-01 -4.0282e+00 -8.1854e-02
15117 +6.760807656e-01 +6.760807656e-01 -6.204339192e+02 -6.204339192e+02 -8.5846e-01 +3.8554e+00 +8.9094e-01 -4.0320e+00 -7.6032e-02
% function evaluation | noise-free fitness - Fopt (-2.548200000000e+02) | best noise-free fitness - Fopt | measured fitness | best measured fitness | x1 | x2...
1 +1.522761725e+08 +1.522761725e+08 +1.522759177e+08 +1.522759177e+08 +0.0000e+00 +0.0000e+00 +0.0000e+00 +0.0000e+00 +0.0000e+00
85 +1.479434540e+08 +1.479434540e+08 +1.479431991e+08 +1.479431991e+08 +3.8466e+00 +5.9065e-01 -2.5446e+00 +2.3248e+00 +4.4586e-01
96 +1.295803140e+08 +1.295803140e+08 +1.295800592e+08 +1.295800592e+08 +2.8717e+00 +1.5537e+00 -2.7059e+00 +2.4951e+00 +8.7056e-01
103 +1.242883590e+08 +1.242883590e+08 +1.242881042e+08 +1.242881042e+08 +2.8806e+00 +1.0756e+00 -3.1685e+00 +2.7664e+00 +4.7504e-02
104 +1.027222960e+08 +1.027222960e+08 +1.027220412e+08 +1.027220412e+08 +3.6076e+00 +1.1511e+00 -2.4828e+00 +2.2433e+00 +2.1391e-01
109 +6.492624921e+07 +6.492624921e+07 +6.492599439e+07 +6.492599439e+07 +2.7878e+00 +1.6271e+00 -1.9253e+00 +2.2410e+00 -2.0883e-02
117 +4.242572408e+07 +4.242572408e+07 +4.242546926e+07 +4.242546926e+07 +2.8610e+00 +2.0050e+00 -1.5694e+00 +2.6334e+00 -7.2949e-01
121 +2.042131432e+07 +2.042131432e+07 +2.042105950e+07 +2.042105950e+07 +2.4654e+00 +1.9351e+00 -3.3380e+00 +2.3821e+00 -6.6261e+00
137 +2.593000684e+06 +2.593000684e+06 +2.592745864e+06 +2.592745864e+06 +2.8170e+00 +1.6243e+00 +5.4739e-01 +3.8564e-02 -5.6259e+00
170 +2.245335622e+06 +2.245335622e+06 +2.245080802e+06 +2.245080802e+06 +4.2815e+00 +2.3816e+00 -2.5452e-01 -1.4560e+00 -2.3718e+00
220 +1.887343906e+06 +1.887343906e+06 +1.887089086e+06 +1.887089086e+06 +4.5891e-01 +1.6226e+00 +3.6988e-01 +9.9529e-01 -5.5923e+00
237 +1.475220478e+06 +1.475220478e+06 +1.474965658e+06 +1.474965658e+06 +6.1188e-01 +3.3980e+00 +5.1832e-01 +1.3818e+00 -6.1924e+00
242 +4.984160783e+05 +4.984160783e+05 +4.981612583e+05 +4.981612583e+05 +5.4754e-01 +2.2407e+00 +6.3456e-01 +1.2503e+00 -7.3372e+00
462 +4.190028457e+05 +4.190028457e+05 +4.187480257e+05 +4.187480257e+05 +1.8724e+00 +2.9846e+00 +1.2339e+00 +6.6534e-01 -5.2271e+00
480 +1.339290298e+05 +1.339290298e+05 +1.336742098e+05 +1.336742098e+05 +1.6906e+00 +2.7723e+00 +1.0160e+00 +9.5311e-01 -5.4835e+00
515 +1.289151238e+05 +1.289151238e+05 +1.286603038e+05 +1.286603038e+05 +2.7550e+00 +3.2209e+00 +3.8700e-01 +3.4893e-01 -4.1667e+00
528 +1.022055366e+05 +1.022055366e+05 +1.019507166e+05 +1.019507166e+05 +2.3169e+00 +2.7003e+00 +6.6534e-01 +3.5805e-01 -4.8113e+00
572 +2.812811498e+04 +2.812811498e+04 +2.787329498e+04 +2.787329498e+04 +2.2925e+00 +3.0706e+00 +3.2703e-01 +3.7295e-01 -4.6570e+00
682 +2.487676332e+04 +2.487676332e+04 +2.462194332e+04 +2.462194332e+04 +2.3131e+00 +2.9862e+00 +5.0075e-01 +1.8603e-01 -4.4225e+00
748 +5.356041337e+03 +5.356041337e+03 +5.101221337e+03 +5.101221337e+03 +2.4550e+00 +3.1478e+00 +3.9310e-01 +9.2589e-02 -4.3763e+00
891 +2.318731670e+03 +2.318731670e+03 +2.063911670e+03 +2.063911670e+03 +2.6528e+00 +3.1513e+00 +3.3986e-01 -3.2264e-02 -4.1144e+00
946 +2.091519726e+03 +2.091519726e+03 +1.836699726e+03 +1.836699726e+03 +2.6813e+00 +3.1978e+00 +3.1837e-01 +1.6974e-02 -4.1418e+00
1012 +1.985468273e+03 +1.985468273e+03 +1.730648273e+03 +1.730648273e+03 +2.6523e+00 +3.1767e+00 +2.8316e-01 +2.0157e-02 -4.1136e+00
1024 +1.727776410e+03 +1.727776410e+03 +1.472956410e+03 +1.472956410e+03 +2.6439e+00 +3.1712e+00 +2.9353e-01 +1.1813e-02 -4.0954e+00
1034 +1.171544395e+03 +1.171544395e+03 +9.167243947e+02 +9.167243947e+02 +2.6520e+00 +3.1938e+00 +3.0168e-01 +2.2691e-02 -4.1405e+00
1078 +1.051041121e+03 +1.051041121e+03 +7.962211209e+02 +7.962211209e+02 +2.6507e+00 +3.1697e+00 +3.1744e-01 +3.3271e-02 -4.1582e+00
1097 +8.931242702e+02 +8.931242702e+02 +6.383042702e+02 +6.383042702e+02 +2.6382e+00 +3.1867e+00 +3.0444e-01 +2.2687e-02 -4.1258e+00
1100 +7.515651420e+02 +7.515651420e+02 +4.967451420e+02 +4.967451420e+02 +2.6474e+00 +3.1712e+00 +3.2751e-01 +2.1780e-02 -4.1243e+00
1108 +2.614045693e+02 +2.614045693e+02 +6.584569289e+00 +6.584569289e+00 +2.6579e+00 +3.1929e+00 +3.2390e-01 -4.1243e-03 -4.1298e+00
1122 +2.024692306e+02 +2.024692306e+02 -5.235076942e+01 -5.235076942e+01 +2.6499e+00 +3.1793e+00 +3.2756e-01 +3.5748e-03 -4.1444e+00
1144 +9.140574157e+01 +9.140574157e+01 -1.634142584e+02 -1.634142584e+02 +2.6367e+00 +3.1747e+00 +3.2460e-01 -3.6067e-03 -4.1336e+00
1257 +8.328369596e+01 +8.328369596e+01 -1.715363040e+02 -1.715363040e+02 +2.6325e+00 +3.1698e+00 +3.1955e-01 +1.0431e-02 -4.1597e+00
1269 +3.632779285e+01 +3.632779285e+01 -2.184922072e+02 -2.184922072e+02 +2.6368e+00 +3.1709e+00 +3.2251e-01 +5.6827e-03 -4.1461e+00
1276 +2.716934976e+01 +2.716934976e+01 -2.276506502e+02 -2.276506502e+02 +2.6310e+00 +3.1703e+00 +3.2647e-01 +1.3576e-02 -4.1580e+00
1298 +1.256908005e+01 +1.256908005e+01 -2.422509199e+02 -2.422509199e+02 +2.6292e+00 +3.1709e+00 +3.2679e-01 +1.2791e-02 -4.1561e+00
1452 +1.159363872e+01 +1.159363872e+01 -2.432263613e+02 -2.432263613e+02 +2.6252e+00 +3.1704e+00 +3.2667e-01 +1.1988e-02 -4.1570e+00
1562 +7.011689147e+00 +7.011689147e+00 -2.478083109e+02 -2.478083109e+02 +2.6268e+00 +3.1723e+00 +3.2621e-01 +1.3150e-02 -4.1561e+00
1637 +6.771542175e+00 +6.771542175e+00 -2.480484578e+02 -2.480484578e+02 +2.6279e+00 +3.1730e+00 +3.2601e-01 +1.1491e-02 -4.1552e+00
1650 +5.659561702e+00 +5.659561702e+00 -2.491604383e+02 -2.491604383e+02 +2.6268e+00 +3.1722e+00 +3.2568e-01 +1.2962e-02 -4.1570e+00
1804 +5.604221254e+00 +5.604221254e+00 -2.492157787e+02 -2.492157787e+02 +2.6266e+00 +3.1717e+00 +3.2538e-01 +1.3224e-02 -4.1573e+00
1848 +5.495046500e+00 +5.495046500e+00 -2.493249535e+02 -2.493249535e+02 +2.6266e+00 +3.1717e+00 +3.2555e-01 +1.3098e-02 -4.1574e+00
140247 +5.370292217e+00 +5.370292217e+00 -2.494497078e+02 -2.494497078e+02 +2.6367e+00 +3.1770e+00 +3.2164e-01 +4.3886e-03 -4.1425e+00
316558 +5.248058032e+00 +5.248058032e+00 -2.495719420e+02 -2.495719420e+02 +2.6493e+00 +3.1837e+00 +3.1663e-01 -6.4399e-03 -4.1236e+00
488796 +5.128578766e+00 +5.128578766e+00 -2.496914212e+02 -2.496914212e+02 +2.6618e+00 +3.1903e+00 +3.1167e-01 -1.7147e-02 -4.1049e+00
659958 +5.011846604e+00 +5.011846604e+00 -2.498081534e+02 -2.498081534e+02 +2.6742e+00 +3.1968e+00 +3.0678e-01 -2.7735e-02 -4.0864e+00
831371 +4.897732100e+00 +4.897732100e+00 -2.499222679e+02 -2.499222679e+02 +2.6864e+00 +3.2033e+00 +3.0193e-01 -3.8194e-02 -4.0682e+00
1007022 +4.786292830e+00 +4.786292830e+00 -2.500337072e+02 -2.500337072e+02 +2.6985e+00 +3.2097e+00 +2.9716e-01 -4.8533e-02 -4.0501e+00
% function evaluation | noise-free fitness - Fopt (5.661000000000e+01) | best noise-free fitness - Fopt | measured fitness | best measured fitness | x1 | x2...
1 +1.641714053e+08 +1.641714053e+08 +1.641714619e+08 +1.641714619e+08 +0.0000e+00 +0.0000e+00 +0.0000e+00 +0.0000e+00 +0.0000e+00
2 +3.812917675e+07 +3.812917675e+07 +3.812923336e+07 +3.812923336e+07 -2.9199e+00 -1.0359e+00 -6.1784e-01 +5.1342e+00 +4.4274e-01
3 +3.647344206e+07 +3.647344206e+07 +3.647349867e+07 +3.647349867e+07 -2.8987e+00 -1.0260e+00 -5.8044e-01 +4.9663e+00 +2.8115e-01
7 +3.614653117e+07 +3.614653117e+07 +3.614658778e+07 +3.614658778e+07 -2.6879e+00 -1.1302e+00 -5.1635e-01 +4.9189e+00 +3.2987e-01
19 +3.498709350e+07 +3.498709350e+07 +3.498715011e+07 +3.498715011e+07 -3.0281e+00 -1.1984e+00 -6.1100e-01 +4.8613e+00 +3.8153e-01
33 +3.404940799e+07 +3.404940799e+07 +3.404946460e+07 +3.404946460e+07 -2.8075e+00 -1.1968e+00 -3.5754e-01 +4.5778e+00 +2.2115e-01
46 +3.352784206e+07 +3.352784206e+07 +3.352789867e+07 +3.352789867e+07 -2.7044e+00 -1.0988e+00 -4.7300e-01 +4.5864e+00 +1.2007e-01
49 +3.302936580e+07 +3.302936580e+07 +3.302942241e+07 +3.302942241e+07 -3.0115e+00 -1.3508e+00 -5.7430e-01 +4.8194e+00 +1.2531e-01
57 +3.208405247e+07 +3.208405247e+07 +3.208410908e+07 +3.208410908e+07 -3.0907e+00 -1.3463e+00 -5.2672e-01 +4.5767e+00 +2.0988e-01
72 +2.967434301e+07 +2.967434301e+07 +2.967439962e+07 +2.967439962e+07 -2.8007e+00 -2.0702e+00 -2.8998e-01 +4.5865e+00 +4.8255e-02
77 +2.853585930e+07 +2.853585930e+07 +2.853591591e+07 +2.853591591e+07 -2.7292e+00 -1.4766e+00 -6.5816e-01 +4.3503e+00 +7.2015e-02
90 +2.762993821e+07 +2.762993821e+07 +2.762999482e+07 +2.762999482e+07 -2.8575e+00 -1.5754e+00 -4.5166e-01 +4.3387e+00 -4.6186e-01
93 +2.467643739e+07 +2.467643739e+07 +2.467649400e+07 +2.467649400e+07 -3.0675e+00 -1.7323e+00 -5.6274e-01 +4.3377e+00 -1.2217e+00
100 +2.383900187e+07 +2.383900187e+07 +2.383905848e+07 +2.383905848e+07 -3.2461e+00 -2.6120e+00 -8.6270e-02 +3.8416e+00 -4.0988e-01
116 +2.203229986e+07 +2.203229986e+07 +2.203235647e+07 +2.203235647e+07 -2.5766e+00 -1.6819e+00 -1.8596e-01 +2.8045e+00 -4.1330e-01
117 +1.699826024e+07 +1.699826024e+07 +1.699831685e+07 +1.699831685e+07 -2.9262e+00 -1.9334e+00 -7.9666e-01 +3.4000e+00 -1.4977e+00
131 +1.652066134e+07 +1.652066134e+07 +1.652071795e+07 +1.652071795e+07 -2.7743e+00 -3.1637e+00 -8.8966e-01 +3.8632e+00 -4.9465e-01
136 +1.551329829e+07 +1.551329829e+07 +1.551335490e+07 +1.551335490e+07 -4.1558e+00 -2.2270e+00 -1.4358e+00 +3.0258e+00 -1.9745e-01
144 +9.466422473e+06 +9.466422473e+06 +9.466479083e+06 +9.466479083e+06 -1.8936e+00 -3.0141e+00 -1.5109e+00 +2.2407e+00 -1.5988e-01
156 +7.540092231e+06 +7.540092231e+06 +7.540148841e+06 +7.540148841e+06 -1.7003e+00 -4.0384e+00 -1.6439e+00 +3.1065e+00 -8.7089e-01
162 +5.838045485e+06 +5.838045485e+06 +5.838102095e+06 +5.838102095e+06 -2.5879e+00 -3.7498e+00 -1.4962e+00 +1.1350e+00 -9.0072e-01
201 +5.485188373e+06 +5.485188373e+06 +5.485244983e+06 +5.485244983e+06 -2.0456e+00 -3.4717e+00 -1.6497e+00 +1.6770e+00 -1.3110e+00
226 +3.253439864e+06 +3.253439864e+06 +3.253496474e+06 +3.253496474e+06 -1.7772e+00 -5.7356e+00 -2.1063e+00 +9.2991e-01 -6.8859e-01
232 +3.165610987e+06 +3.165610987e+06 +3.165667597e+06 +3.165667597e+06 -2.0922e+00 -3.5201e+00 -2.6448e+00 +2.9198e-01 -2.5320e+00
242 +2.331737777e+06 +2.331737777e+06 +2.331794387e+06 +2.331794387e+06 -2.2844e+00 -5.7749e+00 -2.2032e+00 +1.9853e+00 -8.2174e-01
282 +2.063119499e+06 +2.063119499e+06 +2.063176109e+06 +2.063176109e+06 -1.4865e+00 -5.0450e+00 -2.5628e+00 +2.2465e+00 -1.9375e-01
286 +1.804967311e+06 +1.804967311e+06 +1.805023921e+06 +1.805023921e+06 -1.8450e+00 -4.9307e+00 -2.6697e+00 +2.5358e+00 -1.1696e+00
303 +5.358996194e+05 +5.358996194e+05 +5.359562294e+05 +5.359562294e+05 -2.4305e+00 -5.2657e+00 -3.2204e+00 +1.5929e+00 -1.3854e+00
396 +5.175659718e+05 +5.175659718e+05 +5.176225818e+05 +5.176225818e+05 -2.1261e+00 -4.6500e+00 -3.1635e+00 +1.8234e+00 -1.5920e+00
418 +3.543028910e+05 +3.543028910e+05 +3.543595010e+05 +3.543595010e+05 -2.3655e+00 -4.5258e+00 -3.2238e+00 +1.3857e+00 -1.5468e+00
431 +9.757600896e+04 +9.757600896e+04 +9.763261896e+04 +9.763261896e+04 -2.4646e+00 -4.3567e+00 -3.5493e+00 +1.4571e+00 -1.3671e+00
460 +5.625970797e+04 +5.625970797e+04 +5.631631797e+04 +5.631631797e+04 -2.2192e+00 -4.5249e+00 -3.6994e+00 +1.4963e+00 -1.3472e+00
486 +5.348297513e+04 +5.348297513e+04 +5.353958513e+04 +5.353958513e+04 -2.4512e+00 -4.8045e+00 -3.7215e+00 +1.7690e+00 -1.2710e+00
506 +1.195161708e+04 +1.195161708e+04 +1.200822708e+04 +1.200822708e+04 -2.6155e+00 -4.3076e+00 -3.7343e+00 +1.4913e+00 -1.6036e+00
660 +9.776489922e+03 +9.776489922e+03 +9.833099922e+03 +9.833099922e+03 -2.6538e+00 -4.2178e+00 -3.7973e+00 +1.4044e+00 -1.5303e+00
682 +1.682604326e+03 +1.682604326e+03 +1.739214326e+03 +1.739214326e+03 -2.6218e+00 -4.2337e+00 -3.8580e+00 +1.4177e+00 -1.6290e+00
901 +1.068639247e+03 +1.068639247e+03 +1.125249247e+03 +1.125249247e+03 -2.6482e+00 -4.2318e+00 -3.8008e+00 +1.4154e+00 -1.6228e+00
902 +3.425907908e+02 +3.425907908e+02 +3.992007908e+02 +3.992007908e+02 -2.6064e+00 -4.2819e+00 -3.8398e+00 +1.4189e+00 -1.5850e+00
1034 +3.263585472e+02 +3.263585472e+02 +3.829685472e+02 +3.829685472e+02 -2.6270e+00 -4.2420e+00 -3.8402e+00 +1.4068e+00 -1.6231e+00
1100 +3.180636410e+02 +3.180636410e+02 +3.746736410e+02 +3.746736410e+02 -2.6305e+00 -4.2416e+00 -3.8403e+00 +1.4010e+00 -1.6213e+00
1104 +2.947440147e+02 +2.947440147e+02 +3.513540147e+02 +3.513540147e+02 -2.6430e+00 -4.2075e+00 -3.8331e+00 +1.4140e+00 -1.6306e+00
1106 +1.976891660e+02 +1.976891660e+02 +2.542991660e+02 +2.542991660e+02 -2.6484e+00 -4.2337e+00 -3.8382e+00 +1.4182e+00 -1.6255e+00
1122 +5.310838566e+01 +5.310838566e+01 +1.097183857e+02 +1.097183857e+02 -2.6442e+00 -4.2254e+00 -3.8330e+00 +1.4135e+00 -1.6258e+00
1254 +4.680890083e+01 +4.680890083e+01 +1.034189008e+02 +1.034189008e+02 -2.6585e+00 -4.2150e+00 -3.8304e+00 +1.4026e+00 -1.6376e+00
1320 +4.493692451e+01 +4.493692451e+01 +1.015469245e+02 +1.015469245e+02 -2.6505e+00 -4.2241e+00 -3.8322e+00 +1.4088e+00 -1.6348e+00
1342 +2.100098803e+01 +2.100098803e+01 +7.761098803e+01 +7.761098803e+01 -2.6494e+00 -4.2234e+00 -3.8304e+00 +1.4056e+00 -1.6327e+00
1364 +1.582174418e+01 +1.582174418e+01 +7.243174418e+01 +7.243174418e+01 -2.6467e+00 -4.2250e+00 -3.8306e+00 +1.4058e+00 -1.6306e+00
1430 +1.082122915e+01 +1.082122915e+01 +6.743122915e+01 +6.743122915e+01 -2.6472e+00 -4.2259e+00 -3.8313e+00 +1.4061e+00 -1.6282e+00
1452 +9.770220926e+00 +9.770220926e+00 +6.638022093e+01 +6.638022093e+01 -2.6468e+00 -4.2247e+00 -3.8309e+00 +1.4084e+00 -1.6264e+00
1474 +9.544905365e+00 +9.544905365e+00 +6.615490537e+01 +6.615490537e+01 -2.6463e+00 -4.2272e+00 -3.8307e+00 +1.4094e+00 -1.6263e+00
1496 +8.126139896e+00 +8.126139896e+00 +6.473613990e+01 +6.473613990e+01 -2.6454e+00 -4.2273e+00 -3.8320e+00 +1.4084e+00 -1.6263e+00
1584 +7.843705616e+00 +7.843705616e+00 +6.445370562e+01 +6.445370562e+01 -2.6458e+00 -4.2253e+00 -3.8314e+00 +1.4079e+00 -1.6277e+00
1694 +7.702214472e+00 +7.702214472e+00 +6.431221447e+01 +6.431221447e+01 -2.6462e+00 -4.2254e+00 -3.8316e+00 +1.4078e+00 -1.6269e+00
1738 +7.455273606e+00 +7.455273606e+00 +6.406527361e+01 +6.406527361e+01 -2.6466e+00 -4.2256e+00 -3.8311e+00 +1.4076e+00 -1.6278e+00
1804 +7.338496996e+00 +7.338496996e+00 +6.394849700e+01 +6.394849700e+01 -2.6462e+00 -4.2260e+00 -3.8311e+00 +1.4077e+00 -1.6274e+00
20475 +7.244328532e+00 +7.244328532e+00 +6.385432853e+01 +6.385432853e+01 -2.6478e+00 -4.2232e+00 -3.8315e+00 +1.4069e+00 -1.6291e+00
172436 +7.079424367e+00 +7.079424367e+00 +6.368942437e+01 +6.368942437e+01 -2.6607e+00 -4.2009e+00 -3.8337e+00 +1.3998e+00 -1.6438e+00
324340 +6.918291787e+00 +6.918291787e+00 +6.352829179e+01 +6.352829179e+01 -2.6735e+00 -4.1789e+00 -3.8357e+00 +1.3927e+00 -1.6583e+00
477302 +6.760789908e+00 +6.760789908e+00 +6.337078991e+01 +6.337078991e+01 -2.6861e+00 -4.1571e+00 -3.8378e+00 +1.3857e+00 -1.6727e+00
623215 +6.606914626e+00 +6.606914626e+00 +6.321691463e+01 +6.321691463e+01 -2.6986e+00 -4.1356e+00 -3.8398e+00 +1.3787e+00 -1.6870e+00
775749 +6.456522487e+00 +6.456522487e+00 +6.306652249e+01 +6.306652249e+01 -2.7110e+00 -4.1143e+00 -3.8417e+00 +1.3718e+00 -1.7011e+00
926108 +6.309561036e+00 +6.309561036e+00 +6.291956104e+01 +6.291956104e+01 -2.7232e+00 -4.0932e+00 -3.8436e+00 +1.3650e+00 -1.7150e+00
1072257 +6.165910832e+00 +6.165910832e+00 +6.277591083e+01 +6.277591083e+01 -2.7354e+00 -4.0724e+00 -3.8454e+00 +1.3582e+00 -1.7287e+00
% function evaluation | noise-free fitness - Fopt (-1.810000000000e+01) | best noise-free fitness - Fopt | measured fitness | best measured fitness | x1 | x2...
1 +5.982210084e+07 +5.982210084e+07 +5.982208274e+07 +5.982208274e+07 +0.0000e+00 +0.0000e+00 +0.0000e+00 +0.0000e+00 +0.0000e+00
2 +4.137035631e+07 +4.137035631e+07 +4.137033821e+07 +4.137033821e+07 +6.9900e-01 -7.4830e-01 +3.3940e+00 -6.3569e-01 -3.2095e+00
4 +3.932456126e+07 +3.932456126e+07 +3.932454316e+07 +3.932454316e+07 +7.7205e-01 -6.8077e-01 +3.5689e+00 -2.3847e-01 -3.1538e+00
9 +3.885988738e+07 +3.885988738e+07 +3.885986928e+07 +3.885986928e+07 +6.9265e-01 -7.7800e-01 +3.7006e+00 -3.7736e-01 -3.1383e+00
39 +3.702356689e+07 +3.702356689e+07 +3.702354879e+07 +3.702354879e+07 +8.0481e-01 -7.8497e-01 +3.6512e+00 -5.1814e-01 -2.8947e+00
48 +3.542493191e+07 +3.542493191e+07 +3.542491381e+07 +3.542491381e+07 +1.1640e+00 -8.1154e-01 +3.7069e+00 -3.2888e-01 -2.6267e+00
50 +3.461762656e+07 +3.461762656e+07 +3.461760846e+07 +3.461760846e+07 +8.8109e-01 -1.0566e+00 +3.6786e+00 -4.7091e-01 -2.5148e+00
70 +3.271940269e+07 +3.271940269e+07 +3.271938459e+07 +3.271938459e+07 +8.5322e-01 -6.5130e-01 +3.4488e+00 -4.4800e-01 -2.4463e+00
73 +3.161025710e+07 +3.161025710e+07 +3.161023900e+07 +3.161023900e+07 +8.0553e-01 -9.1833e-01 +3.6383e+00 -5.0768e-01 -2.2371e+00
94 +2.639319426e+07 +2.639319426e+07 +2.639317616e+07 +2.639317616e+07 +1.0798e+00 -4.5833e-01 +3.4939e+00 -2.7950e-01 -1.6217e+00
96 +2.435624296e+07 +2.435624296e+07 +2.435622486e+07 +2.435622486e+07 +5.7104e-01 -3.1296e-01 +3.7340e+00 -8.0412e-01 -1.3586e+00
113 +2.090575018e+07 +2.090575018e+07 +2.090573208e+07 +2.090573208e+07 +1.1839e+00 -3.0741e-01 +4.2567e+00 -1.4574e-01 -8.6961e-01
115 +1.791536030e+07 +1.791536030e+07 +1.791534220e+07 +1.791534220e+07 +7.7629e-01 -4.2474e-01 +3.5654e+00 +8.0824e-02 -6.5199e-01
126 +1.532821234e+07 +1.532821234e+07 +1.532819424e+07 +1.532819424e+07 +6.0795e-01 -5.6577e-01 +3.3875e+00 -1.8537e-01 +1.2471e+00
142 +1.031784175e+07 +1.031784175e+07 +1.031782365e+07 +1.031782365e+07 +6.4214e-01 -3.1523e-01 +4.1548e+00 +3.4166e-01 +2.1625e+00
144 +8.396316967e+06 +8.396316967e+06 +8.396298867e+06 +8.396298867e+06 +4.0527e-01 +2.5165e-01 +3.4406e+00 +5.8337e-01 +2.5065e+00
164 +2.973971703e+06 +2.973971703e+06 +2.973953603e+06 +2.973953603e+06 -2.2870e-01 +3.0435e-01 +4.4744e+00 +1.3900e+00 +1.7684e+00
186 +2.697677275e+06 +2.697677275e+06 +2.697659175e+06 +2.697659175e+06 -2.4353e-01 +1.6211e-01 +4.1727e+00 +2.6519e+00 +2.9845e+00
198 +2.455058526e+06 +2.455058526e+06 +2.455040426e+06 +2.455040426e+06 -6.5559e-01 +2.8933e-01 +4.1730e+00 +1.3249e+00 +1.9480e+00
233 +2.367307081e+06 +2.367307081e+06 +2.367288981e+06 +2.367288981e+06 -2.3862e+00 +4.4112e-01 +3.9384e+00 +1.5534e+00 +1.1160e+00
240 +1.429472737e+06 +1.429472737e+06 +1.429454637e+06 +1.429454637e+06 -2.4166e-01 +1.2508e+00 +2.7496e+00 +2.3575e+00 +1.8708e+00
263 +6.837840878e+05 +6.837840878e+05 +6.837659878e+05 +6.837659878e+05 -1.4870e+00 +3.9550e-01 +4.4782e+00 +2.0073e+00 +1.1951e+00
310 +5.875404989e+05 +5.875404989e+05 +5.875223989e+05 +5.875223989e+05 -1.2196e+00 +2.4975e-01 +3.5382e+00 +3.5487e+00 +1.7301e+00
330 +2.619048241e+05 +2.619048241e+05 +2.618867241e+05 +2.618867241e+05 -1.1567e+00 +6.7628e-01 +3.8279e+00 +2.8843e+00 +2.3119e+00
374 +1.673143544e+05 +1.673143544e+05 +1.672962544e+05 +1.672962544e+05 -6.0786e-01 +7.2927e-01 +3.4715e+00 +2.9958e+00 +2.2242e+00
440 +9.077654082e+04 +9.077654082e+04 +9.075844082e+04 +9.075844082e+04 -5.6415e-01 +4.9640e-01 +3.0546e+00 +3.2437e+00 +1.9799e+00
462 +4.136859378e+04 +4.136859378e+04 +4.135049378e+04 +4.135049378e+04 -7.1049e-01 +6.0136e-01 +3.2607e+00 +3.2134e+00 +1.9290e+00
528 +2.188319685e+04 +2.188319685e+04 +2.186509685e+04 +2.186509685e+04 -8.1775e-01 +6.7536e-01 +3.2863e+00 +3.0974e+00 +1.9945e+00
550 +9.725896698e+03 +9.725896698e+03 +9.707796698e+03 +9.707796698e+03 -7.8483e-01 +7.6946e-01 +3.3615e+00 +3.2402e+00 +2.0076e+00
745 +8.495163999e+03 +8.495163999e+03 +8.477063999e+03 +8.477063999e+03 -1.0074e+00 +8.8850e-01 +3.6914e+00 +3.0166e+00 +1.8284e+00
773 +1.712358875e+03 +1.712358875e+03 +1.694258875e+03 +1.694258875e+03 -1.0446e+00 +8.6966e-01 +3.7336e+00 +2.8769e+00 +1.8674e+00
968 +1.188777537e+03 +1.188777537e+03 +1.170677537e+03 +1.170677537e+03 -9.4160e-01 +8.3243e-01 +3.5141e+00 +3.0658e+00 +1.9097e+00
1078 +1.061602438e+03 +1.061602438e+03 +1.043502438e+03 +1.043502438e+03 -9.4686e-01 +8.3568e-01 +3.5316e+00 +3.0005e+00 +1.9136e+00
1100 +3.081796372e+02 +3.081796372e+02 +2.900796372e+02 +2.900796372e+02 -9.4034e-01 +8.4025e-01 +3.5338e+00 +3.0262e+00 +1.8941e+00
1188 +3.011906952e+02 +3.011906952e+02 +2.830906952e+02 +2.830906952e+02 -9.5833e-01 +8.5080e-01 +3.5647e+00 +3.0143e+00 +1.8955e+00
1254 +2.233906996e+02 +2.233906996e+02 +2.052906996e+02 +2.052906996e+02 -9.4866e-01 +8.5408e-01 +3.5189e+00 +3.0283e+00 +1.8998e+00
1364 +6.529029945e+01 +6.529029945e+01 +4.719029945e+01 +4.719029945e+01 -9.3635e-01 +8.6120e-01 +3.5186e+00 +3.0219e+00 +1.8979e+00
1408 +4.820565801e+00 +4.820565801e+00 -1.327943420e+01 -1.327943420e+01 -9.2936e-01 +8.5492e-01 +3.5170e+00 +3.0314e+00 +1.9043e+00
1452 +3.615390003e+00 +3.615390003e+00 -1.448461000e+01 -1.448461000e+01 -9.3441e-01 +8.5489e-01 +3.5225e+00 +3.0272e+00 +1.9028e+00
1885 +3.240125344e+00 +3.240125344e+00 -1.485987466e+01 -1.485987466e+01 -9.4323e-01 +8.6216e-01 +3.5418e+00 +3.0138e+00 +1.8954e+00
1936 +2.297187652e+00 +2.297187652e+00 -1.580281235e+01 -1.580281235e+01 -9.4363e-01 +8.6109e-01 +3.5396e+00 +3.0144e+00 +1.8957e+00
1958 +1.648876767e+00 +1.648876767e+00 -1.645112323e+01 -1.645112323e+01 -9.4329e-01 +8.6133e-01 +3.5401e+00 +3.0147e+00 +1.8959e+00
2002 +1.064096295e+00 +1.064096295e+00 -1.703590370e+01 -1.703590370e+01 -9.4384e-01 +8.6053e-01 +3.5409e+00 +3.0152e+00 +1.8955e+00
2067 +8.457488794e-01 +8.457488794e-01 -1.725425112e+01 -1.725425112e+01 -9.4403e-01 +8.6053e-01 +3.5411e+00 +3.0149e+00 +1.8958e+00
2200 +7.967315742e-01 +7.967315742e-01 -1.730326843e+01 -1.730326843e+01 -9.4328e-01 +8.6041e-01 +3.5400e+00 +3.0153e+00 +1.8961e+00
2310 +7.872924159e-01 +7.872924159e-01 -1.731270758e+01 -1.731270758e+01 -9.4324e-01 +8.6048e-01 +3.5400e+00 +3.0155e+00 +1.8962e+00
2486 +7.757962174e-01 +7.757962174e-01 -1.732420378e+01 -1.732420378e+01 -9.4318e-01 +8.6030e-01 +3.5397e+00 +3.0157e+00 +1.8963e+00
128267 +7.585752277e-01 +7.585752277e-01 -1.734142477e+01 -1.734142477e+01 -9.3996e-01 +8.5896e-01 +3.5335e+00 +3.0199e+00 +1.8983e+00
% function evaluation | noise-free fitness - Fopt (3.777000000000e+01) | best noise-free fitness - Fopt | measured fitness | best measured fitness | x1 | x2...
1 +5.916572692e+06 +5.916572692e+06 +5.916610462e+06 +5.916610462e+06 +0.0000e+00 +0.0000e+00 +0.0000e+00 +0.0000e+00 +0.0000e+00
122 +5.748267852e+06 +5.748267852e+06 +5.748305622e+06 +5.748305622e+06 -1.9300e+00 +2.3487e+00 -2.1279e+00 +3.2577e-01 +3.1233e+00
139 +5.485943535e+06 +5.485943535e+06 +5.485981305e+06 +5.485981305e+06 -1.1473e+00 +1.0510e+00 -1.2051e+00 +8.5839e-01 +3.3582e+00
153 +2.055379369e+06 +2.055379369e+06 +2.055417139e+06 +2.055417139e+06 -2.8190e+00 +2.0752e+00 -1.5181e+00 +8.7472e-01 +2.4225e+00
229 +1.935201999e+06 +1.935201999e+06 +1.935239769e+06 +1.935239769e+06 -2.2652e+00 +3.1338e+00 -5.8053e-01 +6.3696e-01 +2.4998e+00
255 +1.796125813e+06 +1.796125813e+06 +1.796163583e+06 +1.796163583e+06 -1.9465e+00 +3.4740e+00 -5.4683e-01 +1.1644e+00 +1.4596e+00
260 +1.459024016e+06 +1.459024016e+06 +1.459061786e+06 +1.459061786e+06 -4.9174e-01 +2.1357e+00 -5.2947e-01 -6.1116e-02 +1.6375e+00
262 +1.378900949e+06 +1.378900949e+06 +1.378938719e+06 +1.378938719e+06 -2.3611e+00 +1.6345e+00 -1.2348e+00 +1.1352e+00 +2.3355e+00
264 +6.813877242e+05 +6.813877242e+05 +6.814254942e+05 +6.814254942e+05 -1.9595e+00 +2.1117e+00 -7.7009e-01 +7.5206e-01 +2.1910e+00
286 +5.880859042e+05 +5.880859042e+05 +5.881236742e+05 +5.881236742e+05 -1.9441e+00 +2.4832e+00 -3.5433e-01 +6.5685e-01 +2.0201e+00
308 +5.245725969e+05 +5.245725969e+05 +5.246103669e+05 +5.246103669e+05 -1.7713e+00 +2.5863e+00 +1.3450e-01 +5.4308e-01 +1.7779e+00
352 +1.050431502e+05 +1.050431502e+05 +1.050809202e+05 +1.050809202e+05 -1.6823e+00 +2.1611e+00 -4.7922e-02 +8.4643e-01 +1.7916e+00
440 +9.975912856e+03 +9.975912856e+03 +1.001368286e+04 +1.001368286e+04 -1.3584e+00 +2.0979e+00 -1.5633e-01 +1.0476e+00 +1.6307e+00
668 +8.078446864e+03 +8.078446864e+03 +8.116216864e+03 +8.116216864e+03 -1.4889e+00 +2.0891e+00 -3.9025e-02 +1.0382e+00 +1.6527e+00
673 +7.035147738e+03 +7.035147738e+03 +7.072917738e+03 +7.072917738e+03 -1.5865e+00 +2.1000e+00 -2.6351e-01 +1.2094e+00 +1.7461e+00
682 +3.561056444e+03 +3.561056444e+03 +3.598826444e+03 +3.598826444e+03 -1.5552e+00 +2.1436e+00 -2.0223e-01 +1.1355e+00 +1.6996e+00
704 +2.041309211e+03 +2.041309211e+03 +2.079079211e+03 +2.079079211e+03 -1.5266e+00 +2.1747e+00 -2.6113e-01 +1.1744e+00 +1.7500e+00
792 +3.690813265e+02 +3.690813265e+02 +4.068513265e+02 +4.068513265e+02 -1.4927e+00 +2.1603e+00 -2.0146e-01 +1.1474e+00 +1.7148e+00
924 +3.212569665e+02 +3.212569665e+02 +3.590269665e+02 +3.590269665e+02 -1.5117e+00 +2.1625e+00 -2.1884e-01 +1.1994e+00 +1.7370e+00
944 +2.933088064e+02 +2.933088064e+02 +3.310788064e+02 +3.310788064e+02 -1.5302e+00 +2.1592e+00 -2.2582e-01 +1.2167e+00 +1.7372e+00
964 +1.003820833e+02 +1.003820833e+02 +1.381520833e+02 +1.381520833e+02 -1.5448e+00 +2.1726e+00 -2.3857e-01 +1.2095e+00 +1.7349e+00
990 +4.913350574e+01 +4.913350574e+01 +8.690350574e+01 +8.690350574e+01 -1.5297e+00 +2.1671e+00 -2.3021e-01 +1.1946e+00 +1.7289e+00
1056 +3.468492147e+01 +3.468492147e+01 +7.245492147e+01 +7.245492147e+01 -1.5296e+00 +2.1630e+00 -2.3035e-01 +1.2033e+00 +1.7296e+00
1100 +2.679619600e+01 +2.679619600e+01 +6.456619600e+01 +6.456619600e+01 -1.5333e+00 +2.1617e+00 -2.3255e-01 +1.2011e+00 +1.7310e+00
1122 +1.743182823e+01 +1.743182823e+01 +5.520182823e+01 +5.520182823e+01 -1.5340e+00 +2.1660e+00 -2.3509e-01 +1.2001e+00 +1.7357e+00
1144 +1.485442440e+01 +1.485442440e+01 +5.262442440e+01 +5.262442440e+01 -1.5346e+00 +2.1622e+00 -2.3411e-01 +1.2004e+00 +1.7350e+00
1166 +1.343728534e+01 +1.343728534e+01 +5.120728534e+01 +5.120728534e+01 -1.5324e+00 +2.1652e+00 -2.3512e-01 +1.2014e+00 +1.7345e+00
1188 +1.172275576e+01 +1.172275576e+01 +4.949275576e+01 +4.949275576e+01 -1.5313e+00 +2.1653e+00 -2.3427e-01 +1.2049e+00 +1.7359e+00
1204 +2.748087702e+00 +2.748087702e+00 +4.051808770e+01 +4.051808770e+01 -1.5336e+00 +2.1653e+00 -2.3290e-01 +1.2022e+00 +1.7365e+00
1518 +2.117215351e+00 +2.117215351e+00 +3.988721535e+01 +3.988721535e+01 -1.5308e+00 +2.1637e+00 -2.3043e-01 +1.1993e+00 +1.7344e+00
1632 +1.919787737e+00 +1.919787737e+00 +3.968978774e+01 +3.968978774e+01 -1.5317e+00 +2.1634e+00 -2.2972e-01 +1.1993e+00 +1.7345e+00
1716 +1.753499009e+00 +1.753499009e+00 +3.952349901e+01 +3.952349901e+01 -1.5308e+00 +2.1636e+00 -2.2948e-01 +1.1996e+00 +1.7344e+00
1760 +1.556526766e+00 +1.556526766e+00 +3.932652677e+01 +3.932652677e+01 -1.5315e+00 +2.1639e+00 -2.3006e-01 +1.1998e+00 +1.7345e+00
1870 +1.543233974e+00 +1.543233974e+00 +3.931323397e+01 +3.931323397e+01 -1.5314e+00 +2.1636e+00 -2.3017e-01 +1.1998e+00 +1.7344e+00
14696 +1.513560217e+00 +1.513560217e+00 +3.928356022e+01 +3.928356022e+01 -1.5309e+00 +2.1635e+00 -2.2946e-01 +1.1990e+00 +1.7342e+00
% function evaluation | noise-free fitness - Fopt (6.054000000000e+01) | best noise-free fitness - Fopt | measured fitness | best measured fitness | x1 | x2...
1 +1.543379835e+07 +1.543379835e+07 +1.543385889e+07 +1.543385889e+07 +0.0000e+00 +0.0000e+00 +0.0000e+00 +0.0000e+00 +0.0000e+00
165 +1.115951326e+07 +1.115951326e+07 +1.115957380e+07 +1.115957380e+07 +5.4482e-01 +3.4664e-01 -8.8358e-01 -2.9673e+00 -4.4909e+00
182 +5.176930670e+06 +5.176930670e+06 +5.176991210e+06 +5.176991210e+06 +4.3661e-01 +1.3285e+00 -2.9716e+00 -2.7875e+00 -4.7328e+00
192 +4.822485709e+06 +4.822485709e+06 +4.822546249e+06 +4.822546249e+06 +6.8540e-01 +2.3130e+00 -1.7270e+00 -1.7626e+00 -1.1053e+00
198 +4.731900891e+06 +4.731900891e+06 +4.731961431e+06 +4.731961431e+06 +1.2663e-01 +2.6816e+00 -1.5800e+00 -2.3086e+00 -3.1114e+00
272 +3.713711203e+06 +3.713711203e+06 +3.713771743e+06 +3.713771743e+06 -1.1476e+00 +5.1031e+00 +9.1519e-01 +1.1752e-01 +2.5836e-01
345 +2.737544698e+05 +2.737544698e+05 +2.738150098e+05 +2.738150098e+05 +1.3458e-01 +3.3061e+00 -1.0156e+00 +2.2775e-02 -1.7027e+00
616 +6.045106347e+04 +6.045106347e+04 +6.051160347e+04 +6.051160347e+04 +1.6870e-01 +2.9486e+00 -1.0164e+00 +2.2178e-02 -2.2145e+00
660 +3.732223612e+04 +3.732223612e+04 +3.738277612e+04 +3.738277612e+04 +3.7983e-01 +2.8408e+00 -1.3852e+00 +1.1530e-01 -2.4583e+00
682 +4.394344819e+03 +4.394344819e+03 +4.454884819e+03 +4.454884819e+03 +4.6984e-01 +2.7987e+00 -1.2828e+00 +6.9271e-02 -2.3418e+00
836 +3.865692213e+03 +3.865692213e+03 +3.926232213e+03 +3.926232213e+03 +3.9609e-01 +2.8635e+00 -1.2771e+00 +5.6273e-02 -2.3278e+00
855 +4.794838288e+02 +4.794838288e+02 +5.400238288e+02 +5.400238288e+02 +4.0148e-01 +2.8240e+00 -1.2540e+00 +5.7996e-02 -2.3509e+00
1078 +4.188472345e+02 +4.188472345e+02 +4.793872345e+02 +4.793872345e+02 +4.9130e-01 +2.6942e+00 -1.3984e+00 -4.0699e-02 -2.4411e+00
1100 +2.785612863e+02 +2.785612863e+02 +3.391012863e+02 +3.391012863e+02 +4.8481e-01 +2.6629e+00 -1.4123e+00 -4.3482e-02 -2.4436e+00
1188 +2.723066566e+01 +2.723066566e+01 +8.777066566e+01 +8.777066566e+01 +4.9653e-01 +2.6605e+00 -1.4186e+00 -4.8342e-02 -2.4593e+00
1452 +2.329186540e+01 +2.329186540e+01 +8.383186540e+01 +8.383186540e+01 +4.9417e-01 +2.6685e+00 -1.4144e+00 -4.2145e-02 -2.4513e+00
1474 +1.945536313e+01 +1.945536313e+01 +7.999536313e+01 +7.999536313e+01 +4.9082e-01 +2.6692e+00 -1.4128e+00 -4.1685e-02 -2.4546e+00
1518 +1.620748594e+01 +1.620748594e+01 +7.674748594e+01 +7.674748594e+01 +4.9152e-01 +2.6685e+00 -1.4123e+00 -4.2261e-02 -2.4530e+00
1540 +1.534436945e+01 +1.534436945e+01 +7.588436945e+01 +7.588436945e+01 +4.9213e-01 +2.6699e+00 -1.4128e+00 -4.1361e-02 -2.4516e+00
1628 +1.412462962e+01 +1.412462962e+01 +7.466462962e+01 +7.466462962e+01 +4.9201e-01 +2.6691e+00 -1.4127e+00 -4.1490e-02 -2.4530e+00
1760 +1.370485188e+01 +1.370485188e+01 +7.424485188e+01 +7.424485188e+01 +4.9209e-01 +2.6690e+00 -1.4131e+00 -4.2336e-02 -2.4533e+00
1848 +1.344060088e+01 +1.344060088e+01 +7.398060088e+01 +7.398060088e+01 +4.9266e-01 +2.6688e+00 -1.4138e+00 -4.2586e-02 -2.4538e+00
% function evaluation | noise-free fitness - Fopt (7.079600000000e+02) | best noise-free fitness - Fopt | measured fitness | best measured fitness | x1 | x2...
1 +3.230507346e+07 +3.230507346e+07 +3.230578142e+07 +3.230578142e+07 +0.0000e+00 +0.0000e+00 +0.0000e+00 +0.0000e+00 +0.0000e+00
2 +2.543412220e+07 +2.543412220e+07 +2.543483016e+07 +2.543483016e+07 -2.0478e+00 +9.4581e-02 -4.8115e-01 +1.2933e-01 -9.2667e-01
5 +2.357532493e+07 +2.357532493e+07 +2.357603289e+07 +2.357603289e+07 -1.9800e+00 -2.0455e-02 -3.4693e-01 +2.6900e-01 -9.6641e-01
16 +2.318371538e+07 +2.318371538e+07 +2.318442334e+07 +2.318442334e+07 -1.9423e+00 +7.8916e-02 -4.1121e-01 +3.5580e-01 -9.7364e-01
29 +2.189574470e+07 +2.189574470e+07 +2.189645266e+07 +2.189645266e+07 -1.8698e+00 +2.5266e-02 -2.3981e-01 +3.8669e-01 -9.7400e-01
32 +2.168507902e+07 +2.168507902e+07 +2.168578698e+07 +2.168578698e+07 -1.9769e+00 +6.8695e-02 -3.7905e-01 +2.4090e-01 -1.1040e+00
35 +2.119995223e+07 +2.119995223e+07 +2.120066019e+07 +2.120066019e+07 -1.6921e+00 -1.0544e-01 -5.9703e-01 +2.6404e-01 -1.2023e+00
52 +1.562316631e+07 +1.562316631e+07 +1.562387427e+07 +1.562387427e+07 -1.5873e+00 -4.2943e-02 -2.1473e-01 +2.8323e-01 -1.4699e+00
70 +1.311159004e+07 +1.311159004e+07 +1.311229800e+07 +1.311229800e+07 -1.4841e+00 +1.5740e-01 -3.2705e-01 +6.5212e-01 -1.7689e+00
82 +1.180303400e+07 +1.180303400e+07 +1.180374196e+07 +1.180374196e+07 -1.4683e+00 +4.5056e-02 -1.8307e-01 -1.4629e-01 -2.0740e+00
90 +8.514785754e+06 +8.514785754e+06 +8.515493714e+06 +8.515493714e+06 -1.3912e+00 +2.4623e-01 -1.2512e-01 +2.4644e-01 -2.4802e+00
98 +5.780734262e+06 +5.780734262e+06 +5.781442222e+06 +5.781442222e+06 -1.3850e+00 +1.7058e-01 +6.4115e-02 +5.7466e-01 -3.0025e+00
112 +4.726337837e+06 +4.726337837e+06 +4.727045797e+06 +4.727045797e+06 -8.0871e-01 +2.1267e-01 +2.4656e-01 +7.0127e-01 -3.3994e+00
120 +1.852502379e+06 +1.852502379e+06 +1.853210339e+06 +1.853210339e+06 -2.2355e+00 +4.1130e-01 +9.5903e-01 +8.6104e-01 -3.3590e+00
154 +1.533312532e+06 +1.533312532e+06 +1.534020492e+06 +1.534020492e+06 -1.1800e+00 +2.0953e-01 +1.0482e+00 +7.1021e-01 -3.9627e+00
159 +1.382049661e+06 +1.382049661e+06 +1.382757621e+06 +1.382757621e+06 -1.4112e+00 +1.0297e-01 +1.8668e+00 +7.7620e-01 -2.9602e+00
164 +8.678847069e+05 +8.678847069e+05 +8.685926669e+05 +8.685926669e+05 -7.6009e-01 +9.1644e-01 +2.7197e+00 +1.5698e+00 -4.1434e+00
176 +1.809749094e+05 +1.809749094e+05 +1.816828694e+05 +1.816828694e+05 -1.8173e+00 +4.0346e-01 +2.0464e+00 +7.7384e-01 -4.0751e+00
305 +1.479630717e+05 +1.479630717e+05 +1.486710317e+05 +1.486710317e+05 -2.4530e+00 +1.7618e+00 +1.0593e+00 -8.4256e-02 -5.0208e+00
308 +8.674505265e+04 +8.674505265e+04 +8.745301265e+04 +8.745301265e+04 -2.4022e+00 +1.1446e+00 +1.3486e+00 +4.4532e-01 -4.8982e+00
341 +4.518837833e+04 +4.518837833e+04 +4.589633833e+04 +4.589633833e+04 -2.0457e+00 +1.1564e+00 +1.2691e+00 +3.6350e-01 -4.6929e+00
462 +3.938441288e+04 +3.938441288e+04 +4.009237288e+04 +4.009237288e+04 -1.6544e+00 +7.8836e-01 +1.9955e+00 +8.3831e-01 -4.1705e+00
506 +3.412793205e+04 +3.412793205e+04 +3.483589205e+04 +3.483589205e+04 -1.7984e+00 +8.5963e-01 +2.0191e+00 +9.0348e-01 -4.0205e+00
519 +2.770940040e+04 +2.770940040e+04 +2.841736040e+04 +2.841736040e+04 -1.8216e+00 +7.6200e-01 +2.1034e+00 +9.8415e-01 -4.1212e+00
547 +1.311233019e+04 +1.311233019e+04 +1.382029019e+04 +1.382029019e+04 -2.1197e+00 +9.2228e-01 +1.6311e+00 +5.8164e-01 -4.4815e+00
608 +8.152813214e+03 +8.152813214e+03 +8.860773214e+03 +8.860773214e+03 -1.7004e+00 +7.3116e-01 +1.9045e+00 +9.7251e-01 -4.1099e+00
660 +7.830364790e+03 +7.830364790e+03 +8.538324790e+03 +8.538324790e+03 -1.7155e+00 +8.4668e-01 +1.8726e+00 +9.5245e-01 -4.1706e+00
671 +5.477905526e+03 +5.477905526e+03 +6.185865526e+03 +6.185865526e+03 -1.7470e+00 +7.3520e-01 +1.8880e+00 +1.0003e+00 -4.1681e+00
676 +1.855288532e+03 +1.855288532e+03 +2.563248532e+03 +2.563248532e+03 -1.7966e+00 +8.3703e-01 +1.8645e+00 +9.0104e-01 -4.1621e+00
770 +1.049964484e+03 +1.049964484e+03 +1.757924484e+03 +1.757924484e+03 -1.8527e+00 +8.4744e-01 +1.8629e+00 +9.1772e-01 -4.1854e+00
784 +9.069327645e+02 +9.069327645e+02 +1.614892765e+03 +1.614892765e+03 -1.8306e+00 +8.2023e-01 +1.8357e+00 +9.1165e-01 -4.2278e+00
812 +2.006682310e+02 +2.006682310e+02 +9.086282310e+02 +9.086282310e+02 -1.8597e+00 +8.3840e-01 +1.8362e+00 +8.8217e-01 -4.2211e+00
861 +1.345358273e+02 +1.345358273e+02 +8.424958273e+02 +8.424958273e+02 -1.8610e+00 +8.6341e-01 +1.7986e+00 +8.5089e-01 -4.2391e+00
946 +1.244582243e+02 +1.244582243e+02 +8.324182243e+02 +8.324182243e+02 -1.8670e+00 +8.4794e-01 +1.8125e+00 +8.5299e-01 -4.2364e+00
964 +2.932142196e+01 +2.932142196e+01 +7.372814220e+02 +7.372814220e+02 -1.8682e+00 +8.5630e-01 +1.8138e+00 +8.6317e-01 -4.2358e+00
1188 +2.123249508e+01 +2.123249508e+01 +7.291924951e+02 +7.291924951e+02 -1.8638e+00 +8.6089e-01 +1.8128e+00 +8.6192e-01 -4.2387e+00
1232 +8.408331637e+00 +8.408331637e+00 +7.163683316e+02 +7.163683316e+02 -1.8672e+00 +8.6039e-01 +1.8097e+00 +8.5757e-01 -4.2395e+00
1286 +2.482539098e+00 +2.482539098e+00 +7.104425391e+02 +7.104425391e+02 -1.8656e+00 +8.5796e-01 +1.8077e+00 +8.5764e-01 -4.2385e+00
1342 +1.631105180e+00 +1.631105180e+00 +7.095911052e+02 +7.095911052e+02 -1.8657e+00 +8.5737e-01 +1.8076e+00 +8.5800e-01 -4.2401e+00
1428 +1.378008976e+00 +1.378008976e+00 +7.093380090e+02 +7.093380090e+02 -1.8682e+00 +8.5959e-01 +1.8055e+00 +8.5634e-01 -4.2407e+00
1430 +8.493891786e-01 +8.493891786e-01 +7.088093892e+02 +7.088093892e+02 -1.8662e+00 +8.5835e-01 +1.8083e+00 +8.5780e-01 -4.2401e+00
1474 +6.144564723e-01 +6.144564723e-01 +7.085744565e+02 +7.085744565e+02 -1.8665e+00 +8.5874e-01 +1.8077e+00 +8.5768e-01 -4.2403e+00
1518 +4.688902833e-01 +4.688902833e-01 +7.084288903e+02 +7.084288903e+02 -1.8666e+00 +8.5801e-01 +1.8079e+00 +8.5781e-01 -4.2401e+00
1540 +4.227439114e-01 +4.227439114e-01 +7.083827439e+02 +7.083827439e+02 -1.8663e+00 +8.5805e-01 +1.8080e+00 +8.5804e-01 -4.2399e+00
1708 +4.062522190e-01 +4.062522190e-01 +7.083662522e+02 +7.083662522e+02 -1.8657e+00 +8.5775e-01 +1.8086e+00 +8.5924e-01 -4.2389e+00
1716 +3.655642155e-01 +3.655642155e-01 +7.083255642e+02 +7.083255642e+02 -1.8660e+00 +8.5790e-01 +1.8084e+00 +8.5887e-01 -4.2391e+00
1740 +3.506458303e-01 +3.506458303e-01 +7.083106458e+02 +7.083106458e+02 -1.8661e+00 +8.5798e-01 +1.8083e+00 +8.5850e-01 -4.2394e+00
2002 +3.462219818e-01 +3.462219818e-01 +7.083062220e+02 +7.083062220e+02 -1.8660e+00 +8.5782e-01 +1.8084e+00 +8.5864e-01 -4.2393e+00
19208 +1.481923377e-01 +1.481923377e-01 +7.081081923e+02 +7.081081923e+02 -1.6783e+00 +7.2919e-01 +2.0396e+00 +1.1201e+00 -4.0381e+00
19252 +4.338180690e-02 +4.338180690e-02 +7.080033818e+02 +7.080033818e+02 -1.6784e+00 +7.2946e-01 +2.0397e+00 +1.1203e+00 -4.0380e+00
19428 +3.969598998e-02 +3.969598998e-02 +7.079996960e+02 +7.079996960e+02 -1.6784e+00 +7.2935e-01 +2.0399e+00 +1.1201e+00 -4.0380e+00
19432 +2.826081271e-02 +2.826081271e-02 +7.079882608e+02 +7.079882608e+02 -1.6784e+00 +7.2949e-01 +2.0397e+00 +1.1200e+00 -4.0381e+00
19538 +2.208995127e-02 +2.208995127e-02 +7.079820900e+02 +7.079820900e+02 -1.6784e+00 +7.2942e-01 +2.0399e+00 +1.1203e+00 -4.0380e+00
19626 +2.014331935e-02 +2.014331935e-02 +7.079801433e+02 +7.079801433e+02 -1.6784e+00 +7.2941e-01 +2.0399e+00 +1.1202e+00 -4.0379e+00
19912 +1.989136534e-02 +1.989136534e-02 +7.079798914e+02 +7.079798914e+02 -1.6784e+00 +7.2945e-01 +2.0399e+00 +1.1202e+00 -4.0380e+00
20185 +1.949706325e-02 +1.949706325e-02 +7.079794971e+02 +7.079794971e+02 -1.6784e+00 +7.2942e-01 +2.0399e+00 +1.1202e+00 -4.0380e+00
% function evaluation | noise-free fitness - Fopt (1.118000000000e+01) | best noise-free fitness - Fopt | measured fitness | best measured fitness | x1 | x2...
1 +3.666151005e+07 +3.666151005e+07 +3.666152123e+07 +3.666152123e+07 +0.0000e+00 +0.0000e+00 +0.0000e+00 +0.0000e+00 +0.0000e+00
31 +3.499448443e+07 +3.499448443e+07 +3.499449561e+07 +3.499449561e+07 -1.0088e+00 -5.6741e-01 -2.6432e+00 -6.0122e-01 -4.1850e+00
53 +3.450384960e+07 +3.450384960e+07 +3.450386078e+07 +3.450386078e+07 -7.7473e-01 -7.4414e-01 -2.7295e+00 -5.9505e-01 -4.2004e+00
62 +3.336512825e+07 +3.336512825e+07 +3.336513943e+07 +3.336513943e+07 -7.8507e-01 -5.9765e-01 -2.6273e+00 -2.6186e-01 -4.3078e+00
64 +3.237048375e+07 +3.237048375e+07 +3.237049493e+07 +3.237049493e+07 -9.9322e-01 -4.4258e-01 -2.5006e+00 -2.9687e-01 -4.1163e+00
68 +2.765488889e+07 +2.765488889e+07 +2.765490007e+07 +2.765490007e+07 -7.4877e-01 -7.1490e-01 -2.0883e+00 -5.4904e-01 -4.2426e+00
90 +2.651423017e+07 +2.651423017e+07 +2.651424135e+07 +2.651424135e+07 -9.3455e-01 -8.2168e-01 -2.1882e+00 -2.8601e-02 -4.2417e+00
95 +2.361071886e+07 +2.361071886e+07 +2.361073004e+07 +2.361073004e+07 -4.6253e-01 -1.0439e+00 -1.7620e+00 -4.2517e-01 -4.2752e+00
100 +2.094024944e+07 +2.094024944e+07 +2.094026062e+07 +2.094026062e+07 -1.1787e+00 -9.0579e-01 -1.5109e+00 -8.9873e-01 -3.9104e+00
113 +1.825970575e+07 +1.825970575e+07 +1.825971693e+07 +1.825971693e+07 -1.0193e+00 -8.6538e-01 -1.0808e+00 -7.2846e-02 -3.9810e+00
120 +1.680415751e+07 +1.680415751e+07 +1.680416869e+07 +1.680416869e+07 -8.1268e-01 -8.8617e-01 -4.9721e-01 -2.4609e-02 -3.9631e+00
122 +1.613068174e+07 +1.613068174e+07 +1.613069292e+07 +1.613069292e+07 -7.4114e-01 -1.1434e+00 -5.0444e-01 -1.1045e-01 -4.0490e+00
134 +1.320448508e+07 +1.320448508e+07 +1.320449626e+07 +1.320449626e+07 -1.8860e+00 -1.7852e+00 -7.7920e-01 -1.2419e+00 -3.7571e+00
147 +4.685284705e+06 +4.685284705e+06 +4.685295885e+06 +4.685295885e+06 -1.2621e+00 -2.3083e+00 +7.5607e-01 +3.8782e-01 -2.7711e+00
197 +4.074039150e+06 +4.074039150e+06 +4.074050330e+06 +4.074050330e+06 -2.2317e+00 -3.3920e+00 -7.9523e-01 +4.3924e-01 -2.5340e+00
211 +1.645514939e+06 +1.645514939e+06 +1.645526119e+06 +1.645526119e+06 -1.6474e+00 -3.3880e+00 -3.3374e-01 -4.9839e-01 -2.1902e+00
281 +1.018115981e+06 +1.018115981e+06 +1.018127161e+06 +1.018127161e+06 -9.7525e-01 -4.6023e+00 +9.2269e-01 -8.8241e-01 -1.1427e+00
286 +3.980891358e+05 +3.980891358e+05 +3.981003158e+05 +3.981003158e+05 -8.3246e-01 -3.4126e+00 +1.5367e-01 -2.1023e-01 -1.3659e+00
308 +3.025906259e+05 +3.025906259e+05 +3.026018059e+05 +3.026018059e+05 -1.8083e+00 -3.0639e+00 +7.1213e-01 -1.9758e-01 -1.2422e+00
439 +2.072031259e+05 +2.072031259e+05 +2.072143059e+05 +2.072143059e+05 -5.0029e+00 -2.4845e+00 +1.5199e+00 +2.0350e-01 -1.5286e+00
462 +1.763180879e+05 +1.763180879e+05 +1.763292679e+05 +1.763292679e+05 -3.2195e+00 -3.2873e+00 +1.1343e+00 -2.2632e-02 -1.3512e+00
484 +1.152907614e+05 +1.152907614e+05 +1.153019414e+05 +1.153019414e+05 -2.6492e+00 -3.3025e+00 +8.0984e-01 -1.7159e-01 -1.1891e+00
510 +2.454132145e+04 +2.454132145e+04 +2.455250145e+04 +2.455250145e+04 -2.4843e+00 -3.2813e+00 +8.3149e-01 -2.7593e-01 -1.3491e+00
616 +1.459425748e+04 +1.459425748e+04 +1.460543748e+04 +1.460543748e+04 -1.9986e+00 -3.6162e+00 +5.9687e-01 -2.5590e-01 -1.3121e+00
704 +6.800227785e+03 +6.800227785e+03 +6.811407785e+03 +6.811407785e+03 -2.2834e+00 -3.4012e+00 +7.2669e-01 -3.1476e-01 -1.4352e+00
726 +6.472226519e+03 +6.472226519e+03 +6.483406519e+03 +6.483406519e+03 -2.4831e+00 -3.3909e+00 +7.8462e-01 -4.0331e-01 -1.3768e+00
792 +5.275740612e+03 +5.275740612e+03 +5.286920612e+03 +5.286920612e+03 -2.0839e+00 -3.4640e+00 +7.5378e-01 -3.7560e-01 -1.3858e+00
814 +3.071673127e+03 +3.071673127e+03 +3.082853127e+03 +3.082853127e+03 -1.9868e+00 -3.5216e+00 +6.5696e-01 -4.2089e-01 -1.3384e+00
880 +1.869673371e+03 +1.869673371e+03 +1.880853371e+03 +1.880853371e+03 -1.9944e+00 -3.5553e+00 +6.5085e-01 -4.0212e-01 -1.3758e+00
902 +1.577488658e+03 +1.577488658e+03 +1.588668658e+03 +1.588668658e+03 -1.9274e+00 -3.5481e+00 +6.6382e-01 -3.8635e-01 -1.3391e+00
924 +7.812018563e+02 +7.812018563e+02 +7.923818563e+02 +7.923818563e+02 -1.9313e+00 -3.5710e+00 +6.5398e-01 -3.8568e-01 -1.3117e+00
1012 +1.172455414e+02 +1.172455414e+02 +1.284255414e+02 +1.284255414e+02 -1.8974e+00 -3.5879e+00 +6.1654e-01 -3.6366e-01 -1.3208e+00
1056 +9.679333330e+01 +9.679333330e+01 +1.079733333e+02 +1.079733333e+02 -1.8685e+00 -3.6021e+00 +6.2663e-01 -3.6830e-01 -1.3165e+00
1078 +8.898928537e+01 +8.898928537e+01 +1.001692854e+02 +1.001692854e+02 -1.8744e+00 -3.6066e+00 +6.2461e-01 -3.6797e-01 -1.3216e+00
1100 +7.071413829e+01 +7.071413829e+01 +8.189413829e+01 +8.189413829e+01 -1.8882e+00 -3.5912e+00 +6.1835e-01 -3.6560e-01 -1.3218e+00
1122 +6.362499503e+01 +6.362499503e+01 +7.480499503e+01 +7.480499503e+01 -1.9060e+00 -3.5911e+00 +6.3022e-01 -3.6040e-01 -1.3228e+00
1210 +5.242986764e+01 +5.242986764e+01 +6.360986764e+01 +6.360986764e+01 -1.8949e+00 -3.5911e+00 +6.2377e-01 -3.6898e-01 -1.3262e+00
1232 +4.266767609e+01 +4.266767609e+01 +5.384767609e+01 +5.384767609e+01 -1.9111e+00 -3.5857e+00 +6.3171e-01 -3.6606e-01 -1.3185e+00
1254 +2.294163575e+01 +2.294163575e+01 +3.412163575e+01 +3.412163575e+01 -1.9081e+00 -3.5893e+00 +6.3272e-01 -3.6744e-01 -1.3268e+00
1276 +2.103607344e+01 +2.103607344e+01 +3.221607344e+01 +3.221607344e+01 -1.9163e+00 -3.5882e+00 +6.3493e-01 -3.6971e-01 -1.3211e+00
1360 +7.683713365e+00 +7.683713365e+00 +1.886371337e+01 +1.886371337e+01 -1.9081e+00 -3.5890e+00 +6.2798e-01 -3.6707e-01 -1.3213e+00
1402 +4.028364125e+00 +4.028364125e+00 +1.520836412e+01 +1.520836412e+01 -1.9195e+00 -3.5849e+00 +6.3217e-01 -3.7133e-01 -1.3241e+00
1430 +3.585550308e+00 +3.585550308e+00 +1.476555031e+01 +1.476555031e+01 -1.9007e+00 -3.5918e+00 +6.2692e-01 -3.6979e-01 -1.3227e+00
1496 +2.018464494e+00 +2.018464494e+00 +1.319846449e+01 +1.319846449e+01 -1.8985e+00 -3.5936e+00 +6.2527e-01 -3.6933e-01 -1.3190e+00
1577 +1.772654289e+00 +1.772654289e+00 +1.295265429e+01 +1.295265429e+01 -1.9011e+00 -3.5913e+00 +6.2708e-01 -3.7014e-01 -1.3210e+00
1628 +1.487486234e+00 +1.487486234e+00 +1.266748623e+01 +1.266748623e+01 -1.9046e+00 -3.5918e+00 +6.2727e-01 -3.7003e-01 -1.3215e+00
1694 +1.187638882e+00 +1.187638882e+00 +1.236763888e+01 +1.236763888e+01 -1.9027e+00 -3.5927e+00 +6.2742e-01 -3.6925e-01 -1.3213e+00
1716 +5.166243622e-01 +5.166243622e-01 +1.169662436e+01 +1.169662436e+01 -1.9011e+00 -3.5923e+00 +6.2707e-01 -3.6912e-01 -1.3211e+00
1782 +4.686953883e-01 +4.686953883e-01 +1.164869539e+01 +1.164869539e+01 -1.9008e+00 -3.5923e+00 +6.2667e-01 -3.6923e-01 -1.3212e+00
1826 +4.659772577e-01 +4.659772577e-01 +1.164597726e+01 +1.164597726e+01 -1.9017e+00 -3.5922e+00 +6.2668e-01 -3.6933e-01 -1.3208e+00
1892 +4.168728513e-01 +4.168728513e-01 +1.159687285e+01 +1.159687285e+01 -1.9007e+00 -3.5924e+00 +6.2625e-01 -3.6937e-01 -1.3208e+00
1980 +3.876076773e-01 +3.876076773e-01 +1.156760768e+01 +1.156760768e+01 -1.9006e+00 -3.5925e+00 +6.2640e-01 -3.6931e-01 -1.3210e+00
2024 +3.782161103e-01 +3.782161103e-01 +1.155821611e+01 +1.155821611e+01 -1.9000e+00 -3.5927e+00 +6.2627e-01 -3.6922e-01 -1.3207e+00
2195 +3.697797206e-01 +3.697797206e-01 +1.154977972e+01 +1.154977972e+01 -1.8998e+00 -3.5929e+00 +6.2615e-01 -3.6928e-01 -1.3207e+00
% function evaluation | noise-free fitness - Fopt (1.818000000000e+01) | best noise-free fitness - Fopt | measured fitness | best measured fitness | x1 | x2...
1 +2.456697174e+07 +2.456697174e+07 +2.456698992e+07 +2.456698992e+07 +0.0000e+00 +0.0000e+00 +0.0000e+00 +0.0000e+00 +0.0000e+00
188 +1.228081991e+07 +1.228081991e+07 +1.228083809e+07 +1.228083809e+07 +1.1007e+00 +2.1557e+00 -9.6719e-01 +1.1505e+00 +1.5431e+00
234 +1.097782803e+07 +1.097782803e+07 +1.097784621e+07 +1.097784621e+07 +4.7097e+00 -3.6965e-01 -3.9163e-01 +1.7381e+00 +1.1695e-01
286 +1.073495040e+07 +1.073495040e+07 +1.073496858e+07 +1.073496858e+07 +1.3787e+00 -6.3107e-01 -1.2956e+00 +3.0933e-01 +1.0933e+00
294 +1.035824056e+07 +1.035824056e+07 +1.035825874e+07 +1.035825874e+07 +1.7686e+00 -1.6213e+00 -5.5268e-01 +5.7717e-01 +1.1200e+00
308 +9.979215625e+06 +9.979215625e+06 +9.979233805e+06 +9.979233805e+06 +1.5483e+00 +2.3634e-02 -6.1081e-01 +8.0787e-01 +6.3110e-01
339 +8.498782345e+06 +8.498782345e+06 +8.498800525e+06 +8.498800525e+06 +1.8018e+00 -1.7239e+00 +4.8587e-01 +3.4801e+00 +3.5299e+00
352 +4.996367625e+06 +4.996367625e+06 +4.996385805e+06 +4.996385805e+06 +2.1530e+00 -1.2423e+00 +8.1717e-01 +8.1819e-01 +2.5146e+00
374 +2.110558742e+06 +2.110558742e+06 +2.110576922e+06 +2.110576922e+06 +3.9493e+00 -1.7303e+00 -5.6061e-01 +1.5532e+00 +3.3901e+00
413 +1.455754286e+06 +1.455754286e+06 +1.455772466e+06 +1.455772466e+06 +2.8899e+00 -1.2336e+00 +2.9710e-01 +6.1160e-01 +4.3692e+00
440 +6.440868448e+05 +6.440868448e+05 +6.441050248e+05 +6.441050248e+05 +3.2521e+00 -1.1007e+00 -8.1737e-01 +2.1981e+00 +2.7564e+00
506 +6.144970731e+05 +6.144970731e+05 +6.145152531e+05 +6.145152531e+05 +3.4599e+00 -1.0930e+00 +2.8248e-01 +1.9203e+00 +3.1263e+00
516 +4.185820288e+05 +4.185820288e+05 +4.186002088e+05 +4.186002088e+05 +3.2411e+00 -1.8899e-01 +4.5606e-01 +1.5644e+00 +3.8635e+00
528 +1.125647144e+05 +1.125647144e+05 +1.125828944e+05 +1.125828944e+05 +3.4205e+00 -7.6842e-01 -3.6652e-01 +2.0990e+00 +3.2832e+00
594 +4.279183244e+04 +4.279183244e+04 +4.281001244e+04 +4.281001244e+04 +3.0868e+00 -5.0488e-01 -3.4973e-01 +2.0445e+00 +3.5712e+00
638 +5.184202631e+03 +5.184202631e+03 +5.202382631e+03 +5.202382631e+03 +3.2339e+00 -4.9961e-01 -2.6387e-01 +2.1432e+00 +3.4824e+00
770 +2.904646629e+03 +2.904646629e+03 +2.922826629e+03 +2.922826629e+03 +3.2654e+00 -6.2264e-01 -2.8700e-01 +2.1517e+00 +3.4714e+00
880 +2.694728845e+03 +2.694728845e+03 +2.712908845e+03 +2.712908845e+03 +3.2760e+00 -5.7706e-01 -2.7237e-01 +2.1459e+00 +3.5276e+00
922 +2.244827809e+03 +2.244827809e+03 +2.263007809e+03 +2.263007809e+03 +3.2095e+00 -5.5303e-01 -3.0415e-01 +2.1054e+00 +3.4915e+00
924 +5.643593119e+02 +5.643593119e+02 +5.825393119e+02 +5.825393119e+02 +3.2461e+00 -5.9522e-01 -2.7060e-01 +2.1410e+00 +3.5046e+00
946 +2.609974251e+02 +2.609974251e+02 +2.791774251e+02 +2.791774251e+02 +3.2302e+00 -5.8106e-01 -2.4175e-01 +2.1245e+00 +3.5060e+00
1232 +2.339485353e+02 +2.339485353e+02 +2.521285353e+02 +2.521285353e+02 +3.2316e+00 -6.0252e-01 -2.4547e-01 +2.1143e+00 +3.4986e+00
1254 +1.030187256e+02 +1.030187256e+02 +1.211987256e+02 +1.211987256e+02 +3.2472e+00 -6.0057e-01 -2.3523e-01 +2.1145e+00 +3.5066e+00
1276 +9.681712620e+01 +9.681712620e+01 +1.149971262e+02 +1.149971262e+02 +3.2360e+00 -5.9401e-01 -2.4026e-01 +2.1203e+00 +3.4977e+00
1320 +7.687247062e+01 +7.687247062e+01 +9.505247062e+01 +9.505247062e+01 +3.2371e+00 -6.0007e-01 -2.4165e-01 +2.1148e+00 +3.5055e+00
1364 +6.525012861e+01 +6.525012861e+01 +8.343012861e+01 +8.343012861e+01 +3.2369e+00 -5.8770e-01 -2.4594e-01 +2.1131e+00 +3.5039e+00
1408 +5.135620417e+01 +5.135620417e+01 +6.953620417e+01 +6.953620417e+01 +3.2422e+00 -5.8873e-01 -2.4783e-01 +2.1173e+00 +3.5048e+00
1442 +4.584624538e+01 +4.584624538e+01 +6.402624538e+01 +6.402624538e+01 +3.2410e+00 -5.9955e-01 -2.3662e-01 +2.1193e+00 +3.5087e+00
1452 +3.754689750e+01 +3.754689750e+01 +5.572689750e+01 +5.572689750e+01 +3.2345e+00 -5.9127e-01 -2.4788e-01 +2.1238e+00 +3.5024e+00
1474 +3.090168352e+01 +3.090168352e+01 +4.908168352e+01 +4.908168352e+01 +3.2392e+00 -5.9307e-01 -2.4437e-01 +2.1224e+00 +3.5071e+00
1496 +2.903548458e+01 +2.903548458e+01 +4.721548458e+01 +4.721548458e+01 +3.2387e+00 -5.9344e-01 -2.4649e-01 +2.1213e+00 +3.5065e+00
1528 +2.617952413e+01 +2.617952413e+01 +4.435952413e+01 +4.435952413e+01 +3.2366e+00 -5.9295e-01 -2.4710e-01 +2.1197e+00 +3.5035e+00
1549 +2.492995101e+01 +2.492995101e+01 +4.310995101e+01 +4.310995101e+01 +3.2384e+00 -5.9291e-01 -2.4166e-01 +2.1178e+00 +3.5054e+00
1575 +2.358869722e+01 +2.358869722e+01 +4.176869722e+01 +4.176869722e+01 +3.2419e+00 -5.9480e-01 -2.3763e-01 +2.1166e+00 +3.5118e+00
1628 +2.132924288e+01 +2.132924288e+01 +3.950924288e+01 +3.950924288e+01 +3.2408e+00 -5.9462e-01 -2.3987e-01 +2.1176e+00 +3.5094e+00
1804 +2.077157628e+01 +2.077157628e+01 +3.895157628e+01 +3.895157628e+01 +3.2416e+00 -5.9606e-01 -2.3587e-01 +2.1137e+00 +3.5123e+00
45828 +2.041722233e+01 +2.041722233e+01 +3.859722233e+01 +3.859722233e+01 +3.2391e+00 -5.9285e-01 -2.4478e-01 +2.1196e+00 +3.5046e+00
199122 +1.995261313e+01 +1.995261313e+01 +3.813261313e+01 +3.813261313e+01 +3.2297e+00 -5.8061e-01 -2.7882e-01 +2.1398e+00 +3.4752e+00
353137 +1.949837967e+01 +1.949837967e+01 +3.767837967e+01 +3.767837967e+01 +3.2203e+00 -5.6850e-01 -3.1249e-01 +2.1599e+00 +3.4461e+00
506288 +1.905449422e+01 +1.905449422e+01 +3.723449422e+01 +3.723449422e+01 +3.2110e+00 -5.5654e-01 -3.4576e-01 +2.1797e+00 +3.4173e+00
656534 +1.862059202e+01 +1.862059202e+01 +3.680059202e+01 +3.680059202e+01 +3.2018e+00 -5.4472e-01 -3.7865e-01 +2.1992e+00 +3.3888e+00
809732 +1.819700662e+01 +1.819700662e+01 +3.637700662e+01 +3.637700662e+01 +3.1928e+00 -5.3302e-01 -4.1114e-01 +2.2185e+00 +3.3607e+00
966912 +1.778271770e+01 +1.778271770e+01 +3.596271770e+01 +3.596271770e+01 +3.1838e+00 -5.2147e-01 -4.4330e-01 +2.2377e+00 +3.3329e+00
% function evaluation | noise-free fitness - Fopt (1.089300000000e+02) | best noise-free fitness - Fopt | measured fitness | best measured fitness | x1 | x2...
1 +4.297618610e+07 +4.297618610e+07 +4.297629503e+07 +4.297629503e+07 +0.0000e+00 +0.0000e+00 +0.0000e+00 +0.0000e+00 +0.0000e+00
2 +2.067497365e+07 +2.067497365e+07 +2.067508258e+07 +2.067508258e+07 +2.0097e+00 -2.2088e+00 +4.5481e+00 +3.1619e+00 +1.2573e+00
3 +1.708278073e+07 +1.708278073e+07 +1.708288966e+07 +1.708288966e+07 +2.0594e+00 -2.1940e+00 +4.4898e+00 +2.9581e+00 +1.2308e+00
4 +1.643996200e+07 +1.643996200e+07 +1.644007093e+07 +1.644007093e+07 +2.1023e+00 -2.3078e+00 +4.4465e+00 +3.0248e+00 +1.2046e+00
6 +1.461636577e+07 +1.461636577e+07 +1.461647470e+07 +1.461647470e+07 +2.1865e+00 -2.3642e+00 +4.5448e+00 +2.8808e+00 +1.1560e+00
24 +1.099722559e+07 +1.099722559e+07 +1.099733452e+07 +1.099733452e+07 +2.3738e+00 -2.2175e+00 +4.4318e+00 +2.7465e+00 +1.2348e+00
31 +1.027673737e+07 +1.027673737e+07 +1.027684630e+07 +1.027684630e+07 +2.3732e+00 -2.4779e+00 +4.4716e+00 +2.6342e+00 +1.1975e+00
50 +1.022890056e+07 +1.022890056e+07 +1.022900949e+07 +1.022900949e+07 +2.3901e+00 -2.3805e+00 +4.3103e+00 +2.7758e+00 +1.3065e+00
51 +8.790547231e+06 +8.790547231e+06 +8.790656161e+06 +8.790656161e+06 +2.5167e+00 -2.2784e+00 +4.0098e+00 +2.9993e+00 +1.2820e+00
58 +5.547039747e+06 +5.547039747e+06 +5.547148677e+06 +5.547148677e+06 +2.8937e+00 -2.4733e+00 +4.3123e+00 +2.6877e+00 +9.2269e-01
72 +2.101313917e+06 +2.101313917e+06 +2.101422847e+06 +2.101422847e+06 +3.2503e+00 -2.5581e+00 +3.3918e+00 +2.2282e+00 +1.6563e+00
95 +2.182525506e+05 +2.182525506e+05 +2.183614806e+05 +2.183614806e+05 +4.8340e+00 -1.5218e+00 +3.9053e+00 +2.8406e+00 +2.5406e+00
198 +1.837489583e+05 +1.837489583e+05 +1.838578883e+05 +1.838578883e+05 +4.3842e+00 -1.6189e+00 +3.7469e+00 +2.4383e+00 +1.8117e+00
220 +1.360434415e+05 +1.360434415e+05 +1.361523715e+05 +1.361523715e+05 +4.8315e+00 -1.8528e+00 +3.8538e+00 +2.5656e+00 +1.7783e+00
264 +1.257744691e+05 +1.257744691e+05 +1.258833991e+05 +1.258833991e+05 +4.7879e+00 -1.9464e+00 +3.5383e+00 +2.3764e+00 +1.9776e+00
304 +7.476880509e+04 +7.476880509e+04 +7.487773509e+04 +7.487773509e+04 +4.8037e+00 -1.8309e+00 +3.3538e+00 +2.4417e+00 +1.5489e+00
308 +4.883842624e+04 +4.883842624e+04 +4.894735624e+04 +4.894735624e+04 +4.7574e+00 -1.9044e+00 +3.5902e+00 +2.4228e+00 +1.8016e+00
330 +1.591136766e+04 +1.591136766e+04 +1.602029766e+04 +1.602029766e+04 +4.6338e+00 -1.6345e+00 +3.6284e+00 +2.4434e+00 +1.7465e+00
374 +7.071111143e+03 +7.071111143e+03 +7.180041143e+03 +7.180041143e+03 +4.8052e+00 -1.6084e+00 +3.6290e+00 +2.4419e+00 +1.8040e+00
484 +4.685838070e+03 +4.685838070e+03 +4.794768070e+03 +4.794768070e+03 +4.7615e+00 -1.7185e+00 +3.5600e+00 +2.4017e+00 +1.7649e+00
572 +4.738355055e+02 +4.738355055e+02 +5.827655055e+02 +5.827655055e+02 +4.7766e+00 -1.6576e+00 +3.6223e+00 +2.4722e+00 +1.8338e+00
858 +4.214985758e+02 +4.214985758e+02 +5.304285758e+02 +5.304285758e+02 +4.7898e+00 -1.6657e+00 +3.6193e+00 +2.4658e+00 +1.8411e+00
880 +3.945177863e+02 +3.945177863e+02 +5.034477863e+02 +5.034477863e+02 +4.7770e+00 -1.6579e+00 +3.6243e+00 +2.4705e+00 +1.8339e+00
902 +2.994365079e+02 +2.994365079e+02 +4.083665079e+02 +4.083665079e+02 +4.7822e+00 -1.6576e+00 +3.6398e+00 +2.4712e+00 +1.8430e+00
924 +1.425117288e+02 +1.425117288e+02 +2.514417288e+02 +2.514417288e+02 +4.7874e+00 -1.6778e+00 +3.6280e+00 +2.4764e+00 +1.8379e+00
946 +1.105521309e+02 +1.105521309e+02 +2.194821309e+02 +2.194821309e+02 +4.7703e+00 -1.6800e+00 +3.6188e+00 +2.4702e+00 +1.8237e+00
1034 +1.008338156e+02 +1.008338156e+02 +2.097638156e+02 +2.097638156e+02 +4.7577e+00 -1.6869e+00 +3.6095e+00 +2.4536e+00 +1.7859e+00
1100 +9.625641713e+01 +9.625641713e+01 +2.051864171e+02 +2.051864171e+02 +4.7525e+00 -1.6902e+00 +3.6071e+00 +2.4535e+00 +1.7892e+00
1122 +6.063204693e+01 +6.063204693e+01 +1.695620469e+02 +1.695620469e+02 +4.7515e+00 -1.6911e+00 +3.6018e+00 +2.4523e+00 +1.7789e+00
1188 +4.529977533e+01 +4.529977533e+01 +1.542297753e+02 +1.542297753e+02 +4.7477e+00 -1.6883e+00 +3.5948e+00 +2.4518e+00 +1.7683e+00
1210 +3.469566775e+01 +3.469566775e+01 +1.436256678e+02 +1.436256678e+02 +4.7433e+00 -1.6886e+00 +3.5994e+00 +2.4570e+00 +1.7718e+00
1293 +3.090240987e+01 +3.090240987e+01 +1.398324099e+02 +1.398324099e+02 +4.7400e+00 -1.6911e+00 +3.5915e+00 +2.4512e+00 +1.7628e+00
1298 +2.912522910e+01 +2.912522910e+01 +1.380552291e+02 +1.380552291e+02 +4.7435e+00 -1.6902e+00 +3.5966e+00 +2.4522e+00 +1.7649e+00
1320 +2.548410426e+01 +2.548410426e+01 +1.344141043e+02 +1.344141043e+02 +4.7432e+00 -1.6898e+00 +3.5966e+00 +2.4524e+00 +1.7655e+00
1408 +2.384228285e+01 +2.384228285e+01 +1.327722828e+02 +1.327722828e+02 +4.7436e+00 -1.6893e+00 +3.5967e+00 +2.4520e+00 +1.7684e+00
1474 +2.330494455e+01 +2.330494455e+01 +1.322349445e+02 +1.322349445e+02 +4.7432e+00 -1.6904e+00 +3.5955e+00 +2.4524e+00 +1.7669e+00
1584 +2.288604170e+01 +2.288604170e+01 +1.318160417e+02 +1.318160417e+02 +4.7428e+00 -1.6891e+00 +3.5954e+00 +2.4527e+00 +1.7672e+00
1601 +2.209236869e+01 +2.209236869e+01 +1.310223687e+02 +1.310223687e+02 +4.7435e+00 -1.6890e+00 +3.5962e+00 +2.4527e+00 +1.7675e+00
1694 +2.184599621e+01 +2.184599621e+01 +1.307759962e+02 +1.307759962e+02 +4.7428e+00 -1.6896e+00 +3.5956e+00 +2.4528e+00 +1.7663e+00
116962 +2.137957703e+01 +2.137957703e+01 +1.303095770e+02 +1.303095770e+02 +4.7301e+00 -1.6944e+00 +3.5848e+00 +2.4471e+00 +1.7442e+00
321860 +2.089295757e+01 +2.089295757e+01 +1.298229576e+02 +1.298229576e+02 +4.7076e+00 -1.7032e+00 +3.5647e+00 +2.4368e+00 +1.7040e+00
% function evaluation | noise-free fitness - Fopt (1.966000000000e+01) | best noise-free fitness - Fopt | measured fitness | best measured fitness | x1 | x2...
1 +5.144350768e+07 +5.144350768e+07 +5.144352734e+07 +5.144352734e+07 +0.0000e+00 +0.0000e+00 +0.0000e+00 +0.0000e+00 +0.0000e+00
2 +3.944595176e+07 +3.944595176e+07 +3.944597142e+07 +3.944597142e+07 +1.8612e+00 -9.2025e-01 -3.5700e+00 -4.7667e+00 -1.7273e+00
3 +3.687316463e+07 +3.687316463e+07 +3.687318429e+07 +3.687318429e+07 +1.9065e+00 -9.4709e-01 -3.3937e+00 -4.7519e+00 -1.8218e+00
9 +3.610191124e+07 +3.610191124e+07 +3.610193090e+07 +3.610193090e+07 +1.9121e+00 -7.3608e-01 -3.3143e+00 -4.5989e+00 -1.8919e+00
16 +3.309440173e+07 +3.309440173e+07 +3.309442139e+07 +3.309442139e+07 +1.8918e+00 -9.2395e-01 -3.2255e+00 -4.7046e+00 -1.6533e+00
27 +3.141831214e+07 +3.141831214e+07 +3.141833180e+07 +3.141833180e+07 +1.6731e+00 -9.2810e-01 -2.9482e+00 -4.6927e+00 -1.8414e+00
32 +3.068913096e+07 +3.068913096e+07 +3.068915062e+07 +3.068915062e+07 +1.6840e+00 -9.0511e-01 -3.0321e+00 -4.5046e+00 -1.7397e+00
49 +2.695581353e+07 +2.695581353e+07 +2.695583319e+07 +2.695583319e+07 +1.9113e+00 -8.0360e-01 -2.7624e+00 -4.5514e+00 -1.5907e+00
72 +2.578687797e+07 +2.578687797e+07 +2.578689763e+07 +2.578689763e+07 +1.7583e+00 -3.8493e-01 -2.2150e+00 -4.7372e+00 -1.4535e+00
77 +2.333523792e+07 +2.333523792e+07 +2.333525758e+07 +2.333525758e+07 +1.7122e+00 -1.0955e+00 -2.1747e+00 -4.7467e+00 -1.6987e+00
83 +2.093381395e+07 +2.093381395e+07 +2.093383361e+07 +2.093383361e+07 +1.4119e+00 -5.5731e-01 -1.6121e+00 -4.3627e+00 -1.3963e+00
93 +2.062412372e+07 +2.062412372e+07 +2.062414338e+07 +2.062414338e+07 +1.3741e+00 -6.3406e-01 -1.3545e+00 -4.3812e+00 -1.5073e+00
104 +1.765337032e+07 +1.765337032e+07 +1.765338998e+07 +1.765338998e+07 +1.7303e+00 -1.1841e+00 -8.6079e-01 -4.9150e+00 -1.1879e+00
108 +1.620958348e+07 +1.620958348e+07 +1.620960314e+07 +1.620960314e+07 +1.3730e+00 -9.5384e-01 -1.2502e+00 -4.0373e+00 -1.4508e+00
115 +9.678373165e+06 +9.678373165e+06 +9.678392825e+06 +9.678392825e+06 +2.0189e+00 -1.4771e+00 -4.9405e-01 -3.9399e+00 -1.0592e+00
136 +3.950663224e+06 +3.950663224e+06 +3.950682884e+06 +3.950682884e+06 +3.4761e+00 -1.4577e+00 -6.6145e-01 -2.7307e+00 -7.2511e-01
157 +3.311882131e+06 +3.311882131e+06 +3.311901791e+06 +3.311901791e+06 +4.5970e-01 -3.6753e+00 +2.0704e-01 -2.9092e+00 +1.0582e+00
176 +2.034423048e+06 +2.034423048e+06 +2.034442708e+06 +2.034442708e+06 +2.1218e+00 -2.4886e+00 +3.4935e-01 -2.7619e+00 +2.5447e-01
198 +1.902961103e+06 +1.902961103e+06 +1.902980763e+06 +1.902980763e+06 +2.1402e+00 -3.3904e+00 +5.5006e-01 -2.1942e+00 +7.6153e-01
200 +1.158552388e+06 +1.158552388e+06 +1.158572048e+06 +1.158572048e+06 +1.4433e+00 -1.9762e+00 -1.9495e-01 -2.2864e+00 +9.0894e-01
242 +3.144647977e+05 +3.144647977e+05 +3.144844577e+05 +3.144844577e+05 +2.6540e+00 -2.3630e+00 +1.7546e-01 -1.0042e+00 +7.1203e-01
330 +2.893963312e+05 +2.893963312e+05 +2.894159912e+05 +2.894159912e+05 +1.9643e+00 -2.2563e+00 +1.5422e-01 -9.5178e-01 +4.5905e-01
396 +4.622100090e+04 +4.622100090e+04 +4.624066090e+04 +4.624066090e+04 +2.5233e+00 -2.5278e+00 +1.8946e-01 -1.4895e+00 +4.6262e-01
638 +3.933687408e+04 +3.933687408e+04 +3.935653408e+04 +3.935653408e+04 +2.5442e+00 -2.4239e+00 +1.1718e-01 -1.5699e+00 +4.6005e-01
660 +3.164371559e+04 +3.164371559e+04 +3.166337559e+04 +3.166337559e+04 +2.4008e+00 -2.3174e+00 +9.5283e-02 -1.3188e+00 +5.1101e-01
682 +2.088236984e+04 +2.088236984e+04 +2.090202984e+04 +2.090202984e+04 +2.5600e+00 -2.4060e+00 +2.8903e-01 -1.3652e+00 +4.2781e-01
814 +3.998446746e+03 +3.998446746e+03 +4.018106746e+03 +4.018106746e+03 +2.7383e+00 -2.2528e+00 +3.0375e-01 -1.4727e+00 +3.2171e-01
949 +1.867064352e+03 +1.867064352e+03 +1.886724352e+03 +1.886724352e+03 +2.7181e+00 -2.3089e+00 +2.5681e-01 -1.4643e+00 +3.0547e-01
958 +1.246021647e+03 +1.246021647e+03 +1.265681647e+03 +1.265681647e+03 +2.6634e+00 -2.3093e+00 +2.5927e-01 -1.4408e+00 +3.2966e-01
990 +1.019205236e+03 +1.019205236e+03 +1.038865236e+03 +1.038865236e+03 +2.6155e+00 -2.2849e+00 +2.3824e-01 -1.4670e+00 +3.5573e-01
1078 +6.940380254e+02 +6.940380254e+02 +7.136980254e+02 +7.136980254e+02 +2.5856e+00 -2.3228e+00 +2.1724e-01 -1.4281e+00 +3.9601e-01
1144 +2.970069998e+02 +2.970069998e+02 +3.166669998e+02 +3.166669998e+02 +2.5875e+00 -2.3193e+00 +2.2521e-01 -1.4349e+00 +3.7082e-01
1188 +1.588652745e+02 +1.588652745e+02 +1.785252745e+02 +1.785252745e+02 +2.6065e+00 -2.3166e+00 +2.2769e-01 -1.4444e+00 +3.7899e-01
1254 +1.499736096e+02 +1.499736096e+02 +1.696336096e+02 +1.696336096e+02 +2.5966e+00 -2.3090e+00 +2.2252e-01 -1.4481e+00 +3.8630e-01
1313 +1.372715474e+02 +1.372715474e+02 +1.569315474e+02 +1.569315474e+02 +2.5860e+00 -2.3062e+00 +2.3090e-01 -1.4375e+00 +3.7875e-01
1320 +1.133981995e+02 +1.133981995e+02 +1.330581995e+02 +1.330581995e+02 +2.5896e+00 -2.3092e+00 +2.2876e-01 -1.4402e+00 +3.8510e-01
1327 +1.046315146e+02 +1.046315146e+02 +1.242915146e+02 +1.242915146e+02 +2.5854e+00 -2.3105e+00 +2.2859e-01 -1.4370e+00 +3.7924e-01
1342 +8.884010142e+01 +8.884010142e+01 +1.085001014e+02 +1.085001014e+02 +2.5866e+00 -2.3108e+00 +2.2043e-01 -1.4419e+00 +3.8601e-01
1364 +5.703604497e+01 +5.703604497e+01 +7.669604497e+01 +7.669604497e+01 +2.5858e+00 -2.3135e+00 +2.2106e-01 -1.4440e+00 +3.7668e-01
1386 +3.937722351e+01 +3.937722351e+01 +5.903722351e+01 +5.903722351e+01 +2.5856e+00 -2.3142e+00 +2.2403e-01 -1.4435e+00 +3.7812e-01
1452 +2.930877742e+01 +2.930877742e+01 +4.896877742e+01 +4.896877742e+01 +2.5859e+00 -2.3108e+00 +2.2232e-01 -1.4451e+00 +3.8036e-01
1518 +2.709245312e+01 +2.709245312e+01 +4.675245312e+01 +4.675245312e+01 +2.5848e+00 -2.3098e+00 +2.2403e-01 -1.4457e+00 +3.8020e-01
1594 +2.550911238e+01 +2.550911238e+01 +4.516911238e+01 +4.516911238e+01 +2.5849e+00 -2.3109e+00 +2.2380e-01 -1.4438e+00 +3.7984e-01
1606 +2.509783100e+01 +2.509783100e+01 +4.475783100e+01 +4.475783100e+01 +2.5850e+00 -2.3109e+00 +2.2352e-01 -1.4444e+00 +3.7941e-01
1804 +2.447199774e+01 +2.447199774e+01 +4.413199774e+01 +4.413199774e+01 +2.5870e+00 -2.3108e+00 +2.2457e-01 -1.4451e+00 +3.7901e-01
42607 +2.398807229e+01 +2.398807229e+01 +4.364807229e+01 +4.364807229e+01 +2.5554e+00 -2.3173e+00 +2.1824e-01 -1.4433e+00 +3.8916e-01
108868 +2.344194758e+01 +2.344194758e+01 +4.310194758e+01 +4.310194758e+01 +2.5050e+00 -2.3281e+00 +2.0818e-01 -1.4408e+00 +4.0548e-01
176733 +2.290832195e+01 +2.290832195e+01 +4.256832195e+01 +4.256832195e+01 +2.4553e+00 -2.3388e+00 +1.9829e-01 -1.4383e+00 +4.2161e-01
245578 +2.238720543e+01 +2.238720543e+01 +4.204720543e+01 +4.204720543e+01 +2.4060e+00 -2.3494e+00 +1.8854e-01 -1.4359e+00 +4.3758e-01
313209 +2.187708795e+01 +2.187708795e+01 +4.153708795e+01 +4.153708795e+01 +2.3570e+00 -2.3599e+00 +1.7890e-01 -1.4336e+00 +4.5349e-01
378288 +2.137945673e+01 +2.137945673e+01 +4.103945673e+01 +4.103945673e+01 +2.3090e+00 -2.3702e+00 +1.6941e-01 -1.4313e+00 +4.6911e-01
447194 +2.089271163e+01 +2.089271163e+01 +4.055271163e+01 +4.055271163e+01 +2.2615e+00 -2.3805e+00 +1.6007e-01 -1.4290e+00 +4.8462e-01
511962 +2.041723874e+01 +2.041723874e+01 +4.007723874e+01 +4.007723874e+01 +2.2144e+00 -2.3906e+00 +1.5086e-01 -1.4268e+00 +4.9996e-01
575665 +1.995258124e+01 +1.995258124e+01 +3.961258124e+01 +3.961258124e+01 +2.1677e+00 -2.4006e+00 +1.4173e-01 -1.4247e+00 +5.1520e-01
641456 +1.949808409e+01 +1.949808409e+01 +3.915808409e+01 +3.915808409e+01 +2.1218e+00 -2.4105e+00 +1.3280e-01 -1.4225e+00 +5.3019e-01
708917 +1.905411730e+01 +1.905411730e+01 +3.871411730e+01 +3.871411730e+01 +2.0762e+00 -2.4204e+00 +1.2396e-01 -1.4204e+00 +5.4509e-01
% function evaluation | noise-free fitness - Fopt (-3.538000000000e+02) | best noise-free fitness - Fopt | measured fitness | best measured fitness | x1 | x2...
1 +8.569639124e+07 +8.569639124e+07 +8.569603744e+07 +8.569603744e+07 +0.0000e+00 +0.0000e+00 +0.0000e+00 +0.0000e+00 +0.0000e+00
120 +7.665549677e+07 +7.665549677e+07 +7.665514297e+07 +7.665514297e+07 +2.6882e+00 -4.5986e-01 -4.7324e+00 -3.0897e-01 +2.8320e+00
131 +6.644481914e+07 +6.644481914e+07 +6.644446534e+07 +6.644446534e+07 +2.4264e+00 +1.0145e-01 -5.1338e+00 -6.6452e-03 +3.1758e+00
139 +6.311580236e+07 +6.311580236e+07 +6.311544856e+07 +6.311544856e+07 +1.9909e+00 -4.2901e-01 -4.7657e+00 -8.9188e-01 +2.9512e+00
141 +5.239410703e+07 +5.239410703e+07 +5.239375323e+07 +5.239375323e+07 +2.2288e+00 +7.3624e-01 -4.5886e+00 -7.1285e-01 +3.1962e+00
146 +4.635667528e+07 +4.635667528e+07 +4.635632148e+07 +4.635632148e+07 +1.5685e+00 -7.2395e-02 -4.9532e+00 -5.4139e-01 +2.6376e+00
162 +2.699494134e+07 +2.699494134e+07 +2.699458754e+07 +2.699458754e+07 -1.1144e-02 +6.9070e-01 -5.2597e+00 +7.0386e-01 +2.8459e+00
181 +9.620858074e+06 +9.620858074e+06 +9.620504274e+06 +9.620504274e+06 -6.0425e-01 +1.0641e+00 -3.7746e+00 -8.3328e-01 +2.4261e+00
185 +4.818158949e+06 +4.818158949e+06 +4.817805149e+06 +4.817805149e+06 -3.8244e+00 -9.5170e-01 -3.9751e+00 -2.2242e-01 +1.7557e+00
249 +2.111038110e+06 +2.111038110e+06 +2.110684310e+06 +2.110684310e+06 -3.0625e+00 +2.3276e-01 -3.7464e+00 -3.5093e-01 +1.1910e+00
264 +1.514236457e+06 +1.514236457e+06 +1.513882657e+06 +1.513882657e+06 -2.5432e+00 +1.1645e+00 -3.4952e+00 -8.0023e-01 +1.7587e+00
271 +4.526054304e+05 +4.526054304e+05 +4.522516304e+05 +4.522516304e+05 -2.2019e+00 +1.4822e+00 -3.1727e+00 -1.0401e+00 +5.7187e-01
286 +2.957722322e+05 +2.957722322e+05 +2.954184322e+05 +2.954184322e+05 -2.9176e+00 +1.3532e+00 -2.9585e+00 -1.3234e+00 +1.0046e+00
352 +1.991400824e+05 +1.991400824e+05 +1.987862824e+05 +1.987862824e+05 -2.9033e+00 +2.1011e+00 -2.6772e+00 -1.2697e+00 +6.4399e-01
484 +1.279469326e+05 +1.279469326e+05 +1.275931326e+05 +1.275931326e+05 -2.6431e+00 +1.7857e+00 -2.9819e+00 -1.1185e+00 +9.5811e-01
528 +5.257532840e+04 +5.257532840e+04 +5.222152840e+04 +5.222152840e+04 -2.5520e+00 +2.0596e+00 -2.9560e+00 -1.1923e+00 +5.0137e-01
550 +1.776043360e+04 +1.776043360e+04 +1.740663360e+04 +1.740663360e+04 -2.4750e+00 +2.1017e+00 -2.8568e+00 -1.2695e+00 +6.2454e-01
660 +1.239768008e+04 +1.239768008e+04 +1.204388008e+04 +1.204388008e+04 -2.6349e+00 +1.7280e+00 -2.5794e+00 -1.0655e+00 +7.6569e-01
682 +3.558918595e+03 +3.558918595e+03 +3.205118595e+03 +3.205118595e+03 -2.6156e+00 +1.7205e+00 -2.7478e+00 -1.0904e+00 +7.6758e-01
770 +1.718210432e+03 +1.718210432e+03 +1.364410432e+03 +1.364410432e+03 -2.6977e+00 +1.6375e+00 -2.6766e+00 -1.0414e+00 +7.5601e-01
902 +7.043122636e+02 +7.043122636e+02 +3.505122636e+02 +3.505122636e+02 -2.6166e+00 +1.7434e+00 -2.7087e+00 -1.0651e+00 +7.1351e-01
970 +6.282630341e+02 +6.282630341e+02 +2.744630341e+02 +2.744630341e+02 -2.5817e+00 +1.7452e+00 -2.7162e+00 -1.1033e+00 +7.2891e-01
1012 +4.993946527e+02 +4.993946527e+02 +1.455946527e+02 +1.455946527e+02 -2.6123e+00 +1.7469e+00 -2.7247e+00 -1.0827e+00 +7.2511e-01
1046 +1.800828470e+02 +1.800828470e+02 -1.737171530e+02 -1.737171530e+02 -2.6136e+00 +1.7252e+00 -2.7012e+00 -1.0652e+00 +7.3310e-01
1100 +1.231272638e+02 +1.231272638e+02 -2.306727362e+02 -2.306727362e+02 -2.6164e+00 +1.7415e+00 -2.7070e+00 -1.0768e+00 +7.3002e-01
1144 +5.559901607e+01 +5.559901607e+01 -2.982009839e+02 -2.982009839e+02 -2.6109e+00 +1.7298e+00 -2.7020e+00 -1.0781e+00 +7.2680e-01
1166 +3.562693087e+01 +3.562693087e+01 -3.181730691e+02 -3.181730691e+02 -2.6144e+00 +1.7357e+00 -2.7019e+00 -1.0773e+00 +7.2933e-01
1210 +2.861687145e+01 +2.861687145e+01 -3.251831286e+02 -3.251831286e+02 -2.6103e+00 +1.7323e+00 -2.6998e+00 -1.0826e+00 +7.2646e-01
1224 +1.341808372e+01 +1.341808372e+01 -3.403819163e+02 -3.403819163e+02 -2.6205e+00 +1.7255e+00 -2.6976e+00 -1.0770e+00 +7.3414e-01
1254 +7.127414430e+00 +7.127414430e+00 -3.466725856e+02 -3.466725856e+02 -2.6119e+00 +1.7327e+00 -2.7011e+00 -1.0833e+00 +7.2919e-01
1342 +5.183584718e+00 +5.183584718e+00 -3.486164153e+02 -3.486164153e+02 -2.6144e+00 +1.7336e+00 -2.7016e+00 -1.0829e+00 +7.3245e-01
1364 +4.257335423e+00 +4.257335423e+00 -3.495426646e+02 -3.495426646e+02 -2.6117e+00 +1.7318e+00 -2.7015e+00 -1.0827e+00 +7.3206e-01
1386 +4.024107014e+00 +4.024107014e+00 -3.497758930e+02 -3.497758930e+02 -2.6137e+00 +1.7326e+00 -2.7020e+00 -1.0829e+00 +7.3140e-01
1452 +1.577997083e+00 +1.577997083e+00 -3.522220029e+02 -3.522220029e+02 -2.6119e+00 +1.7350e+00 -2.7013e+00 -1.0842e+00 +7.3034e-01
1459 +9.800867869e-01 +9.800867869e-01 -3.528199132e+02 -3.528199132e+02 -2.6092e+00 +1.7394e+00 -2.7024e+00 -1.0850e+00 +7.2757e-01
1481 +4.285799390e-01 +4.285799390e-01 -3.533714201e+02 -3.533714201e+02 -2.6107e+00 +1.7357e+00 -2.7013e+00 -1.0833e+00 +7.3039e-01
1716 +3.186481190e-01 +3.186481190e-01 -3.534813519e+02 -3.534813519e+02 -2.6103e+00 +1.7367e+00 -2.7017e+00 -1.0838e+00 +7.2973e-01
1914 +2.875744249e-01 +2.875744249e-01 -3.535124256e+02 -3.535124256e+02 -2.6109e+00 +1.7359e+00 -2.7017e+00 -1.0835e+00 +7.3008e-01
1958 +2.794905093e-01 +2.794905093e-01 -3.535205095e+02 -3.535205095e+02 -2.6111e+00 +1.7360e+00 -2.7015e+00 -1.0834e+00 +7.3026e-01
1980 +2.641739319e-01 +2.641739319e-01 -3.535358261e+02 -3.535358261e+02 -2.6110e+00 +1.7358e+00 -2.7015e+00 -1.0835e+00 +7.3035e-01
2035 +2.556726979e-01 +2.556726979e-01 -3.535443273e+02 -3.535443273e+02 -2.6107e+00 +1.7363e+00 -2.7016e+00 -1.0838e+00 +7.2983e-01
2090 +2.482854435e-01 +2.482854435e-01 -3.535517146e+02 -3.535517146e+02 -2.6109e+00 +1.7359e+00 -2.7014e+00 -1.0835e+00 +7.3012e-01
2376 +2.453701263e-01 +2.453701263e-01 -3.535546299e+02 -3.535546299e+02 -2.6110e+00 +1.7359e+00 -2.7015e+00 -1.0835e+00 +7.3015e-01
% function evaluation | noise-free fitness - Fopt (-5.925000000000e+01) | best noise-free fitness - Fopt | measured fitness | best measured fitness | x1 | x2...
1 +1.810145932e+07 +1.810145932e+07 +1.810140007e+07 +1.810140007e+07 +0.0000e+00 +0.0000e+00 +0.0000e+00 +0.0000e+00 +0.0000e+00
114 +1.479571046e+07 +1.479571046e+07 +1.479565121e+07 +1.479565121e+07 +4.9236e+00 -4.1472e+00 +2.7127e+00 -9.9535e-01 -1.8029e+00
134 +9.846069145e+06 +9.846069145e+06 +9.846009895e+06 +9.846009895e+06 +3.8531e+00 -3.9065e+00 +2.9058e+00 +3.4453e-01 -2.2187e+00
212 +7.288633962e+06 +7.288633962e+06 +7.288574712e+06 +7.288574712e+06 +2.5887e+00 -3.3046e+00 +2.4483e+00 -8.1573e-01 -1.6413e+00
245 +6.252342829e+06 +6.252342829e+06 +6.252283579e+06 +6.252283579e+06 +4.1223e+00 -3.2897e-01 +2.3011e+00 -9.9226e-01 -2.0746e+00
263 +2.797441818e+06 +2.797441818e+06 +2.797382568e+06 +2.797382568e+06 +4.6792e+00 -1.7654e+00 +3.3911e+00 -3.3081e-01 -2.3662e+00
294 +1.800276358e+06 +1.800276358e+06 +1.800217108e+06 +1.800217108e+06 +1.8675e+00 -1.4244e+00 +2.3328e+00 -7.7796e-01 -7.1520e-01
308 +1.062949902e+06 +1.062949902e+06 +1.062890652e+06 +1.062890652e+06 +2.5812e+00 -8.7428e-01 +3.2326e+00 -5.4911e-01 -1.4748e+00
318 +8.204490841e+05 +8.204490841e+05 +8.203898341e+05 +8.203898341e+05 +2.5186e+00 -4.7099e-01 +3.2532e+00 -8.2383e-01 -4.3351e-01
346 +5.804061884e+05 +5.804061884e+05 +5.803469384e+05 +5.803469384e+05 +2.4818e+00 -9.1680e-01 +3.1812e+00 +1.8412e-01 -6.2096e-01
374 +3.046623707e+05 +3.046623707e+05 +3.046031207e+05 +3.046031207e+05 +2.7318e+00 -7.5007e-01 +3.4104e+00 -3.6969e-01 -6.5799e-01
396 +1.545843734e+05 +1.545843734e+05 +1.545251234e+05 +1.545251234e+05 +2.3348e+00 -1.3970e+00 +3.4998e+00 -8.0368e-01 -5.0637e-01
440 +1.085440775e+05 +1.085440775e+05 +1.084848275e+05 +1.084848275e+05 +1.9474e+00 -1.4764e+00 +3.3604e+00 -4.7770e-01 -1.3804e-01
482 +1.052335287e+05 +1.052335287e+05 +1.051742787e+05 +1.051742787e+05 +2.1273e+00 -1.3003e+00 +3.6846e+00 -2.2400e-01 -5.0149e-01
550 +1.011808859e+05 +1.011808859e+05 +1.011216359e+05 +1.011216359e+05 +1.9500e+00 -1.0767e+00 +3.2741e+00 -8.2175e-01 -1.8444e-01
572 +4.821026487e+04 +4.821026487e+04 +4.815101487e+04 +4.815101487e+04 +2.0295e+00 -1.3620e+00 +3.3977e+00 -7.3828e-01 -2.5175e-01
594 +1.652536945e+04 +1.652536945e+04 +1.646611945e+04 +1.646611945e+04 +2.0169e+00 -1.2006e+00 +3.4639e+00 -7.0474e-01 -2.3106e-01
638 +9.521706165e+03 +9.521706165e+03 +9.462456165e+03 +9.462456165e+03 +1.9738e+00 -1.2833e+00 +3.5015e+00 -7.9229e-01 -1.3322e-01
660 +8.510155304e+03 +8.510155304e+03 +8.450905304e+03 +8.450905304e+03 +2.0102e+00 -1.2327e+00 +3.4365e+00 -6.6792e-01 -1.0153e-01
726 +7.132407058e+03 +7.132407058e+03 +7.073157058e+03 +7.073157058e+03 +1.9394e+00 -1.2917e+00 +3.5756e+00 -7.0401e-01 -1.1359e-01
748 +2.221883429e+03 +2.221883429e+03 +2.162633429e+03 +2.162633429e+03 +1.9337e+00 -1.2619e+00 +3.5425e+00 -7.4027e-01 -4.6504e-02
770 +3.776452549e+02 +3.776452549e+02 +3.183952549e+02 +3.183952549e+02 +1.9626e+00 -1.2399e+00 +3.5206e+00 -7.1555e-01 -7.3601e-02
857 +2.291092884e+02 +2.291092884e+02 +1.698592884e+02 +1.698592884e+02 +1.9493e+00 -1.2473e+00 +3.5078e+00 -7.4031e-01 -4.6573e-02
946 +2.268915150e+01 +2.268915150e+01 -3.656084850e+01 -3.656084850e+01 +1.8247e+00 -1.2653e+00 +3.4493e+00 -8.2770e-01 +4.8712e-02
1166 +5.289476810e+00 +5.289476810e+00 -5.396052319e+01 -5.396052319e+01 +1.8031e+00 -1.2664e+00 +3.4465e+00 -8.4375e-01 +6.3488e-02
1358 +5.212647044e+00 +5.212647044e+00 -5.403735296e+01 -5.403735296e+01 +1.8037e+00 -1.2686e+00 +3.4463e+00 -8.4487e-01 +6.4376e-02
1364 +4.531171146e+00 +4.531171146e+00 -5.471882885e+01 -5.471882885e+01 +1.8047e+00 -1.2681e+00 +3.4461e+00 -8.4263e-01 +6.4145e-02
1376 +3.372450877e+00 +3.372450877e+00 -5.587754912e+01 -5.587754912e+01 +1.7994e+00 -1.2667e+00 +3.4439e+00 -8.4738e-01 +6.8166e-02
1496 +2.928883331e+00 +2.928883331e+00 -5.632111667e+01 -5.632111667e+01 +1.8035e+00 -1.2673e+00 +3.4455e+00 -8.4463e-01 +6.5507e-02
1540 +2.519598812e+00 +2.519598812e+00 -5.673040119e+01 -5.673040119e+01 +1.8029e+00 -1.2680e+00 +3.4450e+00 -8.4506e-01 +6.5310e-02
1562 +2.470532807e+00 +2.470532807e+00 -5.677946719e+01 -5.677946719e+01 +1.8032e+00 -1.2679e+00 +3.4451e+00 -8.4443e-01 +6.4784e-02
1606 +2.168522226e+00 +2.168522226e+00 -5.708147777e+01 -5.708147777e+01 +1.8031e+00 -1.2670e+00 +3.4450e+00 -8.4478e-01 +6.4673e-02
1741 +2.121253265e+00 +2.121253265e+00 -5.712874674e+01 -5.712874674e+01 +1.8036e+00 -1.2672e+00 +3.4454e+00 -8.4435e-01 +6.4090e-02
1795 +2.075621129e+00 +2.075621129e+00 -5.717437887e+01 -5.717437887e+01 +1.8033e+00 -1.2673e+00 +3.4452e+00 -8.4459e-01 +6.4522e-02
83320 +2.041717734e+00 +2.041717734e+00 -5.720828227e+01 -5.720828227e+01 +1.8090e+00 -1.2667e+00 +3.4472e+00 -8.4048e-01 +5.9764e-02
214576 +1.995232029e+00 +1.995232029e+00 -5.725476797e+01 -5.725476797e+01 +1.8188e+00 -1.2655e+00 +3.4510e+00 -8.3312e-01 +5.1244e-02
351062 +1.949829494e+00 +1.949829494e+00 -5.730017051e+01 -5.730017051e+01 +1.8286e+00 -1.2644e+00 +3.4547e+00 -8.2586e-01 +4.2803e-02
490260 +1.905449575e+00 +1.905449575e+00 -5.734455042e+01 -5.734455042e+01 +1.8382e+00 -1.2633e+00 +3.4584e+00 -8.1868e-01 +3.4432e-02
622540 +1.862077668e+00 +1.862077668e+00 -5.738792233e+01 -5.738792233e+01 +1.8478e+00 -1.2623e+00 +3.4621e+00 -8.1159e-01 +2.6139e-02
758980 +1.819684711e+00 +1.819684711e+00 -5.743031529e+01 -5.743031529e+01 +1.8572e+00 -1.2612e+00 +3.4657e+00 -8.0457e-01 +1.7923e-02
894321 +1.778279150e+00 +1.778279150e+00 -5.747172085e+01 -5.747172085e+01 +1.8666e+00 -1.2602e+00 +3.4693e+00 -7.9765e-01 +9.7851e-03
1028702 +1.737798594e+00 +1.737798594e+00 -5.751220141e+01 -5.751220141e+01 +1.8759e+00 -1.2592e+00 +3.4728e+00 -7.9079e-01 +1.7186e-03
% function evaluation | noise-free fitness - Fopt (-2.707000000000e+01) | best noise-free fitness - Fopt | measured fitness | best measured fitness | x1 | x2...
1 +3.411294039e+08 +3.411294039e+08 +3.411293768e+08 +3.411293768e+08 +0.0000e+00 +0.0000e+00 +0.0000e+00 +0.0000e+00 +0.0000e+00
2 +4.344890780e+07 +4.344890780e+07 +4.344888073e+07 +4.344888073e+07 -5.4139e-01 +7.0693e+00 +3.8915e-01 +4.2321e+00 +2.8793e+00
4 +3.997072181e+07 +3.997072181e+07 +3.997069474e+07 +3.997069474e+07 -5.7845e-01 +6.8644e+00 +4.5286e-01 +4.0209e+00 +2.7491e+00
26 +3.842314922e+07 +3.842314922e+07 +3.842312215e+07 +3.842312215e+07 -5.3587e-01 +6.7677e+00 +4.7776e-01 +4.1899e+00 +2.6270e+00
46 +3.573681707e+07 +3.573681707e+07 +3.573679000e+07 +3.573679000e+07 -6.7851e-01 +6.6396e+00 +4.9490e-01 +4.2247e+00 +2.8566e+00
49 +3.170987629e+07 +3.170987629e+07 +3.170984922e+07 +3.170984922e+07 -5.7221e-01 +6.3762e+00 +4.7764e-01 +4.2441e+00 +2.8152e+00
70 +2.722541615e+07 +2.722541615e+07 +2.722538908e+07 +2.722538908e+07 -2.3012e-01 +6.1429e+00 +6.5204e-01 +4.1137e+00 +2.7326e+00
80 +2.404318802e+07 +2.404318802e+07 +2.404316095e+07 +2.404316095e+07 -6.3823e-01 +5.6688e+00 +8.5388e-01 +3.6040e+00 +2.9444e+00
91 +1.658923006e+07 +1.658923006e+07 +1.658920299e+07 +1.658920299e+07 -1.0837e-01 +4.8069e+00 +1.0376e+00 +4.1822e+00 +2.0720e+00
115 +1.022284318e+07 +1.022284318e+07 +1.022281611e+07 +1.022281611e+07 -1.1022e-01 +3.6110e+00 +1.4024e-01 +3.5240e+00 +2.7840e+00
126 +5.602688242e+06 +5.602688242e+06 +5.602661172e+06 +5.602661172e+06 +3.3960e-01 +3.0428e+00 +3.0514e-01 +4.3440e+00 +3.0389e+00
150 +4.158977451e+06 +4.158977451e+06 +4.158950381e+06 +4.158950381e+06 +8.2938e-01 +3.3105e+00 +1.2801e-01 +5.1784e+00 +3.2903e+00
158 +1.647912008e+06 +1.647912008e+06 +1.647884938e+06 +1.647884938e+06 +2.1839e+00 +1.7727e+00 -5.9720e-02 +3.9770e+00 +2.2569e+00
198 +1.417305203e+06 +1.417305203e+06 +1.417278133e+06 +1.417278133e+06 +1.7998e+00 +1.8035e+00 +8.1982e-01 +4.1499e+00 +2.7295e+00
220 +8.358657442e+05 +8.358657442e+05 +8.358386742e+05 +8.358386742e+05 +2.4655e+00 +2.8964e+00 +4.6525e-01 +4.2775e+00 +2.7597e+00
242 +2.746872504e+05 +2.746872504e+05 +2.746601804e+05 +2.746601804e+05 +3.1512e+00 +1.9807e+00 +8.5883e-01 +4.0843e+00 +3.0836e+00
352 +1.137804735e+05 +1.137804735e+05 +1.137534035e+05 +1.137534035e+05 +3.0264e+00 +2.5521e+00 +1.4943e+00 +3.0746e+00 +3.5425e+00
418 +9.799162690e+04 +9.799162690e+04 +9.796455690e+04 +9.796455690e+04 +3.2493e+00 +2.4526e+00 +1.5626e+00 +3.4506e+00 +3.6457e+00
440 +8.115587952e+04 +8.115587952e+04 +8.112880952e+04 +8.112880952e+04 +3.0139e+00 +2.4379e+00 +1.6182e+00 +3.5048e+00 +3.5497e+00
462 +7.503726566e+04 +7.503726566e+04 +7.501019566e+04 +7.501019566e+04 +3.0813e+00 +2.1554e+00 +1.3756e+00 +3.5711e+00 +3.4976e+00
484 +3.332413211e+04 +3.332413211e+04 +3.329706211e+04 +3.329706211e+04 +3.1012e+00 +2.3199e+00 +1.3842e+00 +3.5487e+00 +3.5160e+00
528 +2.836700859e+04 +2.836700859e+04 +2.833993859e+04 +2.833993859e+04 +3.1406e+00 +2.3264e+00 +1.4638e+00 +3.5339e+00 +3.2762e+00
572 +9.215467384e+03 +9.215467384e+03 +9.188397384e+03 +9.188397384e+03 +3.1398e+00 +2.4617e+00 +1.3739e+00 +3.3564e+00 +3.3674e+00
606 +5.600326241e+03 +5.600326241e+03 +5.573256241e+03 +5.573256241e+03 +3.0832e+00 +2.4052e+00 +1.3118e+00 +3.4203e+00 +3.3913e+00
616 +3.512641017e+03 +3.512641017e+03 +3.485571017e+03 +3.485571017e+03 +3.0374e+00 +2.4330e+00 +1.3343e+00 +3.4446e+00 +3.3648e+00
792 +5.566329538e+02 +5.566329538e+02 +5.295629538e+02 +5.295629538e+02 +3.1395e+00 +2.4371e+00 +1.4527e+00 +3.3828e+00 +3.3608e+00
1012 +5.248860588e+02 +5.248860588e+02 +4.978160588e+02 +4.978160588e+02 +3.0923e+00 +2.4184e+00 +1.3756e+00 +3.4809e+00 +3.3613e+00
1034 +5.026087966e+02 +5.026087966e+02 +4.755387966e+02 +4.755387966e+02 +3.0738e+00 +2.4003e+00 +1.3313e+00 +3.5119e+00 +3.3807e+00
1056 +3.348934844e+02 +3.348934844e+02 +3.078234844e+02 +3.078234844e+02 +3.0509e+00 +2.3812e+00 +1.3295e+00 +3.4999e+00 +3.3712e+00
1078 +1.849647415e+02 +1.849647415e+02 +1.578947415e+02 +1.578947415e+02 +3.0543e+00 +2.3915e+00 +1.3008e+00 +3.5112e+00 +3.3713e+00
1188 +6.130296111e+01 +6.130296111e+01 +3.423296111e+01 +3.423296111e+01 +3.0497e+00 +2.3946e+00 +1.3049e+00 +3.5159e+00 +3.3623e+00
1254 +5.872573388e+01 +5.872573388e+01 +3.165573388e+01 +3.165573388e+01 +3.0637e+00 +2.3889e+00 +1.3157e+00 +3.5114e+00 +3.3671e+00
1262 +5.430242409e+01 +5.430242409e+01 +2.723242409e+01 +2.723242409e+01 +3.0635e+00 +2.3887e+00 +1.3277e+00 +3.5069e+00 +3.3610e+00
1298 +2.992675925e+01 +2.992675925e+01 +2.856759254e+00 +2.856759254e+00 +3.0539e+00 +2.3906e+00 +1.3039e+00 +3.5173e+00 +3.3643e+00
1364 +2.419136147e+01 +2.419136147e+01 -2.878638533e+00 -2.878638533e+00 +3.0541e+00 +2.3938e+00 +1.3152e+00 +3.5185e+00 +3.3668e+00
1368 +2.292276691e+01 +2.292276691e+01 -4.147233089e+00 -4.147233089e+00 +3.0529e+00 +2.3953e+00 +1.3190e+00 +3.5106e+00 +3.3636e+00
1452 +4.217469822e+00 +4.217469822e+00 -2.285253018e+01 -2.285253018e+01 +3.0568e+00 +2.3902e+00 +1.3164e+00 +3.5134e+00 +3.3633e+00
1628 +3.202670270e+00 +3.202670270e+00 -2.386732973e+01 -2.386732973e+01 +3.0623e+00 +2.3956e+00 +1.3286e+00 +3.5035e+00 +3.3657e+00
1633 +3.149541398e+00 +3.149541398e+00 -2.392045860e+01 -2.392045860e+01 +3.0586e+00 +2.3926e+00 +1.3225e+00 +3.5093e+00 +3.3659e+00
1672 +8.039103493e-01 +8.039103493e-01 -2.626608965e+01 -2.626608965e+01 +3.0618e+00 +2.3943e+00 +1.3277e+00 +3.5042e+00 +3.3646e+00
1694 +3.012499546e-01 +3.012499546e-01 -2.676875005e+01 -2.676875005e+01 +3.0613e+00 +2.3949e+00 +1.3280e+00 +3.5035e+00 +3.3642e+00
1870 +2.678394711e-01 +2.678394711e-01 -2.680216053e+01 -2.680216053e+01 +3.0616e+00 +2.3944e+00 +1.3283e+00 +3.5031e+00 +3.3648e+00
1892 +1.935064621e-01 +1.935064621e-01 -2.687649354e+01 -2.687649354e+01 +3.0615e+00 +2.3946e+00 +1.3281e+00 +3.5033e+00 +3.3643e+00
1914 +4.897991522e-02 +4.897991522e-02 -2.702102008e+01 -2.702102008e+01 +3.0611e+00 +2.3947e+00 +1.3280e+00 +3.5033e+00 +3.3645e+00
1980 +4.506286149e-02 +4.506286149e-02 -2.702493714e+01 -2.702493714e+01 +3.0611e+00 +2.3946e+00 +1.3278e+00 +3.5035e+00 +3.3645e+00
2178 +4.417940375e-02 +4.417940375e-02 -2.702582060e+01 -2.702582060e+01 +3.0612e+00 +2.3946e+00 +1.3279e+00 +3.5034e+00 +3.3645e+00
2262 +4.352038964e-02 +4.352038964e-02 -2.702647961e+01 -2.702647961e+01 +3.0612e+00 +2.3946e+00 +1.3279e+00 +3.5034e+00 +3.3646e+00
2464 +4.254895757e-02 +4.254895757e-02 -2.702745104e+01 -2.702745104e+01 +3.0611e+00 +2.3946e+00 +1.3279e+00 +3.5034e+00 +3.3646e+00
% function evaluation | noise-free fitness - Fopt (-5.279000000000e+01) | best noise-free fitness - Fopt | measured fitness | best measured fitness | x1 | x2...
1 +3.259023297e+07 +3.259023297e+07 +3.259018018e+07 +3.259018018e+07 +0.0000e+00 +0.0000e+00 +0.0000e+00 +0.0000e+00 +0.0000e+00
114 +3.091149331e+07 +3.091149331e+07 +3.091144052e+07 +3.091144052e+07 -1.8646e+00 +5.0971e-01 -1.0174e+00 +2.0801e+00 +4.4321e+00
115 +3.041747994e+07 +3.041747994e+07 +3.041742715e+07 +3.041742715e+07 -3.0806e-01 -4.1748e-01 +2.3308e-01 +2.7098e+00 +3.7156e+00
118 +2.655749445e+07 +2.655749445e+07 +2.655744166e+07 +2.655744166e+07 -1.5123e+00 +4.6864e-01 -1.9720e+00 +4.0127e+00 +3.9466e+00
148 +1.701836681e+07 +1.701836681e+07 +1.701831402e+07 +1.701831402e+07 -2.7730e+00 -5.0840e-01 -7.5303e-01 +2.3769e-01 +2.3105e+00
158 +1.591295884e+07 +1.591295884e+07 +1.591290605e+07 +1.591290605e+07 -2.4855e+00 -1.9290e+00 -3.6600e+00 +1.8052e+00 +2.4733e+00
160 +9.219724438e+06 +9.219724438e+06 +9.219671648e+06 +9.219671648e+06 -2.5996e+00 -1.6053e+00 -2.4274e+00 +6.3716e-01 +1.8927e+00
176 +7.169298780e+06 +7.169298780e+06 +7.169245990e+06 +7.169245990e+06 -2.8840e+00 -1.1627e+00 -2.4389e+00 +2.5045e+00 +2.5716e+00
178 +5.944329838e+06 +5.944329838e+06 +5.944277048e+06 +5.944277048e+06 -2.8608e+00 -4.4299e+00 -2.3458e+00 +5.5713e+00 +7.5722e-01
194 +3.219710025e+06 +3.219710025e+06 +3.219657235e+06 +3.219657235e+06 -3.4079e+00 -1.1555e+00 -1.4154e+00 +2.4017e+00 +1.1540e+00
198 +1.371214343e+06 +1.371214343e+06 +1.371161553e+06 +1.371161553e+06 -3.8032e+00 -1.3283e+00 -2.4856e+00 +2.6988e+00 +1.2227e+00
220 +1.174152228e+06 +1.174152228e+06 +1.174099438e+06 +1.174099438e+06 -4.9336e+00 -9.2715e-01 -3.2242e+00 +2.3896e+00 +1.0995e+00
341 +9.241387206e+05 +9.241387206e+05 +9.240859306e+05 +9.240859306e+05 -5.6317e+00 -1.8769e+00 -2.7711e+00 +2.3238e+00 +5.5900e-02
395 +4.427395574e+05 +4.427395574e+05 +4.426867674e+05 +4.426867674e+05 -6.5730e+00 -5.6520e-01 -2.9107e+00 +1.4321e+00 +4.6742e-01
400 +1.286518366e+05 +1.286518366e+05 +1.285990466e+05 +1.285990466e+05 -5.8855e+00 -8.0405e-01 -2.9774e+00 +1.4770e+00 +1.2190e-01
462 +6.870728562e+04 +6.870728562e+04 +6.865449562e+04 +6.865449562e+04 -5.3104e+00 -7.3452e-01 -2.6863e+00 +2.0340e+00 -9.6838e-02
506 +1.326937677e+04 +1.326937677e+04 +1.321658677e+04 +1.321658677e+04 -4.8704e+00 -1.3105e+00 -2.7638e+00 +2.2853e+00 +1.6428e-01
528 +5.544131151e+03 +5.544131151e+03 +5.491341151e+03 +5.491341151e+03 -4.9232e+00 -1.2434e+00 -2.7567e+00 +2.2479e+00 +3.6678e-02
638 +5.046378216e+03 +5.046378216e+03 +4.993588216e+03 +4.993588216e+03 -4.7666e+00 -1.3165e+00 -2.7396e+00 +2.2239e+00 +1.4196e-01
675 +4.644570864e+03 +4.644570864e+03 +4.591780864e+03 +4.591780864e+03 -4.7315e+00 -1.2963e+00 -2.7673e+00 +2.2284e+00 +7.1560e-02
698 +1.594643904e+03 +1.594643904e+03 +1.541853904e+03 +1.541853904e+03 -4.9476e+00 -1.1997e+00 -2.7836e+00 +2.1717e+00 +5.4764e-02
726 +2.292668874e+02 +2.292668874e+02 +1.764768874e+02 +1.764768874e+02 -4.8859e+00 -1.2242e+00 -2.7418e+00 +2.2191e+00 +7.5755e-02
1188 +8.311757451e+01 +8.311757451e+01 +3.032757451e+01 +3.032757451e+01 -4.8052e+00 -1.2819e+00 -2.7294e+00 +2.2527e+00 +8.0232e-02
1232 +2.509385084e+01 +2.509385084e+01 -2.769614916e+01 -2.769614916e+01 -4.7786e+00 -1.3007e+00 -2.7293e+00 +2.2667e+00 +8.5774e-02
1315 +1.962855767e+01 +1.962855767e+01 -3.316144233e+01 -3.316144233e+01 -4.7865e+00 -1.2895e+00 -2.7301e+00 +2.2635e+00 +8.4252e-02
1430 +7.170430072e+00 +7.170430072e+00 -4.561956993e+01 -4.561956993e+01 -4.7902e+00 -1.2856e+00 -2.7361e+00 +2.2597e+00 +8.2109e-02
1479 +6.560286036e+00 +6.560286036e+00 -4.622971396e+01 -4.622971396e+01 -4.8085e+00 -1.2750e+00 -2.7392e+00 +2.2503e+00 +8.3258e-02
1540 +3.046060671e+00 +3.046060671e+00 -4.974393933e+01 -4.974393933e+01 -4.8042e+00 -1.2764e+00 -2.7370e+00 +2.2513e+00 +8.4247e-02
1650 +2.702224133e+00 +2.702224133e+00 -5.008777587e+01 -5.008777587e+01 -4.7974e+00 -1.2814e+00 -2.7368e+00 +2.2562e+00 +8.3765e-02
1694 +2.372313206e+00 +2.372313206e+00 -5.041768679e+01 -5.041768679e+01 -4.7975e+00 -1.2822e+00 -2.7363e+00 +2.2559e+00 +8.4094e-02
1716 +2.339342061e+00 +2.339342061e+00 -5.045065794e+01 -5.045065794e+01 -4.7960e+00 -1.2829e+00 -2.7356e+00 +2.2564e+00 +8.4555e-02
1738 +2.192884453e+00 +2.192884453e+00 -5.059711555e+01 -5.059711555e+01 -4.7961e+00 -1.2821e+00 -2.7365e+00 +2.2562e+00 +8.4014e-02
1760 +1.855360484e+00 +1.855360484e+00 -5.093463952e+01 -5.093463952e+01 -4.7959e+00 -1.2825e+00 -2.7356e+00 +2.2567e+00 +8.3954e-02
1804 +1.533544814e+00 +1.533544814e+00 -5.125645519e+01 -5.125645519e+01 -4.7954e+00 -1.2831e+00 -2.7359e+00 +2.2563e+00 +8.3830e-02
1914 +1.498200340e+00 +1.498200340e+00 -5.129179966e+01 -5.129179966e+01 -4.7961e+00 -1.2823e+00 -2.7358e+00 +2.2559e+00 +8.3541e-02
2046 +1.454860616e+00 +1.454860616e+00 -5.133513938e+01 -5.133513938e+01 -4.7971e+00 -1.2818e+00 -2.7359e+00 +2.2554e+00 +8.3534e-02
10956 +1.445438221e+00 +1.445438221e+00 -5.134456178e+01 -5.134456178e+01 -4.7963e+00 -1.2824e+00 -2.7358e+00 +2.2559e+00 +8.3606e-02
20396 +9.215771313e-01 +9.215771313e-01 -5.186842287e+01 -5.186842287e+01 -4.4562e+00 -1.5368e+00 -2.6717e+00 +2.4547e+00 +1.1706e-01
20550 +7.440224923e-01 +7.440224923e-01 -5.204597751e+01 -5.204597751e+01 -4.4537e+00 -1.5389e+00 -2.6716e+00 +2.4566e+00 +1.1756e-01
20616 +5.620437524e-01 +5.620437524e-01 -5.222795625e+01 -5.222795625e+01 -4.4541e+00 -1.5387e+00 -2.6713e+00 +2.4561e+00 +1.1785e-01
20814 +5.484824127e-01 +5.484824127e-01 -5.224151759e+01 -5.224151759e+01 -4.4542e+00 -1.5388e+00 -2.6714e+00 +2.4561e+00 +1.1778e-01
21034 +5.357372450e-01 +5.357372450e-01 -5.225426275e+01 -5.225426275e+01 -4.4540e+00 -1.5389e+00 -2.6713e+00 +2.4563e+00 +1.1783e-01
132552 +5.248013290e-01 +5.248013290e-01 -5.226519867e+01 -5.226519867e+01 -4.4487e+00 -1.5429e+00 -2.6702e+00 +2.4594e+00 +1.1850e-01
