% function evaluation | noise-free fitness - Fopt (-4.620900000000e+02) | best noise-free fitness - Fopt | measured fitness | best measured fitness | x1 | x2...
1 +9.180962943e+01 +9.180962943e+01 -3.702803706e+02 -3.702803706e+02 +0.0000e+00 +0.0000e+00 +0.0000e+00
3 +6.938840935e+01 +6.938840935e+01 -3.927015907e+02 -3.927015907e+02 +3.7981e+00 +6.6988e-01 +1.2477e+00
17 +6.822277282e+01 +6.822277282e+01 -3.938672272e+02 -3.938672272e+02 +3.5360e+00 +6.1802e-01 +1.2113e+00
41 +5.914146585e+01 +5.914146585e+01 -4.029485341e+02 -4.029485341e+02 +3.5789e+00 +6.6253e-01 +1.2316e+00
48 +5.499772360e+01 +5.499772360e+01 -4.070922764e+02 -4.070922764e+02 +3.6138e+00 +7.4841e-01 +1.2708e+00
64 +4.468524015e+01 +4.468524015e+01 -4.174047599e+02 -4.174047599e+02 +2.7665e+00 +6.3936e-01 +1.5472e+00
86 +4.137468892e+01 +4.137468892e+01 -4.207153111e+02 -4.207153111e+02 +2.7210e+00 +6.6466e-01 +1.5315e+00
131 +3.982139048e+01 +3.982139048e+01 -4.222686095e+02 -4.222686095e+02 +2.7050e+00 +1.2491e+00 +1.2400e+00
154 +2.415745862e+01 +2.415745862e+01 -4.379325414e+02 -4.379325414e+02 +5.6848e-01 +7.1462e-01 +1.5267e+00
196 +2.065207170e+01 +2.065207170e+01 -4.414379283e+02 -4.414379283e+02 -1.4474e+00 +1.1406e+00 +1.8709e+00
222 +1.923260588e+01 +1.923260588e+01 -4.428573941e+02 -4.428573941e+02 -1.4176e+00 +8.0906e-01 +1.5454e+00
245 +1.886373104e+01 +1.886373104e+01 -4.432262690e+02 -4.432262690e+02 -3.5727e-01 +7.2277e-01 +1.8612e+00
252 +1.545569182e+01 +1.545569182e+01 -4.466343082e+02 -4.466343082e+02 -2.2872e+00 +1.7832e+00 +1.8288e+00
261 +7.667072371e+00 +7.667072371e+00 -4.544229276e+02 -4.544229276e+02 -2.3631e+00 +1.2502e+00 +1.9259e+00
296 +7.171241410e+00 +7.171241410e+00 -4.549187586e+02 -4.549187586e+02 -3.3012e+00 +2.2528e+00 +1.5148e+00
462 +3.381910909e+00 +3.381910909e+00 -4.587080891e+02 -4.587080891e+02 -2.2901e+00 +2.2267e+00 +2.2057e+00
961 +2.440647034e+00 +2.440647034e+00 -4.596493530e+02 -4.596493530e+02 -2.3273e+00 +2.8457e+00 +2.5496e+00
990 +2.045754837e+00 +2.045754837e+00 -4.600442452e+02 -4.600442452e+02 -2.3298e+00 +2.8436e+00 +2.5747e+00
1144 +2.034440875e+00 +2.034440875e+00 -4.600555591e+02 -4.600555591e+02 -2.3413e+00 +2.8518e+00 +2.5684e+00
1210 +1.993617549e+00 +1.993617549e+00 -4.600963825e+02 -4.600963825e+02 -2.3390e+00 +2.8475e+00 +2.5768e+00
11582 +3.930394337e-01 +3.930394337e-01 -4.616969606e+02 -4.616969606e+02 -2.3014e+00 +2.2956e+00 +2.2056e+00
% function evaluation | noise-free fitness - Fopt (7.766000000000e+01) | best noise-free fitness - Fopt | measured fitness | best measured fitness | x1 | x2...
1 +7.373269304e+01 +7.373269304e+01 +1.513926930e+02 +1.513926930e+02 +0.0000e+00 +0.0000e+00 +0.0000e+00
40 +7.235710269e+01 +7.235710269e+01 +1.500171027e+02 +1.500171027e+02 -8.9323e-01 -3.8775e+00 -1.8487e+00
42 +5.969919413e+01 +5.969919413e+01 +1.373591941e+02 +1.373591941e+02 -7.8939e-01 -3.7618e+00 -1.7812e+00
49 +5.147444191e+01 +5.147444191e+01 +1.291344419e+02 +1.291344419e+02 -8.3382e-01 -3.7501e+00 -1.6486e+00
61 +5.036159779e+01 +5.036159779e+01 +1.280215978e+02 +1.280215978e+02 -8.0278e-01 -3.8408e+00 -1.9542e+00
71 +4.369629890e+01 +4.369629890e+01 +1.213562989e+02 +1.213562989e+02 -7.1107e-01 -3.7989e+00 -1.9973e+00
122 +3.181797129e+01 +3.181797129e+01 +1.094779713e+02 +1.094779713e+02 -6.2366e-01 -3.2601e+00 -1.5855e+00
135 +2.996458983e+01 +2.996458983e+01 +1.076245898e+02 +1.076245898e+02 +4.3794e-01 -1.2571e+00 -1.1570e+00
165 +2.462350981e+01 +2.462350981e+01 +1.022835098e+02 +1.022835098e+02 +3.3351e-01 -1.0726e+00 -9.4231e-01
176 +1.763154542e+01 +1.763154542e+01 +9.529154542e+01 +9.529154542e+01 +2.2660e-01 -1.4671e+00 -1.3475e+00
179 +1.683395179e+01 +1.683395179e+01 +9.449395179e+01 +9.449395179e+01 +3.2186e-01 -1.4567e+00 -1.1819e+00
231 +1.527301496e+01 +1.527301496e+01 +9.293301496e+01 +9.293301496e+01 +4.3341e+00 -8.1483e-01 -1.3493e+00
293 +1.076469401e+01 +1.076469401e+01 +8.842469401e+01 +8.842469401e+01 +4.4900e+00 -8.9617e-01 -1.5678e+00
395 +9.394009846e+00 +9.394009846e+00 +8.705400985e+01 +8.705400985e+01 +1.4944e+00 -1.4170e+00 -1.9528e+00
490 +4.727522727e+00 +4.727522727e+00 +8.238752273e+01 +8.238752273e+01 +2.2720e+00 -1.4888e+00 -1.2774e+00
792 +2.018582830e+00 +2.018582830e+00 +7.967858283e+01 +7.967858283e+01 +2.3802e+00 -1.4608e+00 -1.2487e+00
1408 +1.994220221e+00 +1.994220221e+00 +7.965422022e+01 +7.965422022e+01 +1.4014e+00 -8.5487e-01 -1.5830e+00
3522 +1.379858465e+00 +1.379858465e+00 +7.903985846e+01 +7.903985846e+01 +1.4154e+00 -8.6971e-01 -1.2823e+00
3587 +1.326143115e+00 +1.326143115e+00 +7.898614311e+01 +7.898614311e+01 +1.4219e+00 -8.7203e-01 -1.2740e+00
3606 +1.301261419e+00 +1.301261419e+00 +7.896126142e+01 +7.896126142e+01 +1.3898e+00 -8.6356e-01 -1.2829e+00
3609 +1.168304271e+00 +1.168304271e+00 +7.882830427e+01 +7.882830427e+01 +1.3879e+00 -8.5596e-01 -1.2645e+00
3610 +1.131736375e+00 +1.131736375e+00 +7.879173638e+01 +7.879173638e+01 +1.4050e+00 -8.4047e-01 -1.2725e+00
3632 +1.042168227e+00 +1.042168227e+00 +7.870216823e+01 +7.870216823e+01 +1.3956e+00 -8.5826e-01 -1.2755e+00
3735 +1.009443684e+00 +1.009443684e+00 +7.866944368e+01 +7.866944368e+01 +1.3979e+00 -8.5266e-01 -1.2731e+00
3874 +9.955788451e-01 +9.955788451e-01 +7.865557885e+01 +7.865557885e+01 +1.4032e+00 -8.5581e-01 -1.2719e+00
7398 +6.050539743e-01 +6.050539743e-01 +7.826505397e+01 +7.826505397e+01 +2.3831e+00 -8.3870e-01 -1.2860e+00
7484 +1.100425575e-01 +1.100425575e-01 +7.777004256e+01 +7.777004256e+01 +2.4192e+00 -8.4924e-01 -1.2713e+00
7528 +1.106939815e-02 +1.106939815e-02 +7.767106940e+01 +7.767106940e+01 +2.4035e+00 -8.5300e-01 -1.2729e+00
7594 +6.563436232e-03 +6.563436232e-03 +7.766656344e+01 +7.766656344e+01 +2.4029e+00 -8.5436e-01 -1.2715e+00
7748 +4.324584298e-03 +4.324584298e-03 +7.766432458e+01 +7.766432458e+01 +2.3996e+00 -8.5403e-01 -1.2729e+00
7770 +1.096384580e-03 +1.096384580e-03 +7.766109638e+01 +7.766109638e+01 +2.3983e+00 -8.5732e-01 -1.2721e+00
7814 +9.884004397e-04 +9.884004397e-04 +7.766098840e+01 +7.766098840e+01 +2.3967e+00 -8.5675e-01 -1.2722e+00
7817 +7.401136277e-04 +7.401136277e-04 +7.766074011e+01 +7.766074011e+01 +2.3993e+00 -8.5576e-01 -1.2725e+00
7858 +2.294289909e-04 +2.294289909e-04 +7.766022943e+01 +7.766022943e+01 +2.3976e+00 -8.5638e-01 -1.2721e+00
7902 +1.840778981e-04 +1.840778981e-04 +7.766018408e+01 +7.766018408e+01 +2.3975e+00 -8.5587e-01 -1.2721e+00
7924 +1.041120562e-04 +1.041120562e-04 +7.766010411e+01 +7.766010411e+01 +2.3980e+00 -8.5570e-01 -1.2720e+00
7946 +1.837858593e-05 +1.837858593e-05 +7.766001838e+01 +7.766001838e+01 +2.3982e+00 -8.5614e-01 -1.2720e+00
7990 +1.670709472e-05 +1.670709472e-05 +7.766001671e+01 +7.766001671e+01 +2.3985e+00 -8.5610e-01 -1.2719e+00
8034 +1.178136596e-05 +1.178136596e-05 +7.766001178e+01 +7.766001178e+01 +2.3984e+00 -8.5611e-01 -1.2720e+00
8039 +7.176316146e-06 +7.176316146e-06 +7.766000718e+01 +7.766000718e+01 +2.3985e+00 -8.5606e-01 -1.2720e+00
8078 +2.725344757e-06 +2.725344757e-06 +7.766000273e+01 +7.766000273e+01 +2.3984e+00 -8.5599e-01 -1.2720e+00
8082 +2.535545960e-06 +2.535545960e-06 +7.766000254e+01 +7.766000254e+01 +2.3984e+00 -8.5593e-01 -1.2720e+00
8087 +2.272832162e-06 +2.272832162e-06 +7.766000227e+01 +7.766000227e+01 +2.3985e+00 -8.5598e-01 -1.2720e+00
8100 +1.417619401e-06 +1.417619401e-06 +7.766000142e+01 +7.766000142e+01 +2.3984e+00 -8.5597e-01 -1.2720e+00
8187 +6.765770877e-07 +6.765770877e-07 +7.766000068e+01 +7.766000068e+01 +2.3984e+00 -8.5599e-01 -1.2720e+00
8254 +1.742790943e-07 +1.742790943e-07 +7.766000017e+01 +7.766000017e+01 +2.3984e+00 -8.5599e-01 -1.2720e+00
8339 +1.383334478e-07 +1.383334478e-07 +7.766000014e+01 +7.766000014e+01 +2.3984e+00 -8.5601e-01 -1.2720e+00
8357 +3.562499273e-08 +3.562499273e-08 +7.766000004e+01 +7.766000004e+01 +2.3984e+00 -8.5600e-01 -1.2720e+00
8378 +3.385407865e-08 +3.385407865e-08 +7.766000003e+01 +7.766000003e+01 +2.3984e+00 -8.5600e-01 -1.2720e+00
8452 +1.394559490e-08 +1.394559490e-08 +7.766000001e+01 +7.766000001e+01 +2.3984e+00 -8.5600e-01 -1.2720e+00
8476 +5.168757866e-09 +5.168757866e-09 +7.766000001e+01 +7.766000001e+01 +2.3984e+00 -8.5600e-01 -1.2720e+00
% function evaluation | noise-free fitness - Fopt (1.156800000000e+02) | best noise-free fitness - Fopt | measured fitness | best measured fitness | x1 | x2...
1 +4.079349721e+01 +4.079349721e+01 +1.564734972e+02 +1.564734972e+02 +0.0000e+00 +0.0000e+00 +0.0000e+00
110 +3.418292867e+01 +3.418292867e+01 +1.498629287e+02 +1.498629287e+02 +7.5806e-01 +6.1203e-01 +5.2877e-01
124 +3.032552104e+01 +3.032552104e+01 +1.460055210e+02 +1.460055210e+02 +7.9383e-01 -1.4800e-01 +1.9256e-01
126 +2.396462763e+01 +2.396462763e+01 +1.396446276e+02 +1.396446276e+02 +7.3871e-01 +6.7195e-01 +5.7820e-01
161 +1.856237037e+01 +1.856237037e+01 +1.342423704e+02 +1.342423704e+02 -1.7639e-01 +7.0696e-01 +9.0134e-01
242 +1.807646134e+01 +1.807646134e+01 +1.337564613e+02 +1.337564613e+02 +5.4052e-01 -1.5192e+00 +2.5649e-01
294 +1.543587124e+01 +1.543587124e+01 +1.311158712e+02 +1.311158712e+02 +9.0340e-01 -1.6469e+00 +5.5016e-01
341 +1.491319393e+01 +1.491319393e+01 +1.305931939e+02 +1.305931939e+02 +9.3172e-01 -1.5709e+00 +8.8919e-01
510 +1.393892091e+01 +1.393892091e+01 +1.296189209e+02 +1.296189209e+02 +9.3494e-01 -9.8849e-01 +2.9573e-01
526 +1.097083737e+01 +1.097083737e+01 +1.266508374e+02 +1.266508374e+02 +8.3720e-01 -1.0381e+00 +2.5339e-01
654 +1.032443577e+01 +1.032443577e+01 +1.260044358e+02 +1.260044358e+02 +8.4027e-01 -1.0026e+00 +6.1732e-01
716 +9.731518509e+00 +9.731518509e+00 +1.254115185e+02 +1.254115185e+02 +8.9550e-01 -1.0097e+00 +2.5678e-01
968 +9.235706997e+00 +9.235706997e+00 +1.249157070e+02 +1.249157070e+02 +8.2944e-01 -9.9113e-01 +2.3660e-01
1034 +9.039256115e+00 +9.039256115e+00 +1.247192561e+02 +1.247192561e+02 +8.5105e-01 -9.8801e-01 +2.4047e-01
5847 +6.777765022e+00 +6.777765022e+00 +1.224577650e+02 +1.224577650e+02 -2.2618e+00 -1.6128e+00 +8.5237e-01
5930 +6.454506998e+00 +6.454506998e+00 +1.221345070e+02 +1.221345070e+02 -2.2288e+00 -2.0884e+00 +5.8326e-01
5946 +5.054215774e+00 +5.054215774e+00 +1.207342158e+02 +1.207342158e+02 -2.1588e+00 -2.0660e+00 +6.0199e-01
5980 +3.480920566e+00 +3.480920566e+00 +1.191609206e+02 +1.191609206e+02 -2.2113e+00 -1.6200e+00 +6.4018e-01
8915 +2.990944821e+00 +2.990944821e+00 +1.186709448e+02 +1.186709448e+02 -2.1282e+00 -1.6070e+00 +6.2256e-01
9055 +1.284817466e+00 +1.284817466e+00 +1.169648175e+02 +1.169648175e+02 -2.1685e+00 -1.6042e+00 +2.3855e-01
14201 +1.033302501e+00 +1.033302501e+00 +1.167133025e+02 +1.167133025e+02 -2.1064e+00 -9.7400e-01 +2.3577e-01
14813 +1.015970197e+00 +1.015970197e+00 +1.166959702e+02 +1.166959702e+02 -2.1772e+00 -9.8843e-01 -6.5847e-02
14958 +9.999675995e-01 +9.999675995e-01 +1.166799676e+02 +1.166799676e+02 -2.1826e+00 -9.8225e-01 -6.4831e-02
% function evaluation | noise-free fitness - Fopt (-3.710000000000e+00) | best noise-free fitness - Fopt | measured fitness | best measured fitness | x1 | x2...
1 +7.156572542e+01 +7.156572542e+01 +6.785572542e+01 +6.785572542e+01 +0.0000e+00 +0.0000e+00 +0.0000e+00
99 +4.647566101e+01 +4.647566101e+01 +4.276566101e+01 +4.276566101e+01 +1.7348e-01 -2.6281e-01 +7.6936e-01
136 +4.388288855e+01 +4.388288855e+01 +4.017288855e+01 +4.017288855e+01 +1.3721e-01 -5.1035e+00 +2.4719e+00
142 +3.720163963e+01 +3.720163963e+01 +3.349163963e+01 +3.349163963e+01 +1.1537e+00 -3.0218e+00 +3.2082e-01
158 +2.503590811e+01 +2.503590811e+01 +2.132590811e+01 +2.132590811e+01 +1.0602e+00 -1.8190e+00 +2.3471e+00
264 +1.827717710e+01 +1.827717710e+01 +1.456717710e+01 +1.456717710e+01 +1.3795e+00 -1.6406e+00 +1.4955e+00
344 +1.558045734e+01 +1.558045734e+01 +1.187045734e+01 +1.187045734e+01 +2.2351e+00 -3.4164e+00 +2.4314e+00
348 +1.419009297e+01 +1.419009297e+01 +1.048009297e+01 +1.048009297e+01 +5.1585e+00 -1.6791e+00 +2.4169e+00
389 +5.700184979e+00 +5.700184979e+00 +1.990184979e+00 +1.990184979e+00 +1.2100e+00 -2.2884e+00 +1.8173e+00
579 +3.017283438e+00 +3.017283438e+00 -6.927165620e-01 -6.927165620e-01 +3.1832e+00 -2.9533e+00 +1.7849e+00
820 +2.118102994e+00 +2.118102994e+00 -1.591897006e+00 -1.591897006e+00 +3.0985e+00 -2.3540e+00 +1.7770e+00
1342 +2.066250930e+00 +2.066250930e+00 -1.643749070e+00 -1.643749070e+00 +3.0748e+00 -2.9174e+00 +1.7691e+00
1356 +1.856608324e+00 +1.856608324e+00 -1.853391676e+00 -1.853391676e+00 +3.1079e+00 -2.8649e+00 +1.7655e+00
1373 +1.633196667e+00 +1.633196667e+00 -2.076803333e+00 -2.076803333e+00 +3.1100e+00 -2.8643e+00 +1.7690e+00
1408 +1.394524065e+00 +1.394524065e+00 -2.315475935e+00 -2.315475935e+00 +3.1305e+00 -2.9255e+00 +1.7820e+00
1540 +1.267291542e+00 +1.267291542e+00 -2.442708458e+00 -2.442708458e+00 +3.1436e+00 -2.8898e+00 +1.7925e+00
1550 +1.101940326e+00 +1.101940326e+00 -2.608059674e+00 -2.608059674e+00 +3.1260e+00 -2.8851e+00 +1.7905e+00
1639 +1.074644632e+00 +1.074644632e+00 -2.635355368e+00 -2.635355368e+00 +3.1271e+00 -2.8764e+00 +1.7815e+00
1718 +1.065036155e+00 +1.065036155e+00 -2.644963845e+00 -2.644963845e+00 +3.1343e+00 -2.8828e+00 +1.7811e+00
1737 +1.046745958e+00 +1.046745958e+00 -2.663254042e+00 -2.663254042e+00 +3.1302e+00 -2.8825e+00 +1.7811e+00
1738 +1.008192982e+00 +1.008192982e+00 -2.701807018e+00 -2.701807018e+00 +3.1275e+00 -2.8910e+00 +1.7841e+00
1889 +9.957084430e-01 +9.957084430e-01 -2.714291557e+00 -2.714291557e+00 +3.1191e+00 -2.8926e+00 +1.7833e+00
% function evaluation | noise-free fitness - Fopt (1.321800000000e+02) | best noise-free fitness - Fopt | measured fitness | best measured fitness | x1 | x2...
1 +1.579813147e+02 +1.579813147e+02 +2.901613147e+02 +2.901613147e+02 +0.0000e+00 +0.0000e+00 +0.0000e+00
2 +6.248653467e+01 +6.248653467e+01 +1.946665347e+02 +1.946665347e+02 -1.2374e+00 +6.1061e-01 +2.5575e+00
3 +4.557215147e+01 +4.557215147e+01 +1.777521515e+02 +1.777521515e+02 -1.0103e+00 +6.7361e-01 +2.6930e+00
4 +3.542391609e+01 +3.542391609e+01 +1.676039161e+02 +1.676039161e+02 -1.1581e+00 +4.0403e-01 +2.5293e+00
25 +2.928589942e+01 +2.928589942e+01 +1.614658994e+02 +1.614658994e+02 -1.0495e+00 +3.3279e-01 +2.7681e+00
37 +2.856077007e+01 +2.856077007e+01 +1.607407701e+02 +1.607407701e+02 -1.0047e+00 +4.6787e-01 +2.7972e+00
51 +2.617947385e+01 +2.617947385e+01 +1.583594738e+02 +1.583594738e+02 -9.9547e-01 +4.2328e-01 +2.7290e+00
58 +2.545398991e+01 +2.545398991e+01 +1.576339899e+02 +1.576339899e+02 -1.0127e+00 +4.4090e-01 +3.1137e+00
66 +2.259484142e+01 +2.259484142e+01 +1.547748414e+02 +1.547748414e+02 -9.8406e-01 +4.1696e-01 +2.7893e+00
69 +1.825522359e+01 +1.825522359e+01 +1.504352236e+02 +1.504352236e+02 -7.7392e-01 +4.0200e-01 +2.7483e+00
247 +1.762559656e+01 +1.762559656e+01 +1.498055966e+02 +1.498055966e+02 -7.7721e-01 +3.8254e-01 +2.7777e+00
330 +1.712809174e+01 +1.712809174e+01 +1.493080917e+02 +1.493080917e+02 -7.6450e-01 +4.0002e-01 +2.7772e+00
396 +1.697980099e+01 +1.697980099e+01 +1.491598010e+02 +1.491598010e+02 -7.2208e-01 +3.9284e-01 +2.7720e+00
1713 +1.350098833e+01 +1.350098833e+01 +1.456809883e+02 +1.456809883e+02 -1.6763e+00 +1.4538e+00 +2.8048e+00
1797 +1.259683354e+01 +1.259683354e+01 +1.447768335e+02 +1.447768335e+02 -3.5920e+00 +1.5361e+00 +3.1085e+00
1830 +1.140331222e+01 +1.140331222e+01 +1.435833122e+02 +1.435833122e+02 -2.7951e+00 +8.1042e-01 +4.1894e+00
1874 +4.319387144e+00 +4.319387144e+00 +1.364993871e+02 +1.364993871e+02 -2.7682e+00 +8.9932e-01 +3.1744e+00
2245 +3.508682978e+00 +3.508682978e+00 +1.356886830e+02 +1.356886830e+02 -2.7506e+00 +9.1267e-01 +3.8386e+00
2246 +2.937406575e+00 +2.937406575e+00 +1.351174066e+02 +1.351174066e+02 -2.7567e+00 +9.0234e-01 +3.4413e+00
6990 +2.863797814e+00 +2.863797814e+00 +1.350437978e+02 +1.350437978e+02 -3.7252e+00 +9.0375e-01 +3.7945e+00
7009 +2.323823592e+00 +2.323823592e+00 +1.345038236e+02 +1.345038236e+02 -3.7094e+00 +1.5129e+00 +3.8391e+00
7180 +1.595483363e+00 +1.595483363e+00 +1.337754834e+02 +1.337754834e+02 -3.7883e+00 +1.4740e+00 +3.7964e+00
7284 +1.253302016e+00 +1.253302016e+00 +1.334333020e+02 +1.334333020e+02 -3.7769e+00 +1.4850e+00 +3.8425e+00
7354 +1.021521003e+00 +1.021521003e+00 +1.332015210e+02 +1.332015210e+02 -3.7688e+00 +1.4872e+00 +3.8192e+00
7816 +9.984720541e-01 +9.984720541e-01 +1.331784721e+02 +1.331784721e+02 -3.7659e+00 +1.4826e+00 +3.8248e+00
22364 +9.433991151e-01 +9.433991151e-01 +1.331233991e+02 +1.331233991e+02 -3.7764e+00 +1.4593e+00 +3.4446e+00
22915 +1.786787820e-01 +1.786787820e-01 +1.323586788e+02 +1.323586788e+02 -3.7758e+00 +1.4779e+00 +3.4526e+00
% function evaluation | noise-free fitness - Fopt (6.438000000000e+01) | best noise-free fitness - Fopt | measured fitness | best measured fitness | x1 | x2...
1 +1.743174677e+02 +1.743174677e+02 +2.386974677e+02 +2.386974677e+02 +0.0000e+00 +0.0000e+00 +0.0000e+00
93 +8.633726538e+01 +8.633726538e+01 +1.507172654e+02 +1.507172654e+02 -1.3601e+00 +1.9593e+00 -1.2364e+00
104 +8.494501837e+01 +8.494501837e+01 +1.493250184e+02 +1.493250184e+02 -2.9642e+00 +3.2284e+00 -5.5779e-01
109 +6.178729408e+01 +6.178729408e+01 +1.261672941e+02 +1.261672941e+02 -7.7234e-01 +1.3588e+00 -3.2915e+00
110 +4.920008232e+01 +4.920008232e+01 +1.135800823e+02 +1.135800823e+02 -1.6402e+00 +1.7606e+00 -1.9420e+00
128 +4.466647405e+01 +4.466647405e+01 +1.090464740e+02 +1.090464740e+02 -9.4668e-01 +1.1971e+00 -2.3414e+00
150 +2.901943725e+01 +2.901943725e+01 +9.339943725e+01 +9.339943725e+01 -2.3823e-01 +2.1216e+00 -2.6204e+00
324 +2.588917374e+01 +2.588917374e+01 +9.026917374e+01 +9.026917374e+01 -7.9849e-01 +2.6986e+00 -3.0388e+00
371 +2.126947917e+01 +2.126947917e+01 +8.564947917e+01 +8.564947917e+01 -9.1271e-01 +2.2135e+00 -2.3187e+00
489 +1.477752154e+01 +1.477752154e+01 +7.915752154e+01 +7.915752154e+01 -5.1233e-02 +2.6813e+00 -1.6761e+00
495 +1.202843563e+01 +1.202843563e+01 +7.640843563e+01 +7.640843563e+01 -1.1001e-02 +2.7099e+00 -2.3482e+00
653 +9.247278776e+00 +9.247278776e+00 +7.362727878e+01 +7.362727878e+01 +1.1901e+00 +3.3201e+00 -1.9145e+00
725 +7.210435533e+00 +7.210435533e+00 +7.159043553e+01 +7.159043553e+01 +9.7661e-01 +3.2968e+00 -1.9284e+00
829 +5.309959214e+00 +5.309959214e+00 +6.968995921e+01 +6.968995921e+01 +2.0173e+00 +3.3255e+00 -1.9176e+00
986 +2.356794723e+00 +2.356794723e+00 +6.673679472e+01 +6.673679472e+01 +2.0655e+00 +3.2788e+00 -1.9491e+00
1108 +2.286507567e+00 +2.286507567e+00 +6.666650757e+01 +6.666650757e+01 +2.0169e+00 +3.2677e+00 -1.9610e+00
1210 +2.155253160e+00 +2.155253160e+00 +6.653525316e+01 +6.653525316e+01 +2.0338e+00 +3.2525e+00 -1.9496e+00
1236 +2.125815517e+00 +2.125815517e+00 +6.650581552e+01 +6.650581552e+01 +2.0462e+00 +3.2685e+00 -1.9732e+00
1253 +2.058089192e+00 +2.058089192e+00 +6.643808919e+01 +6.643808919e+01 +2.0315e+00 +3.2663e+00 -1.9624e+00
1320 +2.010044686e+00 +2.010044686e+00 +6.639004469e+01 +6.639004469e+01 +2.0397e+00 +3.2599e+00 -1.9575e+00
1482 +1.990681170e+00 +1.990681170e+00 +6.637068117e+01 +6.637068117e+01 +2.0439e+00 +3.2648e+00 -1.9599e+00
6224 +1.889601258e+00 +1.889601258e+00 +6.626960126e+01 +6.626960126e+01 +2.9884e+00 +3.2588e+00 -1.9820e+00
6351 +1.343173072e+00 +1.343173072e+00 +6.572317307e+01 +6.572317307e+01 +3.0420e+00 +3.2439e+00 -1.9718e+00
6450 +1.191992712e+00 +1.191992712e+00 +6.557199271e+01 +6.557199271e+01 +3.0584e+00 +3.2768e+00 -1.9674e+00
6626 +1.054343644e+00 +1.054343644e+00 +6.543434364e+01 +6.543434364e+01 +3.0573e+00 +3.2665e+00 -1.9604e+00
6648 +1.026559680e+00 +1.026559680e+00 +6.540655968e+01 +6.540655968e+01 +3.0383e+00 +3.2621e+00 -1.9662e+00
6668 +1.019606000e+00 +1.019606000e+00 +6.539960600e+01 +6.539960600e+01 +3.0305e+00 +3.2668e+00 -1.9560e+00
6758 +9.981517966e-01 +9.981517966e-01 +6.537815180e+01 +6.537815180e+01 +3.0427e+00 +3.2655e+00 -1.9601e+00
% function evaluation | noise-free fitness - Fopt (2.824800000000e+02) | best noise-free fitness - Fopt | measured fitness | best measured fitness | x1 | x2...
1 +1.141195429e+02 +1.141195429e+02 +3.965995429e+02 +3.965995429e+02 +0.0000e+00 +0.0000e+00 +0.0000e+00
418 +9.112144973e+01 +9.112144973e+01 +3.736014497e+02 +3.736014497e+02 +5.3409e-01 +5.5539e-01 +1.5180e+00
433 +6.836059578e+01 +6.836059578e+01 +3.508405958e+02 +3.508405958e+02 -4.8641e-01 -4.9696e-01 +3.1686e-01
518 +6.010183636e+01 +6.010183636e+01 +3.425818364e+02 +3.425818364e+02 +8.5167e-01 -6.4407e-01 +1.0938e+00
530 +3.750570484e+01 +3.750570484e+01 +3.199857048e+02 +3.199857048e+02 +1.7958e+00 -1.6437e+00 +1.9105e+00
559 +2.843459955e+01 +2.843459955e+01 +3.109145996e+02 +3.109145996e+02 +4.2606e-01 -1.6847e+00 +1.8795e+00
623 +2.808952593e+01 +2.808952593e+01 +3.105695259e+02 +3.105695259e+02 +1.5440e+00 -2.1725e+00 +1.7309e+00
643 +2.300912797e+01 +2.300912797e+01 +3.054891280e+02 +3.054891280e+02 -7.9204e-01 -2.3069e+00 +1.4332e+00
646 +2.225365517e+01 +2.225365517e+01 +3.047336552e+02 +3.047336552e+02 +1.4591e+00 -3.0514e+00 +1.8102e+00
655 +1.155847842e+01 +1.155847842e+01 +2.940384784e+02 +2.940384784e+02 +2.4248e+00 -2.8129e+00 +1.5098e+00
711 +9.284301318e+00 +9.284301318e+00 +2.917643013e+02 +2.917643013e+02 -3.7000e-01 -3.3409e+00 +1.0675e+00
924 +6.534760619e+00 +6.534760619e+00 +2.890147606e+02 +2.890147606e+02 +1.4672e+00 -3.9176e+00 +1.4270e+00
1054 +5.088461762e+00 +5.088461762e+00 +2.875684618e+02 +2.875684618e+02 +4.7797e-01 -4.0367e+00 +1.7647e+00
1650 +4.990718824e+00 +4.990718824e+00 +2.874707188e+02 +2.874707188e+02 -4.3597e-01 -3.3636e+00 +2.1320e+00
3257 +3.923588001e+00 +3.923588001e+00 +2.864035880e+02 +2.864035880e+02 +2.5230e+00 -3.9906e+00 +2.1085e+00
3776 +3.100025982e+00 +3.100025982e+00 +2.855800260e+02 +2.855800260e+02 +1.4336e+00 -3.9533e+00 +2.1320e+00
4081 +2.827504477e+00 +2.827504477e+00 +2.853075045e+02 +2.853075045e+02 +1.5844e+00 -2.8065e+00 +2.1371e+00
4204 +1.821854304e+00 +1.821854304e+00 +2.843018543e+02 +2.843018543e+02 +1.5346e+00 -3.3423e+00 +2.1067e+00
4884 +1.522325968e+00 +1.522325968e+00 +2.840023260e+02 +2.840023260e+02 +1.5371e+00 -3.9873e+00 +1.7844e+00
16048 +1.314689207e+00 +1.314689207e+00 +2.837946892e+02 +2.837946892e+02 +1.5422e+00 -3.3756e+00 +2.1303e+00
16420 +1.270778633e+00 +1.270778633e+00 +2.837507786e+02 +2.837507786e+02 +1.5213e+00 -3.3624e+00 +2.1581e+00
16479 +8.226683149e-01 +8.226683149e-01 +2.833026683e+02 +2.833026683e+02 +1.4539e+00 -3.3645e+00 +1.7841e+00
16614 +7.754068511e-01 +7.754068511e-01 +2.832554069e+02 +2.832554069e+02 +1.5064e+00 -3.3932e+00 +1.7804e+00
% function evaluation | noise-free fitness - Fopt (4.826100000000e+02) | best noise-free fitness - Fopt | measured fitness | best measured fitness | x1 | x2...
1 +7.566467951e+01 +7.566467951e+01 +5.582746795e+02 +5.582746795e+02 +0.0000e+00 +0.0000e+00 +0.0000e+00
70 +4.553959402e+01 +4.553959402e+01 +5.281495940e+02 +5.281495940e+02 -2.6519e-03 +1.8875e+00 -1.0392e-01
78 +3.967455049e+01 +3.967455049e+01 +5.222845505e+02 +5.222845505e+02 -3.8536e-01 +2.0277e+00 -8.3069e-04
102 +1.819948534e+01 +1.819948534e+01 +5.008094853e+02 +5.008094853e+02 +1.8515e+00 +2.7012e+00 -7.7724e-01
122 +1.281820485e+01 +1.281820485e+01 +4.954282048e+02 +4.954282048e+02 +7.7149e-01 +3.2310e+00 -2.1170e+00
241 +8.323154479e+00 +8.323154479e+00 +4.909331545e+02 +4.909331545e+02 -1.4667e-01 +2.4659e+00 -1.4539e+00
443 +3.046350076e+00 +3.046350076e+00 +4.856563501e+02 +4.856563501e+02 +8.0329e-01 +1.9070e+00 -1.4474e+00
643 +1.355553713e+00 +1.355553713e+00 +4.839655537e+02 +4.839655537e+02 +7.7168e-01 +3.0925e+00 -1.4098e+00
1002 +1.155040673e+00 +1.155040673e+00 +4.837650407e+02 +4.837650407e+02 +7.7008e-01 +2.5816e+00 -1.4021e+00
1141 +8.716396975e-01 +8.716396975e-01 +4.834816397e+02 +4.834816397e+02 +7.3752e-01 +2.5412e+00 -1.4359e+00
1144 +7.386213838e-01 +7.386213838e-01 +4.833486214e+02 +4.833486214e+02 +7.7552e-01 +2.5438e+00 -1.4412e+00
1166 +3.103703620e-01 +3.103703620e-01 +4.829203704e+02 +4.829203704e+02 +8.0157e-01 +2.5670e+00 -1.4304e+00
1188 +1.786690488e-01 +1.786690488e-01 +4.827886690e+02 +4.827886690e+02 +8.0105e-01 +2.5383e+00 -1.4203e+00
1320 +1.605313064e-01 +1.605313064e-01 +4.827705313e+02 +4.827705313e+02 +7.7886e-01 +2.5675e+00 -1.4253e+00
1364 +7.979787756e-02 +7.979787756e-02 +4.826897979e+02 +4.826897979e+02 +8.0274e-01 +2.5506e+00 -1.4220e+00
1389 +3.770717277e-02 +3.770717277e-02 +4.826477072e+02 +4.826477072e+02 +7.9384e-01 +2.5549e+00 -1.4210e+00
1457 +3.608981522e-02 +3.608981522e-02 +4.826460898e+02 +4.826460898e+02 +7.7724e-01 +2.5442e+00 -1.4212e+00
1474 +6.291166981e-03 +6.291166981e-03 +4.826162912e+02 +4.826162912e+02 +7.8528e-01 +2.5510e+00 -1.4240e+00
1518 +3.009293858e-03 +3.009293858e-03 +4.826130093e+02 +4.826130093e+02 +7.8052e-01 +2.5531e+00 -1.4224e+00
1562 +1.934974202e-03 +1.934974202e-03 +4.826119350e+02 +4.826119350e+02 +7.8096e-01 +2.5498e+00 -1.4220e+00
1628 +3.353831873e-04 +3.353831873e-04 +4.826103354e+02 +4.826103354e+02 +7.8328e-01 +2.5517e+00 -1.4225e+00
1738 +1.736691937e-04 +1.736691937e-04 +4.826101737e+02 +4.826101737e+02 +7.8247e-01 +2.5508e+00 -1.4222e+00
1754 +9.642472025e-05 +9.642472025e-05 +4.826100964e+02 +4.826100964e+02 +7.8266e-01 +2.5514e+00 -1.4226e+00
1821 +6.405606791e-05 +6.405606791e-05 +4.826100641e+02 +4.826100641e+02 +7.8205e-01 +2.5514e+00 -1.4225e+00
1870 +5.001512324e-05 +5.001512324e-05 +4.826100500e+02 +4.826100500e+02 +7.8219e-01 +2.5514e+00 -1.4225e+00
1892 +2.055409527e-05 +2.055409527e-05 +4.826100206e+02 +4.826100206e+02 +7.8270e-01 +2.5512e+00 -1.4224e+00
1964 +1.911087566e-05 +1.911087566e-05 +4.826100191e+02 +4.826100191e+02 +7.8241e-01 +2.5512e+00 -1.4223e+00
1968 +1.076800237e-05 +1.076800237e-05 +4.826100108e+02 +4.826100108e+02 +7.8228e-01 +2.5512e+00 -1.4225e+00
1980 +1.045723707e-06 +1.045723707e-06 +4.826100010e+02 +4.826100010e+02 +7.8242e-01 +2.5512e+00 -1.4224e+00
2068 +8.537762710e-07 +8.537762710e-07 +4.826100009e+02 +4.826100009e+02 +7.8241e-01 +2.5512e+00 -1.4224e+00
2141 +7.453659805e-07 +7.453659805e-07 +4.826100007e+02 +4.826100007e+02 +7.8243e-01 +2.5512e+00 -1.4224e+00
2152 +7.285594847e-07 +7.285594847e-07 +4.826100007e+02 +4.826100007e+02 +7.8239e-01 +2.5512e+00 -1.4224e+00
2156 +2.056763719e-07 +2.056763719e-07 +4.826100002e+02 +4.826100002e+02 +7.8241e-01 +2.5512e+00 -1.4224e+00
2170 +1.413859536e-07 +1.413859536e-07 +4.826100001e+02 +4.826100001e+02 +7.8238e-01 +2.5512e+00 -1.4224e+00
2288 +1.295604193e-07 +1.295604193e-07 +4.826100001e+02 +4.826100001e+02 +7.8242e-01 +2.5512e+00 -1.4224e+00
2304 +4.945491128e-09 +4.945491128e-09 +4.826100000e+02 +4.826100000e+02 +7.8240e-01 +2.5512e+00 -1.4224e+00
% function evaluation | noise-free fitness - Fopt (7.177000000000e+01) | best noise-free fitness - Fopt | measured fitness | best measured fitness | x1 | x2...
1 +6.439834124e+01 +6.439834124e+01 +1.361683412e+02 +1.361683412e+02 +0.0000e+00 +0.0000e+00 +0.0000e+00
488 +4.005066628e+01 +4.005066628e+01 +1.118206663e+02 +1.118206663e+02 +1.6946e+00 +1.3909e+00 +1.1150e+00
611 +2.430833722e+01 +2.430833722e+01 +9.607833722e+01 +9.607833722e+01 -2.5610e-01 +7.6721e-01 +7.1299e-01
634 +2.053137703e+01 +2.053137703e+01 +9.230137703e+01 +9.230137703e+01 -1.2756e+00 +7.7867e-01 +2.1477e+00
642 +1.787394604e+01 +1.787394604e+01 +8.964394604e+01 +8.964394604e+01 -1.2506e+00 +1.9454e+00 +2.0840e+00
645 +1.088311827e+01 +1.088311827e+01 +8.265311827e+01 +8.265311827e+01 -3.1998e+00 +1.1138e+00 +2.1824e+00
807 +9.690839682e+00 +9.690839682e+00 +8.146083968e+01 +8.146083968e+01 -4.9398e+00 +1.8001e+00 +1.4316e+00
893 +9.019738703e+00 +9.019738703e+00 +8.078973870e+01 +8.078973870e+01 -2.2111e+00 +2.3444e+00 +1.5239e+00
917 +5.833432753e+00 +5.833432753e+00 +7.760343275e+01 +7.760343275e+01 -3.2262e+00 +1.7789e+00 +1.3886e+00
1062 +4.542375422e+00 +4.542375422e+00 +7.631237542e+01 +7.631237542e+01 -4.2571e+00 +2.3711e+00 +1.8048e+00
1143 +4.084210063e+00 +4.084210063e+00 +7.585421006e+01 +7.585421006e+01 -3.2158e+00 +1.2864e+00 +1.8166e+00
1158 +1.287463609e+00 +1.287463609e+00 +7.305746361e+01 +7.305746361e+01 -3.1980e+00 +1.7579e+00 +1.4541e+00
% function evaluation | noise-free fitness - Fopt (8.448800000000e+02) | best noise-free fitness - Fopt | measured fitness | best measured fitness | x1 | x2...
1 +3.391376365e+02 +3.391376365e+02 +1.184017637e+03 +1.184017637e+03 +0.0000e+00 +0.0000e+00 +0.0000e+00
92 +3.372913573e+02 +3.372913573e+02 +1.182171357e+03 +1.182171357e+03 -4.4000e+00 -2.3439e+00 -2.8371e-01
94 +3.310241978e+02 +3.310241978e+02 +1.175904198e+03 +1.175904198e+03 -3.3855e+00 -3.2329e+00 -3.2563e-01
97 +2.122115490e+02 +2.122115490e+02 +1.057091549e+03 +1.057091549e+03 -4.2560e+00 -3.3298e+00 -1.3642e+00
106 +1.770711612e+02 +1.770711612e+02 +1.021951161e+03 +1.021951161e+03 -4.2611e+00 -3.0963e+00 -1.5675e+00
113 +1.093141773e+02 +1.093141773e+02 +9.541941773e+02 +9.541941773e+02 -4.1201e+00 -2.0099e+00 -2.1474e+00
116 +1.017855569e+02 +1.017855569e+02 +9.466655569e+02 +9.466655569e+02 -3.1849e+00 -3.5366e+00 -3.2977e+00
117 +9.064951999e+01 +9.064951999e+01 +9.355295200e+02 +9.355295200e+02 -3.2719e+00 -2.9147e+00 -2.4578e+00
134 +6.759185889e+01 +6.759185889e+01 +9.124718589e+02 +9.124718589e+02 -2.0789e+00 -1.6259e+00 -3.0384e+00
226 +4.076929787e+01 +4.076929787e+01 +8.856492979e+02 +8.856492979e+02 +3.2824e-02 -3.7154e-01 -2.8158e+00
322 +3.924421861e+01 +3.924421861e+01 +8.841242186e+02 +8.841242186e+02 +1.1300e-01 +1.1639e+00 -4.0681e+00
329 +2.444275068e+01 +2.444275068e+01 +8.693227507e+02 +8.693227507e+02 -9.4255e-01 +4.6035e-01 -3.5337e+00
423 +2.025321005e+01 +2.025321005e+01 +8.651332100e+02 +8.651332100e+02 +3.8131e+00 -5.4974e-01 -3.8877e+00
438 +1.953235260e+01 +1.953235260e+01 +8.644123526e+02 +8.644123526e+02 +1.0817e-01 +2.2260e+00 -3.1906e+00
484 +1.565797894e+01 +1.565797894e+01 +8.605379789e+02 +8.605379789e+02 +2.1245e+00 +4.9933e-01 -3.1141e+00
515 +1.377445398e+01 +1.377445398e+01 +8.586544540e+02 +8.586544540e+02 +3.1977e+00 -1.9815e-01 -3.1358e+00
534 +9.283676296e+00 +9.283676296e+00 +8.541636763e+02 +8.541636763e+02 +2.0595e+00 -1.8934e-03 -3.2451e+00
550 +7.122969830e+00 +7.122969830e+00 +8.520029698e+02 +8.520029698e+02 +3.1774e+00 +6.2343e-01 -3.5807e+00
582 +4.142848983e+00 +4.142848983e+00 +8.490228490e+02 +8.490228490e+02 +3.1694e+00 -7.8795e-02 -3.9214e+00
1999 +1.955990813e+00 +1.955990813e+00 +8.468359908e+02 +8.468359908e+02 +4.1376e+00 +4.9155e-01 -3.6031e+00
2574 +1.760499012e+00 +1.760499012e+00 +8.466404990e+02 +8.466404990e+02 +3.0982e+00 +5.1696e-01 -3.2321e+00
2915 +1.170044283e+00 +1.170044283e+00 +8.460500443e+02 +8.460500443e+02 +2.1478e+00 +4.9458e-01 -3.5912e+00
3022 +1.428549503e-01 +1.428549503e-01 +8.450228550e+02 +8.450228550e+02 +3.1459e+00 +4.8861e-01 -3.5855e+00
3415 +6.412703159e-02 +6.412703159e-02 +8.449441270e+02 +8.449441270e+02 +3.1466e+00 +5.0742e-01 -3.5787e+00
3478 +4.075607632e-02 +4.075607632e-02 +8.449207561e+02 +8.449207561e+02 +3.1671e+00 +5.0432e-01 -3.5825e+00
3489 +1.459857207e-02 +1.459857207e-02 +8.448945986e+02 +8.448945986e+02 +3.1522e+00 +5.0269e-01 -3.5859e+00
3568 +8.072023406e-03 +8.072023406e-03 +8.448880720e+02 +8.448880720e+02 +3.1516e+00 +5.0201e-01 -3.5813e+00
3607 +7.301148220e-03 +7.301148220e-03 +8.448873011e+02 +8.448873011e+02 +3.1545e+00 +5.0051e-01 -3.5815e+00
3630 +1.371947296e-03 +1.371947296e-03 +8.448813719e+02 +8.448813719e+02 +3.1519e+00 +5.0324e-01 -3.5836e+00
3740 +8.503141780e-04 +8.503141780e-04 +8.448808503e+02 +8.448808503e+02 +3.1539e+00 +5.0123e-01 -3.5832e+00
3850 +4.593280466e-04 +4.593280466e-04 +8.448804593e+02 +8.448804593e+02 +3.1551e+00 +5.0244e-01 -3.5830e+00
3881 +3.393073754e-04 +3.393073754e-04 +8.448803393e+02 +8.448803393e+02 +3.1548e+00 +5.0220e-01 -3.5832e+00
3932 +2.151451885e-04 +2.151451885e-04 +8.448802151e+02 +8.448802151e+02 +3.1544e+00 +5.0237e-01 -3.5830e+00
3938 +1.826034197e-04 +1.826034197e-04 +8.448801826e+02 +8.448801826e+02 +3.1543e+00 +5.0276e-01 -3.5832e+00
3960 +9.211274914e-05 +9.211274914e-05 +8.448800921e+02 +8.448800921e+02 +3.1538e+00 +5.0210e-01 -3.5833e+00
3982 +1.002023805e-05 +1.002023805e-05 +8.448800100e+02 +8.448800100e+02 +3.1537e+00 +5.0249e-01 -3.5832e+00
4004 +7.800620665e-06 +7.800620665e-06 +8.448800078e+02 +8.448800078e+02 +3.1535e+00 +5.0232e-01 -3.5832e+00
4123 +4.803620527e-06 +4.803620527e-06 +8.448800048e+02 +8.448800048e+02 +3.1537e+00 +5.0233e-01 -3.5832e+00
4202 +1.378535330e-06 +1.378535330e-06 +8.448800014e+02 +8.448800014e+02 +3.1537e+00 +5.0238e-01 -3.5832e+00
4268 +1.959582505e-07 +1.959582505e-07 +8.448800002e+02 +8.448800002e+02 +3.1536e+00 +5.0239e-01 -3.5832e+00
4290 +1.040360758e-07 +1.040360758e-07 +8.448800001e+02 +8.448800001e+02 +3.1536e+00 +5.0241e-01 -3.5832e+00
4312 +7.344283404e-08 +7.344283404e-08 +8.448800001e+02 +8.448800001e+02 +3.1536e+00 +5.0240e-01 -3.5832e+00
4438 +6.575862699e-08 +6.575862699e-08 +8.448800001e+02 +8.448800001e+02 +3.1536e+00 +5.0240e-01 -3.5832e+00
4466 +4.728406111e-08 +4.728406111e-08 +8.448800000e+02 +8.448800000e+02 +3.1536e+00 +5.0240e-01 -3.5832e+00
4488 +3.133595783e-08 +3.133595783e-08 +8.448800000e+02 +8.448800000e+02 +3.1536e+00 +5.0240e-01 -3.5832e+00
4510 +3.020886652e-09 +3.020886652e-09 +8.448800000e+02 +8.448800000e+02 +3.1536e+00 +5.0240e-01 -3.5832e+00
% function evaluation | noise-free fitness - Fopt (-4.222000000000e+01) | best noise-free fitness - Fopt | measured fitness | best measured fitness | x1 | x2...
1 +1.641186499e+02 +1.641186499e+02 +1.218986499e+02 +1.218986499e+02 +0.0000e+00 +0.0000e+00 +0.0000e+00
76 +1.567536648e+02 +1.567536648e+02 +1.145336648e+02 +1.145336648e+02 +6.8782e+00 +1.6876e-01 +1.4411e+00
90 +9.042018323e+01 +9.042018323e+01 +4.820018323e+01 +4.820018323e+01 +6.0234e+00 -2.0903e+00 +1.1978e+00
92 +7.919435776e+01 +7.919435776e+01 +3.697435776e+01 +3.697435776e+01 +6.8306e+00 -2.2039e+00 +7.3414e-01
110 +5.999246166e+01 +5.999246166e+01 +1.777246166e+01 +1.777246166e+01 +6.6906e+00 -1.6332e+00 +1.0510e+00
145 +5.762337082e+01 +5.762337082e+01 +1.540337082e+01 +1.540337082e+01 +7.5772e+00 -3.1368e+00 +1.3769e+00
167 +2.212708506e+01 +2.212708506e+01 -2.009291494e+01 -2.009291494e+01 +5.6832e+00 -4.0153e+00 +2.0284e+00
203 +1.675539846e+01 +1.675539846e+01 -2.546460154e+01 -2.546460154e+01 +4.7203e+00 -3.4473e+00 +2.3654e+00
492 +1.265632529e+01 +1.265632529e+01 -2.956367471e+01 -2.956367471e+01 +4.6918e+00 -4.5151e+00 +1.6833e+00
510 +1.129156813e+01 +1.129156813e+01 -3.092843187e+01 -3.092843187e+01 +3.5878e+00 -3.3600e+00 +1.9628e+00
522 +1.068224049e+01 +1.068224049e+01 -3.153775951e+01 -3.153775951e+01 +4.7073e+00 -3.9515e+00 +1.9924e+00
547 +9.717357815e+00 +9.717357815e+00 -3.250264219e+01 -3.250264219e+01 +3.6128e+00 -3.8720e+00 +1.7316e+00
944 +9.428537653e+00 +9.428537653e+00 -3.279146235e+01 -3.279146235e+01 +3.6142e+00 -4.0052e+00 +1.7288e+00
998 +5.189999570e+00 +5.189999570e+00 -3.703000043e+01 -3.703000043e+01 +1.6818e+00 -3.8866e+00 +1.7032e+00
1339 +4.668166551e+00 +4.668166551e+00 -3.755183345e+01 -3.755183345e+01 +1.6699e+00 -4.5289e+00 +2.3386e+00
1477 +2.720050765e+00 +2.720050765e+00 -3.949994924e+01 -3.949994924e+01 +1.5529e+00 -4.5484e+00 +2.3448e+00
1507 +2.368735990e+00 +2.368735990e+00 -3.985126401e+01 -3.985126401e+01 +1.5443e+00 -4.5225e+00 +2.3839e+00
1540 +2.106568681e+00 +2.106568681e+00 -4.011343132e+01 -4.011343132e+01 +1.5710e+00 -4.5485e+00 +2.3627e+00
1672 +1.996765721e+00 +1.996765721e+00 -4.022323428e+01 -4.022323428e+01 +1.5785e+00 -4.5362e+00 +2.3771e+00
1826 +1.994823604e+00 +1.994823604e+00 -4.022517640e+01 -4.022517640e+01 +1.5826e+00 -4.5388e+00 +2.3729e+00
3632 +1.697141977e+00 +1.697141977e+00 -4.052285802e+01 -4.052285802e+01 +5.8535e-01 -3.9272e+00 +1.9959e+00
3653 +1.288729312e+00 +1.288729312e+00 -4.093127069e+01 -4.093127069e+01 +5.5768e-01 -3.9317e+00 +2.0130e+00
3676 +1.202001540e+00 +1.202001540e+00 -4.101799846e+01 -4.101799846e+01 +5.6172e-01 -3.9404e+00 +2.0174e+00
3781 +1.164415083e+00 +1.164415083e+00 -4.105558492e+01 -4.105558492e+01 +5.9736e-01 -3.9383e+00 +2.0069e+00
3786 +1.030609206e+00 +1.030609206e+00 -4.118939079e+01 -4.118939079e+01 +5.8801e-01 -3.9370e+00 +2.0147e+00
3845 +1.017332996e+00 +1.017332996e+00 -4.120266700e+01 -4.120266700e+01 +5.7864e-01 -3.9448e+00 +2.0151e+00
3962 +9.999547647e-01 +9.999547647e-01 -4.122004524e+01 -4.122004524e+01 +5.8345e-01 -3.9405e+00 +2.0143e+00
% function evaluation | noise-free fitness - Fopt (-9.179000000000e+01) | best noise-free fitness - Fopt | measured fitness | best measured fitness | x1 | x2...
1 +3.144740870e+02 +3.144740870e+02 +2.226840870e+02 +2.226840870e+02 +0.0000e+00 +0.0000e+00 +0.0000e+00
73 +2.133019881e+02 +2.133019881e+02 +1.215119881e+02 +1.215119881e+02 -3.2147e+00 -2.5741e+00 -8.9468e-01
91 +2.017898148e+02 +2.017898148e+02 +1.099998148e+02 +1.099998148e+02 -3.0504e+00 -2.5920e+00 -8.2016e-01
93 +1.141904040e+02 +1.141904040e+02 +2.240040401e+01 +2.240040401e+01 -2.7442e+00 -2.7532e+00 -1.9258e+00
98 +9.745033179e+01 +9.745033179e+01 +5.660331789e+00 +5.660331789e+00 -3.2460e+00 -3.0654e+00 -2.3220e+00
107 +6.159789649e+01 +6.159789649e+01 -3.019210351e+01 -3.019210351e+01 -3.0347e+00 -1.8242e+00 -3.0491e+00
147 +3.832401272e+01 +3.832401272e+01 -5.346598728e+01 -5.346598728e+01 -3.4408e+00 -2.2615e-01 -3.0348e+00
172 +2.895588733e+01 +2.895588733e+01 -6.283411267e+01 -6.283411267e+01 -2.0383e+00 -1.0671e+00 -4.1266e+00
2644 +2.165337983e+01 +2.165337983e+01 -7.013662017e+01 -7.013662017e+01 -3.1235e+00 +1.8676e+00 -2.4401e+00
2765 +1.393070858e+01 +1.393070858e+01 -7.785929142e+01 -7.785929142e+01 -2.2291e+00 +1.8728e+00 -2.7994e+00
2811 +8.752626035e+00 +8.752626035e+00 -8.303737396e+01 -8.303737396e+01 -2.0793e+00 +1.2554e+00 -3.1010e+00
2996 +7.099042836e+00 +7.099042836e+00 -8.469095716e+01 -8.469095716e+01 -1.3899e-01 +8.2080e-01 -3.0205e+00
3025 +5.280371587e+00 +5.280371587e+00 -8.650962841e+01 -8.650962841e+01 -1.0498e+00 +7.0574e-01 -3.0167e+00
3274 +4.196922954e+00 +4.196922954e+00 -8.759307705e+01 -8.759307705e+01 -7.1888e-02 +1.2481e+00 -3.0694e+00
3516 +3.957550891e+00 +3.957550891e+00 -8.783244911e+01 -8.783244911e+01 +8.9512e-01 +7.6666e-01 -3.4367e+00
3720 +2.410331081e+00 +2.410331081e+00 -8.937966892e+01 -8.937966892e+01 +4.9272e-03 +1.3788e+00 -3.4353e+00
3737 +1.307596791e+00 +1.307596791e+00 -9.048240321e+01 -9.048240321e+01 -5.7656e-02 +1.2884e+00 -3.4204e+00
4092 +1.198114824e+00 +1.198114824e+00 -9.059188518e+01 -9.059188518e+01 -4.9512e-02 +1.3550e+00 -3.4097e+00
4093 +9.051226336e-01 +9.051226336e-01 -9.088487737e+01 -9.088487737e+01 -5.9412e-02 +1.3694e+00 -3.4318e+00
4128 +6.454877564e-01 +6.454877564e-01 -9.114451224e+01 -9.114451224e+01 -1.1049e-01 +1.3324e+00 -3.4297e+00
4146 +3.809790980e-01 +3.809790980e-01 -9.140902090e+01 -9.140902090e+01 -7.9131e-02 +1.3451e+00 -3.4379e+00
4179 +1.568961656e-01 +1.568961656e-01 -9.163310383e+01 -9.163310383e+01 -6.8036e-02 +1.3164e+00 -3.4276e+00
4226 +5.254805091e-02 +5.254805091e-02 -9.173745195e+01 -9.173745195e+01 -3.6690e-02 +1.3300e+00 -3.4326e+00
4290 +2.145817620e-02 +2.145817620e-02 -9.176854182e+01 -9.176854182e+01 -6.0781e-02 +1.3276e+00 -3.4333e+00
4396 +1.721615461e-02 +1.721615461e-02 -9.177278385e+01 -9.177278385e+01 -4.3518e-02 +1.3277e+00 -3.4323e+00
4432 +1.001591088e-03 +1.001591088e-03 -9.178899841e+01 -9.178899841e+01 -5.2046e-02 +1.3291e+00 -3.4315e+00
4732 +2.666796072e-04 +2.666796072e-04 -9.178973332e+01 -9.178973332e+01 -5.2184e-02 +1.3278e+00 -3.4309e+00
4776 +3.462006491e-05 +3.462006491e-05 -9.178996538e+01 -9.178996538e+01 -5.1968e-02 +1.3281e+00 -3.4311e+00
4864 +1.554797008e-05 +1.554797008e-05 -9.178998445e+01 -9.178998445e+01 -5.2274e-02 +1.3280e+00 -3.4312e+00
4871 +8.650063563e-06 +8.650063563e-06 -9.178999135e+01 -9.178999135e+01 -5.1927e-02 +1.3280e+00 -3.4311e+00
4902 +1.149545142e-06 +1.149545142e-06 -9.178999885e+01 -9.178999885e+01 -5.1979e-02 +1.3280e+00 -3.4312e+00
5062 +7.626508420e-07 +7.626508420e-07 -9.178999924e+01 -9.178999924e+01 -5.1998e-02 +1.3280e+00 -3.4312e+00
5123 +2.432933428e-07 +2.432933428e-07 -9.178999976e+01 -9.178999976e+01 -5.1980e-02 +1.3280e+00 -3.4312e+00
5150 +2.114047675e-07 +2.114047675e-07 -9.178999979e+01 -9.178999979e+01 -5.1989e-02 +1.3280e+00 -3.4312e+00
5205 +1.198450832e-07 +1.198450832e-07 -9.178999988e+01 -9.178999988e+01 -5.2003e-02 +1.3280e+00 -3.4312e+00
5216 +6.196540880e-08 +6.196540880e-08 -9.178999994e+01 -9.178999994e+01 -5.2009e-02 +1.3280e+00 -3.4312e+00
5260 +1.553706852e-08 +1.553706852e-08 -9.178999998e+01 -9.178999998e+01 -5.2003e-02 +1.3280e+00 -3.4312e+00
5281 +3.445222774e-09 +3.445222774e-09 -9.179000000e+01 -9.179000000e+01 -5.2002e-02 +1.3280e+00 -3.4312e+00
% function evaluation | noise-free fitness - Fopt (-1.277000000000e+01) | best noise-free fitness - Fopt | measured fitness | best measured fitness | x1 | x2...
1 +1.333350336e+02 +1.333350336e+02 +1.205650336e+02 +1.205650336e+02 +0.0000e+00 +0.0000e+00 +0.0000e+00
2 +1.307504455e+02 +1.307504455e+02 +1.179804455e+02 +1.179804455e+02 -3.1993e+00 -1.0853e-01 -4.1900e+00
3 +1.189510767e+02 +1.189510767e+02 +1.061810767e+02 +1.061810767e+02 -3.1303e+00 -1.1421e-01 -4.3820e+00
4 +1.170216710e+02 +1.170216710e+02 +1.042516710e+02 +1.042516710e+02 -3.1017e+00 -1.3136e-01 -4.3990e+00
36 +1.119768132e+02 +1.119768132e+02 +9.920681323e+01 +9.920681323e+01 -2.8009e+00 -1.5984e-01 -4.2086e+00
48 +1.066448278e+02 +1.066448278e+02 +9.387482778e+01 +9.387482778e+01 -2.9344e+00 -1.1604e-01 -4.4616e+00
58 +9.904185296e+01 +9.904185296e+01 +8.627185296e+01 +8.627185296e+01 -2.6653e+00 -1.5024e-01 -4.3663e+00
70 +9.754769061e+01 +9.754769061e+01 +8.477769061e+01 +8.477769061e+01 -2.6072e+00 -2.8977e-02 -4.3755e+00
76 +9.004944549e+01 +9.004944549e+01 +7.727944549e+01 +7.727944549e+01 -2.7982e+00 -1.9072e-02 -4.0619e+00
102 +8.769200126e+01 +8.769200126e+01 +7.492200126e+01 +7.492200126e+01 -2.6760e+00 -3.6210e-02 -3.7286e+00
104 +8.625487287e+01 +8.625487287e+01 +7.348487287e+01 +7.348487287e+01 -2.7928e+00 -1.3809e-01 -4.0294e+00
127 +8.226760084e+01 +8.226760084e+01 +6.949760084e+01 +6.949760084e+01 -2.5758e+00 -8.9952e-02 -4.0139e+00
141 +8.076518544e+01 +8.076518544e+01 +6.799518544e+01 +6.799518544e+01 -2.5125e+00 +2.2316e-02 -3.6573e+00
154 +7.887738143e+01 +7.887738143e+01 +6.610738143e+01 +6.610738143e+01 -2.5355e+00 -4.4144e-02 -3.6773e+00
168 +7.594103981e+01 +7.594103981e+01 +6.317103981e+01 +6.317103981e+01 -2.0550e+00 -2.0367e-01 -3.1154e+00
183 +6.806148853e+01 +6.806148853e+01 +5.529148853e+01 +5.529148853e+01 -1.2880e+00 +3.6042e-02 -3.4150e+00
198 +6.151630988e+01 +6.151630988e+01 +4.874630988e+01 +4.874630988e+01 -1.8825e+00 -1.0896e-01 -3.1426e+00
206 +5.948449975e+01 +5.948449975e+01 +4.671449975e+01 +4.671449975e+01 -1.4899e+00 -3.5713e-01 -2.2374e+00
207 +5.321017077e+01 +5.321017077e+01 +4.044017077e+01 +4.044017077e+01 -1.5548e+00 -2.2199e-01 -3.1510e+00
213 +5.121677223e+01 +5.121677223e+01 +3.844677223e+01 +3.844677223e+01 -1.2924e+00 -2.8766e-01 -1.8037e+00
229 +4.433510259e+01 +4.433510259e+01 +3.156510259e+01 +3.156510259e+01 -1.2733e+00 -3.5024e-02 -2.8187e+00
237 +3.003918836e+01 +3.003918836e+01 +1.726918836e+01 +1.726918836e+01 -3.5126e-01 -1.1470e-01 -1.5488e+00
260 +2.906239926e+01 +2.906239926e+01 +1.629239926e+01 +1.629239926e+01 +1.5156e+00 -2.6907e-02 -1.9130e+00
296 +2.659682704e+01 +2.659682704e+01 +1.382682704e+01 +1.382682704e+01 +1.8040e+00 +4.4930e-01 -3.1731e+00
332 +2.481145383e+01 +2.481145383e+01 +1.204145383e+01 +1.204145383e+01 +2.6009e+00 +2.7775e-02 -1.4389e+00
345 +2.143844819e+01 +2.143844819e+01 +8.668448186e+00 +8.668448186e+00 +2.5268e+00 -6.8054e-02 -1.5444e+00
349 +1.325030298e+01 +1.325030298e+01 +4.803029824e-01 +4.803029824e-01 +4.6271e+00 +4.4854e-01 -2.2164e+00
408 +1.295718061e+01 +1.295718061e+01 +1.871806126e-01 +1.871806126e-01 +1.6485e+00 +4.2048e-01 -1.8689e+00
510 +9.202051684e+00 +9.202051684e+00 -3.567948316e+00 -3.567948316e+00 +3.6716e+00 +7.6830e-01 -1.5414e+00
533 +7.099827843e+00 +7.099827843e+00 -5.670172157e+00 -5.670172157e+00 +2.6438e+00 +3.7296e-01 -2.5046e+00
591 +5.431873166e+00 +5.431873166e+00 -7.338126834e+00 -7.338126834e+00 +3.6817e+00 +3.7143e-01 -2.4826e+00
1265 +4.343260688e+00 +4.343260688e+00 -8.426739312e+00 -8.426739312e+00 +3.6713e+00 +4.0327e-01 -2.1807e+00
3498 +1.711695782e+00 +1.711695782e+00 -1.105830422e+01 -1.105830422e+01 +3.6244e+00 +9.0766e-01 -2.1784e+00
9590 +7.748754337e-01 +7.748754337e-01 -1.199512457e+01 -1.199512457e+01 +3.7022e+00 +1.4879e+00 -2.1635e+00
9691 +5.988714883e-01 +5.988714883e-01 -1.217112851e+01 -1.217112851e+01 +3.6544e+00 +1.4699e+00 -2.1960e+00
9708 +1.351200204e-01 +1.351200204e-01 -1.263487998e+01 -1.263487998e+01 +3.6432e+00 +1.4765e+00 -2.1766e+00
9884 +5.581023673e-03 +5.581023673e-03 -1.276441898e+01 -1.276441898e+01 +3.6699e+00 +1.4699e+00 -2.1800e+00
9928 +1.321189210e-03 +1.321189210e-03 -1.276867881e+01 -1.276867881e+01 +3.6674e+00 +1.4699e+00 -2.1797e+00
10126 +1.024665553e-03 +1.024665553e-03 -1.276897533e+01 -1.276897533e+01 +3.6642e+00 +1.4690e+00 -2.1787e+00
10239 +8.089334239e-04 +8.089334239e-04 -1.276919107e+01 -1.276919107e+01 +3.6640e+00 +1.4703e+00 -2.1791e+00
10280 +1.332306098e-04 +1.332306098e-04 -1.276986677e+01 -1.276986677e+01 +3.6650e+00 +1.4697e+00 -2.1794e+00
10353 +8.114783523e-05 +8.114783523e-05 -1.276991885e+01 -1.276991885e+01 +3.6658e+00 +1.4693e+00 -2.1793e+00
10390 +5.178669300e-05 +5.178669300e-05 -1.276994821e+01 -1.276994821e+01 +3.6661e+00 +1.4696e+00 -2.1792e+00
10412 +4.815805976e-05 +4.815805976e-05 -1.276995184e+01 -1.276995184e+01 +3.6658e+00 +1.4694e+00 -2.1791e+00
10447 +3.379192888e-05 +3.379192888e-05 -1.276996621e+01 -1.276996621e+01 +3.6658e+00 +1.4695e+00 -2.1791e+00
10478 +5.875115061e-06 +5.875115061e-06 -1.276999412e+01 -1.276999412e+01 +3.6655e+00 +1.4696e+00 -2.1792e+00
10522 +4.654473264e-06 +4.654473264e-06 -1.276999535e+01 -1.276999535e+01 +3.6655e+00 +1.4696e+00 -2.1792e+00
10588 +3.321645156e-06 +3.321645156e-06 -1.276999668e+01 -1.276999668e+01 +3.6657e+00 +1.4697e+00 -2.1792e+00
10614 +2.322832362e-06 +2.322832362e-06 -1.276999768e+01 -1.276999768e+01 +3.6656e+00 +1.4697e+00 -2.1792e+00
10647 +1.658931556e-06 +1.658931556e-06 -1.276999834e+01 -1.276999834e+01 +3.6657e+00 +1.4696e+00 -2.1792e+00
10676 +6.494242548e-07 +6.494242548e-07 -1.276999935e+01 -1.276999935e+01 +3.6656e+00 +1.4696e+00 -2.1792e+00
10720 +2.061335760e-07 +2.061335760e-07 -1.276999979e+01 -1.276999979e+01 +3.6656e+00 +1.4696e+00 -2.1792e+00
10896 +9.048574157e-08 +9.048574157e-08 -1.276999991e+01 -1.276999991e+01 +3.6656e+00 +1.4696e+00 -2.1792e+00
10949 +7.960185400e-08 +7.960185400e-08 -1.276999992e+01 -1.276999992e+01 +3.6656e+00 +1.4696e+00 -2.1792e+00
10962 +4.017080357e-08 +4.017080357e-08 -1.276999996e+01 -1.276999996e+01 +3.6656e+00 +1.4696e+00 -2.1792e+00
11050 +1.197780186e-08 +1.197780186e-08 -1.276999999e+01 -1.276999999e+01 +3.6656e+00 +1.4696e+00 -2.1792e+00
11115 +6.131447350e-09 +6.131447350e-09 -1.276999999e+01 -1.276999999e+01 +3.6656e+00 +1.4696e+00 -2.1792e+00
% function evaluation | noise-free fitness - Fopt (-1.000000000000e+03) | best noise-free fitness - Fopt | measured fitness | best measured fitness | x1 | x2...
1 +1.841706729e+02 +1.841706729e+02 -8.158293271e+02 -8.158293271e+02 +0.0000e+00 +0.0000e+00 +0.0000e+00
172 +1.756352199e+02 +1.756352199e+02 -8.243647801e+02 -8.243647801e+02 +1.2839e+00 +1.9788e+00 -2.2912e+00
182 +1.376827832e+02 +1.376827832e+02 -8.623172168e+02 -8.623172168e+02 +2.9138e+00 -1.2318e+00 -5.8030e+00
186 +7.531002618e+01 +7.531002618e+01 -9.246899738e+02 -9.246899738e+02 +2.5881e+00 -9.6933e-01 -2.9971e+00
219 +4.688839689e+01 +4.688839689e+01 -9.531116031e+02 -9.531116031e+02 +2.0912e+00 -3.2250e+00 -1.2154e+00
220 +3.455305332e+01 +3.455305332e+01 -9.654469467e+02 -9.654469467e+02 +2.2291e+00 -2.8679e+00 -2.3706e+00
381 +2.263614812e+01 +2.263614812e+01 -9.773638519e+02 -9.773638519e+02 -3.8431e-01 -2.8727e+00 -3.2783e+00
466 +1.249281026e+01 +1.249281026e+01 -9.875071897e+02 -9.875071897e+02 +9.2949e-01 -3.3065e+00 -2.2505e+00
638 +9.295229389e+00 +9.295229389e+00 -9.907047706e+02 -9.907047706e+02 +1.0422e+00 -2.8038e+00 -2.1469e+00
682 +7.295283387e+00 +7.295283387e+00 -9.927047166e+02 -9.927047166e+02 +1.0393e+00 -2.8578e+00 -2.1999e+00
755 +4.759909095e+00 +4.759909095e+00 -9.952400909e+02 -9.952400909e+02 +1.0112e+00 -2.8230e+00 -2.5916e+00
942 +4.615051946e+00 +4.615051946e+00 -9.953849481e+02 -9.953849481e+02 +9.7960e-01 -2.7894e+00 -2.5730e+00
3473 +1.791546980e+00 +1.791546980e+00 -9.982084530e+02 -9.982084530e+02 -1.0460e+00 -2.8182e+00 -2.8798e+00
6381 +2.381659431e-01 +2.381659431e-01 -9.997618341e+02 -9.997618341e+02 -1.0050e+00 -2.7867e+00 -2.5792e+00
8630 +9.934844593e-02 +9.934844593e-02 -9.999006516e+02 -9.999006516e+02 -9.8464e-01 -2.7915e+00 -2.5741e+00
8696 +5.900739165e-03 +5.900739165e-03 -9.999940993e+02 -9.999940993e+02 -9.9429e-01 -2.8022e+00 -2.5749e+00
8894 +2.638384416e-03 +2.638384416e-03 -9.999973616e+02 -9.999973616e+02 -9.9313e-01 -2.8031e+00 -2.5746e+00
8982 +1.273128455e-03 +1.273128455e-03 -9.999987269e+02 -9.999987269e+02 -9.8916e-01 -2.8051e+00 -2.5755e+00
9048 +1.163255794e-03 +1.163255794e-03 -9.999988367e+02 -9.999988367e+02 -9.9252e-01 -2.8033e+00 -2.5750e+00
9092 +5.941930573e-04 +5.941930573e-04 -9.999994058e+02 -9.999994058e+02 -9.9078e-01 -2.8034e+00 -2.5756e+00
9158 +1.097649815e-04 +1.097649815e-04 -9.999998902e+02 -9.999998902e+02 -9.9009e-01 -2.8044e+00 -2.5753e+00
9277 +9.625612461e-05 +9.625612461e-05 -9.999999037e+02 -9.999999037e+02 -9.9017e-01 -2.8039e+00 -2.5750e+00
9290 +2.291452449e-05 +2.291452449e-05 -9.999999771e+02 -9.999999771e+02 -9.9069e-01 -2.8040e+00 -2.5753e+00
9334 +2.373441134e-06 +2.373441134e-06 -9.999999976e+02 -9.999999976e+02 -9.9033e-01 -2.8040e+00 -2.5752e+00
9444 +2.317846452e-06 +2.317846452e-06 -9.999999977e+02 -9.999999977e+02 -9.9031e-01 -2.8040e+00 -2.5752e+00
9532 +3.472945309e-07 +3.472945309e-07 -9.999999997e+02 -9.999999997e+02 -9.9043e-01 -2.8040e+00 -2.5752e+00
9620 +2.910645662e-07 +2.910645662e-07 -9.999999997e+02 -9.999999997e+02 -9.9043e-01 -2.8040e+00 -2.5752e+00
9686 +1.391402975e-07 +1.391402975e-07 -9.999999999e+02 -9.999999999e+02 -9.9042e-01 -2.8040e+00 -2.5752e+00
9691 +1.063131094e-08 +1.063131094e-08 -1.000000000e+03 -1.000000000e+03 -9.9039e-01 -2.8040e+00 -2.5752e+00
9840 +2.571368896e-09 +2.571368896e-09 -1.000000000e+03 -1.000000000e+03 -9.9040e-01 -2.8040e+00 -2.5752e+00
% function evaluation | noise-free fitness - Fopt (-1.000000000000e+03) | best noise-free fitness - Fopt | measured fitness | best measured fitness | x1 | x2...
1 +5.012215930e+01 +5.012215930e+01 -9.498778407e+02 -9.498778407e+02 +0.0000e+00 +0.0000e+00 +0.0000e+00
56 +4.998206795e+01 +4.998206795e+01 -9.500179320e+02 -9.500179320e+02 +2.7046e+00 -1.5686e+00 +7.9644e-01
91 +4.068228958e+01 +4.068228958e+01 -9.593177104e+02 -9.593177104e+02 +1.9274e+00 -1.5141e+00 +1.5432e+00
96 +3.587397594e+01 +3.587397594e+01 -9.641260241e+02 -9.641260241e+02 +1.9102e+00 -1.6374e+00 +1.2122e+00
162 +2.886183024e+01 +2.886183024e+01 -9.711381698e+02 -9.711381698e+02 +1.6357e+00 -4.4652e-01 +1.4868e+00
163 +2.809042934e+01 +2.809042934e+01 -9.719095707e+02 -9.719095707e+02 +1.7981e+00 -3.7221e-01 +1.4422e+00
164 +2.397244777e+01 +2.397244777e+01 -9.760275522e+02 -9.760275522e+02 +1.7119e+00 +1.9646e-01 +1.4973e+00
198 +2.095178432e+01 +2.095178432e+01 -9.790482157e+02 -9.790482157e+02 +1.8002e+00 +3.7344e-03 +1.5426e+00
242 +2.068134221e+01 +2.068134221e+01 -9.793186578e+02 -9.793186578e+02 +9.2011e-01 +7.9032e-01 +2.1060e+00
258 +1.684229888e+01 +1.684229888e+01 -9.831577011e+02 -9.831577011e+02 +1.6450e-03 +4.2059e-02 +1.5002e+00
318 +1.559978513e+01 +1.559978513e+01 -9.844002149e+02 -9.844002149e+02 +8.9112e-01 +6.1367e-01 +8.3990e-01
421 +1.509381199e+01 +1.509381199e+01 -9.849061880e+02 -9.849061880e+02 +9.0610e-01 +7.3598e-01 +2.1236e+00
435 +1.454461531e+01 +1.454461531e+01 -9.854553847e+02 -9.854553847e+02 +7.2661e-01 +6.8068e-01 +1.1599e+00
458 +1.201904097e+01 +1.201904097e+01 -9.879809590e+02 -9.879809590e+02 +8.1376e-01 +7.6226e-02 +1.8959e+00
621 +9.921752438e+00 +9.921752438e+00 -9.900782476e+02 -9.900782476e+02 +8.1022e-01 +7.0008e-01 +1.4991e+00
3414 +2.925648261e+00 +2.925648261e+00 -9.970743517e+02 -9.970743517e+02 -2.1602e+00 +7.2763e-01 +1.8594e+00
4490 +2.834343247e+00 +2.834343247e+00 -9.971656568e+02 -9.971656568e+02 -2.1039e+00 +5.2137e-02 +1.8637e+00
4512 +2.650522836e+00 +2.650522836e+00 -9.973494772e+02 -9.973494772e+02 -2.1598e+00 +4.2100e-02 +1.8880e+00
4524 +2.135506312e+00 +2.135506312e+00 -9.978644937e+02 -9.978644937e+02 -2.1788e+00 +9.0718e-02 +1.8578e+00
4622 +2.056854002e+00 +2.056854002e+00 -9.979431460e+02 -9.979431460e+02 -2.1701e+00 +8.5531e-02 +1.8668e+00
4629 +2.026363096e+00 +2.026363096e+00 -9.979736369e+02 -9.979736369e+02 -2.1636e+00 +7.7681e-02 +1.8559e+00
4774 +1.994983848e+00 +1.994983848e+00 -9.980050162e+02 -9.980050162e+02 -2.1661e+00 +7.3803e-02 +1.8653e+00
9122 +1.911731099e+00 +1.911731099e+00 -9.980882689e+02 -9.980882689e+02 -2.2163e+00 +6.6665e-01 +1.8889e+00
9136 +1.483120925e+00 +1.483120925e+00 -9.985168791e+02 -9.985168791e+02 -2.1965e+00 +6.5094e-01 +1.8768e+00
9356 +1.297689037e+00 +1.297689037e+00 -9.987023110e+02 -9.987023110e+02 -2.1538e+00 +6.5974e-01 +1.8431e+00
9392 +1.187331211e+00 +1.187331211e+00 -9.988126688e+02 -9.988126688e+02 -2.1742e+00 +6.7848e-01 +1.8773e+00
9400 +1.142414872e+00 +1.142414872e+00 -9.988575851e+02 -9.988575851e+02 -2.1553e+00 +6.6642e-01 +1.8482e+00
9422 +1.015374618e+00 +1.015374618e+00 -9.989846254e+02 -9.989846254e+02 -2.1664e+00 +6.7329e-01 +1.8597e+00
9686 +9.955216740e-01 +9.955216740e-01 -9.990044783e+02 -9.990044783e+02 -2.1673e+00 +6.6725e-01 +1.8622e+00
