% function evaluation | noise-free fitness - Fopt (-9.210000000000e+000) | best noise-free fitness - Fopt | measured fitness | best measured fitness | x1 | x2...
1 +7.081138830e+001 +7.081138830e+001 +6.160138830e+001 +6.160138830e+001 +0.0000e+000 +0.0000e+000 +0.0000e+000
114 +6.113834145e+001 +6.113834145e+001 +5.192834145e+001 +5.192834145e+001 -2.1717e+000 -1.1420e+000 +1.5456e+000
142 +1.791066698e+001 +1.791066698e+001 +8.700666979e+000 +8.700666979e+000 -1.3989e+000 +1.3597e+000 +8.0553e+000
163 +1.774844982e+001 +1.774844982e+001 +8.538449822e+000 +8.538449822e+000 -1.4552e+000 +1.4287e+000 +2.3003e+001
185 +1.402618176e+001 +1.402618176e+001 +4.816181763e+000 +4.816181763e+000 -2.2472e+000 +2.8563e+000 +4.3433e+001
187 +1.005375327e+001 +1.005375327e+001 +8.437532710e-001 +8.437532710e-001 -1.4794e+000 +3.8697e+000 +3.6589e+001
188 +6.846983795e+000 +6.846983795e+000 -2.363016205e+000 -2.363016205e+000 -1.8470e+000 +5.4234e+000 +5.1747e+001
206 +5.909983975e+000 +5.909983975e+000 -3.300016025e+000 -3.300016025e+000 -9.0998e-001 +5.8010e+000 +1.3237e+001
209 +5.887263893e+000 +5.887263893e+000 -3.322736107e+000 -3.322736107e+000 -8.8726e-001 +7.7886e+000 +3.1019e+001
222 +5.462978214e+000 +5.462978214e+000 -3.747021786e+000 -3.747021786e+000 -4.6298e-001 +1.3923e+001 +9.8337e+001
231 +5.302401339e+000 +5.302401339e+000 -3.907598661e+000 -3.907598661e+000 -3.0240e-001 +1.2984e+001 +4.9606e+001
247 +4.599305458e+000 +4.599305458e+000 -4.610694542e+000 -4.610694542e+000 +4.0069e-001 +3.0354e+001 +9.1537e+001
251 +3.695203842e+000 +3.695203842e+000 -5.514796158e+000 -5.514796158e+000 +1.3048e+000 +1.7838e+001 +1.5991e+002
262 +1.225312029e+000 +1.225312029e+000 -7.984687971e+000 -7.984687971e+000 +3.7747e+000 +2.5870e+001 +1.6623e+002
270 +0.000000000e+000 +0.000000000e+000 -9.210000000e+000 -9.210000000e+000 +6.3038e+000 +6.8357e+000 +7.4984e+001
% function evaluation | noise-free fitness - Fopt (6.559900000000e+002) | best noise-free fitness - Fopt | measured fitness | best measured fitness | x1 | x2...
1 +7.081138830e+001 +7.081138830e+001 +7.268013883e+002 +7.268013883e+002 +0.0000e+000 +0.0000e+000 +0.0000e+000
70 +6.528387511e+001 +6.528387511e+001 +7.212738751e+002 +7.212738751e+002 -3.0585e+000 +2.0298e+000 -1.5005e+000
86 +4.746377662e+001 +4.746377662e+001 +7.034537766e+002 +7.034537766e+002 -3.6542e+000 +1.4799e+000 -3.1682e+000
96 +4.353544774e+001 +4.353544774e+001 +6.995254477e+002 +6.995254477e+002 -4.4660e+000 +8.7231e-001 -3.4500e+000
100 +2.929172042e+001 +2.929172042e+001 +6.852817204e+002 +6.852817204e+002 -1.6215e+000 +2.1690e+000 -7.7771e+000
112 +2.127384250e+001 +2.127384250e+001 +6.772638425e+002 +6.772638425e+002 -3.1006e+000 -8.3427e-001 -1.3445e+001
134 +6.387720554e+000 +6.387720554e+000 +6.623777206e+002 +6.623777206e+002 -9.2347e-001 -4.8532e+000 -1.3490e+001
148 +5.305366661e+000 +5.305366661e+000 +6.612953667e+002 +6.612953667e+002 -3.0537e-001 -6.1284e+000 -5.9922e+000
158 +4.221789106e+000 +4.221789106e+000 +6.602117891e+002 +6.602117891e+002 +7.7821e-001 -1.1014e+001 -1.7388e+001
173 +1.652173837e+000 +1.652173837e+000 +6.576421738e+002 +6.576421738e+002 +3.3478e+000 -1.7916e+001 -4.4052e+001
179 +0.000000000e+000 +0.000000000e+000 +6.559900000e+002 +6.559900000e+002 +6.8122e+000 -3.2946e+001 -5.3852e+001
% function evaluation | noise-free fitness - Fopt (6.671000000000e+001) | best noise-free fitness - Fopt | measured fitness | best measured fitness | x1 | x2...
1 +7.081138830e+001 +7.081138830e+001 +1.375213883e+002 +1.375213883e+002 +0.0000e+000 +0.0000e+000 +0.0000e+000
52 +6.966363379e+001 +6.966363379e+001 +1.363736338e+002 +1.363736338e+002 -5.4967e+000 -2.6414e+000 +1.2205e+000
58 +6.834608358e+001 +6.834608358e+001 +1.350560836e+002 +1.350560836e+002 -4.7586e+000 -1.9455e+000 +8.4454e-001
70 +4.475269501e+001 +4.475269501e+001 +1.114626950e+002 +1.114626950e+002 -4.7132e+000 -1.9777e+000 -1.5092e+000
92 +3.297071175e+001 +3.297071175e+001 +9.968071175e+001 +9.968071175e+001 -4.7064e+000 -1.3646e+000 -2.8819e+000
94 +1.108560061e+001 +1.108560061e+001 +7.779560061e+001 +7.779560061e+001 -5.8246e+000 -3.0996e+000 -4.4924e+000
114 +4.155612773e+000 +4.155612773e+000 +7.086561277e+001 +7.086561277e+001 -8.6056e+000 -3.6859e+000 -8.2627e+000
137 +8.747293821e-001 +8.747293821e-001 +6.758472938e+001 +6.758472938e+001 -4.1253e+000 -5.3490e+000 -3.0787e+001
159 +1.810858237e-001 +1.810858237e-001 +6.689108582e+001 +6.689108582e+001 -4.8189e+000 -7.2003e+000 -7.2991e+001
173 +0.000000000e+000 +0.000000000e+000 +6.671000000e+001 +6.671000000e+001 -7.0202e+000 -5.5981e+000 -4.0148e+001
% function evaluation | noise-free fitness - Fopt (9.416700000000e+002) | best noise-free fitness - Fopt | measured fitness | best measured fitness | x1 | x2...
1 +7.081138830e+001 +7.081138830e+001 +1.012481388e+003 +1.012481388e+003 +0.0000e+000 +0.0000e+000 +0.0000e+000
29 +7.004385897e+001 +7.004385897e+001 +1.011713859e+003 +1.011713859e+003 +3.0156e+000 -1.5375e+000 -1.0790e-001
48 +6.744930248e+001 +6.744930248e+001 +1.009119302e+003 +1.009119302e+003 +2.8852e+000 -1.5411e+000 +1.3740e-001
53 +6.348591997e+001 +6.348591997e+001 +1.005155920e+003 +1.005155920e+003 +2.7080e+000 -1.5963e+000 +4.9854e-001
84 +6.161656666e+001 +6.161656666e+001 +1.003286567e+003 +1.003286567e+003 +2.7818e+000 -1.1791e+000 +8.2479e-001
92 +5.940688885e+001 +5.940688885e+001 +1.001076889e+003 +1.001076889e+003 +3.4699e+000 -1.5507e+000 +9.9706e-001
93 +4.187280117e+001 +4.187280117e+001 +9.835428012e+002 +9.835428012e+002 +2.4718e+000 -1.6048e+000 +2.6335e+000
112 +2.763329357e+001 +2.763329357e+001 +9.693032936e+002 +9.693032936e+002 +1.7251e+000 -8.2655e-001 +4.2289e+000
114 +2.412673779e+001 +2.412673779e+001 +9.657967378e+002 +9.657967378e+002 +3.2401e+000 -1.4438e+000 +4.5359e+000
116 +2.086769572e+001 +2.086769572e+001 +9.625376957e+002 +9.625376957e+002 +1.9265e+000 -2.7096e+000 +4.3302e+000
128 +1.752963566e+001 +1.752963566e+001 +9.591996357e+002 +9.591996357e+002 +2.1075e+000 -1.7042e+000 +7.5176e+000
138 +1.446152970e+001 +1.446152970e+001 +9.561315297e+002 +9.561315297e+002 +1.8743e+000 -2.8583e+000 +4.9185e+000
164 +1.397754220e+001 +1.397754220e+001 +9.556475422e+002 +9.556475422e+002 +3.9617e+000 -3.4138e+000 +1.4996e+001
165 +1.275979276e+001 +1.275979276e+001 +9.544297928e+002 +9.544297928e+002 +2.6123e+000 -3.3722e+000 +6.3412e+000
166 +1.162231892e+001 +1.162231892e+001 +9.532923189e+002 +9.532923189e+002 +2.2730e+000 -3.6246e+000 +9.0047e+000
170 +1.110623165e+001 +1.110623165e+001 +9.527762316e+002 +9.527762316e+002 +2.6980e+000 -3.9222e+000 +2.8789e+001
172 +7.041007883e+000 +7.041007883e+000 +9.487110079e+002 +9.487110079e+002 -3.0234e-001 -4.2590e+000 +1.6853e+001
178 +6.512760477e+000 +6.512760477e+000 +9.481827605e+002 +9.481827605e+002 +1.5128e+000 -5.6345e+000 +2.6038e+001
186 +5.655965587e+000 +5.655965587e+000 +9.473259656e+002 +9.473259656e+002 +6.5597e-001 -8.8109e+000 +2.6591e+001
191 +5.607704626e+000 +5.607704626e+000 +9.472777046e+002 +9.472777046e+002 +6.0770e-001 -6.1141e+000 +1.6164e+001
196 +4.749990247e+000 +4.749990247e+000 +9.464199902e+002 +9.464199902e+002 -2.5001e-001 -5.7846e+000 +3.8332e+001
202 +2.575222191e+000 +2.575222191e+000 +9.442452222e+002 +9.442452222e+002 -2.4248e+000 -6.1541e+000 +4.3079e+001
210 +0.000000000e+000 +0.000000000e+000 +9.416700000e+002 +9.416700000e+002 -7.5017e+000 -8.5991e+000 +1.0307e+001
% function evaluation | noise-free fitness - Fopt (-3.745000000000e+001) | best noise-free fitness - Fopt | measured fitness | best measured fitness | x1 | x2...
1 +7.081138830e+001 +7.081138830e+001 +3.336138830e+001 +3.336138830e+001 +0.0000e+000 +0.0000e+000 +0.0000e+000
2 +5.817454058e+001 +5.817454058e+001 +2.072454058e+001 +2.072454058e+001 +9.7172e-001 +2.9826e+000 +2.2332e-001
5 +5.650715652e+001 +5.650715652e+001 +1.905715652e+001 +1.905715652e+001 +1.1900e+000 +2.8751e+000 +4.0223e-001
27 +5.571491069e+001 +5.571491069e+001 +1.826491069e+001 +1.826491069e+001 +8.3897e-001 +3.0405e+000 +4.6425e-001
29 +5.425724857e+001 +5.425724857e+001 +1.680724857e+001 +1.680724857e+001 +1.1255e+000 +2.8204e+000 +6.5097e-001
46 +5.106663210e+001 +5.106663210e+001 +1.361663210e+001 +1.361663210e+001 +1.0917e+000 +3.2108e+000 +8.4997e-001
48 +4.831882985e+001 +4.831882985e+001 +1.086882985e+001 +1.086882985e+001 +1.0644e+000 +2.8294e+000 +1.2481e+000
71 +4.001548911e+001 +4.001548911e+001 +2.565489111e+000 +2.565489111e+000 +1.2846e+000 +2.7371e+000 +2.0856e+000
81 +3.919067801e+001 +3.919067801e+001 +1.740678013e+000 +1.740678013e+000 +8.6364e-001 +3.4972e+000 +1.9698e+000
87 +3.068064992e+001 +3.068064992e+001 -6.769350080e+000 -6.769350080e+000 +1.2237e+000 +2.5637e+000 +3.0800e+000
90 +1.045828020e+001 +1.045828020e+001 -2.699171980e+001 -2.699171980e+001 +1.4682e+000 +2.8096e+000 +6.4044e+000
108 +9.934284549e+000 +9.934284549e+000 -2.751571545e+001 -2.751571545e+001 +1.6129e+000 +2.9296e+000 +6.0960e+000
113 +7.334914843e+000 +7.334914843e+000 -3.011508516e+001 -3.011508516e+001 +2.0131e+000 +3.6250e+000 +1.0954e+001
115 +3.865507110e+000 +3.865507110e+000 -3.358449289e+001 -3.358449289e+001 +2.8681e+000 +4.4518e+000 +8.0131e+000
136 +0.000000000e+000 +0.000000000e+000 -3.745000000e+001 -3.745000000e+001 +5.8184e+000 +5.2563e+000 +2.9353e+001
% function evaluation | noise-free fitness - Fopt (3.680300000000e+002) | best noise-free fitness - Fopt | measured fitness | best measured fitness | x1 | x2...
1 +7.081138830e+001 +7.081138830e+001 +4.388413883e+002 +4.388413883e+002 +0.0000e+000 +0.0000e+000 +0.0000e+000
73 +6.743677842e+001 +6.743677842e+001 +4.354667784e+002 +4.354667784e+002 -5.4474e+000 +3.2205e+000 +8.5586e-001
87 +6.414460545e+001 +6.414460545e+001 +4.321746055e+002 +4.321746055e+002 -5.6267e+000 +3.4443e+000 +1.2559e+000
92 +2.757042220e+001 +2.757042220e+001 +3.956004222e+002 +3.956004222e+002 -6.2586e+000 +3.7185e+000 +5.6842e+000
118 +2.098487351e+001 +2.098487351e+001 +3.890148735e+002 +3.890148735e+002 -4.4301e+000 +1.4558e+000 +1.1236e+001
135 +1.905186161e+001 +1.905186161e+001 +3.870818616e+002 +3.870818616e+002 -5.3850e+000 +1.0247e+000 +1.8471e+001
141 +1.651756875e+001 +1.651756875e+001 +3.845475688e+002 +3.845475688e+002 -5.1499e+000 +2.2331e-001 +1.0756e+001
146 +1.598638128e+001 +1.598638128e+001 +3.840163813e+002 +3.840163813e+002 -6.2727e+000 +5.5338e-002 +7.2785e+000
159 +1.565601147e+001 +1.565601147e+001 +3.836860115e+002 +3.836860115e+002 -6.3158e+000 -4.9134e-002 +3.0380e+001
161 +2.222799423e-001 +2.222799423e-001 +3.682522799e+002 +3.682522799e+002 -4.7777e+000 -7.6109e+000 +4.9713e+001
176 +0.000000000e+000 +0.000000000e+000 +3.680300000e+002 +3.680300000e+002 -6.2016e+000 -5.1321e+000 +3.0590e+001
% function evaluation | noise-free fitness - Fopt (1.426000000000e+001) | best noise-free fitness - Fopt | measured fitness | best measured fitness | x1 | x2...
1 +7.081138830e+001 +7.081138830e+001 +8.507138830e+001 +8.507138830e+001 +0.0000e+000 +0.0000e+000 +0.0000e+000
54 +6.684600783e+001 +6.684600783e+001 +8.110600783e+001 +8.110600783e+001 -2.5586e+000 +6.3483e-001 +4.5165e-001
69 +5.023714748e+001 +5.023714748e+001 +6.449714748e+001 +6.449714748e+001 -2.4623e+000 +5.0310e-001 +2.1446e+000
74 +4.996449565e+001 +4.996449565e+001 +6.422449565e+001 +6.422449565e+001 -1.6837e+000 +6.3668e-001 +2.0517e+000
90 +4.529634069e+001 +4.529634069e+001 +5.955634069e+001 +5.955634069e+001 -4.2107e-001 +9.1126e-001 +2.3054e+000
91 +3.053325514e+001 +3.053325514e+001 +4.479325514e+001 +4.479325514e+001 -2.2717e+000 +1.1905e+000 +3.8785e+000
92 +1.811956157e+001 +1.811956157e+001 +3.237956157e+001 +3.237956157e+001 -1.1450e+000 +1.2133e+000 +5.5850e+000
117 +1.676220011e+001 +1.676220011e+001 +3.102220011e+001 +3.102220011e+001 -1.1554e+000 +1.6458e+000 +1.2653e+001
119 +1.394142439e+001 +1.394142439e+001 +2.820142439e+001 +2.820142439e+001 -1.1424e+000 +2.5337e+000 +1.0327e+001
137 +9.165815703e+000 +9.165815703e+000 +2.342581570e+001 +2.342581570e+001 -1.6958e+000 +4.2189e+000 +7.4254e+000
142 +7.665976167e+000 +7.665976167e+000 +2.192597617e+001 +2.192597617e+001 -2.6660e+000 +5.9015e+000 +6.0652e+000
160 +7.097710367e+000 +7.097710367e+000 +2.135771037e+001 +2.135771037e+001 -2.0977e+000 +5.0522e+000 +1.3274e+001
164 +4.728839405e+000 +4.728839405e+000 +1.898883940e+001 +1.898883940e+001 +2.7116e-001 +1.0951e+001 +2.2308e+001
183 +4.196674153e+000 +4.196674153e+000 +1.845667415e+001 +1.845667415e+001 +8.0333e-001 +1.3726e+001 +2.2654e+001
190 +2.287679316e+000 +2.287679316e+000 +1.654767932e+001 +1.654767932e+001 +2.7123e+000 +1.4239e+001 +6.1687e+001
203 +0.000000000e+000 +0.000000000e+000 +1.426000000e+001 +1.426000000e+001 +7.5297e+000 +2.8457e+001 +6.4280e+001
% function evaluation | noise-free fitness - Fopt (6.240000000000e+001) | best noise-free fitness - Fopt | measured fitness | best measured fitness | x1 | x2...
1 +7.081138830e+001 +7.081138830e+001 +1.332113883e+002 +1.332113883e+002 +0.0000e+000 +0.0000e+000 +0.0000e+000
48 +6.604357989e+001 +6.604357989e+001 +1.284435799e+002 +1.284435799e+002 +4.2259e+000 +3.9087e+000 +1.1818e+000
68 +5.744195781e+001 +5.744195781e+001 +1.198419578e+002 +1.198419578e+002 +4.2515e+000 +3.8510e+000 +3.0600e-001
90 +4.330228183e+001 +4.330228183e+001 +1.057022818e+002 +1.057022818e+002 +3.9728e+000 +3.6092e+000 -1.2123e+000
96 +5.216580529e+000 +5.216580529e+000 +6.761658053e+001 +6.761658053e+001 +4.3102e+000 +4.9468e+000 -4.5641e+000
119 +0.000000000e+000 +0.000000000e+000 +6.240000000e+001 +6.240000000e+001 +5.7291e+000 +5.4494e+000 -1.4896e+001
% function evaluation | noise-free fitness - Fopt (1.145900000000e+002) | best noise-free fitness - Fopt | measured fitness | best measured fitness | x1 | x2...
1 +7.081138830e+001 +7.081138830e+001 +1.854013883e+002 +1.854013883e+002 +0.0000e+000 +0.0000e+000 +0.0000e+000
2 +4.855791267e+001 +4.855791267e+001 +1.631479127e+002 +1.631479127e+002 +2.4606e+000 -2.0739e+000 -1.8156e+000
3 +4.782854169e+001 +4.782854169e+001 +1.624185417e+002 +1.624185417e+002 +2.5360e+000 -2.0864e+000 -1.8921e+000
6 +4.610831474e+001 +4.610831474e+001 +1.606983147e+002 +1.606983147e+002 +2.4739e+000 -2.1602e+000 -2.0346e+000
30 +4.393609571e+001 +4.393609571e+001 +1.585260957e+002 +1.585260957e+002 +2.7536e+000 -1.9741e+000 -2.3386e+000
46 +4.230787311e+001 +4.230787311e+001 +1.568978731e+002 +1.568978731e+002 +2.0357e+000 -2.2214e+000 -2.3515e+000
48 +3.874869005e+001 +3.874869005e+001 +1.533386900e+002 +1.533386900e+002 +2.4747e+000 -2.6148e+000 -2.6269e+000
49 +3.496926940e+001 +3.496926940e+001 +1.495592694e+002 +1.495592694e+002 +2.6878e+000 -1.7879e+000 -3.2876e+000
71 +3.177541488e+001 +3.177541488e+001 +1.463654149e+002 +1.463654149e+002 +1.7428e+000 -2.3355e+000 -3.3393e+000
73 +1.562734443e+001 +1.562734443e+001 +1.302173444e+002 +1.302173444e+002 +1.7432e+000 -2.1906e+000 -5.2383e+000
90 +1.542811788e+001 +1.542811788e+001 +1.300181179e+002 +1.300181179e+002 +2.4326e+000 -2.4716e+000 -9.4216e+000
92 +1.224634486e+001 +1.224634486e+001 +1.268363449e+002 +1.268363449e+002 +2.3686e+000 -3.4575e+000 -6.8346e+000
95 +1.157155258e+001 +1.157155258e+001 +1.261615526e+002 +1.261615526e+002 +1.3207e+000 -3.3395e+000 -5.8918e+000
105 +1.130517723e+001 +1.130517723e+001 +1.258951772e+002 +1.258951772e+002 +2.5748e+000 -3.8203e+000 -6.0557e+000
107 +1.005882415e+001 +1.005882415e+001 +1.246488242e+002 +1.246488242e+002 +2.0290e+000 -4.0419e+000 -8.4602e+000
114 +4.237840839e+000 +4.237840839e+000 +1.188278408e+002 +1.188278408e+002 -7.6216e-001 -6.1467e+000 -1.2661e+001
162 +0.000000000e+000 +0.000000000e+000 +1.145900000e+002 +1.145900000e+002 -1.0503e+001 -1.7851e+001 -2.7483e+001
% function evaluation | noise-free fitness - Fopt (-3.698300000000e+002) | best noise-free fitness - Fopt | measured fitness | best measured fitness | x1 | x2...
1 +7.081138830e+001 +7.081138830e+001 -2.990186117e+002 -2.990186117e+002 +0.0000e+000 +0.0000e+000 +0.0000e+000
68 +7.023108062e+001 +7.023108062e+001 -2.995989194e+002 -2.995989194e+002 +6.5637e-001 +5.5963e+000 +1.4575e+000
69 +6.701133246e+001 +6.701133246e+001 -3.028186675e+002 -3.028186675e+002 +6.7967e-001 +5.4292e+000 +1.1332e+000
90 +6.349761009e+001 +6.349761009e+001 -3.063323899e+002 -3.063323899e+002 +3.6114e-001 +5.0483e+000 +8.1365e-001
93 +6.126030580e+001 +6.126030580e+001 -3.085696942e+002 -3.085696942e+002 +5.2063e-001 +5.6645e+000 +5.7397e-001
99 +5.660847246e+001 +5.660847246e+001 -3.132215275e+002 -3.132215275e+002 +3.1671e-001 +5.4763e+000 +1.2918e-001
101 +5.617419839e+001 +5.617419839e+001 -3.136558016e+002 -3.136558016e+002 +8.6452e-001 +5.1834e+000 +3.0968e-002
104 +4.533089322e+001 +4.533089322e+001 -3.244991068e+002 -3.244991068e+002 +4.6118e-001 +6.2791e+000 -1.0130e+000
113 +3.191185803e+001 +3.191185803e+001 -3.379181420e+002 -3.379181420e+002 +7.8220e-001 +6.3391e+000 -2.3870e+000
117 +2.295554520e+001 +2.295554520e+001 -3.468744548e+002 -3.468744548e+002 +9.7712e-001 +4.0487e+000 -3.6030e+000
122 +5.186451531e+000 +5.186451531e+000 -3.646435485e+002 -3.646435485e+002 +1.8645e-001 +6.0590e+000 -7.1496e+000
135 +5.069256751e+000 +5.069256751e+000 -3.647607432e+002 -3.647607432e+002 +6.9257e-002 +5.7021e+000 -1.0364e+001
139 +4.525998378e+000 +4.525998378e+000 -3.653040016e+002 -3.653040016e+002 -4.7400e-001 +7.6306e+000 -8.1200e+000
159 +3.721145944e+000 +3.721145944e+000 -3.661088541e+002 -3.661088541e+002 -3.4934e+000 +4.2997e+000 -2.4401e+001
160 +2.686745315e+000 +2.686745315e+000 -3.671432547e+002 -3.671432547e+002 -2.3133e+000 +6.7781e+000 -3.0282e+001
164 +1.713358800e+000 +1.713358800e+000 -3.681166412e+002 -3.681166412e+002 -3.2866e+000 +6.8171e+000 -2.9395e+001
178 +0.000000000e+000 +0.000000000e+000 -3.698300000e+002 -3.698300000e+002 -5.8018e+000 +1.3444e+001 -1.2000e+002
% function evaluation | noise-free fitness - Fopt (1.531800000000e+002) | best noise-free fitness - Fopt | measured fitness | best measured fitness | x1 | x2...
1 +7.081138830e+001 +7.081138830e+001 +2.239913883e+002 +2.239913883e+002 +0.0000e+000 +0.0000e+000 +0.0000e+000
112 +2.593392744e+001 +2.593392744e+001 +1.791139274e+002 +1.791139274e+002 +3.7586e+000 +2.8085e+000 -5.0933e+000
125 +2.215391562e+001 +2.215391562e+001 +1.753339156e+002 +1.753339156e+002 +1.3470e+000 +5.3509e-001 -4.9003e+000
138 +1.847377616e+001 +1.847377616e+001 +1.716537762e+002 +1.716537762e+002 +5.3869e+000 +8.4192e-001 -1.0606e+001
156 +1.702764558e+001 +1.702764558e+001 +1.702076456e+002 +1.702076456e+002 +1.1632e+001 +3.8461e-001 -3.7298e+001
158 +1.442546874e+001 +1.442546874e+001 +1.676054687e+002 +1.676054687e+002 +1.0664e+001 -4.3827e-001 -1.9873e+001
159 +1.510546119e+000 +1.510546119e+000 +1.546905461e+002 +1.546905461e+002 +1.9505e+001 -4.5223e+000 -1.9187e+001
160 +0.000000000e+000 +0.000000000e+000 +1.531800000e+002 +1.531800000e+002 +1.5659e+001 -6.1047e+000 -2.8897e+001
% function evaluation | noise-free fitness - Fopt (-7.088000000000e+002) | best noise-free fitness - Fopt | measured fitness | best measured fitness | x1 | x2...
1 +7.081138830e+001 +7.081138830e+001 -6.379886117e+002 -6.379886117e+002 +0.0000e+000 +0.0000e+000 +0.0000e+000
73 +6.852944878e+001 +6.852944878e+001 -6.402705512e+002 -6.402705512e+002 -3.0571e-001 -5.1246e-001 +3.5571e-002
83 +6.719249958e+001 +6.719249958e+001 -6.416075004e+002 -6.416075004e+002 +1.3232e-001 -4.6108e-001 +2.2931e-001
90 +6.374078602e+001 +6.374078602e+001 -6.450592140e+002 -6.450592140e+002 -1.6646e-001 -1.8823e-001 +6.3089e-001
92 +3.805270780e+001 +3.805270780e+001 -6.707472922e+002 -6.707472922e+002 -8.2805e-002 -8.5469e-001 +2.9973e+000
93 +3.612929171e+001 +3.612929171e+001 -6.726707083e+002 -6.726707083e+002 -2.9276e-001 -4.9828e-001 +3.2814e+000
115 +1.827075563e+001 +1.827075563e+001 -6.905292444e+002 -6.905292444e+002 +2.2447e+000 -1.5132e+000 +1.4081e+001
118 +1.718963899e+001 +1.718963899e+001 -6.916103610e+002 -6.916103610e+002 -8.1238e-001 -2.0270e+000 +4.6400e+000
122 +1.262814626e+001 +1.262814626e+001 -6.961718537e+002 -6.961718537e+002 +6.3057e-001 -2.7872e+000 +7.6099e+000
129 +1.181329019e+001 +1.181329019e+001 -6.969867098e+002 -6.969867098e+002 -7.4601e-001 -2.6095e+000 +1.2348e+001
134 +1.164722500e+001 +1.164722500e+001 -6.971527750e+002 -6.971527750e+002 +3.8241e-001 -3.0189e+000 +3.1157e+001
137 +3.845509469e+000 +3.845509469e+000 -7.049544905e+002 -7.049544905e+002 -1.1545e+000 -5.6678e+000 +7.4517e+000
189 +1.804567635e+000 +1.804567635e+000 -7.069954324e+002 -7.069954324e+002 -3.1954e+000 -1.0003e+001 +2.3461e+001
195 +2.254671867e-001 +2.254671867e-001 -7.085745328e+002 -7.085745328e+002 -4.7745e+000 -8.0456e+000 +1.5165e+002
201 +0.000000000e+000 +0.000000000e+000 -7.088000000e+002 -7.088000000e+002 -5.1947e+000 -3.2287e+001 +1.2091e+002
% function evaluation | noise-free fitness - Fopt (8.793000000000e+001) | best noise-free fitness - Fopt | measured fitness | best measured fitness | x1 | x2...
1 +7.081138830e+001 +7.081138830e+001 +1.587413883e+002 +1.587413883e+002 +0.0000e+000 +0.0000e+000 +0.0000e+000
49 +6.899535752e+001 +6.899535752e+001 +1.569253575e+002 +1.569253575e+002 +2.0150e+000 +2.6284e-002 +2.8212e-002
51 +6.585273883e+001 +6.585273883e+001 +1.537827388e+002 +1.537827388e+002 +2.1182e+000 -3.9368e-001 -4.0854e-001
64 +6.164702497e+001 +6.164702497e+001 +1.495770250e+002 +1.495770250e+002 +2.1072e+000 +8.2396e-002 -6.7966e-001
71 +5.992684211e+001 +5.992684211e+001 +1.478568421e+002 +1.478568421e+002 +1.7841e+000 +8.0413e-002 -8.8462e-001
78 +5.703670673e+001 +5.703670673e+001 +1.449667067e+002 +1.449667067e+002 +1.1970e+000 +1.4248e-001 -1.2127e+000
83 +4.375367072e+001 +4.375367072e+001 +1.316836707e+002 +1.316836707e+002 +2.0198e+000 -2.6611e-001 -2.5879e+000
91 +2.998976066e+001 +2.998976066e+001 +1.179197607e+002 +1.179197607e+002 +2.0451e+000 +6.9112e-001 -3.6591e+000
96 +1.751225111e+001 +1.751225111e+001 +1.054422511e+002 +1.054422511e+002 +2.5716e+000 +2.3008e-001 -5.9259e+000
108 +1.570701739e+001 +1.570701739e+001 +1.036370174e+002 +1.036370174e+002 +2.3028e+000 +8.8595e-001 -5.9332e+000
121 +1.373468235e+001 +1.373468235e+001 +1.016646824e+002 +1.016646824e+002 +2.9931e+000 +1.2914e+000 -1.1033e+001
135 +9.974990602e+000 +9.974990602e+000 +9.790499060e+001 +9.790499060e+001 +3.8579e+000 +2.2068e+000 -9.0242e+000
138 +7.578430067e+000 +7.578430067e+000 +9.550843007e+001 +9.550843007e+001 +4.2125e+000 +2.8525e+000 -1.8756e+001
174 +5.986495812e+000 +5.986495812e+000 +9.391649581e+001 +9.391649581e+001 +5.0272e+000 +3.1069e+000 -3.0174e+001
175 +1.785368531e+000 +1.785368531e+000 +8.971536853e+001 +8.971536853e+001 +5.1851e+000 +4.4354e+000 -2.8938e+001
178 +0.000000000e+000 +0.000000000e+000 +8.793000000e+001 +8.793000000e+001 +8.7564e+000 +5.8219e+000 -3.8443e+001
% function evaluation | noise-free fitness - Fopt (3.370000000000e+001) | best noise-free fitness - Fopt | measured fitness | best measured fitness | x1 | x2...
1 +7.081138830e+001 +7.081138830e+001 +1.045113883e+002 +1.045113883e+002 +0.0000e+000 +0.0000e+000 +0.0000e+000
5 +6.978012464e+001 +6.978012464e+001 +1.034801246e+002 +1.034801246e+002 -1.6677e+000 -3.1985e+000 -9.4780e-001
11 +6.846918616e+001 +6.846918616e+001 +1.021691862e+002 +1.021691862e+002 -1.8263e+000 -2.9934e+000 -9.9817e-001
27 +6.623482409e+001 +6.623482409e+001 +9.993482409e+001 +9.993482409e+001 -1.5781e+000 -2.7899e+000 -1.1821e+000
46 +6.411087983e+001 +6.411087983e+001 +9.781087983e+001 +9.781087983e+001 -1.9421e+000 -3.0381e+000 -1.4366e+000
49 +6.200173115e+001 +6.200173115e+001 +9.570173115e+001 +9.570173115e+001 -2.2585e+000 -2.7913e+000 -1.5378e+000
68 +5.924901887e+001 +5.924901887e+001 +9.294901887e+001 +9.294901887e+001 -2.3988e+000 -2.4434e+000 -1.6890e+000
69 +5.639354526e+001 +5.639354526e+001 +9.009354526e+001 +9.009354526e+001 -2.4084e+000 -2.9592e+000 -2.1367e+000
70 +5.540413611e+001 +5.540413611e+001 +8.910413611e+001 +8.910413611e+001 -2.0741e+000 -2.6827e+000 -2.1817e+000
74 +4.795133203e+001 +4.795133203e+001 +8.165133203e+001 +8.165133203e+001 -1.6248e+000 -3.2959e+000 -3.1658e+000
90 +4.546613654e+001 +4.546613654e+001 +7.916613654e+001 +7.916613654e+001 -1.3496e+000 -3.0044e+000 -3.3496e+000
93 +2.592402282e+001 +2.592402282e+001 +5.962402282e+001 +5.962402282e+001 -2.2280e+000 -2.3213e+000 -5.8629e+000
131 +2.375622210e+001 +2.375622210e+001 +5.745622210e+001 +5.745622210e+001 -1.1945e+000 -1.3090e+000 -7.3670e+000
137 +2.104245435e+001 +2.104245435e+001 +5.474245435e+001 +5.474245435e+001 -8.8501e-001 -3.5293e-001 -6.1343e+000
145 +1.951133779e+001 +1.951133779e+001 +5.321133779e+001 +5.321133779e+001 -1.7629e+000 -1.4638e-001 -6.9889e+000
165 +1.578546113e+001 +1.578546113e+001 +4.948546113e+001 +4.948546113e+001 +1.0222e+000 +1.9126e+000 -1.0660e+001
172 +1.094681703e+001 +1.094681703e+001 +4.464681703e+001 +4.464681703e+001 -1.1972e+000 +2.7409e+000 -6.7394e+000
185 +3.468641408e+000 +3.468641408e+000 +3.716864141e+001 +3.716864141e+001 -1.5314e+000 +5.8320e+000 -1.4705e+001
201 +2.239477602e+000 +2.239477602e+000 +3.593947760e+001 +3.593947760e+001 -2.7605e+000 +1.2625e+001 -3.1836e+001
202 +0.000000000e+000 +0.000000000e+000 +3.370000000e+001 +3.370000000e+001 -6.4868e+000 +1.2792e+001 -2.1331e+001
% function evaluation | noise-free fitness - Fopt (-1.618300000000e+002) | best noise-free fitness - Fopt | measured fitness | best measured fitness | x1 | x2...
1 +7.081138830e+001 +7.081138830e+001 -9.101861170e+001 -9.101861170e+001 +0.0000e+000 +0.0000e+000 +0.0000e+000
74 +6.916031749e+001 +6.916031749e+001 -9.266968251e+001 -9.266968251e+001 +3.3231e+000 -3.4314e+000 -1.5825e+000
103 +6.516510116e+001 +6.516510116e+001 -9.666489884e+001 -9.666489884e+001 +3.2177e+000 -3.0981e+000 -1.8661e+000
107 +5.290382522e+001 +5.290382522e+001 -1.089261748e+002 -1.089261748e+002 +3.1901e+000 -2.8466e+000 -3.0099e+000
112 +3.307811430e+001 +3.307811430e+001 -1.287518857e+002 -1.287518857e+002 +2.6902e+000 -3.0284e+000 -5.8097e+000
171 +2.977711397e+001 +2.977711397e+001 -1.320528860e+002 -1.320528860e+002 +2.8204e+000 -1.9433e+000 -6.3934e+000
195 +2.759338009e+001 +2.759338009e+001 -1.342366199e+002 -1.342366199e+002 +2.2866e+000 -1.4216e+000 -5.4209e+000
200 +2.589715076e+001 +2.589715076e+001 -1.359328492e+002 -1.359328492e+002 +3.0417e+000 -6.4638e-001 -2.2334e+001
202 +2.468551244e+001 +2.468551244e+001 -1.371444876e+002 -1.371444876e+002 +2.7235e+000 -3.6386e-001 -1.5385e+001
206 +2.415874388e+001 +2.415874388e+001 -1.376712561e+002 -1.376712561e+002 +2.3026e+000 -3.3038e-001 -5.9987e+000
228 +1.562456240e+001 +1.562456240e+001 -1.462054376e+002 -1.462054376e+002 +3.0075e+000 +2.5913e+000 -6.9821e+000
247 +1.261835706e+001 +1.261835706e+001 -1.492116429e+002 -1.492116429e+002 +1.5068e+000 +3.0674e+000 -1.9921e+001
255 +1.225117950e+001 +1.225117950e+001 -1.495788205e+002 -1.495788205e+002 +3.3435e+000 +3.7643e+000 -1.4143e+001
267 +5.949939328e+000 +5.949939328e+000 -1.558800607e+002 -1.558800607e+002 +9.4994e-001 +9.8320e+000 -1.8800e+001
276 +4.178855855e+000 +4.178855855e+000 -1.576511441e+002 -1.576511441e+002 -8.2114e-001 +5.0723e+000 -2.0008e+001
296 +2.821284272e+000 +2.821284272e+000 -1.590087157e+002 -1.590087157e+002 -2.1787e+000 +7.6309e+000 -3.1290e+001
310 +2.140103343e+000 +2.140103343e+000 -1.596898967e+002 -1.596898967e+002 -2.8599e+000 +5.1460e+000 -3.2883e+001
322 +0.000000000e+000 +0.000000000e+000 -1.618300000e+002 -1.618300000e+002 -5.4324e+000 +1.4225e+001 -2.6742e+001
