% function evaluation | noise-free fitness - Fopt (7.627000000000e+001) | best noise-free fitness - Fopt | measured fitness | best measured fitness | x1 | x2...
1 +2.338461767e+006 +2.338461767e+006 +2.338538037e+006 +2.338538037e+006
2 +3.959852652e+004 +3.959852652e+004 +3.967479652e+004 +3.967479652e+004
3 +6.946030618e+003 +6.946030618e+003 +7.022300618e+003 +7.022300618e+003
6 +2.303207381e+003 +2.303207381e+003 +2.379477381e+003 +2.379477381e+003
24 +4.374111232e+002 +4.374111232e+002 +5.136811232e+002 +5.136811232e+002
52 +4.088303743e+002 +4.088303743e+002 +4.851003743e+002 +4.851003743e+002
91 +4.061987637e+002 +4.061987637e+002 +4.824687637e+002 +4.824687637e+002
339 +3.975157856e+002 +3.975157856e+002 +4.737857856e+002 +4.737857856e+002
40687 +3.888550564e+002 +3.888550564e+002 +4.651250564e+002 +4.651250564e+002
47322 +3.800685074e+002 +3.800685074e+002 +4.563385074e+002 +4.563385074e+002
49642 +3.714490629e+002 +3.714490629e+002 +4.477190629e+002 +4.477190629e+002
60587 +3.630213961e+002 +3.630213961e+002 +4.392913961e+002 +4.392913961e+002
65343 +3.545449972e+002 +3.545449972e+002 +4.308149972e+002 +4.308149972e+002
70214 +3.466051587e+002 +3.466051587e+002 +4.228751587e+002 +4.228751587e+002
76089 +3.386179661e+002 +3.386179661e+002 +4.148879661e+002 +4.148879661e+002
88901 +3.310522423e+002 +3.310522423e+002 +4.073222423e+002 +4.073222423e+002
100906 +3.235712744e+002 +3.235712744e+002 +3.998412744e+002 +3.998412744e+002
113056 +3.161651757e+002 +3.161651757e+002 +3.924351757e+002 +3.924351757e+002
122270 +3.090133016e+002 +3.090133016e+002 +3.852833016e+002 +3.852833016e+002
136566 +3.019473879e+002 +3.019473879e+002 +3.782173879e+002 +3.782173879e+002
154857 +2.951175760e+002 +2.951175760e+002 +3.713875760e+002 +3.713875760e+002
170145 +2.884003503e+002 +2.884003503e+002 +3.646703503e+002 +3.646703503e+002
194082 +2.818368799e+002 +2.818368799e+002 +3.581068799e+002 +3.581068799e+002
220857 +2.754170813e+002 +2.754170813e+002 +3.516870813e+002 +3.516870813e+002
248041 +2.691492987e+002 +2.691492987e+002 +3.454192987e+002 +3.454192987e+002
283202 +2.630260792e+002 +2.630260792e+002 +3.392960792e+002 +3.392960792e+002
331679 +2.570372473e+002 +2.570372473e+002 +3.333072473e+002 +3.333072473e+002
415536 +2.511841062e+002 +2.511841062e+002 +3.274541062e+002 +3.274541062e+002
476133 +2.454683590e+002 +2.454683590e+002 +3.217383590e+002 +3.217383590e+002
538458 +2.398781676e+002 +2.398781676e+002 +3.161481676e+002 +3.161481676e+002
552529 +2.344221295e+002 +2.344221295e+002 +3.106921295e+002 +3.106921295e+002
571202 +2.290764931e+002 +2.290764931e+002 +3.053464931e+002 +3.053464931e+002
604897 +2.238680344e+002 +2.238680344e+002 +3.001380344e+002 +3.001380344e+002
640671 +2.187677128e+002 +2.187677128e+002 +2.950377128e+002 +2.950377128e+002
675716 +2.137754596e+002 +2.137754596e+002 +2.900454596e+002 +2.900454596e+002
788402 +2.089276474e+002 +2.089276474e+002 +2.851976474e+002 +2.851976474e+002
1477581 +2.041725348e+002 +2.041725348e+002 +2.804425348e+002 +2.804425348e+002
1712377 +1.995215238e+002 +1.995215238e+002 +2.757915238e+002 +2.757915238e+002
% function evaluation | noise-free fitness - Fopt (-2.255000000000e+001) | best noise-free fitness - Fopt | measured fitness | best measured fitness | x1 | x2...
1 +2.860709842e+006 +2.860709842e+006 +2.860687292e+006 +2.860687292e+006
225 +2.632443450e+006 +2.632443450e+006 +2.632420900e+006 +2.632420900e+006
245 +2.537027025e+006 +2.537027025e+006 +2.537004475e+006 +2.537004475e+006
252 +2.121201132e+006 +2.121201132e+006 +2.121178582e+006 +2.121178582e+006
275 +2.088396254e+006 +2.088396254e+006 +2.088373704e+006 +2.088373704e+006
277 +1.830136006e+006 +1.830136006e+006 +1.830113456e+006 +1.830113456e+006
288 +1.715209238e+006 +1.715209238e+006 +1.715186688e+006 +1.715186688e+006
291 +5.412388008e+005 +5.412388008e+005 +5.412162508e+005 +5.412162508e+005
294 +4.859982395e+005 +4.859982395e+005 +4.859756895e+005 +4.859756895e+005
312 +1.021110299e+005 +1.021110299e+005 +1.020884799e+005 +1.020884799e+005
336 +3.914266822e+004 +3.914266822e+004 +3.912011822e+004 +3.912011822e+004
337 +1.117893205e+003 +1.117893205e+003 +1.095343205e+003 +1.095343205e+003
367 +3.925489463e+002 +3.925489463e+002 +3.699989463e+002 +3.699989463e+002
653 +3.767396184e+002 +3.767396184e+002 +3.541896184e+002 +3.541896184e+002
186750 +3.715269134e+002 +3.715269134e+002 +3.489769134e+002 +3.489769134e+002
192261 +3.627749781e+002 +3.627749781e+002 +3.402249781e+002 +3.402249781e+002
199878 +3.547629125e+002 +3.547629125e+002 +3.322129125e+002 +3.322129125e+002
223171 +3.467165883e+002 +3.467165883e+002 +3.241665883e+002 +3.241665883e+002
255779 +3.388113271e+002 +3.388113271e+002 +3.162613271e+002 +3.162613271e+002
265174 +3.310827301e+002 +3.310827301e+002 +3.085327301e+002 +3.085327301e+002
274318 +3.235466953e+002 +3.235466953e+002 +3.009966953e+002 +3.009966953e+002
279116 +3.157755037e+002 +3.157755037e+002 +2.932255037e+002 +2.932255037e+002
288512 +3.089871410e+002 +3.089871410e+002 +2.864371410e+002 +2.864371410e+002
299856 +3.019626045e+002 +3.019626045e+002 +2.794126045e+002 +2.794126045e+002
310881 +2.949854213e+002 +2.949854213e+002 +2.724354213e+002 +2.724354213e+002
326703 +2.883221904e+002 +2.883221904e+002 +2.657721904e+002 +2.657721904e+002
335980 +2.817503941e+002 +2.817503941e+002 +2.592003941e+002 +2.592003941e+002
348426 +2.753287279e+002 +2.753287279e+002 +2.527787279e+002 +2.527787279e+002
370044 +2.691408807e+002 +2.691408807e+002 +2.465908807e+002 +2.465908807e+002
386660 +2.630232624e+002 +2.630232624e+002 +2.404732624e+002 +2.404732624e+002
406701 +2.570262242e+002 +2.570262242e+002 +2.344762242e+002 +2.344762242e+002
425554 +2.511742821e+002 +2.511742821e+002 +2.286242821e+002 +2.286242821e+002
464329 +2.454254111e+002 +2.454254111e+002 +2.228754111e+002 +2.228754111e+002
480845 +2.398421847e+002 +2.398421847e+002 +2.172921847e+002 +2.172921847e+002
482533 +2.343562716e+002 +2.343562716e+002 +2.118062716e+002 +2.118062716e+002
484633 +2.290688919e+002 +2.290688919e+002 +2.065188919e+002 +2.065188919e+002
487879 +2.238442238e+002 +2.238442238e+002 +2.012942238e+002 +2.012942238e+002
492978 +2.187694147e+002 +2.187694147e+002 +1.962194147e+002 +1.962194147e+002
515863 +2.137861610e+002 +2.137861610e+002 +1.912361610e+002 +1.912361610e+002
539012 +2.089193523e+002 +2.089193523e+002 +1.863693523e+002 +1.863693523e+002
567371 +2.041667884e+002 +2.041667884e+002 +1.816167884e+002 +1.816167884e+002
594301 +1.995234710e+002 +1.995234710e+002 +1.769734710e+002 +1.769734710e+002
617678 +1.949813551e+002 +1.949813551e+002 +1.724313551e+002 +1.724313551e+002
645449 +1.905446690e+002 +1.905446690e+002 +1.679946690e+002 +1.679946690e+002
670196 +1.862043301e+002 +1.862043301e+002 +1.636543301e+002 +1.636543301e+002
687228 +1.819472342e+002 +1.819472342e+002 +1.593972342e+002 +1.593972342e+002
706319 +1.777921310e+002 +1.777921310e+002 +1.552421310e+002 +1.552421310e+002
725824 +1.737747762e+002 +1.737747762e+002 +1.512247762e+002 +1.512247762e+002
752351 +1.698158338e+002 +1.698158338e+002 +1.472658338e+002 +1.472658338e+002
776421 +1.659559653e+002 +1.659559653e+002 +1.434059653e+002 +1.434059653e+002
808119 +1.621535630e+002 +1.621535630e+002 +1.396035630e+002 +1.396035630e+002
837996 +1.584874043e+002 +1.584874043e+002 +1.359374043e+002 +1.359374043e+002
858653 +1.548790840e+002 +1.548790840e+002 +1.323290840e+002 +1.323290840e+002
888154 +1.513461145e+002 +1.513461145e+002 +1.287961145e+002 +1.287961145e+002
949234 +1.479081611e+002 +1.479081611e+002 +1.253581611e+002 +1.253581611e+002
975724 +1.445419290e+002 +1.445419290e+002 +1.219919290e+002 +1.219919290e+002
1010095 +1.412518791e+002 +1.412518791e+002 +1.187018791e+002 +1.187018791e+002
1083313 +1.380383979e+002 +1.380383979e+002 +1.154883979e+002 +1.154883979e+002
1173053 +1.348928883e+002 +1.348928883e+002 +1.123428883e+002 +1.123428883e+002
1213972 +1.318042992e+002 +1.318042992e+002 +1.092542992e+002 +1.092542992e+002
1299049 +1.288235909e+002 +1.288235909e+002 +1.062735909e+002 +1.062735909e+002
1333464 +1.258923366e+002 +1.258923366e+002 +1.033423366e+002 +1.033423366e+002
1430630 +1.230220732e+002 +1.230220732e+002 +1.004720732e+002 +1.004720732e+002
1594868 +1.202262886e+002 +1.202262886e+002 +9.767628862e+001 +9.767628862e+001
1729821 +1.174885537e+002 +1.174885537e+002 +9.493855368e+001 +9.493855368e+001
% function evaluation | noise-free fitness - Fopt (1.366000000000e+001) | best noise-free fitness - Fopt | measured fitness | best measured fitness | x1 | x2...
1 +2.684344599e+003 +2.684344599e+003 +2.698004599e+003 +2.698004599e+003
85 +2.271422841e+003 +2.271422841e+003 +2.285082841e+003 +2.285082841e+003
92 +2.000748249e+003 +2.000748249e+003 +2.014408249e+003 +2.014408249e+003
93 +1.200675105e+003 +1.200675105e+003 +1.214335105e+003 +1.214335105e+003
103 +5.965697888e+002 +5.965697888e+002 +6.102297888e+002 +6.102297888e+002
528 +5.842196784e+002 +5.842196784e+002 +5.978796784e+002 +5.978796784e+002
653 +5.691701355e+002 +5.691701355e+002 +5.828301355e+002 +5.828301355e+002
69712 +5.622716649e+002 +5.622716649e+002 +5.759316649e+002 +5.759316649e+002
80205 +5.492194615e+002 +5.492194615e+002 +5.628794615e+002 +5.628794615e+002
91588 +5.368025746e+002 +5.368025746e+002 +5.504625746e+002 +5.504625746e+002
96592 +5.244341103e+002 +5.244341103e+002 +5.380941103e+002 +5.380941103e+002
99781 +5.126520990e+002 +5.126520990e+002 +5.263120990e+002 +5.263120990e+002
103140 +5.011696232e+002 +5.011696232e+002 +5.148296232e+002 +5.148296232e+002
107638 +4.895673606e+002 +4.895673606e+002 +5.032273606e+002 +5.032273606e+002
113216 +4.782647653e+002 +4.782647653e+002 +4.919247653e+002 +4.919247653e+002
116904 +4.675577704e+002 +4.675577704e+002 +4.812177704e+002 +4.812177704e+002
125451 +4.570453252e+002 +4.570453252e+002 +4.707053252e+002 +4.707053252e+002
132797 +4.465930431e+002 +4.465930431e+002 +4.602530431e+002 +4.602530431e+002
140869 +4.364303317e+002 +4.364303317e+002 +4.500903317e+002 +4.500903317e+002
151544 +4.265611528e+002 +4.265611528e+002 +4.402211528e+002 +4.402211528e+002
163161 +4.168379901e+002 +4.168379901e+002 +4.304979901e+002 +4.304979901e+002
177587 +4.073601977e+002 +4.073601977e+002 +4.210201977e+002 +4.210201977e+002
190832 +3.980472903e+002 +3.980472903e+002 +4.117072903e+002 +4.117072903e+002
206355 +3.890217990e+002 +3.890217990e+002 +4.026817990e+002 +4.026817990e+002
213439 +3.800702641e+002 +3.800702641e+002 +3.937302641e+002 +3.937302641e+002
231828 +3.715345632e+002 +3.715345632e+002 +3.851945632e+002 +3.851945632e+002
256747 +3.630311363e+002 +3.630311363e+002 +3.766911363e+002 +3.766911363e+002
262610 +3.545080691e+002 +3.545080691e+002 +3.681680691e+002 +3.681680691e+002
267307 +3.465918418e+002 +3.465918418e+002 +3.602518418e+002 +3.602518418e+002
279801 +3.387577623e+002 +3.387577623e+002 +3.524177623e+002 +3.524177623e+002
307183 +3.311235675e+002 +3.311235675e+002 +3.447835675e+002 +3.447835675e+002
325047 +3.235889716e+002 +3.235889716e+002 +3.372489716e+002 +3.372489716e+002
350350 +3.162237726e+002 +3.162237726e+002 +3.298837726e+002 +3.298837726e+002
386657 +3.090254593e+002 +3.090254593e+002 +3.226854593e+002 +3.226854593e+002
416797 +3.019766571e+002 +3.019766571e+002 +3.156366571e+002 +3.156366571e+002
441808 +2.951174298e+002 +2.951174298e+002 +3.087774298e+002 +3.087774298e+002
467550 +2.883699089e+002 +2.883699089e+002 +3.020299089e+002 +3.020299089e+002
490124 +2.818017872e+002 +2.818017872e+002 +2.954617872e+002 +2.954617872e+002
522641 +2.754160018e+002 +2.754160018e+002 +2.890760018e+002 +2.890760018e+002
556634 +2.691508914e+002 +2.691508914e+002 +2.828108914e+002 +2.828108914e+002
566663 +2.629336115e+002 +2.629336115e+002 +2.765936115e+002 +2.765936115e+002
576969 +2.570328842e+002 +2.570328842e+002 +2.706928842e+002 +2.706928842e+002
584206 +2.510086427e+002 +2.510086427e+002 +2.646686427e+002 +2.646686427e+002
591780 +2.454358073e+002 +2.454358073e+002 +2.590958073e+002 +2.590958073e+002
600482 +2.398538125e+002 +2.398538125e+002 +2.535138125e+002 +2.535138125e+002
610986 +2.344108321e+002 +2.344108321e+002 +2.480708321e+002 +2.480708321e+002
621450 +2.290462611e+002 +2.290462611e+002 +2.427062611e+002 +2.427062611e+002
631259 +2.237498650e+002 +2.237498650e+002 +2.374098650e+002 +2.374098650e+002
640189 +2.187243063e+002 +2.187243063e+002 +2.323843063e+002 +2.323843063e+002
651845 +2.137537497e+002 +2.137537497e+002 +2.274137497e+002 +2.274137497e+002
661554 +2.089272092e+002 +2.089272092e+002 +2.225872092e+002 +2.225872092e+002
679231 +2.041555325e+002 +2.041555325e+002 +2.178155325e+002 +2.178155325e+002
704616 +1.995224889e+002 +1.995224889e+002 +2.131824889e+002 +2.131824889e+002
728051 +1.949795450e+002 +1.949795450e+002 +2.086395450e+002 +2.086395450e+002
751053 +1.905306861e+002 +1.905306861e+002 +2.041906861e+002 +2.041906861e+002
767321 +1.861631672e+002 +1.861631672e+002 +1.998231672e+002 +1.998231672e+002
780080 +1.819489931e+002 +1.819489931e+002 +1.956089931e+002 +1.956089931e+002
799014 +1.778215668e+002 +1.778215668e+002 +1.914815668e+002 +1.914815668e+002
815834 +1.737531228e+002 +1.737531228e+002 +1.874131228e+002 +1.874131228e+002
832508 +1.698179846e+002 +1.698179846e+002 +1.834779846e+002 +1.834779846e+002
845333 +1.659570969e+002 +1.659570969e+002 +1.796170969e+002 +1.796170969e+002
854278 +1.621713662e+002 +1.621713662e+002 +1.758313662e+002 +1.758313662e+002
863205 +1.584063137e+002 +1.584063137e+002 +1.720663137e+002 +1.720663137e+002
873632 +1.548727843e+002 +1.548727843e+002 +1.685327843e+002 +1.685327843e+002
884341 +1.513488034e+002 +1.513488034e+002 +1.650088034e+002 +1.650088034e+002
897415 +1.478898935e+002 +1.478898935e+002 +1.615498935e+002 +1.615498935e+002
920036 +1.445340301e+002 +1.445340301e+002 +1.581940301e+002 +1.581940301e+002
955090 +1.412517452e+002 +1.412517452e+002 +1.549117452e+002 +1.549117452e+002
1013388 +1.380350604e+002 +1.380350604e+002 +1.516950604e+002 +1.516950604e+002
1104495 +1.348941035e+002 +1.348941035e+002 +1.485541035e+002 +1.485541035e+002
1141398 +1.318202840e+002 +1.318202840e+002 +1.454802840e+002 +1.454802840e+002
1162015 +1.288195057e+002 +1.288195057e+002 +1.424795057e+002 +1.424795057e+002
1172451 +1.258756476e+002 +1.258756476e+002 +1.395356476e+002 +1.395356476e+002
1185887 +1.230211280e+002 +1.230211280e+002 +1.366811280e+002 +1.366811280e+002
1196488 +1.202179818e+002 +1.202179818e+002 +1.338779818e+002 +1.338779818e+002
1204725 +1.174824000e+002 +1.174824000e+002 +1.311424000e+002 +1.311424000e+002
1210593 +1.147974246e+002 +1.147974246e+002 +1.284574246e+002 +1.284574246e+002
1221445 +1.121977349e+002 +1.121977349e+002 +1.258577349e+002 +1.258577349e+002
1237376 +1.096403422e+002 +1.096403422e+002 +1.233003422e+002 +1.233003422e+002
1250441 +1.071085948e+002 +1.071085948e+002 +1.207685948e+002 +1.207685948e+002
1262857 +1.047114066e+002 +1.047114066e+002 +1.183714066e+002 +1.183714066e+002
1270950 +1.023086701e+002 +1.023086701e+002 +1.159686701e+002 +1.159686701e+002
1284767 +9.999216409e+001 +9.999216409e+001 +1.136521641e+002 +1.136521641e+002
1298455 +9.772159678e+001 +9.772159678e+001 +1.113815968e+002 +1.113815968e+002
1307964 +9.548970405e+001 +9.548970405e+001 +1.091497040e+002 +1.091497040e+002
1318088 +9.328487631e+001 +9.328487631e+001 +1.069448763e+002 +1.069448763e+002
1333982 +9.119393319e+001 +9.119393319e+001 +1.048539332e+002 +1.048539332e+002
1347676 +8.912400083e+001 +8.912400083e+001 +1.027840008e+002 +1.027840008e+002
1366455 +8.708980632e+001 +8.708980632e+001 +1.007498063e+002 +1.007498063e+002
1398764 +8.510239203e+001 +8.510239203e+001 +9.876239203e+001 +9.876239203e+001
1419282 +8.317429869e+001 +8.317429869e+001 +9.683429869e+001 +9.683429869e+001
1444918 +8.128074600e+001 +8.128074600e+001 +9.494074600e+001 +9.494074600e+001
1477453 +7.943214941e+001 +7.943214941e+001 +9.309214941e+001 +9.309214941e+001
1555398 +7.762201990e+001 +7.762201990e+001 +9.128201990e+001 +9.128201990e+001
1619323 +7.585718981e+001 +7.585718981e+001 +8.951718981e+001 +8.951718981e+001
1671153 +7.412986473e+001 +7.412986473e+001 +8.778986473e+001 +8.778986473e+001
1694109 +7.243419807e+001 +7.243419807e+001 +8.609419807e+001 +8.609419807e+001
1705033 +7.079198246e+001 +7.079198246e+001 +8.445198246e+001 +8.445198246e+001
1712932 +6.917786175e+001 +6.917786175e+001 +8.283786175e+001 +8.283786175e+001
1718175 +6.751259571e+001 +6.751259571e+001 +8.117259571e+001 +8.117259571e+001
1722693 +6.604066287e+001 +6.604066287e+001 +7.970066287e+001 +7.970066287e+001
1731384 +6.456296291e+001 +6.456296291e+001 +7.822296291e+001 +7.822296291e+001
1739005 +6.307857101e+001 +6.307857101e+001 +7.673857101e+001 +7.673857101e+001
1745630 +6.165182374e+001 +6.165182374e+001 +7.531182374e+001 +7.531182374e+001
1756566 +6.025589560e+001 +6.025589560e+001 +7.391589560e+001 +7.391589560e+001
% function evaluation | noise-free fitness - Fopt (9.378400000000e+002) | best noise-free fitness - Fopt | measured fitness | best measured fitness | x1 | x2...
1 +3.458408478e+006 +3.458408478e+006 +3.459346318e+006 +3.459346318e+006
2 +1.034071416e+006 +1.034071416e+006 +1.035009256e+006 +1.035009256e+006
3 +8.722815624e+005 +8.722815624e+005 +8.732194024e+005 +8.732194024e+005
4 +4.893547784e+005 +4.893547784e+005 +4.902926184e+005 +4.902926184e+005
9 +4.575617588e+005 +4.575617588e+005 +4.584995988e+005 +4.584995988e+005
24 +4.206009794e+005 +4.206009794e+005 +4.215388194e+005 +4.215388194e+005
28 +3.576977140e+005 +3.576977140e+005 +3.586355540e+005 +3.586355540e+005
33 +2.494469040e+005 +2.494469040e+005 +2.503847440e+005 +2.503847440e+005
51 +1.977997155e+005 +1.977997155e+005 +1.987375555e+005 +1.987375555e+005
53 +1.541421573e+005 +1.541421573e+005 +1.550799973e+005 +1.550799973e+005
68 +1.286125757e+005 +1.286125757e+005 +1.295504157e+005 +1.295504157e+005
79 +9.609968881e+004 +9.609968881e+004 +9.703752881e+004 +9.703752881e+004
82 +5.862019144e+004 +5.862019144e+004 +5.955803144e+004 +5.955803144e+004
94 +1.489157861e+004 +1.489157861e+004 +1.582941861e+004 +1.582941861e+004
102 +4.250201633e+003 +4.250201633e+003 +5.188041633e+003 +5.188041633e+003
114 +6.443399360e+002 +6.443399360e+002 +1.582179936e+003 +1.582179936e+003
122 +4.019549515e+002 +4.019549515e+002 +1.339794952e+003 +1.339794952e+003
127 +3.507414889e+002 +3.507414889e+002 +1.288581489e+003 +1.288581489e+003
470 +3.444753309e+002 +3.444753309e+002 +1.282315331e+003 +1.282315331e+003
588 +3.385101165e+002 +3.385101165e+002 +1.276350117e+003 +1.276350117e+003
61125 +3.311113443e+002 +3.311113443e+002 +1.268951344e+003 +1.268951344e+003
73598 +3.235490492e+002 +3.235490492e+002 +1.261389049e+003 +1.261389049e+003
81949 +3.162140851e+002 +3.162140851e+002 +1.254054085e+003 +1.254054085e+003
88524 +3.089381328e+002 +3.089381328e+002 +1.246778133e+003 +1.246778133e+003
94948 +3.019929481e+002 +3.019929481e+002 +1.239832948e+003 +1.239832948e+003
101884 +2.946796148e+002 +2.946796148e+002 +1.232519615e+003 +1.232519615e+003
108624 +2.881629365e+002 +2.881629365e+002 +1.226002937e+003 +1.226002937e+003
115759 +2.818226800e+002 +2.818226800e+002 +1.219662680e+003 +1.219662680e+003
121434 +2.754046002e+002 +2.754046002e+002 +1.213244600e+003 +1.213244600e+003
129220 +2.690139029e+002 +2.690139029e+002 +1.206853903e+003 +1.206853903e+003
136670 +2.628570782e+002 +2.628570782e+002 +1.200697078e+003 +1.200697078e+003
142816 +2.568375943e+002 +2.568375943e+002 +1.194677594e+003 +1.194677594e+003
151245 +2.510624236e+002 +2.510624236e+002 +1.188902424e+003 +1.188902424e+003
157100 +2.454000652e+002 +2.454000652e+002 +1.183240065e+003 +1.183240065e+003
162418 +2.398451058e+002 +2.398451058e+002 +1.177685106e+003 +1.177685106e+003
166830 +2.341448127e+002 +2.341448127e+002 +1.171984813e+003 +1.171984813e+003
170363 +2.289884628e+002 +2.289884628e+002 +1.166828463e+003 +1.166828463e+003
177437 +2.238168927e+002 +2.238168927e+002 +1.161656893e+003 +1.161656893e+003
185544 +2.187586809e+002 +2.187586809e+002 +1.156598681e+003 +1.156598681e+003
192375 +2.137005819e+002 +2.137005819e+002 +1.151540582e+003 +1.151540582e+003
195134 +2.088709178e+002 +2.088709178e+002 +1.146710918e+003 +1.146710918e+003
201426 +2.040851825e+002 +2.040851825e+002 +1.141925183e+003 +1.141925183e+003
213208 +1.994377467e+002 +1.994377467e+002 +1.137277747e+003 +1.137277747e+003
226781 +1.949588308e+002 +1.949588308e+002 +1.132798831e+003 +1.132798831e+003
236628 +1.904610781e+002 +1.904610781e+002 +1.128301078e+003 +1.128301078e+003
246186 +1.862058533e+002 +1.862058533e+002 +1.124045853e+003 +1.124045853e+003
254096 +1.818224056e+002 +1.818224056e+002 +1.119662406e+003 +1.119662406e+003
263736 +1.778220626e+002 +1.778220626e+002 +1.115662063e+003 +1.115662063e+003
277893 +1.737708567e+002 +1.737708567e+002 +1.111610857e+003 +1.111610857e+003
287447 +1.698133914e+002 +1.698133914e+002 +1.107653391e+003 +1.107653391e+003
294645 +1.658419803e+002 +1.658419803e+002 +1.103681980e+003 +1.103681980e+003
303184 +1.620769098e+002 +1.620769098e+002 +1.099916910e+003 +1.099916910e+003
311532 +1.584498255e+002 +1.584498255e+002 +1.096289826e+003 +1.096289826e+003
317849 +1.547768434e+002 +1.547768434e+002 +1.092616843e+003 +1.092616843e+003
321966 +1.512528106e+002 +1.512528106e+002 +1.089092811e+003 +1.089092811e+003
327036 +1.479027107e+002 +1.479027107e+002 +1.085742711e+003 +1.085742711e+003
333066 +1.445044911e+002 +1.445044911e+002 +1.082344491e+003 +1.082344491e+003
337655 +1.412537207e+002 +1.412537207e+002 +1.079093721e+003 +1.079093721e+003
342767 +1.378546784e+002 +1.378546784e+002 +1.075694678e+003 +1.075694678e+003
356387 +1.348900066e+002 +1.348900066e+002 +1.072730007e+003 +1.072730007e+003
367028 +1.317965033e+002 +1.317965033e+002 +1.069636503e+003 +1.069636503e+003
377955 +1.287800393e+002 +1.287800393e+002 +1.066620039e+003 +1.066620039e+003
388956 +1.258121688e+002 +1.258121688e+002 +1.063652169e+003 +1.063652169e+003
401306 +1.230252926e+002 +1.230252926e+002 +1.060865293e+003 +1.060865293e+003
419150 +1.202018917e+002 +1.202018917e+002 +1.058041892e+003 +1.058041892e+003
445182 +1.174893935e+002 +1.174893935e+002 +1.055329394e+003 +1.055329394e+003
464925 +1.148119642e+002 +1.148119642e+002 +1.052651964e+003 +1.052651964e+003
479990 +1.121983896e+002 +1.121983896e+002 +1.050038390e+003 +1.050038390e+003
494322 +1.096322586e+002 +1.096322586e+002 +1.047472259e+003 +1.047472259e+003
506685 +1.071466245e+002 +1.071466245e+002 +1.044986625e+003 +1.044986625e+003
515687 +1.046914146e+002 +1.046914146e+002 +1.042531415e+003 +1.042531415e+003
526668 +1.023203801e+002 +1.023203801e+002 +1.040160380e+003 +1.040160380e+003
535049 +9.998773454e+001 +9.998773454e+001 +1.037827735e+003 +1.037827735e+003
542384 +9.770041991e+001 +9.770041991e+001 +1.035540420e+003 +1.035540420e+003
552268 +9.549451888e+001 +9.549451888e+001 +1.033334519e+003 +1.033334519e+003
566646 +9.329548611e+001 +9.329548611e+001 +1.031135486e+003 +1.031135486e+003
575663 +9.117420958e+001 +9.117420958e+001 +1.029014210e+003 +1.029014210e+003
589217 +8.912064479e+001 +8.912064479e+001 +1.026960645e+003 +1.026960645e+003
601814 +8.706984356e+001 +8.706984356e+001 +1.024909844e+003 +1.024909844e+003
609192 +8.508073126e+001 +8.508073126e+001 +1.022920731e+003 +1.022920731e+003
618926 +8.317549778e+001 +8.317549778e+001 +1.021015498e+003 +1.021015498e+003
628869 +8.128157766e+001 +8.128157766e+001 +1.019121578e+003 +1.019121578e+003
641461 +7.942116799e+001 +7.942116799e+001 +1.017261168e+003 +1.017261168e+003
651996 +7.760300791e+001 +7.760300791e+001 +1.015443008e+003 +1.015443008e+003
661395 +7.583931886e+001 +7.583931886e+001 +1.013679319e+003 +1.013679319e+003
676791 +7.411787998e+001 +7.411787998e+001 +1.011957880e+003 +1.011957880e+003
694044 +7.241906690e+001 +7.241906690e+001 +1.010259067e+003 +1.010259067e+003
715070 +7.078713603e+001 +7.078713603e+001 +1.008627136e+003 +1.008627136e+003
741865 +6.918252903e+001 +6.918252903e+001 +1.007022529e+003 +1.007022529e+003
769104 +6.760778105e+001 +6.760778105e+001 +1.005447781e+003 +1.005447781e+003
789445 +6.606670841e+001 +6.606670841e+001 +1.003906708e+003 +1.003906708e+003
817500 +6.455495414e+001 +6.455495414e+001 +1.002394954e+003 +1.002394954e+003
842059 +6.309396708e+001 +6.309396708e+001 +1.000933967e+003 +1.000933967e+003
858328 +6.165299277e+001 +6.165299277e+001 +9.994929928e+002 +9.994929928e+002
876502 +6.025499349e+001 +6.025499349e+001 +9.980949935e+002 +9.980949935e+002
902584 +5.888304827e+001 +5.888304827e+001 +9.967230483e+002 +9.967230483e+002
927665 +5.753478865e+001 +5.753478865e+001 +9.953747886e+002 +9.953747886e+002
936830 +5.620784117e+001 +5.620784117e+001 +9.940478412e+002 +9.940478412e+002
948569 +5.494472706e+001 +5.494472706e+001 +9.927847271e+002 +9.927847271e+002
964541 +5.369434561e+001 +5.369434561e+001 +9.915343456e+002 +9.915343456e+002
983788 +5.248010001e+001 +5.248010001e+001 +9.903201000e+002 +9.903201000e+002
1025337 +5.128495905e+001 +5.128495905e+001 +9.891249590e+002 +9.891249590e+002
1069858 +5.011401131e+001 +5.011401131e+001 +9.879540113e+002 +9.879540113e+002
1118924 +4.897777771e+001 +4.897777771e+001 +9.868177777e+002 +9.868177777e+002
1192034 +4.786211131e+001 +4.786211131e+001 +9.857021113e+002 +9.857021113e+002
1285412 +4.676850583e+001 +4.676850583e+001 +9.846085058e+002 +9.846085058e+002
1302714 +4.570566196e+001 +4.570566196e+001 +9.835456620e+002 +9.835456620e+002
1336032 +4.466826242e+001 +4.466826242e+001 +9.825082624e+002 +9.825082624e+002
1395915 +4.365080448e+001 +4.365080448e+001 +9.814908045e+002 +9.814908045e+002
1477025 +4.265753368e+001 +4.265753368e+001 +9.804975337e+002 +9.804975337e+002
1593592 +4.168675966e+001 +4.168675966e+001 +9.795267597e+002 +9.795267597e+002
% function evaluation | noise-free fitness - Fopt (-7.872000000000e+001) | best noise-free fitness - Fopt | measured fitness | best measured fitness | x1 | x2...
1 +1.212839078e+007 +1.212839078e+007 +1.212831206e+007 +1.212831206e+007
317 +1.012047535e+007 +1.012047535e+007 +1.012039663e+007 +1.012039663e+007
334 +9.597291189e+006 +9.597291189e+006 +9.597212469e+006 +9.597212469e+006
347 +8.494125704e+006 +8.494125704e+006 +8.494046984e+006 +8.494046984e+006
359 +8.306367059e+006 +8.306367059e+006 +8.306288339e+006 +8.306288339e+006
381 +6.779495692e+006 +6.779495692e+006 +6.779416972e+006 +6.779416972e+006
382 +6.560775325e+006 +6.560775325e+006 +6.560696605e+006 +6.560696605e+006
398 +5.632977481e+006 +5.632977481e+006 +5.632898761e+006 +5.632898761e+006
403 +2.164398400e+006 +2.164398400e+006 +2.164319680e+006 +2.164319680e+006
420 +2.003127498e+006 +2.003127498e+006 +2.003048778e+006 +2.003048778e+006
422 +7.927395671e+005 +7.927395671e+005 +7.926608471e+005 +7.926608471e+005
429 +6.622015277e+005 +6.622015277e+005 +6.621228077e+005 +6.621228077e+005
434 +5.823924758e+005 +5.823924758e+005 +5.823137558e+005 +5.823137558e+005
443 +4.733001643e+005 +4.733001643e+005 +4.732214443e+005 +4.732214443e+005
445 +1.639862643e+005 +1.639862643e+005 +1.639075443e+005 +1.639075443e+005
446 +1.056699805e+005 +1.056699805e+005 +1.055912605e+005 +1.055912605e+005
461 +6.244092684e+004 +6.244092684e+004 +6.236220684e+004 +6.236220684e+004
464 +4.169006632e+004 +4.169006632e+004 +4.161134632e+004 +4.161134632e+004
465 +1.888328816e+004 +1.888328816e+004 +1.880456816e+004 +1.880456816e+004
468 +4.584696703e+003 +4.584696703e+003 +4.505976703e+003 +4.505976703e+003
484 +2.501028190e+003 +2.501028190e+003 +2.422308190e+003 +2.422308190e+003
556 +3.318080988e+002 +3.318080988e+002 +2.530880988e+002 +2.530880988e+002
359422 +3.311120841e+002 +3.311120841e+002 +2.523920841e+002 +2.523920841e+002
373848 +3.233383747e+002 +3.233383747e+002 +2.446183747e+002 +2.446183747e+002
385499 +3.161869258e+002 +3.161869258e+002 +2.374669258e+002 +2.374669258e+002
406070 +3.089315520e+002 +3.089315520e+002 +2.302115520e+002 +2.302115520e+002
427039 +3.019557128e+002 +3.019557128e+002 +2.232357128e+002 +2.232357128e+002
450930 +2.950999388e+002 +2.950999388e+002 +2.163799388e+002 +2.163799388e+002
470979 +2.883994708e+002 +2.883994708e+002 +2.096794708e+002 +2.096794708e+002
489802 +2.818199051e+002 +2.818199051e+002 +2.030999051e+002 +2.030999051e+002
513747 +2.754120814e+002 +2.754120814e+002 +1.966920814e+002 +1.966920814e+002
533594 +2.691431356e+002 +2.691431356e+002 +1.904231356e+002 +1.904231356e+002
550400 +2.630233832e+002 +2.630233832e+002 +1.843033832e+002 +1.843033832e+002
566828 +2.569952169e+002 +2.569952169e+002 +1.782752169e+002 +1.782752169e+002
591943 +2.511197987e+002 +2.511197987e+002 +1.723997987e+002 +1.723997987e+002
608884 +2.454686242e+002 +2.454686242e+002 +1.667486242e+002 +1.667486242e+002
616888 +2.398197994e+002 +2.398197994e+002 +1.610997994e+002 +1.610997994e+002
636809 +2.344099886e+002 +2.344099886e+002 +1.556899886e+002 +1.556899886e+002
661199 +2.290839606e+002 +2.290839606e+002 +1.503639606e+002 +1.503639606e+002
674916 +2.238619475e+002 +2.238619475e+002 +1.451419475e+002 +1.451419475e+002
680617 +2.187429294e+002 +2.187429294e+002 +1.400229294e+002 +1.400229294e+002
710164 +2.137475642e+002 +2.137475642e+002 +1.350275642e+002 +1.350275642e+002
727596 +2.089209468e+002 +2.089209468e+002 +1.302009468e+002 +1.302009468e+002
745167 +2.041649493e+002 +2.041649493e+002 +1.254449493e+002 +1.254449493e+002
764911 +1.995173104e+002 +1.995173104e+002 +1.207973104e+002 +1.207973104e+002
781015 +1.949798604e+002 +1.949798604e+002 +1.162598604e+002 +1.162598604e+002
800570 +1.905269903e+002 +1.905269903e+002 +1.118069903e+002 +1.118069903e+002
828905 +1.861638762e+002 +1.861638762e+002 +1.074438762e+002 +1.074438762e+002
855301 +1.819651098e+002 +1.819651098e+002 +1.032451098e+002 +1.032451098e+002
876400 +1.778135751e+002 +1.778135751e+002 +9.909357512e+001 +9.909357512e+001
896995 +1.737671665e+002 +1.737671665e+002 +9.504716651e+001 +9.504716651e+001
918547 +1.698165956e+002 +1.698165956e+002 +9.109659559e+001 +9.109659559e+001
949033 +1.659540235e+002 +1.659540235e+002 +8.723402348e+001 +8.723402348e+001
982729 +1.621537973e+002 +1.621537973e+002 +8.343379728e+001 +8.343379728e+001
1034541 +1.584883394e+002 +1.584883394e+002 +7.976833943e+001 +7.976833943e+001
1098069 +1.548807599e+002 +1.548807599e+002 +7.616075985e+001 +7.616075985e+001
1169965 +1.513551099e+002 +1.513551099e+002 +7.263510994e+001 +7.263510994e+001
1216877 +1.478943656e+002 +1.478943656e+002 +6.917436561e+001 +6.917436561e+001
1250226 +1.445429336e+002 +1.445429336e+002 +6.582293365e+001 +6.582293365e+001
1292279 +1.412503544e+002 +1.412503544e+002 +6.253035444e+001 +6.253035444e+001
1357418 +1.380321325e+002 +1.380321325e+002 +5.931213246e+001 +5.931213246e+001
1398237 +1.348930941e+002 +1.348930941e+002 +5.617309413e+001 +5.617309413e+001
1441381 +1.318250499e+002 +1.318250499e+002 +5.310504992e+001 +5.310504992e+001
1506780 +1.288241887e+002 +1.288241887e+002 +5.010418865e+001 +5.010418865e+001
1627214 +1.258913644e+002 +1.258913644e+002 +4.717136441e+001 +4.717136441e+001
% function evaluation | noise-free fitness - Fopt (-6.949000000000e+001) | best noise-free fitness - Fopt | measured fitness | best measured fitness | x1 | x2...
1 +1.791209918e+007 +1.791209918e+007 +1.791202969e+007 +1.791202969e+007
33 +1.758241698e+007 +1.758241698e+007 +1.758234749e+007 +1.758234749e+007
46 +1.715879502e+007 +1.715879502e+007 +1.715872553e+007 +1.715872553e+007
68 +1.647791458e+007 +1.647791458e+007 +1.647784509e+007 +1.647784509e+007
73 +1.591966210e+007 +1.591966210e+007 +1.591959261e+007 +1.591959261e+007
78 +1.576679177e+007 +1.576679177e+007 +1.576672228e+007 +1.576672228e+007
93 +1.534476759e+007 +1.534476759e+007 +1.534469810e+007 +1.534469810e+007
98 +1.469287144e+007 +1.469287144e+007 +1.469280195e+007 +1.469280195e+007
107 +1.434828266e+007 +1.434828266e+007 +1.434821317e+007 +1.434821317e+007
116 +1.375268980e+007 +1.375268980e+007 +1.375262031e+007 +1.375262031e+007
134 +1.328237920e+007 +1.328237920e+007 +1.328230971e+007 +1.328230971e+007
140 +1.276171789e+007 +1.276171789e+007 +1.276164840e+007 +1.276164840e+007
153 +1.243385399e+007 +1.243385399e+007 +1.243378450e+007 +1.243378450e+007
158 +1.131521360e+007 +1.131521360e+007 +1.131514411e+007 +1.131514411e+007
184 +1.084434872e+007 +1.084434872e+007 +1.084427923e+007 +1.084427923e+007
200 +1.052866512e+007 +1.052866512e+007 +1.052859563e+007 +1.052859563e+007
206 +9.980902962e+006 +9.980902962e+006 +9.980833472e+006 +9.980833472e+006
207 +9.540705331e+006 +9.540705331e+006 +9.540635841e+006 +9.540635841e+006
208 +8.973649094e+006 +8.973649094e+006 +8.973579604e+006 +8.973579604e+006
229 +8.163665880e+006 +8.163665880e+006 +8.163596390e+006 +8.163596390e+006
235 +7.351454769e+006 +7.351454769e+006 +7.351385279e+006 +7.351385279e+006
244 +7.129953611e+006 +7.129953611e+006 +7.129884121e+006 +7.129884121e+006
245 +6.812199711e+006 +6.812199711e+006 +6.812130221e+006 +6.812130221e+006
266 +6.497209567e+006 +6.497209567e+006 +6.497140077e+006 +6.497140077e+006
268 +6.085092449e+006 +6.085092449e+006 +6.085022959e+006 +6.085022959e+006
272 +6.022372951e+006 +6.022372951e+006 +6.022303461e+006 +6.022303461e+006
274 +5.578907995e+006 +5.578907995e+006 +5.578838505e+006 +5.578838505e+006
285 +5.175487201e+006 +5.175487201e+006 +5.175417711e+006 +5.175417711e+006
293 +4.424954755e+006 +4.424954755e+006 +4.424885265e+006 +4.424885265e+006
305 +4.099975366e+006 +4.099975366e+006 +4.099905876e+006 +4.099905876e+006
313 +3.698329355e+006 +3.698329355e+006 +3.698259865e+006 +3.698259865e+006
335 +2.949133026e+006 +2.949133026e+006 +2.949063536e+006 +2.949063536e+006
358 +1.748243082e+006 +1.748243082e+006 +1.748173592e+006 +1.748173592e+006
366 +1.726586382e+006 +1.726586382e+006 +1.726516892e+006 +1.726516892e+006
377 +7.531656158e+005 +7.531656158e+005 +7.530961258e+005 +7.530961258e+005
380 +3.822577180e+005 +3.822577180e+005 +3.821882280e+005 +3.821882280e+005
399 +2.563956269e+005 +2.563956269e+005 +2.563261369e+005 +2.563261369e+005
404 +4.274897699e+004 +4.274897699e+004 +4.267948699e+004 +4.267948699e+004
421 +4.233887345e+002 +4.233887345e+002 +3.538987345e+002 +3.538987345e+002
422 +4.068047374e+002 +4.068047374e+002 +3.373147374e+002 +3.373147374e+002
444 +3.818600719e+002 +3.818600719e+002 +3.123700719e+002 +3.123700719e+002
483 +3.761871676e+002 +3.761871676e+002 +3.066971676e+002 +3.066971676e+002
1121742 +3.715341784e+002 +3.715341784e+002 +3.020441784e+002 +3.020441784e+002
1166094 +3.630666447e+002 +3.630666447e+002 +2.935766447e+002 +2.935766447e+002
1194946 +3.548094680e+002 +3.548094680e+002 +2.853194680e+002 +2.853194680e+002
1226034 +3.466272897e+002 +3.466272897e+002 +2.771372897e+002 +2.771372897e+002
1265493 +3.388415246e+002 +3.388415246e+002 +2.693515246e+002 +2.693515246e+002
1367628 +3.311291147e+002 +3.311291147e+002 +2.616391147e+002 +2.616391147e+002
1445860 +3.235712766e+002 +3.235712766e+002 +2.540812766e+002 +2.540812766e+002
1492383 +3.162242548e+002 +3.162242548e+002 +2.467342548e+002 +2.467342548e+002
1561371 +3.090282415e+002 +3.090282415e+002 +2.395382415e+002 +2.395382415e+002
% function evaluation | noise-free fitness - Fopt (-2.718000000000e+001) | best noise-free fitness - Fopt | measured fitness | best measured fitness | x1 | x2...
1 +3.966132209e+004 +3.966132209e+004 +3.963414209e+004 +3.963414209e+004
3 +1.821524041e+003 +1.821524041e+003 +1.794344041e+003 +1.794344041e+003
4 +3.380401025e+002 +3.380401025e+002 +3.108601025e+002 +3.108601025e+002
26 +2.629374627e+002 +2.629374627e+002 +2.357574627e+002 +2.357574627e+002
792 +2.568916123e+002 +2.568916123e+002 +2.297116123e+002 +2.297116123e+002
864 +2.506833019e+002 +2.506833019e+002 +2.235033019e+002 +2.235033019e+002
1763 +2.453944441e+002 +2.453944441e+002 +2.182144441e+002 +2.182144441e+002
228710 +2.398768524e+002 +2.398768524e+002 +2.126968524e+002 +2.126968524e+002
251472 +2.343547898e+002 +2.343547898e+002 +2.071747898e+002 +2.071747898e+002
257243 +2.290823025e+002 +2.290823025e+002 +2.019023025e+002 +2.019023025e+002
260550 +2.235204473e+002 +2.235204473e+002 +1.963404473e+002 +1.963404473e+002
265104 +2.186200973e+002 +2.186200973e+002 +1.914400973e+002 +1.914400973e+002
277588 +2.137955514e+002 +2.137955514e+002 +1.866155514e+002 +1.866155514e+002
290392 +2.089112566e+002 +2.089112566e+002 +1.817312566e+002 +1.817312566e+002
310766 +2.041727152e+002 +2.041727152e+002 +1.769927152e+002 +1.769927152e+002
349831 +1.995252165e+002 +1.995252165e+002 +1.723452165e+002 +1.723452165e+002
367191 +1.949674198e+002 +1.949674198e+002 +1.677874198e+002 +1.677874198e+002
392005 +1.905409063e+002 +1.905409063e+002 +1.633609063e+002 +1.633609063e+002
407915 +1.861834985e+002 +1.861834985e+002 +1.590034985e+002 +1.590034985e+002
427475 +1.819671771e+002 +1.819671771e+002 +1.547871771e+002 +1.547871771e+002
512779 +1.778138891e+002 +1.778138891e+002 +1.506338891e+002 +1.506338891e+002
544375 +1.737776283e+002 +1.737776283e+002 +1.465976283e+002 +1.465976283e+002
566384 +1.698238161e+002 +1.698238161e+002 +1.426438161e+002 +1.426438161e+002
631807 +1.659494483e+002 +1.659494483e+002 +1.387694483e+002 +1.387694483e+002
651499 +1.621660090e+002 +1.621660090e+002 +1.349860090e+002 +1.349860090e+002
670730 +1.584675056e+002 +1.584675056e+002 +1.312875056e+002 +1.312875056e+002
694224 +1.548812449e+002 +1.548812449e+002 +1.277012449e+002 +1.277012449e+002
746775 +1.513454469e+002 +1.513454469e+002 +1.241654469e+002 +1.241654469e+002
842341 +1.479054374e+002 +1.479054374e+002 +1.207254374e+002 +1.207254374e+002
961626 +1.445428104e+002 +1.445428104e+002 +1.173628104e+002 +1.173628104e+002
1394441 +1.412530955e+002 +1.412530955e+002 +1.140730955e+002 +1.140730955e+002
1592673 +1.380094995e+002 +1.380094995e+002 +1.108294995e+002 +1.108294995e+002
% function evaluation | noise-free fitness - Fopt (-6.968800000000e+002) | best noise-free fitness - Fopt | measured fitness | best measured fitness | x1 | x2...
1 +3.050011583e+006 +3.050011583e+006 +3.049314703e+006 +3.049314703e+006
2 +2.972199074e+004 +2.972199074e+004 +2.902511074e+004 +2.902511074e+004
9 +3.516210600e+003 +3.516210600e+003 +2.819330600e+003 +2.819330600e+003
25 +5.305940652e+002 +5.305940652e+002 -1.662859348e+002 -1.662859348e+002
814 +5.221841783e+002 +5.221841783e+002 -1.746958217e+002 -1.746958217e+002
997 +5.097142170e+002 +5.097142170e+002 -1.871657830e+002 -1.871657830e+002
1217 +4.975451572e+002 +4.975451572e+002 -1.993348428e+002 -1.993348428e+002
2508 +4.880998720e+002 +4.880998720e+002 -2.087801280e+002 -2.087801280e+002
3080 +4.773254790e+002 +4.773254790e+002 -2.195545210e+002 -2.195545210e+002
4910 +4.663179599e+002 +4.663179599e+002 -2.305620401e+002 -2.305620401e+002
59094 +4.570230308e+002 +4.570230308e+002 -2.398569692e+002 -2.398569692e+002
63050 +4.464483642e+002 +4.464483642e+002 -2.504316358e+002 -2.504316358e+002
67300 +4.362532547e+002 +4.362532547e+002 -2.606267453e+002 -2.606267453e+002
72484 +4.265644848e+002 +4.265644848e+002 -2.703155152e+002 -2.703155152e+002
77811 +4.167416963e+002 +4.167416963e+002 -2.801383037e+002 -2.801383037e+002
82354 +4.073406744e+002 +4.073406744e+002 -2.895393256e+002 -2.895393256e+002
87082 +3.981002714e+002 +3.981002714e+002 -2.987797286e+002 -2.987797286e+002
91019 +3.889838486e+002 +3.889838486e+002 -3.078961514e+002 -3.078961514e+002
94556 +3.801595620e+002 +3.801595620e+002 -3.167204380e+002 -3.167204380e+002
98169 +3.714994617e+002 +3.714994617e+002 -3.253805383e+002 -3.253805383e+002
103972 +3.630625458e+002 +3.630625458e+002 -3.338174542e+002 -3.338174542e+002
109696 +3.548051944e+002 +3.548051944e+002 -3.420748056e+002 -3.420748056e+002
115665 +3.466760172e+002 +3.466760172e+002 -3.502039828e+002 -3.502039828e+002
121504 +3.388226307e+002 +3.388226307e+002 -3.580573693e+002 -3.580573693e+002
131484 +3.311300404e+002 +3.311300404e+002 -3.657499596e+002 -3.657499596e+002
137417 +3.235711803e+002 +3.235711803e+002 -3.733088197e+002 -3.733088197e+002
148249 +3.161828311e+002 +3.161828311e+002 -3.806971689e+002 -3.806971689e+002
164469 +3.090279579e+002 +3.090279579e+002 -3.878520421e+002 -3.878520421e+002
177648 +3.019619329e+002 +3.019619329e+002 -3.949180671e+002 -3.949180671e+002
187575 +2.950746290e+002 +2.950746290e+002 -4.018053710e+002 -4.018053710e+002
200492 +2.883952278e+002 +2.883952278e+002 -4.084847722e+002 -4.084847722e+002
212635 +2.817759754e+002 +2.817759754e+002 -4.151040246e+002 -4.151040246e+002
234214 +2.753981750e+002 +2.753981750e+002 -4.214818250e+002 -4.214818250e+002
249626 +2.691050852e+002 +2.691050852e+002 -4.277749148e+002 -4.277749148e+002
276947 +2.630248172e+002 +2.630248172e+002 -4.338551828e+002 -4.338551828e+002
312804 +2.570332781e+002 +2.570332781e+002 -4.398467219e+002 -4.398467219e+002
324952 +2.511500643e+002 +2.511500643e+002 -4.457299357e+002 -4.457299357e+002
335264 +2.454429589e+002 +2.454429589e+002 -4.514370411e+002 -4.514370411e+002
346868 +2.398375570e+002 +2.398375570e+002 -4.570424430e+002 -4.570424430e+002
358669 +2.343949934e+002 +2.343949934e+002 -4.624850066e+002 -4.624850066e+002
380219 +2.290796145e+002 +2.290796145e+002 -4.678003855e+002 -4.678003855e+002
412693 +2.238630736e+002 +2.238630736e+002 -4.730169264e+002 -4.730169264e+002
434046 +2.187640564e+002 +2.187640564e+002 -4.781159436e+002 -4.781159436e+002
468171 +2.137905615e+002 +2.137905615e+002 -4.830894385e+002 -4.830894385e+002
501430 +2.089099483e+002 +2.089099483e+002 -4.879700517e+002 -4.879700517e+002
548774 +2.041639616e+002 +2.041639616e+002 -4.927160384e+002 -4.927160384e+002
604496 +1.995245529e+002 +1.995245529e+002 -4.973554471e+002 -4.973554471e+002
636670 +1.949723879e+002 +1.949723879e+002 -5.019076121e+002 -5.019076121e+002
661469 +1.905344846e+002 +1.905344846e+002 -5.063455154e+002 -5.063455154e+002
686829 +1.862029475e+002 +1.862029475e+002 -5.106770525e+002 -5.106770525e+002
714184 +1.819668807e+002 +1.819668807e+002 -5.149131193e+002 -5.149131193e+002
728162 +1.778132786e+002 +1.778132786e+002 -5.190667214e+002 -5.190667214e+002
737430 +1.737666750e+002 +1.737666750e+002 -5.231133250e+002 -5.231133250e+002
763149 +1.698151102e+002 +1.698151102e+002 -5.270648898e+002 -5.270648898e+002
773853 +1.659384935e+002 +1.659384935e+002 -5.309415065e+002 -5.309415065e+002
784011 +1.621708866e+002 +1.621708866e+002 -5.347091134e+002 -5.347091134e+002
799795 +1.584464804e+002 +1.584464804e+002 -5.384335196e+002 -5.384335196e+002
821205 +1.548753360e+002 +1.548753360e+002 -5.420046640e+002 -5.420046640e+002
862253 +1.513516966e+002 +1.513516966e+002 -5.455283034e+002 -5.455283034e+002
936121 +1.479095585e+002 +1.479095585e+002 -5.489704415e+002 -5.489704415e+002
971580 +1.445430409e+002 +1.445430409e+002 -5.523369591e+002 -5.523369591e+002
1012450 +1.412363521e+002 +1.412363521e+002 -5.556436479e+002 -5.556436479e+002
1039461 +1.380371330e+002 +1.380371330e+002 -5.588428670e+002 -5.588428670e+002
1092832 +1.348953418e+002 +1.348953418e+002 -5.619846582e+002 -5.619846582e+002
1144239 +1.318153951e+002 +1.318153951e+002 -5.650646049e+002 -5.650646049e+002
1176908 +1.288166937e+002 +1.288166937e+002 -5.680633063e+002 -5.680633063e+002
1218082 +1.258923704e+002 +1.258923704e+002 -5.709876296e+002 -5.709876296e+002
1302226 +1.230262708e+002 +1.230262708e+002 -5.738537292e+002 -5.738537292e+002
1360047 +1.202243538e+002 +1.202243538e+002 -5.766556462e+002 -5.766556462e+002
1426201 +1.174888957e+002 +1.174888957e+002 -5.793911043e+002 -5.793911043e+002
1573547 +1.148149971e+002 +1.148149971e+002 -5.820650029e+002 -5.820650029e+002
1740741 +1.122011568e+002 +1.122011568e+002 -5.846788432e+002 -5.846788432e+002
% function evaluation | noise-free fitness - Fopt (-4.895300000000e+002) | best noise-free fitness - Fopt | measured fitness | best measured fitness | x1 | x2...
1 +3.455427745e+003 +3.455427745e+003 +2.965897745e+003 +2.965897745e+003
115 +2.377636850e+003 +2.377636850e+003 +1.888106850e+003 +1.888106850e+003
127 +8.695817387e+002 +8.695817387e+002 +3.800517387e+002 +3.800517387e+002
132 +5.370340594e+002 +5.370340594e+002 +4.750405938e+001 +4.750405938e+001
167 +4.006278611e+002 +4.006278611e+002 -8.890213889e+001 -8.890213889e+001
180 +3.851371209e+002 +3.851371209e+002 -1.043928791e+002 -1.043928791e+002
26364 +3.793205030e+002 +3.793205030e+002 -1.102094970e+002 -1.102094970e+002
26536 +3.714641010e+002 +3.714641010e+002 -1.180658990e+002 -1.180658990e+002
26826 +3.621152144e+002 +3.621152144e+002 -1.274147856e+002 -1.274147856e+002
26968 +3.543149020e+002 +3.543149020e+002 -1.352150980e+002 -1.352150980e+002
27118 +3.450038383e+002 +3.450038383e+002 -1.445261617e+002 -1.445261617e+002
27504 +3.384197826e+002 +3.384197826e+002 -1.511102174e+002 -1.511102174e+002
33715 +3.310748033e+002 +3.310748033e+002 -1.584551967e+002 -1.584551967e+002
49021 +3.234834353e+002 +3.234834353e+002 -1.660465647e+002 -1.660465647e+002
59864 +3.161319718e+002 +3.161319718e+002 -1.733980282e+002 -1.733980282e+002
73306 +3.090086633e+002 +3.090086633e+002 -1.805213367e+002 -1.805213367e+002
86038 +3.019866095e+002 +3.019866095e+002 -1.875433905e+002 -1.875433905e+002
98337 +2.950726398e+002 +2.950726398e+002 -1.944573602e+002 -1.944573602e+002
105912 +2.883856028e+002 +2.883856028e+002 -2.011443972e+002 -2.011443972e+002
109819 +2.817354306e+002 +2.817354306e+002 -2.077945694e+002 -2.077945694e+002
112784 +2.752970722e+002 +2.752970722e+002 -2.142329278e+002 -2.142329278e+002
118708 +2.691356832e+002 +2.691356832e+002 -2.203943168e+002 -2.203943168e+002
131978 +2.630145617e+002 +2.630145617e+002 -2.265154383e+002 -2.265154383e+002
137552 +2.569768237e+002 +2.569768237e+002 -2.325531763e+002 -2.325531763e+002
146602 +2.511583126e+002 +2.511583126e+002 -2.383716874e+002 -2.383716874e+002
169620 +2.454633764e+002 +2.454633764e+002 -2.440666236e+002 -2.440666236e+002
192764 +2.398803514e+002 +2.398803514e+002 -2.496496486e+002 -2.496496486e+002
214697 +2.344203590e+002 +2.344203590e+002 -2.551096410e+002 -2.551096410e+002
230558 +2.290837068e+002 +2.290837068e+002 -2.604462932e+002 -2.604462932e+002
262016 +2.238513158e+002 +2.238513158e+002 -2.656786842e+002 -2.656786842e+002
322818 +2.187756250e+002 +2.187756250e+002 -2.707543750e+002 -2.707543750e+002
382960 +2.137883233e+002 +2.137883233e+002 -2.757416767e+002 -2.757416767e+002
426085 +2.089292739e+002 +2.089292739e+002 -2.806007261e+002 -2.806007261e+002
473577 +2.041698992e+002 +2.041698992e+002 -2.853601008e+002 -2.853601008e+002
534761 +1.995218081e+002 +1.995218081e+002 -2.900081919e+002 -2.900081919e+002
590114 +1.949838643e+002 +1.949838643e+002 -2.945461357e+002 -2.945461357e+002
699177 +1.905436182e+002 +1.905436182e+002 -2.989863818e+002 -2.989863818e+002
1152384 +1.862086048e+002 +1.862086048e+002 -3.033213952e+002 -3.033213952e+002
% function evaluation | noise-free fitness - Fopt (-4.004000000000e+001) | best noise-free fitness - Fopt | measured fitness | best measured fitness | x1 | x2...
1 +3.155998481e+007 +3.155998481e+007 +3.155994477e+007 +3.155994477e+007
2 +9.446507374e+006 +9.446507374e+006 +9.446467334e+006 +9.446467334e+006
10 +8.946908430e+006 +8.946908430e+006 +8.946868390e+006 +8.946868390e+006
12 +8.682645196e+006 +8.682645196e+006 +8.682605156e+006 +8.682605156e+006
20 +7.686151820e+006 +7.686151820e+006 +7.686111780e+006 +7.686111780e+006
50 +7.546203719e+006 +7.546203719e+006 +7.546163679e+006 +7.546163679e+006
58 +7.046954126e+006 +7.046954126e+006 +7.046914086e+006 +7.046914086e+006
77 +6.679775828e+006 +6.679775828e+006 +6.679735788e+006 +6.679735788e+006
86 +6.562874307e+006 +6.562874307e+006 +6.562834267e+006 +6.562834267e+006
87 +6.171304165e+006 +6.171304165e+006 +6.171264125e+006 +6.171264125e+006
91 +5.612545531e+006 +5.612545531e+006 +5.612505491e+006 +5.612505491e+006
108 +5.365385036e+006 +5.365385036e+006 +5.365344996e+006 +5.365344996e+006
124 +5.140631904e+006 +5.140631904e+006 +5.140591864e+006 +5.140591864e+006
134 +5.076555595e+006 +5.076555595e+006 +5.076515555e+006 +5.076515555e+006
138 +4.951990671e+006 +4.951990671e+006 +4.951950631e+006 +4.951950631e+006
139 +4.523993254e+006 +4.523993254e+006 +4.523953214e+006 +4.523953214e+006
151 +4.231671540e+006 +4.231671540e+006 +4.231631500e+006 +4.231631500e+006
156 +4.095378116e+006 +4.095378116e+006 +4.095338076e+006 +4.095338076e+006
161 +3.976949258e+006 +3.976949258e+006 +3.976909218e+006 +3.976909218e+006
174 +3.758045418e+006 +3.758045418e+006 +3.758005378e+006 +3.758005378e+006
178 +3.608531689e+006 +3.608531689e+006 +3.608491649e+006 +3.608491649e+006
201 +3.166113720e+006 +3.166113720e+006 +3.166073680e+006 +3.166073680e+006
207 +2.762254280e+006 +2.762254280e+006 +2.762214240e+006 +2.762214240e+006
222 +2.166507963e+006 +2.166507963e+006 +2.166467923e+006 +2.166467923e+006
228 +1.634348783e+006 +1.634348783e+006 +1.634308743e+006 +1.634308743e+006
259 +9.235416416e+005 +9.235416416e+005 +9.235016016e+005 +9.235016016e+005
271 +4.746819729e+005 +4.746819729e+005 +4.746419329e+005 +4.746419329e+005
275 +3.783233623e+005 +3.783233623e+005 +3.782833223e+005 +3.782833223e+005
289 +3.512460152e+005 +3.512460152e+005 +3.512059752e+005 +3.512059752e+005
297 +2.696929333e+005 +2.696929333e+005 +2.696528933e+005 +2.696528933e+005
305 +2.299084279e+005 +2.299084279e+005 +2.298683879e+005 +2.298683879e+005
307 +1.951631381e+005 +1.951631381e+005 +1.951230981e+005 +1.951230981e+005
317 +3.509856871e+003 +3.509856871e+003 +3.469816871e+003 +3.469816871e+003
319 +2.673129818e+003 +2.673129818e+003 +2.633089818e+003 +2.633089818e+003
337 +2.460205873e+003 +2.460205873e+003 +2.420165873e+003 +2.420165873e+003
340 +5.123880226e+002 +5.123880226e+002 +4.723480226e+002 +4.723480226e+002
352 +5.011341773e+002 +5.011341773e+002 +4.610941773e+002 +4.610941773e+002
484 +4.727819751e+002 +4.727819751e+002 +4.327419751e+002 +4.327419751e+002
842 +4.658982518e+002 +4.658982518e+002 +4.258582518e+002 +4.258582518e+002
256078 +4.570536114e+002 +4.570536114e+002 +4.170136114e+002 +4.170136114e+002
265407 +4.464874948e+002 +4.464874948e+002 +4.064474948e+002 +4.064474948e+002
274996 +4.364800950e+002 +4.364800950e+002 +3.964400950e+002 +3.964400950e+002
281708 +4.265341994e+002 +4.265341994e+002 +3.864941994e+002 +3.864941994e+002
289855 +4.168557177e+002 +4.168557177e+002 +3.768157177e+002 +3.768157177e+002
301250 +4.073575844e+002 +4.073575844e+002 +3.673175844e+002 +3.673175844e+002
311120 +3.980422698e+002 +3.980422698e+002 +3.580022698e+002 +3.580022698e+002
324055 +3.890099111e+002 +3.890099111e+002 +3.489699111e+002 +3.489699111e+002
339311 +3.801520769e+002 +3.801520769e+002 +3.401120769e+002 +3.401120769e+002
357562 +3.714770935e+002 +3.714770935e+002 +3.314370935e+002 +3.314370935e+002
382586 +3.630766943e+002 +3.630766943e+002 +3.230366943e+002 +3.230366943e+002
428994 +3.548112520e+002 +3.548112520e+002 +3.147712520e+002 +3.147712520e+002
442834 +3.467203825e+002 +3.467203825e+002 +3.066803825e+002 +3.066803825e+002
454686 +3.387785143e+002 +3.387785143e+002 +2.987385143e+002 +2.987385143e+002
466672 +3.310672433e+002 +3.310672433e+002 +2.910272433e+002 +2.910272433e+002
476438 +3.235575906e+002 +3.235575906e+002 +2.835175906e+002 +2.835175906e+002
488878 +3.161862329e+002 +3.161862329e+002 +2.761462329e+002 +2.761462329e+002
505835 +3.089462353e+002 +3.089462353e+002 +2.689062353e+002 +2.689062353e+002
524594 +3.019505281e+002 +3.019505281e+002 +2.619105281e+002 +2.619105281e+002
541236 +2.950705452e+002 +2.950705452e+002 +2.550305452e+002 +2.550305452e+002
558041 +2.883584664e+002 +2.883584664e+002 +2.483184664e+002 +2.483184664e+002
578881 +2.818304611e+002 +2.818304611e+002 +2.417904611e+002 +2.417904611e+002
599132 +2.753739104e+002 +2.753739104e+002 +2.353339104e+002 +2.353339104e+002
618338 +2.691483437e+002 +2.691483437e+002 +2.291083437e+002 +2.291083437e+002
636176 +2.630018889e+002 +2.630018889e+002 +2.229618889e+002 +2.229618889e+002
659008 +2.570344771e+002 +2.570344771e+002 +2.169944771e+002 +2.169944771e+002
681048 +2.511655713e+002 +2.511655713e+002 +2.111255713e+002 +2.111255713e+002
699539 +2.454303958e+002 +2.454303958e+002 +2.053903958e+002 +2.053903958e+002
731966 +2.398753950e+002 +2.398753950e+002 +1.998353950e+002 +1.998353950e+002
759382 +2.343779434e+002 +2.343779434e+002 +1.943379434e+002 +1.943379434e+002
803124 +2.290800640e+002 +2.290800640e+002 +1.890400640e+002 +1.890400640e+002
823528 +2.238707978e+002 +2.238707978e+002 +1.838307978e+002 +1.838307978e+002
840184 +2.187674556e+002 +2.187674556e+002 +1.787274556e+002 +1.787274556e+002
862158 +2.137940925e+002 +2.137940925e+002 +1.737540925e+002 +1.737540925e+002
883880 +2.089226008e+002 +2.089226008e+002 +1.688826008e+002 +1.688826008e+002
901027 +2.041697886e+002 +2.041697886e+002 +1.641297886e+002 +1.641297886e+002
926756 +1.995248070e+002 +1.995248070e+002 +1.594848070e+002 +1.594848070e+002
1076103 +1.949830946e+002 +1.949830946e+002 +1.549430946e+002 +1.549430946e+002
1267057 +1.905337745e+002 +1.905337745e+002 +1.504937745e+002 +1.504937745e+002
1345809 +1.862084763e+002 +1.862084763e+002 +1.461684763e+002 +1.461684763e+002
% function evaluation | noise-free fitness - Fopt (-1.038100000000e+002) | best noise-free fitness - Fopt | measured fitness | best measured fitness | x1 | x2...
1 +2.066335371e+006 +2.066335371e+006 +2.066231561e+006 +2.066231561e+006
279 +1.486454091e+006 +1.486454091e+006 +1.486350281e+006 +1.486350281e+006
315 +1.337642080e+006 +1.337642080e+006 +1.337538270e+006 +1.337538270e+006
317 +4.555312550e+005 +4.555312550e+005 +4.554274450e+005 +4.554274450e+005
335 +2.508206564e+004 +2.508206564e+004 +2.497825564e+004 +2.497825564e+004
342 +5.273587296e+003 +5.273587296e+003 +5.169777296e+003 +5.169777296e+003
364 +1.213532976e+003 +1.213532976e+003 +1.109722976e+003 +1.109722976e+003
365 +9.778059824e+002 +9.778059824e+002 +8.739959824e+002 +8.739959824e+002
379 +4.001043267e+002 +4.001043267e+002 +2.962943267e+002 +2.962943267e+002
396 +3.650809584e+002 +3.650809584e+002 +2.612709584e+002 +2.612709584e+002
418 +3.583735845e+002 +3.583735845e+002 +2.545635845e+002 +2.545635845e+002
460 +3.332793609e+002 +3.332793609e+002 +2.294693609e+002 +2.294693609e+002
% function evaluation | noise-free fitness - Fopt (-2.380000000000e+001) | best noise-free fitness - Fopt | measured fitness | best measured fitness | x1 | x2...
1 +3.663979773e+006 +3.663979773e+006 +3.663955973e+006 +3.663955973e+006
313 +1.048762982e+006 +1.048762982e+006 +1.048739182e+006 +1.048739182e+006
373 +5.804645180e+005 +5.804645180e+005 +5.804407180e+005 +5.804407180e+005
381 +2.207966736e+005 +2.207966736e+005 +2.207728736e+005 +2.207728736e+005
400 +1.937117494e+005 +1.937117494e+005 +1.936879494e+005 +1.936879494e+005
407 +1.763988510e+005 +1.763988510e+005 +1.763750510e+005 +1.763750510e+005
416 +9.875489009e+004 +9.875489009e+004 +9.873109009e+004 +9.873109009e+004
418 +9.708887535e+004 +9.708887535e+004 +9.706507535e+004 +9.706507535e+004
420 +7.531211019e+004 +7.531211019e+004 +7.528831019e+004 +7.528831019e+004
422 +1.015559848e+004 +1.015559848e+004 +1.013179848e+004 +1.013179848e+004
428 +3.555188814e+003 +3.555188814e+003 +3.531388814e+003 +3.531388814e+003
436 +7.259013260e+002 +7.259013260e+002 +7.021013260e+002 +7.021013260e+002
450 +4.867995333e+002 +4.867995333e+002 +4.629995333e+002 +4.629995333e+002
2150 +4.637691305e+002 +4.637691305e+002 +4.399691305e+002 +4.399691305e+002
82942 +4.569902822e+002 +4.569902822e+002 +4.331902822e+002 +4.331902822e+002
94827 +4.466014467e+002 +4.466014467e+002 +4.228014467e+002 +4.228014467e+002
102607 +4.364536176e+002 +4.364536176e+002 +4.126536176e+002 +4.126536176e+002
110102 +4.264240592e+002 +4.264240592e+002 +4.026240592e+002 +4.026240592e+002
118995 +4.166612520e+002 +4.166612520e+002 +3.928612520e+002 +3.928612520e+002
126080 +4.072935074e+002 +4.072935074e+002 +3.834935074e+002 +3.834935074e+002
131175 +3.979949518e+002 +3.979949518e+002 +3.741949518e+002 +3.741949518e+002
137274 +3.888153800e+002 +3.888153800e+002 +3.650153800e+002 +3.650153800e+002
145429 +3.801154459e+002 +3.801154459e+002 +3.563154459e+002 +3.563154459e+002
157691 +3.715319410e+002 +3.715319410e+002 +3.477319410e+002 +3.477319410e+002
172721 +3.629951946e+002 +3.629951946e+002 +3.391951946e+002 +3.391951946e+002
195074 +3.547980498e+002 +3.547980498e+002 +3.309980498e+002 +3.309980498e+002
217611 +3.467263751e+002 +3.467263751e+002 +3.229263751e+002 +3.229263751e+002
235100 +3.387555983e+002 +3.387555983e+002 +3.149555983e+002 +3.149555983e+002
251258 +3.311127932e+002 +3.311127932e+002 +3.073127932e+002 +3.073127932e+002
268472 +3.235802845e+002 +3.235802845e+002 +2.997802845e+002 +2.997802845e+002
281574 +3.162210441e+002 +3.162210441e+002 +2.924210441e+002 +2.924210441e+002
291400 +3.090243251e+002 +3.090243251e+002 +2.852243251e+002 +2.852243251e+002
300117 +3.018314517e+002 +3.018314517e+002 +2.780314517e+002 +2.780314517e+002
303706 +2.951113244e+002 +2.951113244e+002 +2.713113244e+002 +2.713113244e+002
307809 +2.883593741e+002 +2.883593741e+002 +2.645593741e+002 +2.645593741e+002
311161 +2.816319696e+002 +2.816319696e+002 +2.578319696e+002 +2.578319696e+002
316589 +2.753817805e+002 +2.753817805e+002 +2.515817805e+002 +2.515817805e+002
336200 +2.691409640e+002 +2.691409640e+002 +2.453409640e+002 +2.453409640e+002
381730 +2.630239288e+002 +2.630239288e+002 +2.392239288e+002 +2.392239288e+002
416076 +2.570015603e+002 +2.570015603e+002 +2.332015603e+002 +2.332015603e+002
422330 +2.511882201e+002 +2.511882201e+002 +2.273882201e+002 +2.273882201e+002
426964 +2.454320303e+002 +2.454320303e+002 +2.216320303e+002 +2.216320303e+002
436237 +2.398794902e+002 +2.398794902e+002 +2.160794902e+002 +2.160794902e+002
472735 +2.344176391e+002 +2.344176391e+002 +2.106176391e+002 +2.106176391e+002
571998 +2.290835880e+002 +2.290835880e+002 +2.052835880e+002 +2.052835880e+002
607385 +2.238588660e+002 +2.238588660e+002 +2.000588660e+002 +2.000588660e+002
639388 +2.187721956e+002 +2.187721956e+002 +1.949721956e+002 +1.949721956e+002
670022 +2.137795339e+002 +2.137795339e+002 +1.899795339e+002 +1.899795339e+002
706997 +2.088998868e+002 +2.088998868e+002 +1.850998868e+002 +1.850998868e+002
761317 +2.041692531e+002 +2.041692531e+002 +1.803692531e+002 +1.803692531e+002
828901 +1.995113072e+002 +1.995113072e+002 +1.757113072e+002 +1.757113072e+002
844025 +1.949410509e+002 +1.949410509e+002 +1.711410509e+002 +1.711410509e+002
851569 +1.905435886e+002 +1.905435886e+002 +1.667435886e+002 +1.667435886e+002
863844 +1.862041452e+002 +1.862041452e+002 +1.624041452e+002 +1.624041452e+002
926561 +1.819685078e+002 +1.819685078e+002 +1.581685078e+002 +1.581685078e+002
1069070 +1.778094656e+002 +1.778094656e+002 +1.540094656e+002 +1.540094656e+002
1091382 +1.737794500e+002 +1.737794500e+002 +1.499794500e+002 +1.499794500e+002
1115946 +1.698146953e+002 +1.698146953e+002 +1.460146953e+002 +1.460146953e+002
1144082 +1.659585001e+002 +1.659585001e+002 +1.421585001e+002 +1.421585001e+002
1183202 +1.621764467e+002 +1.621764467e+002 +1.383764467e+002 +1.383764467e+002
1228264 +1.584856882e+002 +1.584856882e+002 +1.346856882e+002 +1.346856882e+002
1292649 +1.548806470e+002 +1.548806470e+002 +1.310806470e+002 +1.310806470e+002
1372252 +1.513543671e+002 +1.513543671e+002 +1.275543671e+002 +1.275543671e+002
% function evaluation | noise-free fitness - Fopt (7.459000000000e+001) | best noise-free fitness - Fopt | measured fitness | best measured fitness | x1 | x2...
1 +2.433903973e+007 +2.433903973e+007 +2.433911432e+007 +2.433911432e+007
399 +2.339024385e+007 +2.339024385e+007 +2.339031844e+007 +2.339031844e+007
400 +2.084472473e+007 +2.084472473e+007 +2.084479932e+007 +2.084479932e+007
433 +2.017623902e+007 +2.017623902e+007 +2.017631361e+007 +2.017631361e+007
434 +1.884335587e+007 +1.884335587e+007 +1.884343046e+007 +1.884343046e+007
435 +1.332380396e+007 +1.332380396e+007 +1.332387855e+007 +1.332387855e+007
460 +1.089790875e+007 +1.089790875e+007 +1.089798334e+007 +1.089798334e+007
465 +9.824431329e+006 +9.824431329e+006 +9.824505919e+006 +9.824505919e+006
470 +7.887848523e+006 +7.887848523e+006 +7.887923113e+006 +7.887923113e+006
478 +6.394800139e+006 +6.394800139e+006 +6.394874729e+006 +6.394874729e+006
491 +5.044299998e+006 +5.044299998e+006 +5.044374588e+006 +5.044374588e+006
510 +1.440442742e+006 +1.440442742e+006 +1.440517332e+006 +1.440517332e+006
538 +3.953555544e+005 +3.953555544e+005 +3.954301444e+005 +3.954301444e+005
547 +8.524494230e+004 +8.524494230e+004 +8.531953230e+004 +8.531953230e+004
561 +1.069673808e+004 +1.069673808e+004 +1.077132808e+004 +1.077132808e+004
576 +7.268690675e+002 +7.268690675e+002 +8.014590675e+002 +8.014590675e+002
631 +6.028820487e+002 +6.028820487e+002 +6.774720487e+002 +6.774720487e+002
660 +5.730174623e+002 +5.730174623e+002 +6.476074623e+002 +6.476074623e+002
682 +5.431359989e+002 +5.431359989e+002 +6.177259989e+002 +6.177259989e+002
572458 +5.369904468e+002 +5.369904468e+002 +6.115804468e+002 +6.115804468e+002
585313 +5.247704268e+002 +5.247704268e+002 +5.993604268e+002 +5.993604268e+002
606879 +5.128588236e+002 +5.128588236e+002 +5.874488236e+002 +5.874488236e+002
627786 +5.011848706e+002 +5.011848706e+002 +5.757748706e+002 +5.757748706e+002
693909 +4.897740120e+002 +4.897740120e+002 +5.643640120e+002 +5.643640120e+002
789160 +4.786286454e+002 +4.786286454e+002 +5.532186454e+002 +5.532186454e+002
838798 +4.676991448e+002 +4.676991448e+002 +5.422891448e+002 +5.422891448e+002
894236 +4.570860060e+002 +4.570860060e+002 +5.316760060e+002 +5.316760060e+002
1019653 +4.466789548e+002 +4.466789548e+002 +5.212689548e+002 +5.212689548e+002
1236324 +4.365156220e+002 +4.365156220e+002 +5.111056220e+002 +5.111056220e+002
% function evaluation | noise-free fitness - Fopt (2.225900000000e+002) | best noise-free fitness - Fopt | measured fitness | best measured fitness | x1 | x2...
1 +3.039280197e+004 +3.039280197e+004 +3.061539197e+004 +3.061539197e+004
105 +2.290955202e+004 +2.290955202e+004 +2.313214202e+004 +2.313214202e+004
112 +1.080854721e+004 +1.080854721e+004 +1.103113721e+004 +1.103113721e+004
136 +6.383972374e+002 +6.383972374e+002 +8.609872374e+002 +8.609872374e+002
139 +4.506810358e+002 +4.506810358e+002 +6.732710358e+002 +6.732710358e+002
182 +4.257897947e+002 +4.257897947e+002 +6.483797947e+002 +6.483797947e+002
788 +4.083577344e+002 +4.083577344e+002 +6.309477344e+002 +6.309477344e+002
902 +4.073415890e+002 +4.073415890e+002 +6.299315890e+002 +6.299315890e+002
80869 +3.980893257e+002 +3.980893257e+002 +6.206793257e+002 +6.206793257e+002
94016 +3.890324917e+002 +3.890324917e+002 +6.116224917e+002 +6.116224917e+002
102479 +3.801735130e+002 +3.801735130e+002 +6.027635130e+002 +6.027635130e+002
111307 +3.714994176e+002 +3.714994176e+002 +5.940894176e+002 +5.940894176e+002
118793 +3.630775427e+002 +3.630775427e+002 +5.856675427e+002 +5.856675427e+002
130138 +3.547949812e+002 +3.547949812e+002 +5.773849812e+002 +5.773849812e+002
143531 +3.466391298e+002 +3.466391298e+002 +5.692291298e+002 +5.692291298e+002
157884 +3.388366752e+002 +3.388366752e+002 +5.614266752e+002 +5.614266752e+002
184587 +3.311146801e+002 +3.311146801e+002 +5.537046801e+002 +5.537046801e+002
192804 +3.235317123e+002 +3.235317123e+002 +5.461217123e+002 +5.461217123e+002
207937 +3.162252151e+002 +3.162252151e+002 +5.388152151e+002 +5.388152151e+002
226411 +3.090226886e+002 +3.090226886e+002 +5.316126886e+002 +5.316126886e+002
243687 +3.018652402e+002 +3.018652402e+002 +5.244552402e+002 +5.244552402e+002
260311 +2.950767856e+002 +2.950767856e+002 +5.176667856e+002 +5.176667856e+002
281749 +2.883825025e+002 +2.883825025e+002 +5.109725025e+002 +5.109725025e+002
305463 +2.818022457e+002 +2.818022457e+002 +5.043922457e+002 +5.043922457e+002
332207 +2.754145311e+002 +2.754145311e+002 +4.980045311e+002 +4.980045311e+002
364899 +2.691499935e+002 +2.691499935e+002 +4.917399935e+002 +4.917399935e+002
385195 +2.629804350e+002 +2.629804350e+002 +4.855704350e+002 +4.855704350e+002
399649 +2.570346231e+002 +2.570346231e+002 +4.796246231e+002 +4.796246231e+002
421559 +2.511627790e+002 +2.511627790e+002 +4.737527790e+002 +4.737527790e+002
448151 +2.454671945e+002 +2.454671945e+002 +4.680571945e+002 +4.680571945e+002
471007 +2.398808066e+002 +2.398808066e+002 +4.624708066e+002 +4.624708066e+002
497387 +2.343584688e+002 +2.343584688e+002 +4.569484688e+002 +4.569484688e+002
519062 +2.290774714e+002 +2.290774714e+002 +4.516674714e+002 +4.516674714e+002
541873 +2.238671698e+002 +2.238671698e+002 +4.464571698e+002 +4.464571698e+002
576982 +2.187720523e+002 +2.187720523e+002 +4.413620523e+002 +4.413620523e+002
603966 +2.137947051e+002 +2.137947051e+002 +4.363847051e+002 +4.363847051e+002
624476 +2.089289553e+002 +2.089289553e+002 +4.315189553e+002 +4.315189553e+002
638323 +2.041638426e+002 +2.041638426e+002 +4.267538426e+002 +4.267538426e+002
658070 +1.995220961e+002 +1.995220961e+002 +4.221120961e+002 +4.221120961e+002
682312 +1.949747810e+002 +1.949747810e+002 +4.175647810e+002 +4.175647810e+002
707200 +1.905421739e+002 +1.905421739e+002 +4.131321739e+002 +4.131321739e+002
725083 +1.862071686e+002 +1.862071686e+002 +4.087971686e+002 +4.087971686e+002
753437 +1.819645983e+002 +1.819645983e+002 +4.045545983e+002 +4.045545983e+002
779899 +1.778261186e+002 +1.778261186e+002 +4.004161186e+002 +4.004161186e+002
808681 +1.737551198e+002 +1.737551198e+002 +3.963451198e+002 +3.963451198e+002
826985 +1.698070362e+002 +1.698070362e+002 +3.923970362e+002 +3.923970362e+002
853960 +1.659579228e+002 +1.659579228e+002 +3.885479228e+002 +3.885479228e+002
894506 +1.621659337e+002 +1.621659337e+002 +3.847559337e+002 +3.847559337e+002
930547 +1.584708012e+002 +1.584708012e+002 +3.810608012e+002 +3.810608012e+002
960078 +1.548291627e+002 +1.548291627e+002 +3.774191627e+002 +3.774191627e+002
996332 +1.513526921e+002 +1.513526921e+002 +3.739426921e+002 +3.739426921e+002
1024397 +1.479052477e+002 +1.479052477e+002 +3.704952477e+002 +3.704952477e+002
1052482 +1.445104720e+002 +1.445104720e+002 +3.671004720e+002 +3.671004720e+002
1082773 +1.412396411e+002 +1.412396411e+002 +3.638296411e+002 +3.638296411e+002
1116585 +1.380248919e+002 +1.380248919e+002 +3.606148919e+002 +3.606148919e+002
1190450 +1.348954832e+002 +1.348954832e+002 +3.574854832e+002 +3.574854832e+002
1243164 +1.318223306e+002 +1.318223306e+002 +3.544123306e+002 +3.544123306e+002
1379186 +1.288240187e+002 +1.288240187e+002 +3.514140187e+002 +3.514140187e+002
1614758 +1.258904895e+002 +1.258904895e+002 +3.484804895e+002 +3.484804895e+002
1683355 +1.230223431e+002 +1.230223431e+002 +3.456123431e+002 +3.456123431e+002
% function evaluation | noise-free fitness - Fopt (-2.977700000000e+002) | best noise-free fitness - Fopt | measured fitness | best measured fitness | x1 | x2...
1 +8.060951323e+006 +8.060951323e+006 +8.060653553e+006 +8.060653553e+006
2 +4.119194806e+006 +4.119194806e+006 +4.118897036e+006 +4.118897036e+006
8 +4.021300422e+006 +4.021300422e+006 +4.021002652e+006 +4.021002652e+006
9 +3.856637952e+006 +3.856637952e+006 +3.856340182e+006 +3.856340182e+006
24 +3.785448260e+006 +3.785448260e+006 +3.785150490e+006 +3.785150490e+006
46 +3.702603390e+006 +3.702603390e+006 +3.702305620e+006 +3.702305620e+006
55 +3.340602555e+006 +3.340602555e+006 +3.340304785e+006 +3.340304785e+006
68 +3.097050344e+006 +3.097050344e+006 +3.096752574e+006 +3.096752574e+006
87 +3.045112459e+006 +3.045112459e+006 +3.044814689e+006 +3.044814689e+006
91 +2.953445843e+006 +2.953445843e+006 +2.953148073e+006 +2.953148073e+006
93 +2.915041963e+006 +2.915041963e+006 +2.914744193e+006 +2.914744193e+006
94 +2.650619633e+006 +2.650619633e+006 +2.650321863e+006 +2.650321863e+006
98 +2.117448318e+006 +2.117448318e+006 +2.117150548e+006 +2.117150548e+006
130 +2.034194815e+006 +2.034194815e+006 +2.033897045e+006 +2.033897045e+006
140 +1.766414212e+006 +1.766414212e+006 +1.766116442e+006 +1.766116442e+006
142 +1.701961099e+006 +1.701961099e+006 +1.701663329e+006 +1.701663329e+006
149 +1.669082739e+006 +1.669082739e+006 +1.668784969e+006 +1.668784969e+006
156 +1.443859842e+006 +1.443859842e+006 +1.443562072e+006 +1.443562072e+006
165 +1.091242166e+006 +1.091242166e+006 +1.090944396e+006 +1.090944396e+006
172 +9.620280843e+005 +9.620280843e+005 +9.617303143e+005 +9.617303143e+005
179 +9.322136889e+005 +9.322136889e+005 +9.319159189e+005 +9.319159189e+005
184 +4.662706826e+005 +4.662706826e+005 +4.659729126e+005 +4.659729126e+005
200 +3.531620596e+005 +3.531620596e+005 +3.528642896e+005 +3.528642896e+005
222 +2.743739674e+005 +2.743739674e+005 +2.740761974e+005 +2.740761974e+005
227 +2.494925497e+005 +2.494925497e+005 +2.491947797e+005 +2.491947797e+005
229 +2.362611471e+005 +2.362611471e+005 +2.359633771e+005 +2.359633771e+005
235 +1.480708041e+005 +1.480708041e+005 +1.477730341e+005 +1.477730341e+005
237 +1.016183657e+005 +1.016183657e+005 +1.013205957e+005 +1.013205957e+005
245 +1.085941112e+003 +1.085941112e+003 +7.881711125e+002 +7.881711125e+002
268 +6.556719839e+002 +6.556719839e+002 +3.579019839e+002 +3.579019839e+002
286 +4.750775860e+002 +4.750775860e+002 +1.773075860e+002 +1.773075860e+002
572 +4.614039826e+002 +4.614039826e+002 +1.636339826e+002 +1.636339826e+002
122448 +4.570423053e+002 +4.570423053e+002 +1.592723053e+002 +1.592723053e+002
132378 +4.465607280e+002 +4.465607280e+002 +1.487907280e+002 +1.487907280e+002
152011 +4.363486956e+002 +4.363486956e+002 +1.385786956e+002 +1.385786956e+002
163206 +4.263222914e+002 +4.263222914e+002 +1.285522914e+002 +1.285522914e+002
169140 +4.167823803e+002 +4.167823803e+002 +1.190123803e+002 +1.190123803e+002
174090 +4.073765886e+002 +4.073765886e+002 +1.096065886e+002 +1.096065886e+002
182265 +3.980280065e+002 +3.980280065e+002 +1.002580065e+002 +1.002580065e+002
191732 +3.888681772e+002 +3.888681772e+002 +9.109817721e+001 +9.109817721e+001
202734 +3.801695842e+002 +3.801695842e+002 +8.239958418e+001 +8.239958418e+001
214089 +3.715268114e+002 +3.715268114e+002 +7.375681138e+001 +7.375681138e+001
233370 +3.630714883e+002 +3.630714883e+002 +6.530148834e+001 +6.530148834e+001
246595 +3.547859347e+002 +3.547859347e+002 +5.701593474e+001 +5.701593474e+001
268684 +3.467258006e+002 +3.467258006e+002 +4.895580056e+001 +4.895580056e+001
293755 +3.388077219e+002 +3.388077219e+002 +4.103772185e+001 +4.103772185e+001
311533 +3.310875243e+002 +3.310875243e+002 +3.331752431e+001 +3.331752431e+001
329053 +3.235834419e+002 +3.235834419e+002 +2.581344194e+001 +2.581344194e+001
347076 +3.162154334e+002 +3.162154334e+002 +1.844543339e+001 +1.844543339e+001
361793 +3.089961586e+002 +3.089961586e+002 +1.122615860e+001 +1.122615860e+001
380651 +3.019559161e+002 +3.019559161e+002 +4.185916097e+000 +4.185916097e+000
399689 +2.951103480e+002 +2.951103480e+002 -2.659652041e+000 -2.659652041e+000
423571 +2.883757514e+002 +2.883757514e+002 -9.394248553e+000 -9.394248553e+000
450141 +2.818323306e+002 +2.818323306e+002 -1.593766938e+001 -1.593766938e+001
484118 +2.754221602e+002 +2.754221602e+002 -2.234783981e+001 -2.234783981e+001
525748 +2.691248455e+002 +2.691248455e+002 -2.864515449e+001 -2.864515449e+001
566546 +2.630053840e+002 +2.630053840e+002 -3.476461597e+001 -3.476461597e+001
631234 +2.570346937e+002 +2.570346937e+002 -4.073530628e+001 -4.073530628e+001
748268 +2.511847784e+002 +2.511847784e+002 -4.658522155e+001 -4.658522155e+001
983475 +2.454257510e+002 +2.454257510e+002 -5.234424899e+001 -5.234424899e+001
1001941 +2.398828657e+002 +2.398828657e+002 -5.788713426e+001 -5.788713426e+001
1040835 +2.344224320e+002 +2.344224320e+002 -6.334756796e+001 -6.334756796e+001
1116460 +2.290463264e+002 +2.290463264e+002 -6.872367359e+001 -6.872367359e+001
1159166 +2.238540019e+002 +2.238540019e+002 -7.391599806e+001 -7.391599806e+001
1222291 +2.187750351e+002 +2.187750351e+002 -7.899496494e+001 -7.899496494e+001
1269293 +2.137930357e+002 +2.137930357e+002 -8.397696426e+001 -8.397696426e+001
1306616 +2.089113076e+002 +2.089113076e+002 -8.885869245e+001 -8.885869245e+001
1326221 +2.041586609e+002 +2.041586609e+002 -9.361133913e+001 -9.361133913e+001
1341159 +1.995233034e+002 +1.995233034e+002 -9.824669662e+001 -9.824669662e+001
1361129 +1.949733714e+002 +1.949733714e+002 -1.027966286e+002 -1.027966286e+002
1392193 +1.905355596e+002 +1.905355596e+002 -1.072344404e+002 -1.072344404e+002
1438369 +1.861440110e+002 +1.861440110e+002 -1.116259890e+002 -1.116259890e+002
1514336 +1.819613787e+002 +1.819613787e+002 -1.158086213e+002 -1.158086213e+002
1595684 +1.778274957e+002 +1.778274957e+002 -1.199425043e+002 -1.199425043e+002
