% function evaluation | noise-free fitness - Fopt (-5.235000000000e+001) | best noise-free fitness - Fopt | measured fitness | best measured fitness | x1 | x2...
1 +1.487914355e+000 +1.487914355e+000 -5.086208564e+001 -5.086208564e+001 +0.0000e+000 +0.0000e+000
112 +5.888506455e-001 +5.888506455e-001 -5.176114935e+001 -5.176114935e+001 -3.5141e-001 -9.1450e-001
154 +3.592405764e-001 +3.592405764e-001 -5.199075942e+001 -5.199075942e+001 -1.2673e+000 -1.1591e+000
180 +1.909229972e-001 +1.909229972e-001 -5.215907700e+001 -5.215907700e+001 -1.1298e+000 -7.7129e-001
264 +4.623531178e-002 +4.623531178e-002 -5.230376469e+001 -5.230376469e+001 -7.5808e-001 -1.5165e+000
271 +4.320369284e-002 +4.320369284e-002 -5.230679631e+001 -5.230679631e+001 -8.8690e-001 -1.0286e+000
291 +3.682529510e-002 +3.682529510e-002 -5.231317470e+001 -5.231317470e+001 -9.3565e-001 -9.3551e-001
308 +3.556020062e-002 +3.556020062e-002 -5.231443980e+001 -5.231443980e+001 -8.6780e-001 -1.3958e+000
330 +1.975392538e-002 +1.975392538e-002 -5.233024607e+001 -5.233024607e+001 -8.8224e-001 -1.1316e+000
348 +1.651843648e-002 +1.651843648e-002 -5.233348156e+001 -5.233348156e+001 -8.5541e-001 -1.3688e+000
370 +7.121894626e-004 +7.121894626e-004 -5.234928781e+001 -5.234928781e+001 -8.8031e-001 -1.2114e+000
858 +6.913395273e-004 +6.913395273e-004 -5.234930866e+001 -5.234930866e+001 -8.5561e-001 -1.3078e+000
897 +3.245230493e-004 +3.245230493e-004 -5.234967548e+001 -5.234967548e+001 -8.6665e-001 -1.2658e+000
937 +1.421165912e-004 +1.421165912e-004 -5.234985788e+001 -5.234985788e+001 -8.8552e-001 -1.1950e+000
1081 +6.767681815e-005 +6.767681815e-005 -5.234993232e+001 -5.234993232e+001 -8.6843e-001 -1.2577e+000
1267 +6.654806496e-005 +6.654806496e-005 -5.234993345e+001 -5.234993345e+001 -8.7226e-001 -1.2436e+000
1276 +5.874626543e-005 +5.874626543e-005 -5.234994125e+001 -5.234994125e+001 -8.7201e-001 -1.2450e+000
1305 +1.303621462e-005 +1.303621462e-005 -5.234998696e+001 -5.234998696e+001 -8.7124e-001 -1.2476e+000
1320 +2.261205999e-006 +2.261205999e-006 -5.234999774e+001 -5.234999774e+001 -8.7182e-001 -1.2455e+000
1364 +1.849356103e-006 +1.849356103e-006 -5.234999815e+001 -5.234999815e+001 -8.7186e-001 -1.2453e+000
1397 +3.148677763e-007 +3.148677763e-007 -5.234999969e+001 -5.234999969e+001 -8.7231e-001 -1.2436e+000
1687 +1.303192221e-008 +1.303192221e-008 -5.234999999e+001 -5.234999999e+001 -8.7211e-001 -1.2444e+000
2124 +5.740965037e-009 +5.740965037e-009 -5.234999999e+001 -5.234999999e+001 -8.7211e-001 -1.2444e+000
% function evaluation | noise-free fitness - Fopt (-1.795400000000e+002) | best noise-free fitness - Fopt | measured fitness | best measured fitness | x1 | x2...
1 +7.250272884e-001 +7.250272884e-001 -1.788149727e+002 -1.788149727e+002 +0.0000e+000 +0.0000e+000
73 +3.518721323e-001 +3.518721323e-001 -1.791881279e+002 -1.791881279e+002 +8.9779e-001 -2.9687e-002
88 +5.028022176e-004 +5.028022176e-004 -1.795394972e+002 -1.795394972e+002 +7.9790e-001 +5.2082e-001
467 +2.184860797e-004 +2.184860797e-004 -1.795397815e+002 -1.795397815e+002 +8.2031e-001 +5.6544e-001
704 +1.666844631e-004 +1.666844631e-004 -1.795398333e+002 -1.795398333e+002 +8.0064e-001 +5.2685e-001
858 +7.186180267e-005 +7.186180267e-005 -1.795399281e+002 -1.795399281e+002 +7.7452e-001 +4.7672e-001
908 +3.657677374e-005 +3.657677374e-005 -1.795399634e+002 -1.795399634e+002 +7.9454e-001 +5.1549e-001
1081 +2.036697734e-005 +2.036697734e-005 -1.795399796e+002 -1.795399796e+002 +7.9335e-001 +5.1307e-001
1208 +3.314790092e-006 +3.314790092e-006 -1.795399967e+002 -1.795399967e+002 +7.9579e-001 +5.1783e-001
1276 +1.100558194e-006 +1.100558194e-006 -1.795399989e+002 -1.795399989e+002 +7.9535e-001 +5.1699e-001
1672 +1.736869990e-007 +1.736869990e-007 -1.795399998e+002 -1.795399998e+002 +7.9519e-001 +5.1668e-001
1804 +7.541768809e-008 +7.541768809e-008 -1.795399999e+002 -1.795399999e+002 +7.9519e-001 +5.1667e-001
1956 +7.194427099e-008 +7.194427099e-008 -1.795399999e+002 -1.795399999e+002 +7.9519e-001 +5.1667e-001
2156 +5.698433370e-008 +5.698433370e-008 -1.795399999e+002 -1.795399999e+002 +7.9519e-001 +5.1668e-001
2200 +4.298928502e-008 +4.298928502e-008 -1.795400000e+002 -1.795400000e+002 +7.9519e-001 +5.1667e-001
2373 +4.237500661e-008 +4.237500661e-008 -1.795400000e+002 -1.795400000e+002 +7.9519e-001 +5.1668e-001
% function evaluation | noise-free fitness - Fopt (7.731000000000e+001) | best noise-free fitness - Fopt | measured fitness | best measured fitness | x1 | x2...
1 +9.434104222e-001 +9.434104222e-001 +7.825341042e+001 +7.825341042e+001 +0.0000e+000 +0.0000e+000
204 +7.822656126e-001 +7.822656126e-001 +7.809226561e+001 +7.809226561e+001 +1.2961e+000 +2.5843e-001
253 +6.112423767e-001 +6.112423767e-001 +7.792124238e+001 +7.792124238e+001 +7.8208e-001 +2.3826e-001
268 +3.287470624e-001 +3.287470624e-001 +7.763874706e+001 +7.763874706e+001 +5.8045e-001 -1.1386e+000
269 +2.879134963e-001 +2.879134963e-001 +7.759791350e+001 +7.759791350e+001 +1.0891e+000 +3.1448e-003
314 +4.019416096e-002 +4.019416096e-002 +7.735019416e+001 +7.735019416e+001 +9.3849e-001 -5.5287e-001
317 +1.788850318e-002 +1.788850318e-002 +7.732788850e+001 +7.732788850e+001 +8.7237e-001 -6.9741e-001
423 +9.234558833e-003 +9.234558833e-003 +7.731923456e+001 +7.731923456e+001 +9.0220e-001 -6.4879e-001
537 +2.778291978e-003 +2.778291978e-003 +7.731277829e+001 +7.731277829e+001 +8.9714e-001 -6.2321e-001
638 +1.423500522e-003 +1.423500522e-003 +7.731142350e+001 +7.731142350e+001 +8.9093e-001 -7.0520e-001
717 +1.052859528e-003 +1.052859528e-003 +7.731105286e+001 +7.731105286e+001 +8.8994e-001 -7.0840e-001
729 +9.280262854e-004 +9.280262854e-004 +7.731092803e+001 +7.731092803e+001 +8.9468e-001 -6.0051e-001
748 +8.896817118e-004 +8.896817118e-004 +7.731088968e+001 +7.731088968e+001 +8.9467e-001 -6.0151e-001
770 +3.569940803e-004 +3.569940803e-004 +7.731035699e+001 +7.731035699e+001 +8.9792e-001 -5.6502e-001
824 +2.217439470e-004 +2.217439470e-004 +7.731022174e+001 +7.731022174e+001 +8.9801e-001 -5.5415e-001
858 +3.112627144e-005 +3.112627144e-005 +7.731003113e+001 +7.731003113e+001 +8.9351e-001 -6.3834e-001
1174 +1.483360752e-005 +1.483360752e-005 +7.731001483e+001 +7.731001483e+001 +8.9399e-001 -6.2984e-001
1178 +1.368432828e-005 +1.368432828e-005 +7.731001368e+001 +7.731001368e+001 +8.9388e-001 -6.3188e-001
% function evaluation | noise-free fitness - Fopt (3.992000000000e+001) | best noise-free fitness - Fopt | measured fitness | best measured fitness | x1 | x2...
1 +9.795359042e+000 +9.795359042e+000 +4.971535904e+001 +4.971535904e+001 +0.0000e+000 +0.0000e+000
2 +1.343637337e+000 +1.343637337e+000 +4.126363734e+001 +4.126363734e+001 +2.5920e+000 -5.4144e-001
10 +1.264726578e+000 +1.264726578e+000 +4.118472658e+001 +4.118472658e+001 +2.6590e+000 -5.4501e-001
25 +9.910285244e-001 +9.910285244e-001 +4.091102852e+001 +4.091102852e+001 +2.8577e+000 -7.1368e-001
27 +9.172811464e-001 +9.172811464e-001 +4.083728115e+001 +4.083728115e+001 +2.9626e+000 -5.6973e-001
29 +6.541220399e-001 +6.541220399e-001 +4.057412204e+001 +4.057412204e+001 +3.1951e+000 -7.3696e-001
46 +3.688675354e-001 +3.688675354e-001 +4.028886754e+001 +4.028886754e+001 +3.4850e+000 -6.3229e-001
49 +3.145163330e-003 +3.145163330e-003 +3.992314516e+001 +3.992314516e+001 +3.9176e+000 -9.4355e-001
380 +1.038354222e-003 +1.038354222e-003 +3.992103835e+001 +3.992103835e+001 +3.9479e+000 -1.0643e+000
560 +8.471572177e-004 +8.471572177e-004 +3.992084716e+001 +3.992084716e+001 +3.9355e+000 -1.0130e+000
601 +6.493887861e-004 +6.493887861e-004 +3.992064939e+001 +3.992064939e+001 +3.9273e+000 -9.8644e-001
616 +5.059798882e-004 +5.059798882e-004 +3.992050598e+001 +3.992050598e+001 +3.9305e+000 -9.9945e-001
1242 +4.850612294e-004 +4.850612294e-004 +3.992048506e+001 +3.992048506e+001 +3.9297e+000 -9.9489e-001
1248 +4.588774073e-004 +4.588774073e-004 +3.992045888e+001 +3.992045888e+001 +3.9297e+000 -9.9533e-001
1517 +4.545921716e-004 +4.545921716e-004 +3.992045459e+001 +3.992045459e+001 +3.9298e+000 -9.9554e-001
1580 +4.442773524e-004 +4.442773524e-004 +3.992044428e+001 +3.992044428e+001 +3.9302e+000 -9.9761e-001
1990 +4.332956853e-004 +4.332956853e-004 +3.992043330e+001 +3.992043330e+001 +3.9301e+000 -9.9680e-001
2023 +4.161710910e-004 +4.161710910e-004 +3.992041617e+001 +3.992041617e+001 +3.9303e+000 -9.9770e-001
2192 +4.036375783e-004 +4.036375783e-004 +3.992040364e+001 +3.992040364e+001 +3.9306e+000 -9.9875e-001
2229 +3.887395752e-004 +3.887395752e-004 +3.992038874e+001 +3.992038874e+001 +3.9308e+000 -9.9931e-001
2317 +3.741354437e-004 +3.741354437e-004 +3.992037414e+001 +3.992037414e+001 +3.9311e+000 -1.0003e+000
2373 +3.662430360e-004 +3.662430360e-004 +3.992036624e+001 +3.992036624e+001 +3.9313e+000 -1.0014e+000
2384 +3.539604759e-004 +3.539604759e-004 +3.992035396e+001 +3.992035396e+001 +3.9315e+000 -1.0017e+000
2428 +3.396379151e-004 +3.396379151e-004 +3.992033964e+001 +3.992033964e+001 +3.9320e+000 -1.0039e+000
2478 +3.366318595e-004 +3.366318595e-004 +3.992033663e+001 +3.992033663e+001 +3.9319e+000 -1.0029e+000
2486 +3.307482926e-004 +3.307482926e-004 +3.992033075e+001 +3.992033075e+001 +3.9318e+000 -1.0031e+000
2505 +3.029946349e-004 +3.029946349e-004 +3.992030299e+001 +3.992030299e+001 +3.9329e+000 -1.0064e+000
2987 +3.006750753e-004 +3.006750753e-004 +3.992030068e+001 +3.992030068e+001 +3.9324e+000 -1.0051e+000
3270 +2.943283956e-004 +2.943283956e-004 +3.992029433e+001 +3.992029433e+001 +3.9325e+000 -1.0056e+000
3426 +2.882719839e-004 +2.882719839e-004 +3.992028827e+001 +3.992028827e+001 +3.9327e+000 -1.0060e+000
3505 +2.798538945e-004 +2.798538945e-004 +3.992027985e+001 +3.992027985e+001 +3.9329e+000 -1.0066e+000
3583 +2.748849752e-004 +2.748849752e-004 +3.992027488e+001 +3.992027488e+001 +3.9330e+000 -1.0072e+000
3650 +2.672663767e-004 +2.672663767e-004 +3.992026727e+001 +3.992026727e+001 +3.9331e+000 -1.0076e+000
3813 +2.627274512e-004 +2.627274512e-004 +3.992026273e+001 +3.992026273e+001 +3.9332e+000 -1.0080e+000
3890 +2.569662345e-004 +2.569662345e-004 +3.992025697e+001 +3.992025697e+001 +3.9333e+000 -1.0085e+000
4046 +2.511064654e-004 +2.511064654e-004 +3.992025111e+001 +3.992025111e+001 +3.9335e+000 -1.0089e+000
4067 +2.433435431e-004 +2.433435431e-004 +3.992024334e+001 +3.992024334e+001 +3.9336e+000 -1.0095e+000
4306 +2.391380428e-004 +2.391380428e-004 +3.992023914e+001 +3.992023914e+001 +3.9337e+000 -1.0098e+000
4389 +2.292624331e-004 +2.292624331e-004 +3.992022926e+001 +3.992022926e+001 +3.9340e+000 -1.0107e+000
4433 +2.277423983e-004 +2.277423983e-004 +3.992022774e+001 +3.992022774e+001 +3.9340e+000 -1.0108e+000
4865 +2.194626903e-004 +2.194626903e-004 +3.992021946e+001 +3.992021946e+001 +3.9342e+000 -1.0117e+000
5005 +2.153375031e-004 +2.153375031e-004 +3.992021534e+001 +3.992021534e+001 +3.9343e+000 -1.0121e+000
5031 +2.106611155e-004 +2.106611155e-004 +3.992021066e+001 +3.992021066e+001 +3.9344e+000 -1.0124e+000
5041 +2.069931985e-004 +2.069931985e-004 +3.992020699e+001 +3.992020699e+001 +3.9345e+000 -1.0126e+000
5272 +2.005677757e-004 +2.005677757e-004 +3.992020057e+001 +3.992020057e+001 +3.9347e+000 -1.0132e+000
5451 +1.989764710e-004 +1.989764710e-004 +3.992019898e+001 +3.992019898e+001 +3.9348e+000 -1.0139e+000
5466 +1.936928862e-004 +1.936928862e-004 +3.992019369e+001 +3.992019369e+001 +3.9349e+000 -1.0139e+000
5928 +1.884928747e-004 +1.884928747e-004 +3.992018849e+001 +3.992018849e+001 +3.9350e+000 -1.0146e+000
6011 +1.847475147e-004 +1.847475147e-004 +3.992018475e+001 +3.992018475e+001 +3.9351e+000 -1.0147e+000
6067 +1.787433981e-004 +1.787433981e-004 +3.992017874e+001 +3.992017874e+001 +3.9353e+000 -1.0154e+000
6096 +1.761847482e-004 +1.761847482e-004 +3.992017618e+001 +3.992017618e+001 +3.9353e+000 -1.0156e+000
6448 +1.712361927e-004 +1.712361927e-004 +3.992017124e+001 +3.992017124e+001 +3.9355e+000 -1.0161e+000
6577 +1.693758634e-004 +1.693758634e-004 +3.992016938e+001 +3.992016938e+001 +3.9355e+000 -1.0164e+000
6703 +1.628286852e-004 +1.628286852e-004 +3.992016283e+001 +3.992016283e+001 +3.9357e+000 -1.0170e+000
6767 +1.567556109e-004 +1.567556109e-004 +3.992015676e+001 +3.992015676e+001 +3.9359e+000 -1.0177e+000
7039 +1.530896344e-004 +1.530896344e-004 +3.992015309e+001 +3.992015309e+001 +3.9360e+000 -1.0181e+000
7096 +1.496799889e-004 +1.496799889e-004 +3.992014968e+001 +3.992014968e+001 +3.9363e+000 -1.0191e+000
7258 +1.478420186e-004 +1.478420186e-004 +3.992014784e+001 +3.992014784e+001 +3.9362e+000 -1.0187e+000
7446 +1.441693594e-004 +1.441693594e-004 +3.992014417e+001 +3.992014417e+001 +3.9363e+000 -1.0191e+000
7519 +1.361476319e-004 +1.361476319e-004 +3.992013615e+001 +3.992013615e+001 +3.9366e+000 -1.0201e+000
7737 +1.344410401e-004 +1.344410401e-004 +3.992013444e+001 +3.992013444e+001 +3.9366e+000 -1.0203e+000
8462 +1.306173438e-004 +1.306173438e-004 +3.992013062e+001 +3.992013062e+001 +3.9368e+000 -1.0207e+000
8810 +1.282521786e-004 +1.282521786e-004 +3.992012825e+001 +3.992012825e+001 +3.9369e+000 -1.0210e+000
9089 +1.256614725e-004 +1.256614725e-004 +3.992012566e+001 +3.992012566e+001 +3.9370e+000 -1.0214e+000
9278 +1.224590605e-004 +1.224590605e-004 +3.992012246e+001 +3.992012246e+001 +3.9371e+000 -1.0218e+000
9588 +1.202255303e-004 +1.202255303e-004 +3.992012023e+001 +3.992012023e+001 +3.9372e+000 -1.0221e+000
9771 +1.170275607e-004 +1.170275607e-004 +3.992011703e+001 +3.992011703e+001 +3.9373e+000 -1.0225e+000
10464 +1.147596001e-004 +1.147596001e-004 +3.992011476e+001 +3.992011476e+001 +3.9374e+000 -1.0229e+000
10878 +1.119387560e-004 +1.119387560e-004 +3.992011194e+001 +3.992011194e+001 +3.9375e+000 -1.0232e+000
10932 +1.094198730e-004 +1.094198730e-004 +3.992010942e+001 +3.992010942e+001 +3.9376e+000 -1.0235e+000
11469 +1.069277601e-004 +1.069277601e-004 +3.992010693e+001 +3.992010693e+001 +3.9377e+000 -1.0239e+000
11824 +1.046695280e-004 +1.046695280e-004 +3.992010467e+001 +3.992010467e+001 +3.9377e+000 -1.0242e+000
12039 +1.021588021e-004 +1.021588021e-004 +3.992010216e+001 +3.992010216e+001 +3.9379e+000 -1.0246e+000
12202 +9.971555475e-005 +9.971555475e-005 +3.992009972e+001 +3.992009972e+001 +3.9380e+000 -1.0249e+000
% function evaluation | noise-free fitness - Fopt (-5.661000000000e+001) | best noise-free fitness - Fopt | measured fitness | best measured fitness | x1 | x2...
1 +2.106482508e+001 +2.106482508e+001 -3.554517492e+001 -3.554517492e+001 +0.0000e+000 +0.0000e+000
2 +6.036693772e-001 +6.036693772e-001 -5.600633062e+001 -5.600633062e+001 +1.7196e+000 +2.2181e+000
3 +5.611237431e-001 +5.611237431e-001 -5.604887626e+001 -5.604887626e+001 +1.6242e+000 +2.2445e+000
5 +5.058788009e-001 +5.058788009e-001 -5.610412120e+001 -5.610412120e+001 +1.8529e+000 +2.3585e+000
6 +4.404575198e-001 +4.404575198e-001 -5.616954248e+001 -5.616954248e+001 +1.6906e+000 +2.3803e+000
7 +4.192918790e-001 +4.192918790e-001 -5.619070812e+001 -5.619070812e+001 +1.5501e+000 +2.3856e+000
13 +4.057313283e-001 +4.057313283e-001 -5.620426867e+001 -5.620426867e+001 +1.7583e+000 +2.4345e+000
16 +3.978254330e-001 +3.978254330e-001 -5.621217457e+001 -5.621217457e+001 +1.7354e+000 +2.4362e+000
18 +3.699767800e-001 +3.699767800e-001 -5.624002322e+001 -5.624002322e+001 +1.6735e+000 +2.4495e+000
21 +3.481343067e-001 +3.481343067e-001 -5.626186569e+001 -5.626186569e+001 +1.6683e+000 +2.4711e+000
29 +3.103788277e-001 +3.103788277e-001 -5.629962117e+001 -5.629962117e+001 +1.6559e+000 +2.5076e+000
37 +2.703404699e-001 +2.703404699e-001 -5.633965953e+001 -5.633965953e+001 +1.5932e+000 +2.5399e+000
38 +2.259611416e-001 +2.259611416e-001 -5.638403886e+001 -5.638403886e+001 +1.7421e+000 +2.6179e+000
46 +1.092224337e-001 +1.092224337e-001 -5.650077757e+001 -5.650077757e+001 +1.6952e+000 +2.7277e+000
54 +6.565525985e-002 +6.565525985e-002 -5.654434474e+001 -5.654434474e+001 +1.8126e+000 +2.9459e+000
60 +4.030903027e-002 +4.030903027e-002 -5.656969097e+001 -5.656969097e+001 +1.7398e+000 +2.8131e+000
88 +6.826448029e-003 +6.826448029e-003 -5.660317355e+001 -5.660317355e+001 +1.7956e+000 +2.8771e+000
100 +5.291981950e-003 +5.291981950e-003 -5.660470802e+001 -5.660470802e+001 +1.7853e+000 +2.8673e+000
165 +1.104833576e-003 +1.104833576e-003 -5.660889517e+001 -5.660889517e+001 +2.0008e+000 +2.9391e+000
308 +4.147044005e-005 +4.147044005e-005 -5.660995853e+001 -5.660995853e+001 +1.9589e+000 +2.9243e+000
352 +2.328036235e-005 +2.328036235e-005 -5.660997672e+001 -5.660997672e+001 +1.9729e+000 +2.9289e+000
751 +1.465372099e-005 +1.465372099e-005 -5.660998535e+001 -5.660998535e+001 +1.9735e+000 +2.9291e+000
858 +1.138783661e-005 +1.138783661e-005 -5.660998861e+001 -5.660998861e+001 +1.9709e+000 +2.9283e+000
1012 +7.838197739e-006 +7.838197739e-006 -5.660999216e+001 -5.660999216e+001 +1.9690e+000 +2.9276e+000
1027 +3.774118504e-006 +3.774118504e-006 -5.660999623e+001 -5.660999623e+001 +1.9652e+000 +2.9264e+000
1393 +3.200741965e-006 +3.200741965e-006 -5.660999680e+001 -5.660999680e+001 +1.9642e+000 +2.9261e+000
1430 +3.098011334e-006 +3.098011334e-006 -5.660999690e+001 -5.660999690e+001 +1.9643e+000 +2.9261e+000
% function evaluation | noise-free fitness - Fopt (-1.022500000000e+002) | best noise-free fitness - Fopt | measured fitness | best measured fitness | x1 | x2...
1 +8.598676343e+000 +8.598676343e+000 -9.365132366e+001 -9.365132366e+001 +0.0000e+000 +0.0000e+000
2 +5.937400525e+000 +5.937400525e+000 -9.631259948e+001 -9.631259948e+001 -4.9276e+000 +1.9169e+000
3 +5.361584177e+000 +5.361584177e+000 -9.688841582e+001 -9.688841582e+001 -4.8832e+000 +1.8582e+000
5 +5.243983956e+000 +5.243983956e+000 -9.700601604e+001 -9.700601604e+001 -4.8870e+000 +1.8382e+000
6 +4.808058335e+000 +4.808058335e+000 -9.744194166e+001 -9.744194166e+001 -4.9617e+000 +1.7243e+000
16 +4.458903377e+000 +4.458903377e+000 -9.779109662e+001 -9.779109662e+001 -4.9831e+000 +1.6449e+000
25 +3.934214411e+000 +3.934214411e+000 -9.831578559e+001 -9.831578559e+001 -5.0881e+000 +1.4501e+000
28 +3.181873835e+000 +3.181873835e+000 -9.906812617e+001 -9.906812617e+001 -4.8446e+000 +1.3482e+000
52 +2.812319315e+000 +2.812319315e+000 -9.943768069e+001 -9.943768069e+001 -4.7667e+000 +1.0003e+000
65 +2.735832319e+000 +2.735832319e+000 -9.951416768e+001 -9.951416768e+001 -4.6937e+000 +1.0573e+000
94 +2.495118566e+000 +2.495118566e+000 -9.975488143e+001 -9.975488143e+001 -4.4678e+000 +1.0414e+000
134 +2.091481857e+000 +2.091481857e+000 -1.001585181e+002 -1.001585181e+002 -3.8456e+000 +5.5483e-001
154 +2.033971130e+000 +2.033971130e+000 -1.002160289e+002 -1.002160289e+002 -4.0293e+000 +1.1565e+000
160 +1.574655421e+000 +1.574655421e+000 -1.006753446e+002 -1.006753446e+002 -3.3782e+000 +7.7563e-001
185 +1.434700919e+000 +1.434700919e+000 -1.008152991e+002 -1.008152991e+002 -2.8340e+000 +1.0186e-001
197 +1.297298887e+000 +1.297298887e+000 -1.009527011e+002 -1.009527011e+002 -2.6243e+000 +1.2620e-001
202 +8.164398253e-001 +8.164398253e-001 -1.014335602e+002 -1.014335602e+002 -2.8363e+000 +1.4229e+000
208 +7.722409948e-001 +7.722409948e-001 -1.014777590e+002 -1.014777590e+002 -2.3939e+000 +5.8291e-001
210 +2.150160664e-001 +2.150160664e-001 -1.020349839e+002 -1.020349839e+002 -2.0421e+000 +1.1235e+000
242 +2.582419123e-002 +2.582419123e-002 -1.022241758e+002 -1.022241758e+002 -1.9394e+000 +1.4775e+000
308 +1.169341890e-002 +1.169341890e-002 -1.022383066e+002 -1.022383066e+002 -1.8780e+000 +1.3096e+000
408 +3.433174353e-003 +3.433174353e-003 -1.022465668e+002 -1.022465668e+002 -1.8594e+000 +1.2367e+000
588 +2.969657092e-003 +2.969657092e-003 -1.022470303e+002 -1.022470303e+002 -1.8622e+000 +1.2433e+000
831 +2.371921392e-003 +2.371921392e-003 -1.022476281e+002 -1.022476281e+002 -1.8624e+000 +1.2492e+000
845 +2.299239063e-003 +2.299239063e-003 -1.022477008e+002 -1.022477008e+002 -1.8656e+000 +1.2519e+000
849 +2.124387407e-003 +2.124387407e-003 -1.022478756e+002 -1.022478756e+002 -1.8672e+000 +1.2556e+000
880 +2.066594829e-003 +2.066594829e-003 -1.022479334e+002 -1.022479334e+002 -1.8662e+000 +1.2541e+000
921 +2.009621608e-003 +2.009621608e-003 -1.022479904e+002 -1.022479904e+002 -1.8650e+000 +1.2533e+000
958 +1.615409247e-003 +1.615409247e-003 -1.022483846e+002 -1.022483846e+002 -1.8695e+000 +1.2622e+000
959 +1.583917246e-003 +1.583917246e-003 -1.022484161e+002 -1.022484161e+002 -1.8691e+000 +1.2620e+000
976 +1.260561259e-003 +1.260561259e-003 -1.022487394e+002 -1.022487394e+002 -1.8767e+000 +1.2769e+000
1710 +1.214407930e-003 +1.214407930e-003 -1.022487856e+002 -1.022487856e+002 -1.8732e+000 +1.2715e+000
1727 +1.181707237e-003 +1.181707237e-003 -1.022488183e+002 -1.022488183e+002 -1.8735e+000 +1.2720e+000
1729 +1.099851814e-003 +1.099851814e-003 -1.022489001e+002 -1.022489001e+002 -1.8746e+000 +1.2742e+000
1789 +1.095514345e-003 +1.095514345e-003 -1.022489045e+002 -1.022489045e+002 -1.8748e+000 +1.2743e+000
1883 +1.070566954e-003 +1.070566954e-003 -1.022489294e+002 -1.022489294e+002 -1.8753e+000 +1.2753e+000
1998 +1.036275039e-003 +1.036275039e-003 -1.022489637e+002 -1.022489637e+002 -1.8754e+000 +1.2761e+000
2077 +1.002618087e-003 +1.002618087e-003 -1.022489974e+002 -1.022489974e+002 -1.8760e+000 +1.2775e+000
2100 +9.248799548e-004 +9.248799548e-004 -1.022490751e+002 -1.022490751e+002 -1.8770e+000 +1.2796e+000
2218 +9.046879481e-004 +9.046879481e-004 -1.022490953e+002 -1.022490953e+002 -1.8777e+000 +1.2816e+000
2310 +8.843695478e-004 +8.843695478e-004 -1.022491156e+002 -1.022491156e+002 -1.8776e+000 +1.2808e+000
2315 +8.025978839e-004 +8.025978839e-004 -1.022491974e+002 -1.022491974e+002 -1.8797e+000 +1.2847e+000
2354 +7.351932028e-004 +7.351932028e-004 -1.022492648e+002 -1.022492648e+002 -1.8801e+000 +1.2860e+000
2363 +5.196726051e-004 +5.196726051e-004 -1.022494803e+002 -1.022494803e+002 -1.8841e+000 +1.2950e+000
2418 +3.697353596e-004 +3.697353596e-004 -1.022496303e+002 -1.022496303e+002 -1.8881e+000 +1.3038e+000
4315 +3.612583323e-004 +3.612583323e-004 -1.022496387e+002 -1.022496387e+002 -1.8879e+000 +1.3033e+000
4342 +3.541111371e-004 +3.541111371e-004 -1.022496459e+002 -1.022496459e+002 -1.8881e+000 +1.3037e+000
4406 +3.459553545e-004 +3.459553545e-004 -1.022496540e+002 -1.022496540e+002 -1.8884e+000 +1.3042e+000
4497 +3.383337359e-004 +3.383337359e-004 -1.022496617e+002 -1.022496617e+002 -1.8894e+000 +1.3061e+000
4554 +3.305277684e-004 +3.305277684e-004 -1.022496695e+002 -1.022496695e+002 -1.8889e+000 +1.3054e+000
4576 +3.194212497e-004 +3.194212497e-004 -1.022496806e+002 -1.022496806e+002 -1.8891e+000 +1.3059e+000
4602 +3.131844413e-004 +3.131844413e-004 -1.022496868e+002 -1.022496868e+002 -1.8894e+000 +1.3064e+000
4620 +3.083704555e-004 +3.083704555e-004 -1.022496916e+002 -1.022496916e+002 -1.8895e+000 +1.3066e+000
4632 +2.912593714e-004 +2.912593714e-004 -1.022497087e+002 -1.022497087e+002 -1.8900e+000 +1.3077e+000
5747 +2.868643687e-004 +2.868643687e-004 -1.022497131e+002 -1.022497131e+002 -1.8902e+000 +1.3080e+000
6010 +2.787422144e-004 +2.787422144e-004 -1.022497213e+002 -1.022497213e+002 -1.8904e+000 +1.3087e+000
6047 +2.721919635e-004 +2.721919635e-004 -1.022497278e+002 -1.022497278e+002 -1.8907e+000 +1.3092e+000
6536 +2.690681856e-004 +2.690681856e-004 -1.022497309e+002 -1.022497309e+002 -1.8907e+000 +1.3093e+000
6649 +2.593982726e-004 +2.593982726e-004 -1.022497406e+002 -1.022497406e+002 -1.8911e+000 +1.3101e+000
6683 +2.550607880e-004 +2.550607880e-004 -1.022497449e+002 -1.022497449e+002 -1.8912e+000 +1.3103e+000
6861 +2.503765373e-004 +2.503765373e-004 -1.022497496e+002 -1.022497496e+002 -1.8914e+000 +1.3107e+000
7048 +2.450108530e-004 +2.450108530e-004 -1.022497550e+002 -1.022497550e+002 -1.8916e+000 +1.3111e+000
7273 +2.395000661e-004 +2.395000661e-004 -1.022497605e+002 -1.022497605e+002 -1.8918e+000 +1.3117e+000
7608 +2.341954139e-004 +2.341954139e-004 -1.022497658e+002 -1.022497658e+002 -1.8920e+000 +1.3120e+000
7690 +2.283930443e-004 +2.283930443e-004 -1.022497716e+002 -1.022497716e+002 -1.8921e+000 +1.3124e+000
8089 +2.230583676e-004 +2.230583676e-004 -1.022497769e+002 -1.022497769e+002 -1.8923e+000 +1.3129e+000
8360 +2.184429103e-004 +2.184429103e-004 -1.022497816e+002 -1.022497816e+002 -1.8925e+000 +1.3133e+000
8391 +2.079459374e-004 +2.079459374e-004 -1.022497921e+002 -1.022497921e+002 -1.8929e+000 +1.3141e+000
9231 +2.031409094e-004 +2.031409094e-004 -1.022497969e+002 -1.022497969e+002 -1.8931e+000 +1.3146e+000
9453 +1.993899125e-004 +1.993899125e-004 -1.022498006e+002 -1.022498006e+002 -1.8933e+000 +1.3149e+000
9708 +1.932106624e-004 +1.932106624e-004 -1.022498068e+002 -1.022498068e+002 -1.8935e+000 +1.3154e+000
9922 +1.903321485e-004 +1.903321485e-004 -1.022498097e+002 -1.022498097e+002 -1.8936e+000 +1.3157e+000
10195 +1.860244028e-004 +1.860244028e-004 -1.022498140e+002 -1.022498140e+002 -1.8938e+000 +1.3161e+000
10640 +1.814506994e-004 +1.814506994e-004 -1.022498185e+002 -1.022498185e+002 -1.8941e+000 +1.3166e+000
11028 +1.777813739e-004 +1.777813739e-004 -1.022498222e+002 -1.022498222e+002 -1.8942e+000 +1.3169e+000
11411 +1.737478980e-004 +1.737478980e-004 -1.022498263e+002 -1.022498263e+002 -1.8944e+000 +1.3173e+000
11891 +1.694258751e-004 +1.694258751e-004 -1.022498306e+002 -1.022498306e+002 -1.8946e+000 +1.3177e+000
12576 +1.659444704e-004 +1.659444704e-004 -1.022498341e+002 -1.022498341e+002 -1.8947e+000 +1.3181e+000
12693 +1.618636576e-004 +1.618636576e-004 -1.022498381e+002 -1.022498381e+002 -1.8949e+000 +1.3186e+000
12841 +1.583667801e-004 +1.583667801e-004 -1.022498416e+002 -1.022498416e+002 -1.8951e+000 +1.3189e+000
13409 +1.545727755e-004 +1.545727755e-004 -1.022498454e+002 -1.022498454e+002 -1.8953e+000 +1.3192e+000
14128 +1.513307954e-004 +1.513307954e-004 -1.022498487e+002 -1.022498487e+002 -1.8954e+000 +1.3196e+000
14442 +1.477411628e-004 +1.477411628e-004 -1.022498523e+002 -1.022498523e+002 -1.8956e+000 +1.3200e+000
14677 +1.444625573e-004 +1.444625573e-004 -1.022498555e+002 -1.022498555e+002 -1.8958e+000 +1.3203e+000
15623 +1.410981630e-004 +1.410981630e-004 -1.022498589e+002 -1.022498589e+002 -1.8959e+000 +1.3207e+000
16499 +1.378032596e-004 +1.378032596e-004 -1.022498622e+002 -1.022498622e+002 -1.8961e+000 +1.3210e+000
16937 +1.348308898e-004 +1.348308898e-004 -1.022498652e+002 -1.022498652e+002 -1.8963e+000 +1.3214e+000
17602 +1.310821695e-004 +1.310821695e-004 -1.022498689e+002 -1.022498689e+002 -1.8965e+000 +1.3218e+000
17702 +1.278591462e-004 +1.278591462e-004 -1.022498721e+002 -1.022498721e+002 -1.8966e+000 +1.3222e+000
17712 +1.252149490e-004 +1.252149490e-004 -1.022498748e+002 -1.022498748e+002 -1.8968e+000 +1.3226e+000
18400 +1.229536849e-004 +1.229536849e-004 -1.022498770e+002 -1.022498770e+002 -1.8969e+000 +1.3228e+000
18731 +1.200267999e-004 +1.200267999e-004 -1.022498800e+002 -1.022498800e+002 -1.8971e+000 +1.3232e+000
% function evaluation | noise-free fitness - Fopt (3.672000000000e+001) | best noise-free fitness - Fopt | measured fitness | best measured fitness | x1 | x2...
1 +1.328379227e+001 +1.328379227e+001 +5.000379227e+001 +5.000379227e+001 +0.0000e+000 +0.0000e+000
102 +7.275907842e+000 +7.275907842e+000 +4.399590784e+001 +4.399590784e+001 -2.5726e-001 +3.5120e-001
107 +3.357196084e+000 +3.357196084e+000 +4.007719608e+001 +4.007719608e+001 -3.0878e+000 -8.1862e-001
124 +2.972407143e+000 +2.972407143e+000 +3.969240714e+001 +3.969240714e+001 -2.5394e+000 +2.8842e+000
125 +2.187048108e+000 +2.187048108e+000 +3.890704811e+001 +3.890704811e+001 -2.0464e+000 -1.4578e-002
132 +1.635168561e+000 +1.635168561e+000 +3.835516856e+001 +3.835516856e+001 -3.6122e+000 +6.8030e-001
154 +9.660444149e-001 +9.660444149e-001 +3.768604441e+001 +3.768604441e+001 -3.0379e+000 +1.0241e+000
176 +8.505643571e-001 +8.505643571e-001 +3.757056436e+001 +3.757056436e+001 -2.1196e+000 +4.1310e-001
182 +2.992590616e-001 +2.992590616e-001 +3.701925906e+001 +3.701925906e+001 -2.0304e+000 +8.2107e-001
198 +1.379880712e-001 +1.379880712e-001 +3.685798807e+001 +3.685798807e+001 -2.3117e+000 +1.4256e+000
279 +9.499348692e-002 +9.499348692e-002 +3.681499349e+001 +3.681499349e+001 -2.2216e+000 +1.3646e+000
318 +7.609805824e-002 +7.609805824e-002 +3.679609806e+001 +3.679609806e+001 -2.3806e+000 +1.7888e+000
458 +4.984829304e-002 +4.984829304e-002 +3.676984829e+001 +3.676984829e+001 -2.0184e+000 +1.3152e+000
462 +4.484030394e-002 +4.484030394e-002 +3.676484030e+001 +3.676484030e+001 -2.1847e+000 +1.4000e+000
465 +1.496293508e-002 +1.496293508e-002 +3.673496294e+001 +3.673496294e+001 -2.1844e+000 +1.5104e+000
494 +7.064469725e-003 +7.064469725e-003 +3.672706447e+001 +3.672706447e+001 -2.2326e+000 +1.5459e+000
506 +4.525913594e-003 +4.525913594e-003 +3.672452591e+001 +3.672452591e+001 -2.2159e+000 +1.5395e+000
625 +4.139356352e-003 +4.139356352e-003 +3.672413936e+001 +3.672413936e+001 -2.1518e+000 +1.4393e+000
645 +2.392262091e-003 +2.392262091e-003 +3.672239226e+001 +3.672239226e+001 -2.0997e+000 +1.3544e+000
704 +1.712814161e-003 +1.712814161e-003 +3.672171281e+001 +3.672171281e+001 -2.1640e+000 +1.4476e+000
726 +6.325074135e-004 +6.325074135e-004 +3.672063251e+001 +3.672063251e+001 -2.1716e+000 +1.4637e+000
1256 +5.154279547e-004 +5.154279547e-004 +3.672051543e+001 +3.672051543e+001 -2.1092e+000 +1.3653e+000
5322 +5.071055691e-004 +5.071055691e-004 +3.672050711e+001 +3.672050711e+001 -2.1090e+000 +1.3648e+000
5415 +4.904630192e-004 +4.904630192e-004 +3.672049046e+001 +3.672049046e+001 -2.1095e+000 +1.3656e+000
5417 +4.784321251e-004 +4.784321251e-004 +3.672047843e+001 +3.672047843e+001 -2.1099e+000 +1.3661e+000
5839 +4.639838596e-004 +4.639838596e-004 +3.672046398e+001 +3.672046398e+001 -2.1103e+000 +1.3669e+000
6060 +4.544281745e-004 +4.544281745e-004 +3.672045443e+001 +3.672045443e+001 -2.1108e+000 +1.3674e+000
6085 +4.452834164e-004 +4.452834164e-004 +3.672044528e+001 +3.672044528e+001 -2.1109e+000 +1.3677e+000
6119 +4.257663129e-004 +4.257663129e-004 +3.672042577e+001 +3.672042577e+001 -2.1115e+000 +1.3687e+000
6440 +4.148639656e-004 +4.148639656e-004 +3.672041486e+001 +3.672041486e+001 -2.1118e+000 +1.3692e+000
6443 +4.014458186e-004 +4.014458186e-004 +3.672040145e+001 +3.672040145e+001 -2.1123e+000 +1.3699e+000
% function evaluation | noise-free fitness - Fopt (1.061800000000e+002) | best noise-free fitness - Fopt | measured fitness | best measured fitness | x1 | x2...
1 +1.602703363e+000 +1.602703363e+000 +1.077827034e+002 +1.077827034e+002 +0.0000e+000 +0.0000e+000
68 +6.674221917e-001 +6.674221917e-001 +1.068474222e+002 +1.068474222e+002 -1.8105e-001 +9.5782e-001
81 +6.444234037e-002 +6.444234037e-002 +1.062444423e+002 +1.062444423e+002 -4.6143e-001 +1.6282e+000
264 +3.663533764e-002 +3.663533764e-002 +1.062166353e+002 +1.062166353e+002 -6.8715e-001 +1.4075e+000
352 +2.834611144e-002 +2.834611144e-002 +1.062083461e+002 +1.062083461e+002 -9.6816e-001 +1.2921e+000
357 +2.017312021e-002 +2.017312021e-002 +1.062001731e+002 +1.062001731e+002 -8.8761e-001 +1.3677e+000
374 +1.229626201e-002 +1.229626201e-002 +1.061922963e+002 +1.061922963e+002 -8.5206e-001 +1.3517e+000
418 +8.373417419e-003 +8.373417419e-003 +1.061883734e+002 +1.061883734e+002 -7.5783e-001 +1.4032e+000
440 +9.925827338e-004 +9.925827338e-004 +1.061809926e+002 +1.061809926e+002 -7.9025e-001 +1.3968e+000
638 +8.889718097e-004 +8.889718097e-004 +1.061808890e+002 +1.061808890e+002 -7.5736e-001 +1.4138e+000
660 +4.656650894e-004 +4.656650894e-004 +1.061804657e+002 +1.061804657e+002 -7.7944e-001 +1.4016e+000
836 +2.125961420e-004 +2.125961420e-004 +1.061802126e+002 +1.061802126e+002 -7.6144e-001 +1.4109e+000
% function evaluation | noise-free fitness - Fopt (-2.400100000000e+002) | best noise-free fitness - Fopt | measured fitness | best measured fitness | x1 | x2...
1 +1.653280483e+001 +1.653280483e+001 -2.234771952e+002 -2.234771952e+002 +0.0000e+000 +0.0000e+000
127 +6.019506633e+000 +6.019506633e+000 -2.339904934e+002 -2.339904934e+002 +6.2867e+000 +4.9546e+000
163 +5.706271339e+000 +5.706271339e+000 -2.343037287e+002 -2.343037287e+002 +5.5301e+000 +5.8788e+000
196 +5.366744472e+000 +5.366744472e+000 -2.346432555e+002 -2.346432555e+002 +5.3567e+000 +3.6625e+000
301 +4.609542152e+000 +4.609542152e+000 -2.354004578e+002 -2.354004578e+002 +4.9581e+000 +4.4769e+000
341 +3.931300647e+000 +3.931300647e+000 -2.360786994e+002 -2.360786994e+002 +4.2551e+000 +4.3903e+000
343 +2.587322465e+000 +2.587322465e+000 -2.374226775e+002 -2.374226775e+002 +2.8612e+000 +4.2143e+000
383 +1.423767760e+000 +1.423767760e+000 -2.385862322e+002 -2.385862322e+002 +1.8249e+000 +3.6816e+000
392 +8.015347107e-001 +8.015347107e-001 -2.392084653e+002 -2.392084653e+002 -1.4603e-001 +2.6382e+000
412 +7.053128526e-001 +7.053128526e-001 -2.393046871e+002 -2.393046871e+002 +1.3891e+000 +2.8737e+000
440 +1.140282237e-001 +1.140282237e-001 -2.398959718e+002 -2.398959718e+002 +6.6340e-001 +3.0708e+000
478 +5.308196829e-002 +5.308196829e-002 -2.399569180e+002 -2.399569180e+002 +7.1608e-001 +2.6981e+000
682 +3.737525453e-002 +3.737525453e-002 -2.399726247e+002 -2.399726247e+002 +5.0905e-001 +3.0450e+000
698 +1.453561182e-002 +1.453561182e-002 -2.399954644e+002 -2.399954644e+002 +4.9445e-001 +3.2018e+000
703 +1.076006041e-002 +1.076006041e-002 -2.399992399e+002 -2.399992399e+002 +4.8057e-001 +3.1754e+000
813 +1.013827480e-002 +1.013827480e-002 -2.399998617e+002 -2.399998617e+002 +5.0742e-001 +3.1640e+000
818 +2.686813998e-003 +2.686813998e-003 -2.400073132e+002 -2.400073132e+002 +5.1439e-001 +3.1304e+000
908 +1.419534306e-003 +1.419534306e-003 -2.400085805e+002 -2.400085805e+002 +5.0891e-001 +3.1355e+000
929 +2.512068939e-004 +2.512068939e-004 -2.400097488e+002 -2.400097488e+002 +5.3530e-001 +3.0783e+000
8263 +2.493079192e-004 +2.493079192e-004 -2.400097507e+002 -2.400097507e+002 +5.2867e-001 +3.0926e+000
8299 +2.417046642e-004 +2.417046642e-004 -2.400097583e+002 -2.400097583e+002 +5.2891e-001 +3.0920e+000
8591 +2.391511679e-004 +2.391511679e-004 -2.400097608e+002 -2.400097608e+002 +5.2900e-001 +3.0918e+000
8936 +2.341100913e-004 +2.341100913e-004 -2.400097659e+002 -2.400097659e+002 +5.2918e-001 +3.0914e+000
9442 +2.267381140e-004 +2.267381140e-004 -2.400097733e+002 -2.400097733e+002 +5.2945e-001 +3.0908e+000
9513 +2.214066383e-004 +2.214066383e-004 -2.400097786e+002 -2.400097786e+002 +5.2965e-001 +3.0904e+000
9875 +2.181380353e-004 +2.181380353e-004 -2.400097819e+002 -2.400097819e+002 +5.2977e-001 +3.0901e+000
10219 +2.131642420e-004 +2.131642420e-004 -2.400097868e+002 -2.400097868e+002 +5.2996e-001 +3.0897e+000
10576 +2.087701613e-004 +2.087701613e-004 -2.400097912e+002 -2.400097912e+002 +5.3013e-001 +3.0893e+000
10740 +2.039997812e-004 +2.039997812e-004 -2.400097960e+002 -2.400097960e+002 +5.3033e-001 +3.0889e+000
11184 +1.992097633e-004 +1.992097633e-004 -2.400098008e+002 -2.400098008e+002 +5.3051e-001 +3.0885e+000
11384 +1.947471941e-004 +1.947471941e-004 -2.400098053e+002 -2.400098053e+002 +5.3072e-001 +3.0881e+000
11659 +1.899925455e-004 +1.899925455e-004 -2.400098100e+002 -2.400098100e+002 +5.3088e-001 +3.0876e+000
12136 +1.860037574e-004 +1.860037574e-004 -2.400098140e+002 -2.400098140e+002 +5.3105e-001 +3.0872e+000
12597 +1.819264634e-004 +1.819264634e-004 -2.400098181e+002 -2.400098181e+002 +5.3126e-001 +3.0869e+000
12988 +1.774812186e-004 +1.774812186e-004 -2.400098225e+002 -2.400098225e+002 +5.3143e-001 +3.0864e+000
13601 +1.725807072e-004 +1.725807072e-004 -2.400098274e+002 -2.400098274e+002 +5.3164e-001 +3.0859e+000
13668 +1.696146342e-004 +1.696146342e-004 -2.400098304e+002 -2.400098304e+002 +5.3178e-001 +3.0857e+000
14370 +1.659271408e-004 +1.659271408e-004 -2.400098341e+002 -2.400098341e+002 +5.3195e-001 +3.0853e+000
15062 +1.621672552e-004 +1.621672552e-004 -2.400098378e+002 -2.400098378e+002 +5.3209e-001 +3.0850e+000
15280 +1.579907804e-004 +1.579907804e-004 -2.400098420e+002 -2.400098420e+002 +5.3229e-001 +3.0845e+000
15862 +1.546895651e-004 +1.546895651e-004 -2.400098453e+002 -2.400098453e+002 +5.3244e-001 +3.0842e+000
16040 +1.508566263e-004 +1.508566263e-004 -2.400098491e+002 -2.400098491e+002 +5.3263e-001 +3.0837e+000
16620 +1.478726549e-004 +1.478726549e-004 -2.400098521e+002 -2.400098521e+002 +5.3276e-001 +3.0835e+000
17129 +1.443565999e-004 +1.443565999e-004 -2.400098556e+002 -2.400098556e+002 +5.3295e-001 +3.0831e+000
% function evaluation | noise-free fitness - Fopt (-5.462000000000e+001) | best noise-free fitness - Fopt | measured fitness | best measured fitness | x1 | x2...
1 +9.806226761e-001 +9.806226761e-001 -5.363937732e+001 -5.363937732e+001 +0.0000e+000 +0.0000e+000
71 +7.031197398e-001 +7.031197398e-001 -5.391688026e+001 -5.391688026e+001 +8.7223e-001 +1.6702e+000
90 +8.839167363e-002 +8.839167363e-002 -5.453160833e+001 -5.453160833e+001 +5.0592e-001 +8.8445e-001
150 +2.833476391e-002 +2.833476391e-002 -5.459166524e+001 -5.459166524e+001 +8.1326e-001 +9.3554e-001
269 +2.403533285e-002 +2.403533285e-002 -5.459596467e+001 -5.459596467e+001 +4.1385e-001 +7.6964e-001
325 +1.061957943e-002 +1.061957943e-002 -5.460938042e+001 -5.460938042e+001 +4.8298e-001 +7.8889e-001
352 +1.415500746e-003 +1.415500746e-003 -5.461858450e+001 -5.461858450e+001 +6.1055e-001 +8.3088e-001
417 +1.225887565e-003 +1.225887565e-003 -5.461877411e+001 -5.461877411e+001 +5.7609e-001 +8.1589e-001
616 +5.043618479e-004 +5.043618479e-004 -5.461949564e+001 -5.461949564e+001 +7.3391e-001 +8.7532e-001
632 +6.652827223e-005 +6.652827223e-005 -5.461993347e+001 -5.461993347e+001 +7.1034e-001 +8.6693e-001
% function evaluation | noise-free fitness - Fopt (-2.548300000000e+002) | best noise-free fitness - Fopt | measured fitness | best measured fitness | x1 | x2...
1 +3.006167710e-001 +3.006167710e-001 -2.545293832e+002 -2.545293832e+002 +0.0000e+000 +0.0000e+000
68 +1.945225421e-001 +1.945225421e-001 -2.546354775e+002 -2.546354775e+002 +4.1038e-001 -2.8940e-001
105 +1.046940010e-001 +1.046940010e-001 -2.547253060e+002 -2.547253060e+002 -3.1367e-002 -5.2921e-001
110 +6.402516479e-002 +6.402516479e-002 -2.547659748e+002 -2.547659748e+002 +2.8908e-001 -2.4058e-001
226 +3.203935574e-002 +3.203935574e-002 -2.547979606e+002 -2.547979606e+002 +2.7302e-001 -1.9990e-001
242 +1.813061539e-002 +1.813061539e-002 -2.548118694e+002 -2.548118694e+002 +2.0371e-001 -2.2868e-001
374 +5.346158175e-003 +5.346158175e-003 -2.548246538e+002 -2.548246538e+002 +2.2460e-001 -2.3940e-001
396 +2.270320937e-003 +2.270320937e-003 -2.548277297e+002 -2.548277297e+002 +2.0075e-001 -2.7164e-001
426 +1.497010130e-003 +1.497010130e-003 -2.548285030e+002 -2.548285030e+002 +2.3033e-001 -2.1204e-001
764 +1.389795362e-003 +1.389795362e-003 -2.548286102e+002 -2.548286102e+002 +2.2822e-001 -2.1659e-001
800 +1.320691222e-003 +1.320691222e-003 -2.548286793e+002 -2.548286793e+002 +2.2897e-001 -2.1526e-001
841 +1.301705690e-003 +1.301705690e-003 -2.548286983e+002 -2.548286983e+002 +2.3280e-001 -2.0768e-001
1003 +1.030918044e-003 +1.030918044e-003 -2.548289691e+002 -2.548289691e+002 +2.3515e-001 -2.0450e-001
1494 +9.958701436e-004 +9.958701436e-004 -2.548290041e+002 -2.548290041e+002 +2.3482e-001 -2.0532e-001
2337 +9.693289098e-004 +9.693289098e-004 -2.548290307e+002 -2.548290307e+002 +2.3441e-001 -2.0617e-001
2384 +9.333329271e-004 +9.333329271e-004 -2.548290667e+002 -2.548290667e+002 +2.3398e-001 -2.0716e-001
2418 +9.325574271e-004 +9.325574271e-004 -2.548290674e+002 -2.548290674e+002 +2.3416e-001 -2.0724e-001
2574 +9.060139930e-004 +9.060139930e-004 -2.548290940e+002 -2.548290940e+002 +2.3373e-001 -2.0790e-001
2576 +8.780006929e-004 +8.780006929e-004 -2.548291220e+002 -2.548291220e+002 +2.3328e-001 -2.0916e-001
2586 +8.333740310e-004 +8.333740310e-004 -2.548291666e+002 -2.548291666e+002 +2.3253e-001 -2.1075e-001
2776 +8.110383448e-004 +8.110383448e-004 -2.548291890e+002 -2.548291890e+002 +2.3219e-001 -2.1107e-001
2779 +7.899018498e-004 +7.899018498e-004 -2.548292101e+002 -2.548292101e+002 +2.3186e-001 -2.1180e-001
2796 +7.337659704e-004 +7.337659704e-004 -2.548292662e+002 -2.548292662e+002 +2.2942e-001 -2.1624e-001
2816 +6.964924129e-004 +6.964924129e-004 -2.548293035e+002 -2.548293035e+002 +2.3008e-001 -2.1590e-001
2850 +6.809606547e-004 +6.809606547e-004 -2.548293190e+002 -2.548293190e+002 +2.2542e-001 -2.2419e-001
2860 +6.334414693e-004 +6.334414693e-004 -2.548293666e+002 -2.548293666e+002 +2.2906e-001 -2.1779e-001
2913 +5.719846901e-004 +5.719846901e-004 -2.548294280e+002 -2.548294280e+002 +2.2723e-001 -2.2116e-001
3415 +5.593864315e-004 +5.593864315e-004 -2.548294406e+002 -2.548294406e+002 +2.2742e-001 -2.2098e-001
3451 +5.314050636e-004 +5.314050636e-004 -2.548294686e+002 -2.548294686e+002 +2.2694e-001 -2.2223e-001
3466 +5.226262743e-004 +5.226262743e-004 -2.548294774e+002 -2.548294774e+002 +2.2672e-001 -2.2271e-001
3481 +4.863829167e-004 +4.863829167e-004 -2.548295136e+002 -2.548295136e+002 +2.2522e-001 -2.2615e-001
3622 +4.727420896e-004 +4.727420896e-004 -2.548295273e+002 -2.548295273e+002 +2.2540e-001 -2.2559e-001
3711 +4.650908776e-004 +4.650908776e-004 -2.548295349e+002 -2.548295349e+002 +2.2539e-001 -2.2531e-001
3974 +4.496091430e-004 +4.496091430e-004 -2.548295504e+002 -2.548295504e+002 +2.2505e-001 -2.2609e-001
4054 +4.463548520e-004 +4.463548520e-004 -2.548295536e+002 -2.548295536e+002 +2.2494e-001 -2.2627e-001
4338 +4.343153778e-004 +4.343153778e-004 -2.548295657e+002 -2.548295657e+002 +2.2464e-001 -2.2689e-001
4380 +4.179387326e-004 +4.179387326e-004 -2.548295821e+002 -2.548295821e+002 +2.2425e-001 -2.2775e-001
4412 +4.142196556e-004 +4.142196556e-004 -2.548295858e+002 -2.548295858e+002 +2.2320e-001 -2.2958e-001
4429 +3.912677713e-004 +3.912677713e-004 -2.548296087e+002 -2.548296087e+002 +2.2355e-001 -2.2921e-001
5178 +3.888863004e-004 +3.888863004e-004 -2.548296111e+002 -2.548296111e+002 +2.2337e-001 -2.2948e-001
5361 +3.792291085e-004 +3.792291085e-004 -2.548296208e+002 -2.548296208e+002 +2.2315e-001 -2.2997e-001
5496 +3.617126984e-004 +3.617126984e-004 -2.548296383e+002 -2.548296383e+002 +2.2265e-001 -2.3101e-001
5850 +3.541453264e-004 +3.541453264e-004 -2.548296459e+002 -2.548296459e+002 +2.2252e-001 -2.3137e-001
5969 +3.435466287e-004 +3.435466287e-004 -2.548296565e+002 -2.548296565e+002 +2.2213e-001 -2.3210e-001
6115 +3.379320834e-004 +3.379320834e-004 -2.548296621e+002 -2.548296621e+002 +2.2204e-001 -2.3236e-001
6186 +3.294896059e-004 +3.294896059e-004 -2.548296705e+002 -2.548296705e+002 +2.2178e-001 -2.3299e-001
6501 +3.231140497e-004 +3.231140497e-004 -2.548296769e+002 -2.548296769e+002 +2.2160e-001 -2.3330e-001
6659 +3.136921335e-004 +3.136921335e-004 -2.548296863e+002 -2.548296863e+002 +2.2127e-001 -2.3394e-001
6802 +3.088450792e-004 +3.088450792e-004 -2.548296912e+002 -2.548296912e+002 +2.2115e-001 -2.3429e-001
6944 +3.019528646e-004 +3.019528646e-004 -2.548296980e+002 -2.548296980e+002 +2.2093e-001 -2.3475e-001
7050 +2.943102562e-004 +2.943102562e-004 -2.548297057e+002 -2.548297057e+002 +2.2069e-001 -2.3523e-001
7209 +2.875917522e-004 +2.875917522e-004 -2.548297124e+002 -2.548297124e+002 +2.2047e-001 -2.3565e-001
8082 +2.812958680e-004 +2.812958680e-004 -2.548297187e+002 -2.548297187e+002 +2.2027e-001 -2.3610e-001
8188 +2.742133630e-004 +2.742133630e-004 -2.548297258e+002 -2.548297258e+002 +2.2001e-001 -2.3659e-001
8388 +2.688691831e-004 +2.688691831e-004 -2.548297311e+002 -2.548297311e+002 +2.1982e-001 -2.3708e-001
8704 +2.629863000e-004 +2.629863000e-004 -2.548297370e+002 -2.548297370e+002 +2.1962e-001 -2.3740e-001
9097 +2.568223082e-004 +2.568223082e-004 -2.548297432e+002 -2.548297432e+002 +2.1940e-001 -2.3786e-001
9316 +2.505396820e-004 +2.505396820e-004 -2.548297495e+002 -2.548297495e+002 +2.1919e-001 -2.3834e-001
9670 +2.438603360e-004 +2.438603360e-004 -2.548297561e+002 -2.548297561e+002 +2.1892e-001 -2.3887e-001
9804 +2.387421209e-004 +2.387421209e-004 -2.548297613e+002 -2.548297613e+002 +2.1875e-001 -2.3924e-001
10324 +2.338752744e-004 +2.338752744e-004 -2.548297661e+002 -2.548297661e+002 +2.1851e-001 -2.3982e-001
10994 +2.289577316e-004 +2.289577316e-004 -2.548297710e+002 -2.548297710e+002 +2.1837e-001 -2.4002e-001
11073 +2.229748888e-004 +2.229748888e-004 -2.548297770e+002 -2.548297770e+002 +2.1810e-001 -2.4056e-001
11719 +2.185482701e-004 +2.185482701e-004 -2.548297815e+002 -2.548297815e+002 +2.1798e-001 -2.4086e-001
12012 +2.137451158e-004 +2.137451158e-004 -2.548297863e+002 -2.548297863e+002 +2.1779e-001 -2.4126e-001
12018 +2.073876734e-004 +2.073876734e-004 -2.548297926e+002 -2.548297926e+002 +2.1753e-001 -2.4180e-001
12525 +2.032538568e-004 +2.032538568e-004 -2.548297967e+002 -2.548297967e+002 +2.1736e-001 -2.4216e-001
12815 +1.991131597e-004 +1.991131597e-004 -2.548298009e+002 -2.548298009e+002 +2.1719e-001 -2.4252e-001
13016 +1.944798319e-004 +1.944798319e-004 -2.548298055e+002 -2.548298055e+002 +2.1698e-001 -2.4299e-001
13319 +1.873748976e-004 +1.873748976e-004 -2.548298126e+002 -2.548298126e+002 +2.1666e-001 -2.4367e-001
14135 +1.861714542e-004 +1.861714542e-004 -2.548298138e+002 -2.548298138e+002 +2.1663e-001 -2.4369e-001
14430 +1.818382882e-004 +1.818382882e-004 -2.548298182e+002 -2.548298182e+002 +2.1642e-001 -2.4417e-001
14526 +1.772754213e-004 +1.772754213e-004 -2.548298227e+002 -2.548298227e+002 +2.1618e-001 -2.4467e-001
14579 +1.736607689e-004 +1.736607689e-004 -2.548298263e+002 -2.548298263e+002 +2.1606e-001 -2.4487e-001
15358 +1.687876336e-004 +1.687876336e-004 -2.548298312e+002 -2.548298312e+002 +2.1580e-001 -2.4539e-001
15426 +1.653687233e-004 +1.653687233e-004 -2.548298346e+002 -2.548298346e+002 +2.1561e-001 -2.4578e-001
15535 +1.613295317e-004 +1.613295317e-004 -2.548298387e+002 -2.548298387e+002 +2.1545e-001 -2.4619e-001
16116 +1.583530751e-004 +1.583530751e-004 -2.548298416e+002 -2.548298416e+002 +2.1533e-001 -2.4639e-001
16528 +1.545171469e-004 +1.545171469e-004 -2.548298455e+002 -2.548298455e+002 +2.1515e-001 -2.4680e-001
16843 +1.510666286e-004 +1.510666286e-004 -2.548298489e+002 -2.548298489e+002 +2.1497e-001 -2.4716e-001
17475 +1.472770245e-004 +1.472770245e-004 -2.548298527e+002 -2.548298527e+002 +2.1475e-001 -2.4764e-001
18233 +1.443289014e-004 +1.443289014e-004 -2.548298557e+002 -2.548298557e+002 +2.1463e-001 -2.4789e-001
18777 +1.408502129e-004 +1.408502129e-004 -2.548298591e+002 -2.548298591e+002 +2.1444e-001 -2.4826e-001
19168 +1.376975413e-004 +1.376975413e-004 -2.548298623e+002 -2.548298623e+002 +2.1428e-001 -2.4862e-001
19526 +1.345126116e-004 +1.345126116e-004 -2.548298655e+002 -2.548298655e+002 +2.1408e-001 -2.4900e-001
20523 +1.316818535e-004 +1.316818535e-004 -2.548298683e+002 -2.548298683e+002 +2.1392e-001 -2.4938e-001
% function evaluation | noise-free fitness - Fopt (-2.839000000000e+001) | best noise-free fitness - Fopt | measured fitness | best measured fitness | x1 | x2...
1 +5.685373667e+001 +5.685373667e+001 +2.846373667e+001 +2.846373667e+001 +0.0000e+000 +0.0000e+000
2 +1.307067948e+000 +1.307067948e+000 -2.708293205e+001 -2.708293205e+001 +3.3158e+000 -1.5657e+000
4 +1.286094080e+000 +1.286094080e+000 -2.710390592e+001 -2.710390592e+001 +3.1815e+000 -1.5235e+000
8 +1.196104897e+000 +1.196104897e+000 -2.719389510e+001 -2.719389510e+001 +3.1826e+000 -1.4317e+000
16 +1.148554134e+000 +1.148554134e+000 -2.724144587e+001 -2.724144587e+001 +3.2820e+000 -1.4009e+000
24 +8.807813428e-001 +8.807813428e-001 -2.750921866e+001 -2.750921866e+001 +3.0053e+000 -9.9639e-001
34 +6.626625915e-001 +6.626625915e-001 -2.772733741e+001 -2.772733741e+001 +3.2794e+000 -9.0438e-001
49 +5.857796712e-001 +5.857796712e-001 -2.780422033e+001 -2.780422033e+001 +3.4255e+000 +3.1548e-001
53 +5.411558338e-001 +5.411558338e-001 -2.784884417e+001 -2.784884417e+001 +3.1782e+000 -7.3305e-001
66 +3.637902457e-001 +3.637902457e-001 -2.802620975e+001 -2.802620975e+001 +3.1979e+000 -5.2585e-001
68 +2.459478998e-001 +2.459478998e-001 -2.814405210e+001 -2.814405210e+001 +3.3118e+000 -4.6338e-001
86 +1.508196718e-001 +1.508196718e-001 -2.823918033e+001 -2.823918033e+001 +3.3375e+000 -3.4971e-001
110 +6.867771043e-002 +6.867771043e-002 -2.832132229e+001 -2.832132229e+001 +3.4279e+000 -2.6083e-001
154 +5.411154464e-002 +5.411154464e-002 -2.833588846e+001 -2.833588846e+001 +3.5779e+000 -2.2943e-001
160 +3.579567024e-002 +3.579567024e-002 -2.835420433e+001 -2.835420433e+001 +3.5827e+000 -3.1361e-001
176 +2.186006622e-002 +2.186006622e-002 -2.836813993e+001 -2.836813993e+001 +3.6121e+000 -2.6570e-001
292 +2.035480139e-002 +2.035480139e-002 -2.836964520e+001 -2.836964520e+001 +3.6202e+000 -3.0328e-001
298 +1.619057544e-002 +1.619057544e-002 -2.837380942e+001 -2.837380942e+001 +3.5958e+000 -2.9133e-001
317 +1.365191797e-002 +1.365191797e-002 -2.837634808e+001 -2.837634808e+001 +3.6316e+000 -2.9742e-001
391 +1.341331797e-002 +1.341331797e-002 -2.837658668e+001 -2.837658668e+001 +3.6363e+000 -2.9805e-001
396 +1.289037401e-002 +1.289037401e-002 -2.837710963e+001 -2.837710963e+001 +3.6052e+000 -2.7986e-001
410 +1.088696114e-002 +1.088696114e-002 -2.837911304e+001 -2.837911304e+001 +3.6238e+000 -2.9117e-001
416 +6.886014369e-003 +6.886014369e-003 -2.838311399e+001 -2.838311399e+001 +3.6583e+000 -2.9361e-001
424 +1.273757314e-003 +1.273757314e-003 -2.838872624e+001 -2.838872624e+001 +3.8707e+000 -3.1407e-001
484 +6.480845407e-004 +6.480845407e-004 -2.838935192e+001 -2.838935192e+001 +3.7485e+000 -2.9932e-001
550 +5.553942639e-004 +5.553942639e-004 -2.838944461e+001 -2.838944461e+001 +3.8529e+000 -3.1028e-001
584 +2.974646938e-004 +2.974646938e-004 -2.838970254e+001 -2.838970254e+001 +3.8258e+000 -3.0816e-001
818 +2.243750332e-004 +2.243750332e-004 -2.838977562e+001 -2.838977562e+001 +3.7883e+000 -3.0394e-001
877 +1.117263456e-004 +1.117263456e-004 -2.838988827e+001 -2.838988827e+001 +3.8006e+000 -3.0520e-001
880 +3.188805728e-005 +3.188805728e-005 -2.838996811e+001 -2.838996811e+001 +3.8443e+000 -3.0985e-001
968 +2.258364958e-006 +2.258364958e-006 -2.838999774e+001 -2.838999774e+001 +3.8449e+000 -3.0995e-001
1413 +1.343642872e-006 +1.343642872e-006 -2.838999866e+001 -2.838999866e+001 +3.8274e+000 -3.0803e-001
1650 +3.705977818e-007 +3.705977818e-007 -2.838999963e+001 -2.838999963e+001 +3.8286e+000 -3.0816e-001
1958 +2.624842246e-007 +2.624842246e-007 -2.838999974e+001 -2.838999974e+001 +3.8282e+000 -3.0812e-001
2028 +2.335838545e-007 +2.335838545e-007 -2.838999977e+001 -2.838999977e+001 +3.8283e+000 -3.0813e-001
2128 +2.221858253e-007 +2.221858253e-007 -2.838999978e+001 -2.838999978e+001 +3.8284e+000 -3.0814e-001
2310 +2.143463433e-007 +2.143463433e-007 -2.838999979e+001 -2.838999979e+001 +3.8285e+000 -3.0815e-001
% function evaluation | noise-free fitness - Fopt (3.335200000000e+002) | best noise-free fitness - Fopt | measured fitness | best measured fitness | x1 | x2...
1 +1.181724417e+001 +1.181724417e+001 +3.453372442e+002 +3.453372442e+002 +0.0000e+000 +0.0000e+000
2 +5.428917922e+000 +5.428917922e+000 +3.389489179e+002 +3.389489179e+002 -3.4540e+000 -1.4482e+000
33 +4.949736242e+000 +4.949736242e+000 +3.384697362e+002 +3.384697362e+002 -2.9897e+000 -1.5837e+000
47 +4.878853442e+000 +4.878853442e+000 +3.383988534e+002 +3.383988534e+002 -2.6985e+000 -1.2179e+000
50 +4.067375020e+000 +4.067375020e+000 +3.375873750e+002 +3.375873750e+002 -2.0275e+000 -1.6773e+000
71 +2.019758566e+000 +2.019758566e+000 +3.355397586e+002 +3.355397586e+002 +2.7845e-002 -2.2259e+000
115 +1.121072649e+000 +1.121072649e+000 +3.346410726e+002 +3.346410726e+002 +1.3569e+000 -2.3510e+000
207 +5.758749616e-001 +5.758749616e-001 +3.340958750e+002 +3.340958750e+002 +1.2954e+000 -2.9246e+000
228 +4.578345866e-001 +4.578345866e-001 +3.339778346e+002 +3.339778346e+002 +1.6694e+000 -4.2494e+000
242 +3.617164251e-001 +3.617164251e-001 +3.338817164e+002 +3.338817164e+002 +2.1130e+000 -3.3588e+000
320 +2.146848454e-001 +2.146848454e-001 +3.337346848e+002 +3.337346848e+002 +1.6089e+000 -3.9357e+000
330 +8.932586439e-002 +8.932586439e-002 +3.336093259e+002 +3.336093259e+002 +1.5410e+000 -3.8069e+000
396 +8.904484658e-002 +8.904484658e-002 +3.336090448e+002 +3.336090448e+002 +1.3944e+000 -3.7082e+000
415 +3.443044756e-002 +3.443044756e-002 +3.335544304e+002 +3.335544304e+002 +1.4235e+000 -3.8350e+000
473 +2.670717125e-002 +2.670717125e-002 +3.335467072e+002 +3.335467072e+002 +1.5706e+000 -3.6363e+000
506 +8.215784577e-003 +8.215784577e-003 +3.335282158e+002 +3.335282158e+002 +1.6629e+000 -3.4139e+000
638 +5.117697839e-003 +5.117697839e-003 +3.335251177e+002 +3.335251177e+002 +1.5053e+000 -3.6874e+000
660 +3.732960697e-003 +3.732960697e-003 +3.335237330e+002 +3.335237330e+002 +1.5223e+000 -3.6590e+000
663 +2.085900801e-003 +2.085900801e-003 +3.335220859e+002 +3.335220859e+002 +1.5255e+000 -3.6578e+000
814 +7.748737372e-004 +7.748737372e-004 +3.335207749e+002 +3.335207749e+002 +1.5593e+000 -3.6014e+000
883 +3.015211487e-004 +3.015211487e-004 +3.335203015e+002 +3.335203015e+002 +1.6012e+000 -3.5327e+000
924 +5.230804430e-005 +5.230804430e-005 +3.335200523e+002 +3.335200523e+002 +1.5696e+000 -3.5854e+000
4761 +1.813836047e-005 +1.813836047e-005 +3.335200181e+002 +3.335200181e+002 +1.5914e+000 -3.5488e+000
4776 +8.664354709e-007 +8.664354709e-007 +3.335200009e+002 +3.335200009e+002 +1.5922e+000 -3.5473e+000
5279 +5.433953447e-007 +5.433953447e-007 +3.335200005e+002 +3.335200005e+002 +1.5894e+000 -3.5520e+000
5319 +3.406590281e-007 +3.406590281e-007 +3.335200003e+002 +3.335200003e+002 +1.5894e+000 -3.5521e+000
5392 +2.649035196e-007 +2.649035196e-007 +3.335200003e+002 +3.335200003e+002 +1.5891e+000 -3.5525e+000
5590 +1.036204935e-007 +1.036204935e-007 +3.335200001e+002 +3.335200001e+002 +1.5891e+000 -3.5525e+000
5948 +6.783699291e-008 +6.783699291e-008 +3.335200001e+002 +3.335200001e+002 +1.5891e+000 -3.5525e+000
5969 +3.921411462e-008 +3.921411462e-008 +3.335200000e+002 +3.335200000e+002 +1.5891e+000 -3.5525e+000
5982 +1.274287342e-008 +1.274287342e-008 +3.335200000e+002 +3.335200000e+002 +1.5891e+000 -3.5525e+000
6146 +1.124720939e-008 +1.124720939e-008 +3.335200000e+002 +3.335200000e+002 +1.5891e+000 -3.5525e+000
% function evaluation | noise-free fitness - Fopt (-5.752200000000e+002) | best noise-free fitness - Fopt | measured fitness | best measured fitness | x1 | x2...
1 +7.944205352e-001 +7.944205352e-001 -5.744255795e+002 -5.744255795e+002 +0.0000e+000 +0.0000e+000
82 +6.043000842e-001 +6.043000842e-001 -5.746156999e+002 -5.746156999e+002 +3.7054e-001 -2.0169e-001
87 +5.029024270e-001 +5.029024270e-001 -5.747170976e+002 -5.747170976e+002 +3.4520e-001 +8.4826e-001
88 +3.468578717e-001 +3.468578717e-001 -5.748731421e+002 -5.748731421e+002 +1.7585e-001 +2.0292e-001
103 +2.053615096e-001 +2.053615096e-001 -5.750146385e+002 -5.750146385e+002 +7.2434e-001 +1.9937e-001
110 +1.127552391e-001 +1.127552391e-001 -5.751072448e+002 -5.751072448e+002 +7.1251e-001 +3.2780e-001
171 +7.253116597e-002 +7.253116597e-002 -5.751474688e+002 -5.751474688e+002 +9.9413e-001 +8.8742e-001
176 +3.932982527e-002 +3.932982527e-002 -5.751806702e+002 -5.751806702e+002 +9.3044e-001 +7.0629e-001
198 +3.450536860e-002 +3.450536860e-002 -5.751854946e+002 -5.751854946e+002 +8.7633e-001 +6.4644e-001
263 +2.129352473e-002 +2.129352473e-002 -5.751987065e+002 -5.751987065e+002 +6.2430e-001 +3.7013e-001
278 +5.676954910e-003 +5.676954910e-003 -5.752143230e+002 -5.752143230e+002 +6.5767e-001 +4.3158e-001
321 +2.265280459e-003 +2.265280459e-003 -5.752177347e+002 -5.752177347e+002 +6.7994e-001 +4.6668e-001
330 +1.693734832e-003 +1.693734832e-003 -5.752183063e+002 -5.752183063e+002 +6.9016e-001 +4.7862e-001
550 +7.624911439e-005 +7.624911439e-005 -5.752199238e+002 -5.752199238e+002 +7.7658e-001 +5.8050e-001
% function evaluation | noise-free fitness - Fopt (9.007000000000e+001) | best noise-free fitness - Fopt | measured fitness | best measured fitness | x1 | x2...
1 +4.738721688e+000 +4.738721688e+000 +9.480872169e+001 +9.480872169e+001 +0.0000e+000 +0.0000e+000
20 +4.471479655e+000 +4.471479655e+000 +9.454147966e+001 +9.454147966e+001 +1.0340e+000 +2.0192e+000
26 +4.168136714e+000 +4.168136714e+000 +9.423813671e+001 +9.423813671e+001 +8.1609e-001 +1.6230e+000
39 +3.907268722e+000 +3.907268722e+000 +9.397726872e+001 +9.397726872e+001 +5.4266e-001 +1.8711e+000
42 +3.195151664e+000 +3.195151664e+000 +9.326515166e+001 +9.326515166e+001 -2.5165e-001 +1.6629e+000
48 +2.992271433e+000 +2.992271433e+000 +9.306227143e+001 +9.306227143e+001 -5.9295e-001 +1.6940e+000
57 +2.736578122e+000 +2.736578122e+000 +9.280657812e+001 +9.280657812e+001 -1.2025e+000 +1.8859e+000
77 +5.463467030e-001 +5.463467030e-001 +9.061634670e+001 +9.061634670e+001 -2.3491e+000 -1.8227e-002
114 +5.083789412e-001 +5.083789412e-001 +9.057837894e+001 +9.057837894e+001 -3.0956e+000 +1.2550e-001
125 +4.980630129e-002 +4.980630129e-002 +9.011980630e+001 +9.011980630e+001 -2.7047e+000 -4.9959e-001
264 +3.995211329e-002 +3.995211329e-002 +9.010995211e+001 +9.010995211e+001 -2.6127e+000 -5.6769e-001
320 +2.711391215e-002 +2.711391215e-002 +9.009711391e+001 +9.009711391e+001 -2.7801e+000 -4.0112e-001
330 +1.890501266e-003 +1.890501266e-003 +9.007189050e+001 +9.007189050e+001 -2.6337e+000 -4.9841e-001
423 +5.737867303e-004 +5.737867303e-004 +9.007057379e+001 +9.007057379e+001 -2.5531e+000 -5.6672e-001
447 +5.334129107e-004 +5.334129107e-004 +9.007053341e+001 +9.007053341e+001 -2.6214e+000 -5.0741e-001
6329 +5.222850022e-004 +5.222850022e-004 +9.007052229e+001 +9.007052229e+001 -2.6738e+000 -4.6034e-001
6471 +5.118349658e-004 +5.118349658e-004 +9.007051183e+001 +9.007051183e+001 -2.6732e+000 -4.6080e-001
6544 +4.986210626e-004 +4.986210626e-004 +9.007049862e+001 +9.007049862e+001 -2.6730e+000 -4.6117e-001
6603 +4.883690211e-004 +4.883690211e-004 +9.007048837e+001 +9.007048837e+001 -2.6726e+000 -4.6146e-001
7216 +4.784043809e-004 +4.784043809e-004 +9.007047840e+001 +9.007047840e+001 -2.6722e+000 -4.6181e-001
7310 +4.676716201e-004 +4.676716201e-004 +9.007046767e+001 +9.007046767e+001 -2.6718e+000 -4.6222e-001
7443 +4.564133165e-004 +4.564133165e-004 +9.007045641e+001 +9.007045641e+001 -2.6712e+000 -4.6265e-001
7702 +4.429289521e-004 +4.429289521e-004 +9.007044293e+001 +9.007044293e+001 -2.6707e+000 -4.6313e-001
7928 +4.309373599e-004 +4.309373599e-004 +9.007043094e+001 +9.007043094e+001 -2.6701e+000 -4.6363e-001
7996 +4.265183177e-004 +4.265183177e-004 +9.007042652e+001 +9.007042652e+001 -2.6700e+000 -4.6376e-001
8155 +4.151032772e-004 +4.151032772e-004 +9.007041510e+001 +9.007041510e+001 -2.6695e+000 -4.6424e-001
8297 +4.054358150e-004 +4.054358150e-004 +9.007040544e+001 +9.007040544e+001 -2.6690e+000 -4.6463e-001
8310 +3.975397001e-004 +3.975397001e-004 +9.007039754e+001 +9.007039754e+001 -2.6687e+000 -4.6492e-001
8605 +3.884488095e-004 +3.884488095e-004 +9.007038845e+001 +9.007038845e+001 -2.6682e+000 -4.6532e-001
8718 +3.773614832e-004 +3.773614832e-004 +9.007037736e+001 +9.007037736e+001 -2.6675e+000 -4.6608e-001
8883 +3.691260436e-004 +3.691260436e-004 +9.007036913e+001 +9.007036913e+001 -2.6672e+000 -4.6616e-001
9366 +3.629988588e-004 +3.629988588e-004 +9.007036300e+001 +9.007036300e+001 -2.6669e+000 -4.6644e-001
9634 +3.542689197e-004 +3.542689197e-004 +9.007035427e+001 +9.007035427e+001 -2.6665e+000 -4.6678e-001
9966 +3.463184249e-004 +3.463184249e-004 +9.007034632e+001 +9.007034632e+001 -2.6662e+000 -4.6710e-001
10173 +3.379990264e-004 +3.379990264e-004 +9.007033800e+001 +9.007033800e+001 -2.6658e+000 -4.6754e-001
10277 +3.292420750e-004 +3.292420750e-004 +9.007032924e+001 +9.007032924e+001 -2.6653e+000 -4.6788e-001
10751 +3.232660726e-004 +3.232660726e-004 +9.007032327e+001 +9.007032327e+001 -2.6650e+000 -4.6816e-001
10916 +3.160109508e-004 +3.160109508e-004 +9.007031601e+001 +9.007031601e+001 -2.6646e+000 -4.6851e-001
11302 +3.085336008e-004 +3.085336008e-004 +9.007030853e+001 +9.007030853e+001 -2.6642e+000 -4.6890e-001
11385 +2.991912625e-004 +2.991912625e-004 +9.007029919e+001 +9.007029919e+001 -2.6636e+000 -4.6935e-001
11471 +2.947482533e-004 +2.947482533e-004 +9.007029475e+001 +9.007029475e+001 -2.6634e+000 -4.6958e-001
11953 +2.881954678e-004 +2.881954678e-004 +9.007028820e+001 +9.007028820e+001 -2.6631e+000 -4.6986e-001
12391 +2.817505303e-004 +2.817505303e-004 +9.007028175e+001 +9.007028175e+001 -2.6627e+000 -4.7019e-001
12891 +2.734676541e-004 +2.734676541e-004 +9.007027347e+001 +9.007027347e+001 -2.6622e+000 -4.7062e-001
13286 +2.689002637e-004 +2.689002637e-004 +9.007026890e+001 +9.007026890e+001 -2.6620e+000 -4.7086e-001
13570 +2.629912706e-004 +2.629912706e-004 +9.007026299e+001 +9.007026299e+001 -2.6616e+000 -4.7119e-001
13926 +2.567392097e-004 +2.567392097e-004 +9.007025674e+001 +9.007025674e+001 -2.6612e+000 -4.7153e-001
14482 +2.508359649e-004 +2.508359649e-004 +9.007025084e+001 +9.007025084e+001 -2.6609e+000 -4.7187e-001
15033 +2.452217621e-004 +2.452217621e-004 +9.007024522e+001 +9.007024522e+001 -2.6605e+000 -4.7216e-001
15570 +2.380417103e-004 +2.380417103e-004 +9.007023804e+001 +9.007023804e+001 -2.6600e+000 -4.7257e-001
16492 +2.335002572e-004 +2.335002572e-004 +9.007023350e+001 +9.007023350e+001 -2.6597e+000 -4.7287e-001
16999 +2.275515193e-004 +2.275515193e-004 +9.007022755e+001 +9.007022755e+001 -2.6593e+000 -4.7319e-001
17608 +2.236475960e-004 +2.236475960e-004 +9.007022365e+001 +9.007022365e+001 -2.6591e+000 -4.7344e-001
18209 +2.183133159e-004 +2.183133159e-004 +9.007021831e+001 +9.007021831e+001 -2.6587e+000 -4.7373e-001
18980 +2.136035114e-004 +2.136035114e-004 +9.007021360e+001 +9.007021360e+001 -2.6584e+000 -4.7402e-001
19203 +2.083474232e-004 +2.083474232e-004 +9.007020835e+001 +9.007020835e+001 -2.6580e+000 -4.7435e-001
20079 +2.039864049e-004 +2.039864049e-004 +9.007020399e+001 +9.007020399e+001 -2.6577e+000 -4.7462e-001
20508 +1.990532657e-004 +1.990532657e-004 +9.007019905e+001 +9.007019905e+001 -2.6574e+000 -4.7494e-001
21361 +1.948899394e-004 +1.948899394e-004 +9.007019489e+001 +9.007019489e+001 -2.6570e+000 -4.7523e-001
21650 +1.904736661e-004 +1.904736661e-004 +9.007019047e+001 +9.007019047e+001 -2.6567e+000 -4.7554e-001
22108 +1.860049851e-004 +1.860049851e-004 +9.007018600e+001 +9.007018600e+001 -2.6564e+000 -4.7580e-001
22809 +1.819206636e-004 +1.819206636e-004 +9.007018192e+001 +9.007018192e+001 -2.6561e+000 -4.7608e-001
23068 +1.773623115e-004 +1.773623115e-004 +9.007017736e+001 +9.007017736e+001 -2.6557e+000 -4.7641e-001
23132 +1.710810638e-004 +1.710810638e-004 +9.007017108e+001 +9.007017108e+001 -2.6552e+000 -4.7685e-001
