% function evaluation | noise-free fitness - Fopt (-1.694000000000e+001) | best noise-free fitness - Fopt | measured fitness | best measured fitness | x1 | x2...
1 +1.275492373e+003 +1.275492373e+003 +1.258552373e+003 +1.258552373e+003 +0.0000e+000 +0.0000e+000
2 +1.030884627e+003 +1.030884627e+003 +1.013944627e+003 +1.013944627e+003 -1.1852e-001 -1.2374e+000
3 +4.136785159e+002 +4.136785159e+002 +3.967385159e+002 +3.967385159e+002 +1.1923e-001 -1.1449e+000
8 +4.046834602e+002 +4.046834602e+002 +3.877434602e+002 +3.877434602e+002 -1.6531e-001 -9.9334e-001
10 +3.878240198e+002 +3.878240198e+002 +3.708840198e+002 +3.708840198e+002 -3.0300e-001 -1.1003e+000
13 +3.699805599e+002 +3.699805599e+002 +3.530405599e+002 +3.530405599e+002 -1.8510e-001 -1.2889e+000
16 +3.599762435e+002 +3.599762435e+002 +3.430362435e+002 +3.430362435e+002 -1.5052e-001 -1.1016e+000
28 +3.385500058e+002 +3.385500058e+002 +3.216100058e+002 +3.216100058e+002 -1.6959e-001 -1.2085e+000
39 +3.131488242e+002 +3.131488242e+002 +2.962088242e+002 +2.962088242e+002 -1.1186e-002 -1.0859e+000
204 +3.063224168e+002 +3.063224168e+002 +2.893824168e+002 +2.893824168e+002 -4.0898e-002 -1.5226e+000
227 +2.599207145e+002 +2.599207145e+002 +2.429807145e+002 +2.429807145e+002 +2.9868e-001 -1.0372e+000
235 +2.494902657e+002 +2.494902657e+002 +2.325502657e+002 +2.325502657e+002 +2.6697e-001 -1.6204e+000
246 +2.372298835e+002 +2.372298835e+002 +2.202898835e+002 +2.202898835e+002 +5.5203e-001 -2.0407e+000
256 +2.015384958e+002 +2.015384958e+002 +1.845984958e+002 +1.845984958e+002 +7.5658e-001 -1.8675e+000
266 +8.681108720e+001 +8.681108720e+001 +6.987108720e+001 +6.987108720e+001 +2.0220e+000 -1.2308e+000
288 +5.091158750e+001 +5.091158750e+001 +3.397158750e+001 +3.397158750e+001 +5.6258e+000 -3.4053e+000
301 +2.988047141e+001 +2.988047141e+001 +1.294047141e+001 +1.294047141e+001 +4.2805e+000 -2.7339e+000
320 +2.227171664e+001 +2.227171664e+001 +5.331716643e+000 +5.331716643e+000 +5.4617e+000 -5.1350e+000
325 +1.620966985e+001 +1.620966985e+001 -7.303301475e-001 -7.303301475e-001 +5.3608e+000 -4.5082e+000
354 +5.043485544e+000 +5.043485544e+000 -1.189651446e+001 -1.189651446e+001 +4.3919e+000 -1.5539e+000
826 +4.067031828e+000 +4.067031828e+000 -1.287296817e+001 -1.287296817e+001 +4.4600e+000 -1.3134e+000
920 +3.143855419e+000 +3.143855419e+000 -1.379614458e+001 -1.379614458e+001 +4.2724e+000 -3.5718e-001
1017 +1.966553407e+000 +1.966553407e+000 -1.497344659e+001 -1.497344659e+001 +3.9976e+000 +7.9895e-001
1222 +1.851561386e+000 +1.851561386e+000 -1.508843861e+001 -1.508843861e+001 +4.0245e+000 +7.6911e-001
% function evaluation | noise-free fitness - Fopt (1.881000000000e+001) | best noise-free fitness - Fopt | measured fitness | best measured fitness | x1 | x2...
1 +2.061503494e+002 +2.061503494e+002 +2.249603494e+002 +2.249603494e+002 +0.0000e+000 +0.0000e+000
2 +6.789015270e+001 +6.789015270e+001 +8.670015270e+001 +8.670015270e+001 -1.1110e+000 +9.7526e-001
3 +3.712322164e+001 +3.712322164e+001 +5.593322164e+001 +5.593322164e+001 -1.3955e+000 +1.1052e+000
4 +2.378907584e+001 +2.378907584e+001 +4.259907584e+001 +4.259907584e+001 -1.1561e+000 +1.0731e+000
17 +2.062336503e+001 +2.062336503e+001 +3.943336503e+001 +3.943336503e+001 -1.1035e+000 +1.1839e+000
37 +2.008763061e+001 +2.008763061e+001 +3.889763061e+001 +3.889763061e+001 -1.3009e+000 +1.1978e+000
56 +1.687121542e+001 +1.687121542e+001 +3.568121542e+001 +3.568121542e+001 -1.1982e+000 +1.2940e+000
103 +1.202317053e+001 +1.202317053e+001 +3.083317053e+001 +3.083317053e+001 -1.2164e+000 +1.4642e+000
123 +9.898838625e+000 +9.898838625e+000 +2.870883862e+001 +2.870883862e+001 -1.0992e+000 +1.5240e+000
128 +8.402364982e+000 +8.402364982e+000 +2.721236498e+001 +2.721236498e+001 -1.3151e+000 +1.7743e+000
134 +4.054614183e+000 +4.054614183e+000 +2.286461418e+001 +2.286461418e+001 -1.2501e+000 +1.8440e+000
176 +1.436899582e+000 +1.436899582e+000 +2.024689958e+001 +2.024689958e+001 -1.2954e+000 +1.8589e+000
220 +1.389210232e+000 +1.389210232e+000 +2.019921023e+001 +2.019921023e+001 -1.2614e+000 +1.8578e+000
248 +1.043841363e+000 +1.043841363e+000 +1.985384136e+001 +1.985384136e+001 -1.2048e+000 +1.8275e+000
2976 +6.417483246e-001 +6.417483246e-001 +1.945174832e+001 +1.945174832e+001 +1.4711e-001 +1.7304e+000
3106 +1.586670230e-001 +1.586670230e-001 +1.896866702e+001 +1.896866702e+001 +7.3916e-003 +1.7455e+000
3534 +1.581780987e-001 +1.581780987e-001 +1.896817810e+001 +1.896817810e+001 -8.2142e-002 +1.7577e+000
3555 +7.200090446e-002 +7.200090446e-002 +1.888200090e+001 +1.888200090e+001 -1.0940e-001 +1.7670e+000
3705 +3.469040140e-002 +3.469040140e-002 +1.884469040e+001 +1.884469040e+001 -2.1690e-001 +1.7813e+000
3737 +4.362325348e-003 +4.362325348e-003 +1.881436233e+001 +1.881436233e+001 -1.9369e-001 +1.7808e+000
4052 +1.346311411e-003 +1.346311411e-003 +1.881134631e+001 +1.881134631e+001 -1.9039e-001 +1.7807e+000
4587 +1.266324388e-003 +1.266324388e-003 +1.881126632e+001 +1.881126632e+001 -1.9060e-001 +1.7807e+000
4598 +1.018241761e-003 +1.018241761e-003 +1.881101824e+001 +1.881101824e+001 -1.9197e-001 +1.7809e+000
4605 +3.176544104e-004 +3.176544104e-004 +1.881031765e+001 +1.881031765e+001 -1.9110e-001 +1.7808e+000
4610 +3.014972480e-004 +3.014972480e-004 +1.881030150e+001 +1.881030150e+001 -1.9108e-001 +1.7808e+000
4824 +2.640963119e-004 +2.640963119e-004 +1.881026410e+001 +1.881026410e+001 -1.9095e-001 +1.7808e+000
4844 +2.311738202e-004 +2.311738202e-004 +1.881023117e+001 +1.881023117e+001 -1.9140e-001 +1.7808e+000
5001 +1.781759071e-004 +1.781759071e-004 +1.881017818e+001 +1.881017818e+001 -1.9114e-001 +1.7808e+000
5105 +3.283183300e-005 +3.283183300e-005 +1.881003283e+001 +1.881003283e+001 -1.9118e-001 +1.7808e+000
5360 +2.936791723e-005 +2.936791723e-005 +1.881002937e+001 +1.881002937e+001 -1.9118e-001 +1.7808e+000
5634 +3.215498793e-006 +3.215498793e-006 +1.881000322e+001 +1.881000322e+001 -1.9120e-001 +1.7808e+000
% function evaluation | noise-free fitness - Fopt (2.731500000000e+002) | best noise-free fitness - Fopt | measured fitness | best measured fitness | x1 | x2...
1 +6.092861296e+002 +6.092861296e+002 +8.824361296e+002 +8.824361296e+002 +0.0000e+000 +0.0000e+000
2 +1.353448278e+002 +1.353448278e+002 +4.084948278e+002 +4.084948278e+002 -2.1272e+000 -2.7094e+000
3 +1.291602107e+002 +1.291602107e+002 +4.023102107e+002 +4.023102107e+002 -2.1293e+000 -2.8012e+000
12 +1.280521289e+002 +1.280521289e+002 +4.012021289e+002 +4.012021289e+002 -2.0601e+000 -2.6189e+000
1670 +7.857756086e+001 +7.857756086e+001 +3.517275609e+002 +3.517275609e+002 -5.6979e+000 -2.1750e+000
1674 +6.322464974e+001 +6.322464974e+001 +3.363746497e+002 +3.363746497e+002 -6.3250e+000 -3.6963e+000
1711 +5.781082530e+001 +5.781082530e+001 +3.309608253e+002 +3.309608253e+002 -6.4769e+000 -4.9211e+000
1725 +3.904366307e+001 +3.904366307e+001 +3.121936631e+002 +3.121936631e+002 -5.2423e+000 -2.7344e+000
1726 +3.709504248e+001 +3.709504248e+001 +3.102450425e+002 +3.102450425e+002 -6.4318e+000 -2.9684e+000
1762 +3.434450699e+001 +3.434450699e+001 +3.074945070e+002 +3.074945070e+002 -6.5892e+000 -2.9589e+000
1825 +3.253154380e+001 +3.253154380e+001 +3.056815438e+002 +3.056815438e+002 -4.6386e+000 +3.0109e+000
1828 +2.217932873e+001 +2.217932873e+001 +2.953293287e+002 +2.953293287e+002 -6.0348e+000 -1.9792e+000
1839 +1.006059463e+001 +1.006059463e+001 +2.832105946e+002 +2.832105946e+002 -5.1551e+000 -3.1720e-001
2006 +8.138856959e+000 +8.138856959e+000 +2.812888570e+002 +2.812888570e+002 -5.4046e+000 -5.4824e-001
2308 +7.646392938e+000 +7.646392938e+000 +2.807963929e+002 +2.807963929e+002 -5.3131e+000 +2.9467e-002
2415 +7.062042034e+000 +7.062042034e+000 +2.802120420e+002 +2.802120420e+002 -5.4264e+000 -4.3824e-001
3229 +6.421054950e+000 +6.421054950e+000 +2.795710550e+002 +2.795710550e+002 -5.3311e+000 -2.4399e-001
7752 +6.293955990e+000 +6.293955990e+000 +2.794439560e+002 +2.794439560e+002 -5.3536e+000 -2.9494e-001
7949 +6.138978067e+000 +6.138978067e+000 +2.792889781e+002 +2.792889781e+002 -5.3277e+000 -2.4806e-001
10117 +6.024636824e+000 +6.024636824e+000 +2.791746368e+002 +2.791746368e+002 -5.3132e+000 -2.1798e-001
11752 +5.882797170e+000 +5.882797170e+000 +2.790327972e+002 +2.790327972e+002 -5.2894e+000 -1.7344e-001
13668 +5.752594436e+000 +5.752594436e+000 +2.789025944e+002 +2.789025944e+002 -5.2653e+000 -1.2756e-001
15945 +5.620766648e+000 +5.620766648e+000 +2.787707666e+002 +2.787707666e+002 -5.2396e+000 -7.6097e-002
18159 +5.492095092e+000 +5.492095092e+000 +2.786420951e+002 +2.786420951e+002 -5.2117e+000 -2.3161e-002
21948 +5.369855272e+000 +5.369855272e+000 +2.785198553e+002 +2.785198553e+002 -5.1804e+000 +3.7693e-002
27159 +5.247287428e+000 +5.247287428e+000 +2.783972874e+002 +2.783972874e+002 -5.1427e+000 +1.1223e-001
38252 +5.127848645e+000 +5.127848645e+000 +2.782778486e+002 +2.782778486e+002 -5.0911e+000 +2.1338e-001
% function evaluation | noise-free fitness - Fopt (3.718000000000e+001) | best noise-free fitness - Fopt | measured fitness | best measured fitness | x1 | x2...
1 +1.121427784e+002 +1.121427784e+002 +1.493227784e+002 +1.493227784e+002 +0.0000e+000 +0.0000e+000
6 +1.084251421e+002 +1.084251421e+002 +1.456051421e+002 +1.456051421e+002 -1.6582e+000 -3.6069e-001
7 +9.374476115e+001 +9.374476115e+001 +1.309247612e+002 +1.309247612e+002 -1.7105e+000 -2.6559e-001
8 +9.147881025e+001 +9.147881025e+001 +1.286588102e+002 +1.286588102e+002 -1.8820e+000 -3.2766e-001
10 +6.789983230e+001 +6.789983230e+001 +1.050798323e+002 +1.050798323e+002 -1.8383e+000 -2.9277e-001
35 +6.660118473e+001 +6.660118473e+001 +1.037811847e+002 +1.037811847e+002 -1.8145e+000 -4.0267e-002
65 +5.922241301e+001 +5.922241301e+001 +9.640241301e+001 +9.640241301e+001 -1.8942e+000 -1.3175e-002
70 +5.160971344e+001 +5.160971344e+001 +8.878971344e+001 +8.878971344e+001 -1.1846e+000 +1.7124e-001
90 +1.688568046e+001 +1.688568046e+001 +5.406568046e+001 +5.406568046e+001 -2.0318e+000 +1.5052e+000
104 +9.996848467e+000 +9.996848467e+000 +4.717684847e+001 +4.717684847e+001 -1.5196e+000 +1.8811e+000
136 +5.991917263e+000 +5.991917263e+000 +4.317191726e+001 +4.317191726e+001 -3.2197e+000 +1.9693e+000
220 +4.797587274e+000 +4.797587274e+000 +4.197758727e+001 +4.197758727e+001 -2.7392e+000 +2.0333e+000
242 +2.043497411e+000 +2.043497411e+000 +3.922349741e+001 +3.922349741e+001 -2.6364e+000 +1.9957e+000
374 +1.465782301e+000 +1.465782301e+000 +3.864578230e+001 +3.864578230e+001 -3.3210e+000 +1.9823e+000
384 +1.053128755e+000 +1.053128755e+000 +3.823312875e+001 +3.823312875e+001 -3.9725e+000 +2.0799e+000
455 +1.028912454e+000 +1.028912454e+000 +3.820891245e+001 +3.820891245e+001 -3.1222e+000 +2.0051e+000
464 +8.114367514e-001 +8.114367514e-001 +3.799143675e+001 +3.799143675e+001 -3.2382e+000 +2.0217e+000
484 +6.901048965e-001 +6.901048965e-001 +3.787010490e+001 +3.787010490e+001 -3.3736e+000 +2.0512e+000
495 +5.519198990e-001 +5.519198990e-001 +3.773191990e+001 +3.773191990e+001 -3.5159e+000 +2.0645e+000
512 +5.482215999e-001 +5.482215999e-001 +3.772822160e+001 +3.772822160e+001 -3.4346e+000 +2.0324e+000
514 +5.258938986e-001 +5.258938986e-001 +3.770589390e+001 +3.770589390e+001 -3.4227e+000 +2.0338e+000
572 +4.358226776e-001 +4.358226776e-001 +3.761582268e+001 +3.761582268e+001 -3.5833e+000 +2.0585e+000
637 +3.653432483e-001 +3.653432483e-001 +3.754534325e+001 +3.754534325e+001 -3.5350e+000 +2.0449e+000
673 +3.454251835e-001 +3.454251835e-001 +3.752542518e+001 +3.752542518e+001 -3.6397e+000 +2.0507e+000
% function evaluation | noise-free fitness - Fopt (-1.479000000000e+002) | best noise-free fitness - Fopt | measured fitness | best measured fitness | x1 | x2...
1 +1.284153627e+002 +1.284153627e+002 -1.948463728e+001 -1.948463728e+001 +0.0000e+000 +0.0000e+000
3767 +3.532729171e+001 +3.532729171e+001 -1.125727083e+002 -1.125727083e+002 -3.3601e+000 +3.6011e-001
4144 +2.242940190e+001 +2.242940190e+001 -1.254705981e+002 -1.254705981e+002 -1.9239e+000 -5.2428e-001
4165 +3.726432394e+000 +3.726432394e+000 -1.441735676e+002 -1.441735676e+002 -2.5339e+000 +1.1456e+000
4184 +3.439693791e+000 +3.439693791e+000 -1.444603062e+002 -1.444603062e+002 -1.2350e+000 -2.4200e-001
4228 +1.829149823e+000 +1.829149823e+000 -1.460708502e+002 -1.460708502e+002 -1.4642e+000 -7.9309e-002
4250 +1.027684338e+000 +1.027684338e+000 -1.468723157e+002 -1.468723157e+002 -2.1158e+000 +5.5108e-001
4362 +3.959493398e-001 +3.959493398e-001 -1.475040507e+002 -1.475040507e+002 -1.7503e+000 +2.1761e-001
4426 +3.729935167e-001 +3.729935167e-001 -1.475270065e+002 -1.475270065e+002 -1.5218e+000 +2.1342e-002
4448 +3.636266462e-001 +3.636266462e-001 -1.475363734e+002 -1.475363734e+002 -1.4492e+000 -4.7141e-002
4456 +1.992775067e-001 +1.992775067e-001 -1.477007225e+002 -1.477007225e+002 -1.6313e+000 +1.1169e-001
4513 +1.986579193e-002 +1.986579193e-002 -1.478801342e+002 -1.478801342e+002 -1.6667e+000 +1.3176e-001
% function evaluation | noise-free fitness - Fopt (-6.080000000000e+000) | best noise-free fitness - Fopt | measured fitness | best measured fitness | x1 | x2...
1 +1.108816592e+002 +1.108816592e+002 +1.048016592e+002 +1.048016592e+002 +0.0000e+000 +0.0000e+000
2 +1.026534282e+001 +1.026534282e+001 +4.185342823e+000 +4.185342823e+000 -3.7622e+000 +1.7701e+000
14 +7.816689503e+000 +7.816689503e+000 +1.736689503e+000 +1.736689503e+000 -3.7311e+000 +1.7702e+000
19 +6.182411591e+000 +6.182411591e+000 +1.024115911e-001 +1.024115911e-001 -3.7494e+000 +1.5486e+000
23 +5.137368498e+000 +5.137368498e+000 -9.426315022e-001 -9.426315022e-001 -3.6785e+000 +1.7051e+000
127 +5.098841511e+000 +5.098841511e+000 -9.811584890e-001 -9.811584890e-001 -3.4688e+000 +1.5563e+000
144 +4.931744512e+000 +4.931744512e+000 -1.148255488e+000 -1.148255488e+000 -3.4216e+000 +1.6385e+000
157 +4.658275946e+000 +4.658275946e+000 -1.421724054e+000 -1.421724054e+000 -3.4243e+000 +1.6563e+000
194 +4.208612280e+000 +4.208612280e+000 -1.871387720e+000 -1.871387720e+000 -3.3887e+000 +1.6582e+000
236 +4.055155572e+000 +4.055155572e+000 -2.024844428e+000 -2.024844428e+000 -2.8473e+000 +1.6477e+000
318 +3.214712577e+000 +3.214712577e+000 -2.865287423e+000 -2.865287423e+000 -1.9031e+000 +1.8635e+000
341 +1.859979641e+000 +1.859979641e+000 -4.220020359e+000 -4.220020359e+000 -8.5820e-001 +1.9493e+000
390 +5.669020852e-001 +5.669020852e-001 -5.513097915e+000 -5.513097915e+000 +1.0943e+000 +2.0413e+000
486 +5.117625311e-001 +5.117625311e-001 -5.568237469e+000 -5.568237469e+000 +1.0510e+000 +2.0573e+000
729 +4.198532406e-001 +4.198532406e-001 -5.660146759e+000 -5.660146759e+000 +2.7112e-001 +2.0272e+000
767 +2.184002151e-001 +2.184002151e-001 -5.861599785e+000 -5.861599785e+000 +5.5301e-001 +2.0567e+000
780 +1.610161448e-001 +1.610161448e-001 -5.918983855e+000 -5.918983855e+000 +4.7877e-001 +2.0502e+000
1192 +2.172842285e-002 +2.172842285e-002 -6.058271577e+000 -6.058271577e+000 +6.2062e-001 +2.0663e+000
1495 +1.924656945e-002 +1.924656945e-002 -6.060753431e+000 -6.060753431e+000 +6.5267e-001 +2.0668e+000
1529 +1.679834755e-002 +1.679834755e-002 -6.063201652e+000 -6.063201652e+000 +6.5202e-001 +2.0668e+000
1564 +1.643053875e-002 +1.643053875e-002 -6.063569461e+000 -6.063569461e+000 +6.2230e-001 +2.0658e+000
1597 +3.030168626e-003 +3.030168626e-003 -6.076969831e+000 -6.076969831e+000 +6.3523e-001 +2.0673e+000
1784 +1.395626297e-003 +1.395626297e-003 -6.078604374e+000 -6.078604374e+000 +6.3230e-001 +2.0672e+000
1788 +1.310379691e-003 +1.310379691e-003 -6.078689620e+000 -6.078689620e+000 +6.3110e-001 +2.0671e+000
1909 +1.238772614e-003 +1.238772614e-003 -6.078761227e+000 -6.078761227e+000 +6.3142e-001 +2.0671e+000
1914 +1.145670517e-003 +1.145670517e-003 -6.078854329e+000 -6.078854329e+000 +6.3219e-001 +2.0672e+000
1916 +1.029665894e-003 +1.029665894e-003 -6.078970334e+000 -6.078970334e+000 +6.3224e-001 +2.0672e+000
1954 +1.010564103e-003 +1.010564103e-003 -6.078989436e+000 -6.078989436e+000 +6.3112e-001 +2.0671e+000
1984 +9.898322686e-004 +9.898322686e-004 -6.079010168e+000 -6.079010168e+000 +6.3215e-001 +2.0672e+000
2024 +5.055663789e-004 +5.055663789e-004 -6.079494434e+000 -6.079494434e+000 +6.3233e-001 +2.0672e+000
2029 +2.332966110e-004 +2.332966110e-004 -6.079766703e+000 -6.079766703e+000 +6.3211e-001 +2.0672e+000
2080 +1.573795155e-004 +1.573795155e-004 -6.079842620e+000 -6.079842620e+000 +6.3206e-001 +2.0672e+000
2118 +8.548735834e-005 +8.548735834e-005 -6.079914513e+000 -6.079914513e+000 +6.3203e-001 +2.0672e+000
2150 +3.894267810e-005 +3.894267810e-005 -6.079961057e+000 -6.079961057e+000 +6.3200e-001 +2.0672e+000
2220 +3.478248996e-005 +3.478248996e-005 -6.079965218e+000 -6.079965218e+000 +6.3203e-001 +2.0672e+000
2310 +2.977230268e-005 +2.977230268e-005 -6.079970228e+000 -6.079970228e+000 +6.3202e-001 +2.0672e+000
2314 +2.880798596e-005 +2.880798596e-005 -6.079971192e+000 -6.079971192e+000 +6.3202e-001 +2.0672e+000
2507 +1.137068080e-005 +1.137068080e-005 -6.079988629e+000 -6.079988629e+000 +6.3200e-001 +2.0672e+000
2545 +4.943908744e-006 +4.943908744e-006 -6.079995056e+000 -6.079995056e+000 +6.3200e-001 +2.0672e+000
% function evaluation | noise-free fitness - Fopt (2.431100000000e+002) | best noise-free fitness - Fopt | measured fitness | best measured fitness | x1 | x2...
1 +1.270339719e+001 +1.270339719e+001 +2.558133972e+002 +2.558133972e+002 +0.0000e+000 +0.0000e+000
1582 +1.150221231e+001 +1.150221231e+001 +2.546122123e+002 +2.546122123e+002 +4.9113e+000 +2.6411e+000
1625 +7.972316947e+000 +7.972316947e+000 +2.510823169e+002 +2.510823169e+002 +1.5565e+000 +9.6327e-001
1702 +6.428281650e+000 +6.428281650e+000 +2.495382817e+002 +2.495382817e+002 +1.6150e+000 +9.9658e-001
1726 +5.855691448e+000 +5.855691448e+000 +2.489656914e+002 +2.489656914e+002 +9.1716e-001 +6.1213e-001
1987 +4.397820981e+000 +4.397820981e+000 +2.475078210e+002 +2.475078210e+002 -2.0349e-001 +7.4760e-002
2008 +4.348306913e+000 +4.348306913e+000 +2.474583069e+002 +2.474583069e+002 -4.3761e-001 -1.1811e-001
2010 +4.032893871e+000 +4.032893871e+000 +2.471428939e+002 +2.471428939e+002 -6.0837e-001 -6.8785e-002
% function evaluation | noise-free fitness - Fopt (-1.436200000000e+002) | best noise-free fitness - Fopt | measured fitness | best measured fitness | x1 | x2...
1 +2.616430789e+002 +2.616430789e+002 +1.180230789e+002 +1.180230789e+002 +0.0000e+000 +0.0000e+000
2 +9.083984972e+001 +9.083984972e+001 -5.278015028e+001 -5.278015028e+001 -2.9621e-001 +2.0775e+000
7 +7.933032119e+001 +7.933032119e+001 -6.428967881e+001 -6.428967881e+001 -4.4228e-001 +1.6820e+000
57 +7.226713039e+001 +7.226713039e+001 -7.135286961e+001 -7.135286961e+001 -3.2542e-001 +2.0857e+000
70 +6.965544130e+001 +6.965544130e+001 -7.396455870e+001 -7.396455870e+001 -2.3865e-001 +2.1390e+000
103 +6.887572612e+001 +6.887572612e+001 -7.474427388e+001 -7.474427388e+001 -4.3543e-001 +2.0544e+000
142 +5.923723529e+001 +5.923723529e+001 -8.438276471e+001 -8.438276471e+001 -5.4898e-001 +2.2948e+000
179 +4.535455042e+001 +4.535455042e+001 -9.826544958e+001 -9.826544958e+001 -8.9883e-001 +2.6297e+000
261 +3.615930403e+001 +3.615930403e+001 -1.074606960e+002 -1.074606960e+002 -3.0309e-001 +3.3879e+000
293 +2.973373720e+001 +2.973373720e+001 -1.138862628e+002 -1.138862628e+002 -9.1349e-001 +3.3566e+000
319 +4.428213680e+000 +4.428213680e+000 -1.391917863e+002 -1.391917863e+002 -9.0419e-001 +4.3068e+000
340 +4.085556736e+000 +4.085556736e+000 -1.395344433e+002 -1.395344433e+002 -1.3673e+000 +3.9646e+000
371 +1.479996991e+000 +1.479996991e+000 -1.421400030e+002 -1.421400030e+002 -1.4547e+000 +4.0282e+000
453 +1.081569970e+000 +1.081569970e+000 -1.425384300e+002 -1.425384300e+002 -1.8861e+000 +3.7601e+000
% function evaluation | noise-free fitness - Fopt (4.290000000000e+001) | best noise-free fitness - Fopt | measured fitness | best measured fitness | x1 | x2...
1 +7.022753736e+000 +7.022753736e+000 +4.992275374e+001 +4.992275374e+001 +0.0000e+000 +0.0000e+000
150 +5.684826403e+000 +5.684826403e+000 +4.858482640e+001 +4.858482640e+001 -4.5336e-001 +3.0741e+000
204 +4.491469276e+000 +4.491469276e+000 +4.739146928e+001 +4.739146928e+001 -4.5295e-001 +3.4090e+000
240 +4.130435597e+000 +4.130435597e+000 +4.703043560e+001 +4.703043560e+001 -4.2657e-001 +3.2491e+000
251 +3.194552972e+000 +3.194552972e+000 +4.609455297e+001 +4.609455297e+001 -3.3635e-001 +3.2406e+000
352 +3.144241131e+000 +3.144241131e+000 +4.604424113e+001 +4.604424113e+001 -3.6004e-001 +3.2380e+000
% function evaluation | noise-free fitness - Fopt (6.286500000000e+002) | best noise-free fitness - Fopt | measured fitness | best measured fitness | x1 | x2...
1 +1.260011294e+002 +1.260011294e+002 +7.546511294e+002 +7.546511294e+002 +0.0000e+000 +0.0000e+000
7 +1.245115524e+002 +1.245115524e+002 +7.531615524e+002 +7.531615524e+002 +1.5354e+000 +2.3439e+000
13 +1.054272855e+002 +1.054272855e+002 +7.340772855e+002 +7.340772855e+002 +1.8271e+000 +2.1523e+000
15 +1.033101447e+002 +1.033101447e+002 +7.319601447e+002 +7.319601447e+002 +1.8089e+000 +2.1962e+000
51 +1.009637935e+002 +1.009637935e+002 +7.296137935e+002 +7.296137935e+002 +1.7712e+000 +2.0683e+000
1283 +7.735176473e+001 +7.735176473e+001 +7.060017647e+002 +7.060017647e+002 +7.1503e-001 +2.9538e+000
1286 +6.830506010e+001 +6.830506010e+001 +6.969550601e+002 +6.969550601e+002 +6.7151e-001 +2.8447e+000
1287 +6.749458813e+001 +6.749458813e+001 +6.961445881e+002 +6.961445881e+002 +6.7317e-001 +2.7471e+000
1291 +6.497497683e+001 +6.497497683e+001 +6.936249768e+002 +6.936249768e+002 +7.5232e-001 +2.9153e+000
1299 +5.941227703e+001 +5.941227703e+001 +6.880622770e+002 +6.880622770e+002 +7.1091e-001 +2.8648e+000
1336 +5.702218321e+001 +5.702218321e+001 +6.856721832e+002 +6.856721832e+002 +4.6959e-001 +2.9018e+000
1348 +5.353103835e+001 +5.353103835e+001 +6.821810383e+002 +6.821810383e+002 +4.0144e-001 +2.7788e+000
1361 +5.198433467e+001 +5.198433467e+001 +6.806343347e+002 +6.806343347e+002 +3.5802e-001 +2.7025e+000
1380 +3.945537648e+001 +3.945537648e+001 +6.681053765e+002 +6.681053765e+002 -3.1790e-002 +2.8479e+000
1468 +3.353180269e+001 +3.353180269e+001 +6.621818027e+002 +6.621818027e+002 -8.3853e-001 +2.9284e+000
1475 +1.871962075e+001 +1.871962075e+001 +6.473696208e+002 +6.473696208e+002 -6.3732e-001 +3.1679e+000
1500 +8.490332504e+000 +8.490332504e+000 +6.371403325e+002 +6.371403325e+002 -1.1409e+000 +2.8190e+000
1554 +3.294296048e+000 +3.294296048e+000 +6.319442960e+002 +6.319442960e+002 -1.2856e+000 +3.1198e+000
1703 +3.133897091e+000 +3.133897091e+000 +6.317838971e+002 +6.317838971e+002 -1.4791e+000 +2.7831e+000
3337 +2.540859283e+000 +2.540859283e+000 +6.311908593e+002 +6.311908593e+002 -2.7466e+000 +2.5113e-001
3391 +4.715213288e-001 +4.715213288e-001 +6.291215213e+002 +6.291215213e+002 -2.6329e+000 +3.6097e-001
% function evaluation | noise-free fitness - Fopt (-7.163000000000e+001) | best noise-free fitness - Fopt | measured fitness | best measured fitness | x1 | x2...
1 +3.502654145e+002 +3.502654145e+002 +2.786354145e+002 +2.786354145e+002 +0.0000e+000 +0.0000e+000
2 +9.974013180e+001 +9.974013180e+001 +2.811013180e+001 +2.811013180e+001 +2.7285e+000 -3.7757e-001
5 +7.896622972e+001 +7.896622972e+001 +7.336229720e+000 +7.336229720e+000 +2.6868e+000 -3.3509e-001
22 +6.817977636e+001 +6.817977636e+001 -3.450223637e+000 -3.450223637e+000 +2.6464e+000 -4.1513e-001
1657 +6.593765353e+001 +6.593765353e+001 -5.692346469e+000 -5.692346469e+000 +4.8343e+000 -5.6372e-001
1665 +3.266229161e+001 +3.266229161e+001 -3.896770839e+001 -3.896770839e+001 +4.2256e+000 -8.7410e-001
1678 +1.846124026e+001 +1.846124026e+001 -5.316875974e+001 -5.316875974e+001 +4.0193e+000 -4.0888e-001
1680 +8.364272120e+000 +8.364272120e+000 -6.326572788e+001 -6.326572788e+001 +4.2015e+000 -3.9439e-001
1770 +7.765566674e+000 +7.765566674e+000 -6.386443333e+001 -6.386443333e+001 +4.0415e+000 -9.0985e-001
1806 +6.735453032e+000 +6.735453032e+000 -6.489454697e+001 -6.489454697e+001 +3.6298e+000 -1.6437e+000
1854 +3.175520077e+000 +3.175520077e+000 -6.845447992e+001 -6.845447992e+001 +3.1424e+000 -2.4489e+000
1938 +1.856171330e+000 +1.856171330e+000 -6.977382867e+001 -6.977382867e+001 +2.9754e+000 -2.7452e+000
2022 +1.427442529e+000 +1.427442529e+000 -7.020255747e+001 -7.020255747e+001 +2.4060e+000 -3.1418e+000
2050 +1.058795786e+000 +1.058795786e+000 -7.057120421e+001 -7.057120421e+001 +1.6153e+000 -3.5280e+000
2145 +7.634094959e-001 +7.634094959e-001 -7.086659050e+001 -7.086659050e+001 +2.4757e+000 -3.1111e+000
2150 +4.263504217e-001 +4.263504217e-001 -7.120364958e+001 -7.120364958e+001 +2.1344e+000 -3.3197e+000
2454 +3.634553381e-001 +3.634553381e-001 -7.126654466e+001 -7.126654466e+001 +2.1003e+000 -3.3214e+000
2470 +3.630106196e-001 +3.630106196e-001 -7.126698938e+001 -7.126698938e+001 +2.1728e+000 -3.2956e+000
% function evaluation | noise-free fitness - Fopt (1.976000000000e+001) | best noise-free fitness - Fopt | measured fitness | best measured fitness | x1 | x2...
1 +1.025653552e+002 +1.025653552e+002 +1.223253552e+002 +1.223253552e+002 +0.0000e+000 +0.0000e+000
2 +8.841928774e+001 +8.841928774e+001 +1.081792877e+002 +1.081792877e+002 +1.9098e-001 +2.9534e+000
339 +7.981874053e+001 +7.981874053e+001 +9.957874053e+001 +9.957874053e+001 +5.3021e-001 +2.7959e+000
2963 +7.256752980e+001 +7.256752980e+001 +9.232752980e+001 +9.232752980e+001 +5.1455e+000 +6.0461e+000
2965 +6.452728836e+001 +6.452728836e+001 +8.428728836e+001 +8.428728836e+001 +5.0909e+000 +6.0279e+000
2978 +5.343693916e+001 +5.343693916e+001 +7.319693916e+001 +7.319693916e+001 +5.2125e+000 +5.8894e+000
3055 +5.112282449e+001 +5.112282449e+001 +7.088282449e+001 +7.088282449e+001 +5.1131e+000 +5.7540e+000
3110 +4.731578030e+001 +4.731578030e+001 +6.707578030e+001 +6.707578030e+001 +5.1319e+000 +5.5668e+000
3127 +3.542796119e+001 +3.542796119e+001 +5.518796119e+001 +5.518796119e+001 +5.1583e+000 +5.3858e+000
3207 +2.106827182e+001 +2.106827182e+001 +4.082827182e+001 +4.082827182e+001 +5.1412e+000 +4.8967e+000
3223 +9.744444618e+000 +9.744444618e+000 +2.950444462e+001 +2.950444462e+001 +5.4215e+000 +4.6181e+000
3240 +7.220358281e+000 +7.220358281e+000 +2.698035828e+001 +2.698035828e+001 +5.2833e+000 +4.3379e+000
3312 +5.875594973e+000 +5.875594973e+000 +2.563559497e+001 +2.563559497e+001 +5.2462e+000 +4.5164e+000
3395 +5.084121455e+000 +5.084121455e+000 +2.484412146e+001 +2.484412146e+001 +4.9979e+000 +4.1611e+000
3502 +4.683993051e+000 +4.683993051e+000 +2.444399305e+001 +2.444399305e+001 +5.2270e+000 +4.3882e+000
3542 +4.529447996e+000 +4.529447996e+000 +2.428944800e+001 +2.428944800e+001 +5.2004e+000 +4.3857e+000
3570 +4.272664409e+000 +4.272664409e+000 +2.403266441e+001 +2.403266441e+001 +5.1510e+000 +4.3130e+000
4700 +4.254309912e+000 +4.254309912e+000 +2.401430991e+001 +2.401430991e+001 +5.1595e+000 +4.3276e+000
12432 +4.167860806e+000 +4.167860806e+000 +2.392786081e+001 +2.392786081e+001 +5.1308e+000 +4.2878e+000
24033 +4.072358517e+000 +4.072358517e+000 +2.383235852e+001 +2.383235852e+001 +5.0870e+000 +4.2281e+000
% function evaluation | noise-free fitness - Fopt (6.100000000000e-001) | best noise-free fitness - Fopt | measured fitness | best measured fitness | x1 | x2...
1 +4.682385345e+002 +4.682385345e+002 +4.688485345e+002 +4.688485345e+002 +0.0000e+000 +0.0000e+000
2 +4.266653719e+002 +4.266653719e+002 +4.272753719e+002 +4.272753719e+002 +4.4604e-001 -2.6427e-001
3 +2.498549298e+002 +2.498549298e+002 +2.504649298e+002 +2.504649298e+002 +5.8854e-001 -1.9922e-001
4 +8.916033058e+001 +8.916033058e+001 +8.977033058e+001 +8.977033058e+001 +6.0596e-001 -1.7014e-001
100 +8.841120377e+001 +8.841120377e+001 +8.902120377e+001 +8.902120377e+001 +5.4402e-001 -1.0689e-001
163 +8.038317280e+001 +8.038317280e+001 +8.099317280e+001 +8.099317280e+001 +7.5079e-001 -1.5402e-001
251 +6.036747497e+001 +6.036747497e+001 +6.097747497e+001 +6.097747497e+001 +1.1982e+000 -2.8629e-001
270 +5.158804197e+001 +5.158804197e+001 +5.219804197e+001 +5.219804197e+001 +1.6895e+000 -3.7956e-001
277 +7.397904399e+000 +7.397904399e+000 +8.007904399e+000 +8.007904399e+000 +2.5226e+000 -3.3166e-001
327 +6.748554913e+000 +6.748554913e+000 +7.358554913e+000 +7.358554913e+000 +2.3336e+000 -2.2083e-001
348 +6.352262830e+000 +6.352262830e+000 +6.962262830e+000 +6.962262830e+000 +2.5755e+000 -5.5166e-001
381 +2.716511298e+000 +2.716511298e+000 +3.326511298e+000 +3.326511298e+000 +2.3413e+000 -7.6376e-002
572 +2.672103438e+000 +2.672103438e+000 +3.282103438e+000 +3.282103438e+000 +2.3232e+000 -6.9046e-003
594 +2.436213987e+000 +2.436213987e+000 +3.046213987e+000 +3.046213987e+000 +2.3177e+000 -4.0561e-002
2433 +5.187800049e-001 +5.187800049e-001 +1.128780005e+000 +1.128780005e+000 +1.1686e+000 +1.8287e+000
2466 +5.055645296e-001 +5.055645296e-001 +1.115564530e+000 +1.115564530e+000 +1.1738e+000 +1.8275e+000
2488 +2.442078683e-001 +2.442078683e-001 +8.542078683e-001 +8.542078683e-001 +1.1370e+000 +1.8712e+000
% function evaluation | noise-free fitness - Fopt (-8.634400000000e+002) | best noise-free fitness - Fopt | measured fitness | best measured fitness | x1 | x2...
1 +3.697380330e+002 +3.697380330e+002 -4.937019670e+002 -4.937019670e+002 +0.0000e+000 +0.0000e+000
2 +2.520557252e+002 +2.520557252e+002 -6.113842748e+002 -6.113842748e+002 -7.4468e-001 +9.2517e-001
3 +2.367977168e+002 +2.367977168e+002 -6.266422832e+002 -6.266422832e+002 -5.3248e-001 +7.8812e-001
4 +1.592842116e+002 +1.592842116e+002 -7.041557884e+002 -7.041557884e+002 -3.9536e-001 +8.2292e-001
5 +6.932913818e+001 +6.932913818e+001 -7.941108618e+002 -7.941108618e+002 -6.0999e-001 +8.8395e-001
17 +6.910085762e+001 +6.910085762e+001 -7.943391424e+002 -7.943391424e+002 -5.7904e-001 +1.0093e+000
1543 +4.264220153e+000 +4.264220153e+000 -8.591757798e+002 -8.591757798e+002 -3.8270e+000 -3.3778e+000
1619 +2.861051826e+000 +2.861051826e+000 -8.605789482e+002 -8.605789482e+002 -4.3490e+000 -5.0167e+000
1660 +2.599679095e+000 +2.599679095e+000 -8.608403209e+002 -8.608403209e+002 -4.4006e+000 -5.0698e+000
1708 +1.876120040e+000 +1.876120040e+000 -8.615638800e+002 -8.615638800e+002 -4.3160e+000 -4.5488e+000
1736 +1.532411034e+000 +1.532411034e+000 -8.619075890e+002 -8.619075890e+002 -4.2380e+000 -4.2497e+000
% function evaluation | noise-free fitness - Fopt (1.318500000000e+002) | best noise-free fitness - Fopt | measured fitness | best measured fitness | x1 | x2...
1 +8.340934318e+000 +8.340934318e+000 +1.401909343e+002 +1.401909343e+002 +0.0000e+000 +0.0000e+000
1657 +3.655755303e+000 +3.655755303e+000 +1.355057553e+002 +1.355057553e+002 -6.4093e-001 -1.6836e+000
1718 +1.378966177e+000 +1.378966177e+000 +1.332289662e+002 +1.332289662e+002 -1.1065e-001 -1.5084e-001
1808 +1.229508025e+000 +1.229508025e+000 +1.330795080e+002 +1.330795080e+002 -1.3473e-001 -2.1425e-001
1875 +1.165370758e+000 +1.165370758e+000 +1.330153708e+002 +1.330153708e+002 +3.8362e-001 +1.1768e+000
