% function evaluation | noise-free fitness - Fopt (-1.694000000000e+01) | best noise-free fitness - Fopt | measured fitness | best measured fitness | x1 | x2...
1 +2.668714155e+01 +2.668714155e+01 +9.747141552e+00 +9.747141552e+00 +0.0000e+00 +0.0000e+00 +0.0000e+00 +0.0000e+00 +0.0000e+00
2 +2.093464732e+01 +2.093464732e+01 +3.994647322e+00 +3.994647322e+00 -4.7134e-01 +3.2588e-01 +1.1381e+00 +3.2752e-01 -1.5611e+00
5 +1.497755052e+01 +1.497755052e+01 -1.962449482e+00 -1.962449482e+00 -2.5764e-01 +3.0068e-01 +9.8490e-01 +5.5335e-02 -1.4703e+00
16 +1.423201604e+01 +1.423201604e+01 -2.707983964e+00 -2.707983964e+00 -3.1861e-01 +3.2143e-01 +9.6291e-01 +8.8993e-02 -1.5728e+00
19 +1.342382213e+01 +1.342382213e+01 -3.516177871e+00 -3.516177871e+00 -2.9940e-01 +5.6380e-01 +9.6031e-01 +6.2234e-03 -1.5675e+00
27 +1.292448709e+01 +1.292448709e+01 -4.015512908e+00 -4.015512908e+00 -8.3844e-02 +1.9730e-01 +9.9111e-01 +1.6819e-01 -1.3762e+00
28 +1.283311237e+01 +1.283311237e+01 -4.106887631e+00 -4.106887631e+00 -2.3358e-01 +3.6328e-01 +8.3273e-01 +1.4695e-02 -1.2805e+00
71 +1.063982220e+01 +1.063982220e+01 -6.300177803e+00 -6.300177803e+00 +7.0213e-02 +5.8925e-01 +7.3545e-01 -4.4944e-01 -1.5574e+00
125 +1.046265818e+01 +1.046265818e+01 -6.477341820e+00 -6.477341820e+00 +8.3163e-01 +6.6007e-01 +9.9615e-02 -8.9184e-01 -1.0784e+00
151 +9.869003954e+00 +9.869003954e+00 -7.070996046e+00 -7.070996046e+00 +3.6785e-01 +5.7114e-01 +5.2182e-01 -7.8302e-01 -1.1911e+00
163 +7.837521922e+00 +7.837521922e+00 -9.102478078e+00 -9.102478078e+00 +9.1137e-01 +6.9011e-01 +8.3085e-01 -8.0334e-01 -1.4650e+00
176 +6.753525461e+00 +6.753525461e+00 -1.018647454e+01 -1.018647454e+01 +8.3979e-01 +2.5087e-01 +2.1815e-01 -8.1902e-01 -1.4048e+00
235 +5.360047191e+00 +5.360047191e+00 -1.157995281e+01 -1.157995281e+01 +2.0653e+00 +1.1802e-01 -6.1161e-01 -9.3042e-01 -1.6983e+00
330 +4.934473165e+00 +4.934473165e+00 -1.200552684e+01 -1.200552684e+01 +2.0563e+00 -3.7655e-01 -3.2437e-01 -8.2332e-01 -1.1113e+00
371 +3.487401474e+00 +3.487401474e+00 -1.345259853e+01 -1.345259853e+01 +3.0340e+00 +4.4172e-01 -1.0398e+00 -1.9747e+00 -7.5560e-01
466 +3.157150660e+00 +3.157150660e+00 -1.378284934e+01 -1.378284934e+01 +3.0181e+00 -5.5598e-02 -1.8010e+00 -7.1946e-01 -1.0962e-01
501 +2.559580815e+00 +2.559580815e+00 -1.438041918e+01 -1.438041918e+01 +3.4176e+00 +4.6168e-01 -1.2403e+00 -1.2096e+00 -1.1936e-01
572 +2.333375811e+00 +2.333375811e+00 -1.460662419e+01 -1.460662419e+01 +3.0588e+00 +1.1037e+00 -1.6946e+00 -4.8954e-01 +8.9399e-01
576 +2.142678987e+00 +2.142678987e+00 -1.479732101e+01 -1.479732101e+01 +3.7687e+00 +1.6688e+00 -1.2470e+00 +2.7782e-01 +8.8993e-01
660 +1.281745666e+00 +1.281745666e+00 -1.565825433e+01 -1.565825433e+01 +3.8144e+00 +2.5303e+00 -1.0403e+00 +3.2091e-01 +1.2626e+00
778 +1.152240821e+00 +1.152240821e+00 -1.578775918e+01 -1.578775918e+01 +3.3148e+00 +3.2566e+00 -1.5221e+00 +1.0883e+00 +1.2660e+00
792 +8.620271185e-01 +8.620271185e-01 -1.607797288e+01 -1.607797288e+01 +3.8118e+00 +2.4327e+00 -1.2787e+00 +8.0311e-01 +1.3309e+00
856 +8.404166209e-01 +8.404166209e-01 -1.609958338e+01 -1.609958338e+01 +3.7220e+00 +2.4121e+00 -1.3563e+00 +8.3762e-01 +1.2792e+00
858 +7.341635857e-01 +7.341635857e-01 -1.620583641e+01 -1.620583641e+01 +3.9093e+00 +2.5078e+00 -1.5447e+00 +1.0894e+00 +1.3363e+00
880 +7.075049792e-01 +7.075049792e-01 -1.623249502e+01 -1.623249502e+01 +4.0374e+00 +2.6565e+00 -1.4256e+00 +1.3055e+00 +1.3872e+00
895 +5.798375465e-01 +5.798375465e-01 -1.636016245e+01 -1.636016245e+01 +3.9077e+00 +2.6815e+00 -1.4734e+00 +1.0881e+00 +1.2474e+00
907 +4.897064102e-01 +4.897064102e-01 -1.645029359e+01 -1.645029359e+01 +4.0954e+00 +2.8217e+00 -1.3538e+00 +1.1847e+00 +1.4122e+00
972 +4.785433307e-01 +4.785433307e-01 -1.646145667e+01 -1.646145667e+01 +3.4649e+00 +2.4863e+00 -1.4552e+00 +1.7131e+00 +1.5778e+00
1034 +4.318983060e-01 +4.318983060e-01 -1.650810169e+01 -1.650810169e+01 +3.4123e+00 +2.5207e+00 -1.6019e+00 +1.6733e+00 +1.4673e+00
1053 +3.505643284e-01 +3.505643284e-01 -1.658943567e+01 -1.658943567e+01 +3.6027e+00 +2.3818e+00 -1.7296e+00 +1.5849e+00 +1.3304e+00
1122 +3.365444152e-01 +3.365444152e-01 -1.660345558e+01 -1.660345558e+01 +3.6364e+00 +2.3526e+00 -1.5590e+00 +1.5824e+00 +1.5066e+00
1162 +2.236837454e-01 +2.236837454e-01 -1.671631625e+01 -1.671631625e+01 +3.6042e+00 +2.4984e+00 -1.6162e+00 +1.4159e+00 +1.4326e+00
1166 +2.008005623e-01 +2.008005623e-01 -1.673919944e+01 -1.673919944e+01 +3.6541e+00 +2.4769e+00 -1.6128e+00 +1.5135e+00 +1.4077e+00
1226 +1.615703793e-01 +1.615703793e-01 -1.677842962e+01 -1.677842962e+01 +3.5573e+00 +2.5388e+00 -1.6202e+00 +1.4781e+00 +1.4193e+00
1367 +4.801276712e-02 +4.801276712e-02 -1.689198723e+01 -1.689198723e+01 +3.6839e+00 +2.5907e+00 -1.5189e+00 +1.5053e+00 +1.4217e+00
1701 +3.977739187e-02 +3.977739187e-02 -1.690022261e+01 -1.690022261e+01 +3.7015e+00 +2.5892e+00 -1.5073e+00 +1.4364e+00 +1.4163e+00
1716 +3.087040521e-02 +3.087040521e-02 -1.690912959e+01 -1.690912959e+01 +3.6549e+00 +2.5495e+00 -1.5338e+00 +1.4796e+00 +1.3936e+00
1835 +2.836860671e-02 +2.836860671e-02 -1.691163139e+01 -1.691163139e+01 +3.6489e+00 +2.5661e+00 -1.5373e+00 +1.4723e+00 +1.3980e+00
1848 +2.429433874e-02 +2.429433874e-02 -1.691570566e+01 -1.691570566e+01 +3.6457e+00 +2.5464e+00 -1.5435e+00 +1.4753e+00 +1.4013e+00
1939 +2.300804555e-02 +2.300804555e-02 -1.691699195e+01 -1.691699195e+01 +3.6496e+00 +2.5504e+00 -1.5227e+00 +1.4701e+00 +1.3948e+00
1961 +2.158964912e-02 +2.158964912e-02 -1.691841035e+01 -1.691841035e+01 +3.6564e+00 +2.5504e+00 -1.5396e+00 +1.4737e+00 +1.3831e+00
1977 +1.990303671e-02 +1.990303671e-02 -1.692009696e+01 -1.692009696e+01 +3.6624e+00 +2.5520e+00 -1.5294e+00 +1.4669e+00 +1.4079e+00
1980 +1.412602074e-02 +1.412602074e-02 -1.692587398e+01 -1.692587398e+01 +3.6522e+00 +2.5490e+00 -1.5268e+00 +1.4733e+00 +1.4022e+00
1989 +5.364560709e-03 +5.364560709e-03 -1.693463544e+01 -1.693463544e+01 +3.6557e+00 +2.5480e+00 -1.5307e+00 +1.4728e+00 +1.3976e+00
2112 +3.664887570e-03 +3.664887570e-03 -1.693633511e+01 -1.693633511e+01 +3.6562e+00 +2.5505e+00 -1.5286e+00 +1.4713e+00 +1.3974e+00
2385 +3.388365143e-03 +3.388365143e-03 -1.693661163e+01 -1.693661163e+01 +3.6560e+00 +2.5506e+00 -1.5291e+00 +1.4683e+00 +1.3960e+00
2442 +2.541111451e-03 +2.541111451e-03 -1.693745889e+01 -1.693745889e+01 +3.6559e+00 +2.5502e+00 -1.5290e+00 +1.4683e+00 +1.3954e+00
2464 +1.086160980e-03 +1.086160980e-03 -1.693891384e+01 -1.693891384e+01 +3.6556e+00 +2.5489e+00 -1.5294e+00 +1.4689e+00 +1.3957e+00
2574 +1.023541913e-03 +1.023541913e-03 -1.693897646e+01 -1.693897646e+01 +3.6566e+00 +2.5500e+00 -1.5290e+00 +1.4688e+00 +1.3960e+00
2596 +9.471913501e-04 +9.471913501e-04 -1.693905281e+01 -1.693905281e+01 +3.6568e+00 +2.5504e+00 -1.5289e+00 +1.4690e+00 +1.3962e+00
2774 +5.459722387e-04 +5.459722387e-04 -1.693945403e+01 -1.693945403e+01 +3.6565e+00 +2.5503e+00 -1.5294e+00 +1.4691e+00 +1.3962e+00
2884 +4.156452633e-04 +4.156452633e-04 -1.693958435e+01 -1.693958435e+01 +3.6566e+00 +2.5501e+00 -1.5294e+00 +1.4691e+00 +1.3962e+00
2891 +3.926416438e-04 +3.926416438e-04 -1.693960736e+01 -1.693960736e+01 +3.6562e+00 +2.5498e+00 -1.5296e+00 +1.4693e+00 +1.3961e+00
3029 +3.730481321e-04 +3.730481321e-04 -1.693962695e+01 -1.693962695e+01 +3.6564e+00 +2.5502e+00 -1.5292e+00 +1.4692e+00 +1.3962e+00
3080 +3.621444000e-04 +3.621444000e-04 -1.693963786e+01 -1.693963786e+01 +3.6566e+00 +2.5502e+00 -1.5292e+00 +1.4692e+00 +1.3962e+00
3107 +3.382230509e-04 +3.382230509e-04 -1.693966178e+01 -1.693966178e+01 +3.6565e+00 +2.5502e+00 -1.5292e+00 +1.4691e+00 +1.3962e+00
3212 +2.378844249e-04 +2.378844249e-04 -1.693976212e+01 -1.693976212e+01 +3.6565e+00 +2.5502e+00 -1.5292e+00 +1.4691e+00 +1.3962e+00
3377 +2.175633670e-04 +2.175633670e-04 -1.693978244e+01 -1.693978244e+01 +3.6565e+00 +2.5501e+00 -1.5292e+00 +1.4692e+00 +1.3962e+00
3428 +1.483861470e-04 +1.483861470e-04 -1.693985161e+01 -1.693985161e+01 +3.6565e+00 +2.5501e+00 -1.5292e+00 +1.4692e+00 +1.3962e+00
3558 +1.465073675e-04 +1.465073675e-04 -1.693985349e+01 -1.693985349e+01 +3.6565e+00 +2.5501e+00 -1.5293e+00 +1.4692e+00 +1.3962e+00
3694 +1.408103646e-04 +1.408103646e-04 -1.693985919e+01 -1.693985919e+01 +3.6565e+00 +2.5501e+00 -1.5292e+00 +1.4692e+00 +1.3962e+00
3696 +1.376415828e-04 +1.376415828e-04 -1.693986236e+01 -1.693986236e+01 +3.6565e+00 +2.5501e+00 -1.5292e+00 +1.4692e+00 +1.3962e+00
3716 +1.343475964e-04 +1.343475964e-04 -1.693986565e+01 -1.693986565e+01 +3.6565e+00 +2.5501e+00 -1.5292e+00 +1.4692e+00 +1.3962e+00
3869 +1.074884066e-04 +1.074884066e-04 -1.693989251e+01 -1.693989251e+01 +3.6565e+00 +2.5501e+00 -1.5292e+00 +1.4692e+00 +1.3962e+00
3870 +1.069798063e-04 +1.069798063e-04 -1.693989302e+01 -1.693989302e+01 +3.6566e+00 +2.5501e+00 -1.5292e+00 +1.4692e+00 +1.3962e+00
4356 +1.025639935e-04 +1.025639935e-04 -1.693989744e+01 -1.693989744e+01 +3.6566e+00 +2.5501e+00 -1.5292e+00 +1.4692e+00 +1.3962e+00
4532 +9.816872844e-05 +9.816872844e-05 -1.693990183e+01 -1.693990183e+01 +3.6566e+00 +2.5501e+00 -1.5292e+00 +1.4692e+00 +1.3962e+00
4970 +9.128433472e-05 +9.128433472e-05 -1.693990872e+01 -1.693990872e+01 +3.6566e+00 +2.5501e+00 -1.5292e+00 +1.4692e+00 +1.3962e+00
5201 +9.096325425e-05 +9.096325425e-05 -1.693990904e+01 -1.693990904e+01 +3.6566e+00 +2.5501e+00 -1.5292e+00 +1.4692e+00 +1.3962e+00
5434 +8.685613010e-05 +8.685613010e-05 -1.693991314e+01 -1.693991314e+01 +3.6566e+00 +2.5501e+00 -1.5292e+00 +1.4692e+00 +1.3962e+00
6204 +8.494695675e-05 +8.494695675e-05 -1.693991505e+01 -1.693991505e+01 +3.6566e+00 +2.5501e+00 -1.5292e+00 +1.4692e+00 +1.3962e+00
% function evaluation | noise-free fitness - Fopt (1.881000000000e+01) | best noise-free fitness - Fopt | measured fitness | best measured fitness | x1 | x2...
1 +7.554084938e+00 +7.554084938e+00 +2.636408494e+01 +2.636408494e+01 +0.0000e+00 +0.0000e+00 +0.0000e+00 +0.0000e+00 +0.0000e+00
168 +7.183932191e+00 +7.183932191e+00 +2.599393219e+01 +2.599393219e+01 +4.8166e-01 -5.8729e-01 +3.2785e+00 +3.0106e+00 -1.7107e-01
187 +6.778938341e+00 +6.778938341e+00 +2.558893834e+01 +2.558893834e+01 +2.4282e-01 -6.8482e-01 +3.0114e+00 +3.2273e+00 +5.2614e-01
190 +5.406326124e+00 +5.406326124e+00 +2.421632612e+01 +2.421632612e+01 +8.0397e-01 +4.4052e-01 +3.4970e+00 +2.7854e+00 +7.6287e-01
239 +4.347428549e+00 +4.347428549e+00 +2.315742855e+01 +2.315742855e+01 +7.8867e-01 +3.9022e-01 +1.5912e+00 +1.6197e+00 +1.4110e-01
308 +2.526218251e+00 +2.526218251e+00 +2.133621825e+01 +2.133621825e+01 +2.2061e-01 +2.5084e+00 -2.9690e-01 +2.4638e+00 +3.9772e-01
385 +1.595999533e+00 +1.595999533e+00 +2.040599953e+01 +2.040599953e+01 -3.4067e-01 +1.4027e+00 -8.7105e-01 +3.9930e-01 +4.8448e-01
493 +9.555919407e-01 +9.555919407e-01 +1.976559194e+01 +1.976559194e+01 -5.0752e-01 +2.0349e+00 -1.0187e+00 +7.4051e-01 +1.0357e+00
562 +5.993995953e-01 +5.993995953e-01 +1.940939960e+01 +1.940939960e+01 -2.9859e-01 +2.0057e+00 -1.0607e+00 +2.3839e-01 +1.3196e+00
660 +5.598218627e-01 +5.598218627e-01 +1.936982186e+01 +1.936982186e+01 -8.7432e-02 +1.7898e+00 -9.9984e-01 +1.5209e-01 +1.7303e+00
704 +3.250039959e-01 +3.250039959e-01 +1.913500400e+01 +1.913500400e+01 -2.7038e-02 +1.5943e+00 -6.8864e-01 +4.8105e-02 +1.6906e+00
852 +2.403213727e-01 +2.403213727e-01 +1.905032137e+01 +1.905032137e+01 -1.3295e-01 +1.7834e+00 -9.2192e-01 -1.8672e-01 +1.7615e+00
990 +1.845494687e-01 +1.845494687e-01 +1.899454947e+01 +1.899454947e+01 -1.4479e-01 +1.6288e+00 -6.8373e-01 -1.5881e-01 +1.8136e+00
1074 +1.588004146e-01 +1.588004146e-01 +1.896880041e+01 +1.896880041e+01 -2.0478e-01 +1.8797e+00 -9.5782e-01 -1.4065e-01 +1.6486e+00
1110 +1.295212283e-01 +1.295212283e-01 +1.893952123e+01 +1.893952123e+01 -1.6661e-01 +1.6743e+00 -7.8146e-01 -2.5736e-01 +1.8334e+00
1263 +9.928041880e-02 +9.928041880e-02 +1.890928042e+01 +1.890928042e+01 -1.5396e-01 +1.6885e+00 -7.9376e-01 -2.0082e-01 +1.8641e+00
1444 +8.509295720e-02 +8.509295720e-02 +1.889509296e+01 +1.889509296e+01 -1.4469e-01 +1.6596e+00 -7.8033e-01 -2.0074e-01 +1.8226e+00
1452 +7.251159465e-02 +7.251159465e-02 +1.888251159e+01 +1.888251159e+01 -1.5832e-01 +1.6741e+00 -7.7660e-01 -2.1214e-01 +1.8294e+00
1562 +5.503653821e-02 +5.503653821e-02 +1.886503654e+01 +1.886503654e+01 -1.4555e-01 +1.6701e+00 -7.8785e-01 -1.9782e-01 +1.8294e+00
1870 +4.858983555e-02 +4.858983555e-02 +1.885858984e+01 +1.885858984e+01 -1.4389e-01 +1.7078e+00 -7.8421e-01 -2.1147e-01 +1.8397e+00
1905 +4.558546542e-02 +4.558546542e-02 +1.885558547e+01 +1.885558547e+01 -1.5014e-01 +1.6893e+00 -7.8787e-01 -2.1046e-01 +1.8391e+00
2099 +3.793592488e-02 +3.793592488e-02 +1.884793592e+01 +1.884793592e+01 -1.5005e-01 +1.6682e+00 -7.9261e-01 -2.1158e-01 +1.8307e+00
2244 +3.654248079e-02 +3.654248079e-02 +1.884654248e+01 +1.884654248e+01 -1.5532e-01 +1.6695e+00 -7.9718e-01 -2.1258e-01 +1.8263e+00
2255 +2.427813777e-02 +2.427813777e-02 +1.883427814e+01 +1.883427814e+01 -1.5585e-01 +1.6691e+00 -7.9322e-01 -2.0715e-01 +1.8230e+00
2376 +2.395103182e-02 +2.395103182e-02 +1.883395103e+01 +1.883395103e+01 -1.5416e-01 +1.6660e+00 -7.9266e-01 -2.1164e-01 +1.8276e+00
2640 +2.323967523e-02 +2.323967523e-02 +1.883323968e+01 +1.883323968e+01 -1.5403e-01 +1.6635e+00 -7.9209e-01 -2.1414e-01 +1.8289e+00
2684 +2.159742676e-02 +2.159742676e-02 +1.883159743e+01 +1.883159743e+01 -1.5455e-01 +1.6631e+00 -7.9230e-01 -2.1449e-01 +1.8288e+00
2750 +1.841876028e-02 +1.841876028e-02 +1.882841876e+01 +1.882841876e+01 -1.5469e-01 +1.6641e+00 -7.9242e-01 -2.1385e-01 +1.8289e+00
3371 +1.643682942e-02 +1.643682942e-02 +1.882643683e+01 +1.882643683e+01 -1.5460e-01 +1.6640e+00 -7.9241e-01 -2.1379e-01 +1.8287e+00
4246 +1.614332059e-02 +1.614332059e-02 +1.882614332e+01 +1.882614332e+01 -1.5460e-01 +1.6641e+00 -7.9242e-01 -2.1376e-01 +1.8287e+00
4349 +1.580960983e-02 +1.580960983e-02 +1.882580961e+01 +1.882580961e+01 -1.5459e-01 +1.6641e+00 -7.9243e-01 -2.1377e-01 +1.8287e+00
5408 +1.546686144e-02 +1.546686144e-02 +1.882546686e+01 +1.882546686e+01 -1.5460e-01 +1.6641e+00 -7.9243e-01 -2.1373e-01 +1.8287e+00
% function evaluation | noise-free fitness - Fopt (2.731500000000e+02) | best noise-free fitness - Fopt | measured fitness | best measured fitness | x1 | x2...
1 +1.688902988e+01 +1.688902988e+01 +2.900390299e+02 +2.900390299e+02 +0.0000e+00 +0.0000e+00 +0.0000e+00 +0.0000e+00 +0.0000e+00
2 +1.306338821e+01 +1.306338821e+01 +2.862133882e+02 +2.862133882e+02 -2.2701e+00 +7.0314e-01 -5.0823e+00 +1.3215e-01 +4.6277e+00
25 +1.282636907e+01 +1.282636907e+01 +2.859763691e+02 +2.859763691e+02 -2.1998e+00 +7.0673e-01 -4.9885e+00 +3.6625e-01 +4.7473e+00
41 +1.176968624e+01 +1.176968624e+01 +2.849196862e+02 +2.849196862e+02 -2.1084e+00 +7.8238e-01 -5.2175e+00 +1.5225e-01 +4.4351e+00
66 +1.100850288e+01 +1.100850288e+01 +2.841585029e+02 +2.841585029e+02 -2.1689e+00 +8.1204e-01 -5.1444e+00 +1.6305e-01 +4.5183e+00
92 +1.079906609e+01 +1.079906609e+01 +2.839490661e+02 +2.839490661e+02 -2.0820e+00 +7.0055e-01 -5.0029e+00 +4.8537e-01 +4.4701e+00
264 +1.071399461e+01 +1.071399461e+01 +2.838639946e+02 +2.838639946e+02 -2.1446e+00 +7.9463e-01 -5.1660e+00 +1.0574e-01 +4.4846e+00
307 +1.039823614e+01 +1.039823614e+01 +2.835482361e+02 +2.835482361e+02 -2.1495e+00 +8.2460e-01 -5.1193e+00 -1.9708e-02 +4.3907e+00
396 +1.023094044e+01 +1.023094044e+01 +2.833809404e+02 +2.833809404e+02 -2.1087e+00 +8.1099e-01 -5.1153e+00 -4.7516e-02 +4.3998e+00
452 +9.797804319e+00 +9.797804319e+00 +2.829478043e+02 +2.829478043e+02 -2.1796e+00 +7.7460e-01 -5.0398e+00 -1.9220e-01 +4.3756e+00
454 +9.668250560e+00 +9.668250560e+00 +2.828182506e+02 +2.828182506e+02 -2.2381e+00 +7.8674e-01 -5.0299e+00 -2.2838e-01 +4.2964e+00
638 +9.541413626e+00 +9.541413626e+00 +2.826914136e+02 +2.826914136e+02 -2.1310e+00 +7.8327e-01 -5.0061e+00 -3.0828e-01 +4.3106e+00
942 +9.326674379e+00 +9.326674379e+00 +2.824766744e+02 +2.824766744e+02 -2.1767e+00 +7.8799e-01 -4.9910e+00 -3.6867e-01 +4.2531e+00
1333 +9.105468207e+00 +9.105468207e+00 +2.822554682e+02 +2.822554682e+02 -2.1877e+00 +8.2066e-01 -4.9365e+00 -4.4071e-01 +4.2006e+00
1639 +8.902521594e+00 +8.902521594e+00 +2.820525216e+02 +2.820525216e+02 -2.2231e+00 +8.3627e-01 -4.8855e+00 -5.5363e-01 +4.1094e+00
3510 +8.709531203e+00 +8.709531203e+00 +2.818595312e+02 +2.818595312e+02 -2.2708e+00 +8.5156e-01 -4.8001e+00 -7.5976e-01 +3.9482e+00
% function evaluation | noise-free fitness - Fopt (3.718000000000e+01) | best noise-free fitness - Fopt | measured fitness | best measured fitness | x1 | x2...
1 +3.440707979e+01 +3.440707979e+01 +7.158707979e+01 +7.158707979e+01 +0.0000e+00 +0.0000e+00 +0.0000e+00 +0.0000e+00 +0.0000e+00
7 +2.704939858e+01 +2.704939858e+01 +6.422939858e+01 +6.422939858e+01 -3.0323e+00 +2.3636e+00 -1.4070e+00 +2.8366e+00 +6.9080e-01
13 +2.625904025e+01 +2.625904025e+01 +6.343904025e+01 +6.343904025e+01 -2.9496e+00 +2.3290e+00 -1.3050e+00 +2.7663e+00 +7.2724e-01
16 +2.554409180e+01 +2.554409180e+01 +6.272409180e+01 +6.272409180e+01 -3.0516e+00 +2.4727e+00 -1.4908e+00 +2.5020e+00 +7.5185e-01
24 +2.504346636e+01 +2.504346636e+01 +6.222346636e+01 +6.222346636e+01 -3.1713e+00 +2.3604e+00 -1.3820e+00 +2.8011e+00 +7.5043e-01
41 +2.422079971e+01 +2.422079971e+01 +6.140079971e+01 +6.140079971e+01 -3.1511e+00 +2.5118e+00 -1.3487e+00 +2.7828e+00 +7.9762e-01
78 +2.349784978e+01 +2.349784978e+01 +6.067784978e+01 +6.067784978e+01 -2.9924e+00 +2.4790e+00 -1.3608e+00 +2.6391e+00 +8.0810e-01
119 +2.310380438e+01 +2.310380438e+01 +6.028380438e+01 +6.028380438e+01 -3.0962e+00 +2.4379e+00 -1.3182e+00 +2.6378e+00 +8.7847e-01
215 +2.276718757e+01 +2.276718757e+01 +5.994718757e+01 +5.994718757e+01 -3.1678e+00 +2.5377e+00 -1.3984e+00 +2.6099e+00 +8.0312e-01
493 +2.234613402e+01 +2.234613402e+01 +5.952613402e+01 +5.952613402e+01 -3.1780e+00 +2.5380e+00 -1.4230e+00 +2.6021e+00 +8.0395e-01
888 +2.186983099e+01 +2.186983099e+01 +5.904983099e+01 +5.904983099e+01 -3.1282e+00 +2.5619e+00 -1.4542e+00 +2.5088e+00 +7.7137e-01
1015 +2.131021369e+01 +2.131021369e+01 +5.849021369e+01 +5.849021369e+01 -3.1332e+00 +2.6288e+00 -1.4867e+00 +2.4212e+00 +7.4886e-01
1076 +2.045680230e+01 +2.045680230e+01 +5.763680230e+01 +5.763680230e+01 -3.0773e+00 +2.6168e+00 -1.5061e+00 +2.1691e+00 +7.6813e-01
1102 +2.033496622e+01 +2.033496622e+01 +5.751496622e+01 +5.751496622e+01 -3.0736e+00 +2.6905e+00 -1.5116e+00 +2.1138e+00 +7.3386e-01
1210 +1.991577581e+01 +1.991577581e+01 +5.709577581e+01 +5.709577581e+01 -3.0636e+00 +2.6548e+00 -1.5248e+00 +2.0157e+00 +7.5801e-01
1254 +1.938694553e+01 +1.938694553e+01 +5.656694553e+01 +5.656694553e+01 -2.9432e+00 +2.6661e+00 -1.4881e+00 +1.9345e+00 +7.6610e-01
1317 +1.880488588e+01 +1.880488588e+01 +5.598488588e+01 +5.598488588e+01 -2.8365e+00 +2.7289e+00 -1.5167e+00 +1.7050e+00 +7.5040e-01
1349 +1.856523267e+01 +1.856523267e+01 +5.574523267e+01 +5.574523267e+01 -2.7648e+00 +2.6978e+00 -1.4662e+00 +1.6883e+00 +7.5315e-01
1571 +1.814347268e+01 +1.814347268e+01 +5.532347268e+01 +5.532347268e+01 -2.6717e+00 +2.6527e+00 -1.5031e+00 +1.4615e+00 +6.9716e-01
1592 +1.760047250e+01 +1.760047250e+01 +5.478047250e+01 +5.478047250e+01 -2.4832e+00 +2.5704e+00 -1.4514e+00 +1.4240e+00 +6.8970e-01
1631 +1.728652255e+01 +1.728652255e+01 +5.446652255e+01 +5.446652255e+01 -2.5119e+00 +2.6585e+00 -1.5051e+00 +1.3640e+00 +6.6328e-01
% function evaluation | noise-free fitness - Fopt (-1.479000000000e+02) | best noise-free fitness - Fopt | measured fitness | best measured fitness | x1 | x2...
1 +1.645177782e+01 +1.645177782e+01 -1.314482222e+02 -1.314482222e+02 +0.0000e+00 +0.0000e+00 +0.0000e+00 +0.0000e+00 +0.0000e+00
2 +6.596395433e+00 +6.596395433e+00 -1.413036046e+02 -1.413036046e+02 +1.1499e-01 -1.8316e+00 +9.7825e-01 -6.1121e-01 -3.1596e+00
3 +4.782004042e+00 +4.782004042e+00 -1.431179960e+02 -1.431179960e+02 -3.6379e-03 -1.7069e+00 +1.1083e+00 -8.9991e-01 -3.0972e+00
38 +4.264923233e+00 +4.264923233e+00 -1.436350768e+02 -1.436350768e+02 -1.0258e-01 -1.6029e+00 +1.1159e+00 -6.8469e-01 -2.9459e+00
47 +3.864223272e+00 +3.864223272e+00 -1.440357767e+02 -1.440357767e+02 +1.2730e-01 -1.4061e+00 +1.1911e+00 -6.5597e-01 -3.2367e+00
94 +3.751203496e+00 +3.751203496e+00 -1.441487965e+02 -1.441487965e+02 +9.9207e-04 -1.2109e+00 +9.6915e-01 -6.3111e-01 -3.0801e+00
96 +3.708852584e+00 +3.708852584e+00 -1.441911474e+02 -1.441911474e+02 +9.9528e-02 -1.3973e+00 +1.2198e+00 -6.4153e-01 -3.0691e+00
174 +3.406682018e+00 +3.406682018e+00 -1.444933180e+02 -1.444933180e+02 +1.1997e-01 -1.3352e+00 +1.2121e+00 -6.4331e-01 -2.8345e+00
281 +3.310786108e+00 +3.310786108e+00 -1.445892139e+02 -1.445892139e+02 +1.5450e-01 -1.4128e+00 +1.1529e+00 -7.8566e-01 -3.0651e+00
349 +3.174632462e+00 +3.174632462e+00 -1.447253675e+02 -1.447253675e+02 +1.4451e-01 -1.5157e+00 +1.0586e+00 -9.5796e-01 -3.0080e+00
352 +3.074264992e+00 +3.074264992e+00 -1.448257350e+02 -1.448257350e+02 +1.6799e-01 -1.4895e+00 +1.1200e+00 -8.7166e-01 -3.0361e+00
521 +3.019853984e+00 +3.019853984e+00 -1.448801460e+02 -1.448801460e+02 +1.8442e-01 -1.4787e+00 +1.0943e+00 -8.5981e-01 -3.0696e+00
% function evaluation | noise-free fitness - Fopt (-6.080000000000e+00) | best noise-free fitness - Fopt | measured fitness | best measured fitness | x1 | x2...
1 +1.713456521e+01 +1.713456521e+01 +1.105456521e+01 +1.105456521e+01 +0.0000e+00 +0.0000e+00 +0.0000e+00 +0.0000e+00 +0.0000e+00
2 +1.360137683e+01 +1.360137683e+01 +7.521376829e+00 +7.521376829e+00 +2.0275e-01 +2.0480e+00 +4.6781e-01 +5.5656e-01 +8.6239e-01
4 +1.183208677e+01 +1.183208677e+01 +5.752086770e+00 +5.752086770e+00 +8.1780e-02 +1.8859e+00 +3.0958e-01 +3.4241e-01 +6.6067e-01
5 +8.300051306e+00 +8.300051306e+00 +2.220051306e+00 +2.220051306e+00 +1.3195e-01 +2.0533e+00 +2.3496e-01 +2.1606e-01 +5.6916e-01
48 +7.374296033e+00 +7.374296033e+00 +1.294296033e+00 +1.294296033e+00 +2.9900e-01 +2.1774e+00 +3.2108e-01 +5.4881e-01 +8.5699e-01
242 +7.145044683e+00 +7.145044683e+00 +1.065044683e+00 +1.065044683e+00 +7.6048e-02 +2.0981e+00 +2.4321e-01 +5.1184e-02 +7.2450e-01
314 +6.934340960e+00 +6.934340960e+00 +8.543409600e-01 +8.543409600e-01 +1.0172e-01 +2.0984e+00 +2.3657e-01 -7.5715e-02 +7.0200e-01
321 +6.735042425e+00 +6.735042425e+00 +6.550424246e-01 +6.550424246e-01 +1.2498e-01 +2.0881e+00 +2.2312e-01 -7.5590e-02 +7.0609e-01
464 +6.538043345e+00 +6.538043345e+00 +4.580433452e-01 +4.580433452e-01 +1.2253e-01 +2.1493e+00 +2.1020e-01 -1.5316e-01 +6.5585e-01
506 +6.416979618e+00 +6.416979618e+00 +3.369796176e-01 +3.369796176e-01 +1.1972e-01 +2.1483e+00 +1.9956e-01 -9.6069e-02 +6.5159e-01
528 +6.308919255e+00 +6.308919255e+00 +2.289192548e-01 +2.289192548e-01 +1.2038e-01 +2.1651e+00 +1.9400e-01 -1.3144e-01 +6.3770e-01
572 +6.147141099e+00 +6.147141099e+00 +6.714109862e-02 +6.714109862e-02 +1.1872e-01 +2.1941e+00 +1.7329e-01 -1.8424e-01 +6.5476e-01
616 +6.015786547e+00 +6.015786547e+00 -6.421345264e-02 -6.421345264e-02 +9.9187e-02 +2.2168e+00 +1.7206e-01 -2.2095e-01 +6.5460e-01
682 +5.874727507e+00 +5.874727507e+00 -2.052724933e-01 -2.052724933e-01 +1.0666e-01 +2.2550e+00 +1.4404e-01 -2.7852e-01 +6.3229e-01
814 +5.753370347e+00 +5.753370347e+00 -3.266296531e-01 -3.266296531e-01 +9.3027e-02 +2.3051e+00 +1.3482e-01 -2.7764e-01 +6.1120e-01
% function evaluation | noise-free fitness - Fopt (2.431100000000e+02) | best noise-free fitness - Fopt | measured fitness | best measured fitness | x1 | x2...
1 +3.418878053e+01 +3.418878053e+01 +2.772987805e+02 +2.772987805e+02 +0.0000e+00 +0.0000e+00 +0.0000e+00 +0.0000e+00 +0.0000e+00
2 +2.569522121e+01 +2.569522121e+01 +2.688052212e+02 +2.688052212e+02 -7.4479e-01 -5.9117e+00 -1.7068e+00 -6.0479e-01 -1.2893e+00
3 +2.492021120e+01 +2.492021120e+01 +2.680302112e+02 +2.680302112e+02 -6.4497e-01 -5.8454e+00 -1.8141e+00 -3.8495e-01 -1.2744e+00
7 +1.802741458e+01 +1.802741458e+01 +2.611374146e+02 +2.611374146e+02 -7.1589e-01 -5.6213e+00 -1.7283e+00 -2.8848e-01 -1.2125e+00
15 +1.734904233e+01 +1.734904233e+01 +2.604590423e+02 +2.604590423e+02 -6.6048e-01 -5.6955e+00 -1.6930e+00 -4.8113e-01 -1.0207e+00
20 +1.645765643e+01 +1.645765643e+01 +2.595676564e+02 +2.595676564e+02 -7.4666e-01 -5.6874e+00 -1.7659e+00 -4.5150e-01 -1.1132e+00
25 +1.072166950e+01 +1.072166950e+01 +2.538316695e+02 +2.538316695e+02 -7.9031e-01 -5.5554e+00 -1.6895e+00 -6.0705e-01 -1.1330e+00
35 +1.023467319e+01 +1.023467319e+01 +2.533446732e+02 +2.533446732e+02 -8.5710e-01 -5.5376e+00 -1.7199e+00 -6.5060e-01 -1.1842e+00
41 +9.807522368e+00 +9.807522368e+00 +2.529175224e+02 +2.529175224e+02 -8.3324e-01 -5.5193e+00 -1.7744e+00 -6.3381e-01 -1.1893e+00
51 +8.258287559e+00 +8.258287559e+00 +2.513682876e+02 +2.513682876e+02 -6.2735e-01 -5.3173e+00 -1.7002e+00 -3.0069e-01 -9.1270e-01
93 +7.688314380e+00 +7.688314380e+00 +2.507983144e+02 +2.507983144e+02 -8.0217e-01 -5.0360e+00 -1.7137e+00 +1.3241e-01 -1.1760e+00
115 +6.897811998e+00 +6.897811998e+00 +2.500078120e+02 +2.500078120e+02 -2.9655e-01 -4.5923e+00 -1.6311e+00 +5.3756e-01 -1.0908e+00
137 +5.193299391e+00 +5.193299391e+00 +2.483032994e+02 +2.483032994e+02 -4.9942e-01 -4.2925e+00 -1.9540e+00 +3.3530e-01 -1.1369e+00
141 +4.449999338e+00 +4.449999338e+00 +2.475599993e+02 +2.475599993e+02 -7.3810e-01 -4.4333e+00 -1.5473e+00 +5.8229e-01 -1.3149e+00
228 +3.973447972e+00 +3.973447972e+00 +2.470834480e+02 +2.470834480e+02 -7.6463e-01 -2.7731e+00 -1.4777e+00 -1.5177e+00 -1.2343e+00
270 +3.596089841e+00 +3.596089841e+00 +2.467060898e+02 +2.467060898e+02 -9.6273e-01 -2.7665e+00 -1.0246e+00 -1.3937e+00 -1.2448e+00
329 +2.298059685e+00 +2.298059685e+00 +2.454080597e+02 +2.454080597e+02 -1.6740e+00 -1.7870e+00 -4.5767e-01 -1.4593e+00 -1.0388e+00
374 +1.739344043e+00 +1.739344043e+00 +2.448493440e+02 +2.448493440e+02 -1.7216e+00 -2.0518e+00 -3.7234e-01 -8.4008e-01 -1.2701e+00
431 +1.650442524e+00 +1.650442524e+00 +2.447604425e+02 +2.447604425e+02 -2.0968e+00 -1.7794e+00 +4.2542e-01 -8.1148e-01 -1.0706e+00
467 +1.537424780e+00 +1.537424780e+00 +2.446474248e+02 +2.446474248e+02 -3.0507e+00 -1.3094e+00 -2.3675e-01 -4.2442e-01 -7.7955e-01
484 +8.673084082e-01 +8.673084082e-01 +2.439773084e+02 +2.439773084e+02 -2.8946e+00 -1.4595e+00 -3.4850e-02 -1.3970e+00 -1.1690e+00
725 +6.664032174e-01 +6.664032174e-01 +2.437764032e+02 +2.437764032e+02 -4.0608e+00 -1.3469e+00 -5.3864e-01 -1.5003e+00 -1.5221e+00
809 +6.325541225e-01 +6.325541225e-01 +2.437425541e+02 +2.437425541e+02 -3.5824e+00 -1.6565e+00 -5.7877e-01 -1.6823e+00 -1.8343e+00
827 +5.759034012e-01 +5.759034012e-01 +2.436859034e+02 +2.436859034e+02 -3.1614e+00 -1.5087e+00 -6.4492e-01 -1.5587e+00 -1.5026e+00
834 +5.131074883e-01 +5.131074883e-01 +2.436231075e+02 +2.436231075e+02 -3.7232e+00 -1.2612e+00 -5.7897e-01 -1.5673e+00 -1.6911e+00
880 +3.931137459e-01 +3.931137459e-01 +2.435031137e+02 +2.435031137e+02 -3.7957e+00 -1.3481e+00 -6.6099e-01 -1.5781e+00 -1.6179e+00
1033 +3.253314621e-01 +3.253314621e-01 +2.434353315e+02 +2.434353315e+02 -3.7614e+00 -1.3222e+00 -6.3858e-01 -1.5233e+00 -1.4976e+00
1041 +3.138371475e-01 +3.138371475e-01 +2.434238371e+02 +2.434238371e+02 -3.7889e+00 -1.3492e+00 -6.5525e-01 -1.4909e+00 -1.5801e+00
1087 +1.518258341e-01 +1.518258341e-01 +2.432618258e+02 +2.432618258e+02 -3.7499e+00 -1.3927e+00 -6.3438e-01 -1.5022e+00 -1.4906e+00
1185 +9.525707029e-02 +9.525707029e-02 +2.432052571e+02 +2.432052571e+02 -3.7953e+00 -1.4328e+00 -5.8827e-01 -1.5551e+00 -1.5257e+00
1202 +6.520347991e-02 +6.520347991e-02 +2.431752035e+02 +2.431752035e+02 -3.8053e+00 -1.4469e+00 -6.4903e-01 -1.5256e+00 -1.5308e+00
1342 +3.509502832e-02 +3.509502832e-02 +2.431450950e+02 +2.431450950e+02 -3.7525e+00 -1.4276e+00 -6.3972e-01 -1.5403e+00 -1.5383e+00
1518 +2.783084819e-02 +2.783084819e-02 +2.431378308e+02 +2.431378308e+02 -3.7660e+00 -1.4367e+00 -6.4975e-01 -1.5522e+00 -1.5375e+00
1584 +2.307458866e-02 +2.307458866e-02 +2.431330746e+02 +2.431330746e+02 -3.7506e+00 -1.4412e+00 -6.3443e-01 -1.5396e+00 -1.5410e+00
1645 +2.102690710e-02 +2.102690710e-02 +2.431310269e+02 +2.431310269e+02 -3.7293e+00 -1.4481e+00 -6.2532e-01 -1.5342e+00 -1.5344e+00
1672 +1.952770166e-02 +1.952770166e-02 +2.431295277e+02 +2.431295277e+02 -3.7500e+00 -1.4416e+00 -6.2668e-01 -1.5392e+00 -1.5408e+00
1688 +1.479241369e-02 +1.479241369e-02 +2.431247924e+02 +2.431247924e+02 -3.7606e+00 -1.4407e+00 -6.3156e-01 -1.5369e+00 -1.5471e+00
1796 +1.412291363e-02 +1.412291363e-02 +2.431241229e+02 +2.431241229e+02 -3.7627e+00 -1.4502e+00 -6.3618e-01 -1.5451e+00 -1.5340e+00
1801 +1.247243012e-02 +1.247243012e-02 +2.431224724e+02 +2.431224724e+02 -3.7591e+00 -1.4461e+00 -6.4024e-01 -1.5503e+00 -1.5365e+00
1804 +6.452225266e-03 +6.452225266e-03 +2.431164522e+02 +2.431164522e+02 -3.7607e+00 -1.4448e+00 -6.3746e-01 -1.5465e+00 -1.5393e+00
1848 +5.733687436e-03 +5.733687436e-03 +2.431157337e+02 +2.431157337e+02 -3.7599e+00 -1.4447e+00 -6.3756e-01 -1.5452e+00 -1.5424e+00
1914 +5.306996913e-03 +5.306996913e-03 +2.431153070e+02 +2.431153070e+02 -3.7570e+00 -1.4435e+00 -6.3591e-01 -1.5447e+00 -1.5401e+00
2090 +4.355305519e-03 +4.355305519e-03 +2.431143553e+02 +2.431143553e+02 -3.7632e+00 -1.4446e+00 -6.3781e-01 -1.5471e+00 -1.5431e+00
2104 +3.191468375e-03 +3.191468375e-03 +2.431131915e+02 +2.431131915e+02 -3.7660e+00 -1.4432e+00 -6.3907e-01 -1.5476e+00 -1.5395e+00
2178 +2.341917004e-03 +2.341917004e-03 +2.431123419e+02 +2.431123419e+02 -3.7657e+00 -1.4455e+00 -6.3994e-01 -1.5480e+00 -1.5436e+00
2276 +1.987709130e-03 +1.987709130e-03 +2.431119877e+02 +2.431119877e+02 -3.7661e+00 -1.4446e+00 -6.3982e-01 -1.5482e+00 -1.5424e+00
2297 +1.680389378e-03 +1.680389378e-03 +2.431116804e+02 +2.431116804e+02 -3.7657e+00 -1.4442e+00 -6.3813e-01 -1.5471e+00 -1.5416e+00
2376 +1.462383402e-03 +1.462383402e-03 +2.431114624e+02 +2.431114624e+02 -3.7658e+00 -1.4447e+00 -6.3874e-01 -1.5474e+00 -1.5426e+00
2420 +1.417775200e-03 +1.417775200e-03 +2.431114178e+02 +2.431114178e+02 -3.7647e+00 -1.4445e+00 -6.3836e-01 -1.5480e+00 -1.5418e+00
2486 +8.149696262e-04 +8.149696262e-04 +2.431108150e+02 +2.431108150e+02 -3.7652e+00 -1.4441e+00 -6.3886e-01 -1.5476e+00 -1.5416e+00
2530 +7.335049454e-04 +7.335049454e-04 +2.431107335e+02 +2.431107335e+02 -3.7653e+00 -1.4439e+00 -6.3922e-01 -1.5480e+00 -1.5414e+00
2574 +2.301749081e-04 +2.301749081e-04 +2.431102302e+02 +2.431102302e+02 -3.7656e+00 -1.4439e+00 -6.3916e-01 -1.5479e+00 -1.5417e+00
2816 +2.140472560e-04 +2.140472560e-04 +2.431102140e+02 +2.431102140e+02 -3.7657e+00 -1.4440e+00 -6.3919e-01 -1.5480e+00 -1.5416e+00
2825 +1.463567551e-04 +1.463567551e-04 +2.431101464e+02 +2.431101464e+02 -3.7655e+00 -1.4439e+00 -6.3925e-01 -1.5479e+00 -1.5416e+00
2904 +1.425719687e-04 +1.425719687e-04 +2.431101426e+02 +2.431101426e+02 -3.7656e+00 -1.4440e+00 -6.3919e-01 -1.5480e+00 -1.5416e+00
2913 +1.340365591e-04 +1.340365591e-04 +2.431101340e+02 +2.431101340e+02 -3.7656e+00 -1.4440e+00 -6.3920e-01 -1.5480e+00 -1.5415e+00
2926 +1.029968117e-04 +1.029968117e-04 +2.431101030e+02 +2.431101030e+02 -3.7655e+00 -1.4440e+00 -6.3922e-01 -1.5480e+00 -1.5416e+00
2948 +6.845859323e-05 +6.845859323e-05 +2.431100685e+02 +2.431100685e+02 -3.7656e+00 -1.4440e+00 -6.3920e-01 -1.5480e+00 -1.5416e+00
% function evaluation | noise-free fitness - Fopt (-1.436200000000e+02) | best noise-free fitness - Fopt | measured fitness | best measured fitness | x1 | x2...
1 +2.363016559e+01 +2.363016559e+01 -1.199898344e+02 -1.199898344e+02 +0.0000e+00 +0.0000e+00 +0.0000e+00 +0.0000e+00 +0.0000e+00
2 +1.217391248e+01 +1.217391248e+01 -1.314460875e+02 -1.314460875e+02 +3.4413e-01 -1.0014e+00 -1.3645e+00 +5.5234e-01 +1.7459e+00
3 +1.088948993e+01 +1.088948993e+01 -1.327305101e+02 -1.327305101e+02 +6.7890e-01 -8.8909e-01 -1.2454e+00 +5.5946e-01 +1.6710e+00
13 +9.022086749e+00 +9.022086749e+00 -1.345979133e+02 -1.345979133e+02 +6.5993e-01 -7.7955e-01 -1.0573e+00 +6.5221e-01 +1.6253e+00
44 +8.660497927e+00 +8.660497927e+00 -1.349595021e+02 -1.349595021e+02 +5.0858e-01 -8.9645e-01 -1.1584e+00 +5.4797e-01 +1.7408e+00
46 +7.585890161e+00 +7.585890161e+00 -1.360341098e+02 -1.360341098e+02 +5.6486e-01 -7.6720e-01 -9.1638e-01 +5.4070e-01 +1.7228e+00
82 +7.212238853e+00 +7.212238853e+00 -1.364077611e+02 -1.364077611e+02 +5.4841e-01 -7.4730e-01 -8.8241e-01 +5.6149e-01 +1.8139e+00
224 +7.057473269e+00 +7.057473269e+00 -1.365625267e+02 -1.365625267e+02 +5.6036e-01 -7.7422e-01 -8.7528e-01 +6.1638e-01 +1.8607e+00
528 +6.905275307e+00 +6.905275307e+00 -1.367147247e+02 -1.367147247e+02 +4.9496e-01 -7.5091e-01 -8.0009e-01 +6.2562e-01 +1.7155e+00
% function evaluation | noise-free fitness - Fopt (4.290000000000e+01) | best noise-free fitness - Fopt | measured fitness | best measured fitness | x1 | x2...
1 +6.740739267e+00 +6.740739267e+00 +4.964073927e+01 +4.964073927e+01 +0.0000e+00 +0.0000e+00 +0.0000e+00 +0.0000e+00 +0.0000e+00
% function evaluation | noise-free fitness - Fopt (6.286500000000e+02) | best noise-free fitness - Fopt | measured fitness | best measured fitness | x1 | x2...
1 +1.068951254e+01 +1.068951254e+01 +6.393395125e+02 +6.393395125e+02 +0.0000e+00 +0.0000e+00 +0.0000e+00 +0.0000e+00 +0.0000e+00
286 +1.044989874e+01 +1.044989874e+01 +6.390998987e+02 +6.390998987e+02 +4.9768e+00 -3.1810e+00 -3.0602e+00 -1.3834e+00 -8.1770e-01
% function evaluation | noise-free fitness - Fopt (-7.163000000000e+01) | best noise-free fitness - Fopt | measured fitness | best measured fitness | x1 | x2...
1 +5.804206668e+01 +5.804206668e+01 -1.358793332e+01 -1.358793332e+01 +0.0000e+00 +0.0000e+00 +0.0000e+00 +0.0000e+00 +0.0000e+00
2 +4.380240166e+01 +4.380240166e+01 -2.782759834e+01 -2.782759834e+01 -6.1797e+00 -9.5356e-01 -1.5810e+00 +4.7364e-02 +1.4752e+00
3 +4.098581733e+01 +4.098581733e+01 -3.064418267e+01 -3.064418267e+01 -6.1485e+00 -1.2097e+00 -1.5142e+00 +3.1016e-02 +1.2194e+00
46 +3.074387379e+01 +3.074387379e+01 -4.088612621e+01 -4.088612621e+01 -5.9781e+00 -1.1774e+00 -1.7431e+00 +3.7089e-01 +1.2205e+00
158 +2.991292000e+01 +2.991292000e+01 -4.171708000e+01 -4.171708000e+01 -5.6730e+00 -2.0068e+00 -1.3735e+00 -1.8889e-01 +7.5499e-01
189 +2.945771637e+01 +2.945771637e+01 -4.217228363e+01 -4.217228363e+01 -5.9504e+00 -2.3455e+00 -2.1182e+00 +2.6613e-01 +1.4944e+00
220 +2.653334958e+01 +2.653334958e+01 -4.509665042e+01 -4.509665042e+01 -5.7281e+00 -2.0748e+00 -1.5619e+00 +3.6095e-01 +1.2312e+00
225 +2.490604810e+01 +2.490604810e+01 -4.672395190e+01 -4.672395190e+01 -5.1052e+00 -2.2490e+00 -1.7377e+00 +4.1128e-01 +1.1152e+00
234 +2.310642405e+01 +2.310642405e+01 -4.852357595e+01 -4.852357595e+01 -5.4110e+00 -2.5123e+00 -1.8616e+00 +3.8390e-01 +1.2709e+00
249 +1.974640538e+01 +1.974640538e+01 -5.188359462e+01 -5.188359462e+01 -5.0539e+00 -2.4896e+00 -1.5925e+00 +4.8990e-01 +1.1397e+00
267 +1.540946392e+01 +1.540946392e+01 -5.622053608e+01 -5.622053608e+01 -4.7598e+00 -1.9347e+00 -1.3029e+00 +4.3835e-01 +1.9299e+00
338 +1.505824159e+01 +1.505824159e+01 -5.657175841e+01 -5.657175841e+01 -3.6778e+00 -3.6859e+00 -1.2819e+00 +3.4650e-01 +3.2626e-01
360 +1.364048170e+01 +1.364048170e+01 -5.798951830e+01 -5.798951830e+01 -1.8833e+00 -4.8530e+00 -8.3458e-01 +1.1674e+00 +9.6710e-01
362 +1.344551149e+01 +1.344551149e+01 -5.818448851e+01 -5.818448851e+01 -2.6447e+00 -3.1854e+00 -1.8590e-01 +7.5918e-02 +1.6173e+00
363 +1.159444421e+01 +1.159444421e+01 -6.003555579e+01 -6.003555579e+01 -3.2150e+00 -3.4807e+00 -1.2405e+00 +2.2034e-01 +4.0408e-01
381 +6.930758479e+00 +6.930758479e+00 -6.469924152e+01 -6.469924152e+01 +1.3980e+00 -4.4637e+00 +5.8096e-01 +2.2614e+00 +9.0040e-01
400 +4.836141588e+00 +4.836141588e+00 -6.679385841e+01 -6.679385841e+01 +1.1502e+00 -4.8824e+00 -1.6687e-01 +1.6223e+00 +2.0287e+00
422 +3.599424836e+00 +3.599424836e+00 -6.803057516e+01 -6.803057516e+01 -1.1479e+00 -4.0462e+00 +3.7845e+00 +2.8362e+00 +2.5535e+00
506 +3.377996981e+00 +3.377996981e+00 -6.825200302e+01 -6.825200302e+01 +6.4075e-01 -3.3432e+00 +2.6529e+00 +2.8398e+00 +2.7739e+00
511 +2.665132295e+00 +2.665132295e+00 -6.896486771e+01 -6.896486771e+01 +1.7418e+00 -2.7552e+00 +2.2069e+00 +3.5429e+00 +4.6213e+00
550 +2.495586977e+00 +2.495586977e+00 -6.913441302e+01 -6.913441302e+01 +7.7117e-01 -3.3927e+00 +2.1170e+00 +2.7045e+00 +3.0719e+00
565 +2.159703752e+00 +2.159703752e+00 -6.947029625e+01 -6.947029625e+01 +2.0100e+00 -3.4020e+00 +1.6855e+00 +3.4356e+00 +4.0033e+00
572 +1.524788750e+00 +1.524788750e+00 -7.010521125e+01 -7.010521125e+01 +1.6961e+00 -3.6753e+00 +2.2372e+00 +3.0349e+00 +3.9319e+00
726 +6.112789886e-01 +6.112789886e-01 -7.101872101e+01 -7.101872101e+01 +1.7996e+00 -3.8555e+00 +1.9632e+00 +2.3710e+00 +4.1088e+00
814 +5.597721601e-01 +5.597721601e-01 -7.107022784e+01 -7.107022784e+01 +1.6050e+00 -3.3217e+00 +1.7055e+00 +3.0112e+00 +3.8366e+00
973 +3.815487165e-01 +3.815487165e-01 -7.124845128e+01 -7.124845128e+01 +1.5416e+00 -2.8638e+00 +1.7009e+00 +3.2173e+00 +3.4124e+00
1073 +3.441304317e-01 +3.441304317e-01 -7.128586957e+01 -7.128586957e+01 +1.7792e+00 -3.2837e+00 +1.7021e+00 +2.9958e+00 +3.5195e+00
1210 +1.777022037e-01 +1.777022037e-01 -7.145229780e+01 -7.145229780e+01 +1.8067e+00 -3.5756e+00 +1.8085e+00 +2.8677e+00 +3.7423e+00
1320 +1.360132779e-01 +1.360132779e-01 -7.149398672e+01 -7.149398672e+01 +1.7771e+00 -3.4700e+00 +1.8535e+00 +2.8565e+00 +3.8087e+00
1386 +1.346316487e-01 +1.346316487e-01 -7.149536835e+01 -7.149536835e+01 +1.7702e+00 -3.5009e+00 +1.8485e+00 +2.8911e+00 +3.8706e+00
1408 +1.085864620e-01 +1.085864620e-01 -7.152141354e+01 -7.152141354e+01 +1.7657e+00 -3.5118e+00 +1.8813e+00 +2.8797e+00 +3.8744e+00
1430 +8.404144228e-02 +8.404144228e-02 -7.154595856e+01 -7.154595856e+01 +1.7864e+00 -3.5178e+00 +1.8552e+00 +2.8769e+00 +3.8249e+00
1452 +4.388516346e-02 +4.388516346e-02 -7.158611484e+01 -7.158611484e+01 +1.7690e+00 -3.4844e+00 +1.8489e+00 +2.8849e+00 +3.8323e+00
1474 +4.245163156e-02 +4.245163156e-02 -7.158754837e+01 -7.158754837e+01 +1.7674e+00 -3.4501e+00 +1.8512e+00 +2.9037e+00 +3.8070e+00
1601 +3.877745385e-02 +3.877745385e-02 -7.159122255e+01 -7.159122255e+01 +1.7483e+00 -3.4886e+00 +1.8628e+00 +2.8888e+00 +3.7787e+00
1621 +3.589302386e-02 +3.589302386e-02 -7.159410698e+01 -7.159410698e+01 +1.7583e+00 -3.5106e+00 +1.8575e+00 +2.8687e+00 +3.8389e+00
1672 +2.075199708e-02 +2.075199708e-02 -7.160924800e+01 -7.160924800e+01 +1.7705e+00 -3.4989e+00 +1.8538e+00 +2.9036e+00 +3.8073e+00
1693 +1.716157985e-02 +1.716157985e-02 -7.161283842e+01 -7.161283842e+01 +1.7577e+00 -3.4993e+00 +1.8477e+00 +2.9063e+00 +3.8119e+00
1804 +1.459676368e-02 +1.459676368e-02 -7.161540324e+01 -7.161540324e+01 +1.7612e+00 -3.4879e+00 +1.8521e+00 +2.9061e+00 +3.8118e+00
1826 +1.313355478e-02 +1.313355478e-02 -7.161686645e+01 -7.161686645e+01 +1.7619e+00 -3.4824e+00 +1.8530e+00 +2.9063e+00 +3.8125e+00
1914 +6.100367011e-03 +6.100367011e-03 -7.162389963e+01 -7.162389963e+01 +1.7616e+00 -3.4776e+00 +1.8457e+00 +2.9124e+00 +3.8008e+00
2156 +5.432884572e-03 +5.432884572e-03 -7.162456712e+01 -7.162456712e+01 +1.7620e+00 -3.4773e+00 +1.8475e+00 +2.9124e+00 +3.7998e+00
2244 +1.375113146e-03 +1.375113146e-03 -7.162862489e+01 -7.162862489e+01 +1.7615e+00 -3.4833e+00 +1.8487e+00 +2.9092e+00 +3.8044e+00
2965 +1.114962668e-03 +1.114962668e-03 -7.162888504e+01 -7.162888504e+01 +1.7615e+00 -3.4830e+00 +1.8495e+00 +2.9093e+00 +3.8048e+00
3014 +9.772045066e-04 +9.772045066e-04 -7.162902280e+01 -7.162902280e+01 +1.7619e+00 -3.4843e+00 +1.8493e+00 +2.9082e+00 +3.8048e+00
3077 +9.419120914e-04 +9.419120914e-04 -7.162905809e+01 -7.162905809e+01 +1.7620e+00 -3.4838e+00 +1.8492e+00 +2.9091e+00 +3.8043e+00
3158 +9.296446315e-04 +9.296446315e-04 -7.162907036e+01 -7.162907036e+01 +1.7619e+00 -3.4838e+00 +1.8493e+00 +2.9090e+00 +3.8044e+00
3283 +6.481980959e-04 +6.481980959e-04 -7.162935180e+01 -7.162935180e+01 +1.7618e+00 -3.4837e+00 +1.8491e+00 +2.9083e+00 +3.8044e+00
3326 +4.949480565e-04 +4.949480565e-04 -7.162950505e+01 -7.162950505e+01 +1.7617e+00 -3.4836e+00 +1.8490e+00 +2.9084e+00 +3.8043e+00
3483 +4.879924521e-04 +4.879924521e-04 -7.162951201e+01 -7.162951201e+01 +1.7617e+00 -3.4836e+00 +1.8490e+00 +2.9086e+00 +3.8041e+00
3537 +4.133866361e-04 +4.133866361e-04 -7.162958661e+01 -7.162958661e+01 +1.7616e+00 -3.4834e+00 +1.8490e+00 +2.9088e+00 +3.8041e+00
3542 +4.006722109e-04 +4.006722109e-04 -7.162959933e+01 -7.162959933e+01 +1.7617e+00 -3.4834e+00 +1.8491e+00 +2.9087e+00 +3.8041e+00
3674 +2.698983441e-04 +2.698983441e-04 -7.162973010e+01 -7.162973010e+01 +1.7617e+00 -3.4837e+00 +1.8490e+00 +2.9086e+00 +3.8043e+00
3872 +2.448702427e-04 +2.448702427e-04 -7.162975513e+01 -7.162975513e+01 +1.7618e+00 -3.4839e+00 +1.8491e+00 +2.9085e+00 +3.8044e+00
3992 +1.940260585e-04 +1.940260585e-04 -7.162980597e+01 -7.162980597e+01 +1.7617e+00 -3.4839e+00 +1.8491e+00 +2.9085e+00 +3.8045e+00
3997 +1.787312941e-04 +1.787312941e-04 -7.162982127e+01 -7.162982127e+01 +1.7618e+00 -3.4838e+00 +1.8491e+00 +2.9085e+00 +3.8044e+00
4004 +1.581953109e-04 +1.581953109e-04 -7.162984180e+01 -7.162984180e+01 +1.7618e+00 -3.4839e+00 +1.8491e+00 +2.9084e+00 +3.8045e+00
4136 +1.420397134e-04 +1.420397134e-04 -7.162985796e+01 -7.162985796e+01 +1.7618e+00 -3.4839e+00 +1.8491e+00 +2.9084e+00 +3.8045e+00
4230 +1.271840826e-04 +1.271840826e-04 -7.162987282e+01 -7.162987282e+01 +1.7618e+00 -3.4839e+00 +1.8491e+00 +2.9084e+00 +3.8045e+00
4686 +1.224996325e-04 +1.224996325e-04 -7.162987750e+01 -7.162987750e+01 +1.7617e+00 -3.4839e+00 +1.8491e+00 +2.9084e+00 +3.8045e+00
4749 +1.063347685e-04 +1.063347685e-04 -7.162989367e+01 -7.162989367e+01 +1.7617e+00 -3.4839e+00 +1.8491e+00 +2.9084e+00 +3.8045e+00
4780 +8.983266744e-05 +8.983266744e-05 -7.162991017e+01 -7.162991017e+01 +1.7617e+00 -3.4839e+00 +1.8491e+00 +2.9084e+00 +3.8045e+00
5451 +8.195970456e-05 +8.195970456e-05 -7.162991804e+01 -7.162991804e+01 +1.7617e+00 -3.4839e+00 +1.8491e+00 +2.9084e+00 +3.8045e+00
5610 +8.125167520e-05 +8.125167520e-05 -7.162991875e+01 -7.162991875e+01 +1.7617e+00 -3.4839e+00 +1.8491e+00 +2.9084e+00 +3.8045e+00
5681 +7.909473001e-05 +7.909473001e-05 -7.162992091e+01 -7.162992091e+01 +1.7617e+00 -3.4839e+00 +1.8491e+00 +2.9084e+00 +3.8045e+00
5694 +7.536665645e-05 +7.536665645e-05 -7.162992463e+01 -7.162992463e+01 +1.7617e+00 -3.4839e+00 +1.8491e+00 +2.9084e+00 +3.8045e+00
5742 +7.215870616e-05 +7.215870616e-05 -7.162992784e+01 -7.162992784e+01 +1.7617e+00 -3.4839e+00 +1.8491e+00 +2.9084e+00 +3.8045e+00
5896 +6.990052805e-05 +6.990052805e-05 -7.162993010e+01 -7.162993010e+01 +1.7617e+00 -3.4839e+00 +1.8491e+00 +2.9084e+00 +3.8045e+00
5940 +6.906285749e-05 +6.906285749e-05 -7.162993094e+01 -7.162993094e+01 +1.7617e+00 -3.4839e+00 +1.8491e+00 +2.9084e+00 +3.8045e+00
6270 +6.693499442e-05 +6.693499442e-05 -7.162993307e+01 -7.162993307e+01 +1.7617e+00 -3.4839e+00 +1.8491e+00 +2.9084e+00 +3.8045e+00
6424 +6.598221985e-05 +6.598221985e-05 -7.162993402e+01 -7.162993402e+01 +1.7617e+00 -3.4839e+00 +1.8491e+00 +2.9084e+00 +3.8045e+00
6540 +6.403732661e-05 +6.403732661e-05 -7.162993596e+01 -7.162993596e+01 +1.7617e+00 -3.4839e+00 +1.8491e+00 +2.9084e+00 +3.8045e+00
6864 +6.288520844e-05 +6.288520844e-05 -7.162993711e+01 -7.162993711e+01 +1.7617e+00 -3.4839e+00 +1.8491e+00 +2.9084e+00 +3.8045e+00
7646 +6.164602944e-05 +6.164602944e-05 -7.162993835e+01 -7.162993835e+01 +1.7617e+00 -3.4839e+00 +1.8491e+00 +2.9084e+00 +3.8045e+00
% function evaluation | noise-free fitness - Fopt (1.976000000000e+01) | best noise-free fitness - Fopt | measured fitness | best measured fitness | x1 | x2...
1 +1.684672759e+01 +1.684672759e+01 +3.660672759e+01 +3.660672759e+01 +0.0000e+00 +0.0000e+00 +0.0000e+00 +0.0000e+00 +0.0000e+00
487 +1.649520061e+01 +1.649520061e+01 +3.625520061e+01 +3.625520061e+01 +1.6860e+00 +1.5581e+00 +1.7526e+00 -1.3033e-01 -2.6414e-01
499 +1.363444655e+01 +1.363444655e+01 +3.339444655e+01 +3.339444655e+01 +3.2801e+00 +1.0675e+00 +1.5850e+00 -1.5606e+00 +8.9896e-02
511 +8.342609173e+00 +8.342609173e+00 +2.810260917e+01 +2.810260917e+01 +3.4823e+00 +1.1468e+00 +2.5328e-01 +1.1372e+00 -3.9005e-01
535 +7.730808751e+00 +7.730808751e+00 +2.749080875e+01 +2.749080875e+01 +3.1329e+00 +1.4544e+00 +1.0674e+00 +1.0974e+00 +1.9882e+00
550 +7.048500314e+00 +7.048500314e+00 +2.680850031e+01 +2.680850031e+01 +2.8218e+00 +1.9317e+00 +1.4653e+00 +1.1719e+00 +4.6759e-01
565 +5.074173046e+00 +5.074173046e+00 +2.483417305e+01 +2.483417305e+01 +2.2940e+00 +2.7565e+00 -2.9731e-01 +3.6547e+00 -3.0196e-01
636 +4.570242449e+00 +4.570242449e+00 +2.433024245e+01 +2.433024245e+01 +8.2758e-01 +1.9828e+00 -1.8125e+00 +3.8181e+00 -8.1256e-01
638 +4.031388657e+00 +4.031388657e+00 +2.379138866e+01 +2.379138866e+01 +2.1255e+00 +2.3499e+00 -8.9299e-01 +3.1154e+00 -5.7589e-01
645 +3.860551944e+00 +3.860551944e+00 +2.362055194e+01 +2.362055194e+01 +1.7448e+00 +1.2547e+00 -3.1171e+00 +2.6651e+00 -1.9044e+00
701 +3.731137895e+00 +3.731137895e+00 +2.349113790e+01 +2.349113790e+01 +1.6592e+00 +1.8695e+00 -2.1482e+00 +6.7191e-01 +4.2046e-01
718 +3.625509977e+00 +3.625509977e+00 +2.338550998e+01 +2.338550998e+01 +2.3062e+00 +3.0690e+00 -2.2398e+00 +2.0193e+00 -1.2601e+00
772 +2.791194369e+00 +2.791194369e+00 +2.255119437e+01 +2.255119437e+01 +2.0052e+00 +2.0464e+00 -2.3034e+00 +1.4840e+00 -4.7500e-01
798 +2.488668165e+00 +2.488668165e+00 +2.224866816e+01 +2.224866816e+01 +2.1920e+00 +2.2223e+00 -2.1202e+00 +1.4373e+00 +1.6199e+00
814 +2.105006989e+00 +2.105006989e+00 +2.186500699e+01 +2.186500699e+01 +2.4980e+00 +2.0523e+00 -2.7984e+00 +2.3145e+00 +2.7904e-01
830 +2.033845381e+00 +2.033845381e+00 +2.179384538e+01 +2.179384538e+01 +2.1957e+00 +1.5810e+00 -4.1906e+00 +1.9236e+00 +6.9029e-01
836 +1.926279243e+00 +1.926279243e+00 +2.168627924e+01 +2.168627924e+01 +2.5377e+00 +1.8924e+00 -2.6937e+00 +1.2757e+00 -1.7297e-01
968 +1.495415666e+00 +1.495415666e+00 +2.125541567e+01 +2.125541567e+01 +3.3135e+00 +2.4183e+00 -2.7537e+00 +1.7671e+00 +7.7662e-01
992 +1.455563711e+00 +1.455563711e+00 +2.121556371e+01 +2.121556371e+01 +3.7182e+00 +1.8801e+00 -2.4720e+00 +2.0443e+00 +8.5183e-01
1055 +9.477415755e-01 +9.477415755e-01 +2.070774158e+01 +2.070774158e+01 +3.0959e+00 +1.3889e+00 -3.2251e+00 +1.8217e+00 +4.1110e-01
1118 +7.931118315e-01 +7.931118315e-01 +2.055311183e+01 +2.055311183e+01 +3.0125e+00 +1.5394e+00 -3.4157e+00 +1.9282e+00 +4.9408e-01
1171 +6.158447577e-01 +6.158447577e-01 +2.037584476e+01 +2.037584476e+01 +3.1589e+00 +1.5997e+00 -2.8142e+00 +1.8119e+00 +5.4290e-01
1240 +3.251226046e-01 +3.251226046e-01 +2.008512260e+01 +2.008512260e+01 +3.4450e+00 +1.6527e+00 -3.0164e+00 +1.6495e+00 +7.7964e-01
1342 +3.056356599e-01 +3.056356599e-01 +2.006563566e+01 +2.006563566e+01 +3.0314e+00 +1.4966e+00 -3.1115e+00 +1.7518e+00 +6.1208e-01
1482 +2.490875052e-01 +2.490875052e-01 +2.000908751e+01 +2.000908751e+01 +2.8457e+00 +1.5621e+00 -3.1243e+00 +1.8090e+00 +6.4857e-01
1540 +2.350782952e-01 +2.350782952e-01 +1.999507830e+01 +1.999507830e+01 +2.8883e+00 +1.5890e+00 -3.1784e+00 +1.8095e+00 +5.5120e-01
1584 +2.275149916e-01 +2.275149916e-01 +1.998751499e+01 +1.998751499e+01 +2.7071e+00 +1.5133e+00 -3.2676e+00 +1.9684e+00 +5.2558e-01
1604 +1.972283991e-01 +1.972283991e-01 +1.995722840e+01 +1.995722840e+01 +2.6644e+00 +1.4873e+00 -3.2808e+00 +1.9164e+00 +4.5485e-01
1620 +1.379924586e-01 +1.379924586e-01 +1.989799246e+01 +1.989799246e+01 +2.5609e+00 +1.4761e+00 -3.2854e+00 +1.9763e+00 +3.8867e-01
1798 +1.296198433e-01 +1.296198433e-01 +1.988961984e+01 +1.988961984e+01 +2.6651e+00 +1.5474e+00 -3.2521e+00 +1.8618e+00 +4.2052e-01
1826 +1.098000221e-01 +1.098000221e-01 +1.986980002e+01 +1.986980002e+01 +2.6589e+00 +1.5252e+00 -3.2265e+00 +1.8849e+00 +4.3316e-01
1848 +9.056393666e-02 +9.056393666e-02 +1.985056394e+01 +1.985056394e+01 +2.6538e+00 +1.5260e+00 -3.2154e+00 +1.9334e+00 +4.2981e-01
1921 +5.555542019e-02 +5.555542019e-02 +1.981555542e+01 +1.981555542e+01 +2.7314e+00 +1.5709e+00 -3.2242e+00 +1.9008e+00 +4.6859e-01
1958 +1.506436878e-02 +1.506436878e-02 +1.977506437e+01 +1.977506437e+01 +2.7117e+00 +1.5277e+00 -3.2279e+00 +1.9143e+00 +4.6945e-01
2420 +1.424913538e-02 +1.424913538e-02 +1.977424914e+01 +1.977424914e+01 +2.6895e+00 +1.5175e+00 -3.2320e+00 +1.9187e+00 +4.5684e-01
2432 +1.246070847e-02 +1.246070847e-02 +1.977246071e+01 +1.977246071e+01 +2.7108e+00 +1.5208e+00 -3.2269e+00 +1.9081e+00 +4.6421e-01
2594 +1.213173732e-02 +1.213173732e-02 +1.977213174e+01 +1.977213174e+01 +2.6854e+00 +1.5173e+00 -3.2323e+00 +1.9228e+00 +4.6106e-01
2794 +9.187755500e-03 +9.187755500e-03 +1.976918776e+01 +1.976918776e+01 +2.6933e+00 +1.5184e+00 -3.2327e+00 +1.9181e+00 +4.5951e-01
2816 +8.473905070e-03 +8.473905070e-03 +1.976847391e+01 +1.976847391e+01 +2.6891e+00 +1.5170e+00 -3.2325e+00 +1.9199e+00 +4.6019e-01
2860 +7.307298166e-03 +7.307298166e-03 +1.976730730e+01 +1.976730730e+01 +2.6869e+00 +1.5181e+00 -3.2351e+00 +1.9203e+00 +4.6038e-01
2913 +7.241560639e-03 +7.241560639e-03 +1.976724156e+01 +1.976724156e+01 +2.6871e+00 +1.5204e+00 -3.2347e+00 +1.9201e+00 +4.6132e-01
2970 +6.808989904e-03 +6.808989904e-03 +1.976680899e+01 +1.976680899e+01 +2.6895e+00 +1.5189e+00 -3.2339e+00 +1.9191e+00 +4.6096e-01
2999 +5.949986071e-03 +5.949986071e-03 +1.976594999e+01 +1.976594999e+01 +2.6877e+00 +1.5196e+00 -3.2337e+00 +1.9191e+00 +4.6113e-01
3014 +4.924221465e-03 +4.924221465e-03 +1.976492422e+01 +1.976492422e+01 +2.6885e+00 +1.5193e+00 -3.2337e+00 +1.9193e+00 +4.6037e-01
3058 +4.337702013e-03 +4.337702013e-03 +1.976433770e+01 +1.976433770e+01 +2.6886e+00 +1.5186e+00 -3.2336e+00 +1.9192e+00 +4.6040e-01
3260 +4.170376116e-03 +4.170376116e-03 +1.976417038e+01 +1.976417038e+01 +2.6873e+00 +1.5185e+00 -3.2336e+00 +1.9197e+00 +4.6040e-01
3266 +3.877607654e-03 +3.877607654e-03 +1.976387761e+01 +1.976387761e+01 +2.6872e+00 +1.5184e+00 -3.2340e+00 +1.9196e+00 +4.6034e-01
3315 +3.722038460e-03 +3.722038460e-03 +1.976372204e+01 +1.976372204e+01 +2.6869e+00 +1.5183e+00 -3.2339e+00 +1.9199e+00 +4.6034e-01
3322 +3.512676082e-03 +3.512676082e-03 +1.976351268e+01 +1.976351268e+01 +2.6873e+00 +1.5184e+00 -3.2338e+00 +1.9196e+00 +4.6028e-01
3370 +3.433398971e-03 +3.433398971e-03 +1.976343340e+01 +1.976343340e+01 +2.6875e+00 +1.5185e+00 -3.2339e+00 +1.9197e+00 +4.6036e-01
3437 +3.084914008e-03 +3.084914008e-03 +1.976308491e+01 +1.976308491e+01 +2.6874e+00 +1.5184e+00 -3.2339e+00 +1.9197e+00 +4.6046e-01
3667 +2.925474994e-03 +2.925474994e-03 +1.976292547e+01 +1.976292547e+01 +2.6870e+00 +1.5183e+00 -3.2339e+00 +1.9198e+00 +4.6034e-01
3791 +2.881541285e-03 +2.881541285e-03 +1.976288154e+01 +1.976288154e+01 +2.6869e+00 +1.5183e+00 -3.2340e+00 +1.9198e+00 +4.6032e-01
3838 +2.797668752e-03 +2.797668752e-03 +1.976279767e+01 +1.976279767e+01 +2.6869e+00 +1.5183e+00 -3.2340e+00 +1.9198e+00 +4.6030e-01
4268 +2.677597298e-03 +2.677597298e-03 +1.976267760e+01 +1.976267760e+01 +2.6870e+00 +1.5183e+00 -3.2339e+00 +1.9198e+00 +4.6034e-01
4602 +2.560379977e-03 +2.560379977e-03 +1.976256038e+01 +1.976256038e+01 +2.6868e+00 +1.5183e+00 -3.2340e+00 +1.9199e+00 +4.6041e-01
5126 +2.452426598e-03 +2.452426598e-03 +1.976245243e+01 +1.976245243e+01 +2.6868e+00 +1.5184e+00 -3.2340e+00 +1.9198e+00 +4.6044e-01
5389 +2.337522345e-03 +2.337522345e-03 +1.976233752e+01 +1.976233752e+01 +2.6869e+00 +1.5184e+00 -3.2340e+00 +1.9198e+00 +4.6044e-01
6138 +2.280276789e-03 +2.280276789e-03 +1.976228028e+01 +1.976228028e+01 +2.6869e+00 +1.5184e+00 -3.2340e+00 +1.9198e+00 +4.6045e-01
6270 +2.222161403e-03 +2.222161403e-03 +1.976222216e+01 +1.976222216e+01 +2.6869e+00 +1.5184e+00 -3.2340e+00 +1.9198e+00 +4.6046e-01
% function evaluation | noise-free fitness - Fopt (6.100000000000e-01) | best noise-free fitness - Fopt | measured fitness | best measured fitness | x1 | x2...
1 +2.050209124e+01 +2.050209124e+01 +2.111209124e+01 +2.111209124e+01 +0.0000e+00 +0.0000e+00 +0.0000e+00 +0.0000e+00 +0.0000e+00
% function evaluation | noise-free fitness - Fopt (-8.634400000000e+02) | best noise-free fitness - Fopt | measured fitness | best measured fitness | x1 | x2...
1 +2.240834054e+01 +2.240834054e+01 -8.410316595e+02 -8.410316595e+02 +0.0000e+00 +0.0000e+00 +0.0000e+00 +0.0000e+00 +0.0000e+00
2 +8.865292547e+00 +8.865292547e+00 -8.545747075e+02 -8.545747075e+02 +1.8067e-02 -1.2906e+00 +4.1808e+00 -1.1241e+00 -1.4763e+00
3 +5.365382966e+00 +5.365382966e+00 -8.580746170e+02 -8.580746170e+02 -8.3014e-02 -1.4089e+00 +4.0377e+00 -1.0736e+00 -1.5020e+00
16 +4.569339428e+00 +4.569339428e+00 -8.588706606e+02 -8.588706606e+02 -1.2081e-01 -1.5808e+00 +3.9946e+00 -1.0503e+00 -1.4635e+00
44 +3.961786730e+00 +3.961786730e+00 -8.594782133e+02 -8.594782133e+02 -8.5555e-02 -1.4519e+00 +3.9987e+00 -1.1448e+00 -1.3061e+00
116 +3.643673792e+00 +3.643673792e+00 -8.597963262e+02 -8.597963262e+02 -3.8048e-01 -9.4907e-01 +3.7162e+00 -8.7954e-01 -1.0796e+00
157 +3.193590083e+00 +3.193590083e+00 -8.602464099e+02 -8.602464099e+02 -4.9399e-01 -4.7225e-01 +3.1104e+00 -4.1531e-01 -5.2195e-01
206 +3.058327466e+00 +3.058327466e+00 -8.603816725e+02 -8.603816725e+02 -6.9605e-01 -1.9128e-01 +2.9901e+00 -9.9711e-01 -6.5113e-01
274 +1.947004423e+00 +1.947004423e+00 -8.614929956e+02 -8.614929956e+02 -5.9793e-01 -4.7116e-01 +3.3547e+00 -1.0847e+00 -8.9546e-01
319 +1.452100431e+00 +1.452100431e+00 -8.619878996e+02 -8.619878996e+02 -4.9363e-01 -6.9191e-01 +3.0920e+00 -5.8998e-01 -5.7719e-01
370 +1.428666754e+00 +1.428666754e+00 -8.620113332e+02 -8.620113332e+02 -5.7832e-01 -9.1690e-01 +3.0683e+00 -3.3085e-01 -3.2453e-01
594 +1.346018644e+00 +1.346018644e+00 -8.620939814e+02 -8.620939814e+02 -5.2881e-01 -7.0687e-01 +3.1429e+00 -6.4491e-01 -5.5090e-01
619 +1.195093712e+00 +1.195093712e+00 -8.622449063e+02 -8.622449063e+02 -5.4151e-01 -6.9080e-01 +3.1429e+00 -6.6636e-01 -5.6184e-01
726 +1.144245610e+00 +1.144245610e+00 -8.622957544e+02 -8.622957544e+02 -5.0314e-01 -6.8830e-01 +3.1411e+00 -6.0365e-01 -5.3791e-01
792 +1.098670752e+00 +1.098670752e+00 -8.623413292e+02 -8.623413292e+02 -4.7960e-01 -6.6382e-01 +3.1402e+00 -6.0588e-01 -5.3289e-01
835 +1.072593011e+00 +1.072593011e+00 -8.623674070e+02 -8.623674070e+02 -4.7830e-01 -6.6714e-01 +3.1372e+00 -5.8866e-01 -5.2454e-01
880 +1.062051312e+00 +1.062051312e+00 -8.623779487e+02 -8.623779487e+02 -4.9613e-01 -6.7720e-01 +3.1384e+00 -6.0509e-01 -5.3372e-01
926 +1.036057532e+00 +1.036057532e+00 -8.624039425e+02 -8.624039425e+02 -4.9598e-01 -6.7590e-01 +3.1420e+00 -6.1166e-01 -5.3100e-01
1012 +1.023036562e+00 +1.023036562e+00 -8.624169634e+02 -8.624169634e+02 -4.9805e-01 -6.6136e-01 +3.1445e+00 -6.1819e-01 -5.4043e-01
1166 +9.919211942e-01 +9.919211942e-01 -8.624480788e+02 -8.624480788e+02 -5.0338e-01 -6.6890e-01 +3.1399e+00 -6.2241e-01 -5.3719e-01
1290 +9.725634162e-01 +9.725634162e-01 -8.624674366e+02 -8.624674366e+02 -4.9585e-01 -6.6627e-01 +3.1406e+00 -6.1913e-01 -5.4007e-01
1690 +9.378889528e-01 +9.378889528e-01 -8.625021110e+02 -8.625021110e+02 -5.0074e-01 -6.7286e-01 +3.1376e+00 -6.1782e-01 -5.3390e-01
2244 +9.313572424e-01 +9.313572424e-01 -8.625086428e+02 -8.625086428e+02 -4.9853e-01 -6.7010e-01 +3.1389e+00 -6.1792e-01 -5.3607e-01
3104 +9.110872771e-01 +9.110872771e-01 -8.625289127e+02 -8.625289127e+02 -4.9934e-01 -6.7034e-01 +3.1388e+00 -6.1847e-01 -5.3597e-01
% function evaluation | noise-free fitness - Fopt (1.318500000000e+02) | best noise-free fitness - Fopt | measured fitness | best measured fitness | x1 | x2...
1 +9.759411933e+00 +9.759411933e+00 +1.416094119e+02 +1.416094119e+02 +0.0000e+00 +0.0000e+00 +0.0000e+00 +0.0000e+00 +0.0000e+00
124 +9.366446325e+00 +9.366446325e+00 +1.412164463e+02 +1.412164463e+02 +3.3915e+00 +1.3776e+00 -7.2382e-01 -4.0295e+00 +2.1571e+00
151 +9.259194562e+00 +9.259194562e+00 +1.411091946e+02 +1.411091946e+02 +3.2641e+00 +1.3551e+00 -6.9775e-01 -3.9751e+00 +2.2323e+00
186 +8.117916089e+00 +8.117916089e+00 +1.399679161e+02 +1.399679161e+02 +3.2940e+00 +1.1866e+00 -3.8769e-01 -3.7574e+00 +2.2903e+00
204 +7.869091587e+00 +7.869091587e+00 +1.397190916e+02 +1.397190916e+02 +3.1664e+00 +1.1620e+00 -5.9196e-01 -4.0750e+00 +2.4277e+00
261 +7.272009178e+00 +7.272009178e+00 +1.391220092e+02 +1.391220092e+02 +3.0571e+00 +1.3715e+00 -3.5003e-01 -4.0534e+00 +2.6240e+00
291 +7.151135551e+00 +7.151135551e+00 +1.390011356e+02 +1.390011356e+02 +3.3232e+00 +1.1274e+00 -5.9133e-01 -4.1295e+00 +2.4771e+00
435 +6.998273176e+00 +6.998273176e+00 +1.388482732e+02 +1.388482732e+02 +3.1784e+00 +1.2330e+00 -4.5888e-01 -4.0488e+00 +2.5504e+00
