% function evaluation | noise-free fitness - Fopt (-9.210000000000e+00) | best noise-free fitness - Fopt | measured fitness | best measured fitness | x1 | x2...
1 +7.899082053e+02 +7.899082053e+02 +7.806982053e+02 +7.806982053e+02
2 +6.778579054e+02 +6.778579054e+02 +6.686479054e+02 +6.686479054e+02
3 +6.738326673e+02 +6.738326673e+02 +6.646226673e+02 +6.646226673e+02
75 +6.594498341e+02 +6.594498341e+02 +6.502398341e+02 +6.502398341e+02
156 +6.449418759e+02 +6.449418759e+02 +6.357318759e+02 +6.357318759e+02
225 +6.286174429e+02 +6.286174429e+02 +6.194074429e+02 +6.194074429e+02
292 +6.157626320e+02 +6.157626320e+02 +6.065526320e+02 +6.065526320e+02
348 +5.967462237e+02 +5.967462237e+02 +5.875362237e+02 +5.875362237e+02
364 +5.860051710e+02 +5.860051710e+02 +5.767951710e+02 +5.767951710e+02
399 +5.717834701e+02 +5.717834701e+02 +5.625734701e+02 +5.625734701e+02
426 +5.587744032e+02 +5.587744032e+02 +5.495644032e+02 +5.495644032e+02
443 +5.483083239e+02 +5.483083239e+02 +5.390983239e+02 +5.390983239e+02
465 +5.282059931e+02 +5.282059931e+02 +5.189959931e+02 +5.189959931e+02
490 +5.037932138e+02 +5.037932138e+02 +4.945832138e+02 +4.945832138e+02
511 +4.958312638e+02 +4.958312638e+02 +4.866212638e+02 +4.866212638e+02
524 +4.865304568e+02 +4.865304568e+02 +4.773204568e+02 +4.773204568e+02
530 +4.496713166e+02 +4.496713166e+02 +4.404613166e+02 +4.404613166e+02
554 +4.306602250e+02 +4.306602250e+02 +4.214502250e+02 +4.214502250e+02
575 +4.246449353e+02 +4.246449353e+02 +4.154349353e+02 +4.154349353e+02
577 +4.060177787e+02 +4.060177787e+02 +3.968077787e+02 +3.968077787e+02
579 +3.919269002e+02 +3.919269002e+02 +3.827169002e+02 +3.827169002e+02
596 +3.619627597e+02 +3.619627597e+02 +3.527527597e+02 +3.527527597e+02
618 +3.381718185e+02 +3.381718185e+02 +3.289618185e+02 +3.289618185e+02
656 +3.234661270e+02 +3.234661270e+02 +3.142561270e+02 +3.142561270e+02
662 +3.106258920e+02 +3.106258920e+02 +3.014158920e+02 +3.014158920e+02
682 +2.982186954e+02 +2.982186954e+02 +2.890086954e+02 +2.890086954e+02
686 +2.860044665e+02 +2.860044665e+02 +2.767944665e+02 +2.767944665e+02
690 +2.655899194e+02 +2.655899194e+02 +2.563799194e+02 +2.563799194e+02
704 +2.613594867e+02 +2.613594867e+02 +2.521494867e+02 +2.521494867e+02
712 +2.493467908e+02 +2.493467908e+02 +2.401367908e+02 +2.401367908e+02
718 +2.368363459e+02 +2.368363459e+02 +2.276263459e+02 +2.276263459e+02
726 +2.241298832e+02 +2.241298832e+02 +2.149198832e+02 +2.149198832e+02
729 +1.944231855e+02 +1.944231855e+02 +1.852131855e+02 +1.852131855e+02
748 +1.890531243e+02 +1.890531243e+02 +1.798431243e+02 +1.798431243e+02
770 +1.739589269e+02 +1.739589269e+02 +1.647489269e+02 +1.647489269e+02
792 +1.677131259e+02 +1.677131259e+02 +1.585031259e+02 +1.585031259e+02
799 +1.467975344e+02 +1.467975344e+02 +1.375875344e+02 +1.375875344e+02
814 +1.418961695e+02 +1.418961695e+02 +1.326861695e+02 +1.326861695e+02
816 +1.402625418e+02 +1.402625418e+02 +1.310525418e+02 +1.310525418e+02
836 +1.232172832e+02 +1.232172832e+02 +1.140072832e+02 +1.140072832e+02
852 +1.187604204e+02 +1.187604204e+02 +1.095504204e+02 +1.095504204e+02
858 +1.134588073e+02 +1.134588073e+02 +1.042488073e+02 +1.042488073e+02
892 +1.068992335e+02 +1.068992335e+02 +9.768923350e+01 +9.768923350e+01
899 +9.930250193e+01 +9.930250193e+01 +9.009250193e+01 +9.009250193e+01
902 +9.025237224e+01 +9.025237224e+01 +8.104237224e+01 +8.104237224e+01
918 +7.327068267e+01 +7.327068267e+01 +6.406068267e+01 +6.406068267e+01
924 +6.836904455e+01 +6.836904455e+01 +5.915904455e+01 +5.915904455e+01
946 +5.654341791e+01 +5.654341791e+01 +4.733341791e+01 +4.733341791e+01
968 +4.509710646e+01 +4.509710646e+01 +3.588710646e+01 +3.588710646e+01
1034 +3.824133881e+01 +3.824133881e+01 +2.903133881e+01 +2.903133881e+01
1056 +3.132861764e+01 +3.132861764e+01 +2.211861764e+01 +2.211861764e+01
1085 +3.023325006e+01 +3.023325006e+01 +2.102325006e+01 +2.102325006e+01
1100 +2.773530568e+01 +2.773530568e+01 +1.852530568e+01 +1.852530568e+01
1122 +2.359451870e+01 +2.359451870e+01 +1.438451870e+01 +1.438451870e+01
1150 +2.085737728e+01 +2.085737728e+01 +1.164737728e+01 +1.164737728e+01
1166 +1.857798550e+01 +1.857798550e+01 +9.367985501e+00 +9.367985501e+00
1207 +1.570244719e+01 +1.570244719e+01 +6.492447187e+00 +6.492447187e+00
1232 +1.409512535e+01 +1.409512535e+01 +4.885125352e+00 +4.885125352e+00
1242 +8.959955286e+00 +8.959955286e+00 -2.500447137e-01 -2.500447137e-01
1286 +8.713404407e+00 +8.713404407e+00 -4.965955931e-01 -4.965955931e-01
1290 +8.476637476e+00 +8.476637476e+00 -7.333625243e-01 -7.333625243e-01
1298 +7.096657479e+00 +7.096657479e+00 -2.113342521e+00 -2.113342521e+00
1324 +6.604234026e+00 +6.604234026e+00 -2.605765974e+00 -2.605765974e+00
1327 +2.495565574e+00 +2.495565574e+00 -6.714434426e+00 -6.714434426e+00
1342 +1.475865236e+00 +1.475865236e+00 -7.734134764e+00 -7.734134764e+00
1364 +0.000000000e+00 +0.000000000e+00 -9.210000000e+00 -9.210000000e+00
% function evaluation | noise-free fitness - Fopt (6.559900000000e+02) | best noise-free fitness - Fopt | measured fitness | best measured fitness | x1 | x2...
1 +7.899082053e+02 +7.899082053e+02 +1.445898205e+03 +1.445898205e+03
134 +7.755339975e+02 +7.755339975e+02 +1.431523998e+03 +1.431523998e+03
215 +7.571762908e+02 +7.571762908e+02 +1.413166291e+03 +1.413166291e+03
232 +7.401659956e+02 +7.401659956e+02 +1.396155996e+03 +1.396155996e+03
280 +7.241736395e+02 +7.241736395e+02 +1.380163640e+03 +1.380163640e+03
338 +7.048307697e+02 +7.048307697e+02 +1.360820770e+03 +1.360820770e+03
361 +6.903479603e+02 +6.903479603e+02 +1.346337960e+03 +1.346337960e+03
398 +6.708809341e+02 +6.708809341e+02 +1.326870934e+03 +1.326870934e+03
407 +6.576247714e+02 +6.576247714e+02 +1.313614771e+03 +1.313614771e+03
423 +6.405064202e+02 +6.405064202e+02 +1.296496420e+03 +1.296496420e+03
448 +6.284019364e+02 +6.284019364e+02 +1.284391936e+03 +1.284391936e+03
470 +6.158988465e+02 +6.158988465e+02 +1.271888847e+03 +1.271888847e+03
487 +6.021860184e+02 +6.021860184e+02 +1.258176018e+03 +1.258176018e+03
511 +5.879401925e+02 +5.879401925e+02 +1.243930193e+03 +1.243930193e+03
513 +5.615880324e+02 +5.615880324e+02 +1.217578032e+03 +1.217578032e+03
546 +5.354511843e+02 +5.354511843e+02 +1.191441184e+03 +1.191441184e+03
554 +5.191719007e+02 +5.191719007e+02 +1.175161901e+03 +1.175161901e+03
575 +5.075850612e+02 +5.075850612e+02 +1.163575061e+03 +1.163575061e+03
581 +4.861582310e+02 +4.861582310e+02 +1.142148231e+03 +1.142148231e+03
618 +4.768050080e+02 +4.768050080e+02 +1.132795008e+03 +1.132795008e+03
623 +4.319027325e+02 +4.319027325e+02 +1.087892733e+03 +1.087892733e+03
652 +4.265062271e+02 +4.265062271e+02 +1.082496227e+03 +1.082496227e+03
656 +4.156710002e+02 +4.156710002e+02 +1.071661000e+03 +1.071661000e+03
669 +3.950403738e+02 +3.950403738e+02 +1.051030374e+03 +1.051030374e+03
676 +3.854876980e+02 +3.854876980e+02 +1.041477698e+03 +1.041477698e+03
684 +3.725625754e+02 +3.725625754e+02 +1.028552575e+03 +1.028552575e+03
698 +3.552116775e+02 +3.552116775e+02 +1.011201677e+03 +1.011201677e+03
715 +3.356520643e+02 +3.356520643e+02 +9.916420643e+02 +9.916420643e+02
734 +3.239184928e+02 +3.239184928e+02 +9.799084928e+02 +9.799084928e+02
748 +3.215686561e+02 +3.215686561e+02 +9.775586561e+02 +9.775586561e+02
753 +3.045645435e+02 +3.045645435e+02 +9.605545435e+02 +9.605545435e+02
758 +2.840410144e+02 +2.840410144e+02 +9.400310144e+02 +9.400310144e+02
770 +2.807044463e+02 +2.807044463e+02 +9.366944463e+02 +9.366944463e+02
780 +2.601189059e+02 +2.601189059e+02 +9.161089059e+02 +9.161089059e+02
810 +2.283262097e+02 +2.283262097e+02 +8.843162097e+02 +8.843162097e+02
830 +2.114013437e+02 +2.114013437e+02 +8.673913437e+02 +8.673913437e+02
858 +1.862546406e+02 +1.862546406e+02 +8.422446406e+02 +8.422446406e+02
867 +1.823726439e+02 +1.823726439e+02 +8.383626439e+02 +8.383626439e+02
880 +1.640304584e+02 +1.640304584e+02 +8.200204584e+02 +8.200204584e+02
888 +1.618138861e+02 +1.618138861e+02 +8.178038861e+02 +8.178038861e+02
902 +1.405894569e+02 +1.405894569e+02 +7.965794569e+02 +7.965794569e+02
908 +1.339081574e+02 +1.339081574e+02 +7.898981574e+02 +7.898981574e+02
924 +1.159916650e+02 +1.159916650e+02 +7.719816650e+02 +7.719816650e+02
939 +7.098180164e+01 +7.098180164e+01 +7.269718016e+02 +7.269718016e+02
948 +6.857768698e+01 +6.857768698e+01 +7.245676870e+02 +7.245676870e+02
990 +6.690853989e+01 +6.690853989e+01 +7.228985399e+02 +7.228985399e+02
1012 +6.300617433e+01 +6.300617433e+01 +7.189961743e+02 +7.189961743e+02
1034 +4.891125401e+01 +4.891125401e+01 +7.049012540e+02 +7.049012540e+02
1056 +3.953555759e+01 +3.953555759e+01 +6.955255576e+02 +6.955255576e+02
1058 +3.411979103e+01 +3.411979103e+01 +6.901097910e+02 +6.901097910e+02
1100 +3.272652814e+01 +3.272652814e+01 +6.887165281e+02 +6.887165281e+02
1122 +2.153851742e+01 +2.153851742e+01 +6.775285174e+02 +6.775285174e+02
1144 +1.789461030e+01 +1.789461030e+01 +6.738846103e+02 +6.738846103e+02
1166 +1.694241939e+01 +1.694241939e+01 +6.729324194e+02 +6.729324194e+02
1188 +1.452865884e+01 +1.452865884e+01 +6.705186588e+02 +6.705186588e+02
1210 +1.206839917e+01 +1.206839917e+01 +6.680583992e+02 +6.680583992e+02
1230 +2.983549791e+00 +2.983549791e+00 +6.589735498e+02 +6.589735498e+02
1276 +1.752324965e+00 +1.752324965e+00 +6.577423250e+02 +6.577423250e+02
1372 +5.667226909e-01 +5.667226909e-01 +6.565567227e+02 +6.565567227e+02
1386 +5.577225228e-01 +5.577225228e-01 +6.565477225e+02 +6.565477225e+02
1391 +2.752805516e-01 +2.752805516e-01 +6.562652806e+02 +6.562652806e+02
1462 +0.000000000e+00 +0.000000000e+00 +6.559900000e+02 +6.559900000e+02
% function evaluation | noise-free fitness - Fopt (6.671000000000e+01) | best noise-free fitness - Fopt | measured fitness | best measured fitness | x1 | x2...
1 +7.899082053e+02 +7.899082053e+02 +8.566182053e+02 +8.566182053e+02
2 +6.972425808e+02 +6.972425808e+02 +7.639525808e+02 +7.639525808e+02
17 +6.894557043e+02 +6.894557043e+02 +7.561657043e+02 +7.561657043e+02
116 +6.757805127e+02 +6.757805127e+02 +7.424905127e+02 +7.424905127e+02
184 +6.551794032e+02 +6.551794032e+02 +7.218894032e+02 +7.218894032e+02
233 +6.453206864e+02 +6.453206864e+02 +7.120306864e+02 +7.120306864e+02
268 +6.309181266e+02 +6.309181266e+02 +6.976281266e+02 +6.976281266e+02
314 +6.134830182e+02 +6.134830182e+02 +6.801930182e+02 +6.801930182e+02
343 +5.963739696e+02 +5.963739696e+02 +6.630839696e+02 +6.630839696e+02
357 +5.851304446e+02 +5.851304446e+02 +6.518404446e+02 +6.518404446e+02
382 +5.704903977e+02 +5.704903977e+02 +6.372003977e+02 +6.372003977e+02
422 +5.609172751e+02 +5.609172751e+02 +6.276272751e+02 +6.276272751e+02
423 +5.230780175e+02 +5.230780175e+02 +5.897880175e+02 +5.897880175e+02
450 +5.084055257e+02 +5.084055257e+02 +5.751155257e+02 +5.751155257e+02
461 +4.871114769e+02 +4.871114769e+02 +5.538214769e+02 +5.538214769e+02
490 +4.760262517e+02 +4.760262517e+02 +5.427362517e+02 +5.427362517e+02
510 +4.671662916e+02 +4.671662916e+02 +5.338762916e+02 +5.338762916e+02
512 +4.503009392e+02 +4.503009392e+02 +5.170109392e+02 +5.170109392e+02
513 +4.449505057e+02 +4.449505057e+02 +5.116605057e+02 +5.116605057e+02
533 +4.322451516e+02 +4.322451516e+02 +4.989551516e+02 +4.989551516e+02
537 +4.259845354e+02 +4.259845354e+02 +4.926945354e+02 +4.926945354e+02
552 +4.062184366e+02 +4.062184366e+02 +4.729284366e+02 +4.729284366e+02
578 +3.796076021e+02 +3.796076021e+02 +4.463176021e+02 +4.463176021e+02
588 +3.613293108e+02 +3.613293108e+02 +4.280393108e+02 +4.280393108e+02
614 +3.521222534e+02 +3.521222534e+02 +4.188322534e+02 +4.188322534e+02
620 +3.261862339e+02 +3.261862339e+02 +3.928962339e+02 +3.928962339e+02
629 +3.226692286e+02 +3.226692286e+02 +3.893792286e+02 +3.893792286e+02
631 +3.094532833e+02 +3.094532833e+02 +3.761632833e+02 +3.761632833e+02
638 +3.066563845e+02 +3.066563845e+02 +3.733663845e+02 +3.733663845e+02
642 +2.752314310e+02 +2.752314310e+02 +3.419414310e+02 +3.419414310e+02
664 +2.586478492e+02 +2.586478492e+02 +3.253578492e+02 +3.253578492e+02
691 +2.511303204e+02 +2.511303204e+02 +3.178403204e+02 +3.178403204e+02
720 +2.390933572e+02 +2.390933572e+02 +3.058033572e+02 +3.058033572e+02
737 +2.209510893e+02 +2.209510893e+02 +2.876610893e+02 +2.876610893e+02
753 +2.083013414e+02 +2.083013414e+02 +2.750113414e+02 +2.750113414e+02
762 +1.916506646e+02 +1.916506646e+02 +2.583606646e+02 +2.583606646e+02
783 +1.888694781e+02 +1.888694781e+02 +2.555794781e+02 +2.555794781e+02
784 +1.791426435e+02 +1.791426435e+02 +2.458526435e+02 +2.458526435e+02
794 +1.580919132e+02 +1.580919132e+02 +2.248019132e+02 +2.248019132e+02
810 +1.437883288e+02 +1.437883288e+02 +2.104983288e+02 +2.104983288e+02
824 +1.379391718e+02 +1.379391718e+02 +2.046491718e+02 +2.046491718e+02
836 +1.247863808e+02 +1.247863808e+02 +1.914963808e+02 +1.914963808e+02
871 +1.150846043e+02 +1.150846043e+02 +1.817946043e+02 +1.817946043e+02
902 +1.113068934e+02 +1.113068934e+02 +1.780168934e+02 +1.780168934e+02
924 +1.007181757e+02 +1.007181757e+02 +1.674281757e+02 +1.674281757e+02
946 +9.218383009e+01 +9.218383009e+01 +1.588938301e+02 +1.588938301e+02
955 +8.066337395e+01 +8.066337395e+01 +1.473733739e+02 +1.473733739e+02
968 +6.639325822e+01 +6.639325822e+01 +1.331032582e+02 +1.331032582e+02
1012 +4.810662159e+01 +4.810662159e+01 +1.148166216e+02 +1.148166216e+02
1034 +4.325049133e+01 +4.325049133e+01 +1.099604913e+02 +1.099604913e+02
1078 +4.105204053e+01 +4.105204053e+01 +1.077620405e+02 +1.077620405e+02
1100 +3.734538541e+01 +3.734538541e+01 +1.040553854e+02 +1.040553854e+02
1122 +3.312869672e+01 +3.312869672e+01 +9.983869672e+01 +9.983869672e+01
1131 +3.091208220e+01 +3.091208220e+01 +9.762208220e+01 +9.762208220e+01
1144 +2.427624253e+01 +2.427624253e+01 +9.098624253e+01 +9.098624253e+01
1151 +2.253132183e+01 +2.253132183e+01 +8.924132183e+01 +8.924132183e+01
1166 +1.992433527e+01 +1.992433527e+01 +8.663433527e+01 +8.663433527e+01
1188 +1.882312764e+01 +1.882312764e+01 +8.553312764e+01 +8.553312764e+01
1217 +1.708701525e+01 +1.708701525e+01 +8.379701525e+01 +8.379701525e+01
1232 +1.345974181e+01 +1.345974181e+01 +8.016974181e+01 +8.016974181e+01
1264 +1.153687592e+01 +1.153687592e+01 +7.824687592e+01 +7.824687592e+01
1276 +1.116072712e+01 +1.116072712e+01 +7.787072712e+01 +7.787072712e+01
1320 +9.242945966e+00 +9.242945966e+00 +7.595294597e+01 +7.595294597e+01
1324 +6.814331176e+00 +6.814331176e+00 +7.352433118e+01 +7.352433118e+01
1330 +5.691775825e+00 +5.691775825e+00 +7.240177583e+01 +7.240177583e+01
1342 +3.324774105e+00 +3.324774105e+00 +7.003477410e+01 +7.003477410e+01
1356 +2.233337495e+00 +2.233337495e+00 +6.894333749e+01 +6.894333749e+01
1364 +1.203186822e+00 +1.203186822e+00 +6.791318682e+01 +6.791318682e+01
1419 +3.969704322e-02 +3.969704322e-02 +6.674969704e+01 +6.674969704e+01
1430 +0.000000000e+00 +0.000000000e+00 +6.671000000e+01 +6.671000000e+01
% function evaluation | noise-free fitness - Fopt (9.416700000000e+02) | best noise-free fitness - Fopt | measured fitness | best measured fitness | x1 | x2...
1 +7.899082053e+02 +7.899082053e+02 +1.731578205e+03 +1.731578205e+03
207 +7.696852886e+02 +7.696852886e+02 +1.711355289e+03 +1.711355289e+03
254 +7.521375646e+02 +7.521375646e+02 +1.693807565e+03 +1.693807565e+03
311 +7.370902121e+02 +7.370902121e+02 +1.678760212e+03 +1.678760212e+03
339 +7.145853360e+02 +7.145853360e+02 +1.656255336e+03 +1.656255336e+03
362 +7.056851578e+02 +7.056851578e+02 +1.647355158e+03 +1.647355158e+03
398 +6.916874057e+02 +6.916874057e+02 +1.633357406e+03 +1.633357406e+03
443 +6.618337100e+02 +6.618337100e+02 +1.603503710e+03 +1.603503710e+03
466 +6.545037279e+02 +6.545037279e+02 +1.596173728e+03 +1.596173728e+03
486 +6.419870879e+02 +6.419870879e+02 +1.583657088e+03 +1.583657088e+03
491 +6.033033976e+02 +6.033033976e+02 +1.544973398e+03 +1.544973398e+03
514 +5.856690930e+02 +5.856690930e+02 +1.527339093e+03 +1.527339093e+03
552 +5.680266292e+02 +5.680266292e+02 +1.509696629e+03 +1.509696629e+03
574 +5.606994337e+02 +5.606994337e+02 +1.502369434e+03 +1.502369434e+03
580 +5.078430283e+02 +5.078430283e+02 +1.449513028e+03 +1.449513028e+03
599 +4.793768291e+02 +4.793768291e+02 +1.421046829e+03 +1.421046829e+03
624 +4.674991201e+02 +4.674991201e+02 +1.409169120e+03 +1.409169120e+03
643 +4.489640876e+02 +4.489640876e+02 +1.390634088e+03 +1.390634088e+03
650 +4.200111570e+02 +4.200111570e+02 +1.361681157e+03 +1.361681157e+03
694 +4.164248034e+02 +4.164248034e+02 +1.358094803e+03 +1.358094803e+03
695 +3.933305189e+02 +3.933305189e+02 +1.335000519e+03 +1.335000519e+03
716 +3.607406120e+02 +3.607406120e+02 +1.302410612e+03 +1.302410612e+03
739 +3.369322919e+02 +3.369322919e+02 +1.278602292e+03 +1.278602292e+03
755 +3.289514657e+02 +3.289514657e+02 +1.270621466e+03 +1.270621466e+03
762 +3.087005958e+02 +3.087005958e+02 +1.250370596e+03 +1.250370596e+03
773 +2.917397996e+02 +2.917397996e+02 +1.233409800e+03 +1.233409800e+03
777 +2.781223029e+02 +2.781223029e+02 +1.219792303e+03 +1.219792303e+03
792 +2.725404598e+02 +2.725404598e+02 +1.214210460e+03 +1.214210460e+03
798 +2.480456624e+02 +2.480456624e+02 +1.189715662e+03 +1.189715662e+03
811 +2.424007725e+02 +2.424007725e+02 +1.184070773e+03 +1.184070773e+03
822 +2.338547469e+02 +2.338547469e+02 +1.175524747e+03 +1.175524747e+03
836 +2.189968884e+02 +2.189968884e+02 +1.160666888e+03 +1.160666888e+03
839 +1.928707763e+02 +1.928707763e+02 +1.134540776e+03 +1.134540776e+03
858 +1.797628159e+02 +1.797628159e+02 +1.121432816e+03 +1.121432816e+03
865 +1.715116858e+02 +1.715116858e+02 +1.113181686e+03 +1.113181686e+03
868 +1.529883569e+02 +1.529883569e+02 +1.094658357e+03 +1.094658357e+03
882 +1.505516871e+02 +1.505516871e+02 +1.092221687e+03 +1.092221687e+03
888 +1.441460433e+02 +1.441460433e+02 +1.085816043e+03 +1.085816043e+03
894 +1.369895683e+02 +1.369895683e+02 +1.078659568e+03 +1.078659568e+03
902 +1.298431002e+02 +1.298431002e+02 +1.071513100e+03 +1.071513100e+03
924 +1.265236343e+02 +1.265236343e+02 +1.068193634e+03 +1.068193634e+03
946 +1.199360102e+02 +1.199360102e+02 +1.061606010e+03 +1.061606010e+03
955 +1.079294172e+02 +1.079294172e+02 +1.049599417e+03 +1.049599417e+03
968 +1.023453473e+02 +1.023453473e+02 +1.044015347e+03 +1.044015347e+03
985 +8.502972760e+01 +8.502972760e+01 +1.026699728e+03 +1.026699728e+03
1012 +7.353638649e+01 +7.353638649e+01 +1.015206386e+03 +1.015206386e+03
1034 +6.346283962e+01 +6.346283962e+01 +1.005132840e+03 +1.005132840e+03
1056 +5.849767818e+01 +5.849767818e+01 +1.000167678e+03 +1.000167678e+03
1097 +4.882991600e+01 +4.882991600e+01 +9.904999160e+02 +9.904999160e+02
1122 +3.987508459e+01 +3.987508459e+01 +9.815450846e+02 +9.815450846e+02
1144 +3.683235241e+01 +3.683235241e+01 +9.785023524e+02 +9.785023524e+02
1159 +3.623950073e+01 +3.623950073e+01 +9.779095007e+02 +9.779095007e+02
1166 +3.051453423e+01 +3.051453423e+01 +9.721845342e+02 +9.721845342e+02
1276 +2.365015781e+01 +2.365015781e+01 +9.653201578e+02 +9.653201578e+02
1298 +2.046453462e+01 +2.046453462e+01 +9.621345346e+02 +9.621345346e+02
1320 +1.823496733e+01 +1.823496733e+01 +9.599049673e+02 +9.599049673e+02
1337 +1.758152185e+01 +1.758152185e+01 +9.592515219e+02 +9.592515219e+02
1341 +1.520048772e+01 +1.520048772e+01 +9.568704877e+02 +9.568704877e+02
1342 +1.265363911e+01 +1.265363911e+01 +9.543236391e+02 +9.543236391e+02
1363 +1.135457844e+01 +1.135457844e+01 +9.530245784e+02 +9.530245784e+02
1364 +1.038132663e+01 +1.038132663e+01 +9.520513266e+02 +9.520513266e+02
1368 +6.986940435e+00 +6.986940435e+00 +9.486569404e+02 +9.486569404e+02
1386 +6.419110865e+00 +6.419110865e+00 +9.480891109e+02 +9.480891109e+02
1408 +4.527473140e+00 +4.527473140e+00 +9.461974731e+02 +9.461974731e+02
1425 +3.921741390e+00 +3.921741390e+00 +9.455917414e+02 +9.455917414e+02
1430 +1.971234329e+00 +1.971234329e+00 +9.436412343e+02 +9.436412343e+02
1436 +1.281074657e+00 +1.281074657e+00 +9.429510747e+02 +9.429510747e+02
1452 +3.518670484e-01 +3.518670484e-01 +9.420218670e+02 +9.420218670e+02
1502 +0.000000000e+00 +0.000000000e+00 +9.416700000e+02 +9.416700000e+02
% function evaluation | noise-free fitness - Fopt (-3.745000000000e+01) | best noise-free fitness - Fopt | measured fitness | best measured fitness | x1 | x2...
1 +7.899082053e+02 +7.899082053e+02 +7.524582053e+02 +7.524582053e+02
4 +7.755942294e+02 +7.755942294e+02 +7.381442294e+02 +7.381442294e+02
90 +7.582083237e+02 +7.582083237e+02 +7.207583237e+02 +7.207583237e+02
172 +7.371220505e+02 +7.371220505e+02 +6.996720505e+02 +6.996720505e+02
226 +7.231485809e+02 +7.231485809e+02 +6.856985809e+02 +6.856985809e+02
246 +7.057678500e+02 +7.057678500e+02 +6.683178500e+02 +6.683178500e+02
297 +6.911821912e+02 +6.911821912e+02 +6.537321912e+02 +6.537321912e+02
333 +6.742020849e+02 +6.742020849e+02 +6.367520849e+02 +6.367520849e+02
335 +6.586802052e+02 +6.586802052e+02 +6.212302052e+02 +6.212302052e+02
388 +6.418125194e+02 +6.418125194e+02 +6.043625194e+02 +6.043625194e+02
428 +6.282831182e+02 +6.282831182e+02 +5.908331182e+02 +5.908331182e+02
451 +6.157797817e+02 +6.157797817e+02 +5.783297817e+02 +5.783297817e+02
468 +6.023469603e+02 +6.023469603e+02 +5.648969603e+02 +5.648969603e+02
478 +5.754164330e+02 +5.754164330e+02 +5.379664330e+02 +5.379664330e+02
496 +5.556619336e+02 +5.556619336e+02 +5.182119336e+02 +5.182119336e+02
530 +5.220539143e+02 +5.220539143e+02 +4.846039143e+02 +4.846039143e+02
553 +5.049802966e+02 +5.049802966e+02 +4.675302966e+02 +4.675302966e+02
555 +4.729420227e+02 +4.729420227e+02 +4.354920227e+02 +4.354920227e+02
574 +4.416552872e+02 +4.416552872e+02 +4.042052872e+02 +4.042052872e+02
612 +4.150070329e+02 +4.150070329e+02 +3.775570329e+02 +3.775570329e+02
634 +4.065845533e+02 +4.065845533e+02 +3.691345533e+02 +3.691345533e+02
635 +3.967655454e+02 +3.967655454e+02 +3.593155454e+02 +3.593155454e+02
645 +3.858042292e+02 +3.858042292e+02 +3.483542292e+02 +3.483542292e+02
649 +3.315983910e+02 +3.315983910e+02 +2.941483910e+02 +2.941483910e+02
669 +3.265952291e+02 +3.265952291e+02 +2.891452291e+02 +2.891452291e+02
702 +3.070617783e+02 +3.070617783e+02 +2.696117783e+02 +2.696117783e+02
726 +2.786348741e+02 +2.786348741e+02 +2.411848741e+02 +2.411848741e+02
730 +2.277294644e+02 +2.277294644e+02 +1.902794644e+02 +1.902794644e+02
754 +2.166748535e+02 +2.166748535e+02 +1.792248535e+02 +1.792248535e+02
760 +2.128458487e+02 +2.128458487e+02 +1.753958487e+02 +1.753958487e+02
792 +1.938611450e+02 +1.938611450e+02 +1.564111450e+02 +1.564111450e+02
795 +1.892302448e+02 +1.892302448e+02 +1.517802448e+02 +1.517802448e+02
814 +1.806549177e+02 +1.806549177e+02 +1.432049177e+02 +1.432049177e+02
836 +1.643953360e+02 +1.643953360e+02 +1.269453360e+02 +1.269453360e+02
852 +1.545626582e+02 +1.545626582e+02 +1.171126582e+02 +1.171126582e+02
858 +1.411790987e+02 +1.411790987e+02 +1.037290987e+02 +1.037290987e+02
899 +1.374651496e+02 +1.374651496e+02 +1.000151496e+02 +1.000151496e+02
902 +1.325435780e+02 +1.325435780e+02 +9.509357803e+01 +9.509357803e+01
916 +1.202656564e+02 +1.202656564e+02 +8.281565641e+01 +8.281565641e+01
946 +1.088073646e+02 +1.088073646e+02 +7.135736464e+01 +7.135736464e+01
968 +9.978312672e+01 +9.978312672e+01 +6.233312672e+01 +6.233312672e+01
990 +9.577505402e+01 +9.577505402e+01 +5.832505402e+01 +5.832505402e+01
1012 +9.012240944e+01 +9.012240944e+01 +5.267240944e+01 +5.267240944e+01
1034 +8.475802208e+01 +8.475802208e+01 +4.730802208e+01 +4.730802208e+01
1042 +7.711409772e+01 +7.711409772e+01 +3.966409772e+01 +3.966409772e+01
1056 +6.722146223e+01 +6.722146223e+01 +2.977146223e+01 +2.977146223e+01
1075 +6.100195558e+01 +6.100195558e+01 +2.355195558e+01 +2.355195558e+01
1078 +5.916291464e+01 +5.916291464e+01 +2.171291464e+01 +2.171291464e+01
1100 +5.568269859e+01 +5.568269859e+01 +1.823269859e+01 +1.823269859e+01
1118 +5.418245695e+01 +5.418245695e+01 +1.673245695e+01 +1.673245695e+01
1122 +5.244698937e+01 +5.244698937e+01 +1.499698937e+01 +1.499698937e+01
1128 +4.860401151e+01 +4.860401151e+01 +1.115401151e+01 +1.115401151e+01
1144 +4.127243138e+01 +4.127243138e+01 +3.822431383e+00 +3.822431383e+00
1188 +3.604946372e+01 +3.604946372e+01 -1.400536276e+00 -1.400536276e+00
1210 +3.214011357e+01 +3.214011357e+01 -5.309886429e+00 -5.309886429e+00
1212 +3.019383848e+01 +3.019383848e+01 -7.256161520e+00 -7.256161520e+00
1230 +2.781755011e+01 +2.781755011e+01 -9.632449894e+00 -9.632449894e+00
1232 +2.442810434e+01 +2.442810434e+01 -1.302189566e+01 -1.302189566e+01
1254 +2.150077050e+01 +2.150077050e+01 -1.594922950e+01 -1.594922950e+01
1298 +1.983966380e+01 +1.983966380e+01 -1.761033620e+01 -1.761033620e+01
1317 +1.856660173e+01 +1.856660173e+01 -1.888339827e+01 -1.888339827e+01
1320 +1.553983117e+01 +1.553983117e+01 -2.191016883e+01 -2.191016883e+01
1342 +1.259384495e+01 +1.259384495e+01 -2.485615505e+01 -2.485615505e+01
1364 +1.231075193e+01 +1.231075193e+01 -2.513924807e+01 -2.513924807e+01
1386 +8.290098439e+00 +8.290098439e+00 -2.915990156e+01 -2.915990156e+01
1430 +8.052691258e+00 +8.052691258e+00 -2.939730874e+01 -2.939730874e+01
1442 +6.673619550e+00 +6.673619550e+00 -3.077638045e+01 -3.077638045e+01
1452 +2.679009036e+00 +2.679009036e+00 -3.477099096e+01 -3.477099096e+01
1464 +2.206910350e+00 +2.206910350e+00 -3.524308965e+01 -3.524308965e+01
1474 +5.096157514e-01 +5.096157514e-01 -3.694038425e+01 -3.694038425e+01
1562 +0.000000000e+00 +0.000000000e+00 -3.745000000e+01 -3.745000000e+01
% function evaluation | noise-free fitness - Fopt (3.680300000000e+02) | best noise-free fitness - Fopt | measured fitness | best measured fitness | x1 | x2...
1 +7.899082053e+02 +7.899082053e+02 +1.157938205e+03 +1.157938205e+03
475 +7.725848764e+02 +7.725848764e+02 +1.140614876e+03 +1.140614876e+03
508 +7.528180599e+02 +7.528180599e+02 +1.120848060e+03 +1.120848060e+03
541 +7.396589681e+02 +7.396589681e+02 +1.107688968e+03 +1.107688968e+03
561 +7.205893635e+02 +7.205893635e+02 +1.088619364e+03 +1.088619364e+03
577 +7.050768325e+02 +7.050768325e+02 +1.073106833e+03 +1.073106833e+03
596 +6.519252591e+02 +6.519252591e+02 +1.019955259e+03 +1.019955259e+03
618 +6.417920377e+02 +6.417920377e+02 +1.009822038e+03 +1.009822038e+03
619 +6.300516728e+02 +6.300516728e+02 +9.980816728e+02 +9.980816728e+02
642 +6.058112551e+02 +6.058112551e+02 +9.738412551e+02 +9.738412551e+02
655 +5.735132558e+02 +5.735132558e+02 +9.415432558e+02 +9.415432558e+02
679 +5.487971782e+02 +5.487971782e+02 +9.168271782e+02 +9.168271782e+02
692 +5.308609441e+02 +5.308609441e+02 +8.988909441e+02 +8.988909441e+02
712 +5.134085199e+02 +5.134085199e+02 +8.814385199e+02 +8.814385199e+02
723 +5.025003091e+02 +5.025003091e+02 +8.705303091e+02 +8.705303091e+02
731 +4.661595797e+02 +4.661595797e+02 +8.341895797e+02 +8.341895797e+02
746 +4.488050325e+02 +4.488050325e+02 +8.168350325e+02 +8.168350325e+02
764 +4.395394710e+02 +4.395394710e+02 +8.075694710e+02 +8.075694710e+02
773 +4.095800171e+02 +4.095800171e+02 +7.776100171e+02 +7.776100171e+02
780 +3.743483238e+02 +3.743483238e+02 +7.423783238e+02 +7.423783238e+02
798 +3.249228023e+02 +3.249228023e+02 +6.929528023e+02 +6.929528023e+02
826 +2.851546077e+02 +2.851546077e+02 +6.531846077e+02 +6.531846077e+02
858 +2.772870169e+02 +2.772870169e+02 +6.453170169e+02 +6.453170169e+02
863 +2.529527453e+02 +2.529527453e+02 +6.209827453e+02 +6.209827453e+02
880 +2.391056562e+02 +2.391056562e+02 +6.071356562e+02 +6.071356562e+02
882 +2.172615252e+02 +2.172615252e+02 +5.852915252e+02 +5.852915252e+02
892 +2.061793944e+02 +2.061793944e+02 +5.742093944e+02 +5.742093944e+02
902 +1.989024031e+02 +1.989024031e+02 +5.669324031e+02 +5.669324031e+02
924 +1.910657072e+02 +1.910657072e+02 +5.590957072e+02 +5.590957072e+02
933 +1.903692814e+02 +1.903692814e+02 +5.583992814e+02 +5.583992814e+02
938 +1.837478153e+02 +1.837478153e+02 +5.517778153e+02 +5.517778153e+02
946 +1.589549804e+02 +1.589549804e+02 +5.269849804e+02 +5.269849804e+02
965 +1.430402479e+02 +1.430402479e+02 +5.110702479e+02 +5.110702479e+02
990 +1.385155176e+02 +1.385155176e+02 +5.065455176e+02 +5.065455176e+02
1010 +1.284611022e+02 +1.284611022e+02 +4.964911022e+02 +4.964911022e+02
1034 +1.191849621e+02 +1.191849621e+02 +4.872149621e+02 +4.872149621e+02
1043 +1.024658096e+02 +1.024658096e+02 +4.704958096e+02 +4.704958096e+02
1047 +8.712648400e+01 +8.712648400e+01 +4.551564840e+02 +4.551564840e+02
1056 +7.875830065e+01 +7.875830065e+01 +4.467883006e+02 +4.467883006e+02
1074 +7.321072866e+01 +7.321072866e+01 +4.412407287e+02 +4.412407287e+02
1078 +5.153157847e+01 +5.153157847e+01 +4.195615785e+02 +4.195615785e+02
1122 +4.832273871e+01 +4.832273871e+01 +4.163527387e+02 +4.163527387e+02
1133 +4.767366323e+01 +4.767366323e+01 +4.157036632e+02 +4.157036632e+02
1144 +4.214665621e+01 +4.214665621e+01 +4.101766562e+02 +4.101766562e+02
1166 +2.922864171e+01 +2.922864171e+01 +3.972586417e+02 +3.972586417e+02
1210 +2.530555396e+01 +2.530555396e+01 +3.933355540e+02 +3.933355540e+02
1231 +2.087094867e+01 +2.087094867e+01 +3.889009487e+02 +3.889009487e+02
1232 +1.326977096e+01 +1.326977096e+01 +3.812997710e+02 +3.812997710e+02
1276 +8.879612910e+00 +8.879612910e+00 +3.769096129e+02 +3.769096129e+02
1298 +4.214682454e+00 +4.214682454e+00 +3.722446825e+02 +3.722446825e+02
1342 +1.939289027e+00 +1.939289027e+00 +3.699692890e+02 +3.699692890e+02
1364 +0.000000000e+00 +0.000000000e+00 +3.680300000e+02 +3.680300000e+02
% function evaluation | noise-free fitness - Fopt (1.426000000000e+01) | best noise-free fitness - Fopt | measured fitness | best measured fitness | x1 | x2...
1 +7.899082053e+02 +7.899082053e+02 +8.041682053e+02 +8.041682053e+02
2 +7.392216194e+02 +7.392216194e+02 +7.534816194e+02 +7.534816194e+02
57 +7.244034726e+02 +7.244034726e+02 +7.386634726e+02 +7.386634726e+02
160 +7.052453866e+02 +7.052453866e+02 +7.195053866e+02 +7.195053866e+02
217 +6.886172658e+02 +6.886172658e+02 +7.028772658e+02 +7.028772658e+02
266 +6.736153484e+02 +6.736153484e+02 +6.878753484e+02 +6.878753484e+02
312 +6.440257956e+02 +6.440257956e+02 +6.582857956e+02 +6.582857956e+02
357 +6.175432589e+02 +6.175432589e+02 +6.318032589e+02 +6.318032589e+02
383 +6.136249001e+02 +6.136249001e+02 +6.278849001e+02 +6.278849001e+02
417 +5.909965584e+02 +5.909965584e+02 +6.052565584e+02 +6.052565584e+02
420 +5.862754736e+02 +5.862754736e+02 +6.005354736e+02 +6.005354736e+02
434 +5.721818766e+02 +5.721818766e+02 +5.864418766e+02 +5.864418766e+02
446 +5.538350534e+02 +5.538350534e+02 +5.680950534e+02 +5.680950534e+02
476 +5.231998863e+02 +5.231998863e+02 +5.374598863e+02 +5.374598863e+02
509 +5.110082184e+02 +5.110082184e+02 +5.252682184e+02 +5.252682184e+02
522 +4.863626783e+02 +4.863626783e+02 +5.006226783e+02 +5.006226783e+02
534 +4.775034103e+02 +4.775034103e+02 +4.917634103e+02 +4.917634103e+02
560 +4.676794352e+02 +4.676794352e+02 +4.819394352e+02 +4.819394352e+02
572 +4.525939998e+02 +4.525939998e+02 +4.668539998e+02 +4.668539998e+02
574 +4.444547170e+02 +4.444547170e+02 +4.587147170e+02 +4.587147170e+02
575 +4.303703993e+02 +4.303703993e+02 +4.446303993e+02 +4.446303993e+02
614 +4.142150394e+02 +4.142150394e+02 +4.284750394e+02 +4.284750394e+02
618 +3.755708667e+02 +3.755708667e+02 +3.898308667e+02 +3.898308667e+02
634 +3.710974820e+02 +3.710974820e+02 +3.853574820e+02 +3.853574820e+02
640 +3.437862287e+02 +3.437862287e+02 +3.580462287e+02 +3.580462287e+02
650 +3.233643145e+02 +3.233643145e+02 +3.376243145e+02 +3.376243145e+02
662 +2.981775884e+02 +2.981775884e+02 +3.124375884e+02 +3.124375884e+02
671 +2.741517196e+02 +2.741517196e+02 +2.884117196e+02 +2.884117196e+02
704 +2.641968646e+02 +2.641968646e+02 +2.784568646e+02 +2.784568646e+02
726 +2.511930678e+02 +2.511930678e+02 +2.654530678e+02 +2.654530678e+02
748 +2.255427140e+02 +2.255427140e+02 +2.398027140e+02 +2.398027140e+02
750 +2.032133436e+02 +2.032133436e+02 +2.174733436e+02 +2.174733436e+02
764 +1.990352886e+02 +1.990352886e+02 +2.132952886e+02 +2.132952886e+02
770 +1.881432633e+02 +1.881432633e+02 +2.024032633e+02 +2.024032633e+02
799 +1.679548845e+02 +1.679548845e+02 +1.822148845e+02 +1.822148845e+02
830 +1.624888353e+02 +1.624888353e+02 +1.767488353e+02 +1.767488353e+02
836 +1.447934135e+02 +1.447934135e+02 +1.590534135e+02 +1.590534135e+02
840 +1.230695032e+02 +1.230695032e+02 +1.373295032e+02 +1.373295032e+02
858 +1.226924849e+02 +1.226924849e+02 +1.369524849e+02 +1.369524849e+02
875 +1.058072195e+02 +1.058072195e+02 +1.200672195e+02 +1.200672195e+02
880 +9.787786441e+01 +9.787786441e+01 +1.121378644e+02 +1.121378644e+02
891 +9.369093000e+01 +9.369093000e+01 +1.079509300e+02 +1.079509300e+02
902 +8.405541401e+01 +8.405541401e+01 +9.831541401e+01 +9.831541401e+01
924 +6.776794778e+01 +6.776794778e+01 +8.202794778e+01 +8.202794778e+01
946 +6.459929117e+01 +6.459929117e+01 +7.885929117e+01 +7.885929117e+01
968 +6.143275387e+01 +6.143275387e+01 +7.569275387e+01 +7.569275387e+01
990 +5.928025821e+01 +5.928025821e+01 +7.354025821e+01 +7.354025821e+01
1006 +5.706375036e+01 +5.706375036e+01 +7.132375036e+01 +7.132375036e+01
1011 +4.502329343e+01 +4.502329343e+01 +5.928329343e+01 +5.928329343e+01
1012 +3.867221785e+01 +3.867221785e+01 +5.293221785e+01 +5.293221785e+01
1034 +3.030672378e+01 +3.030672378e+01 +4.456672378e+01 +4.456672378e+01
1056 +2.774132667e+01 +2.774132667e+01 +4.200132667e+01 +4.200132667e+01
1093 +1.800974139e+01 +1.800974139e+01 +3.226974139e+01 +3.226974139e+01
1100 +1.570543920e+01 +1.570543920e+01 +2.996543920e+01 +2.996543920e+01
1122 +1.439556964e+01 +1.439556964e+01 +2.865556964e+01 +2.865556964e+01
1144 +1.067072137e+01 +1.067072137e+01 +2.493072137e+01 +2.493072137e+01
1162 +1.041067795e+01 +1.041067795e+01 +2.467067795e+01 +2.467067795e+01
1166 +8.516600320e+00 +8.516600320e+00 +2.277660032e+01 +2.277660032e+01
1171 +6.630487507e+00 +6.630487507e+00 +2.089048751e+01 +2.089048751e+01
1187 +5.379945597e+00 +5.379945597e+00 +1.963994560e+01 +1.963994560e+01
1188 +2.139676378e+00 +2.139676378e+00 +1.639967638e+01 +1.639967638e+01
1254 +1.944562523e+00 +1.944562523e+00 +1.620456252e+01 +1.620456252e+01
1258 +3.315354659e-01 +3.315354659e-01 +1.459153547e+01 +1.459153547e+01
1260 +0.000000000e+00 +0.000000000e+00 +1.426000000e+01 +1.426000000e+01
% function evaluation | noise-free fitness - Fopt (6.240000000000e+01) | best noise-free fitness - Fopt | measured fitness | best measured fitness | x1 | x2...
1 +7.899082053e+02 +7.899082053e+02 +8.523082053e+02 +8.523082053e+02
2 +7.279517048e+02 +7.279517048e+02 +7.903517048e+02 +7.903517048e+02
3 +7.210024825e+02 +7.210024825e+02 +7.834024825e+02 +7.834024825e+02
54 +7.071216353e+02 +7.071216353e+02 +7.695216353e+02 +7.695216353e+02
138 +6.893157868e+02 +6.893157868e+02 +7.517157868e+02 +7.517157868e+02
209 +6.751733032e+02 +6.751733032e+02 +7.375733032e+02 +7.375733032e+02
255 +6.587713958e+02 +6.587713958e+02 +7.211713958e+02 +7.211713958e+02
288 +6.415600223e+02 +6.415600223e+02 +7.039600223e+02 +7.039600223e+02
323 +6.256206038e+02 +6.256206038e+02 +6.880206038e+02 +6.880206038e+02
344 +6.131775412e+02 +6.131775412e+02 +6.755775412e+02 +6.755775412e+02
360 +5.890260177e+02 +5.890260177e+02 +6.514260177e+02 +6.514260177e+02
386 +5.858013195e+02 +5.858013195e+02 +6.482013195e+02 +6.482013195e+02
391 +5.691952233e+02 +5.691952233e+02 +6.315952233e+02 +6.315952233e+02
413 +5.543532903e+02 +5.543532903e+02 +6.167532903e+02 +6.167532903e+02
421 +5.452529998e+02 +5.452529998e+02 +6.076529998e+02 +6.076529998e+02
428 +5.155821245e+02 +5.155821245e+02 +5.779821245e+02 +5.779821245e+02
456 +5.084886777e+02 +5.084886777e+02 +5.708886777e+02 +5.708886777e+02
469 +4.836392991e+02 +4.836392991e+02 +5.460392991e+02 +5.460392991e+02
499 +4.727205597e+02 +4.727205597e+02 +5.351205597e+02 +5.351205597e+02
514 +4.652987248e+02 +4.652987248e+02 +5.276987248e+02 +5.276987248e+02
520 +4.332363547e+02 +4.332363547e+02 +4.956363547e+02 +4.956363547e+02
534 +4.244265617e+02 +4.244265617e+02 +4.868265617e+02 +4.868265617e+02
552 +4.116663863e+02 +4.116663863e+02 +4.740663863e+02 +4.740663863e+02
560 +4.027302095e+02 +4.027302095e+02 +4.651302095e+02 +4.651302095e+02
572 +3.965645682e+02 +3.965645682e+02 +4.589645682e+02 +4.589645682e+02
577 +3.599359510e+02 +3.599359510e+02 +4.223359510e+02 +4.223359510e+02
607 +3.467573278e+02 +3.467573278e+02 +4.091573278e+02 +4.091573278e+02
616 +3.421849791e+02 +3.421849791e+02 +4.045849791e+02 +4.045849791e+02
621 +3.116419512e+02 +3.116419512e+02 +3.740419512e+02 +3.740419512e+02
630 +3.046485976e+02 +3.046485976e+02 +3.670485976e+02 +3.670485976e+02
643 +2.961272400e+02 +2.961272400e+02 +3.585272400e+02 +3.585272400e+02
654 +2.908149186e+02 +2.908149186e+02 +3.532149186e+02 +3.532149186e+02
660 +2.791360787e+02 +2.791360787e+02 +3.415360787e+02 +3.415360787e+02
667 +2.208580003e+02 +2.208580003e+02 +2.832580003e+02 +2.832580003e+02
704 +2.150306607e+02 +2.150306607e+02 +2.774306607e+02 +2.774306607e+02
708 +1.738809748e+02 +1.738809748e+02 +2.362809748e+02 +2.362809748e+02
726 +1.615545585e+02 +1.615545585e+02 +2.239545585e+02 +2.239545585e+02
744 +1.523611963e+02 +1.523611963e+02 +2.147611963e+02 +2.147611963e+02
746 +1.093064483e+02 +1.093064483e+02 +1.717064483e+02 +1.717064483e+02
775 +1.034906746e+02 +1.034906746e+02 +1.658906746e+02 +1.658906746e+02
814 +9.974443358e+01 +9.974443358e+01 +1.621444336e+02 +1.621444336e+02
836 +9.600217514e+01 +9.600217514e+01 +1.584021751e+02 +1.584021751e+02
873 +7.597373474e+01 +7.597373474e+01 +1.383737347e+02 +1.383737347e+02
892 +7.375140641e+01 +7.375140641e+01 +1.361514064e+02 +1.361514064e+02
902 +6.499440427e+01 +6.499440427e+01 +1.273944043e+02 +1.273944043e+02
924 +6.011031356e+01 +6.011031356e+01 +1.225103136e+02 +1.225103136e+02
946 +5.245068000e+01 +5.245068000e+01 +1.148506800e+02 +1.148506800e+02
957 +4.688710612e+01 +4.688710612e+01 +1.092871061e+02 +1.092871061e+02
968 +4.101536038e+01 +4.101536038e+01 +1.034153604e+02 +1.034153604e+02
990 +3.728786366e+01 +3.728786366e+01 +9.968786366e+01 +9.968786366e+01
998 +3.416195527e+01 +3.416195527e+01 +9.656195527e+01 +9.656195527e+01
1012 +2.762577056e+01 +2.762577056e+01 +9.002577056e+01 +9.002577056e+01
1082 +2.327191917e+01 +2.327191917e+01 +8.567191917e+01 +8.567191917e+01
1100 +1.687318551e+01 +1.687318551e+01 +7.927318551e+01 +7.927318551e+01
1107 +1.484920087e+01 +1.484920087e+01 +7.724920087e+01 +7.724920087e+01
1122 +9.060003720e+00 +9.060003720e+00 +7.146000372e+01 +7.146000372e+01
1144 +6.786680340e+00 +6.786680340e+00 +6.918668034e+01 +6.918668034e+01
1166 +3.608486948e+00 +3.608486948e+00 +6.600848695e+01 +6.600848695e+01
1232 +1.295503843e+00 +1.295503843e+00 +6.369550384e+01 +6.369550384e+01
1298 +1.089599187e+00 +1.089599187e+00 +6.348959919e+01 +6.348959919e+01
1320 +1.112628764e-01 +1.112628764e-01 +6.251126288e+01 +6.251126288e+01
1342 +0.000000000e+00 +0.000000000e+00 +6.240000000e+01 +6.240000000e+01
% function evaluation | noise-free fitness - Fopt (1.145900000000e+02) | best noise-free fitness - Fopt | measured fitness | best measured fitness | x1 | x2...
1 +7.899082053e+02 +7.899082053e+02 +9.044982053e+02 +9.044982053e+02
2 +7.338489703e+02 +7.338489703e+02 +8.484389703e+02 +8.484389703e+02
35 +7.240275641e+02 +7.240275641e+02 +8.386175641e+02 +8.386175641e+02
126 +7.060032353e+02 +7.060032353e+02 +8.205932353e+02 +8.205932353e+02
181 +6.870147549e+02 +6.870147549e+02 +8.016047549e+02 +8.016047549e+02
217 +6.695568742e+02 +6.695568742e+02 +7.841468742e+02 +7.841468742e+02
246 +6.600222119e+02 +6.600222119e+02 +7.746122119e+02 +7.746122119e+02
290 +6.402546374e+02 +6.402546374e+02 +7.548446374e+02 +7.548446374e+02
316 +6.144544082e+02 +6.144544082e+02 +7.290444082e+02 +7.290444082e+02
382 +6.020332578e+02 +6.020332578e+02 +7.166232578e+02 +7.166232578e+02
399 +5.842617800e+02 +5.842617800e+02 +6.988517800e+02 +6.988517800e+02
422 +5.631441899e+02 +5.631441899e+02 +6.777341899e+02 +6.777341899e+02
443 +5.447003507e+02 +5.447003507e+02 +6.592903507e+02 +6.592903507e+02
478 +5.218042949e+02 +5.218042949e+02 +6.363942949e+02 +6.363942949e+02
512 +5.021943952e+02 +5.021943952e+02 +6.167843952e+02 +6.167843952e+02
517 +5.009652077e+02 +5.009652077e+02 +6.155552077e+02 +6.155552077e+02
534 +4.840063820e+02 +4.840063820e+02 +5.985963820e+02 +5.985963820e+02
552 +4.684649566e+02 +4.684649566e+02 +5.830549566e+02 +5.830549566e+02
557 +4.571539786e+02 +4.571539786e+02 +5.717439786e+02 +5.717439786e+02
567 +4.343214889e+02 +4.343214889e+02 +5.489114889e+02 +5.489114889e+02
585 +4.252913890e+02 +4.252913890e+02 +5.398813890e+02 +5.398813890e+02
598 +3.971104935e+02 +3.971104935e+02 +5.117004935e+02 +5.117004935e+02
618 +3.843774025e+02 +3.843774025e+02 +4.989674025e+02 +4.989674025e+02
626 +3.711336741e+02 +3.711336741e+02 +4.857236741e+02 +4.857236741e+02
645 +3.603235268e+02 +3.603235268e+02 +4.749135268e+02 +4.749135268e+02
657 +3.482942190e+02 +3.482942190e+02 +4.628842190e+02 +4.628842190e+02
660 +3.434729098e+02 +3.434729098e+02 +4.580629098e+02 +4.580629098e+02
663 +3.170846514e+02 +3.170846514e+02 +4.316746514e+02 +4.316746514e+02
673 +3.088621924e+02 +3.088621924e+02 +4.234521924e+02 +4.234521924e+02
688 +2.737323986e+02 +2.737323986e+02 +3.883223986e+02 +3.883223986e+02
722 +2.434416173e+02 +2.434416173e+02 +3.580316173e+02 +3.580316173e+02
746 +2.351147385e+02 +2.351147385e+02 +3.497047385e+02 +3.497047385e+02
770 +2.264444963e+02 +2.264444963e+02 +3.410344963e+02 +3.410344963e+02
774 +2.159443056e+02 +2.159443056e+02 +3.305343056e+02 +3.305343056e+02
792 +1.988485162e+02 +1.988485162e+02 +3.134385162e+02 +3.134385162e+02
802 +1.902645246e+02 +1.902645246e+02 +3.048545246e+02 +3.048545246e+02
829 +1.528768289e+02 +1.528768289e+02 +2.674668289e+02 +2.674668289e+02
838 +1.486632322e+02 +1.486632322e+02 +2.632532322e+02 +2.632532322e+02
851 +1.421402269e+02 +1.421402269e+02 +2.567302269e+02 +2.567302269e+02
858 +1.384979207e+02 +1.384979207e+02 +2.530879207e+02 +2.530879207e+02
862 +1.249322098e+02 +1.249322098e+02 +2.395222098e+02 +2.395222098e+02
880 +1.093542279e+02 +1.093542279e+02 +2.239442279e+02 +2.239442279e+02
886 +1.020755469e+02 +1.020755469e+02 +2.166655469e+02 +2.166655469e+02
902 +8.294006917e+01 +8.294006917e+01 +1.975300692e+02 +1.975300692e+02
924 +7.789756823e+01 +7.789756823e+01 +1.924875682e+02 +1.924875682e+02
931 +7.633397797e+01 +7.633397797e+01 +1.909239780e+02 +1.909239780e+02
940 +7.512398913e+01 +7.512398913e+01 +1.897139891e+02 +1.897139891e+02
946 +6.240291287e+01 +6.240291287e+01 +1.769929129e+02 +1.769929129e+02
968 +5.968778013e+01 +5.968778013e+01 +1.742777801e+02 +1.742777801e+02
990 +4.925359670e+01 +4.925359670e+01 +1.638435967e+02 +1.638435967e+02
1012 +3.732948304e+01 +3.732948304e+01 +1.519194830e+02 +1.519194830e+02
1034 +2.771827865e+01 +2.771827865e+01 +1.423082787e+02 +1.423082787e+02
1078 +2.165905940e+01 +2.165905940e+01 +1.362490594e+02 +1.362490594e+02
1122 +2.065470363e+01 +2.065470363e+01 +1.352447036e+02 +1.352447036e+02
1188 +1.947827910e+01 +1.947827910e+01 +1.340682791e+02 +1.340682791e+02
1210 +1.660675276e+01 +1.660675276e+01 +1.311967528e+02 +1.311967528e+02
1232 +1.229655335e+01 +1.229655335e+01 +1.268865533e+02 +1.268865533e+02
1276 +1.009269883e+01 +1.009269883e+01 +1.246826988e+02 +1.246826988e+02
1298 +8.124471266e+00 +8.124471266e+00 +1.227144713e+02 +1.227144713e+02
1335 +4.679174697e+00 +4.679174697e+00 +1.192691747e+02 +1.192691747e+02
1342 +4.656168487e+00 +4.656168487e+00 +1.192461685e+02 +1.192461685e+02
1364 +3.694550329e+00 +3.694550329e+00 +1.182845503e+02 +1.182845503e+02
1369 +1.964969650e+00 +1.964969650e+00 +1.165549697e+02 +1.165549697e+02
1375 +6.852360374e-01 +6.852360374e-01 +1.152752360e+02 +1.152752360e+02
1386 +9.247664966e-02 +9.247664966e-02 +1.146824766e+02 +1.146824766e+02
1390 +0.000000000e+00 +0.000000000e+00 +1.145900000e+02 +1.145900000e+02
% function evaluation | noise-free fitness - Fopt (-3.698300000000e+02) | best noise-free fitness - Fopt | measured fitness | best measured fitness | x1 | x2...
1 +7.899082053e+02 +7.899082053e+02 +4.200782053e+02 +4.200782053e+02
203 +7.739694869e+02 +7.739694869e+02 +4.041394869e+02 +4.041394869e+02
254 +7.575120359e+02 +7.575120359e+02 +3.876820359e+02 +3.876820359e+02
293 +7.391607491e+02 +7.391607491e+02 +3.693307491e+02 +3.693307491e+02
334 +7.147617541e+02 +7.147617541e+02 +3.449317541e+02 +3.449317541e+02
359 +7.025768712e+02 +7.025768712e+02 +3.327468712e+02 +3.327468712e+02
391 +6.825057334e+02 +6.825057334e+02 +3.126757334e+02 +3.126757334e+02
421 +6.681633435e+02 +6.681633435e+02 +2.983333435e+02 +2.983333435e+02
426 +6.600383520e+02 +6.600383520e+02 +2.902083520e+02 +2.902083520e+02
450 +6.398281416e+02 +6.398281416e+02 +2.699981416e+02 +2.699981416e+02
469 +6.256852958e+02 +6.256852958e+02 +2.558552958e+02 +2.558552958e+02
476 +6.141306276e+02 +6.141306276e+02 +2.443006276e+02 +2.443006276e+02
490 +5.989311674e+02 +5.989311674e+02 +2.291011674e+02 +2.291011674e+02
509 +5.798777599e+02 +5.798777599e+02 +2.100477599e+02 +2.100477599e+02
532 +5.713187634e+02 +5.713187634e+02 +2.014887634e+02 +2.014887634e+02
534 +5.253692130e+02 +5.253692130e+02 +1.555392130e+02 +1.555392130e+02
576 +5.158366718e+02 +5.158366718e+02 +1.460066718e+02 +1.460066718e+02
577 +5.121147473e+02 +5.121147473e+02 +1.422847473e+02 +1.422847473e+02
600 +4.603174605e+02 +4.603174605e+02 +9.048746052e+01 +9.048746052e+01
621 +4.388977710e+02 +4.388977710e+02 +6.906777104e+01 +6.906777104e+01
657 +4.240707970e+02 +4.240707970e+02 +5.424079704e+01 +5.424079704e+01
672 +4.003584524e+02 +4.003584524e+02 +3.052845239e+01 +3.052845239e+01
682 +3.915445958e+02 +3.915445958e+02 +2.171459579e+01 +2.171459579e+01
685 +3.816171639e+02 +3.816171639e+02 +1.178716391e+01 +1.178716391e+01
688 +3.617740748e+02 +3.617740748e+02 -8.055925179e+00 -8.055925179e+00
706 +3.519902342e+02 +3.519902342e+02 -1.783976583e+01 -1.783976583e+01
723 +3.452130426e+02 +3.452130426e+02 -2.461695735e+01 -2.461695735e+01
733 +3.153992157e+02 +3.153992157e+02 -5.443078427e+01 -5.443078427e+01
769 +3.045237283e+02 +3.045237283e+02 -6.530627173e+01 -6.530627173e+01
770 +3.002501896e+02 +3.002501896e+02 -6.957981043e+01 -6.957981043e+01
792 +2.799528599e+02 +2.799528599e+02 -8.987714013e+01 -8.987714013e+01
799 +2.560934978e+02 +2.560934978e+02 -1.137365022e+02 -1.137365022e+02
807 +2.479913456e+02 +2.479913456e+02 -1.218386544e+02 -1.218386544e+02
818 +2.410942644e+02 +2.410942644e+02 -1.287357356e+02 -1.287357356e+02
836 +2.227822465e+02 +2.227822465e+02 -1.470477535e+02 -1.470477535e+02
857 +2.164240979e+02 +2.164240979e+02 -1.534059021e+02 -1.534059021e+02
858 +2.042452674e+02 +2.042452674e+02 -1.655847326e+02 -1.655847326e+02
861 +1.950291535e+02 +1.950291535e+02 -1.748008465e+02 -1.748008465e+02
866 +1.842871334e+02 +1.842871334e+02 -1.855428666e+02 -1.855428666e+02
880 +1.737267022e+02 +1.737267022e+02 -1.961032978e+02 -1.961032978e+02
891 +1.606702360e+02 +1.606702360e+02 -2.091597640e+02 -2.091597640e+02
902 +1.511626960e+02 +1.511626960e+02 -2.186673040e+02 -2.186673040e+02
919 +1.259611074e+02 +1.259611074e+02 -2.438688926e+02 -2.438688926e+02
946 +1.203953646e+02 +1.203953646e+02 -2.494346354e+02 -2.494346354e+02
965 +1.155668834e+02 +1.155668834e+02 -2.542631166e+02 -2.542631166e+02
990 +9.675146725e+01 +9.675146725e+01 -2.730785327e+02 -2.730785327e+02
1012 +8.243998055e+01 +8.243998055e+01 -2.873900194e+02 -2.873900194e+02
1056 +7.367928716e+01 +7.367928716e+01 -2.961507128e+02 -2.961507128e+02
1059 +6.170747626e+01 +6.170747626e+01 -3.081225237e+02 -3.081225237e+02
1078 +5.392778179e+01 +5.392778179e+01 -3.159022182e+02 -3.159022182e+02
1100 +4.919374104e+01 +4.919374104e+01 -3.206362590e+02 -3.206362590e+02
1122 +4.648029203e+01 +4.648029203e+01 -3.233497080e+02 -3.233497080e+02
1144 +3.538883520e+01 +3.538883520e+01 -3.344411648e+02 -3.344411648e+02
1254 +3.358018978e+01 +3.358018978e+01 -3.362498102e+02 -3.362498102e+02
1258 +2.545187686e+01 +2.545187686e+01 -3.443781231e+02 -3.443781231e+02
1320 +2.420617133e+01 +2.420617133e+01 -3.456238287e+02 -3.456238287e+02
1342 +2.209485918e+01 +2.209485918e+01 -3.477351408e+02 -3.477351408e+02
1349 +2.001914068e+01 +2.001914068e+01 -3.498108593e+02 -3.498108593e+02
1353 +1.769452169e+01 +1.769452169e+01 -3.521354783e+02 -3.521354783e+02
1386 +1.480161217e+01 +1.480161217e+01 -3.550283878e+02 -3.550283878e+02
1389 +1.265898086e+01 +1.265898086e+01 -3.571710191e+02 -3.571710191e+02
1408 +1.245542216e+01 +1.245542216e+01 -3.573745778e+02 -3.573745778e+02
1424 +1.208614794e+01 +1.208614794e+01 -3.577438521e+02 -3.577438521e+02
1425 +1.114017091e+01 +1.114017091e+01 -3.586898291e+02 -3.586898291e+02
1474 +7.584174331e+00 +7.584174331e+00 -3.622458257e+02 -3.622458257e+02
1496 +3.923991459e+00 +3.923991459e+00 -3.659060085e+02 -3.659060085e+02
1517 +6.600716427e-01 +6.600716427e-01 -3.691699284e+02 -3.691699284e+02
1578 +4.013601472e-01 +4.013601472e-01 -3.694286399e+02 -3.694286399e+02
1583 +0.000000000e+00 +0.000000000e+00 -3.698300000e+02 -3.698300000e+02
% function evaluation | noise-free fitness - Fopt (1.531800000000e+02) | best noise-free fitness - Fopt | measured fitness | best measured fitness | x1 | x2...
1 +7.899082053e+02 +7.899082053e+02 +9.430882053e+02 +9.430882053e+02
267 +7.667594698e+02 +7.667594698e+02 +9.199394698e+02 +9.199394698e+02
290 +7.548116858e+02 +7.548116858e+02 +9.079916858e+02 +9.079916858e+02
334 +7.409695412e+02 +7.409695412e+02 +8.941495412e+02 +8.941495412e+02
355 +7.225320253e+02 +7.225320253e+02 +8.757120253e+02 +8.757120253e+02
400 +7.055932697e+02 +7.055932697e+02 +8.587732697e+02 +8.587732697e+02
422 +6.896485458e+02 +6.896485458e+02 +8.428285458e+02 +8.428285458e+02
442 +6.699138537e+02 +6.699138537e+02 +8.230938537e+02 +8.230938537e+02
459 +6.578395118e+02 +6.578395118e+02 +8.110195118e+02 +8.110195118e+02
489 +6.284970915e+02 +6.284970915e+02 +7.816770915e+02 +7.816770915e+02
504 +6.094823896e+02 +6.094823896e+02 +7.626623896e+02 +7.626623896e+02
535 +5.913517072e+02 +5.913517072e+02 +7.445317072e+02 +7.445317072e+02
539 +5.715884449e+02 +5.715884449e+02 +7.247684449e+02 +7.247684449e+02
563 +5.506572171e+02 +5.506572171e+02 +7.038372171e+02 +7.038372171e+02
575 +5.314543994e+02 +5.314543994e+02 +6.846343994e+02 +6.846343994e+02
578 +5.242861059e+02 +5.242861059e+02 +6.774661059e+02 +6.774661059e+02
607 +4.589982520e+02 +4.589982520e+02 +6.121782520e+02 +6.121782520e+02
640 +4.480072807e+02 +4.480072807e+02 +6.011872807e+02 +6.011872807e+02
642 +4.180150658e+02 +4.180150658e+02 +5.711950658e+02 +5.711950658e+02
664 +4.071668490e+02 +4.071668490e+02 +5.603468490e+02 +5.603468490e+02
695 +3.718248704e+02 +3.718248704e+02 +5.250048704e+02 +5.250048704e+02
709 +3.701132844e+02 +3.701132844e+02 +5.232932844e+02 +5.232932844e+02
710 +3.527361508e+02 +3.527361508e+02 +5.059161508e+02 +5.059161508e+02
730 +3.327810438e+02 +3.327810438e+02 +4.859610438e+02 +4.859610438e+02
750 +3.271609850e+02 +3.271609850e+02 +4.803409850e+02 +4.803409850e+02
752 +2.884694267e+02 +2.884694267e+02 +4.416494267e+02 +4.416494267e+02
792 +2.800259669e+02 +2.800259669e+02 +4.332059669e+02 +4.332059669e+02
798 +2.656551002e+02 +2.656551002e+02 +4.188351002e+02 +4.188351002e+02
800 +2.604420429e+02 +2.604420429e+02 +4.136220429e+02 +4.136220429e+02
814 +2.486730326e+02 +2.486730326e+02 +4.018530326e+02 +4.018530326e+02
832 +2.413715505e+02 +2.413715505e+02 +3.945515505e+02 +3.945515505e+02
836 +2.329710828e+02 +2.329710828e+02 +3.861510828e+02 +3.861510828e+02
853 +2.063183398e+02 +2.063183398e+02 +3.594983398e+02 +3.594983398e+02
880 +1.987206914e+02 +1.987206914e+02 +3.519006914e+02 +3.519006914e+02
884 +1.866395860e+02 +1.866395860e+02 +3.398195860e+02 +3.398195860e+02
904 +1.855492935e+02 +1.855492935e+02 +3.387292935e+02 +3.387292935e+02
924 +1.750647014e+02 +1.750647014e+02 +3.282447014e+02 +3.282447014e+02
926 +1.183664801e+02 +1.183664801e+02 +2.715464801e+02 +2.715464801e+02
968 +1.132902154e+02 +1.132902154e+02 +2.664702154e+02 +2.664702154e+02
980 +1.099398415e+02 +1.099398415e+02 +2.631198415e+02 +2.631198415e+02
990 +9.682824962e+01 +9.682824962e+01 +2.500082496e+02 +2.500082496e+02
1007 +8.819688620e+01 +8.819688620e+01 +2.413768862e+02 +2.413768862e+02
1012 +7.629032870e+01 +7.629032870e+01 +2.294703287e+02 +2.294703287e+02
1034 +6.308669009e+01 +6.308669009e+01 +2.162666901e+02 +2.162666901e+02
1043 +5.777734271e+01 +5.777734271e+01 +2.109573427e+02 +2.109573427e+02
1056 +5.582064699e+01 +5.582064699e+01 +2.090006470e+02 +2.090006470e+02
1078 +5.164991534e+01 +5.164991534e+01 +2.048299153e+02 +2.048299153e+02
1091 +4.958925065e+01 +4.958925065e+01 +2.027692507e+02 +2.027692507e+02
1100 +4.038473711e+01 +4.038473711e+01 +1.935647371e+02 +1.935647371e+02
1131 +2.107450111e+01 +2.107450111e+01 +1.742545011e+02 +1.742545011e+02
1166 +1.555123304e+01 +1.555123304e+01 +1.687312330e+02 +1.687312330e+02
1183 +1.393928021e+01 +1.393928021e+01 +1.671192802e+02 +1.671192802e+02
1188 +1.048155787e+01 +1.048155787e+01 +1.636615579e+02 +1.636615579e+02
1210 +9.827986336e+00 +9.827986336e+00 +1.630079863e+02 +1.630079863e+02
1232 +7.878060096e+00 +7.878060096e+00 +1.610580601e+02 +1.610580601e+02
1276 +6.957377067e+00 +6.957377067e+00 +1.601373771e+02 +1.601373771e+02
1303 +4.394103706e+00 +4.394103706e+00 +1.575741037e+02 +1.575741037e+02
1364 +3.355985910e+00 +3.355985910e+00 +1.565359859e+02 +1.565359859e+02
1371 +1.708614411e+00 +1.708614411e+00 +1.548886144e+02 +1.548886144e+02
1386 +2.288151821e-01 +2.288151821e-01 +1.534088152e+02 +1.534088152e+02
1407 +0.000000000e+00 +0.000000000e+00 +1.531800000e+02 +1.531800000e+02
% function evaluation | noise-free fitness - Fopt (-7.088000000000e+02) | best noise-free fitness - Fopt | measured fitness | best measured fitness | x1 | x2...
1 +7.899082053e+02 +7.899082053e+02 +8.110820529e+01 +8.110820529e+01
355 +7.683945283e+02 +7.683945283e+02 +5.959452832e+01 +5.959452832e+01
387 +7.555980357e+02 +7.555980357e+02 +4.679803567e+01 +4.679803567e+01
398 +7.247591735e+02 +7.247591735e+02 +1.595917349e+01 +1.595917349e+01
442 +7.230661708e+02 +7.230661708e+02 +1.426617083e+01 +1.426617083e+01
450 +6.949501073e+02 +6.949501073e+02 -1.384989266e+01 -1.384989266e+01
467 +6.835355298e+02 +6.835355298e+02 -2.526447021e+01 -2.526447021e+01
487 +6.748432103e+02 +6.748432103e+02 -3.395678967e+01 -3.395678967e+01
488 +6.440691178e+02 +6.440691178e+02 -6.473088225e+01 -6.473088225e+01
508 +6.088003554e+02 +6.088003554e+02 -9.999964464e+01 -9.999964464e+01
536 +5.783503105e+02 +5.783503105e+02 -1.304496895e+02 -1.304496895e+02
553 +5.295040209e+02 +5.295040209e+02 -1.792959791e+02 -1.792959791e+02
576 +5.223843362e+02 +5.223843362e+02 -1.864156638e+02 -1.864156638e+02
577 +5.065806489e+02 +5.065806489e+02 -2.022193511e+02 -2.022193511e+02
578 +4.767312748e+02 +4.767312748e+02 -2.320687252e+02 -2.320687252e+02
603 +4.620905726e+02 +4.620905726e+02 -2.467094274e+02 -2.467094274e+02
615 +4.396597415e+02 +4.396597415e+02 -2.691402585e+02 -2.691402585e+02
620 +4.297950814e+02 +4.297950814e+02 -2.790049186e+02 -2.790049186e+02
626 +4.136306423e+02 +4.136306423e+02 -2.951693577e+02 -2.951693577e+02
629 +4.049764777e+02 +4.049764777e+02 -3.038235223e+02 -3.038235223e+02
642 +3.656877624e+02 +3.656877624e+02 -3.431122376e+02 -3.431122376e+02
665 +3.328838202e+02 +3.328838202e+02 -3.759161798e+02 -3.759161798e+02
666 +2.706047998e+02 +2.706047998e+02 -4.381952002e+02 -4.381952002e+02
707 +2.345173352e+02 +2.345173352e+02 -4.742826648e+02 -4.742826648e+02
724 +2.205687916e+02 +2.205687916e+02 -4.882312084e+02 -4.882312084e+02
748 +1.928130249e+02 +1.928130249e+02 -5.159869751e+02 -5.159869751e+02
760 +1.761543690e+02 +1.761543690e+02 -5.326456310e+02 -5.326456310e+02
770 +1.339499624e+02 +1.339499624e+02 -5.748500376e+02 -5.748500376e+02
792 +1.154132129e+02 +1.154132129e+02 -5.933867871e+02 -5.933867871e+02
836 +9.708373363e+01 +9.708373363e+01 -6.117162664e+02 -6.117162664e+02
858 +8.769377340e+01 +8.769377340e+01 -6.211062266e+02 -6.211062266e+02
880 +8.254527415e+01 +8.254527415e+01 -6.262547259e+02 -6.262547259e+02
919 +6.664235830e+01 +6.664235830e+01 -6.421576417e+02 -6.421576417e+02
946 +5.620407903e+01 +5.620407903e+01 -6.525959210e+02 -6.525959210e+02
968 +4.364190096e+01 +4.364190096e+01 -6.651580990e+02 -6.651580990e+02
979 +2.886526526e+01 +2.886526526e+01 -6.799347347e+02 -6.799347347e+02
1056 +2.813627734e+01 +2.813627734e+01 -6.806637227e+02 -6.806637227e+02
1073 +2.348500530e+01 +2.348500530e+01 -6.853149947e+02 -6.853149947e+02
1078 +2.144187564e+01 +2.144187564e+01 -6.873581244e+02 -6.873581244e+02
1100 +1.858966314e+01 +1.858966314e+01 -6.902103369e+02 -6.902103369e+02
1144 +1.426475912e+01 +1.426475912e+01 -6.945352409e+02 -6.945352409e+02
1166 +1.287380405e+01 +1.287380405e+01 -6.959261960e+02 -6.959261960e+02
1203 +1.155109123e+01 +1.155109123e+01 -6.972489088e+02 -6.972489088e+02
1220 +1.143832768e+01 +1.143832768e+01 -6.973616723e+02 -6.973616723e+02
1231 +8.784345605e+00 +8.784345605e+00 -7.000156544e+02 -7.000156544e+02
1242 +7.351847939e+00 +7.351847939e+00 -7.014481521e+02 -7.014481521e+02
1246 +2.472870646e+00 +2.472870646e+00 -7.063271294e+02 -7.063271294e+02
1298 +9.733600850e-02 +9.733600850e-02 -7.087026640e+02 -7.087026640e+02
1314 +0.000000000e+00 +0.000000000e+00 -7.088000000e+02 -7.088000000e+02
% function evaluation | noise-free fitness - Fopt (8.793000000000e+01) | best noise-free fitness - Fopt | measured fitness | best measured fitness | x1 | x2...
1 +7.899082053e+02 +7.899082053e+02 +8.778382053e+02 +8.778382053e+02
7 +7.758037659e+02 +7.758037659e+02 +8.637337659e+02 +8.637337659e+02
103 +7.575846561e+02 +7.575846561e+02 +8.455146561e+02 +8.455146561e+02
201 +7.392704978e+02 +7.392704978e+02 +8.272004978e+02 +8.272004978e+02
249 +7.203063931e+02 +7.203063931e+02 +8.082363931e+02 +8.082363931e+02
294 +7.057859409e+02 +7.057859409e+02 +7.937159409e+02 +7.937159409e+02
300 +6.914872989e+02 +6.914872989e+02 +7.794172989e+02 +7.794172989e+02
350 +6.748046751e+02 +6.748046751e+02 +7.627346751e+02 +7.627346751e+02
376 +6.477671263e+02 +6.477671263e+02 +7.356971263e+02 +7.356971263e+02
381 +6.351580361e+02 +6.351580361e+02 +7.230880361e+02 +7.230880361e+02
423 +6.204330301e+02 +6.204330301e+02 +7.083630301e+02 +7.083630301e+02
444 +6.156936439e+02 +6.156936439e+02 +7.036236439e+02 +7.036236439e+02
469 +5.957986937e+02 +5.957986937e+02 +6.837286937e+02 +6.837286937e+02
473 +5.874651217e+02 +5.874651217e+02 +6.753951217e+02 +6.753951217e+02
487 +5.681359027e+02 +5.681359027e+02 +6.560659027e+02 +6.560659027e+02
493 +5.559715194e+02 +5.559715194e+02 +6.439015194e+02 +6.439015194e+02
508 +5.398552716e+02 +5.398552716e+02 +6.277852716e+02 +6.277852716e+02
516 +5.329334925e+02 +5.329334925e+02 +6.208634925e+02 +6.208634925e+02
530 +5.060288921e+02 +5.060288921e+02 +5.939588921e+02 +5.939588921e+02
556 +4.877345586e+02 +4.877345586e+02 +5.756645586e+02 +5.756645586e+02
587 +4.785509063e+02 +4.785509063e+02 +5.664809063e+02 +5.664809063e+02
610 +4.543325334e+02 +4.543325334e+02 +5.422625334e+02 +5.422625334e+02
625 +4.308151673e+02 +4.308151673e+02 +5.187451673e+02 +5.187451673e+02
642 +4.007987183e+02 +4.007987183e+02 +4.887287183e+02 +4.887287183e+02
654 +3.881783223e+02 +3.881783223e+02 +4.761083223e+02 +4.761083223e+02
678 +3.734906389e+02 +3.734906389e+02 +4.614206389e+02 +4.614206389e+02
691 +3.557494696e+02 +3.557494696e+02 +4.436794696e+02 +4.436794696e+02
704 +3.536527507e+02 +3.536527507e+02 +4.415827507e+02 +4.415827507e+02
708 +3.398890447e+02 +3.398890447e+02 +4.278190447e+02 +4.278190447e+02
718 +3.351825060e+02 +3.351825060e+02 +4.231125060e+02 +4.231125060e+02
723 +3.210640567e+02 +3.210640567e+02 +4.089940567e+02 +4.089940567e+02
728 +2.970364288e+02 +2.970364288e+02 +3.849664288e+02 +3.849664288e+02
750 +2.738648784e+02 +2.738648784e+02 +3.617948784e+02 +3.617948784e+02
791 +2.678910493e+02 +2.678910493e+02 +3.558210493e+02 +3.558210493e+02
792 +2.533587420e+02 +2.533587420e+02 +3.412887420e+02 +3.412887420e+02
804 +2.258246212e+02 +2.258246212e+02 +3.137546212e+02 +3.137546212e+02
818 +2.193981768e+02 +2.193981768e+02 +3.073281768e+02 +3.073281768e+02
840 +1.861751031e+02 +1.861751031e+02 +2.741051031e+02 +2.741051031e+02
858 +1.789866652e+02 +1.789866652e+02 +2.669166652e+02 +2.669166652e+02
877 +1.693832467e+02 +1.693832467e+02 +2.573132467e+02 +2.573132467e+02
880 +1.633666809e+02 +1.633666809e+02 +2.512966809e+02 +2.512966809e+02
902 +1.375410080e+02 +1.375410080e+02 +2.254710080e+02 +2.254710080e+02
916 +1.321070218e+02 +1.321070218e+02 +2.200370218e+02 +2.200370218e+02
924 +1.225550572e+02 +1.225550572e+02 +2.104850572e+02 +2.104850572e+02
946 +1.195306759e+02 +1.195306759e+02 +2.074606759e+02 +2.074606759e+02
968 +1.075143782e+02 +1.075143782e+02 +1.954443782e+02 +1.954443782e+02
970 +1.044833804e+02 +1.044833804e+02 +1.924133804e+02 +1.924133804e+02
990 +8.493840834e+01 +8.493840834e+01 +1.728684083e+02 +1.728684083e+02
1005 +6.602609211e+01 +6.602609211e+01 +1.539560921e+02 +1.539560921e+02
1034 +6.443743578e+01 +6.443743578e+01 +1.523674358e+02 +1.523674358e+02
1058 +5.191286816e+01 +5.191286816e+01 +1.398428682e+02 +1.398428682e+02
1100 +5.011535037e+01 +5.011535037e+01 +1.380453504e+02 +1.380453504e+02
1122 +4.566311346e+01 +4.566311346e+01 +1.335931135e+02 +1.335931135e+02
1142 +4.149314993e+01 +4.149314993e+01 +1.294231499e+02 +1.294231499e+02
1144 +3.817776846e+01 +3.817776846e+01 +1.261077685e+02 +1.261077685e+02
1169 +2.925700094e+01 +2.925700094e+01 +1.171870009e+02 +1.171870009e+02
1184 +2.095792307e+01 +2.095792307e+01 +1.088879231e+02 +1.088879231e+02
1222 +1.691141952e+01 +1.691141952e+01 +1.048414195e+02 +1.048414195e+02
1232 +1.425199528e+01 +1.425199528e+01 +1.021819953e+02 +1.021819953e+02
1276 +1.105387243e+01 +1.105387243e+01 +9.898387243e+01 +9.898387243e+01
1298 +8.264615641e+00 +8.264615641e+00 +9.619461564e+01 +9.619461564e+01
1315 +6.933127471e+00 +6.933127471e+00 +9.486312747e+01 +9.486312747e+01
1320 +4.451115080e+00 +4.451115080e+00 +9.238111508e+01 +9.238111508e+01
1342 +2.240673488e+00 +2.240673488e+00 +9.017067349e+01 +9.017067349e+01
1364 +1.663709698e+00 +1.663709698e+00 +8.959370970e+01 +8.959370970e+01
1386 +1.002855166e+00 +1.002855166e+00 +8.893285517e+01 +8.893285517e+01
1398 +7.595089543e-01 +7.595089543e-01 +8.868950895e+01 +8.868950895e+01
1412 +0.000000000e+00 +0.000000000e+00 +8.793000000e+01 +8.793000000e+01
% function evaluation | noise-free fitness - Fopt (3.370000000000e+01) | best noise-free fitness - Fopt | measured fitness | best measured fitness | x1 | x2...
1 +7.899082053e+02 +7.899082053e+02 +8.236082053e+02 +8.236082053e+02
289 +7.739357092e+02 +7.739357092e+02 +8.076357092e+02 +8.076357092e+02
329 +7.521434733e+02 +7.521434733e+02 +7.858434733e+02 +7.858434733e+02
336 +7.409830452e+02 +7.409830452e+02 +7.746830452e+02 +7.746830452e+02
366 +7.223337356e+02 +7.223337356e+02 +7.560337356e+02 +7.560337356e+02
379 +7.020499313e+02 +7.020499313e+02 +7.357499313e+02 +7.357499313e+02
382 +6.889882525e+02 +6.889882525e+02 +7.226882525e+02 +7.226882525e+02
405 +6.750123001e+02 +6.750123001e+02 +7.087123001e+02 +7.087123001e+02
420 +6.581367848e+02 +6.581367848e+02 +6.918367848e+02 +6.918367848e+02
428 +6.362249890e+02 +6.362249890e+02 +6.699249890e+02 +6.699249890e+02
434 +6.149436871e+02 +6.149436871e+02 +6.486436871e+02 +6.486436871e+02
456 +5.991512085e+02 +5.991512085e+02 +6.328512085e+02 +6.328512085e+02
464 +5.755890850e+02 +5.755890850e+02 +6.092890850e+02 +6.092890850e+02
486 +5.577234301e+02 +5.577234301e+02 +5.914234301e+02 +5.914234301e+02
499 +5.320150908e+02 +5.320150908e+02 +5.657150908e+02 +5.657150908e+02
511 +5.239003827e+02 +5.239003827e+02 +5.576003827e+02 +5.576003827e+02
513 +5.050228965e+02 +5.050228965e+02 +5.387228965e+02 +5.387228965e+02
534 +4.710831823e+02 +4.710831823e+02 +5.047831823e+02 +5.047831823e+02
552 +4.479422073e+02 +4.479422073e+02 +4.816422073e+02 +4.816422073e+02
565 +4.407729463e+02 +4.407729463e+02 +4.744729463e+02 +4.744729463e+02
572 +4.349536021e+02 +4.349536021e+02 +4.686536021e+02 +4.686536021e+02
577 +3.963764201e+02 +3.963764201e+02 +4.300764201e+02 +4.300764201e+02
594 +3.806622435e+02 +3.806622435e+02 +4.143622435e+02 +4.143622435e+02
596 +3.643744688e+02 +3.643744688e+02 +3.980744688e+02 +3.980744688e+02
616 +3.585933384e+02 +3.585933384e+02 +3.922933384e+02 +3.922933384e+02
621 +3.486566891e+02 +3.486566891e+02 +3.823566891e+02 +3.823566891e+02
638 +3.233372869e+02 +3.233372869e+02 +3.570372869e+02 +3.570372869e+02
658 +2.940276904e+02 +2.940276904e+02 +3.277276904e+02 +3.277276904e+02
663 +2.828461570e+02 +2.828461570e+02 +3.165461570e+02 +3.165461570e+02
668 +2.810664867e+02 +2.810664867e+02 +3.147664867e+02 +3.147664867e+02
682 +2.718253985e+02 +2.718253985e+02 +3.055253985e+02 +3.055253985e+02
686 +2.534035534e+02 +2.534035534e+02 +2.871035534e+02 +2.871035534e+02
704 +2.314681472e+02 +2.314681472e+02 +2.651681472e+02 +2.651681472e+02
720 +2.172591622e+02 +2.172591622e+02 +2.509591622e+02 +2.509591622e+02
726 +2.120426746e+02 +2.120426746e+02 +2.457426746e+02 +2.457426746e+02
751 +2.030868744e+02 +2.030868744e+02 +2.367868744e+02 +2.367868744e+02
781 +1.979335249e+02 +1.979335249e+02 +2.316335249e+02 +2.316335249e+02
784 +1.732756510e+02 +1.732756510e+02 +2.069756510e+02 +2.069756510e+02
798 +1.627585759e+02 +1.627585759e+02 +1.964585759e+02 +1.964585759e+02
836 +1.543258148e+02 +1.543258148e+02 +1.880258148e+02 +1.880258148e+02
846 +1.445643356e+02 +1.445643356e+02 +1.782643356e+02 +1.782643356e+02
863 +1.443926939e+02 +1.443926939e+02 +1.780926939e+02 +1.780926939e+02
889 +1.295050547e+02 +1.295050547e+02 +1.632050547e+02 +1.632050547e+02
913 +1.160712688e+02 +1.160712688e+02 +1.497712688e+02 +1.497712688e+02
929 +1.023881797e+02 +1.023881797e+02 +1.360881797e+02 +1.360881797e+02
946 +9.809024511e+01 +9.809024511e+01 +1.317902451e+02 +1.317902451e+02
950 +9.076278928e+01 +9.076278928e+01 +1.244627893e+02 +1.244627893e+02
990 +8.764442390e+01 +8.764442390e+01 +1.213444239e+02 +1.213444239e+02
1012 +7.408593820e+01 +7.408593820e+01 +1.077859382e+02 +1.077859382e+02
1044 +6.392493122e+01 +6.392493122e+01 +9.762493122e+01 +9.762493122e+01
1078 +6.142911424e+01 +6.142911424e+01 +9.512911424e+01 +9.512911424e+01
1091 +4.884560044e+01 +4.884560044e+01 +8.254560044e+01 +8.254560044e+01
1109 +4.519689530e+01 +4.519689530e+01 +7.889689530e+01 +7.889689530e+01
1119 +3.161302063e+01 +3.161302063e+01 +6.531302063e+01 +6.531302063e+01
1144 +2.586769035e+01 +2.586769035e+01 +5.956769035e+01 +5.956769035e+01
1156 +2.063617532e+01 +2.063617532e+01 +5.433617532e+01 +5.433617532e+01
1175 +1.819519319e+01 +1.819519319e+01 +5.189519319e+01 +5.189519319e+01
1188 +1.738544273e+01 +1.738544273e+01 +5.108544273e+01 +5.108544273e+01
1210 +1.357797120e+01 +1.357797120e+01 +4.727797120e+01 +4.727797120e+01
1222 +7.752863656e+00 +7.752863656e+00 +4.145286366e+01 +4.145286366e+01
1268 +7.553787311e+00 +7.553787311e+00 +4.125378731e+01 +4.125378731e+01
1276 +6.292880860e+00 +6.292880860e+00 +3.999288086e+01 +3.999288086e+01
1284 +3.441030283e+00 +3.441030283e+00 +3.714103028e+01 +3.714103028e+01
1364 +2.914756817e+00 +2.914756817e+00 +3.661475682e+01 +3.661475682e+01
1378 +0.000000000e+00 +0.000000000e+00 +3.370000000e+01 +3.370000000e+01
% function evaluation | noise-free fitness - Fopt (-1.618300000000e+02) | best noise-free fitness - Fopt | measured fitness | best measured fitness | x1 | x2...
1 +7.899082053e+02 +7.899082053e+02 +6.280782053e+02 +6.280782053e+02
2 +6.978083962e+02 +6.978083962e+02 +5.359783962e+02 +5.359783962e+02
64 +6.911340761e+02 +6.911340761e+02 +5.293040761e+02 +5.293040761e+02
123 +6.727680468e+02 +6.727680468e+02 +5.109380468e+02 +5.109380468e+02
168 +6.591507426e+02 +6.591507426e+02 +4.973207426e+02 +4.973207426e+02
203 +6.449059859e+02 +6.449059859e+02 +4.830759859e+02 +4.830759859e+02
241 +6.250275254e+02 +6.250275254e+02 +4.631975254e+02 +4.631975254e+02
266 +6.106248657e+02 +6.106248657e+02 +4.487948657e+02 +4.487948657e+02
306 +5.977528817e+02 +5.977528817e+02 +4.359228817e+02 +4.359228817e+02
320 +5.855773184e+02 +5.855773184e+02 +4.237473184e+02 +4.237473184e+02
336 +5.750561791e+02 +5.750561791e+02 +4.132261791e+02 +4.132261791e+02
355 +5.538676039e+02 +5.538676039e+02 +3.920376039e+02 +3.920376039e+02
372 +5.479198015e+02 +5.479198015e+02 +3.860898015e+02 +3.860898015e+02
383 +5.370069417e+02 +5.370069417e+02 +3.751769417e+02 +3.751769417e+02
401 +5.037309447e+02 +5.037309447e+02 +3.419009447e+02 +3.419009447e+02
421 +4.858889010e+02 +4.858889010e+02 +3.240589010e+02 +3.240589010e+02
446 +4.763944486e+02 +4.763944486e+02 +3.145644486e+02 +3.145644486e+02
459 +4.570566499e+02 +4.570566499e+02 +2.952266499e+02 +2.952266499e+02
469 +4.413832236e+02 +4.413832236e+02 +2.795532236e+02 +2.795532236e+02
482 +4.322831245e+02 +4.322831245e+02 +2.704531245e+02 +2.704531245e+02
518 +4.082354952e+02 +4.082354952e+02 +2.464054952e+02 +2.464054952e+02
524 +3.961721453e+02 +3.961721453e+02 +2.343421453e+02 +2.343421453e+02
526 +3.820064901e+02 +3.820064901e+02 +2.201764901e+02 +2.201764901e+02
544 +3.568794157e+02 +3.568794157e+02 +1.950494157e+02 +1.950494157e+02
552 +3.460519511e+02 +3.460519511e+02 +1.842219511e+02 +1.842219511e+02
577 +3.309902866e+02 +3.309902866e+02 +1.691602866e+02 +1.691602866e+02
581 +3.054066404e+02 +3.054066404e+02 +1.435766404e+02 +1.435766404e+02
584 +2.929824305e+02 +2.929824305e+02 +1.311524305e+02 +1.311524305e+02
622 +2.583784716e+02 +2.583784716e+02 +9.654847157e+01 +9.654847157e+01
660 +2.542022284e+02 +2.542022284e+02 +9.237222839e+01 +9.237222839e+01
667 +2.502669967e+02 +2.502669967e+02 +8.843699668e+01 +8.843699668e+01
682 +2.444503126e+02 +2.444503126e+02 +8.262031260e+01 +8.262031260e+01
688 +2.339859015e+02 +2.339859015e+02 +7.215590151e+01 +7.215590151e+01
690 +2.287792757e+02 +2.287792757e+02 +6.694927567e+01 +6.694927567e+01
703 +2.085904643e+02 +2.085904643e+02 +4.676046434e+01 +4.676046434e+01
714 +2.037329172e+02 +2.037329172e+02 +4.190291721e+01 +4.190291721e+01
726 +1.941981736e+02 +1.941981736e+02 +3.236817364e+01 +3.236817364e+01
734 +1.698750322e+02 +1.698750322e+02 +8.045032243e+00 +8.045032243e+00
748 +1.609635936e+02 +1.609635936e+02 -8.664064073e-01 -8.664064073e-01
763 +1.351969027e+02 +1.351969027e+02 -2.663309726e+01 -2.663309726e+01
795 +1.327823230e+02 +1.327823230e+02 -2.904767700e+01 -2.904767700e+01
814 +1.158761469e+02 +1.158761469e+02 -4.595385312e+01 -4.595385312e+01
836 +1.105635176e+02 +1.105635176e+02 -5.126648236e+01 -5.126648236e+01
845 +1.019028127e+02 +1.019028127e+02 -5.992718727e+01 -5.992718727e+01
880 +9.746407167e+01 +9.746407167e+01 -6.436592833e+01 -6.436592833e+01
891 +8.678460763e+01 +8.678460763e+01 -7.504539237e+01 -7.504539237e+01
902 +8.339406776e+01 +8.339406776e+01 -7.843593224e+01 -7.843593224e+01
924 +7.465782269e+01 +7.465782269e+01 -8.717217731e+01 -8.717217731e+01
946 +7.199234251e+01 +7.199234251e+01 -8.983765749e+01 -8.983765749e+01
962 +6.908774300e+01 +6.908774300e+01 -9.274225700e+01 -9.274225700e+01
968 +6.000220724e+01 +6.000220724e+01 -1.018277928e+02 -1.018277928e+02
990 +4.885141319e+01 +4.885141319e+01 -1.129785868e+02 -1.129785868e+02
1012 +4.216130025e+01 +4.216130025e+01 -1.196686997e+02 -1.196686997e+02
1014 +3.217127527e+01 +3.217127527e+01 -1.296587247e+02 -1.296587247e+02
1034 +3.018830600e+01 +3.018830600e+01 -1.316416940e+02 -1.316416940e+02
1056 +2.438261344e+01 +2.438261344e+01 -1.374473866e+02 -1.374473866e+02
1100 +2.356119292e+01 +2.356119292e+01 -1.382688071e+02 -1.382688071e+02
1107 +1.597414615e+01 +1.597414615e+01 -1.458558538e+02 -1.458558538e+02
1140 +1.446159095e+01 +1.446159095e+01 -1.473684091e+02 -1.473684091e+02
1144 +1.295121968e+01 +1.295121968e+01 -1.488787803e+02 -1.488787803e+02
1153 +9.363280342e+00 +9.363280342e+00 -1.524667197e+02 -1.524667197e+02
1166 +7.737869089e+00 +7.737869089e+00 -1.540921309e+02 -1.540921309e+02
1182 +6.799180021e+00 +6.799180021e+00 -1.550308200e+02 -1.550308200e+02
1188 +6.091412060e+00 +6.091412060e+00 -1.557385879e+02 -1.557385879e+02
1210 +4.444519336e+00 +4.444519336e+00 -1.573854807e+02 -1.573854807e+02
1232 +2.392914381e+00 +2.392914381e+00 -1.594370856e+02 -1.594370856e+02
1254 +1.958593283e+00 +1.958593283e+00 -1.598714067e+02 -1.598714067e+02
1264 +1.777192910e+00 +1.777192910e+00 -1.600528071e+02 -1.600528071e+02
1276 +0.000000000e+00 +0.000000000e+00 -1.618300000e+02 -1.618300000e+02
