% function evaluation | noise-free fitness - Fopt (9.294000000000e+01) | best noise-free fitness - Fopt | measured fitness | best measured fitness | x1 | x2...
1 +1.311513987e+01 +1.311513987e+01 +1.060551399e+02 +1.060551399e+02 +0.0000e+00 +0.0000e+00 +0.0000e+00 +0.0000e+00 +0.0000e+00
196 +1.287976598e+01 +1.287976598e+01 +1.058197660e+02 +1.058197660e+02 -5.6663e-01 +1.3267e+00 -1.7030e+00 -2.8374e-01 +6.3675e-01
198 +1.190247661e+01 +1.190247661e+01 +1.048424766e+02 +1.048424766e+02 -8.8415e-01 +8.1942e-01 -1.6537e+00 -1.5007e+00 -5.9777e-01
308 +1.075506517e+01 +1.075506517e+01 +1.036950652e+02 +1.036950652e+02 -2.0518e+00 +1.9600e+00 -1.8730e+00 -4.6905e-01 +1.0940e+00
316 +4.628056523e+00 +4.628056523e+00 +9.756805652e+01 +9.756805652e+01 -8.1944e-01 +5.6292e-01 -5.2498e-01 -2.3650e-01 +2.8162e-01
1320 +1.644245415e+00 +1.644245415e+00 +9.458424542e+01 +9.458424542e+01 -8.8282e-01 +7.0663e-01 -2.1939e-01 +1.8151e+00 +1.9307e+00
1828 +1.557975818e+00 +1.557975818e+00 +9.449797582e+01 +9.449797582e+01 -6.7086e-01 +7.3819e-01 -1.9463e-01 +2.5315e+00 +2.5673e+00
1894 +1.277719587e+00 +1.277719587e+00 +9.421771959e+01 +9.421771959e+01 -8.3497e-01 +8.1954e-01 -2.1813e-01 +2.3408e+00 +2.4170e+00
1996 +1.122874856e+00 +1.122874856e+00 +9.406287486e+01 +9.406287486e+01 -8.2741e-01 +7.4320e-01 -2.7895e-01 +2.1500e+00 +2.1196e+00
2041 +8.533079273e-01 +8.533079273e-01 +9.379330793e+01 +9.379330793e+01 -6.5226e-01 +8.3593e-01 -1.3537e-01 +2.2950e+00 +2.2518e+00
3965 +7.299341378e-01 +7.299341378e-01 +9.366993414e+01 +9.366993414e+01 -5.8786e-01 +9.3166e-01 -3.1159e-01 +1.7066e+00 +1.4078e+00
5157 +5.129245573e-01 +5.129245573e-01 +9.345292456e+01 +9.345292456e+01 -5.4096e-01 +3.2180e-01 +1.1563e-02 +1.8528e+00 +1.6287e+00
5988 +4.149488164e-01 +4.149488164e-01 +9.335494882e+01 +9.335494882e+01 -2.8506e-01 +4.5244e-01 +1.4316e-01 +3.0673e+00 +2.5151e+00
6044 +3.628195177e-01 +3.628195177e-01 +9.330281952e+01 +9.330281952e+01 -5.0829e-01 +5.9578e-01 +9.9916e-02 +2.8482e+00 +2.4871e+00
6046 +7.706102550e-02 +7.706102550e-02 +9.301706103e+01 +9.301706103e+01 -2.2262e-01 +7.8043e-01 +1.7589e-01 +3.0625e+00 +2.3179e+00
6098 +6.494902432e-02 +6.494902432e-02 +9.300494902e+01 +9.300494902e+01 -2.9500e-01 +7.6318e-01 +3.6624e-01 +3.2869e+00 +2.5407e+00
6164 +3.376992707e-02 +3.376992707e-02 +9.297376993e+01 +9.297376993e+01 -3.2376e-01 +6.9954e-01 +2.2037e-01 +3.1308e+00 +2.5290e+00
6208 +2.270871250e-02 +2.270871250e-02 +9.296270871e+01 +9.296270871e+01 -3.2231e-01 +7.2888e-01 +2.5549e-01 +3.0806e+00 +2.5071e+00
6252 +2.140623730e-02 +2.140623730e-02 +9.296140624e+01 +9.296140624e+01 -2.6093e-01 +6.6679e-01 +3.0060e-01 +3.1160e+00 +2.4807e+00
6333 +2.043119717e-02 +2.043119717e-02 +9.296043120e+01 +9.296043120e+01 -2.5333e-01 +7.0655e-01 +2.9409e-01 +3.1527e+00 +2.4626e+00
6372 +2.008427487e-02 +2.008427487e-02 +9.296008427e+01 +9.296008427e+01 -2.8045e-01 +7.2084e-01 +2.9867e-01 +3.1965e+00 +2.4652e+00
6378 +7.299341378e-03 +7.299341378e-03 +9.294729934e+01 +9.294729934e+01 -2.5030e-01 +6.9710e-01 +3.0221e-01 +3.1993e+00 +2.4644e+00
% function evaluation | noise-free fitness - Fopt (3.535000000000e+01) | best noise-free fitness - Fopt | measured fitness | best measured fitness | x1 | x2...
1 +4.644548928e+02 +4.644548928e+02 +4.998048928e+02 +4.998048928e+02 +0.0000e+00 +0.0000e+00 +0.0000e+00 +0.0000e+00 +0.0000e+00
2 +3.530523953e+02 +3.530523953e+02 +3.884023953e+02 +3.884023953e+02 -1.8337e+00 +1.2943e+00 +5.2428e-04 -1.6817e+00 -3.4242e+00
3 +3.234446587e+02 +3.234446587e+02 +3.587946587e+02 +3.587946587e+02 -1.8315e+00 +1.3114e+00 +7.6772e-02 -1.3077e+00 -3.3540e+00
9 +2.741183128e+02 +2.741183128e+02 +3.094683128e+02 +3.094683128e+02 -1.9551e+00 +1.5361e+00 +1.3095e-01 -1.5458e+00 -3.4204e+00
63 +2.637530555e+02 +2.637530555e+02 +2.991030555e+02 +2.991030555e+02 -1.6076e+00 +1.4831e+00 +1.6964e-02 -1.3800e+00 -3.6394e+00
323 +2.481851198e+02 +2.481851198e+02 +2.835351198e+02 +2.835351198e+02 -1.4541e+00 +3.1933e-01 +1.6325e+00 -1.5167e+00 -2.5146e+00
331 +1.940548102e+02 +1.940548102e+02 +2.294048102e+02 +2.294048102e+02 +6.3609e-01 +5.2489e-01 +3.5715e+00 -2.4766e+00 -1.0235e+00
339 +1.342914787e+02 +1.342914787e+02 +1.696414787e+02 +1.696414787e+02 -1.2942e+00 -1.1321e+00 +6.7405e+00 -1.1713e+00 -2.6543e+00
341 +9.005652531e+01 +9.005652531e+01 +1.254065253e+02 +1.254065253e+02 +2.5353e-01 -1.4415e-02 +2.8572e+00 -2.0970e+00 -3.4276e+00
358 +7.551424742e+01 +7.551424742e+01 +1.108642474e+02 +1.108642474e+02 +2.6137e-01 -7.7396e-01 +3.6739e+00 -1.7131e+00 -2.6528e+00
380 +6.530013141e+01 +6.530013141e+01 +1.006501314e+02 +1.006501314e+02 +6.1516e-01 -1.2217e+00 +5.1935e+00 -2.1670e+00 -2.7622e+00
386 +3.184679486e+01 +3.184679486e+01 +6.719679486e+01 +6.719679486e+01 +3.7511e+00 -1.7072e+00 +3.8467e+00 -1.7213e+00 -2.0584e+00
418 +1.477757885e+01 +1.477757885e+01 +5.012757885e+01 +5.012757885e+01 +2.3866e+00 +2.4120e-01 +4.7942e+00 -3.6720e-01 -2.2362e+00
625 +1.231797502e+01 +1.231797502e+01 +4.766797502e+01 +4.766797502e+01 +2.2706e+00 +8.0691e-01 +4.2180e+00 +1.6103e+00 -3.3976e-01
627 +1.119209751e+01 +1.119209751e+01 +4.654209751e+01 +4.654209751e+01 +1.4532e+00 +2.2970e+00 +4.2396e+00 +2.6079e+00 -1.1661e+00
641 +9.569898480e+00 +9.569898480e+00 +4.491989848e+01 +4.491989848e+01 +1.1480e+00 +5.2866e-01 +4.8512e+00 +1.5572e+00 -1.6628e+00
644 +8.387568009e+00 +8.387568009e+00 +4.373756801e+01 +4.373756801e+01 +1.0743e+00 +8.8854e-01 +4.6471e+00 +1.1492e+00 -1.6637e+00
666 +7.571878544e+00 +7.571878544e+00 +4.292187854e+01 +4.292187854e+01 +1.6190e+00 +9.5230e-01 +4.6807e+00 +1.5115e+00 -1.9961e+00
688 +6.602885735e+00 +6.602885735e+00 +4.195288573e+01 +4.195288573e+01 +1.7822e+00 +1.0722e+00 +4.4275e+00 +1.4757e+00 -1.3371e+00
710 +1.927996680e+00 +1.927996680e+00 +3.727799668e+01 +3.727799668e+01 +2.1646e+00 +9.4919e-01 +4.3778e+00 +1.8488e+00 -1.5731e+00
807 +1.531649924e+00 +1.531649924e+00 +3.688164992e+01 +3.688164992e+01 +9.8160e-01 +1.5795e+00 +4.1664e+00 +1.1660e+00 -2.3223e+00
1619 +4.903565982e-01 +4.903565982e-01 +3.584035660e+01 +3.584035660e+01 +1.6634e+00 +1.3296e+00 +4.0915e+00 +1.1652e+00 -2.1362e+00
22005 +4.676372869e-01 +4.676372869e-01 +3.581763729e+01 +3.581763729e+01 +2.2722e+00 +7.8157e-01 +4.3481e+00 +1.4716e+00 -1.6437e+00
22502 +4.387165452e-01 +4.387165452e-01 +3.578871655e+01 +3.578871655e+01 +1.8356e+00 +1.7380e+00 +3.8020e+00 +1.7052e+00 -1.6630e+00
22527 +3.668278718e-01 +3.668278718e-01 +3.571682787e+01 +3.571682787e+01 +1.7030e+00 +1.5665e+00 +3.9060e+00 +1.4652e+00 -1.7598e+00
22546 +2.341892057e-01 +2.341892057e-01 +3.558418921e+01 +3.558418921e+01 +1.7365e+00 +1.3837e+00 +3.9370e+00 +1.3982e+00 -1.8420e+00
22568 +7.784592535e-02 +7.784592535e-02 +3.542784593e+01 +3.542784593e+01 +1.7248e+00 +1.4443e+00 +4.0117e+00 +1.4020e+00 -1.8875e+00
22854 +2.083854029e-02 +2.083854029e-02 +3.537083854e+01 +3.537083854e+01 +1.7800e+00 +1.5425e+00 +3.9330e+00 +1.4451e+00 -1.9133e+00
22998 +1.700013685e-02 +1.700013685e-02 +3.536700014e+01 +3.536700014e+01 +1.7980e+00 +1.4091e+00 +3.9721e+00 +1.3793e+00 -1.8594e+00
% function evaluation | noise-free fitness - Fopt (3.820000000000e+00) | best noise-free fitness - Fopt | measured fitness | best measured fitness | x1 | x2...
1 +7.329981111e+02 +7.329981111e+02 +7.368181111e+02 +7.368181111e+02 +0.0000e+00 +0.0000e+00 +0.0000e+00 +0.0000e+00 +0.0000e+00
2 +6.039761880e+02 +6.039761880e+02 +6.077961880e+02 +6.077961880e+02 +7.6997e+00 -9.0728e-02 -1.0690e+00 +2.0715e+00 +4.6199e+00
4 +5.911538175e+02 +5.911538175e+02 +5.949738175e+02 +5.949738175e+02 +7.8767e+00 -3.3569e-01 -9.0570e-01 +2.2012e+00 +4.5037e+00
11 +5.832945098e+02 +5.832945098e+02 +5.871145098e+02 +5.871145098e+02 +7.9307e+00 -1.5043e-01 -1.1663e+00 +1.9446e+00 +4.6318e+00
13 +4.916240311e+02 +4.916240311e+02 +4.954440311e+02 +4.954440311e+02 +7.8470e+00 -2.1676e-01 -8.7351e-01 +1.9953e+00 +4.4827e+00
36 +4.853249792e+02 +4.853249792e+02 +4.891449792e+02 +4.891449792e+02 +7.8830e+00 -7.3577e-02 -8.3866e-01 +1.9531e+00 +4.5661e+00
58 +4.724951283e+02 +4.724951283e+02 +4.763151283e+02 +4.763151283e+02 +8.0887e+00 +1.6873e-02 -9.8844e-01 +2.0016e+00 +4.5261e+00
63 +4.473989504e+02 +4.473989504e+02 +4.512189504e+02 +4.512189504e+02 +7.8999e+00 -3.6776e-02 -7.8049e-01 +1.9156e+00 +4.6800e+00
92 +4.009445674e+02 +4.009445674e+02 +4.047645674e+02 +4.047645674e+02 +7.9131e+00 +2.4839e-01 -5.4761e-01 +2.0016e+00 +4.3607e+00
112 +3.759497509e+02 +3.759497509e+02 +3.797697509e+02 +3.797697509e+02 +8.0231e+00 +2.8953e-01 -3.5808e-01 +1.7532e+00 +4.7283e+00
126 +3.688268326e+02 +3.688268326e+02 +3.726468326e+02 +3.726468326e+02 +7.8434e+00 +3.7787e-01 -3.2130e-01 +1.6509e+00 +4.4369e+00
134 +3.148481221e+02 +3.148481221e+02 +3.186681221e+02 +3.186681221e+02 +8.0127e+00 +4.1355e-01 +2.3402e-01 +1.5495e+00 +4.7285e+00
137 +3.054230699e+02 +3.054230699e+02 +3.092430699e+02 +3.092430699e+02 +7.7437e+00 +2.5510e-01 -1.4691e-01 +1.9695e+00 +4.2239e+00
157 +2.665986641e+02 +2.665986641e+02 +2.704186641e+02 +2.704186641e+02 +7.3953e+00 +9.0641e-01 -4.9190e-01 +1.4734e+00 +3.8316e+00
173 +2.437663763e+02 +2.437663763e+02 +2.475863763e+02 +2.475863763e+02 +7.8465e+00 +1.0656e+00 +3.1494e-01 +7.3073e-01 +4.8487e+00
187 +2.080604221e+02 +2.080604221e+02 +2.118804221e+02 +2.118804221e+02 +7.4497e+00 +7.7643e-01 +4.3241e-01 +1.4705e+00 +4.0620e+00
200 +1.501081420e+02 +1.501081420e+02 +1.539281420e+02 +1.539281420e+02 +7.1646e+00 +1.2032e+00 +1.6541e+00 +7.6730e-01 +4.1523e+00
228 +1.477882847e+02 +1.477882847e+02 +1.516082847e+02 +1.516082847e+02 +7.1305e+00 +3.8870e-01 +1.5209e+00 +1.5915e+00 +3.5315e+00
236 +1.040394298e+02 +1.040394298e+02 +1.078594298e+02 +1.078594298e+02 +6.0275e+00 +6.4974e-01 +1.5210e+00 +5.3751e-01 +3.8360e+00
239 +9.240194227e+01 +9.240194227e+01 +9.622194227e+01 +9.622194227e+01 +6.4407e+00 +1.6497e+00 +1.2141e+00 +9.1954e-01 +2.4599e+00
244 +3.276782051e+01 +3.276782051e+01 +3.658782051e+01 +3.658782051e+01 +4.5802e+00 +2.7063e+00 +2.8827e-01 -4.1500e-01 +1.6219e+00
307 +1.771984821e+01 +1.771984821e+01 +2.153984821e+01 +2.153984821e+01 +5.1963e+00 +5.9660e-01 +1.8877e+00 -1.1049e+00 +1.7115e+00
308 +9.414925119e+00 +9.414925119e+00 +1.323492512e+01 +1.323492512e+01 +4.8029e+00 +1.4398e+00 +1.6107e+00 -2.2522e+00 +1.9315e+00
418 +6.713683272e+00 +6.713683272e+00 +1.053368327e+01 +1.053368327e+01 +3.1956e+00 +1.9688e+00 +1.6124e+00 -1.7777e+00 +8.3219e-01
440 +1.016939657e+00 +1.016939657e+00 +4.836939657e+00 +4.836939657e+00 +3.9666e+00 +1.8937e+00 +1.2857e+00 -2.4989e+00 +5.3083e-01
757 +3.349623773e-01 +3.349623773e-01 +4.154962377e+00 +4.154962377e+00 +3.9209e+00 +1.7940e+00 +1.2115e+00 -2.1386e+00 +4.1946e-01
959 +3.253815637e-01 +3.253815637e-01 +4.145381564e+00 +4.145381564e+00 +3.9284e+00 +1.6601e+00 +1.3755e+00 -2.2244e+00 +4.5947e-01
1045 +3.214777276e-01 +3.214777276e-01 +4.141477728e+00 +4.141477728e+00 +3.8422e+00 +1.7900e+00 +1.2730e+00 -2.2088e+00 +4.0827e-01
22726 +2.181187079e-01 +2.181187079e-01 +4.038118708e+00 +4.038118708e+00 +4.0132e+00 +1.3073e+00 +1.8156e+00 -3.0525e+00 +1.0033e+00
% function evaluation | noise-free fitness - Fopt (2.175000000000e+01) | best noise-free fitness - Fopt | measured fitness | best measured fitness | x1 | x2...
1 +1.551430652e+02 +1.551430652e+02 +1.768930652e+02 +1.768930652e+02 +0.0000e+00 +0.0000e+00 +0.0000e+00 +0.0000e+00 +0.0000e+00
72 +1.025720271e+02 +1.025720271e+02 +1.243220271e+02 +1.243220271e+02 +2.0632e+00 -8.5958e-01 -1.2475e+00 +3.5181e-04 -1.9062e+00
75 +9.792065329e+01 +9.792065329e+01 +1.196706533e+02 +1.196706533e+02 +1.9979e+00 -6.8003e-01 -1.3400e+00 -1.9277e-01 -1.9242e+00
254 +7.114966358e+01 +7.114966358e+01 +9.289966358e+01 +9.289966358e+01 +2.3469e+00 +3.4027e-01 -2.4573e+00 +3.6818e+00 -4.5919e-01
264 +7.039420370e+01 +7.039420370e+01 +9.214420370e+01 +9.214420370e+01 +3.3275e+00 +3.4193e-01 -2.4342e+00 +3.9187e+00 +2.7364e-01
279 +4.395397310e+01 +4.395397310e+01 +6.570397310e+01 +6.570397310e+01 +2.9376e+00 -4.2358e-01 -5.5678e-01 +2.9864e+00 +8.7576e-01
289 +7.504920177e+00 +7.504920177e+00 +2.925492018e+01 +2.925492018e+01 +4.2783e+00 +2.9540e-01 -1.9489e+00 +3.8378e+00 -1.1815e+00
304 +2.981149898e+00 +2.981149898e+00 +2.473114990e+01 +2.473114990e+01 +3.5983e+00 -6.6766e-02 -1.4225e+00 +4.0142e+00 -7.2466e-01
682 +2.764668509e+00 +2.764668509e+00 +2.451466851e+01 +2.451466851e+01 +4.8473e+00 +8.5696e-03 -2.0725e+00 +3.5142e+00 -7.7560e-01
721 +2.494446792e+00 +2.494446792e+00 +2.424444679e+01 +2.424444679e+01 +4.7666e+00 -1.5180e-01 -2.0509e+00 +3.5255e+00 -8.5862e-01
736 +2.243972067e+00 +2.243972067e+00 +2.399397207e+01 +2.399397207e+01 +4.7422e+00 -1.2392e-01 -1.9590e+00 +3.4828e+00 -8.3613e-01
797 +1.286095944e+00 +1.286095944e+00 +2.303609594e+01 +2.303609594e+01 +3.9665e+00 +3.8767e-01 -1.6631e+00 +3.4990e+00 -1.1030e+00
854 +4.455552227e-01 +4.455552227e-01 +2.219555522e+01 +2.219555522e+01 +4.2975e+00 +9.7620e-01 -1.6022e+00 +2.7918e+00 -1.7299e+00
1021 +2.284019318e-01 +2.284019318e-01 +2.197840193e+01 +2.197840193e+01 +4.5331e+00 +8.3382e-01 -1.4057e+00 +2.3284e+00 -1.2792e+00
1868 +2.151000003e-01 +2.151000003e-01 +2.196510000e+01 +2.196510000e+01 +3.0871e+00 +8.6828e-01 -7.1316e-01 +3.6488e+00 -1.9073e+00
8232 +1.961194162e-01 +1.961194162e-01 +2.194611942e+01 +2.194611942e+01 +3.8493e+00 +5.7735e-01 -1.2853e+00 +3.2011e+00 -1.4201e+00
8238 +1.359758708e-01 +1.359758708e-01 +2.188597587e+01 +2.188597587e+01 +3.9319e+00 +7.3338e-01 -1.2414e+00 +3.1227e+00 -1.4253e+00
8254 +1.340655653e-01 +1.340655653e-01 +2.188406557e+01 +2.188406557e+01 +3.9146e+00 +6.5880e-01 -1.2253e+00 +3.1189e+00 -1.3721e+00
8278 +9.133407525e-02 +9.133407525e-02 +2.184133408e+01 +2.184133408e+01 +3.8710e+00 +7.7544e-01 -1.2215e+00 +2.9581e+00 -1.5018e+00
8348 +8.275407727e-02 +8.275407727e-02 +2.183275408e+01 +2.183275408e+01 +3.7497e+00 +6.9605e-01 -1.1494e+00 +3.2286e+00 -1.5035e+00
8352 +7.616702105e-02 +7.616702105e-02 +2.182616702e+01 +2.182616702e+01 +3.8707e+00 +8.0400e-01 -1.1251e+00 +2.9991e+00 -1.5232e+00
8354 +5.408365289e-02 +5.408365289e-02 +2.180408365e+01 +2.180408365e+01 +3.8561e+00 +7.9666e-01 -1.2295e+00 +3.0825e+00 -1.6367e+00
8364 +4.829616066e-02 +4.829616066e-02 +2.179829616e+01 +2.179829616e+01 +3.8351e+00 +7.6200e-01 -1.1857e+00 +3.1544e+00 -1.5373e+00
8395 +1.207404017e-02 +1.207404017e-02 +2.176207404e+01 +2.176207404e+01 +3.7956e+00 +7.8310e-01 -1.1484e+00 +3.1422e+00 -1.5972e+00
8650 +3.287162904e-03 +3.287162904e-03 +2.175328716e+01 +2.175328716e+01 +3.8275e+00 +8.9422e-01 -1.1410e+00 +3.0550e+00 -1.6530e+00
8784 +9.443888516e-08 +9.443888516e-08 +2.175000009e+01 +2.175000009e+01 +3.7868e+00 +8.9899e-01 -1.1305e+00 +3.0529e+00 -1.6811e+00
8826 +6.476589931e-08 +6.476589931e-08 +2.175000006e+01 +2.175000006e+01 +3.7863e+00 +8.8304e-01 -1.1230e+00 +3.0824e+00 -1.6848e+00
9042 +4.710118162e-08 +4.710118162e-08 +2.175000005e+01 +2.175000005e+01 +3.7670e+00 +8.9804e-01 -1.1142e+00 +3.0838e+00 -1.6646e+00
9083 +2.552542711e-08 +2.552542711e-08 +2.175000003e+01 +2.175000003e+01 +3.7842e+00 +8.9464e-01 -1.1184e+00 +3.0902e+00 -1.6627e+00
9090 +1.109613734e-08 +1.109613734e-08 +2.175000001e+01 +2.175000001e+01 +3.7803e+00 +8.9437e-01 -1.1221e+00 +3.0800e+00 -1.6710e+00
9098 +6.230532534e-09 +6.230532534e-09 +2.175000001e+01 +2.175000001e+01 +3.7775e+00 +8.8665e-01 -1.1217e+00 +3.0787e+00 -1.6870e+00
% function evaluation | noise-free fitness - Fopt (6.479000000000e+01) | best noise-free fitness - Fopt | measured fitness | best measured fitness | x1 | x2...
1 +3.268637627e+01 +3.268637627e+01 +9.747637627e+01 +9.747637627e+01 +0.0000e+00 +0.0000e+00 +0.0000e+00 +0.0000e+00 +0.0000e+00
556 +2.668364245e+01 +2.668364245e+01 +9.147364245e+01 +9.147364245e+01 -4.5350e+00 -4.3410e+00 -5.4994e-01 -6.7902e-01 +1.2954e+00
566 +2.090484436e+01 +2.090484436e+01 +8.569484436e+01 +8.569484436e+01 -4.3773e+00 -4.4687e+00 -7.5915e-01 -5.6750e-03 +2.1195e+00
571 +1.998986409e+01 +1.998986409e+01 +8.477986409e+01 +8.477986409e+01 -3.5366e+00 -4.1165e+00 -1.1729e+00 -5.2755e-01 +2.4075e+00
580 +1.607591858e+01 +1.607591858e+01 +8.086591858e+01 +8.086591858e+01 -4.3366e+00 -4.4737e+00 -4.7137e-01 +4.6486e-01 +1.6705e+00
582 +1.539083636e+01 +1.539083636e+01 +8.018083636e+01 +8.018083636e+01 -3.8801e+00 -4.2773e+00 -5.8504e-01 +8.3857e-02 +1.9127e+00
597 +8.590811538e+00 +8.590811538e+00 +7.338081154e+01 +7.338081154e+01 -2.9162e+00 -3.9880e+00 -1.1561e+00 -3.6664e-02 +1.7290e+00
678 +8.225743683e+00 +8.225743683e+00 +7.301574368e+01 +7.301574368e+01 -2.2494e+00 -3.4252e+00 -4.7589e-01 +1.1471e+00 +3.4560e-01
687 +4.385261902e+00 +4.385261902e+00 +6.917526190e+01 +6.917526190e+01 -3.9333e+00 -4.1112e+00 -8.0348e-01 +7.5380e-01 +6.3357e-01
758 +4.324691634e+00 +4.324691634e+00 +6.911469163e+01 +6.911469163e+01 -4.0874e+00 -4.2596e+00 -9.4210e-01 +5.6683e-01 +5.6489e-01
832 +3.127901957e+00 +3.127901957e+00 +6.791790196e+01 +6.791790196e+01 -2.6460e+00 -3.3245e+00 -6.5434e-01 +8.0986e-01 +6.5106e-01
1776 +2.684737168e+00 +2.684737168e+00 +6.747473717e+01 +6.747473717e+01 +2.1728e-01 -1.4093e+00 -9.3716e-01 +1.1691e+00 +1.2346e+00
1930 +2.611124082e+00 +2.611124082e+00 +6.740112408e+01 +6.740112408e+01 -9.8613e-01 -1.8565e+00 -1.6864e-01 +6.9650e-01 +5.6014e-01
2044 +7.399459328e-01 +7.399459328e-01 +6.552994593e+01 +6.552994593e+01 -6.1667e-01 -1.8988e+00 -6.7528e-01 +1.1220e+00 +3.9740e-01
2220 +6.497728587e-01 +6.497728587e-01 +6.543977286e+01 +6.543977286e+01 -6.0461e-01 -1.5343e+00 -3.6622e-01 +1.7545e+00 -1.5715e-02
5414 +6.228926870e-01 +6.228926870e-01 +6.541289269e+01 +6.541289269e+01 -6.1797e-01 -1.3617e+00 -2.3143e-01 +1.8357e+00 -2.1959e-01
5530 +6.099926237e-01 +6.099926237e-01 +6.539999262e+01 +6.539999262e+01 -9.6965e-01 -1.1419e+00 +6.6528e-02 +1.5130e+00 -5.9691e-01
5570 +5.217631941e-01 +5.217631941e-01 +6.531176319e+01 +6.531176319e+01 -9.7329e-01 -1.1431e+00 +1.1680e-01 +1.4880e+00 -5.5856e-01
5640 +4.968353885e-01 +4.968353885e-01 +6.528683539e+01 +6.528683539e+01 -1.0769e+00 -1.1788e+00 +2.0072e-01 +1.4202e+00 -4.8596e-01
5706 +4.817960029e-01 +4.817960029e-01 +6.527179600e+01 +6.527179600e+01 -1.0723e+00 -1.1651e+00 +1.1205e-01 +1.4692e+00 -4.9238e-01
5753 +4.670094885e-01 +4.670094885e-01 +6.525700949e+01 +6.525700949e+01 -9.8703e-01 -1.1432e+00 +1.3906e-01 +1.4382e+00 -4.5567e-01
7987 +2.395459626e-01 +2.395459626e-01 +6.502954596e+01 +6.502954596e+01 -1.9530e+00 -2.2573e+00 -1.9191e-01 +1.4765e+00 -3.8377e-01
8010 +1.409704945e-01 +1.409704945e-01 +6.493097049e+01 +6.493097049e+01 -1.8826e+00 -2.2218e+00 -2.7788e-01 +1.3006e+00 -1.5484e-01
8076 +1.041732712e-01 +1.041732712e-01 +6.489417327e+01 +6.489417327e+01 -2.1763e+00 -2.2975e+00 -3.7751e-02 +1.3098e+00 -2.4430e-01
8263 +7.460512273e-02 +7.460512273e-02 +6.486460512e+01 +6.486460512e+01 -2.0185e+00 -2.2768e+00 -1.4349e-01 +1.3379e+00 -2.8728e-01
8326 +7.412616646e-02 +7.412616646e-02 +6.486412617e+01 +6.486412617e+01 -2.2436e+00 -2.3317e+00 +3.0628e-03 +1.3253e+00 -4.0332e-01
8340 +5.860388321e-02 +5.860388321e-02 +6.484860388e+01 +6.484860388e+01 -1.9710e+00 -2.1858e+00 -1.1115e-01 +1.4016e+00 -3.9476e-01
8362 +4.240176850e-07 +4.240176850e-07 +6.479000042e+01 +6.479000042e+01 -1.8876e+00 -2.1165e+00 -8.2533e-02 +1.3645e+00 -2.6075e-01
% function evaluation | noise-free fitness - Fopt (-6.173000000000e+01) | best noise-free fitness - Fopt | measured fitness | best measured fitness | x1 | x2...
1 +2.603296367e+02 +2.603296367e+02 +1.985996367e+02 +1.985996367e+02 +0.0000e+00 +0.0000e+00 +0.0000e+00 +0.0000e+00 +0.0000e+00
257 +1.025998175e+02 +1.025998175e+02 +4.086981754e+01 +4.086981754e+01 +6.2073e-01 -2.0716e-01 -4.7165e+00 +3.2807e+00 -3.0481e+00
313 +7.312623947e+01 +7.312623947e+01 +1.139623947e+01 +1.139623947e+01 +2.0637e+00 -2.2575e+00 -2.4943e+00 +3.4157e+00 -2.7797e+00
338 +5.503082735e+01 +5.503082735e+01 -6.699172651e+00 -6.699172651e+00 +2.2035e+00 -5.5311e+00 +1.9343e-01 +2.5007e+00 -3.2027e+00
354 +4.663521331e+01 +4.663521331e+01 -1.509478669e+01 -1.509478669e+01 +1.4924e+00 -4.3007e+00 -1.3980e+00 +3.4245e+00 -3.5279e+00
375 +1.630388043e+01 +1.630388043e+01 -4.542611957e+01 -4.542611957e+01 +1.0852e+00 -4.6325e+00 -8.1539e-01 +2.7599e+00 -2.4667e+00
1102 +1.474696003e+01 +1.474696003e+01 -4.698303997e+01 -4.698303997e+01 +1.3428e+00 -4.9729e+00 +6.7780e-01 +9.9616e-01 -1.8207e+00
1124 +1.074095596e+01 +1.074095596e+01 -5.098904404e+01 -5.098904404e+01 +1.0190e+00 -4.6241e+00 +2.7171e-01 +7.0534e-01 -2.0165e+00
1629 +7.349328455e+00 +7.349328455e+00 -5.438067155e+01 -5.438067155e+01 +6.5864e-01 -4.1631e+00 -1.0218e+00 +2.0608e+00 -1.7250e+00
3330 +6.753844396e+00 +6.753844396e+00 -5.497615560e+01 -5.497615560e+01 +3.5996e-01 -4.3050e+00 -5.3245e-01 +1.1286e+00 -2.3527e+00
3770 +4.863612584e+00 +4.863612584e+00 -5.686638742e+01 -5.686638742e+01 +3.9214e-01 -3.3257e+00 -2.0758e+00 +4.0794e+00 -4.1953e-01
3858 +4.514227489e+00 +4.514227489e+00 -5.721577251e+01 -5.721577251e+01 -4.5644e-01 -2.7723e+00 -2.4541e+00 +3.6704e+00 -5.6672e-01
3902 +4.275039431e+00 +4.275039431e+00 -5.745496057e+01 -5.745496057e+01 -2.5023e-01 -2.3793e+00 -2.8368e+00 +3.9398e+00 -9.5379e-01
3932 +3.665936448e+00 +3.665936448e+00 -5.806406355e+01 -5.806406355e+01 -1.1466e+00 -2.7125e+00 -3.8563e+00 +4.2520e+00 -8.2180e-01
4006 +3.376782505e+00 +3.376782505e+00 -5.835321749e+01 -5.835321749e+01 -1.3533e+00 -2.2420e+00 -4.0297e+00 +4.9363e+00 -1.1140e+00
5224 +2.253887520e+00 +2.253887520e+00 -5.947611248e+01 -5.947611248e+01 -1.2138e+00 -3.0659e+00 -3.0249e+00 +3.7564e+00 -1.6628e+00
5226 +2.062224647e+00 +2.062224647e+00 -5.966777535e+01 -5.966777535e+01 -1.0180e+00 -3.1452e+00 -2.7207e+00 +2.6443e+00 -3.1842e+00
5248 +1.709150869e+00 +1.709150869e+00 -6.002084913e+01 -6.002084913e+01 -1.2274e+00 -3.2938e+00 -2.9294e+00 +2.8221e+00 -2.5819e+00
5270 +1.515433504e+00 +1.515433504e+00 -6.021456650e+01 -6.021456650e+01 -1.3644e+00 -2.9952e+00 -3.2314e+00 +3.2640e+00 -2.3119e+00
5314 +7.035166268e-01 +7.035166268e-01 -6.102648337e+01 -6.102648337e+01 -1.3181e+00 -2.6866e+00 -3.7835e+00 +3.7640e+00 -2.4684e+00
5336 +6.301524263e-01 +6.301524263e-01 -6.109984757e+01 -6.109984757e+01 -1.4765e+00 -2.7069e+00 -3.8644e+00 +3.7129e+00 -2.6291e+00
12733 +5.641330860e-01 +5.641330860e-01 -6.116586691e+01 -6.116586691e+01 -1.0824e+00 -3.2261e+00 -3.1270e+00 +2.8819e+00 -2.8753e+00
23199 +2.036247114e-01 +2.036247114e-01 -6.152637529e+01 -6.152637529e+01 -1.5996e+00 -3.1259e+00 -3.3067e+00 +2.7681e+00 -3.1174e+00
% function evaluation | noise-free fitness - Fopt (-2.930000000000e+00) | best noise-free fitness - Fopt | measured fitness | best measured fitness | x1 | x2...
1 +4.652410707e+01 +4.652410707e+01 +4.359410707e+01 +4.359410707e+01 +0.0000e+00 +0.0000e+00 +0.0000e+00 +0.0000e+00 +0.0000e+00
388 +2.896701833e+01 +2.896701833e+01 +2.603701833e+01 +2.603701833e+01 +1.9480e+00 +9.8387e-01 -2.0197e+00 -1.3086e+00 -3.4315e+00
423 +2.318357290e+01 +2.318357290e+01 +2.025357290e+01 +2.025357290e+01 +2.4207e+00 +1.7323e+00 -1.3127e+00 -1.1170e+00 -3.6365e+00
534 +2.000810388e+01 +2.000810388e+01 +1.707810388e+01 +1.707810388e+01 +2.7137e+00 +1.5085e+00 -2.0989e+00 -1.0545e+00 -2.4387e+00
552 +1.893707853e+01 +1.893707853e+01 +1.600707853e+01 +1.600707853e+01 +2.7589e+00 +1.5710e+00 -1.7882e+00 -1.2449e+00 -2.7920e+00
586 +1.607913515e+01 +1.607913515e+01 +1.314913515e+01 +1.314913515e+01 +2.9149e+00 +1.5583e+00 -1.6474e+00 -1.3003e+00 -2.5982e+00
609 +1.434364912e+01 +1.434364912e+01 +1.141364912e+01 +1.141364912e+01 +3.0243e+00 +1.6349e+00 -1.4718e+00 -1.3010e+00 -2.7865e+00
624 +1.343303700e+01 +1.343303700e+01 +1.050303700e+01 +1.050303700e+01 +3.3741e+00 +2.5515e+00 -1.5840e+00 -1.7998e+00 -2.1641e+00
709 +1.120574334e+01 +1.120574334e+01 +8.275743344e+00 +8.275743344e+00 +2.8208e+00 +2.7659e+00 -1.3711e+00 -1.1063e+00 -2.1042e+00
730 +1.072020981e+01 +1.072020981e+01 +7.790209811e+00 +7.790209811e+00 +2.9951e+00 +2.2123e+00 -1.4271e+00 -1.6106e+00 -2.0570e+00
733 +9.400358818e+00 +9.400358818e+00 +6.470358818e+00 +6.470358818e+00 +3.5772e+00 +2.4443e+00 -1.5593e+00 -1.5397e+00 -1.8134e+00
750 +8.690090504e+00 +8.690090504e+00 +5.760090504e+00 +5.760090504e+00 +3.1986e+00 +2.0926e+00 -1.4645e+00 -1.3196e+00 -2.1547e+00
794 +8.477616591e+00 +8.477616591e+00 +5.547616591e+00 +5.547616591e+00 +3.2602e+00 +2.1827e+00 -1.4278e+00 -1.2473e+00 -1.8297e+00
802 +7.538227739e+00 +7.538227739e+00 +4.608227739e+00 +4.608227739e+00 +3.0232e+00 +2.4585e+00 -1.5683e+00 -9.8155e-01 -1.4233e+00
843 +5.578980389e+00 +5.578980389e+00 +2.648980389e+00 +2.648980389e+00 +2.4199e+00 +1.7340e+00 -1.3645e+00 -1.2497e+00 -8.3885e-01
859 +5.412911913e+00 +5.412911913e+00 +2.482911913e+00 +2.482911913e+00 +3.0504e+00 +1.6659e+00 -1.6384e+00 -7.9618e-01 -6.8803e-01
892 +5.331971988e+00 +5.331971988e+00 +2.401971988e+00 +2.401971988e+00 +3.2680e+00 +2.6462e+00 -1.3975e+00 -1.3502e+00 -1.2278e+00
893 +3.087278344e+00 +3.087278344e+00 +1.572783437e-01 +1.572783437e-01 +3.1564e+00 +1.9745e+00 -1.2610e+00 -1.0360e+00 -8.7448e-01
914 +2.281154338e+00 +2.281154338e+00 -6.488456624e-01 -6.488456624e-01 +3.1389e+00 +2.2334e+00 -1.1688e+00 -1.0306e+00 -2.9465e-01
954 +1.727613762e+00 +1.727613762e+00 -1.202386238e+00 -1.202386238e+00 +2.8404e+00 +2.2501e+00 -1.3252e+00 -8.5155e-01 +3.4769e-01
970 +1.445911106e+00 +1.445911106e+00 -1.484088894e+00 -1.484088894e+00 +3.1548e+00 +2.3663e+00 -1.3423e+00 -1.0364e+00 -1.5080e-01
2514 +5.425925104e-01 +5.425925104e-01 -2.387407490e+00 -2.387407490e+00 +2.3408e+00 +1.2923e+00 -6.9240e-01 -3.7648e-01 +3.5470e-01
2742 +4.928939062e-01 +4.928939062e-01 -2.437106094e+00 -2.437106094e+00 +2.4893e+00 +1.2569e+00 -5.5476e-01 -6.9345e-01 +3.6060e-01
6091 +4.215917494e-01 +4.215917494e-01 -2.508408251e+00 -2.508408251e+00 +2.3090e+00 +1.1586e+00 -5.9170e-01 -3.2510e-01 +6.0373e-01
7014 +2.609345215e-01 +2.609345215e-01 -2.669065479e+00 -2.669065479e+00 +2.6122e+00 +2.0352e+00 -9.1715e-01 -4.4009e-01 +1.6247e+00
7036 +1.392639245e-01 +1.392639245e-01 -2.790736075e+00 -2.790736075e+00 +2.5131e+00 +1.8495e+00 -8.3198e-01 -3.8177e-01 +1.5087e+00
7124 +8.785246537e-02 +8.785246537e-02 -2.842147535e+00 -2.842147535e+00 +2.5356e+00 +1.7845e+00 -8.2499e-01 -4.2238e-01 +1.4121e+00
7183 +7.273699485e-02 +7.273699485e-02 -2.857263005e+00 -2.857263005e+00 +2.6560e+00 +1.9448e+00 -1.0300e+00 -5.4413e-01 +1.0969e+00
7190 +3.946361478e-02 +3.946361478e-02 -2.890536385e+00 -2.890536385e+00 +2.6525e+00 +1.9278e+00 -9.4302e-01 -4.8075e-01 +1.3259e+00
7234 +3.801648771e-02 +3.801648771e-02 -2.891983512e+00 -2.891983512e+00 +2.6243e+00 +1.9333e+00 -9.7203e-01 -4.8966e-01 +1.2770e+00
7278 +8.448205836e-03 +8.448205836e-03 -2.921551794e+00 -2.921551794e+00 +2.5694e+00 +1.9544e+00 -9.9364e-01 -4.8030e-01 +1.2169e+00
7300 +3.491725828e-07 +3.491725828e-07 -2.929999651e+00 -2.929999651e+00 +2.5916e+00 +1.9302e+00 -9.8225e-01 -5.0576e-01 +1.1764e+00
10892 +2.788466746e-08 +2.788466746e-08 -2.929999972e+00 -2.929999972e+00 +2.5761e+00 +1.8968e+00 -9.9287e-01 -4.9037e-01 +1.2260e+00
11118 +2.326140169e-08 +2.326140169e-08 -2.929999977e+00 -2.929999977e+00 +2.5703e+00 +1.9201e+00 -9.7151e-01 -4.8906e-01 +1.2058e+00
11123 +1.237729119e-08 +1.237729119e-08 -2.929999988e+00 -2.929999988e+00 +2.5706e+00 +1.9173e+00 -9.8921e-01 -4.9366e-01 +1.2391e+00
11143 +6.133441754e-09 +6.133441754e-09 -2.929999994e+00 -2.929999994e+00 +2.5729e+00 +1.8943e+00 -9.9124e-01 -5.0588e-01 +1.2189e+00
% function evaluation | noise-free fitness - Fopt (1.398800000000e+02) | best noise-free fitness - Fopt | measured fitness | best measured fitness | x1 | x2...
1 +7.740221236e+02 +7.740221236e+02 +9.139021236e+02 +9.139021236e+02 +0.0000e+00 +0.0000e+00 +0.0000e+00 +0.0000e+00 +0.0000e+00
2 +4.119643825e+02 +4.119643825e+02 +5.518443825e+02 +5.518443825e+02 +1.6127e+00 +2.5898e+00 -4.1247e+00 -7.3436e+00 +8.9033e-01
3 +4.017976490e+02 +4.017976490e+02 +5.416776490e+02 +5.416776490e+02 +1.8861e+00 +2.5097e+00 -4.2661e+00 -7.3225e+00 +7.9698e-01
16 +3.975214389e+02 +3.975214389e+02 +5.374014389e+02 +5.374014389e+02 +1.7497e+00 +2.5214e+00 -4.1393e+00 -7.2275e+00 +7.9748e-01
34 +3.642428506e+02 +3.642428506e+02 +5.041228506e+02 +5.041228506e+02 +1.5664e+00 +2.4317e+00 -4.3107e+00 -7.3114e+00 +1.0584e+00
35 +3.621757821e+02 +3.621757821e+02 +5.020557821e+02 +5.020557821e+02 +1.8172e+00 +2.5216e+00 -4.3202e+00 -7.4212e+00 +1.0264e+00
58 +3.146905269e+02 +3.146905269e+02 +4.545705269e+02 +4.545705269e+02 +1.5969e+00 +2.5234e+00 -4.1963e+00 -6.9299e+00 +9.8705e-01
82 +2.951106091e+02 +2.951106091e+02 +4.349906091e+02 +4.349906091e+02 +1.4814e+00 +2.6136e+00 -4.2979e+00 -7.0684e+00 +1.3291e+00
92 +2.767613046e+02 +2.767613046e+02 +4.166413046e+02 +4.166413046e+02 +1.2549e+00 +1.9770e+00 -3.9612e+00 -6.7126e+00 +1.3329e+00
98 +2.372096097e+02 +2.372096097e+02 +3.770896097e+02 +3.770896097e+02 +1.5820e+00 +2.1354e+00 -4.0065e+00 -7.1684e+00 +1.9025e+00
127 +2.071833845e+02 +2.071833845e+02 +3.470633845e+02 +3.470633845e+02 +1.9991e+00 +2.1533e+00 -3.8476e+00 -6.6960e+00 +2.6430e+00
143 +1.240491874e+02 +1.240491874e+02 +2.639291874e+02 +2.639291874e+02 +9.8302e-01 +2.2164e+00 -4.1235e+00 -6.8817e+00 +3.3476e+00
161 +9.824281354e+01 +9.824281354e+01 +2.381228135e+02 +2.381228135e+02 +2.2037e+00 +2.1013e+00 -4.5211e+00 -6.6674e+00 +4.5296e+00
170 +8.540616295e+01 +8.540616295e+01 +2.252861629e+02 +2.252861629e+02 +8.6924e-02 +1.8554e+00 -4.8664e+00 -5.4846e+00 +5.7551e+00
178 +7.284070907e+01 +7.284070907e+01 +2.127207091e+02 +2.127207091e+02 +3.4697e-01 +3.3030e+00 -4.3396e+00 -5.2567e+00 +3.5494e+00
186 +6.630163223e+01 +6.630163223e+01 +2.061816322e+02 +2.061816322e+02 -5.0321e-01 +2.0821e+00 -2.2424e+00 -7.9447e+00 +5.4568e+00
191 +5.845362677e+01 +5.845362677e+01 +1.983336268e+02 +1.983336268e+02 -1.9081e-01 +4.2439e-01 -4.8717e+00 -5.9364e+00 +5.8857e+00
192 +4.891605225e+01 +4.891605225e+01 +1.887960523e+02 +1.887960523e+02 +8.1666e-01 +1.1303e+00 -2.8567e+00 -7.2912e+00 +6.0249e+00
198 +3.370603493e+01 +3.370603493e+01 +1.735860349e+02 +1.735860349e+02 +2.0216e-02 +1.6743e+00 -3.6977e+00 -6.5112e+00 +4.7374e+00
209 +2.341462988e+01 +2.341462988e+01 +1.632946299e+02 +1.632946299e+02 +1.7279e+00 +7.1212e-01 -3.6693e+00 -5.1371e+00 +5.6894e+00
288 +1.012500870e+01 +1.012500870e+01 +1.500050087e+02 +1.500050087e+02 -7.4298e-01 +1.4760e+00 -3.5128e+00 -4.6024e+00 +4.3360e+00
418 +9.594226096e+00 +9.594226096e+00 +1.494742261e+02 +1.494742261e+02 +5.7597e-03 +1.3679e+00 -3.1867e+00 -4.8436e+00 +4.7139e+00
476 +9.106862919e+00 +9.106862919e+00 +1.489868629e+02 +1.489868629e+02 +1.6575e-01 +1.7444e+00 -3.1253e+00 -3.7917e+00 +4.6526e+00
490 +7.125139680e+00 +7.125139680e+00 +1.470051397e+02 +1.470051397e+02 -6.9730e-01 +2.0205e+00 -2.6915e+00 -3.5337e+00 +3.9259e+00
506 +6.072312287e+00 +6.072312287e+00 +1.459523123e+02 +1.459523123e+02 -8.3810e-02 +1.7942e+00 -3.2705e+00 -3.8599e+00 +4.3509e+00
585 +4.971090382e+00 +4.971090382e+00 +1.448510904e+02 +1.448510904e+02 -8.7649e-02 +2.5310e+00 -2.4635e+00 -3.9564e+00 +4.1715e+00
594 +4.861078430e+00 +4.861078430e+00 +1.447410784e+02 +1.447410784e+02 +8.0421e-01 +2.1540e+00 -2.4498e+00 -3.7683e+00 +4.4319e+00
619 +4.288839924e+00 +4.288839924e+00 +1.441688399e+02 +1.441688399e+02 -5.3335e-01 +2.7349e+00 -2.8750e+00 -3.3823e+00 +4.0195e+00
625 +2.647051006e+00 +2.647051006e+00 +1.425270510e+02 +1.425270510e+02 +1.2009e+00 +2.3398e+00 -3.1682e+00 -2.8934e+00 +3.9594e+00
671 +1.336780411e+00 +1.336780411e+00 +1.412167804e+02 +1.412167804e+02 +1.0949e+00 +2.6859e+00 -3.0210e+00 -2.0756e+00 +3.5048e+00
1438 +9.832565992e-01 +9.832565992e-01 +1.408632566e+02 +1.408632566e+02 +3.0507e+00 +2.5949e+00 -3.6524e+00 -1.4043e-01 +3.2732e+00
1460 +8.264721204e-01 +8.264721204e-01 +1.407064721e+02 +1.407064721e+02 +3.0114e+00 +2.5813e+00 -3.8350e+00 -5.0334e-01 +3.3239e+00
1526 +5.665242600e-01 +5.665242600e-01 +1.404465243e+02 +1.404465243e+02 +2.7744e+00 +2.6036e+00 -3.9352e+00 -2.7487e-01 +3.0107e+00
1577 +5.031883510e-01 +5.031883510e-01 +1.403831884e+02 +1.403831884e+02 +2.7792e+00 +2.6421e+00 -3.9128e+00 -3.6317e-01 +3.0360e+00
4125 +3.271026324e-01 +3.271026324e-01 +1.402071026e+02 +1.402071026e+02 +1.3696e+00 +2.5726e+00 -3.6291e+00 -1.5340e+00 +3.2828e+00
4184 +1.975357213e-01 +1.975357213e-01 +1.400775357e+02 +1.400775357e+02 +1.6911e+00 +2.4252e+00 -3.6322e+00 -1.4110e+00 +3.3559e+00
4244 +1.898735505e-01 +1.898735505e-01 +1.400698736e+02 +1.400698736e+02 +1.9380e+00 +2.4698e+00 -3.6174e+00 -1.4792e+00 +3.3587e+00
4304 +1.853174760e-01 +1.853174760e-01 +1.400653175e+02 +1.400653175e+02 +1.7710e+00 +2.4676e+00 -3.5126e+00 -1.5258e+00 +3.5723e+00
4312 +1.712759539e-01 +1.712759539e-01 +1.400512760e+02 +1.400512760e+02 +1.5747e+00 +2.4582e+00 -3.5962e+00 -1.6534e+00 +3.4714e+00
4325 +8.694889922e-02 +8.694889922e-02 +1.399669489e+02 +1.399669489e+02 +1.7443e+00 +2.5469e+00 -3.5293e+00 -1.4579e+00 +3.4354e+00
4404 +6.795717717e-02 +6.795717717e-02 +1.399479572e+02 +1.399479572e+02 +1.7543e+00 +2.4613e+00 -3.6042e+00 -1.5619e+00 +3.4500e+00
4464 +6.421549485e-02 +6.421549485e-02 +1.399442155e+02 +1.399442155e+02 +1.8518e+00 +2.3670e+00 -3.6375e+00 -1.4828e+00 +3.4576e+00
4506 +6.045820723e-02 +6.045820723e-02 +1.399404582e+02 +1.399404582e+02 +1.8826e+00 +2.4305e+00 -3.6460e+00 -1.3921e+00 +3.4460e+00
4534 +4.307558502e-02 +4.307558502e-02 +1.399230756e+02 +1.399230756e+02 +1.8144e+00 +2.4414e+00 -3.6504e+00 -1.4787e+00 +3.4294e+00
8878 +3.512430177e-02 +3.512430177e-02 +1.399151243e+02 +1.399151243e+02 +2.1121e+00 +2.4554e+00 -3.7491e+00 -1.2344e+00 +3.4000e+00
8882 +3.019968626e-02 +3.019968626e-02 +1.399101997e+02 +1.399101997e+02 +1.9974e+00 +2.4445e+00 -3.6961e+00 -1.3402e+00 +3.3771e+00
8931 +3.002258621e-02 +3.002258621e-02 +1.399100226e+02 +1.399100226e+02 +2.1457e+00 +2.3932e+00 -3.6764e+00 -1.3587e+00 +3.4401e+00
8938 +7.021617421e-08 +7.021617421e-08 +1.398800001e+02 +1.398800001e+02 +2.0275e+00 +2.4975e+00 -3.6808e+00 -1.3109e+00 +3.3937e+00
% function evaluation | noise-free fitness - Fopt (-2.290200000000e+02) | best noise-free fitness - Fopt | measured fitness | best measured fitness | x1 | x2...
1 +1.305332661e+02 +1.305332661e+02 -9.848673392e+01 -9.848673392e+01 +0.0000e+00 +0.0000e+00 +0.0000e+00 +0.0000e+00 +0.0000e+00
4 +1.234212429e+02 +1.234212429e+02 -1.055987571e+02 -1.055987571e+02 +8.5028e-01 +1.0784e-02 -4.4068e-01 -1.3586e-02 +6.0429e-01
25 +3.709353570e+01 +3.709353570e+01 -1.919264643e+02 -1.919264643e+02 -2.8995e+00 +3.2136e+00 +1.6888e+00 +3.6598e-01 -8.3476e-01
114 +2.649413113e+01 +2.649413113e+01 -2.025258689e+02 -2.025258689e+02 +9.4379e-02 +1.7962e+00 -1.0858e+00 -1.3160e+00 +7.8347e-01
149 +2.598901154e+01 +2.598901154e+01 -2.030309885e+02 -2.030309885e+02 -2.0354e-01 +1.3803e+00 -1.2630e+00 -1.5719e+00 +2.8839e-01
165 +2.175609544e+01 +2.175609544e+01 -2.072639046e+02 -2.072639046e+02 -4.4775e-01 +1.8228e+00 -1.6787e+00 -1.5997e+00 +4.4202e-01
167 +2.062049782e+01 +2.062049782e+01 -2.083995022e+02 -2.083995022e+02 -3.5002e-01 +9.1874e-01 -1.0984e+00 -1.7901e+00 +1.8994e-01
183 +1.905339356e+01 +1.905339356e+01 -2.099666064e+02 -2.099666064e+02 -8.8258e-01 +2.0793e+00 -1.1311e+00 -8.6693e-01 +1.1081e+00
187 +1.846646635e+01 +1.846646635e+01 -2.105535337e+02 -2.105535337e+02 -1.0729e+00 +1.2561e+00 -9.3466e-01 -1.5768e+00 +8.5389e-01
222 +1.478937245e+01 +1.478937245e+01 -2.142306275e+02 -2.142306275e+02 -1.0472e+00 +1.6268e+00 -8.7036e-01 -1.4008e+00 +4.5196e-01
251 +1.437027695e+01 +1.437027695e+01 -2.146497231e+02 -2.146497231e+02 -9.4508e-01 +1.4247e+00 -8.0374e-01 -1.4765e+00 +6.5803e-01
279 +1.355587529e+01 +1.355587529e+01 -2.154641247e+02 -2.154641247e+02 -3.4690e-01 +1.2420e+00 -7.4863e-01 -1.4866e+00 +9.8496e-01
298 +8.657190805e+00 +8.657190805e+00 -2.203628092e+02 -2.203628092e+02 -1.3126e+00 +4.3272e-01 -7.6637e-01 -1.4412e+00 +1.1475e+00
915 +6.575574983e+00 +6.575574983e+00 -2.224444250e+02 -2.224444250e+02 -1.4676e+00 -1.2413e+00 +9.0528e-02 -1.8986e+00 +2.0660e+00
945 +5.810206783e+00 +5.810206783e+00 -2.232097932e+02 -2.232097932e+02 -1.2556e+00 -1.7119e+00 +2.4208e-01 -1.2984e+00 +2.3420e+00
954 +4.915695410e+00 +4.915695410e+00 -2.241043046e+02 -2.241043046e+02 -1.0151e+00 -1.2197e+00 -1.5115e-01 -1.7799e+00 +1.4436e+00
983 +3.605810982e+00 +3.605810982e+00 -2.254141890e+02 -2.254141890e+02 -1.2985e+00 -1.0181e-01 +8.4198e-02 -1.2076e+00 +1.9491e+00
1020 +3.444575374e+00 +3.444575374e+00 -2.255754246e+02 -2.255754246e+02 -1.5837e+00 -5.0820e-01 +1.7792e-01 -1.6585e+00 +8.8864e-01
1086 +2.711874647e+00 +2.711874647e+00 -2.263081254e+02 -2.263081254e+02 -1.7853e+00 -1.8020e-02 +2.8925e-01 -1.1979e+00 +1.0147e+00
1088 +2.097713401e+00 +2.097713401e+00 -2.269222866e+02 -2.269222866e+02 -2.0719e+00 -7.0117e-01 +1.1048e+00 -1.3816e+00 +1.1037e-01
1108 +1.069973677e+00 +1.069973677e+00 -2.279500263e+02 -2.279500263e+02 -1.8895e+00 +1.0422e-02 +7.3733e-01 -1.1867e+00 +1.0680e+00
1130 +5.706504725e-01 +5.706504725e-01 -2.284493495e+02 -2.284493495e+02 -1.8049e+00 +1.1528e-01 +9.3179e-01 -9.1436e-01 +1.1012e+00
1266 +5.335912140e-01 +5.335912140e-01 -2.284864088e+02 -2.284864088e+02 -1.9612e+00 +3.1170e-01 +1.2364e+00 -1.1167e+00 +1.3797e+00
1295 +5.121347393e-01 +5.121347393e-01 -2.285078653e+02 -2.285078653e+02 -1.7575e+00 +9.2733e-02 +1.0376e+00 -1.0176e+00 +1.1710e+00
1326 +4.887627796e-01 +4.887627796e-01 -2.285312372e+02 -2.285312372e+02 -2.0370e+00 +2.0939e-01 +1.3901e+00 -7.9667e-01 +1.0485e+00
1421 +4.644280184e-01 +4.644280184e-01 -2.285555720e+02 -2.285555720e+02 -2.0072e+00 +1.7507e-01 +1.2791e+00 -1.0757e+00 +1.2840e+00
5102 +2.660713975e-01 +2.660713975e-01 -2.287539286e+02 -2.287539286e+02 -2.0930e+00 -2.1711e-01 +1.8260e+00 -1.1405e+00 +2.4241e-01
8967 +2.425346949e-01 +2.425346949e-01 -2.287774653e+02 -2.287774653e+02 -2.1563e+00 -1.4502e-01 +1.5463e+00 -1.1304e+00 +5.2623e-01
8982 +7.046811626e-02 +7.046811626e-02 -2.289495319e+02 -2.289495319e+02 -2.1653e+00 -3.4657e-01 +1.5999e+00 -1.0789e+00 +7.7204e-01
14772 +2.439104240e-02 +2.439104240e-02 -2.289956090e+02 -2.289956090e+02 -2.1167e+00 -3.9900e-01 +1.7451e+00 -1.1449e+00 +4.6267e-01
14794 +7.490892982e-03 +7.490892982e-03 -2.290125091e+02 -2.290125091e+02 -2.1698e+00 -4.2454e-01 +1.8589e+00 -1.1140e+00 +4.4345e-01
15067 +5.929337021e-08 +5.929337021e-08 -2.290199999e+02 -2.290199999e+02 -2.1897e+00 -3.6672e-01 +1.8109e+00 -1.0741e+00 +5.3784e-01
15180 +9.320217487e-09 +9.320217487e-09 -2.290200000e+02 -2.290200000e+02 -2.1580e+00 -3.5261e-01 +1.8069e+00 -1.0763e+00 +5.0630e-01
% function evaluation | noise-free fitness - Fopt (6.198000000000e+01) | best noise-free fitness - Fopt | measured fitness | best measured fitness | x1 | x2...
1 +2.544902707e+02 +2.544902707e+02 +3.164702707e+02 +3.164702707e+02 +0.0000e+00 +0.0000e+00 +0.0000e+00 +0.0000e+00 +0.0000e+00
80 +2.302064308e+02 +2.302064308e+02 +2.921864308e+02 +2.921864308e+02 -1.1659e+00 +8.3775e-01 -3.2116e+00 +4.6946e-01 +5.2209e-01
89 +2.287305888e+02 +2.287305888e+02 +2.907105888e+02 +2.907105888e+02 -1.3999e+00 +1.2049e+00 -3.1437e+00 +3.6375e-01 +2.5224e-01
93 +2.073359597e+02 +2.073359597e+02 +2.693159597e+02 +2.693159597e+02 -1.2785e+00 +6.6479e-01 -3.3012e+00 +3.3147e-01 +4.2028e-01
99 +1.627342036e+02 +1.627342036e+02 +2.247142036e+02 +2.247142036e+02 -4.5164e-01 +9.6586e-01 -3.3620e+00 +7.5316e-01 +5.3584e-01
117 +1.566685662e+02 +1.566685662e+02 +2.186485662e+02 +2.186485662e+02 -6.1924e-01 +6.2004e-01 -3.5062e+00 +6.2378e-01 +2.7619e-01
136 +1.131299102e+02 +1.131299102e+02 +1.751099102e+02 +1.751099102e+02 +3.1760e-01 +1.5210e+00 -3.1897e+00 +1.1343e-01 +8.9234e-01
141 +1.115802357e+02 +1.115802357e+02 +1.735602357e+02 +1.735602357e+02 +8.0267e-01 -1.0596e-01 -3.3681e+00 +3.7851e-01 +1.1231e-01
151 +7.574689626e+01 +7.574689626e+01 +1.377268963e+02 +1.377268963e+02 +1.0430e+00 +8.4241e-01 -3.3660e+00 +1.2008e+00 +5.5427e-01
160 +7.368506890e+01 +7.368506890e+01 +1.356650689e+02 +1.356650689e+02 +1.2683e+00 +6.6650e-01 -3.8867e+00 +5.3901e-01 -1.6263e-01
162 +5.916626778e+01 +5.916626778e+01 +1.211462678e+02 +1.211462678e+02 +1.3131e+00 +4.0026e-01 -3.0490e+00 +8.6566e-01 +1.0350e+00
164 +5.716490716e+01 +5.716490716e+01 +1.191449072e+02 +1.191449072e+02 +1.3875e+00 +5.8304e-01 -3.4034e+00 +3.5566e-01 +9.1975e-02
168 +5.066309398e+01 +5.066309398e+01 +1.126430940e+02 +1.126430940e+02 +1.3629e+00 +5.0236e-01 -3.4343e+00 +1.0910e+00 +1.0545e+00
187 +5.010666704e+01 +5.010666704e+01 +1.120866670e+02 +1.120866670e+02 +2.5593e+00 -1.1440e-01 -4.0068e+00 +5.0270e-01 +2.7084e-01
197 +3.631578373e+01 +3.631578373e+01 +9.829578373e+01 +9.829578373e+01 +2.7614e+00 +3.0436e-01 -3.6953e+00 -1.4750e-02 +8.5500e-01
232 +3.605681700e+01 +3.605681700e+01 +9.803681700e+01 +9.803681700e+01 +2.0291e+00 +6.2122e-01 -3.2156e+00 +1.1618e-01 -3.4432e-01
256 +3.422973774e+01 +3.422973774e+01 +9.620973774e+01 +9.620973774e+01 +2.3306e+00 +7.3848e-01 -3.4323e+00 -7.4414e-02 -5.2547e-01
293 +3.236305200e+01 +3.236305200e+01 +9.434305200e+01 +9.434305200e+01 +2.7091e+00 +5.7955e-01 -3.0173e+00 -1.6566e-01 +3.6073e-01
324 +2.466755508e+01 +2.466755508e+01 +8.664755508e+01 +8.664755508e+01 +2.5959e+00 +4.5511e-01 -3.0974e+00 -1.0607e+00 -8.9640e-02
364 +2.439666086e+01 +2.439666086e+01 +8.637666086e+01 +8.637666086e+01 +3.0989e+00 +8.0679e-01 -2.4635e+00 -1.3814e+00 -1.0138e-01
389 +2.024954191e+01 +2.024954191e+01 +8.222954191e+01 +8.222954191e+01 +2.2941e+00 +3.5524e-01 -3.1134e+00 -1.9086e+00 -3.4211e-01
462 +1.673767178e+01 +1.673767178e+01 +7.871767178e+01 +7.871767178e+01 +3.0495e+00 +7.8449e-01 -2.1249e+00 -2.3883e+00 +2.1574e-01
472 +1.606977813e+01 +1.606977813e+01 +7.804977813e+01 +7.804977813e+01 +2.0660e+00 +1.0565e+00 -3.4100e+00 -4.9752e+00 +1.5309e-01
507 +1.462696833e+01 +1.462696833e+01 +7.660696833e+01 +7.660696833e+01 +2.7138e+00 +7.4471e-01 -2.8769e+00 -3.3555e+00 -1.6204e+00
508 +1.324924331e+01 +1.324924331e+01 +7.522924331e+01 +7.522924331e+01 +2.3562e+00 +7.0697e-01 -3.0727e+00 -3.0492e+00 +5.2490e-01
679 +9.665236657e+00 +9.665236657e+00 +7.164523666e+01 +7.164523666e+01 +2.2909e+00 +8.0801e-01 -1.7936e+00 -2.0762e+00 +6.9232e-01
794 +8.779798484e+00 +8.779798484e+00 +7.075979848e+01 +7.075979848e+01 +2.1699e+00 +9.0292e-01 -1.7932e+00 -2.6494e+00 +7.6974e-01
816 +8.366693108e+00 +8.366693108e+00 +7.034669311e+01 +7.034669311e+01 +2.5005e+00 +9.2900e-01 -1.4589e+00 -2.9253e+00 +7.0302e-01
820 +7.027784338e+00 +7.027784338e+00 +6.900778434e+01 +6.900778434e+01 +1.9768e+00 +1.1136e+00 -1.0897e+00 -3.5109e+00 +1.4151e+00
860 +5.683335579e+00 +5.683335579e+00 +6.766333558e+01 +6.766333558e+01 +2.5438e+00 +1.0662e+00 -1.1705e+00 -3.0863e+00 +5.0328e-01
873 +5.505481284e+00 +5.505481284e+00 +6.748548128e+01 +6.748548128e+01 +2.2342e+00 +1.0562e+00 -9.1350e-01 -3.8168e+00 +9.2318e-01
888 +3.813649584e+00 +3.813649584e+00 +6.579364958e+01 +6.579364958e+01 +2.9776e+00 +1.1116e+00 -4.7954e-01 -4.1078e+00 +2.7923e-01
922 +2.936034651e+00 +2.936034651e+00 +6.491603465e+01 +6.491603465e+01 +3.0110e+00 +9.8472e-01 +1.6614e-01 -2.8597e+00 -5.3393e-01
926 +2.422232324e+00 +2.422232324e+00 +6.440223232e+01 +6.440223232e+01 +2.7147e+00 +1.0779e+00 -3.2883e-01 -3.3253e+00 +1.2000e-01
1094 +1.882317743e+00 +1.882317743e+00 +6.386231774e+01 +6.386231774e+01 +3.6009e+00 +1.0641e+00 +9.7373e-01 -2.8241e+00 -1.4583e-01
1122 +1.439638544e+00 +1.439638544e+00 +6.341963854e+01 +6.341963854e+01 +3.2617e+00 +1.1860e+00 +9.9596e-01 -2.8376e+00 +6.9718e-01
1124 +1.387424827e+00 +1.387424827e+00 +6.336742483e+01 +6.336742483e+01 +3.0338e+00 +1.0643e+00 +1.1952e+00 -2.5625e+00 +7.8844e-01
1136 +1.332406373e+00 +1.332406373e+00 +6.331240637e+01 +6.331240637e+01 +3.3055e+00 +9.3211e-01 +7.3329e-01 -2.9686e+00 +2.3782e-01
1143 +6.561879028e-01 +6.561879028e-01 +6.263618790e+01 +6.263618790e+01 +3.2030e+00 +1.0991e+00 +1.2784e+00 -3.3487e+00 +4.3290e-01
1146 +4.309160990e-01 +4.309160990e-01 +6.241091610e+01 +6.241091610e+01 +2.9481e+00 +1.0292e+00 +1.4602e+00 -3.0810e+00 +4.5543e-01
3622 +1.976744272e-01 +1.976744272e-01 +6.217767443e+01 +6.217767443e+01 +3.2850e+00 +1.0449e+00 +2.1184e+00 -3.2204e+00 +1.3534e-01
3644 +1.673916069e-01 +1.673916069e-01 +6.214739161e+01 +6.214739161e+01 +3.2689e+00 +1.0841e+00 +1.8892e+00 -3.0856e+00 +1.6177e-01
3727 +1.354940110e-01 +1.354940110e-01 +6.211549401e+01 +6.211549401e+01 +3.0876e+00 +1.0860e+00 +1.3034e+00 -3.5469e+00 +1.9282e-01
3754 +1.338399980e-01 +1.338399980e-01 +6.211384000e+01 +6.211384000e+01 +3.2018e+00 +1.0736e+00 +1.8539e+00 -3.2756e+00 +3.2394e-01
4656 +1.289303267e-01 +1.289303267e-01 +6.210893033e+01 +6.210893033e+01 +3.2697e+00 +1.1184e+00 +1.6218e+00 -3.5126e+00 +1.6696e-01
4680 +1.252602373e-01 +1.252602373e-01 +6.210526024e+01 +6.210526024e+01 +3.1514e+00 +1.1547e+00 +1.7004e+00 -3.6341e+00 +1.2676e-01
4702 +1.161060280e-01 +1.161060280e-01 +6.209610603e+01 +6.209610603e+01 +3.1551e+00 +1.1694e+00 +1.6468e+00 -3.6504e+00 +2.3312e-02
4724 +1.011055344e-01 +1.011055344e-01 +6.208110553e+01 +6.208110553e+01 +3.1993e+00 +1.1363e+00 +1.6445e+00 -3.7403e+00 -4.2818e-03
4726 +3.204722127e-02 +3.204722127e-02 +6.201204722e+01 +6.201204722e+01 +3.1819e+00 +1.1424e+00 +1.5615e+00 -3.6238e+00 +1.0685e-01
4834 +1.334437354e-02 +1.334437354e-02 +6.199334437e+01 +6.199334437e+01 +3.1793e+00 +1.1177e+00 +1.6187e+00 -3.5259e+00 +6.6473e-02
17986 +3.336093384e-03 +3.336093384e-03 +6.198333609e+01 +6.198333609e+01 +3.2332e+00 +1.1365e+00 +1.5910e+00 -3.5739e+00 -4.5334e-02
18008 +7.826758264e-08 +7.826758264e-08 +6.198000008e+01 +6.198000008e+01 +3.2270e+00 +1.1300e+00 +1.6110e+00 -3.5843e+00 -4.5974e-03
% function evaluation | noise-free fitness - Fopt (-2.359000000000e+01) | best noise-free fitness - Fopt | measured fitness | best measured fitness | x1 | x2...
1 +2.939774755e+02 +2.939774755e+02 +2.703874755e+02 +2.703874755e+02 +0.0000e+00 +0.0000e+00 +0.0000e+00 +0.0000e+00 +0.0000e+00
2 +1.493208751e+02 +1.493208751e+02 +1.257308751e+02 +1.257308751e+02 -7.0160e-01 -4.0000e-01 +1.6269e+00 +1.6445e-01 +8.6962e-01
3 +1.304767921e+02 +1.304767921e+02 +1.068867921e+02 +1.068867921e+02 -6.5756e-01 -4.7055e-01 +1.7712e+00 +1.9416e-01 +9.6830e-01
4 +1.158380302e+02 +1.158380302e+02 +9.224803023e+01 +9.224803023e+01 -3.7843e-01 -6.3166e-01 +1.7040e+00 +2.8675e-01 +9.7931e-01
20 +9.121253803e+01 +9.121253803e+01 +6.762253803e+01 +6.762253803e+01 -4.6384e-01 -5.9930e-01 +1.7124e+00 +5.3482e-01 +9.2936e-01
315 +6.109476930e+01 +6.109476930e+01 +3.750476930e+01 +3.750476930e+01 +2.2232e-01 -1.9775e+00 +1.9263e+00 +9.2577e-01 +4.5124e+00
317 +3.505128107e+01 +3.505128107e+01 +1.146128107e+01 +1.146128107e+01 -3.7553e-01 -5.8545e-01 +2.5875e+00 +1.2765e+00 +3.0501e+00
321 +2.019878664e+01 +2.019878664e+01 -3.391213358e+00 -3.391213358e+00 -9.9275e-01 +5.6421e-02 +1.7638e+00 +2.9768e+00 +1.2744e+00
335 +9.945776574e+00 +9.945776574e+00 -1.364422343e+01 -1.364422343e+01 +1.4545e-02 +9.3421e-02 +2.1579e+00 +2.4397e+00 +4.1820e+00
624 +9.167222184e+00 +9.167222184e+00 -1.442277782e+01 -1.442277782e+01 -1.2863e+00 -3.1249e-01 +1.2152e+00 +4.1701e+00 +3.1972e+00
640 +5.311426344e+00 +5.311426344e+00 -1.827857366e+01 -1.827857366e+01 -9.9450e-01 -5.0447e-01 +1.0322e+00 +3.7701e+00 +3.7605e+00
648 +2.784862078e+00 +2.784862078e+00 -2.080513792e+01 -2.080513792e+01 -1.5904e+00 +1.6545e-01 +1.4365e+00 +3.9259e+00 +3.5771e+00
765 +1.963173646e+00 +1.963173646e+00 -2.162682635e+01 -2.162682635e+01 -8.5520e-01 +6.7629e-01 +1.5702e+00 +3.1517e+00 +3.9127e+00
879 +1.924094282e+00 +1.924094282e+00 -2.166590572e+01 -2.166590572e+01 -7.0829e-01 +6.3468e-01 +1.5539e+00 +3.0221e+00 +3.9629e+00
965 +1.664162933e+00 +1.664162933e+00 -2.192583707e+01 -2.192583707e+01 -1.0739e+00 +6.2305e-01 +1.8595e+00 +3.0963e+00 +4.2296e+00
4469 +1.495705358e+00 +1.495705358e+00 -2.209429464e+01 -2.209429464e+01 -5.5069e-01 +2.5083e+00 +2.8874e+00 +2.5603e+00 +2.7361e+00
5720 +1.256975822e+00 +1.256975822e+00 -2.233302418e+01 -2.233302418e+01 +2.2217e-01 +4.0413e+00 +4.5612e+00 +1.5543e+00 +2.3798e+00
7297 +5.243234463e-01 +5.243234463e-01 -2.306567655e+01 -2.306567655e+01 -6.1373e-01 +1.8337e+00 +2.7204e+00 +2.6868e+00 +2.9492e+00
7554 +2.524066564e-01 +2.524066564e-01 -2.333759334e+01 -2.333759334e+01 -5.2623e-01 +1.7017e+00 +2.6435e+00 +2.9169e+00 +3.5041e+00
7844 +2.305181170e-01 +2.305181170e-01 -2.335948188e+01 -2.335948188e+01 -4.0704e-01 +1.7002e+00 +2.6897e+00 +2.6220e+00 +3.5596e+00
7905 +1.714102138e-01 +1.714102138e-01 -2.341858979e+01 -2.341858979e+01 -5.5696e-01 +1.6791e+00 +2.5775e+00 +2.7684e+00 +3.5545e+00
7932 +1.302002908e-01 +1.302002908e-01 -2.345979971e+01 -2.345979971e+01 -5.3421e-01 +1.7304e+00 +2.6397e+00 +2.7967e+00 +3.4155e+00
11092 +3.193687874e-02 +3.193687874e-02 -2.355806312e+01 -2.355806312e+01 -3.8921e-01 +2.2356e+00 +2.9564e+00 +2.5264e+00 +3.1658e+00
11114 +2.148496752e-02 +2.148496752e-02 -2.356851503e+01 -2.356851503e+01 -3.9510e-01 +2.2665e+00 +2.9490e+00 +2.5708e+00 +3.0901e+00
12921 +1.745894818e-02 +1.745894818e-02 -2.357254105e+01 -2.357254105e+01 -4.1602e-01 +2.3081e+00 +2.9839e+00 +2.5543e+00 +3.0928e+00
% function evaluation | noise-free fitness - Fopt (-1.214300000000e+02) | best noise-free fitness - Fopt | measured fitness | best measured fitness | x1 | x2...
1 +9.527128901e+02 +9.527128901e+02 +8.312828901e+02 +8.312828901e+02 +0.0000e+00 +0.0000e+00 +0.0000e+00 +0.0000e+00 +0.0000e+00
2 +4.024416729e+02 +4.024416729e+02 +2.810116729e+02 +2.810116729e+02 +1.4736e+00 -1.8815e+00 -1.2160e+00 -7.9420e-02 +3.8354e-01
3 +3.025036292e+02 +3.025036292e+02 +1.810736292e+02 +1.810736292e+02 +1.5068e+00 -2.1823e+00 -1.3993e+00 -1.5509e-01 +4.4488e-01
161 +1.274291626e+02 +1.274291626e+02 +5.999162555e+00 +5.999162555e+00 -1.4910e+00 +1.2669e+00 -5.6681e+00 -3.4785e-02 -1.0097e+00
182 +4.698377018e+01 +4.698377018e+01 -7.444622982e+01 -7.444622982e+01 -6.3192e-01 +1.2319e+00 -4.0817e+00 +4.0199e-01 -4.3349e+00
397 +4.485009226e+01 +4.485009226e+01 -7.657990774e+01 -7.657990774e+01 -1.1387e+00 -2.4780e+00 -4.1653e+00 -1.0552e+00 -4.4961e+00
465 +4.025805469e+01 +4.025805469e+01 -8.117194531e+01 -8.117194531e+01 -8.4957e-01 -8.3115e-01 -4.3017e+00 +8.4970e-01 -4.2900e+00
553 +3.499936736e+01 +3.499936736e+01 -8.643063264e+01 -8.643063264e+01 -8.4421e-02 -6.5848e-01 -4.4232e+00 +4.3543e-01 -1.9771e+00
569 +3.293565362e+01 +3.293565362e+01 -8.849434638e+01 -8.849434638e+01 -1.0692e+00 -1.1384e+00 -5.3382e+00 +2.9645e-01 -2.6195e+00
610 +2.946898175e+01 +2.946898175e+01 -9.196101825e+01 -9.196101825e+01 -1.6000e+00 -2.0686e+00 -4.3933e+00 -7.3938e-01 -3.4548e+00
706 +2.543284318e+01 +2.543284318e+01 -9.599715682e+01 -9.599715682e+01 -3.0910e-01 -1.3456e-01 -4.9704e+00 +2.1464e-01 -2.6159e+00
832 +2.199034911e+01 +2.199034911e+01 -9.943965089e+01 -9.943965089e+01 -2.5727e-01 -4.4035e-01 -4.3568e+00 -1.1327e+00 -2.3753e+00
846 +2.019449395e+01 +2.019449395e+01 -1.012355060e+02 -1.012355060e+02 -3.5809e-01 -1.7867e-01 -4.6956e+00 -9.7533e-01 -3.2869e+00
862 +1.774984187e+01 +1.774984187e+01 -1.036801581e+02 -1.036801581e+02 -3.7691e-01 -3.4123e-01 -4.6837e+00 -4.0383e-01 -2.7100e+00
876 +1.591654610e+01 +1.591654610e+01 -1.055134539e+02 -1.055134539e+02 +4.8661e-02 -6.1488e-01 -4.5133e+00 -1.7880e+00 -2.8789e+00
921 +1.285884347e+01 +1.285884347e+01 -1.085711565e+02 -1.085711565e+02 +3.8807e-01 -3.9482e-01 -4.3778e+00 -1.5769e+00 -2.9193e+00
939 +1.238449674e+01 +1.238449674e+01 -1.090455033e+02 -1.090455033e+02 +5.1590e-01 -2.6942e-02 -4.2139e+00 -1.0925e+00 -3.1883e+00
960 +9.468226048e+00 +9.468226048e+00 -1.119617740e+02 -1.119617740e+02 +6.7173e-01 -1.4862e-01 -4.2181e+00 -1.9659e+00 -2.6690e+00
972 +9.237350574e+00 +9.237350574e+00 -1.121926494e+02 -1.121926494e+02 +4.0047e-01 -2.0977e-01 -4.1476e+00 -1.4792e+00 -2.6475e+00
1016 +8.901917510e+00 +8.901917510e+00 -1.125280825e+02 -1.125280825e+02 +7.0079e-01 -3.6484e-01 -3.7249e+00 -2.0635e+00 -2.9263e+00
1049 +6.421326154e+00 +6.421326154e+00 -1.150086738e+02 -1.150086738e+02 +1.7469e+00 +1.9294e-01 -3.1311e+00 -3.1988e+00 -2.5543e+00
1065 +4.820906826e+00 +4.820906826e+00 -1.166090932e+02 -1.166090932e+02 +1.1682e+00 -1.7660e-02 -3.6271e+00 -2.0699e+00 -2.5823e+00
3756 +4.097670901e+00 +4.097670901e+00 -1.173323291e+02 -1.173323291e+02 +3.1084e+00 +1.2405e+00 -3.6321e+00 -2.8101e+00 -8.6886e-01
4731 +2.105735186e+00 +2.105735186e+00 -1.193242648e+02 -1.193242648e+02 +2.4747e+00 +1.7274e+00 -3.0254e+00 -2.2082e+00 -2.7235e+00
6111 +1.613513201e+00 +1.613513201e+00 -1.198164868e+02 -1.198164868e+02 +3.7121e+00 +2.6898e+00 -3.4340e+00 -2.1784e+00 -1.5697e+00
6154 +1.460701237e+00 +1.460701237e+00 -1.199692988e+02 -1.199692988e+02 +3.6056e+00 +2.7621e+00 -3.4758e+00 -2.1125e+00 -1.5792e+00
6344 +1.040564777e+00 +1.040564777e+00 -1.203894352e+02 -1.203894352e+02 +3.4313e+00 +3.1372e+00 -3.6574e+00 -1.4076e+00 -1.6549e+00
6364 +1.419021678e-01 +1.419021678e-01 -1.212880978e+02 -1.212880978e+02 +3.4445e+00 +2.9613e+00 -3.4534e+00 -1.8208e+00 -2.0861e+00
% function evaluation | noise-free fitness - Fopt (-3.364000000000e+01) | best noise-free fitness - Fopt | measured fitness | best measured fitness | x1 | x2...
1 +8.824899737e+01 +8.824899737e+01 +5.460899737e+01 +5.460899737e+01 +0.0000e+00 +0.0000e+00 +0.0000e+00 +0.0000e+00 +0.0000e+00
70 +7.696002101e+01 +7.696002101e+01 +4.332002101e+01 +4.332002101e+01 +2.2480e+00 -3.0787e-01 +1.7059e+00 +1.5177e+00 -7.1530e-01
78 +6.685598048e+01 +6.685598048e+01 +3.321598048e+01 +3.321598048e+01 +2.3976e+00 -2.4490e-02 +1.5133e+00 +1.4623e+00 -5.1654e-01
93 +5.927829962e+01 +5.927829962e+01 +2.563829962e+01 +2.563829962e+01 +3.6790e+00 +5.8405e-01 -3.1010e-01 +5.6051e-01 +3.2229e-01
436 +3.682915678e+01 +3.682915678e+01 +3.189156784e+00 +3.189156784e+00 +5.9109e+00 -2.7142e-01 +1.9070e+00 +5.6551e-01 -5.5123e-01
554 +3.513037336e+01 +3.513037336e+01 +1.490373363e+00 +1.490373363e+00 +5.8618e+00 -3.4834e-01 +8.4406e-01 +1.0477e+00 -8.7706e-01
558 +2.197882212e+01 +2.197882212e+01 -1.166117788e+01 -1.166117788e+01 +5.2581e+00 +8.4515e-01 +1.3326e+00 -1.1958e+00 -1.5807e+00
664 +2.100798530e+01 +2.100798530e+01 -1.263201470e+01 -1.263201470e+01 +6.1570e+00 -1.3104e-01 +1.9451e+00 -3.6313e-01 -1.1150e+00
675 +1.219584294e+01 +1.219584294e+01 -2.144415706e+01 -2.144415706e+01 +4.8312e+00 +1.7456e-01 +1.8619e+00 -1.3518e+00 -1.4894e+00
742 +8.456629079e+00 +8.456629079e+00 -2.518337092e+01 -2.518337092e+01 +4.6037e+00 +5.9135e-01 +2.0850e+00 -1.9144e+00 -1.7083e+00
840 +7.912638227e+00 +7.912638227e+00 -2.572736177e+01 -2.572736177e+01 +4.2345e+00 +9.3431e-01 +2.3318e+00 -2.2813e+00 -2.2261e+00
846 +5.901935150e+00 +5.901935150e+00 -2.773806485e+01 -2.773806485e+01 +3.8255e+00 +1.6589e+00 +2.5965e+00 -2.8903e+00 -2.9517e+00
884 +3.852437973e+00 +3.852437973e+00 -2.978756203e+01 -2.978756203e+01 +3.6000e+00 +1.5764e+00 +2.2187e+00 -2.2587e+00 -2.3710e+00
998 +3.397472658e+00 +3.397472658e+00 -3.024252734e+01 -3.024252734e+01 +2.6980e+00 +1.6384e+00 +2.6761e+00 -3.5465e+00 -8.8550e-01
1744 +2.975125832e+00 +2.975125832e+00 -3.066487417e+01 -3.066487417e+01 +1.4871e+00 +1.7192e+00 +2.2986e+00 -3.2483e+00 +6.9874e-01
1753 +1.587359254e+00 +1.587359254e+00 -3.205264075e+01 -3.205264075e+01 +1.1135e+00 +2.3681e+00 +2.7581e+00 -3.7680e+00 -4.0756e-01
1774 +1.126561295e+00 +1.126561295e+00 -3.251343871e+01 -3.251343871e+01 +1.5066e+00 +1.8253e+00 +2.4840e+00 -3.6481e+00 -8.9021e-01
1788 +6.476439680e-01 +6.476439680e-01 -3.299235603e+01 -3.299235603e+01 +1.4248e+00 +2.0962e+00 +2.6755e+00 -3.3641e+00 -9.1116e-01
1838 +9.948676386e-02 +9.948676386e-02 -3.354051324e+01 -3.354051324e+01 +1.2872e+00 +2.0383e+00 +2.5568e+00 -3.6114e+00 -7.1395e-01
2022 +2.461357720e-02 +2.461357720e-02 -3.361538642e+01 -3.361538642e+01 +1.5039e+00 +2.0242e+00 +2.5024e+00 -3.3425e+00 -1.0157e+00
2074 +1.536543312e-02 +1.536543312e-02 -3.362463457e+01 -3.362463457e+01 +1.3339e+00 +2.1246e+00 +2.5892e+00 -3.5397e+00 -1.0403e+00
2096 +1.188920159e-02 +1.188920159e-02 -3.362811080e+01 -3.362811080e+01 +1.2671e+00 +2.1010e+00 +2.5911e+00 -3.5317e+00 -9.0898e-01
2342 +7.715900970e-03 +7.715900970e-03 -3.363228410e+01 -3.363228410e+01 +1.3218e+00 +2.1242e+00 +2.5905e+00 -3.5243e+00 -9.0607e-01
% function evaluation | noise-free fitness - Fopt (-5.323000000000e+01) | best noise-free fitness - Fopt | measured fitness | best measured fitness | x1 | x2...
1 +4.548907577e+02 +4.548907577e+02 +4.016607577e+02 +4.016607577e+02 +0.0000e+00 +0.0000e+00 +0.0000e+00 +0.0000e+00 +0.0000e+00
47 +3.712816966e+02 +3.712816966e+02 +3.180516966e+02 +3.180516966e+02 +6.6538e-01 -1.7521e+00 +2.6635e+00 -2.5368e+00 +3.3877e+00
211 +2.506970050e+02 +2.506970050e+02 +1.974670050e+02 +1.974670050e+02 +1.5940e+00 -1.9878e+00 +9.7259e-01 -1.5632e+00 +1.2923e+00
228 +1.735632117e+02 +1.735632117e+02 +1.203332117e+02 +1.203332117e+02 +1.6379e+00 -7.0722e-01 +5.5922e-01 -2.3725e+00 +3.2846e+00
246 +1.615587023e+02 +1.615587023e+02 +1.083287023e+02 +1.083287023e+02 +1.0545e+00 -8.4477e-01 +9.2988e-02 -1.4745e+00 +2.6901e+00
248 +4.224476414e+01 +4.224476414e+01 -1.098523586e+01 -1.098523586e+01 +2.8764e+00 -1.2406e+00 -4.0146e-01 -1.7005e+00 +3.5194e+00
285 +4.031426956e+01 +4.031426956e+01 -1.291573044e+01 -1.291573044e+01 +2.7075e+00 -9.4909e-01 -6.0918e-01 -1.6893e+00 +3.5625e+00
292 +2.552153527e+01 +2.552153527e+01 -2.770846473e+01 -2.770846473e+01 +2.1195e+00 -2.9058e-01 -1.4167e+00 -1.6055e+00 +4.6067e+00
293 +1.677708660e+01 +1.677708660e+01 -3.645291340e+01 -3.645291340e+01 -7.5291e-01 -1.9374e+00 -1.5237e+00 -1.6757e+00 +3.3068e+00
332 +5.312383020e+00 +5.312383020e+00 -4.791761698e+01 -4.791761698e+01 -4.7218e-01 -1.1814e+00 -3.1034e+00 -1.6546e+00 +3.1596e+00
508 +3.840617770e+00 +3.840617770e+00 -4.938938223e+01 -4.938938223e+01 -4.9277e-01 -5.0256e-01 -3.2272e+00 -8.4210e-01 +2.7836e+00
607 +3.005259338e+00 +3.005259338e+00 -5.022474066e+01 -5.022474066e+01 -7.4686e-01 -4.1659e-01 -3.1687e+00 +1.9657e-01 +2.5748e+00
706 +2.759164425e+00 +2.759164425e+00 -5.047083557e+01 -5.047083557e+01 -8.5261e-02 -7.0425e-01 -2.2981e+00 +2.6495e-01 +2.9871e+00
756 +1.506146998e+00 +1.506146998e+00 -5.172385300e+01 -5.172385300e+01 -3.9639e-01 -8.2364e-01 -2.6537e+00 +5.9032e-02 +3.0014e+00
777 +1.143868724e+00 +1.143868724e+00 -5.208613128e+01 -5.208613128e+01 -3.6042e-01 -1.1725e+00 -2.2055e+00 -2.3289e-01 +3.3815e+00
848 +9.975707432e-01 +9.975707432e-01 -5.223242926e+01 -5.223242926e+01 -1.9374e-01 -1.1339e+00 -1.9157e+00 +2.9249e-01 +2.9859e+00
889 +8.519294602e-01 +8.519294602e-01 -5.237807054e+01 -5.237807054e+01 +6.3190e-02 -1.1046e+00 -1.7930e+00 +1.5406e-01 +3.3589e+00
941 +4.746615714e-01 +4.746615714e-01 -5.275533843e+01 -5.275533843e+01 -2.6190e-01 -1.1166e+00 -1.9526e+00 +1.9896e-01 +3.3110e+00
944 +3.970928900e-01 +3.970928900e-01 -5.283290711e+01 -5.283290711e+01 -2.1240e-01 -1.2435e+00 -1.8306e+00 +1.7693e-01 +3.4300e+00
4087 +2.714169942e-01 +2.714169942e-01 -5.295858301e+01 -5.295858301e+01 +7.8430e-01 -1.3854e+00 -2.9304e-01 +2.1851e+00 +3.4910e+00
6552 +2.113296863e-01 +2.113296863e-01 -5.301867031e+01 -5.301867031e+01 +2.0225e-01 -1.3625e+00 -9.4737e-01 +1.4231e+00 +3.3619e+00
6562 +1.653336912e-01 +1.653336912e-01 -5.306466631e+01 -5.306466631e+01 +2.2874e-01 -1.2104e+00 -1.1961e+00 +1.5782e+00 +3.2177e+00
6606 +9.042375804e-02 +9.042375804e-02 -5.313957624e+01 -5.313957624e+01 +3.2579e-01 -1.1865e+00 -1.2048e+00 +1.4564e+00 +3.2778e+00
6628 +2.736598946e-02 +2.736598946e-02 -5.320263401e+01 -5.320263401e+01 +2.8421e-01 -1.2459e+00 -1.1214e+00 +1.4338e+00 +3.3319e+00
6707 +2.517718051e-02 +2.517718051e-02 -5.320482282e+01 -5.320482282e+01 +2.1050e-01 -1.2881e+00 -1.1749e+00 +1.2635e+00 +3.3597e+00
6738 +1.623592907e-02 +1.623592907e-02 -5.321376407e+01 -5.321376407e+01 +2.1390e-01 -1.2516e+00 -1.1406e+00 +1.4745e+00 +3.3228e+00
6828 +1.498972905e-02 +1.498972905e-02 -5.321501027e+01 -5.321501027e+01 +1.7933e-01 -1.2488e+00 -1.2480e+00 +1.2198e+00 +3.3102e+00
7046 +1.508355467e-07 +1.508355467e-07 -5.322999985e+01 -5.322999985e+01 +2.6437e-01 -1.2844e+00 -1.1018e+00 +1.3658e+00 +3.3515e+00
7200 +1.209537999e-07 +1.209537999e-07 -5.322999988e+01 -5.322999988e+01 +2.6382e-01 -1.2832e+00 -1.1181e+00 +1.3734e+00 +3.3315e+00
% function evaluation | noise-free fitness - Fopt (-3.280000000000e+01) | best noise-free fitness - Fopt | measured fitness | best measured fitness | x1 | x2...
1 +9.425474686e+01 +9.425474686e+01 +6.145474686e+01 +6.145474686e+01 +0.0000e+00 +0.0000e+00 +0.0000e+00 +0.0000e+00 +0.0000e+00
136 +5.623336093e+01 +5.623336093e+01 +2.343336093e+01 +2.343336093e+01 +1.7513e+00 +3.9742e-01 -8.4279e-03 -3.5300e-01 -2.4566e+00
158 +3.465320050e+01 +3.465320050e+01 +1.853200505e+00 +1.853200505e+00 +1.2403e+00 +2.8479e-01 +8.0205e-01 -1.3275e+00 -2.3162e+00
169 +9.505981933e+00 +9.505981933e+00 -2.329401807e+01 -2.329401807e+01 +2.0986e+00 -3.2116e-01 -1.1482e-01 +6.8924e-01 -1.4847e+00
199 +6.206097614e+00 +6.206097614e+00 -2.659390239e+01 -2.659390239e+01 +3.5657e+00 +3.0421e-01 -2.0807e+00 +1.8836e-01 +4.9546e-02
206 +5.801071885e+00 +5.801071885e+00 -2.699892811e+01 -2.699892811e+01 +2.8035e+00 +8.0327e-01 -9.8805e-02 +5.5929e-01 -6.0023e-01
581 +2.382950664e+00 +2.382950664e+00 -3.041704934e+01 -3.041704934e+01 +3.8025e+00 -3.2725e-01 -3.0204e+00 -3.0439e-01 -3.3506e-01
3217 +1.426591760e+00 +1.426591760e+00 -3.137340824e+01 -3.137340824e+01 +3.0436e+00 -5.8450e-01 -1.5837e+00 +1.3671e+00 -3.2765e-01
3518 +1.164937331e+00 +1.164937331e+00 -3.163506267e+01 -3.163506267e+01 +3.0632e+00 -5.4761e-01 -1.6226e+00 +1.6047e+00 -2.2514e-01
3750 +1.049019529e+00 +1.049019529e+00 -3.175098047e+01 -3.175098047e+01 +3.2070e+00 -2.9685e-01 -1.5959e+00 +1.4209e+00 -2.9698e-01
3923 +9.859572945e-01 +9.859572945e-01 -3.181404271e+01 -3.181404271e+01 +3.3926e+00 -3.0501e-02 -1.5724e+00 +1.5584e+00 -4.3679e-02
3929 +9.267171129e-01 +9.267171129e-01 -3.187328289e+01 -3.187328289e+01 +3.4700e+00 +9.2097e-02 -1.6804e+00 +1.3116e+00 -1.0321e-01
6438 +7.313007820e-01 +7.313007820e-01 -3.206869922e+01 -3.206869922e+01 +2.0609e+00 +2.3832e-01 +3.0461e-02 +5.5860e-01 -6.9572e-01
6699 +6.810950919e-01 +6.810950919e-01 -3.211890491e+01 -3.211890491e+01 +2.9536e+00 +3.8839e-01 -7.4556e-01 +6.4187e-01 -5.9204e-01
6753 +1.924682274e-01 +1.924682274e-01 -3.260753177e+01 -3.260753177e+01 +2.5629e+00 +2.3654e-01 -6.1813e-01 +2.4377e-01 -6.2363e-01
