% function evaluation | noise-free fitness - Fopt (-2.098800000000e+02) | best noise-free fitness - Fopt | measured fitness | best measured fitness | x1 | x2...
1 +1.254483477e+07 +1.254483477e+07 +1.254462489e+07 +1.254462489e+07 +0.0000e+00 +0.0000e+00 +0.0000e+00
46 +1.221510200e+07 +1.221510200e+07 +1.221489212e+07 +1.221489212e+07 -1.8680e+00 -1.0327e+00 +4.2928e-02
56 +1.027848542e+07 +1.027848542e+07 +1.027827554e+07 +1.027827554e+07 -1.8607e+00 -1.4341e+00 +3.0297e-01
69 +7.140553803e+06 +7.140553803e+06 +7.140343923e+06 +7.140343923e+06 -1.2136e+00 -1.1919e+00 +7.9632e-01
78 +4.910751869e+06 +4.910751869e+06 +4.910541989e+06 +4.910541989e+06 -1.9594e+00 -1.5751e+00 +1.2960e+00
92 +1.654657976e+06 +1.654657976e+06 +1.654448096e+06 +1.654448096e+06 -1.9155e+00 -5.3849e-01 +2.3529e+00
106 +1.327547181e+06 +1.327547181e+06 +1.327337301e+06 +1.327337301e+06 -1.7866e+00 +6.7657e-02 +2.4484e+00
108 +7.293701833e+05 +7.293701833e+05 +7.291603033e+05 +7.291603033e+05 -7.5107e-01 -8.7076e-01 +2.6618e+00
116 +6.367174555e+03 +6.367174555e+03 +6.157294555e+03 +6.157294555e+03 -4.9832e-01 -1.5575e+00 +3.5095e+00
132 +1.381695490e+03 +1.381695490e+03 +1.171815490e+03 +1.171815490e+03 -1.3145e+00 -5.2399e-01 +3.5330e+00
272 +1.164846889e+02 +1.164846889e+02 -9.339531113e+01 -9.339531113e+01 -2.8454e+00 +1.3723e-01 +3.5550e+00
916 +1.050680140e+02 +1.050680140e+02 -1.048119860e+02 -1.048119860e+02 -2.0317e+00 +2.9478e-01 +3.5455e+00
924 +9.233888662e+01 +9.233888662e+01 -1.175411134e+02 -1.175411134e+02 -1.8362e+00 +1.6311e-01 +3.5556e+00
936 +8.434112858e+01 +8.434112858e+01 -1.255388714e+02 -1.255388714e+02 -1.8976e+00 +2.3757e-01 +3.5601e+00
946 +5.341727552e+01 +5.341727552e+01 -1.564627245e+02 -1.564627245e+02 -1.9157e+00 +2.4590e-01 +3.5557e+00
953 +3.177997839e+01 +3.177997839e+01 -1.781000216e+02 -1.781000216e+02 -1.9321e+00 +5.9352e-01 +3.5527e+00
968 +1.225719958e+01 +1.225719958e+01 -1.976228004e+02 -1.976228004e+02 -1.8745e+00 +4.9505e-01 +3.5552e+00
990 +1.058969748e+01 +1.058969748e+01 -1.992903025e+02 -1.992903025e+02 -1.9224e+00 +4.6019e-01 +3.5534e+00
1100 +9.648375621e+00 +9.648375621e+00 -2.002316244e+02 -2.002316244e+02 -1.9215e+00 +4.5206e-01 +3.5540e+00
1166 +9.524625968e+00 +9.524625968e+00 -2.003553740e+02 -2.003553740e+02 -1.8729e+00 +4.2708e-01 +3.5544e+00
1276 +9.245158619e+00 +9.245158619e+00 -2.006348414e+02 -2.006348414e+02 -1.8617e+00 +4.3374e-01 +3.5543e+00
1342 +9.056265772e+00 +9.056265772e+00 -2.008237342e+02 -2.008237342e+02 -1.8603e+00 +4.4711e-01 +3.5546e+00
1459 +8.911366352e+00 +8.911366352e+00 -2.009686336e+02 -2.009686336e+02 -1.8442e+00 +4.4562e-01 +3.5545e+00
1589 +8.675151893e+00 +8.675151893e+00 -2.012048481e+02 -2.012048481e+02 -1.8019e+00 +4.5455e-01 +3.5545e+00
1598 +8.495288591e+00 +8.495288591e+00 -2.013847114e+02 -2.013847114e+02 -1.7789e+00 +4.5135e-01 +3.5543e+00
1633 +7.912069098e+00 +7.912069098e+00 -2.019679309e+02 -2.019679309e+02 -1.6797e+00 +4.4174e-01 +3.5544e+00
1656 +6.754009189e+00 +6.754009189e+00 -2.031259908e+02 -2.031259908e+02 -1.4734e+00 +4.5295e-01 +3.5544e+00
1720 +6.111331332e+00 +6.111331332e+00 -2.037686687e+02 -2.037686687e+02 -1.2278e+00 +4.3278e-01 +3.5549e+00
1743 +5.342731111e+00 +5.342731111e+00 -2.045372689e+02 -2.045372689e+02 -1.1510e+00 +4.4595e-01 +3.5547e+00
1764 +4.534668716e+00 +4.534668716e+00 -2.053453313e+02 -2.053453313e+02 -7.5539e-01 +4.6937e-01 +3.5547e+00
1792 +4.017771837e+00 +4.017771837e+00 -2.058622282e+02 -2.058622282e+02 -2.2081e-01 +4.1272e-01 +3.5540e+00
1797 +3.951472600e+00 +3.951472600e+00 -2.059285274e+02 -2.059285274e+02 -4.0209e-01 +4.1867e-01 +3.5546e+00
1803 +3.173008879e+00 +3.173008879e+00 -2.067069911e+02 -2.067069911e+02 -3.6686e-01 +4.5781e-01 +3.5548e+00
1811 +2.265246010e-01 +2.265246010e-01 -2.096534754e+02 -2.096534754e+02 +1.6799e+00 +4.4583e-01 +3.5543e+00
1936 +3.247167492e-02 +3.247167492e-02 -2.098475283e+02 -2.098475283e+02 +1.3063e+00 +4.4881e-01 +3.5543e+00
2002 +2.772405480e-02 +2.772405480e-02 -2.098522759e+02 -2.098522759e+02 +1.2356e+00 +4.5283e-01 +3.5544e+00
2046 +2.568877202e-02 +2.568877202e-02 -2.098543112e+02 -2.098543112e+02 +1.3387e+00 +4.4557e-01 +3.5543e+00
2060 +1.996529310e-02 +1.996529310e-02 -2.098600347e+02 -2.098600347e+02 +1.2149e+00 +4.4621e-01 +3.5543e+00
2068 +1.323874534e-02 +1.323874534e-02 -2.098667613e+02 -2.098667613e+02 +1.2681e+00 +4.4556e-01 +3.5543e+00
2093 +2.906567418e-03 +2.906567418e-03 -2.098770934e+02 -2.098770934e+02 +1.1551e+00 +4.4776e-01 +3.5544e+00
2115 +1.079569622e-03 +1.079569622e-03 -2.098789204e+02 -2.098789204e+02 +1.2290e+00 +4.4745e-01 +3.5544e+00
2222 +3.166358229e-04 +3.166358229e-04 -2.098796834e+02 -2.098796834e+02 +1.2067e+00 +4.4854e-01 +3.5544e+00
2243 +3.606884113e-05 +3.606884113e-05 -2.098799639e+02 -2.098799639e+02 +1.2128e+00 +4.4795e-01 +3.5544e+00
2310 +1.278079458e-05 +1.278079458e-05 -2.098799872e+02 -2.098799872e+02 +1.2058e+00 +4.4795e-01 +3.5544e+00
2420 +6.963266003e-06 +6.963266003e-06 -2.098799930e+02 -2.098799930e+02 +1.2067e+00 +4.4804e-01 +3.5544e+00
2433 +2.433113025e-06 +2.433113025e-06 -2.098799976e+02 -2.098799976e+02 +1.2074e+00 +4.4802e-01 +3.5544e+00
2464 +1.949091029e-06 +1.949091029e-06 -2.098799981e+02 -2.098799981e+02 +1.2080e+00 +4.4798e-01 +3.5544e+00
2508 +4.299081695e-07 +4.299081695e-07 -2.098799996e+02 -2.098799996e+02 +1.2073e+00 +4.4802e-01 +3.5544e+00
2574 +7.550934811e-08 +7.550934811e-08 -2.098799999e+02 -2.098799999e+02 +1.2072e+00 +4.4799e-01 +3.5544e+00
2753 +4.013688226e-08 +4.013688226e-08 -2.098800000e+02 -2.098800000e+02 +1.2073e+00 +4.4800e-01 +3.5544e+00
2862 +3.927422654e-08 +3.927422654e-08 -2.098800000e+02 -2.098800000e+02 +1.2073e+00 +4.4800e-01 +3.5544e+00
2873 +1.031241936e-08 +1.031241936e-08 -2.098800000e+02 -2.098800000e+02 +1.2073e+00 +4.4800e-01 +3.5544e+00
2904 +6.731596613e-09 +6.731596613e-09 -2.098800000e+02 -2.098800000e+02 +1.2072e+00 +4.4800e-01 +3.5544e+00
% function evaluation | noise-free fitness - Fopt (-9.209000000000e+01) | best noise-free fitness - Fopt | measured fitness | best measured fitness | x1 | x2...
1 +1.346713392e+04 +1.346713392e+04 +1.337504392e+04 +1.337504392e+04 +0.0000e+00 +0.0000e+00 +0.0000e+00
581 +8.745319367e+03 +8.745319367e+03 +8.653229367e+03 +8.653229367e+03 -2.3480e+00 +1.0486e-01 +3.8074e-02
596 +4.923039282e+03 +4.923039282e+03 +4.830949282e+03 +4.830949282e+03 -2.6522e+00 +4.9397e-01 +1.1143e-01
600 +3.235140365e+03 +3.235140365e+03 +3.143050365e+03 +3.143050365e+03 -2.0713e+00 +2.6410e+00 +1.4198e-01
621 +9.947434973e+02 +9.947434973e+02 +9.026534973e+02 +9.026534973e+02 -2.5497e+00 +3.1485e+00 +6.4285e-02
628 +1.136510370e+02 +1.136510370e+02 +2.156103697e+01 +2.156103697e+01 -2.3224e+00 +2.4529e+00 +9.8725e-02
726 +1.606747049e+01 +1.606747049e+01 -7.602252951e+01 -7.602252951e+01 -3.0449e+00 +2.6605e+00 +8.9685e-02
968 +1.221679709e+01 +1.221679709e+01 -7.987320291e+01 -7.987320291e+01 -2.3458e+00 +2.5831e+00 +9.1560e-02
985 +8.930986035e+00 +8.930986035e+00 -8.315901397e+01 -8.315901397e+01 -2.2633e+00 +2.6007e+00 +9.0397e-02
1188 +7.908051633e+00 +7.908051633e+00 -8.418194837e+01 -8.418194837e+01 -2.1254e+00 +2.6149e+00 +8.9984e-02
1448 +7.420051553e+00 +7.420051553e+00 -8.466994845e+01 -8.466994845e+01 -2.0796e+00 +2.6196e+00 +9.0270e-02
1608 +7.351909321e+00 +7.351909321e+00 -8.473809068e+01 -8.473809068e+01 -2.0629e+00 +2.6158e+00 +9.0510e-02
1644 +7.033343003e+00 +7.033343003e+00 -8.505665700e+01 -8.505665700e+01 -2.0089e+00 +2.6243e+00 +9.0539e-02
1652 +6.891873333e+00 +6.891873333e+00 -8.519812667e+01 -8.519812667e+01 -1.9578e+00 +2.6102e+00 +9.0560e-02
1656 +6.695285885e+00 +6.695285885e+00 -8.539471411e+01 -8.539471411e+01 -1.9430e+00 +2.6203e+00 +9.0561e-02
1694 +6.566555540e+00 +6.566555540e+00 -8.552344446e+01 -8.552344446e+01 -1.8735e+00 +2.6127e+00 +9.0815e-02
1710 +6.136983361e+00 +6.136983361e+00 -8.595301664e+01 -8.595301664e+01 -1.7098e+00 +2.6002e+00 +9.0085e-02
1741 +5.998571706e+00 +5.998571706e+00 -8.609142829e+01 -8.609142829e+01 -1.7385e+00 +2.6368e+00 +9.0669e-02
1760 +5.666249758e+00 +5.666249758e+00 -8.642375024e+01 -8.642375024e+01 -1.6789e+00 +2.6335e+00 +9.0667e-02
1765 +5.139391940e+00 +5.139391940e+00 -8.695060806e+01 -8.695060806e+01 -1.4393e+00 +2.6267e+00 +8.9654e-02
1766 +4.538515759e+00 +4.538515759e+00 -8.755148424e+01 -8.755148424e+01 -1.1982e+00 +2.6203e+00 +9.1235e-02
1785 +4.448555119e+00 +4.448555119e+00 -8.764144488e+01 -8.764144488e+01 -7.9756e-01 +2.6312e+00 +9.1673e-02
1811 +4.105430977e+00 +4.105430977e+00 -8.798456902e+01 -8.798456902e+01 -1.0764e+00 +2.6202e+00 +8.9616e-02
1813 +3.422526564e+00 +3.422526564e+00 -8.866747344e+01 -8.866747344e+01 -9.7346e-01 +2.6342e+00 +9.0325e-02
1832 +2.335164999e+00 +2.335164999e+00 -8.975483500e+01 -8.975483500e+01 -6.2275e-01 +2.6343e+00 +9.0440e-02
1843 +1.817098865e+00 +1.817098865e+00 -9.027290113e+01 -9.027290113e+01 -4.2388e-02 +2.5894e+00 +9.0824e-02
1854 +6.034981314e-01 +6.034981314e-01 -9.148650187e+01 -9.148650187e+01 +4.0103e-01 +2.6242e+00 +8.9690e-02
1887 +4.049566165e-01 +4.049566165e-01 -9.168504338e+01 -9.168504338e+01 +1.1870e+00 +2.6269e+00 +9.0820e-02
1892 +3.673608022e-01 +3.673608022e-01 -9.172263920e+01 -9.172263920e+01 +7.5906e-01 +2.6151e+00 +9.0971e-02
1929 +6.901073786e-02 +6.901073786e-02 -9.202098926e+01 -9.202098926e+01 +7.9805e-01 +2.6221e+00 +9.0671e-02
1960 +4.471043186e-02 +4.471043186e-02 -9.204528957e+01 -9.204528957e+01 +7.1586e-01 +2.6148e+00 +9.0455e-02
2046 +2.147472879e-02 +2.147472879e-02 -9.206852527e+01 -9.206852527e+01 +7.3199e-01 +2.6254e+00 +9.0478e-02
2066 +5.013811218e-03 +5.013811218e-03 -9.208498619e+01 -9.208498619e+01 +6.5764e-01 +2.6216e+00 +9.0366e-02
2068 +3.100933309e-03 +3.100933309e-03 -9.208689907e+01 -9.208689907e+01 +6.9314e-01 +2.6203e+00 +9.0382e-02
2288 +2.946845521e-04 +2.946845521e-04 -9.208970532e+01 -9.208970532e+01 +7.2800e-01 +2.6221e+00 +9.0401e-02
2354 +2.786447504e-04 +2.786447504e-04 -9.208972136e+01 -9.208972136e+01 +7.3983e-01 +2.6217e+00 +9.0407e-02
2398 +2.590259857e-04 +2.590259857e-04 -9.208974097e+01 -9.208974097e+01 +7.2634e-01 +2.6219e+00 +9.0389e-02
2442 +1.741596934e-04 +1.741596934e-04 -9.208982584e+01 -9.208982584e+01 +7.2058e-01 +2.6217e+00 +9.0389e-02
2530 +2.969973373e-05 +2.969973373e-05 -9.208997030e+01 -9.208997030e+01 +7.2472e-01 +2.6215e+00 +9.0405e-02
2584 +1.579729420e-05 +1.579729420e-05 -9.208998420e+01 -9.208998420e+01 +7.2390e-01 +2.6217e+00 +9.0399e-02
2596 +1.972149590e-06 +1.972149590e-06 -9.208999803e+01 -9.208999803e+01 +7.2442e-01 +2.6216e+00 +9.0401e-02
2750 +1.684344639e-06 +1.684344639e-06 -9.208999832e+01 -9.208999832e+01 +7.2643e-01 +2.6216e+00 +9.0401e-02
2752 +9.472808102e-07 +9.472808102e-07 -9.208999905e+01 -9.208999905e+01 +7.2506e-01 +2.6216e+00 +9.0401e-02
2794 +4.206358994e-07 +4.206358994e-07 -9.208999958e+01 -9.208999958e+01 +7.2530e-01 +2.6216e+00 +9.0401e-02
3080 +1.955879725e-07 +1.955879725e-07 -9.208999980e+01 -9.208999980e+01 +7.2539e-01 +2.6216e+00 +9.0400e-02
3132 +1.550674398e-07 +1.550674398e-07 -9.208999984e+01 -9.208999984e+01 +7.2527e-01 +2.6216e+00 +9.0400e-02
3146 +1.155115115e-08 +1.155115115e-08 -9.208999999e+01 -9.208999999e+01 +7.2564e-01 +2.6216e+00 +9.0400e-02
6052 +9.336744711e-09 +9.336744711e-09 -9.208999999e+01 -9.208999999e+01 +7.2552e-01 +2.6216e+00 +9.0400e-02
% function evaluation | noise-free fitness - Fopt (-8.789000000000e+01) | best noise-free fitness - Fopt | measured fitness | best measured fitness | x1 | x2...
1 +1.835926024e+06 +1.835926024e+06 +1.835838134e+06 +1.835838134e+06 +0.0000e+00 +0.0000e+00 +0.0000e+00
2 +2.652778103e+05 +2.652778103e+05 +2.651899203e+05 +2.651899203e+05 -1.6413e+00 -6.6726e-01 +7.4683e-01
4 +1.805504167e+05 +1.805504167e+05 +1.804625267e+05 +1.804625267e+05 -1.5622e+00 -5.5519e-01 +8.5913e-01
19 +1.443650606e+05 +1.443650606e+05 +1.442771706e+05 +1.442771706e+05 -1.5061e+00 -6.6527e-01 +9.0476e-01
27 +5.471815398e+04 +5.471815398e+04 +5.463026398e+04 +5.463026398e+04 -1.5550e+00 -5.3982e-01 +1.0634e+00
43 +2.010588466e+04 +2.010588466e+04 +2.001799466e+04 +2.001799466e+04 -1.6352e+00 -5.6755e-01 +1.2042e+00
48 +1.839756403e+04 +1.839756403e+04 +1.830967403e+04 +1.830967403e+04 -1.8213e+00 -5.6143e-01 +1.2734e+00
64 +1.624765779e+04 +1.624765779e+04 +1.615976779e+04 +1.615976779e+04 -1.7444e+00 -3.6386e-01 +1.2403e+00
219 +1.575359417e+04 +1.575359417e+04 +1.566570417e+04 +1.566570417e+04 -1.4475e+00 -1.1425e-01 +1.2124e+00
387 +1.343821790e+04 +1.343821790e+04 +1.335032790e+04 +1.335032790e+04 -1.1206e+00 +7.1027e-02 +1.2748e+00
401 +7.493113144e+03 +7.493113144e+03 +7.405223144e+03 +7.405223144e+03 -1.4204e+00 +1.2698e+00 +1.2061e+00
470 +6.797559841e+03 +6.797559841e+03 +6.709669841e+03 +6.709669841e+03 -1.1123e+00 +1.1129e+00 +1.2757e+00
480 +5.030509489e+03 +5.030509489e+03 +4.942619489e+03 +4.942619489e+03 -1.0741e+00 +1.4908e+00 +1.2277e+00
491 +4.333055703e+03 +4.333055703e+03 +4.245165703e+03 +4.245165703e+03 -1.0611e+00 +1.7722e+00 +1.2250e+00
503 +2.944584625e+02 +2.944584625e+02 +2.065684625e+02 +2.065684625e+02 -1.7274e+00 +4.0453e+00 +1.2616e+00
572 +6.652256826e+01 +6.652256826e+01 -2.136743174e+01 -2.136743174e+01 -1.1497e+00 +3.8982e+00 +1.2496e+00
638 +4.618120155e+01 +4.618120155e+01 -4.170879845e+01 -4.170879845e+01 -1.2345e+00 +3.7146e+00 +1.2431e+00
642 +8.269184615e+00 +8.269184615e+00 -7.962081539e+01 -7.962081539e+01 -1.3334e+00 +3.6668e+00 +1.2473e+00
770 +6.365425896e+00 +6.365425896e+00 -8.152457410e+01 -8.152457410e+01 -1.1338e+00 +3.7088e+00 +1.2502e+00
836 +3.629583115e+00 +3.629583115e+00 -8.426041689e+01 -8.426041689e+01 -1.1253e+00 +3.6736e+00 +1.2488e+00
887 +3.211381348e+00 +3.211381348e+00 -8.467861865e+01 -8.467861865e+01 -1.1006e+00 +3.6814e+00 +1.2495e+00
902 +3.019886397e+00 +3.019886397e+00 -8.487011360e+01 -8.487011360e+01 -1.1164e+00 +3.6372e+00 +1.2505e+00
944 +2.593977366e+00 +2.593977366e+00 -8.529602263e+01 -8.529602263e+01 -1.1172e+00 +3.6459e+00 +1.2502e+00
968 +2.348059681e+00 +2.348059681e+00 -8.554194032e+01 -8.554194032e+01 -1.1559e+00 +3.6498e+00 +1.2496e+00
1100 +2.340158197e+00 +2.340158197e+00 -8.554984180e+01 -8.554984180e+01 -1.1530e+00 +3.6467e+00 +1.2495e+00
1229 +2.257097812e+00 +2.257097812e+00 -8.563290219e+01 -8.563290219e+01 -1.1148e+00 +3.6420e+00 +1.2498e+00
1276 +2.211196251e+00 +2.211196251e+00 -8.567880375e+01 -8.567880375e+01 -1.1194e+00 +3.6443e+00 +1.2497e+00
1298 +2.178955803e+00 +2.178955803e+00 -8.571104420e+01 -8.571104420e+01 -1.1120e+00 +3.6445e+00 +1.2496e+00
1374 +2.127412332e+00 +2.127412332e+00 -8.576258767e+01 -8.576258767e+01 -1.0797e+00 +3.6490e+00 +1.2498e+00
1386 +2.081406512e+00 +2.081406512e+00 -8.580859349e+01 -8.580859349e+01 -1.0829e+00 +3.6453e+00 +1.2497e+00
1402 +2.031999118e+00 +2.031999118e+00 -8.585800088e+01 -8.585800088e+01 -1.0679e+00 +3.6443e+00 +1.2495e+00
1483 +1.925213784e+00 +1.925213784e+00 -8.596478622e+01 -8.596478622e+01 -1.0363e+00 +3.6436e+00 +1.2497e+00
1531 +1.880602440e+00 +1.880602440e+00 -8.600939756e+01 -8.600939756e+01 -1.0263e+00 +3.6458e+00 +1.2496e+00
1548 +1.827526620e+00 +1.827526620e+00 -8.606247338e+01 -8.606247338e+01 -1.0049e+00 +3.6423e+00 +1.2497e+00
1559 +1.732357365e+00 +1.732357365e+00 -8.615764263e+01 -8.615764263e+01 -9.6608e-01 +3.6513e+00 +1.2498e+00
1615 +1.610236909e+00 +1.610236909e+00 -8.627976309e+01 -8.627976309e+01 -8.2642e-01 +3.6574e+00 +1.2501e+00
1628 +1.517120553e+00 +1.517120553e+00 -8.637287945e+01 -8.637287945e+01 -9.0053e-01 +3.6454e+00 +1.2499e+00
1650 +1.335488155e+00 +1.335488155e+00 -8.655451184e+01 -8.655451184e+01 -8.5598e-01 +3.6453e+00 +1.2498e+00
1665 +7.779331763e-01 +7.779331763e-01 -8.711206682e+01 -8.711206682e+01 -6.3959e-01 +3.6366e+00 +1.2497e+00
1675 +7.689185507e-01 +7.689185507e-01 -8.712108145e+01 -8.712108145e+01 -6.5477e-01 +3.6465e+00 +1.2498e+00
1688 +7.219971790e-01 +7.219971790e-01 -8.716800282e+01 -8.716800282e+01 -5.9260e-01 +3.6529e+00 +1.2499e+00
1694 +6.517400992e-01 +6.517400992e-01 -8.723825990e+01 -8.723825990e+01 -6.0132e-01 +3.6513e+00 +1.2496e+00
1716 +4.114797469e-01 +4.114797469e-01 -8.747852025e+01 -8.747852025e+01 -3.8651e-01 +3.6414e+00 +1.2494e+00
1738 +3.381194296e-01 +3.381194296e-01 -8.755188057e+01 -8.755188057e+01 -3.0922e-01 +3.6372e+00 +1.2496e+00
1756 +3.712760012e-02 +3.712760012e-02 -8.785287240e+01 -8.785287240e+01 +2.5381e-01 +3.6413e+00 +1.2495e+00
1865 +3.142923799e-02 +3.142923799e-02 -8.785857076e+01 -8.785857076e+01 +8.7123e-02 +3.6459e+00 +1.2495e+00
1870 +1.215761402e-02 +1.215761402e-02 -8.787784239e+01 -8.787784239e+01 +2.1714e-01 +3.6425e+00 +1.2496e+00
1936 +5.943600477e-03 +5.943600477e-03 -8.788405640e+01 -8.788405640e+01 +1.7480e-01 +3.6464e+00 +1.2496e+00
1958 +4.408431253e-04 +4.408431253e-04 -8.788955916e+01 -8.788955916e+01 +2.2839e-01 +3.6458e+00 +1.2496e+00
2090 +2.514585435e-04 +2.514585435e-04 -8.788974854e+01 -8.788974854e+01 +2.3079e-01 +3.6458e+00 +1.2496e+00
2120 +5.764903739e-05 +5.764903739e-05 -8.788994235e+01 -8.788994235e+01 +2.3106e-01 +3.6456e+00 +1.2496e+00
2222 +1.849573722e-05 +1.849573722e-05 -8.788998150e+01 -8.788998150e+01 +2.4152e-01 +3.6457e+00 +1.2496e+00
2332 +1.395280617e-05 +1.395280617e-05 -8.788998605e+01 -8.788998605e+01 +2.4145e-01 +3.6456e+00 +1.2496e+00
2348 +8.722468323e-06 +8.722468323e-06 -8.788999128e+01 -8.788999128e+01 +2.4063e-01 +3.6457e+00 +1.2496e+00
2354 +6.102406800e-06 +6.102406800e-06 -8.788999390e+01 -8.788999390e+01 +2.4075e-01 +3.6455e+00 +1.2496e+00
2398 +6.582334464e-07 +6.582334464e-07 -8.788999934e+01 -8.788999934e+01 +2.3968e-01 +3.6456e+00 +1.2496e+00
2552 +4.439837653e-07 +4.439837653e-07 -8.788999956e+01 -8.788999956e+01 +2.3887e-01 +3.6456e+00 +1.2496e+00
2596 +9.920246669e-08 +9.920246669e-08 -8.788999990e+01 -8.788999990e+01 +2.3947e-01 +3.6456e+00 +1.2496e+00
2674 +3.328148068e-08 +3.328148068e-08 -8.788999997e+01 -8.788999997e+01 +2.3912e-01 +3.6456e+00 +1.2496e+00
2882 +1.681968342e-09 +1.681968342e-09 -8.789000000e+01 -8.789000000e+01 +2.3920e-01 +3.6456e+00 +1.2496e+00
% function evaluation | noise-free fitness - Fopt (3.201900000000e+02) | best noise-free fitness - Fopt | measured fitness | best measured fitness | x1 | x2...
1 +2.360873310e+06 +2.360873310e+06 +2.361193500e+06 +2.361193500e+06 +0.0000e+00 +0.0000e+00 +0.0000e+00
69 +7.502106470e+05 +7.502106470e+05 +7.505308370e+05 +7.505308370e+05 +1.7862e-01 -3.4294e+00 +2.3261e+00
90 +1.767676459e+03 +1.767676459e+03 +2.087866459e+03 +2.087866459e+03 +2.5001e-01 -3.0120e+00 +1.3679e+00
121 +1.538280992e+03 +1.538280992e+03 +1.858470992e+03 +1.858470992e+03 -4.8622e-01 -3.1561e+00 +1.4376e+00
132 +1.130182079e+03 +1.130182079e+03 +1.450372079e+03 +1.450372079e+03 -4.7551e-02 -3.4043e+00 +1.4046e+00
202 +4.446933209e+02 +4.446933209e+02 +7.648833209e+02 +7.648833209e+02 -8.9713e-01 -3.0895e+00 +1.4029e+00
242 +3.758130137e+02 +3.758130137e+02 +6.960030137e+02 +6.960030137e+02 -3.1396e-01 -2.5766e+00 +1.4221e+00
290 +1.780799516e+02 +1.780799516e+02 +4.982699516e+02 +4.982699516e+02 -4.0551e-01 -2.7004e+00 +1.3950e+00
380 +5.337050688e+01 +5.337050688e+01 +3.735605069e+02 +3.735605069e+02 +4.9572e-01 -2.3221e+00 +1.4104e+00
528 +3.292322403e+01 +3.292322403e+01 +3.531132240e+02 +3.531132240e+02 +1.7460e+00 -2.2431e+00 +1.4068e+00
580 +1.032387227e+01 +1.032387227e+01 +3.305138723e+02 +3.305138723e+02 +1.5912e+00 -2.4286e+00 +1.4017e+00
660 +5.968548149e+00 +5.968548149e+00 +3.261585481e+02 +3.261585481e+02 +1.7278e+00 -2.3294e+00 +1.4031e+00
836 +5.712619699e+00 +5.712619699e+00 +3.259026197e+02 +3.259026197e+02 +1.7704e+00 -2.3784e+00 +1.4029e+00
883 +4.528603469e+00 +4.528603469e+00 +3.247186035e+02 +3.247186035e+02 +1.4511e+00 -2.3836e+00 +1.4023e+00
902 +3.938107703e+00 +3.938107703e+00 +3.241281077e+02 +3.241281077e+02 +1.5556e+00 -2.3649e+00 +1.4034e+00
975 +2.713945953e+00 +2.713945953e+00 +3.229039460e+02 +3.229039460e+02 +1.1332e+00 -2.3525e+00 +1.4039e+00
1329 +2.422854310e+00 +2.422854310e+00 +3.226128543e+02 +3.226128543e+02 +1.0724e+00 -2.3421e+00 +1.4030e+00
1360 +1.999698978e+00 +1.999698978e+00 +3.221896990e+02 +3.221896990e+02 +5.8599e-01 -2.3406e+00 +1.4024e+00
1382 +1.455701717e+00 +1.455701717e+00 +3.216457017e+02 +3.216457017e+02 +6.5045e-01 -2.3500e+00 +1.4033e+00
1400 +8.741231656e-01 +8.741231656e-01 +3.210641232e+02 +3.210641232e+02 +4.3436e-01 -2.3699e+00 +1.4036e+00
1406 +7.970550775e-01 +7.970550775e-01 +3.209870551e+02 +3.209870551e+02 +4.6492e-01 -2.3518e+00 +1.4030e+00
1412 +3.498679671e-01 +3.498679671e-01 +3.205398680e+02 +3.205398680e+02 -2.3679e-01 -2.3544e+00 +1.4037e+00
1518 +3.286967073e-01 +3.286967073e-01 +3.205186967e+02 +3.205186967e+02 -5.1511e-01 -2.3428e+00 +1.4034e+00
1523 +2.695854683e-01 +2.695854683e-01 +3.204595855e+02 +3.204595855e+02 -6.2422e-01 -2.3473e+00 +1.4030e+00
1535 +7.133768945e-02 +7.133768945e-02 +3.202613377e+02 +3.202613377e+02 -3.6458e-01 -2.3528e+00 +1.4032e+00
1562 +3.030892012e-02 +3.030892012e-02 +3.202203089e+02 +3.202203089e+02 -5.5825e-01 -2.3596e+00 +1.4033e+00
1628 +1.992825424e-02 +1.992825424e-02 +3.202099283e+02 +3.202099283e+02 -3.2601e-01 -2.3580e+00 +1.4032e+00
1650 +1.287889999e-02 +1.287889999e-02 +3.202028789e+02 +3.202028789e+02 -3.6585e-01 -2.3632e+00 +1.4033e+00
1716 +1.804240803e-03 +1.804240803e-03 +3.201918042e+02 +3.201918042e+02 -3.9786e-01 -2.3599e+00 +1.4032e+00
1852 +1.278197470e-03 +1.278197470e-03 +3.201912782e+02 +3.201912782e+02 -4.3453e-01 -2.3611e+00 +1.4032e+00
1867 +4.310356206e-04 +4.310356206e-04 +3.201904310e+02 +3.201904310e+02 -4.3921e-01 -2.3604e+00 +1.4032e+00
1958 +1.124358194e-04 +1.124358194e-04 +3.201901124e+02 +3.201901124e+02 -4.3694e-01 -2.3605e+00 +1.4032e+00
1970 +1.089532557e-04 +1.089532557e-04 +3.201901090e+02 +3.201901090e+02 -4.2680e-01 -2.3608e+00 +1.4032e+00
2040 +9.839133270e-05 +9.839133270e-05 +3.201900984e+02 +3.201900984e+02 -4.3417e-01 -2.3611e+00 +1.4032e+00
2046 +7.234161257e-05 +7.234161257e-05 +3.201900723e+02 +3.201900723e+02 -4.2937e-01 -2.3610e+00 +1.4032e+00
2086 +3.880529812e-05 +3.880529812e-05 +3.201900388e+02 +3.201900388e+02 -4.3425e-01 -2.3608e+00 +1.4032e+00
2090 +1.373177832e-05 +1.373177832e-05 +3.201900137e+02 +3.201900137e+02 -4.3488e-01 -2.3609e+00 +1.4032e+00
2222 +1.010802526e-05 +1.010802526e-05 +3.201900101e+02 +3.201900101e+02 -4.3467e-01 -2.3607e+00 +1.4032e+00
2244 +1.498055497e-06 +1.498055497e-06 +3.201900015e+02 +3.201900015e+02 -4.3295e-01 -2.3608e+00 +1.4032e+00
2360 +1.110624964e-06 +1.110624964e-06 +3.201900011e+02 +3.201900011e+02 -4.3379e-01 -2.3608e+00 +1.4032e+00
2420 +7.564572684e-07 +7.564572684e-07 +3.201900008e+02 +3.201900008e+02 -4.3359e-01 -2.3608e+00 +1.4032e+00
2442 +5.909701599e-07 +5.909701599e-07 +3.201900006e+02 +3.201900006e+02 -4.3305e-01 -2.3608e+00 +1.4032e+00
2464 +5.232722629e-07 +5.232722629e-07 +3.201900005e+02 +3.201900005e+02 -4.3215e-01 -2.3608e+00 +1.4032e+00
2504 +1.300992949e-07 +1.300992949e-07 +3.201900001e+02 +3.201900001e+02 -4.3270e-01 -2.3608e+00 +1.4032e+00
2574 +7.548345593e-08 +7.548345593e-08 +3.201900001e+02 +3.201900001e+02 -4.3292e-01 -2.3608e+00 +1.4032e+00
2626 +6.085633686e-08 +6.085633686e-08 +3.201900001e+02 +3.201900001e+02 -4.3259e-01 -2.3608e+00 +1.4032e+00
2684 +2.643764674e-08 +2.643764674e-08 +3.201900000e+02 +3.201900000e+02 -4.3286e-01 -2.3608e+00 +1.4032e+00
2690 +2.371922392e-08 +2.371922392e-08 +3.201900000e+02 +3.201900000e+02 -4.3286e-01 -2.3608e+00 +1.4032e+00
2772 +1.022817742e-08 +1.022817742e-08 +3.201900000e+02 +3.201900000e+02 -4.3271e-01 -2.3608e+00 +1.4032e+00
2816 +4.651496965e-10 +4.651496965e-10 +3.201900000e+02 +3.201900000e+02 -4.3281e-01 -2.3608e+00 +1.4032e+00
% function evaluation | noise-free fitness - Fopt (-1.042400000000e+02) | best noise-free fitness - Fopt | measured fitness | best measured fitness | x1 | x2...
1 +2.062769976e+06 +2.062769976e+06 +2.062665736e+06 +2.062665736e+06 +0.0000e+00 +0.0000e+00 +0.0000e+00
2 +6.984732795e+04 +6.984732795e+04 +6.974308795e+04 +6.974308795e+04 +1.9595e+00 +4.0688e-01 +1.5397e+00
3 +6.004030353e+04 +6.004030353e+04 +5.993606353e+04 +5.993606353e+04 +2.0635e+00 +4.1549e-01 +1.5143e+00
11 +2.038513540e+04 +2.038513540e+04 +2.028089540e+04 +2.028089540e+04 +2.3336e+00 +3.4499e-01 +1.2704e+00
44 +1.948475422e+04 +1.948475422e+04 +1.938051422e+04 +1.938051422e+04 +2.2343e+00 +3.9964e-01 +1.3392e+00
55 +1.617152519e+04 +1.617152519e+04 +1.606728519e+04 +1.606728519e+04 +2.2902e+00 +8.2411e-02 +1.3277e+00
94 +1.244655282e+04 +1.244655282e+04 +1.234231282e+04 +1.234231282e+04 +2.1642e+00 -3.3720e-01 +1.3023e+00
181 +1.039119028e+04 +1.039119028e+04 +1.028695028e+04 +1.028695028e+04 +2.3570e+00 -6.3588e-01 +1.2993e+00
229 +9.420890688e+03 +9.420890688e+03 +9.316650688e+03 +9.316650688e+03 +2.2002e+00 -7.7090e-01 +1.3109e+00
251 +6.917119572e+03 +6.917119572e+03 +6.812879572e+03 +6.812879572e+03 +3.0558e+00 -1.4659e+00 +1.3008e+00
273 +4.802691831e+03 +4.802691831e+03 +4.698451831e+03 +4.698451831e+03 +2.7961e+00 -2.1626e+00 +1.3581e+00
288 +3.409088128e+03 +3.409088128e+03 +3.304848128e+03 +3.304848128e+03 +3.4653e+00 -2.2279e+00 +1.3475e+00
308 +3.203284003e+03 +3.203284003e+03 +3.099044003e+03 +3.099044003e+03 +2.8672e+00 -2.0454e+00 +1.3142e+00
318 +2.480089665e+03 +2.480089665e+03 +2.375849665e+03 +2.375849665e+03 +2.3090e+00 -3.3772e+00 +1.2701e+00
330 +1.240157602e+03 +1.240157602e+03 +1.135917602e+03 +1.135917602e+03 +2.5835e+00 -2.8721e+00 +1.3205e+00
352 +3.993099610e+02 +3.993099610e+02 +2.950699610e+02 +2.950699610e+02 +3.1022e+00 -4.5027e+00 +1.3229e+00
386 +1.044579799e+02 +1.044579799e+02 +2.179798568e-01 +2.179798568e-01 +4.2248e+00 -4.2168e+00 +1.3132e+00
535 +1.002591222e+02 +1.002591222e+02 -3.980877824e+00 -3.980877824e+00 +4.8648e+00 -3.8116e+00 +1.3216e+00
536 +9.707705631e+01 +9.707705631e+01 -7.162943690e+00 -7.162943690e+00 +4.6610e+00 -4.1029e+00 +1.3067e+00
589 +7.591210940e+01 +7.591210940e+01 -2.832789060e+01 -2.832789060e+01 +4.1044e+00 -3.8858e+00 +1.3051e+00
616 +5.939879766e+01 +5.939879766e+01 -4.484120234e+01 -4.484120234e+01 +4.4140e+00 -3.8353e+00 +1.3199e+00
626 +3.325939650e+01 +3.325939650e+01 -7.098060350e+01 -7.098060350e+01 +3.9672e+00 -4.0144e+00 +1.3102e+00
726 +1.886166436e+01 +1.886166436e+01 -8.537833564e+01 -8.537833564e+01 +3.8336e+00 -3.8765e+00 +1.3158e+00
946 +1.629300833e+01 +1.629300833e+01 -8.794699167e+01 -8.794699167e+01 +4.0686e+00 -3.9585e+00 +1.3148e+00
989 +1.439435650e+01 +1.439435650e+01 -8.984564350e+01 -8.984564350e+01 +2.6615e+00 -3.9876e+00 +1.3113e+00
990 +1.139248044e+01 +1.139248044e+01 -9.284751956e+01 -9.284751956e+01 +3.7158e+00 -3.8988e+00 +1.3143e+00
1019 +1.043636670e+01 +1.043636670e+01 -9.380363330e+01 -9.380363330e+01 +2.8725e+00 -3.8868e+00 +1.3120e+00
1070 +8.362204520e+00 +8.362204520e+00 -9.587779548e+01 -9.587779548e+01 +3.1107e+00 -3.9429e+00 +1.3139e+00
1207 +8.129615018e+00 +8.129615018e+00 -9.611038498e+01 -9.611038498e+01 +3.1813e+00 -3.9159e+00 +1.3132e+00
1218 +7.711766069e+00 +7.711766069e+00 -9.652823393e+01 -9.652823393e+01 +3.0444e+00 -3.9204e+00 +1.3141e+00
1261 +7.255377837e+00 +7.255377837e+00 -9.698462216e+01 -9.698462216e+01 +2.9605e+00 -3.9166e+00 +1.3138e+00
1265 +7.221413390e+00 +7.221413390e+00 -9.701858661e+01 -9.701858661e+01 +2.3726e+00 -3.9716e+00 +1.3144e+00
1274 +6.645023889e+00 +6.645023889e+00 -9.759497611e+01 -9.759497611e+01 +2.3608e+00 -3.9506e+00 +1.3151e+00
1285 +5.726897415e+00 +5.726897415e+00 -9.851310259e+01 -9.851310259e+01 +2.6450e+00 -3.9115e+00 +1.3135e+00
1293 +4.394669350e+00 +4.394669350e+00 -9.984533065e+01 -9.984533065e+01 +1.9428e+00 -3.9366e+00 +1.3151e+00
1301 +2.827375586e+00 +2.827375586e+00 -1.014126244e+02 -1.014126244e+02 +2.0764e+00 -3.9091e+00 +1.3142e+00
1364 +2.040334132e+00 +2.040334132e+00 -1.021996659e+02 -1.021996659e+02 +1.8448e+00 -3.9192e+00 +1.3137e+00
1376 +1.093018881e+00 +1.093018881e+00 -1.031469811e+02 -1.031469811e+02 +1.3861e+00 -3.9089e+00 +1.3136e+00
1403 +4.354965364e-01 +4.354965364e-01 -1.038045035e+02 -1.038045035e+02 -1.8920e-01 -3.9250e+00 +1.3133e+00
1418 +1.524005321e-01 +1.524005321e-01 -1.040875995e+02 -1.040875995e+02 +5.3782e-02 -3.9227e+00 +1.3138e+00
1509 +1.075671479e-01 +1.075671479e-01 -1.041324329e+02 -1.041324329e+02 +1.6787e-01 -3.9280e+00 +1.3136e+00
1518 +8.632563045e-02 +8.632563045e-02 -1.041536744e+02 -1.041536744e+02 +6.7816e-01 -3.9189e+00 +1.3136e+00
1562 +3.109892015e-02 +3.109892015e-02 -1.042089011e+02 -1.042089011e+02 +5.2555e-01 -3.9168e+00 +1.3135e+00
1577 +8.208016468e-03 +8.208016468e-03 -1.042317920e+02 -1.042317920e+02 +4.5579e-01 -3.9196e+00 +1.3135e+00
1606 +6.291055474e-03 +6.291055474e-03 -1.042337089e+02 -1.042337089e+02 +4.3832e-01 -3.9182e+00 +1.3136e+00
1694 +2.081797761e-03 +2.081797761e-03 -1.042379182e+02 -1.042379182e+02 +4.1357e-01 -3.9212e+00 +1.3136e+00
1769 +1.985197814e-03 +1.985197814e-03 -1.042380148e+02 -1.042380148e+02 +4.0313e-01 -3.9198e+00 +1.3136e+00
1782 +7.774886647e-04 +7.774886647e-04 -1.042392225e+02 -1.042392225e+02 +4.0650e-01 -3.9194e+00 +1.3136e+00
1847 +1.598293543e-04 +1.598293543e-04 -1.042398402e+02 -1.042398402e+02 +3.9579e-01 -3.9203e+00 +1.3136e+00
1958 +6.727270041e-05 +6.727270041e-05 -1.042399327e+02 -1.042399327e+02 +3.9407e-01 -3.9199e+00 +1.3136e+00
2068 +3.861991374e-06 +3.861991374e-06 -1.042399961e+02 -1.042399961e+02 +3.9238e-01 -3.9200e+00 +1.3136e+00
2244 +2.685487132e-06 +2.685487132e-06 -1.042399973e+02 -1.042399973e+02 +3.9555e-01 -3.9200e+00 +1.3136e+00
2332 +3.184222805e-07 +3.184222805e-07 -1.042399997e+02 -1.042399997e+02 +3.9425e-01 -3.9200e+00 +1.3136e+00
2398 +2.480214789e-08 +2.480214789e-08 -1.042400000e+02 -1.042400000e+02 +3.9449e-01 -3.9200e+00 +1.3136e+00
2574 +1.252223569e-08 +1.252223569e-08 -1.042400000e+02 -1.042400000e+02 +3.9443e-01 -3.9200e+00 +1.3136e+00
2640 +9.309289339e-09 +9.309289339e-09 -1.042400000e+02 -1.042400000e+02 +3.9433e-01 -3.9200e+00 +1.3136e+00
% function evaluation | noise-free fitness - Fopt (-1.843100000000e+02) | best noise-free fitness - Fopt | measured fitness | best measured fitness | x1 | x2...
1 +4.672130694e+04 +4.672130694e+04 +4.653699694e+04 +4.653699694e+04 +0.0000e+00 +0.0000e+00 +0.0000e+00
74 +1.539040691e+04 +1.539040691e+04 +1.520609691e+04 +1.520609691e+04 +2.6456e-01 -1.6844e+00 -3.2384e-01
92 +9.758843815e+03 +9.758843815e+03 +9.574533815e+03 +9.574533815e+03 +1.2203e-01 -2.0622e+00 -2.9115e-01
103 +5.885797107e+03 +5.885797107e+03 +5.701487107e+03 +5.701487107e+03 +7.1438e-02 -2.0917e+00 -1.8949e-01
110 +4.673865278e+03 +4.673865278e+03 +4.489555278e+03 +4.489555278e+03 +1.4105e-01 -1.8780e+00 -1.9778e-01
185 +3.722298479e+03 +3.722298479e+03 +3.537988479e+03 +3.537988479e+03 +1.6685e-01 -1.6332e+00 -2.0941e-01
511 +3.703312929e+03 +3.703312929e+03 +3.519002929e+03 +3.519002929e+03 -1.3400e-01 -1.6370e+00 -2.1549e-01
579 +3.470837009e+03 +3.470837009e+03 +3.286527009e+03 +3.286527009e+03 -1.2140e-01 -1.5032e+00 -2.2691e-01
608 +3.214906302e+03 +3.214906302e+03 +3.030596302e+03 +3.030596302e+03 -7.2714e-02 -1.4326e+00 -2.0683e-01
622 +2.765775325e+03 +2.765775325e+03 +2.581465325e+03 +2.581465325e+03 -5.1681e-02 -1.2524e+00 -2.0250e-01
643 +1.808359145e+03 +1.808359145e+03 +1.624049145e+03 +1.624049145e+03 -4.9171e-01 -9.9189e-01 -2.2552e-01
648 +1.340732792e+03 +1.340732792e+03 +1.156422792e+03 +1.156422792e+03 -4.8824e-02 -8.2167e-01 -2.2908e-01
674 +1.095573683e+03 +1.095573683e+03 +9.112636826e+02 +9.112636826e+02 -2.4913e-01 -3.3446e-01 -2.4321e-01
682 +7.900524180e+02 +7.900524180e+02 +6.057424180e+02 +6.057424180e+02 -3.0418e-01 -6.9041e-01 -2.1781e-01
685 +3.535524017e+02 +3.535524017e+02 +1.692424017e+02 +1.692424017e+02 -3.1288e-01 -3.8614e-01 -2.1969e-01
708 +2.867534365e+02 +2.867534365e+02 +1.024434365e+02 +1.024434365e+02 -2.2918e-01 -1.9753e-01 -2.2543e-01
726 +1.445660522e+02 +1.445660522e+02 -3.974394775e+01 -3.974394775e+01 -2.3062e-01 -6.8148e-02 -2.2309e-01
764 +5.580602379e+01 +5.580602379e+01 -1.285039762e+02 -1.285039762e+02 -2.8717e-02 +3.5235e-01 -2.0883e-01
770 +1.213109362e+01 +1.213109362e+01 -1.721789064e+02 -1.721789064e+02 -3.7395e-01 +2.2235e-01 -2.1795e-01
946 +7.592034067e+00 +7.592034067e+00 -1.767179659e+02 -1.767179659e+02 -3.1373e-01 +1.6922e-01 -2.1506e-01
990 +5.248320319e+00 +5.248320319e+00 -1.790616797e+02 -1.790616797e+02 -2.1302e-01 +1.9488e-01 -2.1545e-01
1078 +4.315053300e+00 +4.315053300e+00 -1.799949467e+02 -1.799949467e+02 -2.3306e-01 +2.2597e-01 -2.1525e-01
1568 +4.228985389e+00 +4.228985389e+00 -1.800810146e+02 -1.800810146e+02 -2.0210e-01 +2.2379e-01 -2.1530e-01
1617 +4.124989453e+00 +4.124989453e+00 -1.801850105e+02 -1.801850105e+02 -1.6451e-01 +2.2865e-01 -2.1517e-01
1659 +4.036600990e+00 +4.036600990e+00 -1.802733990e+02 -1.802733990e+02 -1.2839e-01 +2.2193e-01 -2.1536e-01
1725 +3.944054122e+00 +3.944054122e+00 -1.803659459e+02 -1.803659459e+02 -1.0571e-01 +2.2400e-01 -2.1514e-01
1765 +3.813830052e+00 +3.813830052e+00 -1.804961699e+02 -1.804961699e+02 -6.0146e-02 +2.2452e-01 -2.1518e-01
1766 +3.696243428e+00 +3.696243428e+00 -1.806137566e+02 -1.806137566e+02 +1.9006e-02 +2.3388e-01 -2.1507e-01
1781 +3.420487523e+00 +3.420487523e+00 -1.808895125e+02 -1.808895125e+02 +8.6518e-02 +2.2334e-01 -2.1527e-01
1795 +3.247755328e+00 +3.247755328e+00 -1.810622447e+02 -1.810622447e+02 +1.9307e-01 +2.3132e-01 -2.1489e-01
1811 +2.863651091e+00 +2.863651091e+00 -1.814463489e+02 -1.814463489e+02 +3.1822e-01 +2.1581e-01 -2.1498e-01
1828 +1.931202230e+00 +1.931202230e+00 -1.823787978e+02 -1.823787978e+02 +7.4829e-01 +1.9943e-01 -2.1521e-01
1835 +1.738959803e+00 +1.738959803e+00 -1.825710402e+02 -1.825710402e+02 +6.3432e-01 +2.1719e-01 -2.1530e-01
1843 +1.604033675e+00 +1.604033675e+00 -1.827059663e+02 -1.827059663e+02 +6.8452e-01 +2.3381e-01 -2.1507e-01
1850 +9.182485588e-01 +9.182485588e-01 -1.833917514e+02 -1.833917514e+02 +9.3167e-01 +2.3686e-01 -2.1518e-01
1851 +8.991708602e-01 +8.991708602e-01 -1.834108291e+02 -1.834108291e+02 +1.0147e+00 +2.1142e-01 -2.1554e-01
1853 +6.589134085e-01 +6.589134085e-01 -1.836510866e+02 -1.836510866e+02 +1.2213e+00 +2.1642e-01 -2.1567e-01
1869 +6.093553409e-01 +6.093553409e-01 -1.837006447e+02 -1.837006447e+02 +1.5025e+00 +2.2272e-01 -2.1449e-01
1870 +3.927325504e-01 +3.927325504e-01 -1.839172674e+02 -1.839172674e+02 +1.1607e+00 +2.2613e-01 -2.1519e-01
1892 +3.615390173e-01 +3.615390173e-01 -1.839484610e+02 -1.839484610e+02 +1.1965e+00 +2.2278e-01 -2.1516e-01
1914 +3.208448657e-01 +3.208448657e-01 -1.839891551e+02 -1.839891551e+02 +1.3143e+00 +2.2359e-01 -2.1545e-01
1924 +1.588980136e-01 +1.588980136e-01 -1.841511020e+02 -1.841511020e+02 +1.9739e+00 +2.3411e-01 -2.1495e-01
1936 +1.085738411e-02 +1.085738411e-02 -1.842991426e+02 -1.842991426e+02 +1.7525e+00 +2.2290e-01 -2.1522e-01
2046 +7.077757774e-03 +7.077757774e-03 -1.843029222e+02 -1.843029222e+02 +1.8303e+00 +2.2696e-01 -2.1516e-01
2068 +2.113803138e-03 +2.113803138e-03 -1.843078862e+02 -1.843078862e+02 +1.8531e+00 +2.2586e-01 -2.1517e-01
2134 +1.795389068e-03 +1.795389068e-03 -1.843082046e+02 -1.843082046e+02 +1.8128e+00 +2.2549e-01 -2.1522e-01
2156 +1.420622939e-03 +1.420622939e-03 -1.843085794e+02 -1.843085794e+02 +1.8433e+00 +2.2467e-01 -2.1524e-01
2185 +8.708631232e-04 +8.708631232e-04 -1.843091291e+02 -1.843091291e+02 +1.8679e+00 +2.2479e-01 -2.1521e-01
2200 +1.907878749e-05 +1.907878749e-05 -1.843099809e+02 -1.843099809e+02 +1.8437e+00 +2.2480e-01 -2.1520e-01
2358 +5.720726477e-06 +5.720726477e-06 -1.843099943e+02 -1.843099943e+02 +1.8415e+00 +2.2482e-01 -2.1520e-01
2552 +5.812827055e-07 +5.812827055e-07 -1.843099994e+02 -1.843099994e+02 +1.8436e+00 +2.2482e-01 -2.1520e-01
2618 +4.820896038e-07 +4.820896038e-07 -1.843099995e+02 -1.843099995e+02 +1.8437e+00 +2.2479e-01 -2.1520e-01
2669 +1.585987093e-07 +1.585987093e-07 -1.843099998e+02 -1.843099998e+02 +1.8433e+00 +2.2479e-01 -2.1520e-01
2738 +1.558099996e-07 +1.558099996e-07 -1.843099998e+02 -1.843099998e+02 +1.8432e+00 +2.2479e-01 -2.1520e-01
2772 +5.983162055e-08 +5.983162055e-08 -1.843099999e+02 -1.843099999e+02 +1.8433e+00 +2.2479e-01 -2.1520e-01
2794 +4.158366096e-08 +4.158366096e-08 -1.843100000e+02 -1.843100000e+02 +1.8432e+00 +2.2480e-01 -2.1520e-01
2873 +2.069043603e-08 +2.069043603e-08 -1.843100000e+02 -1.843100000e+02 +1.8433e+00 +2.2480e-01 -2.1520e-01
2948 +4.065839221e-09 +4.065839221e-09 -1.843100000e+02 -1.843100000e+02 +1.8432e+00 +2.2480e-01 -2.1520e-01
% function evaluation | noise-free fitness - Fopt (5.684000000000e+01) | best noise-free fitness - Fopt | measured fitness | best measured fitness | x1 | x2...
1 +1.233309017e+07 +1.233309017e+07 +1.233314701e+07 +1.233314701e+07 +0.0000e+00 +0.0000e+00 +0.0000e+00
2 +2.334191681e+06 +2.334191681e+06 +2.334248521e+06 +2.334248521e+06 +1.4582e+00 +2.5810e+00 -1.9330e+00
17 +2.229372365e+06 +2.229372365e+06 +2.229429205e+06 +2.229429205e+06 +1.5926e+00 +2.4823e+00 -1.9813e+00
18 +2.147038318e+06 +2.147038318e+06 +2.147095158e+06 +2.147095158e+06 +1.4539e+00 +2.7607e+00 -2.0359e+00
27 +2.106346806e+06 +2.106346806e+06 +2.106403646e+06 +2.106403646e+06 +1.5856e+00 +2.4505e+00 -2.0696e+00
31 +2.034260135e+06 +2.034260135e+06 +2.034316975e+06 +2.034316975e+06 +1.4893e+00 +2.5464e+00 -2.1797e+00
33 +1.946189192e+06 +1.946189192e+06 +1.946246032e+06 +1.946246032e+06 +1.3797e+00 +2.8262e+00 -2.2954e+00
42 +1.734697388e+06 +1.734697388e+06 +1.734754228e+06 +1.734754228e+06 +1.6597e+00 +2.7270e+00 -2.3964e+00
46 +1.207622376e+06 +1.207622376e+06 +1.207679216e+06 +1.207679216e+06 +1.4549e+00 +3.1041e+00 -2.5384e+00
47 +2.642960734e+05 +2.642960734e+05 +2.643529134e+05 +2.643529134e+05 +1.6619e+00 +2.2778e+00 -3.0901e+00
68 +1.563944770e+05 +1.563944770e+05 +1.564513170e+05 +1.564513170e+05 +1.6033e+00 +2.9089e+00 -3.9301e+00
70 +8.801447704e+04 +8.801447704e+04 +8.807131704e+04 +8.807131704e+04 +1.1663e+00 +1.9299e+00 -3.8447e+00
71 +2.744636372e+04 +2.744636372e+04 +2.750320372e+04 +2.750320372e+04 +1.2820e+00 +2.4183e+00 -3.5285e+00
236 +2.687103839e+04 +2.687103839e+04 +2.692787839e+04 +2.692787839e+04 +1.4607e+00 +2.3785e+00 -3.6424e+00
247 +2.498862439e+04 +2.498862439e+04 +2.504546439e+04 +2.504546439e+04 +9.5301e-01 +2.4417e+00 -3.6113e+00
259 +2.325635739e+04 +2.325635739e+04 +2.331319739e+04 +2.331319739e+04 +1.4738e+00 +2.3277e+00 -3.5747e+00
269 +2.178231846e+04 +2.178231846e+04 +2.183915846e+04 +2.183915846e+04 +1.3543e+00 +2.1312e+00 -3.5985e+00
428 +2.060070714e+04 +2.060070714e+04 +2.065754714e+04 +2.065754714e+04 +9.5904e-01 +1.9432e+00 -3.5599e+00
576 +1.959215383e+04 +1.959215383e+04 +1.964899383e+04 +1.964899383e+04 +1.3164e+00 +1.8939e+00 -3.5810e+00
608 +1.948399780e+04 +1.948399780e+04 +1.954083780e+04 +1.954083780e+04 +1.3327e+00 +1.8690e+00 -3.5730e+00
622 +1.900936275e+04 +1.900936275e+04 +1.906620275e+04 +1.906620275e+04 +1.1307e+00 +1.8081e+00 -3.5714e+00
634 +1.789724267e+04 +1.789724267e+04 +1.795408267e+04 +1.795408267e+04 +1.3128e+00 +1.6938e+00 -3.5823e+00
647 +1.774977749e+04 +1.774977749e+04 +1.780661749e+04 +1.780661749e+04 +1.0995e+00 +1.4482e+00 -3.5395e+00
654 +1.657607336e+04 +1.657607336e+04 +1.663291336e+04 +1.663291336e+04 +1.2307e+00 +1.5256e+00 -3.5955e+00
665 +1.515604162e+04 +1.515604162e+04 +1.521288162e+04 +1.521288162e+04 +9.7240e-01 +1.3569e+00 -3.5981e+00
670 +1.409719152e+04 +1.409719152e+04 +1.415403152e+04 +1.415403152e+04 +1.2503e+00 +1.2313e+00 -3.5996e+00
671 +1.334014828e+04 +1.334014828e+04 +1.339698828e+04 +1.339698828e+04 +1.2422e+00 +1.1216e+00 -3.5619e+00
686 +1.017683118e+04 +1.017683118e+04 +1.023367118e+04 +1.023367118e+04 +1.0897e+00 +7.5550e-01 -3.5829e+00
740 +7.683426178e+03 +7.683426178e+03 +7.740266178e+03 +7.740266178e+03 +8.9912e-01 -7.1273e-02 -3.5514e+00
742 +1.853299277e+03 +1.853299277e+03 +1.910139277e+03 +1.910139277e+03 +8.8191e-01 -1.3027e+00 -3.5764e+00
792 +6.817481398e+02 +6.817481398e+02 +7.385881398e+02 +7.385881398e+02 +9.5747e-01 -1.6362e+00 -3.5808e+00
805 +5.119232004e+02 +5.119232004e+02 +5.687632004e+02 +5.687632004e+02 +1.3707e+00 -2.0234e+00 -3.5670e+00
814 +4.984827956e+02 +4.984827956e+02 +5.553227956e+02 +5.553227956e+02 +1.0531e+00 -2.0427e+00 -3.5662e+00
820 +2.398941263e+02 +2.398941263e+02 +2.967341263e+02 +2.967341263e+02 +8.0520e-01 -2.8240e+00 -3.5955e+00
836 +1.198906579e+01 +1.198906579e+01 +6.882906579e+01 +6.882906579e+01 +1.0467e+00 -2.6316e+00 -3.5818e+00
1011 +2.013158807e+00 +2.013158807e+00 +5.885315881e+01 +5.885315881e+01 +1.6273e+00 -2.5233e+00 -3.5824e+00
1100 +1.737478105e+00 +1.737478105e+00 +5.857747810e+01 +5.857747810e+01 +1.6115e+00 -2.5081e+00 -3.5832e+00
1210 +1.597994410e+00 +1.597994410e+00 +5.843799441e+01 +5.843799441e+01 +1.5318e+00 -2.5525e+00 -3.5830e+00
1271 +1.003715292e+00 +1.003715292e+00 +5.784371529e+01 +5.784371529e+01 +1.5124e+00 -2.5333e+00 -3.5830e+00
1320 +9.809555854e-01 +9.809555854e-01 +5.782095559e+01 +5.782095559e+01 +1.5119e+00 -2.5213e+00 -3.5832e+00
1502 +8.952207901e-01 +8.952207901e-01 +5.773522079e+01 +5.773522079e+01 +1.5018e+00 -2.5309e+00 -3.5832e+00
1529 +8.545280053e-01 +8.545280053e-01 +5.769452801e+01 +5.769452801e+01 +1.4859e+00 -2.5272e+00 -3.5831e+00
1652 +8.400250200e-01 +8.400250200e-01 +5.768002502e+01 +5.768002502e+01 +1.4636e+00 -2.5327e+00 -3.5834e+00
1706 +8.205854511e-01 +8.205854511e-01 +5.766058545e+01 +5.766058545e+01 +1.4802e+00 -2.5285e+00 -3.5832e+00
1719 +8.071528691e-01 +8.071528691e-01 +5.764715287e+01 +5.764715287e+01 +1.4755e+00 -2.5290e+00 -3.5832e+00
1738 +7.908101553e-01 +7.908101553e-01 +5.763081016e+01 +5.763081016e+01 +1.4693e+00 -2.5299e+00 -3.5832e+00
1745 +7.646778450e-01 +7.646778450e-01 +5.760467785e+01 +5.760467785e+01 +1.4476e+00 -2.5291e+00 -3.5830e+00
1782 +7.459066791e-01 +7.459066791e-01 +5.758590668e+01 +5.758590668e+01 +1.4490e+00 -2.5274e+00 -3.5831e+00
1794 +7.313725705e-01 +7.313725705e-01 +5.757137257e+01 +5.757137257e+01 +1.4162e+00 -2.5346e+00 -3.5830e+00
1802 +6.959271957e-01 +6.959271957e-01 +5.753592720e+01 +5.753592720e+01 +1.4328e+00 -2.5309e+00 -3.5832e+00
1809 +6.832097070e-01 +6.832097070e-01 +5.752320971e+01 +5.752320971e+01 +1.4220e+00 -2.5260e+00 -3.5833e+00
1826 +6.582134346e-01 +6.582134346e-01 +5.749821343e+01 +5.749821343e+01 +1.4165e+00 -2.5274e+00 -3.5832e+00
1831 +6.439190968e-01 +6.439190968e-01 +5.748391910e+01 +5.748391910e+01 +1.3631e+00 -2.5276e+00 -3.5829e+00
1852 +6.108401290e-01 +6.108401290e-01 +5.745084013e+01 +5.745084013e+01 +1.3911e+00 -2.5278e+00 -3.5832e+00
1869 +5.982444677e-01 +5.982444677e-01 +5.743824447e+01 +5.743824447e+01 +1.3812e+00 -2.5307e+00 -3.5832e+00
1876 +5.672100146e-01 +5.672100146e-01 +5.740721001e+01 +5.740721001e+01 +1.3537e+00 -2.5264e+00 -3.5832e+00
1883 +5.207298817e-01 +5.207298817e-01 +5.736072988e+01 +5.736072988e+01 +1.2984e+00 -2.5282e+00 -3.5833e+00
1898 +5.119827278e-01 +5.119827278e-01 +5.735198273e+01 +5.735198273e+01 +1.2891e+00 -2.5297e+00 -3.5832e+00
1924 +4.940858535e-01 +4.940858535e-01 +5.733408585e+01 +5.733408585e+01 +1.1255e+00 -2.5334e+00 -3.5835e+00
1941 +4.307481807e-01 +4.307481807e-01 +5.727074818e+01 +5.727074818e+01 +9.4053e-01 -2.5137e+00 -3.5835e+00
1943 +3.434267560e-01 +3.434267560e-01 +5.718342676e+01 +5.718342676e+01 +1.0756e+00 -2.5299e+00 -3.5831e+00
1956 +1.896876658e-01 +1.896876658e-01 +5.702968767e+01 +5.702968767e+01 +8.8241e-01 -2.5211e+00 -3.5831e+00
1962 +1.702325313e-01 +1.702325313e-01 +5.701023253e+01 +5.701023253e+01 +9.3156e-01 -2.5330e+00 -3.5833e+00
1980 +1.311886949e-01 +1.311886949e-01 +5.697118869e+01 +5.697118869e+01 +8.5178e-01 -2.5329e+00 -3.5831e+00
1995 +7.083180838e-02 +7.083180838e-02 +5.691083181e+01 +5.691083181e+01 +4.3740e-01 -2.5363e+00 -3.5833e+00
2002 +1.187677599e-02 +1.187677599e-02 +5.685187678e+01 +5.685187678e+01 +4.3238e-01 -2.5293e+00 -3.5832e+00
2112 +7.232156191e-03 +7.232156191e-03 +5.684723216e+01 +5.684723216e+01 +6.0381e-01 -2.5281e+00 -3.5832e+00
2156 +6.948319604e-04 +6.948319604e-04 +5.684069483e+01 +5.684069483e+01 +5.5110e-01 -2.5293e+00 -3.5832e+00
2328 +3.145800640e-04 +3.145800640e-04 +5.684031458e+01 +5.684031458e+01 +5.3827e-01 -2.5283e+00 -3.5832e+00
2390 +3.078712591e-04 +3.078712591e-04 +5.684030787e+01 +5.684030787e+01 +5.2464e-01 -2.5284e+00 -3.5832e+00
2398 +1.418699194e-04 +1.418699194e-04 +5.684014187e+01 +5.684014187e+01 +5.3399e-01 -2.5290e+00 -3.5832e+00
2408 +7.704379513e-05 +7.704379513e-05 +5.684007704e+01 +5.684007704e+01 +5.3349e-01 -2.5286e+00 -3.5832e+00
2503 +5.160254532e-05 +5.160254532e-05 +5.684005160e+01 +5.684005160e+01 +5.2834e-01 -2.5286e+00 -3.5832e+00
2569 +5.099252563e-05 +5.099252563e-05 +5.684005099e+01 +5.684005099e+01 +5.3483e-01 -2.5287e+00 -3.5832e+00
2625 +2.384338767e-05 +2.384338767e-05 +5.684002384e+01 +5.684002384e+01 +5.3426e-01 -2.5288e+00 -3.5832e+00
2681 +1.161162386e-05 +1.161162386e-05 +5.684001161e+01 +5.684001161e+01 +5.3081e-01 -2.5289e+00 -3.5832e+00
2752 +3.793067172e-06 +3.793067172e-06 +5.684000379e+01 +5.684000379e+01 +5.3240e-01 -2.5288e+00 -3.5832e+00
2816 +7.319787727e-07 +7.319787727e-07 +5.684000073e+01 +5.684000073e+01 +5.3207e-01 -2.5288e+00 -3.5832e+00
3014 +1.975134438e-07 +1.975134438e-07 +5.684000020e+01 +5.684000020e+01 +5.3251e-01 -2.5288e+00 -3.5832e+00
3036 +1.319880170e-07 +1.319880170e-07 +5.684000013e+01 +5.684000013e+01 +5.3252e-01 -2.5288e+00 -3.5832e+00
3058 +9.038503634e-08 +9.038503634e-08 +5.684000009e+01 +5.684000009e+01 +5.3275e-01 -2.5288e+00 -3.5832e+00
3080 +5.502507605e-08 +5.502507605e-08 +5.684000006e+01 +5.684000006e+01 +5.3283e-01 -2.5288e+00 -3.5832e+00
3102 +1.877862132e-08 +1.877862132e-08 +5.684000002e+01 +5.684000002e+01 +5.3273e-01 -2.5288e+00 -3.5832e+00
3168 +1.235332547e-08 +1.235332547e-08 +5.684000001e+01 +5.684000001e+01 +5.3273e-01 -2.5288e+00 -3.5832e+00
3190 +9.982976223e-09 +9.982976223e-09 +5.684000001e+01 +5.684000001e+01 +5.3281e-01 -2.5288e+00 -3.5832e+00
% function evaluation | noise-free fitness - Fopt (-1.897300000000e+02) | best noise-free fitness - Fopt | measured fitness | best measured fitness | x1 | x2...
1 +1.546126791e+06 +1.546126791e+06 +1.545937061e+06 +1.545937061e+06 +0.0000e+00 +0.0000e+00 +0.0000e+00
2 +9.950382364e+04 +9.950382364e+04 +9.931409364e+04 +9.931409364e+04 +1.8761e+00 +5.6938e-01 -8.3428e-01
27 +4.723917010e+03 +4.723917010e+03 +4.534187010e+03 +4.534187010e+03 +1.5336e+00 +3.3730e-01 -1.1964e+00
62 +3.163222131e+03 +3.163222131e+03 +2.973492131e+03 +2.973492131e+03 +1.4929e+00 +6.1022e-01 -1.1005e+00
110 +2.032963116e+03 +2.032963116e+03 +1.843233116e+03 +1.843233116e+03 +1.6469e+00 +3.4352e-01 -1.1603e+00
118 +1.551251863e+03 +1.551251863e+03 +1.361521863e+03 +1.361521863e+03 +1.9930e+00 +3.4332e-01 -1.1330e+00
129 +1.269113212e+03 +1.269113212e+03 +1.079383212e+03 +1.079383212e+03 +1.6930e+00 +5.8966e-02 -1.1133e+00
358 +1.144092007e+03 +1.144092007e+03 +9.543620068e+02 +9.543620068e+02 +1.9958e+00 +2.0055e-01 -1.1509e+00
378 +9.295603394e+02 +9.295603394e+02 +7.398303394e+02 +7.398303394e+02 +2.0150e+00 +1.7491e-01 -1.1458e+00
412 +7.431628136e+02 +7.431628136e+02 +5.534328136e+02 +5.534328136e+02 +2.0264e+00 +1.2916e-01 -1.1354e+00
429 +5.961451396e+02 +5.961451396e+02 +4.064151396e+02 +4.064151396e+02 +2.0755e+00 -2.4112e-02 -1.1289e+00
455 +5.092313584e+02 +5.092313584e+02 +3.195013584e+02 +3.195013584e+02 +1.9928e+00 -7.0921e-02 -1.1344e+00
476 +4.864745516e+02 +4.864745516e+02 +2.967445516e+02 +2.967445516e+02 +2.0100e+00 -1.3391e-01 -1.1404e+00
483 +4.367882669e+02 +4.367882669e+02 +2.470582669e+02 +2.470582669e+02 +2.0127e+00 -2.1235e-01 -1.1448e+00
533 +2.853911751e+02 +2.853911751e+02 +9.566117507e+01 +9.566117507e+01 +2.0328e+00 -3.1920e-01 -1.1470e+00
535 +1.694684642e+02 +1.694684642e+02 -2.026153584e+01 -2.026153584e+01 +2.0214e+00 -3.8455e-01 -1.1418e+00
577 +1.176249799e+02 +1.176249799e+02 -7.210502014e+01 -7.210502014e+01 +1.9849e+00 -4.5969e-01 -1.1396e+00
601 +9.357596676e+01 +9.357596676e+01 -9.615403324e+01 -9.615403324e+01 +1.9653e+00 -4.9691e-01 -1.1391e+00
606 +5.329572667e+01 +5.329572667e+01 -1.364342733e+02 -1.364342733e+02 +2.0318e+00 -6.7329e-01 -1.1438e+00
625 +2.557994739e+01 +2.557994739e+01 -1.641500526e+02 -1.641500526e+02 +1.9756e+00 -6.9639e-01 -1.1412e+00
704 +1.935825473e+01 +1.935825473e+01 -1.703717453e+02 -1.703717453e+02 +1.9970e+00 -6.5850e-01 -1.1361e+00
729 +1.456493919e+01 +1.456493919e+01 -1.751650608e+02 -1.751650608e+02 +2.0052e+00 -9.0121e-01 -1.1382e+00
748 +7.064376848e+00 +7.064376848e+00 -1.826656232e+02 -1.826656232e+02 +1.9819e+00 -7.0973e-01 -1.1379e+00
760 +3.901874222e+00 +3.901874222e+00 -1.858281258e+02 -1.858281258e+02 +2.0069e+00 -8.2289e-01 -1.1387e+00
782 +3.320145037e+00 +3.320145037e+00 -1.864098550e+02 -1.864098550e+02 +1.9599e+00 -7.8626e-01 -1.1390e+00
836 +3.186222793e+00 +3.186222793e+00 -1.865437772e+02 -1.865437772e+02 +1.9706e+00 -8.2293e-01 -1.1368e+00
869 +1.875070227e+00 +1.875070227e+00 -1.878549298e+02 -1.878549298e+02 +1.9624e+00 -7.7432e-01 -1.1382e+00
946 +1.557638421e+00 +1.557638421e+00 -1.881723616e+02 -1.881723616e+02 +1.9669e+00 -7.9934e-01 -1.1372e+00
1012 +1.522128075e+00 +1.522128075e+00 -1.882078719e+02 -1.882078719e+02 +1.9726e+00 -7.8504e-01 -1.1372e+00
1092 +1.496379814e+00 +1.496379814e+00 -1.882336202e+02 -1.882336202e+02 +1.9775e+00 -7.9352e-01 -1.1373e+00
1100 +1.341169387e+00 +1.341169387e+00 -1.883888306e+02 -1.883888306e+02 +1.9729e+00 -7.9233e-01 -1.1375e+00
1266 +1.298719522e+00 +1.298719522e+00 -1.884312805e+02 -1.884312805e+02 +1.9654e+00 -7.8716e-01 -1.1375e+00
1680 +1.285458239e+00 +1.285458239e+00 -1.884445418e+02 -1.884445418e+02 +1.9614e+00 -7.8598e-01 -1.1376e+00
1755 +1.257810900e+00 +1.257810900e+00 -1.884721891e+02 -1.884721891e+02 +1.9556e+00 -7.9070e-01 -1.1376e+00
1877 +1.216686882e+00 +1.216686882e+00 -1.885133131e+02 -1.885133131e+02 +1.9451e+00 -7.8774e-01 -1.1377e+00
1926 +1.191603335e+00 +1.191603335e+00 -1.885383967e+02 -1.885383967e+02 +1.9388e+00 -7.8610e-01 -1.1376e+00
1942 +1.169680513e+00 +1.169680513e+00 -1.885603195e+02 -1.885603195e+02 +1.9297e+00 -7.8560e-01 -1.1375e+00
1948 +1.116276045e+00 +1.116276045e+00 -1.886137240e+02 -1.886137240e+02 +1.9199e+00 -7.9090e-01 -1.1375e+00
1960 +1.073352092e+00 +1.073352092e+00 -1.886566479e+02 -1.886566479e+02 +1.9091e+00 -7.8641e-01 -1.1376e+00
1975 +1.062083178e+00 +1.062083178e+00 -1.886679168e+02 -1.886679168e+02 +1.8980e+00 -7.8324e-01 -1.1375e+00
1986 +1.034587466e+00 +1.034587466e+00 -1.886954125e+02 -1.886954125e+02 +1.8975e+00 -7.8782e-01 -1.1377e+00
1991 +1.016486612e+00 +1.016486612e+00 -1.887135134e+02 -1.887135134e+02 +1.8781e+00 -7.9289e-01 -1.1374e+00
2001 +9.920975761e-01 +9.920975761e-01 -1.887379024e+02 -1.887379024e+02 +1.8715e+00 -7.8874e-01 -1.1379e+00
2002 +9.630722031e-01 +9.630722031e-01 -1.887669278e+02 -1.887669278e+02 +1.8805e+00 -7.8993e-01 -1.1377e+00
2005 +5.525912296e-01 +5.525912296e-01 -1.891774088e+02 -1.891774088e+02 +1.6995e+00 -7.9104e-01 -1.1377e+00
2057 +2.838821757e-01 +2.838821757e-01 -1.894461178e+02 -1.894461178e+02 +1.4053e+00 -7.8628e-01 -1.1376e+00
2077 +2.696530636e-01 +2.696530636e-01 -1.894603469e+02 -1.894603469e+02 +1.2981e+00 -7.9800e-01 -1.1374e+00
2125 +2.405842647e-01 +2.405842647e-01 -1.894894157e+02 -1.894894157e+02 +1.3009e+00 -7.8429e-01 -1.1379e+00
2134 +1.922807613e-01 +1.922807613e-01 -1.895377192e+02 -1.895377192e+02 +1.3189e+00 -7.8330e-01 -1.1376e+00
2146 +1.685189180e-01 +1.685189180e-01 -1.895614811e+02 -1.895614811e+02 +1.2314e+00 -7.9574e-01 -1.1377e+00
2150 +3.640112460e-02 +3.640112460e-02 -1.896935989e+02 -1.896935989e+02 +7.9895e-01 -7.9381e-01 -1.1376e+00
2177 +1.933498381e-02 +1.933498381e-02 -1.897106650e+02 -1.897106650e+02 +9.2963e-01 -7.8483e-01 -1.1376e+00
2202 +3.759945282e-03 +3.759945282e-03 -1.897262401e+02 -1.897262401e+02 +8.5583e-01 -7.8932e-01 -1.1376e+00
2328 +3.497441181e-03 +3.497441181e-03 -1.897265026e+02 -1.897265026e+02 +9.0588e-01 -7.8715e-01 -1.1376e+00
2332 +2.409571785e-03 +2.409571785e-03 -1.897275904e+02 -1.897275904e+02 +8.6833e-01 -7.8858e-01 -1.1376e+00
2398 +1.303530303e-03 +1.303530303e-03 -1.897286965e+02 -1.897286965e+02 +9.0639e-01 -7.8829e-01 -1.1376e+00
2462 +5.890087906e-04 +5.890087906e-04 -1.897294110e+02 -1.897294110e+02 +9.1457e-01 -7.8867e-01 -1.1376e+00
2486 +4.712298272e-04 +4.712298272e-04 -1.897295288e+02 -1.897295288e+02 +8.9035e-01 -7.8946e-01 -1.1376e+00
2508 +3.718990635e-05 +3.718990635e-05 -1.897299628e+02 -1.897299628e+02 +8.9163e-01 -7.8862e-01 -1.1376e+00
2671 +3.034482140e-05 +3.034482140e-05 -1.897299697e+02 -1.897299697e+02 +8.8801e-01 -7.8890e-01 -1.1376e+00
2675 +2.504386632e-05 +2.504386632e-05 -1.897299750e+02 -1.897299750e+02 +8.8848e-01 -7.8873e-01 -1.1376e+00
2706 +2.395849469e-05 +2.395849469e-05 -1.897299760e+02 -1.897299760e+02 +8.8758e-01 -7.8881e-01 -1.1376e+00
2739 +1.408337988e-05 +1.408337988e-05 -1.897299859e+02 -1.897299859e+02 +8.8852e-01 -7.8881e-01 -1.1376e+00
2750 +1.307355964e-05 +1.307355964e-05 -1.897299869e+02 -1.897299869e+02 +8.8891e-01 -7.8879e-01 -1.1376e+00
2758 +1.127221461e-05 +1.127221461e-05 -1.897299887e+02 -1.897299887e+02 +8.9453e-01 -7.8879e-01 -1.1376e+00
2772 +8.588552902e-06 +8.588552902e-06 -1.897299914e+02 -1.897299914e+02 +8.9110e-01 -7.8876e-01 -1.1376e+00
2786 +7.252668411e-06 +7.252668411e-06 -1.897299927e+02 -1.897299927e+02 +8.9246e-01 -7.8886e-01 -1.1376e+00
2794 +2.793254396e-06 +2.793254396e-06 -1.897299972e+02 -1.897299972e+02 +8.9245e-01 -7.8880e-01 -1.1376e+00
2816 +2.742726423e-06 +2.742726423e-06 -1.897299973e+02 -1.897299973e+02 +8.9099e-01 -7.8884e-01 -1.1376e+00
2844 +2.113759081e-06 +2.113759081e-06 -1.897299979e+02 -1.897299979e+02 +8.9063e-01 -7.8881e-01 -1.1376e+00
2846 +6.807229909e-07 +6.807229909e-07 -1.897299993e+02 -1.897299993e+02 +8.9272e-01 -7.8881e-01 -1.1376e+00
2860 +2.225580715e-07 +2.225580715e-07 -1.897299998e+02 -1.897299998e+02 +8.9162e-01 -7.8881e-01 -1.1376e+00
2904 +2.023218428e-07 +2.023218428e-07 -1.897299998e+02 -1.897299998e+02 +8.9234e-01 -7.8879e-01 -1.1376e+00
2992 +1.065281197e-07 +1.065281197e-07 -1.897299999e+02 -1.897299999e+02 +8.9209e-01 -7.8879e-01 -1.1376e+00
3014 +8.590686207e-08 +8.590686207e-08 -1.897299999e+02 -1.897299999e+02 +8.9202e-01 -7.8880e-01 -1.1376e+00
3036 +3.593817155e-08 +3.593817155e-08 -1.897300000e+02 -1.897300000e+02 +8.9184e-01 -7.8880e-01 -1.1376e+00
3080 +3.250167424e-08 +3.250167424e-08 -1.897300000e+02 -1.897300000e+02 +8.9207e-01 -7.8880e-01 -1.1376e+00
3124 +3.024646844e-08 +3.024646844e-08 -1.897300000e+02 -1.897300000e+02 +8.9212e-01 -7.8880e-01 -1.1376e+00
3129 +2.103726615e-08 +2.103726615e-08 -1.897300000e+02 -1.897300000e+02 +8.9195e-01 -7.8880e-01 -1.1376e+00
3146 +7.832653637e-09 +7.832653637e-09 -1.897300000e+02 -1.897300000e+02 +8.9191e-01 -7.8880e-01 -1.1376e+00
% function evaluation | noise-free fitness - Fopt (4.659700000000e+02) | best noise-free fitness - Fopt | measured fitness | best measured fitness | x1 | x2...
1 +4.720755508e+05 +4.720755508e+05 +4.725415208e+05 +4.725415208e+05 +0.0000e+00 +0.0000e+00 +0.0000e+00
72 +2.417623305e+05 +2.417623305e+05 +2.422283005e+05 +2.422283005e+05 +7.6648e-01 -1.7719e-01 +2.5396e-01
80 +1.602333638e+05 +1.602333638e+05 +1.606993338e+05 +1.606993338e+05 +1.4944e+00 -4.7817e-01 +3.6241e-01
96 +1.047200929e+04 +1.047200929e+04 +1.093797929e+04 +1.093797929e+04 +2.4110e+00 -7.3820e-01 +6.4565e-01
106 +3.694383204e+03 +3.694383204e+03 +4.160353204e+03 +4.160353204e+03 +4.5715e-01 +8.1447e-02 +8.0639e-01
132 +3.569960411e+03 +3.569960411e+03 +4.035930411e+03 +4.035930411e+03 +1.0781e+00 -5.6137e-01 +8.0433e-01
139 +1.904543620e+03 +1.904543620e+03 +2.370513620e+03 +2.370513620e+03 -2.2552e-01 -1.3895e-01 +7.0912e-01
176 +1.396775857e+03 +1.396775857e+03 +1.862745857e+03 +1.862745857e+03 +1.1832e+00 -3.7938e-01 +7.1465e-01
184 +1.757265852e+02 +1.757265852e+02 +6.416965852e+02 +6.416965852e+02 +5.3628e-01 -2.3076e-01 +7.3675e-01
308 +1.380502139e+02 +1.380502139e+02 +6.040202139e+02 +6.040202139e+02 +1.1569e+00 +4.9329e-02 +7.5372e-01
407 +6.249048048e+01 +6.249048048e+01 +5.284604805e+02 +5.284604805e+02 +1.0098e+00 -1.9460e-01 +7.5667e-01
437 +3.310930019e+01 +3.310930019e+01 +4.990793002e+02 +4.990793002e+02 +9.4247e-01 -2.6450e-01 +7.4504e-01
576 +1.190585444e+01 +1.190585444e+01 +4.778758544e+02 +4.778758544e+02 +1.2270e+00 -2.4101e-01 +7.5087e-01
858 +1.017224921e+01 +1.017224921e+01 +4.761422492e+02 +4.761422492e+02 +1.2102e+00 -2.9028e-01 +7.4878e-01
968 +9.385964241e+00 +9.385964241e+00 +4.753559642e+02 +4.753559642e+02 +1.2253e+00 -2.7784e-01 +7.4947e-01
1565 +9.328262352e+00 +9.328262352e+00 +4.752982624e+02 +4.752982624e+02 +1.2204e+00 -2.7226e-01 +7.4953e-01
1767 +9.098806457e+00 +9.098806457e+00 +4.750688065e+02 +4.750688065e+02 +1.1681e+00 -2.7305e-01 +7.4942e-01
1807 +8.843422418e+00 +8.843422418e+00 +4.748134224e+02 +4.748134224e+02 +1.1083e+00 -2.7912e-01 +7.4951e-01
1830 +8.587802723e+00 +8.587802723e+00 +4.745578027e+02 +4.745578027e+02 +1.0387e+00 -2.6705e-01 +7.4976e-01
1852 +8.462227802e+00 +8.462227802e+00 +4.744322278e+02 +4.744322278e+02 +9.5163e-01 -2.7796e-01 +7.5009e-01
1854 +8.227965059e+00 +8.227965059e+00 +4.741979651e+02 +4.741979651e+02 +9.5537e-01 -2.7363e-01 +7.4970e-01
1873 +7.361952205e+00 +7.361952205e+00 +4.733319522e+02 +4.733319522e+02 +6.7145e-01 -2.8364e-01 +7.4952e-01
1885 +6.625738726e+00 +6.625738726e+00 +4.725957387e+02 +4.725957387e+02 +4.9340e-01 -2.8017e-01 +7.4989e-01
1894 +3.848687348e+00 +3.848687348e+00 +4.698186873e+02 +4.698186873e+02 -4.1101e-01 -2.8746e-01 +7.4834e-01
1898 +1.995292325e+00 +1.995292325e+00 +4.679652923e+02 +4.679652923e+02 -5.6007e-01 -2.7732e-01 +7.4959e-01
1936 +3.629798291e-01 +3.629798291e-01 +4.663329798e+02 +4.663329798e+02 -1.9437e+00 -2.9253e-01 +7.4958e-01
1958 +2.861184003e-01 +2.861184003e-01 +4.662561184e+02 +4.662561184e+02 -1.5502e+00 -2.7979e-01 +7.4926e-01
1980 +1.481167440e-01 +1.481167440e-01 +4.661181167e+02 +4.661181167e+02 -2.1470e+00 -2.7891e-01 +7.4987e-01
2046 +9.103911739e-02 +9.103911739e-02 +4.660610391e+02 +4.660610391e+02 -1.9150e+00 -2.8142e-01 +7.4978e-01
2090 +7.154013695e-02 +7.154013695e-02 +4.660415401e+02 +4.660415401e+02 -2.0114e+00 -2.6899e-01 +7.4939e-01
2106 +4.317140011e-02 +4.317140011e-02 +4.660131714e+02 +4.660131714e+02 -1.9744e+00 -2.7659e-01 +7.4942e-01
2134 +3.019877776e-03 +3.019877776e-03 +4.659730199e+02 +4.659730199e+02 -1.9026e+00 -2.7359e-01 +7.4965e-01
2384 +2.628883247e-03 +2.628883247e-03 +4.659726289e+02 +4.659726289e+02 -1.9573e+00 -2.7340e-01 +7.4959e-01
2398 +1.284732711e-03 +1.284732711e-03 +4.659712847e+02 +4.659712847e+02 -1.9264e+00 -2.7402e-01 +7.4957e-01
2402 +2.334779464e-04 +2.334779464e-04 +4.659702335e+02 +4.659702335e+02 -1.9004e+00 -2.7393e-01 +7.4960e-01
2530 +1.655631610e-04 +1.655631610e-04 +4.659701656e+02 +4.659701656e+02 -1.9095e+00 -2.7329e-01 +7.4959e-01
2596 +1.046930724e-04 +1.046930724e-04 +4.659701047e+02 +4.659701047e+02 -1.9050e+00 -2.7350e-01 +7.4959e-01
2615 +3.693591572e-05 +3.693591572e-05 +4.659700369e+02 +4.659700369e+02 -1.9132e+00 -2.7353e-01 +7.4959e-01
2618 +1.421726427e-05 +1.421726427e-05 +4.659700142e+02 +4.659700142e+02 -1.9104e+00 -2.7364e-01 +7.4960e-01
2727 +5.444091755e-06 +5.444091755e-06 +4.659700054e+02 +4.659700054e+02 -1.9103e+00 -2.7361e-01 +7.4960e-01
2728 +1.462838156e-06 +1.462838156e-06 +4.659700015e+02 +4.659700015e+02 -1.9122e+00 -2.7363e-01 +7.4960e-01
2772 +1.039234689e-06 +1.039234689e-06 +4.659700010e+02 +4.659700010e+02 -1.9122e+00 -2.7360e-01 +7.4960e-01
2838 +8.100147397e-08 +8.100147397e-08 +4.659700001e+02 +4.659700001e+02 -1.9110e+00 -2.7360e-01 +7.4960e-01
2992 +1.434955266e-08 +1.434955266e-08 +4.659700000e+02 +4.659700000e+02 -1.9111e+00 -2.7360e-01 +7.4960e-01
3168 +6.702805422e-09 +6.702805422e-09 +4.659700000e+02 +4.659700000e+02 -1.9112e+00 -2.7360e-01 +7.4960e-01
% function evaluation | noise-free fitness - Fopt (2.574000000000e+01) | best noise-free fitness - Fopt | measured fitness | best measured fitness | x1 | x2...
1 +4.601010646e+03 +4.601010646e+03 +4.626750646e+03 +4.626750646e+03 +0.0000e+00 +0.0000e+00 +0.0000e+00
355 +4.324382949e+03 +4.324382949e+03 +4.350122949e+03 +4.350122949e+03 +4.9614e+00 +7.6345e-02 +1.5711e-03
382 +2.798438914e+03 +2.798438914e+03 +2.824178914e+03 +2.824178914e+03 +5.1244e+00 +4.1497e-01 +4.0125e-02
394 +8.936611621e+02 +8.936611621e+02 +9.194011621e+02 +9.194011621e+02 +4.7705e+00 +1.9388e+00 +5.6108e-02
404 +5.069589869e+02 +5.069589869e+02 +5.326989869e+02 +5.326989869e+02 +5.6491e+00 +1.4584e+00 +1.2233e-02
455 +4.715437307e+02 +4.715437307e+02 +4.972837307e+02 +4.972837307e+02 +4.6729e+00 +2.1820e+00 +9.2670e-03
528 +3.437410038e+02 +3.437410038e+02 +3.694810038e+02 +3.694810038e+02 +5.0079e+00 +2.3968e+00 +1.9957e-02
543 +2.325605241e+02 +2.325605241e+02 +2.583005241e+02 +2.583005241e+02 +4.8350e+00 +1.7482e+00 +4.1019e-02
593 +3.964019347e+01 +3.964019347e+01 +6.538019347e+01 +6.538019347e+01 +4.8615e+00 +1.9219e+00 +2.5639e-02
620 +3.180679383e+01 +3.180679383e+01 +5.754679383e+01 +5.754679383e+01 +4.5647e+00 +1.9375e+00 +2.8669e-02
766 +3.148369014e+01 +3.148369014e+01 +5.722369014e+01 +5.722369014e+01 +4.3194e+00 +1.9423e+00 +2.9582e-02
836 +3.063439031e+01 +3.063439031e+01 +5.637439031e+01 +5.637439031e+01 +4.6140e+00 +1.9073e+00 +2.8306e-02
896 +2.958996419e+01 +2.958996419e+01 +5.532996419e+01 +5.532996419e+01 +4.4934e+00 +1.9084e+00 +2.7287e-02
924 +2.930041417e+01 +2.930041417e+01 +5.504041417e+01 +5.504041417e+01 +4.5045e+00 +1.9045e+00 +2.8363e-02
974 +2.880782204e+01 +2.880782204e+01 +5.454782204e+01 +5.454782204e+01 +4.3865e+00 +1.8713e+00 +2.7378e-02
977 +2.817639733e+01 +2.817639733e+01 +5.391639733e+01 +5.391639733e+01 +4.3990e+00 +1.8820e+00 +2.8263e-02
1087 +2.749880425e+01 +2.749880425e+01 +5.323880425e+01 +5.323880425e+01 +4.3556e+00 +1.8969e+00 +2.8297e-02
1133 +2.671761596e+01 +2.671761596e+01 +5.245761596e+01 +5.245761596e+01 +4.2084e+00 +1.8790e+00 +2.7284e-02
1162 +2.613270151e+01 +2.613270151e+01 +5.187270151e+01 +5.187270151e+01 +4.2090e+00 +1.8842e+00 +2.7725e-02
1171 +2.435305659e+01 +2.435305659e+01 +5.009305659e+01 +5.009305659e+01 +4.0153e+00 +1.8968e+00 +2.7536e-02
1250 +2.217659412e+01 +2.217659412e+01 +4.791659412e+01 +4.791659412e+01 +3.7404e+00 +1.9013e+00 +2.7386e-02
1278 +2.161502304e+01 +2.161502304e+01 +4.735502304e+01 +4.735502304e+01 +3.1329e+00 +1.9699e+00 +2.8726e-02
1298 +1.978485377e+01 +1.978485377e+01 +4.552485377e+01 +4.552485377e+01 +3.4418e+00 +1.9172e+00 +2.7694e-02
1322 +1.281883950e+01 +1.281883950e+01 +3.855883950e+01 +3.855883950e+01 +2.6103e+00 +1.8737e+00 +2.8427e-02
1352 +8.163666530e+00 +8.163666530e+00 +3.390366653e+01 +3.390366653e+01 +1.5519e+00 +1.9309e+00 +2.7551e-02
1396 +7.835518121e+00 +7.835518121e+00 +3.357551812e+01 +3.357551812e+01 +1.6596e+00 +1.8971e+00 +2.8714e-02
1416 +5.876140295e+00 +5.876140295e+00 +3.161614029e+01 +3.161614029e+01 +1.1042e+00 +1.8809e+00 +2.6830e-02
1435 +4.463363057e+00 +4.463363057e+00 +3.020336306e+01 +3.020336306e+01 +9.2787e-01 +1.9041e+00 +2.9043e-02
1452 +3.865715660e+00 +3.865715660e+00 +2.960571566e+01 +2.960571566e+01 +6.1685e-01 +1.9369e+00 +2.8511e-02
1461 +2.869501240e+00 +2.869501240e+00 +2.860950124e+01 +2.860950124e+01 -2.2513e+00 +1.9181e+00 +2.8623e-02
1463 +1.754217790e+00 +1.754217790e+00 +2.749421779e+01 +2.749421779e+01 -3.9198e-01 +1.9342e+00 +2.8473e-02
1474 +1.475819007e+00 +1.475819007e+00 +2.721581901e+01 +2.721581901e+01 -7.6930e-01 +1.9192e+00 +2.8934e-02
1513 +9.281129658e-01 +9.281129658e-01 +2.666811297e+01 +2.666811297e+01 -1.7865e+00 +1.9151e+00 +2.7994e-02
1518 +5.638571553e-01 +5.638571553e-01 +2.630385716e+01 +2.630385716e+01 -4.5470e-01 +1.9091e+00 +2.8406e-02
1524 +1.597970401e-01 +1.597970401e-01 +2.589979704e+01 +2.589979704e+01 -1.2960e+00 +1.9014e+00 +2.8074e-02
1540 +1.401335360e-01 +1.401335360e-01 +2.588013354e+01 +2.588013354e+01 -1.2712e+00 +1.9004e+00 +2.8140e-02
1562 +4.774357175e-02 +4.774357175e-02 +2.578774357e+01 +2.578774357e+01 -7.3039e-01 +1.8975e+00 +2.7974e-02
1738 +4.372531513e-02 +4.372531513e-02 +2.578372532e+01 +2.578372532e+01 -1.1207e+00 +1.8937e+00 +2.7975e-02
1782 +1.874461437e-02 +1.874461437e-02 +2.575874461e+01 +2.575874461e+01 -8.5575e-01 +1.8941e+00 +2.8056e-02
1826 +1.381533820e-02 +1.381533820e-02 +2.575381534e+01 +2.575381534e+01 -9.0275e-01 +1.8969e+00 +2.8113e-02
1848 +1.236647417e-02 +1.236647417e-02 +2.575236647e+01 +2.575236647e+01 -8.6102e-01 +1.8958e+00 +2.7935e-02
1851 +1.441804449e-03 +1.441804449e-03 +2.574144180e+01 +2.574144180e+01 -9.7184e-01 +1.8964e+00 +2.7974e-02
1892 +9.921658454e-04 +9.921658454e-04 +2.574099217e+01 +2.574099217e+01 -9.6589e-01 +1.8961e+00 +2.8008e-02
1958 +9.495868164e-04 +9.495868164e-04 +2.574094959e+01 +2.574094959e+01 -9.2315e-01 +1.8962e+00 +2.8006e-02
2024 +8.224427077e-05 +8.224427077e-05 +2.574008224e+01 +2.574008224e+01 -9.5502e-01 +1.8969e+00 +2.7999e-02
2203 +8.025504314e-05 +8.025504314e-05 +2.574008026e+01 +2.574008026e+01 -9.3705e-01 +1.8968e+00 +2.7999e-02
2303 +3.522109711e-05 +3.522109711e-05 +2.574003522e+01 +2.574003522e+01 -9.4716e-01 +1.8969e+00 +2.7996e-02
2316 +2.518748133e-05 +2.518748133e-05 +2.574002519e+01 +2.574002519e+01 -9.4698e-01 +1.8969e+00 +2.8004e-02
2332 +7.510747920e-06 +7.510747920e-06 +2.574000751e+01 +2.574000751e+01 -9.4676e-01 +1.8968e+00 +2.7998e-02
2402 +5.261693570e-06 +5.261693570e-06 +2.574000526e+01 +2.574000526e+01 -9.4522e-01 +1.8968e+00 +2.7998e-02
2420 +4.092742376e-06 +4.092742376e-06 +2.574000409e+01 +2.574000409e+01 -9.4619e-01 +1.8968e+00 +2.7998e-02
2508 +1.348057555e-06 +1.348057555e-06 +2.574000135e+01 +2.574000135e+01 -9.4479e-01 +1.8968e+00 +2.8000e-02
2530 +4.808581480e-07 +4.808581480e-07 +2.574000048e+01 +2.574000048e+01 -9.4540e-01 +1.8968e+00 +2.8000e-02
2596 +1.079308021e-08 +1.079308021e-08 +2.574000001e+01 +2.574000001e+01 -9.4558e-01 +1.8968e+00 +2.8000e-02
2851 +4.439055346e-09 +4.439055346e-09 +2.574000000e+01 +2.574000000e+01 -9.4555e-01 +1.8968e+00 +2.8000e-02
% function evaluation | noise-free fitness - Fopt (4.167000000000e+01) | best noise-free fitness - Fopt | measured fitness | best measured fitness | x1 | x2...
1 +8.722701760e+06 +8.722701760e+06 +8.722743430e+06 +8.722743430e+06 +0.0000e+00 +0.0000e+00 +0.0000e+00
79 +7.128711013e+06 +7.128711013e+06 +7.128752683e+06 +7.128752683e+06 +2.8753e+00 +1.2938e+00 -4.5282e-01
90 +6.749036534e+06 +6.749036534e+06 +6.749078204e+06 +6.749078204e+06 +2.1712e+00 +1.0601e+00 -5.4382e-01
95 +3.104122346e+06 +3.104122346e+06 +3.104164016e+06 +3.104164016e+06 +2.6949e+00 +1.0983e+00 -1.1414e+00
98 +2.057619271e+06 +2.057619271e+06 +2.057660941e+06 +2.057660941e+06 +2.0752e+00 +1.2681e+00 -1.5184e+00
103 +1.076072874e+05 +1.076072874e+05 +1.076489574e+05 +1.076489574e+05 +2.5122e+00 +5.6956e-01 -2.6907e+00
131 +6.441752727e+04 +6.441752727e+04 +6.445919727e+04 +6.445919727e+04 +3.1322e+00 +2.2228e+00 -2.7476e+00
132 +8.738614691e+03 +8.738614691e+03 +8.780284691e+03 +8.780284691e+03 +2.5436e+00 +1.2947e+00 -2.9266e+00
176 +5.769976821e+03 +5.769976821e+03 +5.811646821e+03 +5.811646821e+03 +1.8782e+00 +1.2804e+00 -2.9601e+00
253 +4.175625052e+03 +4.175625052e+03 +4.217295052e+03 +4.217295052e+03 +1.5423e+00 +1.5074e+00 -3.0137e+00
305 +2.179942388e+03 +2.179942388e+03 +2.221612388e+03 +2.221612388e+03 +2.2853e+00 +2.2020e+00 -2.9775e+00
575 +9.510563417e+02 +9.510563417e+02 +9.927263417e+02 +9.927263417e+02 +4.4742e+00 +4.2199e+00 -3.0184e+00
658 +6.094380761e+02 +6.094380761e+02 +6.511080761e+02 +6.511080761e+02 +5.6300e+00 +2.7170e+00 -2.9850e+00
722 +2.922542290e+01 +2.922542290e+01 +7.089542290e+01 +7.089542290e+01 +4.1418e+00 +3.4487e+00 -3.0026e+00
1070 +2.151126488e+01 +2.151126488e+01 +6.318126488e+01 +6.318126488e+01 +5.3961e+00 +3.3380e+00 -3.0003e+00
1122 +1.918905054e+01 +1.918905054e+01 +6.085905054e+01 +6.085905054e+01 +5.2978e+00 +3.4851e+00 -3.0011e+00
1127 +1.088233156e+01 +1.088233156e+01 +5.255233156e+01 +5.255233156e+01 +5.0286e+00 +3.3543e+00 -2.9990e+00
1176 +6.434872401e+00 +6.434872401e+00 +4.810487240e+01 +4.810487240e+01 +5.1424e+00 +3.5098e+00 -2.9977e+00
1298 +6.193997367e+00 +6.193997367e+00 +4.786399737e+01 +4.786399737e+01 +5.3925e+00 +3.4782e+00 -2.9988e+00
1307 +5.597701779e+00 +5.597701779e+00 +4.726770178e+01 +4.726770178e+01 +4.8426e+00 +3.4978e+00 -2.9973e+00
1390 +2.622574409e+00 +2.622574409e+00 +4.429257441e+01 +4.429257441e+01 +4.5355e+00 +3.4586e+00 -2.9967e+00
1439 +1.265345476e+00 +1.265345476e+00 +4.293534548e+01 +4.293534548e+01 +4.3603e+00 +3.4631e+00 -2.9978e+00
1477 +1.143424109e+00 +1.143424109e+00 +4.281342411e+01 +4.281342411e+01 +4.1445e+00 +3.4560e+00 -2.9969e+00
1627 +9.403365686e-01 +9.403365686e-01 +4.261033657e+01 +4.261033657e+01 +3.9784e+00 +3.4539e+00 -2.9983e+00
1716 +7.370356860e-01 +7.370356860e-01 +4.240703569e+01 +4.240703569e+01 +4.3133e+00 +3.4354e+00 -2.9976e+00
1766 +5.710229961e-01 +5.710229961e-01 +4.224102300e+01 +4.224102300e+01 +4.1774e+00 +3.4344e+00 -2.9976e+00
1782 +5.556985502e-01 +5.556985502e-01 +4.222569855e+01 +4.222569855e+01 +4.1828e+00 +3.4366e+00 -2.9977e+00
1804 +5.168822387e-01 +5.168822387e-01 +4.218688224e+01 +4.218688224e+01 +4.1481e+00 +3.4424e+00 -2.9975e+00
1822 +4.213920130e-01 +4.213920130e-01 +4.209139201e+01 +4.209139201e+01 +3.9539e+00 +3.4513e+00 -2.9977e+00
1831 +4.133014981e-01 +4.133014981e-01 +4.208330150e+01 +4.208330150e+01 +3.9670e+00 +3.4345e+00 -2.9977e+00
1890 +3.465875916e-01 +3.465875916e-01 +4.201658759e+01 +4.201658759e+01 +3.9163e+00 +3.4348e+00 -2.9978e+00
1916 +2.260751981e-01 +2.260751981e-01 +4.189607520e+01 +4.189607520e+01 +3.7718e+00 +3.4323e+00 -2.9975e+00
1952 +4.252760209e-02 +4.252760209e-02 +4.171252760e+01 +4.171252760e+01 +3.4867e+00 +3.4486e+00 -2.9977e+00
1980 +1.957152603e-02 +1.957152603e-02 +4.168957153e+01 +4.168957153e+01 +3.4819e+00 +3.4404e+00 -2.9977e+00
2068 +9.243123627e-03 +9.243123627e-03 +4.167924312e+01 +4.167924312e+01 +3.4157e+00 +3.4407e+00 -2.9975e+00
2156 +7.060877131e-03 +7.060877131e-03 +4.167706088e+01 +4.167706088e+01 +3.4957e+00 +3.4418e+00 -2.9976e+00
2222 +1.355108382e-03 +1.355108382e-03 +4.167135511e+01 +4.167135511e+01 +3.4019e+00 +3.4413e+00 -2.9976e+00
2352 +6.022121016e-04 +6.022121016e-04 +4.167060221e+01 +4.167060221e+01 +3.3950e+00 +3.4420e+00 -2.9976e+00
2398 +1.552566739e-04 +1.552566739e-04 +4.167015526e+01 +4.167015526e+01 +3.4240e+00 +3.4424e+00 -2.9976e+00
2442 +9.401916387e-05 +9.401916387e-05 +4.167009402e+01 +4.167009402e+01 +3.4164e+00 +3.4424e+00 -2.9976e+00
2464 +1.639175887e-05 +1.639175887e-05 +4.167001639e+01 +4.167001639e+01 +3.4173e+00 +3.4424e+00 -2.9976e+00
2574 +6.391236347e-06 +6.391236347e-06 +4.167000639e+01 +4.167000639e+01 +3.4114e+00 +3.4424e+00 -2.9976e+00
2662 +3.811791139e-06 +3.811791139e-06 +4.167000381e+01 +4.167000381e+01 +3.4147e+00 +3.4424e+00 -2.9976e+00
2676 +4.923088852e-07 +4.923088852e-07 +4.167000049e+01 +4.167000049e+01 +3.4141e+00 +3.4424e+00 -2.9976e+00
2794 +4.237386975e-08 +4.237386975e-08 +4.167000004e+01 +4.167000004e+01 +3.4134e+00 +3.4424e+00 -2.9976e+00
2902 +2.325786141e-08 +2.325786141e-08 +4.167000002e+01 +4.167000002e+01 +3.4136e+00 +3.4424e+00 -2.9976e+00
3044 +7.078668318e-09 +7.078668318e-09 +4.167000001e+01 +4.167000001e+01 +3.4135e+00 +3.4424e+00 -2.9976e+00
% function evaluation | noise-free fitness - Fopt (-1.909500000000e+02) | best noise-free fitness - Fopt | measured fitness | best measured fitness | x1 | x2...
1 +7.601072053e+06 +7.601072053e+06 +7.600881103e+06 +7.600881103e+06 +0.0000e+00 +0.0000e+00 +0.0000e+00
91 +6.181202493e+06 +6.181202493e+06 +6.181011543e+06 +6.181011543e+06 +4.4029e-01 +3.8655e+00 -3.4414e-01
93 +3.233373362e+05 +3.233373362e+05 +3.231463862e+05 +3.231463862e+05 +7.6744e-01 +3.7957e+00 -2.1643e+00
132 +2.372420456e+05 +2.372420456e+05 +2.370510956e+05 +2.370510956e+05 -1.1091e-01 +3.7561e+00 -2.2210e+00
139 +6.807459159e+04 +6.807459159e+04 +6.788364159e+04 +6.788364159e+04 +4.5855e-01 +3.9005e+00 -2.8090e+00
184 +5.391906593e+04 +5.391906593e+04 +5.372811593e+04 +5.372811593e+04 +4.1524e-01 +2.1953e+00 -2.8392e+00
198 +4.977953852e+04 +4.977953852e+04 +4.958858852e+04 +4.958858852e+04 +7.8813e-01 +2.8796e+00 -2.5401e+00
230 +3.488444046e+04 +3.488444046e+04 +3.469349046e+04 +3.469349046e+04 +9.6468e-01 +2.7964e+00 -2.7415e+00
276 +2.711426104e+04 +2.711426104e+04 +2.692331104e+04 +2.692331104e+04 +1.6622e+00 +2.3623e+00 -2.7058e+00
408 +2.263097702e+04 +2.263097702e+04 +2.244002702e+04 +2.244002702e+04 +7.3100e-02 +1.9251e+00 -2.6947e+00
533 +2.237176718e+04 +2.237176718e+04 +2.218081718e+04 +2.218081718e+04 +9.1012e-01 +1.6446e+00 -2.7236e+00
606 +1.825089490e+04 +1.825089490e+04 +1.805994490e+04 +1.805994490e+04 +3.2197e-01 +1.3393e+00 -2.6509e+00
818 +1.810208722e+04 +1.810208722e+04 +1.791113722e+04 +1.791113722e+04 +3.6188e-01 +1.3960e+00 -2.6906e+00
867 +1.741214770e+04 +1.741214770e+04 +1.722119770e+04 +1.722119770e+04 +3.3937e-02 +1.3180e+00 -2.6651e+00
908 +1.557738021e+04 +1.557738021e+04 +1.538643021e+04 +1.538643021e+04 +2.8033e-01 +1.1141e+00 -2.6891e+00
927 +1.371114397e+04 +1.371114397e+04 +1.352019397e+04 +1.352019397e+04 +4.6174e-01 +9.0307e-01 -2.6665e+00
950 +8.170874279e+03 +8.170874279e+03 +7.979924279e+03 +7.979924279e+03 +4.2961e-01 -2.0653e-03 -2.6690e+00
987 +4.598298237e+03 +4.598298237e+03 +4.407348237e+03 +4.407348237e+03 -1.6460e-01 -1.5538e+00 -2.7283e+00
994 +4.527032317e+03 +4.527032317e+03 +4.336082317e+03 +4.336082317e+03 +2.0129e-01 -8.7340e-01 -2.6500e+00
1051 +2.479766503e+03 +2.479766503e+03 +2.288816503e+03 +2.288816503e+03 +3.2028e-01 -1.6592e+00 -2.7057e+00
1056 +2.241488007e+03 +2.241488007e+03 +2.050538007e+03 +2.050538007e+03 +3.1268e-01 -1.2162e+00 -2.6753e+00
1072 +2.214825397e+03 +2.214825397e+03 +2.023875397e+03 +2.023875397e+03 +5.1190e-01 -1.4748e+00 -2.6922e+00
1076 +1.427330009e+03 +1.427330009e+03 +1.236380009e+03 +1.236380009e+03 -1.9460e-01 -1.7353e+00 -2.6709e+00
1087 +1.160961602e+03 +1.160961602e+03 +9.700116017e+02 +9.700116017e+02 -1.3725e-01 -1.8502e+00 -2.6624e+00
1100 +8.714363625e+02 +8.714363625e+02 +6.804863625e+02 +6.804863625e+02 -3.4013e-02 -1.8710e+00 -2.6806e+00
1102 +2.842153825e+02 +2.842153825e+02 +9.326538253e+01 +9.326538253e+01 -4.2033e-01 -2.3730e+00 -2.6684e+00
1143 +1.019054357e+02 +1.019054357e+02 -8.904456433e+01 -8.904456433e+01 -5.8431e-01 -2.7227e+00 -2.6686e+00
1190 +4.823755453e+01 +4.823755453e+01 -1.427124455e+02 -1.427124455e+02 -5.1762e-01 -3.0327e+00 -2.6785e+00
1209 +5.892686170e+00 +5.892686170e+00 -1.850573138e+02 -1.850573138e+02 -8.5203e-01 -2.8196e+00 -2.6794e+00
1364 +3.706193008e+00 +3.706193008e+00 -1.872438070e+02 -1.872438070e+02 -1.1834e+00 -2.8350e+00 -2.6789e+00
1408 +2.537403204e+00 +2.537403204e+00 -1.884125968e+02 -1.884125968e+02 -1.1743e+00 -2.8249e+00 -2.6783e+00
1474 +2.225196280e+00 +2.225196280e+00 -1.887248037e+02 -1.887248037e+02 -1.1653e+00 -2.8299e+00 -2.6780e+00
1616 +2.137386807e+00 +2.137386807e+00 -1.888126132e+02 -1.888126132e+02 -1.1262e+00 -2.8361e+00 -2.6775e+00
1784 +2.088824464e+00 +2.088824464e+00 -1.888611755e+02 -1.888611755e+02 -1.1446e+00 -2.8270e+00 -2.6777e+00
2129 +2.032839095e+00 +2.032839095e+00 -1.889171609e+02 -1.889171609e+02 -1.1987e+00 -2.8281e+00 -2.6776e+00
2187 +1.992526477e+00 +1.992526477e+00 -1.889574735e+02 -1.889574735e+02 -1.2882e+00 -2.8313e+00 -2.6777e+00
2213 +1.945474722e+00 +1.945474722e+00 -1.890045253e+02 -1.890045253e+02 -1.3325e+00 -2.8291e+00 -2.6776e+00
2231 +1.888733029e+00 +1.888733029e+00 -1.890612670e+02 -1.890612670e+02 -1.5310e+00 -2.8109e+00 -2.6773e+00
2235 +1.794925174e+00 +1.794925174e+00 -1.891550748e+02 -1.891550748e+02 -1.4271e+00 -2.8275e+00 -2.6775e+00
2247 +1.216661131e+00 +1.216661131e+00 -1.897333389e+02 -1.897333389e+02 -1.8369e+00 -2.8397e+00 -2.6784e+00
2257 +1.197303980e+00 +1.197303980e+00 -1.897526960e+02 -1.897526960e+02 -1.7689e+00 -2.8186e+00 -2.6783e+00
2260 +8.737836366e-01 +8.737836366e-01 -1.900762164e+02 -1.900762164e+02 -1.7071e+00 -2.8299e+00 -2.6773e+00
2261 +7.920886747e-01 +7.920886747e-01 -1.901579113e+02 -1.901579113e+02 -1.7495e+00 -2.8221e+00 -2.6779e+00
2266 +5.609518884e-01 +5.609518884e-01 -1.903890481e+02 -1.903890481e+02 -1.8277e+00 -2.8293e+00 -2.6777e+00
2268 +2.526243302e-01 +2.526243302e-01 -1.906973757e+02 -1.906973757e+02 -2.5131e+00 -2.8341e+00 -2.6780e+00
2288 +2.492841561e-01 +2.492841561e-01 -1.907007158e+02 -1.907007158e+02 -2.1612e+00 -2.8340e+00 -2.6776e+00
2332 +1.790710252e-01 +1.790710252e-01 -1.907709290e+02 -1.907709290e+02 -2.6773e+00 -2.8359e+00 -2.6780e+00
2350 +4.946868471e-02 +4.946868471e-02 -1.909005313e+02 -1.909005313e+02 -2.7084e+00 -2.8291e+00 -2.6778e+00
2354 +1.052246765e-02 +1.052246765e-02 -1.909394775e+02 -1.909394775e+02 -2.5622e+00 -2.8300e+00 -2.6777e+00
2449 +9.646900278e-03 +9.646900278e-03 -1.909403531e+02 -1.909403531e+02 -2.5569e+00 -2.8290e+00 -2.6776e+00
2450 +4.459227472e-03 +4.459227472e-03 -1.909455408e+02 -1.909455408e+02 -2.5863e+00 -2.8288e+00 -2.6776e+00
2508 +1.749621770e-03 +1.749621770e-03 -1.909482504e+02 -1.909482504e+02 -2.6259e+00 -2.8289e+00 -2.6776e+00
2521 +1.070221866e-03 +1.070221866e-03 -1.909489298e+02 -1.909489298e+02 -2.6613e+00 -2.8288e+00 -2.6776e+00
2523 +1.015432865e-03 +1.015432865e-03 -1.909489846e+02 -1.909489846e+02 -2.6315e+00 -2.8296e+00 -2.6776e+00
2638 +4.740714623e-04 +4.740714623e-04 -1.909495259e+02 -1.909495259e+02 -2.6511e+00 -2.8291e+00 -2.6776e+00
2640 +5.596122548e-06 +5.596122548e-06 -1.909499944e+02 -1.909499944e+02 -2.6448e+00 -2.8296e+00 -2.6776e+00
2816 +6.051579930e-07 +6.051579930e-07 -1.909499994e+02 -1.909499994e+02 -2.6426e+00 -2.8296e+00 -2.6776e+00
2970 +5.398320582e-07 +5.398320582e-07 -1.909499995e+02 -1.909499995e+02 -2.6431e+00 -2.8296e+00 -2.6776e+00
3036 +3.522324619e-07 +3.522324619e-07 -1.909499996e+02 -1.909499996e+02 -2.6433e+00 -2.8296e+00 -2.6776e+00
3074 +1.777995067e-07 +1.777995067e-07 -1.909499998e+02 -1.909499998e+02 -2.6431e+00 -2.8296e+00 -2.6776e+00
3080 +5.792421121e-08 +5.792421121e-08 -1.909499999e+02 -1.909499999e+02 -2.6432e+00 -2.8296e+00 -2.6776e+00
3241 +4.701959710e-08 +4.701959710e-08 -1.909500000e+02 -1.909500000e+02 -2.6431e+00 -2.8296e+00 -2.6776e+00
3278 +2.504347663e-08 +2.504347663e-08 -1.909500000e+02 -1.909500000e+02 -2.6431e+00 -2.8296e+00 -2.6776e+00
3291 +1.881272738e-08 +1.881272738e-08 -1.909500000e+02 -1.909500000e+02 -2.6431e+00 -2.8296e+00 -2.6776e+00
3322 +1.320134402e-08 +1.320134402e-08 -1.909500000e+02 -1.909500000e+02 -2.6433e+00 -2.8296e+00 -2.6776e+00
3335 +1.955584139e-09 +1.955584139e-09 -1.909500000e+02 -1.909500000e+02 -2.6432e+00 -2.8296e+00 -2.6776e+00
% function evaluation | noise-free fitness - Fopt (1.370000000000e+00) | best noise-free fitness - Fopt | measured fitness | best measured fitness | x1 | x2...
1 +1.513121172e+07 +1.513121172e+07 +1.513121309e+07 +1.513121309e+07 +0.0000e+00 +0.0000e+00 +0.0000e+00
2 +7.087279275e+05 +7.087279275e+05 +7.087292975e+05 +7.087292975e+05 -1.1587e+00 +3.5064e+00 +2.9969e+00
10 +6.417288456e+05 +6.417288456e+05 +6.417302156e+05 +6.417302156e+05 -1.2835e+00 +3.2969e+00 +3.0293e+00
12 +4.972043663e+05 +4.972043663e+05 +4.972057363e+05 +4.972057363e+05 -1.2472e+00 +3.4140e+00 +3.1141e+00
24 +6.303758910e+04 +6.303758910e+04 +6.303895910e+04 +6.303895910e+04 -1.3236e+00 +3.2367e+00 +3.6320e+00
50 +1.653969328e+04 +1.653969328e+04 +1.654106328e+04 +1.654106328e+04 -1.4761e+00 +3.2381e+00 +3.7614e+00
58 +9.657792475e+02 +9.657792475e+02 +9.671492475e+02 +9.671492475e+02 -1.4377e+00 +2.9007e+00 +3.8952e+00
151 +8.126954890e+01 +8.126954890e+01 +8.263954890e+01 +8.263954890e+01 -2.2499e+00 +2.2084e+00 +3.8786e+00
621 +6.063558115e+01 +6.063558115e+01 +6.200558115e+01 +6.200558115e+01 -2.0169e+00 +2.1064e+00 +3.8762e+00
789 +4.463972997e+01 +4.463972997e+01 +4.600972997e+01 +4.600972997e+01 -2.9455e+00 +2.0368e+00 +3.8782e+00
1141 +4.202027953e+01 +4.202027953e+01 +4.339027953e+01 +4.339027953e+01 -2.9770e+00 +2.0084e+00 +3.8815e+00
1221 +4.140030254e+01 +4.140030254e+01 +4.277030254e+01 +4.277030254e+01 -2.6633e+00 +1.9468e+00 +3.8817e+00
1232 +3.885148457e+01 +3.885148457e+01 +4.022148457e+01 +4.022148457e+01 -2.5943e+00 +1.9524e+00 +3.8812e+00
1260 +3.359625719e+01 +3.359625719e+01 +3.496625719e+01 +3.496625719e+01 -2.2091e+00 +1.9754e+00 +3.8812e+00
1267 +3.005825171e+01 +3.005825171e+01 +3.142825171e+01 +3.142825171e+01 -1.9581e+00 +1.9684e+00 +3.8799e+00
1297 +2.487674760e+01 +2.487674760e+01 +2.624674760e+01 +2.624674760e+01 -1.2980e+00 +1.9985e+00 +3.8791e+00
1323 +2.443697700e+01 +2.443697700e+01 +2.580697700e+01 +2.580697700e+01 +4.1781e-02 +2.0686e+00 +3.8822e+00
1351 +2.085631806e+01 +2.085631806e+01 +2.222631806e+01 +2.222631806e+01 +4.2425e-01 +1.9343e+00 +3.8829e+00
1364 +2.002886784e+01 +2.002886784e+01 +2.139886784e+01 +2.139886784e+01 -5.7110e-01 +2.0196e+00 +3.8809e+00
1366 +1.629185877e+01 +1.629185877e+01 +1.766185877e+01 +1.766185877e+01 +1.6123e+00 +2.0322e+00 +3.8834e+00
1378 +1.324992088e+01 +1.324992088e+01 +1.461992088e+01 +1.461992088e+01 +1.1387e+00 +2.0535e+00 +3.8818e+00
1380 +6.005685445e+00 +6.005685445e+00 +7.375685445e+00 +7.375685445e+00 +1.4591e+00 +2.0212e+00 +3.8796e+00
1400 +5.884438738e+00 +5.884438738e+00 +7.254438738e+00 +7.254438738e+00 +1.5197e+00 +1.9641e+00 +3.8794e+00
1408 +4.632521234e+00 +4.632521234e+00 +6.002521234e+00 +6.002521234e+00 +2.1901e+00 +1.9627e+00 +3.8810e+00
1430 +2.691575034e-01 +2.691575034e-01 +1.639157503e+00 +1.639157503e+00 +3.2679e+00 +1.9929e+00 +3.8803e+00
1574 +6.865108057e-02 +6.865108057e-02 +1.438651081e+00 +1.438651081e+00 +3.8079e+00 +1.9841e+00 +3.8799e+00
1674 +3.060962579e-02 +3.060962579e-02 +1.400609626e+00 +1.400609626e+00 +3.8615e+00 +1.9899e+00 +3.8801e+00
1716 +1.535139714e-02 +1.535139714e-02 +1.385351397e+00 +1.385351397e+00 +3.7920e+00 +1.9946e+00 +3.8799e+00
1760 +5.522443017e-03 +5.522443017e-03 +1.375522443e+00 +1.375522443e+00 +3.7834e+00 +1.9934e+00 +3.8800e+00
1804 +1.352256385e-03 +1.352256385e-03 +1.371352256e+00 +1.371352256e+00 +3.7506e+00 +1.9919e+00 +3.8800e+00
1958 +7.277415092e-04 +7.277415092e-04 +1.370727742e+00 +1.370727742e+00 +3.7268e+00 +1.9918e+00 +3.8800e+00
2024 +3.046603415e-04 +3.046603415e-04 +1.370304660e+00 +1.370304660e+00 +3.7228e+00 +1.9915e+00 +3.8800e+00
2090 +2.703387003e-04 +2.703387003e-04 +1.370270339e+00 +1.370270339e+00 +3.7286e+00 +1.9921e+00 +3.8800e+00
2112 +1.440632138e-05 +1.440632138e-05 +1.370014406e+00 +1.370014406e+00 +3.7253e+00 +1.9920e+00 +3.8800e+00
2244 +5.971875940e-06 +5.971875940e-06 +1.370005972e+00 +1.370005972e+00 +3.7215e+00 +1.9919e+00 +3.8800e+00
2332 +5.407755333e-06 +5.407755333e-06 +1.370005408e+00 +1.370005408e+00 +3.7213e+00 +1.9921e+00 +3.8800e+00
2376 +1.782395002e-06 +1.782395002e-06 +1.370001782e+00 +1.370001782e+00 +3.7210e+00 +1.9920e+00 +3.8800e+00
2403 +1.364873906e-06 +1.364873906e-06 +1.370001365e+00 +1.370001365e+00 +3.7225e+00 +1.9920e+00 +3.8800e+00
2423 +1.241869859e-06 +1.241869859e-06 +1.370001242e+00 +1.370001242e+00 +3.7214e+00 +1.9920e+00 +3.8800e+00
2436 +1.055975345e-06 +1.055975345e-06 +1.370001056e+00 +1.370001056e+00 +3.7220e+00 +1.9920e+00 +3.8800e+00
2442 +1.269030436e-07 +1.269030436e-07 +1.370000127e+00 +1.370000127e+00 +3.7216e+00 +1.9920e+00 +3.8800e+00
2618 +8.996039513e-08 +8.996039513e-08 +1.370000090e+00 +1.370000090e+00 +3.7218e+00 +1.9920e+00 +3.8800e+00
2624 +8.291210474e-08 +8.291210474e-08 +1.370000083e+00 +1.370000083e+00 +3.7216e+00 +1.9920e+00 +3.8800e+00
2640 +3.391424230e-08 +3.391424230e-08 +1.370000034e+00 +1.370000034e+00 +3.7217e+00 +1.9920e+00 +3.8800e+00
2711 +2.538258381e-08 +2.538258381e-08 +1.370000025e+00 +1.370000025e+00 +3.7217e+00 +1.9920e+00 +3.8800e+00
2728 +1.702009711e-08 +1.702009711e-08 +1.370000017e+00 +1.370000017e+00 +3.7215e+00 +1.9920e+00 +3.8800e+00
2772 +7.621433928e-09 +7.621433928e-09 +1.370000008e+00 +1.370000008e+00 +3.7216e+00 +1.9920e+00 +3.8800e+00
% function evaluation | noise-free fitness - Fopt (-1.645800000000e+02) | best noise-free fitness - Fopt | measured fitness | best measured fitness | x1 | x2...
1 +7.791149787e+06 +7.791149787e+06 +7.790985207e+06 +7.790985207e+06 +0.0000e+00 +0.0000e+00 +0.0000e+00
90 +7.034524763e+06 +7.034524763e+06 +7.034360183e+06 +7.034360183e+06 +3.0115e+00 -2.0400e+00 -2.1745e-01
91 +6.541746163e+06 +6.541746163e+06 +6.541581583e+06 +6.541581583e+06 +2.7220e+00 -1.9415e+00 -3.2812e-01
94 +7.098332698e+05 +7.098332698e+05 +7.096686898e+05 +7.096686898e+05 +3.6777e+00 -1.9215e+00 -1.8324e+00
101 +5.188696259e+05 +5.188696259e+05 +5.187050459e+05 +5.187050459e+05 +2.7718e+00 -1.5968e+00 -1.9717e+00
116 +4.305902751e+05 +4.305902751e+05 +4.304256951e+05 +4.304256951e+05 +2.9691e+00 -1.3368e+00 -3.4543e+00
118 +2.763663631e+03 +2.763663631e+03 +2.599083631e+03 +2.599083631e+03 +4.8679e+00 -1.4757e+00 -2.7541e+00
883 +2.551896205e+03 +2.551896205e+03 +2.387316205e+03 +2.387316205e+03 +2.5329e+00 -1.2794e+00 -2.7131e+00
894 +2.360519950e+03 +2.360519950e+03 +2.195939950e+03 +2.195939950e+03 +2.5545e+00 -1.3271e+00 -2.7184e+00
897 +2.049974758e+03 +2.049974758e+03 +1.885394758e+03 +1.885394758e+03 +2.5654e+00 -1.2635e+00 -2.7553e+00
907 +9.299377994e+02 +9.299377994e+02 +7.653577994e+02 +7.653577994e+02 +2.7936e+00 -1.0055e+00 -2.7372e+00
939 +3.051666972e+02 +3.051666972e+02 +1.405866972e+02 +1.405866972e+02 +3.4131e+00 -2.6466e-01 -2.7229e+00
968 +1.362326048e+02 +1.362326048e+02 -2.834739524e+01 -2.834739524e+01 +2.5594e+00 -3.3477e-01 -2.7441e+00
990 +8.391640713e+01 +8.391640713e+01 -8.066359287e+01 -8.066359287e+01 +2.3798e+00 -2.0457e-01 -2.7453e+00
999 +7.768059705e+01 +7.768059705e+01 -8.689940295e+01 -8.689940295e+01 +1.8412e+00 -2.0465e-01 -2.7448e+00
1012 +7.388599059e+01 +7.388599059e+01 -9.069400941e+01 -9.069400941e+01 +2.4968e+00 -1.8440e-01 -2.7319e+00
1034 +6.049706511e+01 +6.049706511e+01 -1.040829349e+02 -1.040829349e+02 +2.4906e+00 +3.6783e-02 -2.7456e+00
1053 +4.010356080e+01 +4.010356080e+01 -1.244764392e+02 -1.244764392e+02 +2.4909e+00 +1.3407e-01 -2.7395e+00
1056 +3.531679660e+01 +3.531679660e+01 -1.292632034e+02 -1.292632034e+02 +2.7090e+00 -8.3753e-02 -2.7426e+00
1071 +1.100818222e+01 +1.100818222e+01 -1.535718178e+02 -1.535718178e+02 +2.4390e+00 -1.3691e-02 -2.7391e+00
1327 +1.090880171e+01 +1.090880171e+01 -1.536711983e+02 -1.536711983e+02 +2.4464e+00 -1.0019e-02 -2.7386e+00
1332 +9.935350292e+00 +9.935350292e+00 -1.546446497e+02 -1.546446497e+02 +2.3067e+00 -6.1115e-02 -2.7384e+00
1404 +9.750194970e+00 +9.750194970e+00 -1.548298050e+02 -1.548298050e+02 +2.2940e+00 -5.8532e-02 -2.7385e+00
1646 +9.549694405e+00 +9.549694405e+00 -1.550303056e+02 -1.550303056e+02 +2.3463e+00 -3.3816e-02 -2.7382e+00
1732 +9.314990341e+00 +9.314990341e+00 -1.552650097e+02 -1.552650097e+02 +2.2972e+00 -3.2612e-02 -2.7382e+00
1782 +9.005525915e+00 +9.005525915e+00 -1.555744741e+02 -1.555744741e+02 +2.2311e+00 -4.1760e-02 -2.7385e+00
1786 +8.831702461e+00 +8.831702461e+00 -1.557482975e+02 -1.557482975e+02 +2.1368e+00 -5.0611e-02 -2.7382e+00
1797 +8.491738131e+00 +8.491738131e+00 -1.560882619e+02 -1.560882619e+02 +2.1178e+00 -3.6696e-02 -2.7383e+00
1822 +8.220261068e+00 +8.220261068e+00 -1.563597389e+02 -1.563597389e+02 +1.9764e+00 -5.0768e-02 -2.7383e+00
1828 +8.032205730e+00 +8.032205730e+00 -1.565477943e+02 -1.565477943e+02 +1.9788e+00 -4.1545e-02 -2.7385e+00
1833 +7.919204283e+00 +7.919204283e+00 -1.566607957e+02 -1.566607957e+02 +1.9453e+00 -3.4079e-02 -2.7386e+00
1853 +6.889107104e+00 +6.889107104e+00 -1.576908929e+02 -1.576908929e+02 +1.6573e+00 -3.5575e-02 -2.7386e+00
1880 +6.058597787e+00 +6.058597787e+00 -1.585214022e+02 -1.585214022e+02 +1.3549e+00 -6.5162e-02 -2.7385e+00
1881 +5.293569289e+00 +5.293569289e+00 -1.592864307e+02 -1.592864307e+02 +1.3675e+00 -4.0929e-02 -2.7385e+00
1885 +5.226040706e+00 +5.226040706e+00 -1.593539593e+02 -1.593539593e+02 +1.3495e+00 -2.9674e-02 -2.7387e+00
1891 +5.116927008e+00 +5.116927008e+00 -1.594630730e+02 -1.594630730e+02 +1.2778e+00 -5.2961e-02 -2.7388e+00
1894 +4.495019459e+00 +4.495019459e+00 -1.600849805e+02 -1.600849805e+02 +1.2338e+00 -3.9273e-02 -2.7380e+00
1896 +2.906686902e+00 +2.906686902e+00 -1.616733131e+02 -1.616733131e+02 +2.2831e-01 -5.3759e-02 -2.7396e+00
1911 +1.631253444e+00 +1.631253444e+00 -1.629487466e+02 -1.629487466e+02 +3.2365e-01 -4.1337e-02 -2.7386e+00
1926 +1.611273281e+00 +1.611273281e+00 -1.629687267e+02 -1.629687267e+02 -5.9021e-01 -3.9823e-02 -2.7372e+00
1930 +5.555774697e-01 +5.555774697e-01 -1.640244225e+02 -1.640244225e+02 -1.0057e+00 -5.7892e-02 -2.7382e+00
1942 +4.681896455e-01 +4.681896455e-01 -1.641118104e+02 -1.641118104e+02 -3.4001e-01 -4.4671e-02 -2.7380e+00
1966 +2.007796381e-01 +2.007796381e-01 -1.643792204e+02 -1.643792204e+02 -1.0549e+00 -4.3497e-02 -2.7381e+00
2002 +6.258649567e-02 +6.258649567e-02 -1.645174135e+02 -1.645174135e+02 -9.6724e-01 -4.0314e-02 -2.7383e+00
2068 +5.140872255e-02 +5.140872255e-02 -1.645285913e+02 -1.645285913e+02 -7.6236e-01 -2.9070e-02 -2.7384e+00
2088 +7.185138733e-03 +7.185138733e-03 -1.645728149e+02 -1.645728149e+02 -8.7936e-01 -3.4819e-02 -2.7384e+00
2090 +1.743214434e-03 +1.743214434e-03 -1.645782568e+02 -1.645782568e+02 -7.9062e-01 -3.6482e-02 -2.7384e+00
2240 +6.699294731e-04 +6.699294731e-04 -1.645793301e+02 -1.645793301e+02 -8.1893e-01 -3.6275e-02 -2.7384e+00
2321 +5.644639453e-04 +5.644639453e-04 -1.645794355e+02 -1.645794355e+02 -8.1354e-01 -3.5922e-02 -2.7384e+00
2442 +3.835597057e-04 +3.835597057e-04 -1.645796164e+02 -1.645796164e+02 -8.1902e-01 -3.6317e-02 -2.7384e+00
2457 +1.268343290e-04 +1.268343290e-04 -1.645798732e+02 -1.645798732e+02 -8.2842e-01 -3.6000e-02 -2.7384e+00
2486 +9.303697382e-05 +9.303697382e-05 -1.645799070e+02 -1.645799070e+02 -8.1699e-01 -3.6271e-02 -2.7384e+00
2656 +6.619919196e-05 +6.619919196e-05 -1.645799338e+02 -1.645799338e+02 -8.1537e-01 -3.6126e-02 -2.7384e+00
2665 +6.462829285e-05 +6.462829285e-05 -1.645799354e+02 -1.645799354e+02 -8.1486e-01 -3.6028e-02 -2.7384e+00
2703 +1.910972017e-05 +1.910972017e-05 -1.645799809e+02 -1.645799809e+02 -8.2108e-01 -3.5875e-02 -2.7384e+00
2750 +1.530518887e-06 +1.530518887e-06 -1.645799985e+02 -1.645799985e+02 -8.2181e-01 -3.6035e-02 -2.7384e+00
2816 +1.135490578e-06 +1.135490578e-06 -1.645799989e+02 -1.645799989e+02 -8.2277e-01 -3.5977e-02 -2.7384e+00
2838 +9.555212728e-07 +9.555212728e-07 -1.645799990e+02 -1.645799990e+02 -8.2205e-01 -3.6018e-02 -2.7384e+00
2860 +7.690826749e-07 +7.690826749e-07 -1.645799992e+02 -1.645799992e+02 -8.2274e-01 -3.5988e-02 -2.7384e+00
2889 +5.682468611e-07 +5.682468611e-07 -1.645799994e+02 -1.645799994e+02 -8.2206e-01 -3.6018e-02 -2.7384e+00
2904 +4.185801856e-07 +4.185801856e-07 -1.645799996e+02 -1.645799996e+02 -8.2272e-01 -3.6011e-02 -2.7384e+00
2918 +3.224631371e-07 +3.224631371e-07 -1.645799997e+02 -1.645799997e+02 -8.2283e-01 -3.5997e-02 -2.7384e+00
3014 +1.635060869e-07 +1.635060869e-07 -1.645799998e+02 -1.645799998e+02 -8.2274e-01 -3.5997e-02 -2.7384e+00
3034 +8.693817222e-08 +8.693817222e-08 -1.645799999e+02 -1.645799999e+02 -8.2228e-01 -3.5996e-02 -2.7384e+00
3146 +6.068705716e-08 +6.068705716e-08 -1.645799999e+02 -1.645799999e+02 -8.2222e-01 -3.6004e-02 -2.7384e+00
3148 +1.656022164e-08 +1.656022164e-08 -1.645800000e+02 -1.645800000e+02 -8.2230e-01 -3.5999e-02 -2.7384e+00
3281 +1.364062996e-08 +1.364062996e-08 -1.645800000e+02 -1.645800000e+02 -8.2234e-01 -3.6002e-02 -2.7384e+00
3344 +9.490008779e-09 +9.490008779e-09 -1.645800000e+02 -1.645800000e+02 -8.2240e-01 -3.6002e-02 -2.7384e+00
% function evaluation | noise-free fitness - Fopt (-1.803800000000e+02) | best noise-free fitness - Fopt | measured fitness | best measured fitness | x1 | x2...
1 +6.352950106e+06 +6.352950106e+06 +6.352769726e+06 +6.352769726e+06 +0.0000e+00 +0.0000e+00 +0.0000e+00
2 +1.995121993e+06 +1.995121993e+06 +1.994941613e+06 +1.994941613e+06 +1.0351e+00 +5.8274e-01 +3.9670e+00
24 +1.683698300e+06 +1.683698300e+06 +1.683517920e+06 +1.683517920e+06 +1.0017e+00 +5.9669e-01 +3.7794e+00
40 +1.307451589e+06 +1.307451589e+06 +1.307271209e+06 +1.307271209e+06 +1.1328e+00 +6.9494e-01 +3.6782e+00
46 +3.296263555e+05 +3.296263555e+05 +3.294459755e+05 +3.294459755e+05 +8.8649e-01 +3.0293e-01 +3.1405e+00
65 +1.257418918e+05 +1.257418918e+05 +1.255615118e+05 +1.255615118e+05 +6.1893e-01 +7.9314e-01 +2.9459e+00
73 +6.382569009e+03 +6.382569009e+03 +6.202189009e+03 +6.202189009e+03 +5.5370e-01 +8.8391e-01 +2.6145e+00
120 +5.506490332e+03 +5.506490332e+03 +5.326110332e+03 +5.326110332e+03 +8.3450e-01 +1.2903e+00 +2.6315e+00
154 +5.492717127e+03 +5.492717127e+03 +5.312337127e+03 +5.312337127e+03 +9.3412e-01 +1.2776e+00 +2.6298e+00
172 +5.228200086e+03 +5.228200086e+03 +5.047820086e+03 +5.047820086e+03 +9.9516e-01 +1.7183e+00 +2.5634e+00
242 +4.979688072e+03 +4.979688072e+03 +4.799308072e+03 +4.799308072e+03 +1.0806e+00 +1.2497e+00 +2.5893e+00
400 +4.476471510e+03 +4.476471510e+03 +4.296091510e+03 +4.296091510e+03 +1.1150e+00 +1.3837e+00 +2.6144e+00
593 +4.253896306e+03 +4.253896306e+03 +4.073516306e+03 +4.073516306e+03 +1.1417e+00 +1.4469e+00 +2.6126e+00
640 +4.120102328e+03 +4.120102328e+03 +3.939722328e+03 +3.939722328e+03 +1.0333e+00 +1.4874e+00 +2.6117e+00
643 +3.648344999e+03 +3.648344999e+03 +3.467964999e+03 +3.467964999e+03 +8.9659e-01 +1.9019e+00 +2.5758e+00
695 +2.074611631e+03 +2.074611631e+03 +1.894231631e+03 +1.894231631e+03 +9.1286e-01 +2.1789e+00 +2.5927e+00
732 +1.400502539e+03 +1.400502539e+03 +1.220122539e+03 +1.220122539e+03 +1.2992e+00 +2.3574e+00 +2.5964e+00
738 +1.277062812e+03 +1.277062812e+03 +1.096682812e+03 +1.096682812e+03 +1.0068e+00 +2.4373e+00 +2.6162e+00
762 +9.772111562e+02 +9.772111562e+02 +7.968311562e+02 +7.968311562e+02 +1.1149e+00 +2.5564e+00 +2.5896e+00
769 +3.767542640e+02 +3.767542640e+02 +1.963742640e+02 +1.963742640e+02 +7.7532e-01 +2.8634e+00 +2.5969e+00
783 +1.449333062e+02 +1.449333062e+02 -3.544669375e+01 -3.544669375e+01 +7.0053e-01 +3.5370e+00 +2.5920e+00
827 +4.286480421e+01 +4.286480421e+01 -1.375151958e+02 -1.375151958e+02 +6.9687e-01 +3.3442e+00 +2.6058e+00
852 +2.992988316e+01 +2.992988316e+01 -1.504501168e+02 -1.504501168e+02 +6.5004e-01 +3.4151e+00 +2.6060e+00
858 +2.276996781e+01 +2.276996781e+01 -1.576100322e+02 -1.576100322e+02 +7.3899e-01 +3.4690e+00 +2.6020e+00
1567 +2.229592624e+01 +2.229592624e+01 -1.580840738e+02 -1.580840738e+02 +8.5316e-01 +3.4711e+00 +2.6033e+00
1615 +2.155205291e+01 +2.155205291e+01 -1.588279471e+02 -1.588279471e+02 +5.3708e-01 +3.4242e+00 +2.6033e+00
1639 +2.029721949e+01 +2.029721949e+01 -1.600827805e+02 -1.600827805e+02 +5.2932e-01 +3.4460e+00 +2.6026e+00
1640 +1.922393355e+01 +1.922393355e+01 -1.611560665e+02 -1.611560665e+02 +3.0924e-01 +3.4623e+00 +2.6044e+00
1652 +1.830314034e+01 +1.830314034e+01 -1.620768597e+02 -1.620768597e+02 +2.1486e-01 +3.4319e+00 +2.6037e+00
1656 +1.316865530e+01 +1.316865530e+01 -1.672113447e+02 -1.672113447e+02 -2.5877e-01 +3.4471e+00 +2.6035e+00
1694 +1.084375667e+01 +1.084375667e+01 -1.695362433e+02 -1.695362433e+02 -5.5592e-01 +3.4469e+00 +2.6033e+00
1708 +6.861263766e+00 +6.861263766e+00 -1.735187362e+02 -1.735187362e+02 -2.1047e+00 +3.5172e+00 +2.6023e+00
1746 +3.159475253e+00 +3.159475253e+00 -1.772205247e+02 -1.772205247e+02 -2.5547e+00 +3.4598e+00 +2.6021e+00
1762 +1.077670448e+00 +1.077670448e+00 -1.793023296e+02 -1.793023296e+02 -3.5746e+00 +3.4465e+00 +2.6040e+00
1804 +3.983577526e-01 +3.983577526e-01 -1.799816422e+02 -1.799816422e+02 -3.6521e+00 +3.4525e+00 +2.6028e+00
1826 +2.764118284e-01 +2.764118284e-01 -1.801035882e+02 -1.801035882e+02 -3.6769e+00 +3.4500e+00 +2.6032e+00
1851 +2.232051520e-01 +2.232051520e-01 -1.801567948e+02 -1.801567948e+02 -3.6488e+00 +3.4676e+00 +2.6028e+00
1914 +1.842087302e-01 +1.842087302e-01 -1.801957913e+02 -1.801957913e+02 -3.6331e+00 +3.4550e+00 +2.6030e+00
1934 +1.385736948e-01 +1.385736948e-01 -1.802414263e+02 -1.802414263e+02 -4.0411e+00 +3.4719e+00 +2.6029e+00
1949 +9.776233249e-02 +9.776233249e-02 -1.802822377e+02 -1.802822377e+02 -3.7785e+00 +3.4735e+00 +2.6033e+00
1958 +2.186522892e-02 +2.186522892e-02 -1.803581348e+02 -1.803581348e+02 -3.8093e+00 +3.4625e+00 +2.6033e+00
2078 +1.892875267e-02 +1.892875267e-02 -1.803610712e+02 -1.803610712e+02 -3.9062e+00 +3.4657e+00 +2.6033e+00
2090 +1.063127358e-02 +1.063127358e-02 -1.803693687e+02 -1.803693687e+02 -3.8681e+00 +3.4623e+00 +2.6031e+00
2112 +8.169674418e-03 +8.169674418e-03 -1.803718303e+02 -1.803718303e+02 -3.8542e+00 +3.4665e+00 +2.6031e+00
2134 +5.813992814e-03 +5.813992814e-03 -1.803741860e+02 -1.803741860e+02 -3.9600e+00 +3.4647e+00 +2.6032e+00
2156 +5.667728922e-04 +5.667728922e-04 -1.803794332e+02 -1.803794332e+02 -3.9105e+00 +3.4652e+00 +2.6032e+00
2229 +4.693865410e-04 +4.693865410e-04 -1.803795306e+02 -1.803795306e+02 -3.8977e+00 +3.4642e+00 +2.6032e+00
2244 +3.244346188e-04 +3.244346188e-04 -1.803796756e+02 -1.803796756e+02 -3.8803e+00 +3.4650e+00 +2.6032e+00
2270 +1.776318991e-04 +1.776318991e-04 -1.803798224e+02 -1.803798224e+02 -3.8810e+00 +3.4646e+00 +2.6032e+00
2310 +3.940616256e-05 +3.940616256e-05 -1.803799606e+02 -1.803799606e+02 -3.8962e+00 +3.4646e+00 +2.6032e+00
2398 +7.471187530e-06 +7.471187530e-06 -1.803799925e+02 -1.803799925e+02 -3.8942e+00 +3.4647e+00 +2.6032e+00
2530 +6.972395596e-06 +6.972395596e-06 -1.803799930e+02 -1.803799930e+02 -3.8915e+00 +3.4648e+00 +2.6032e+00
2574 +9.676649881e-07 +9.676649881e-07 -1.803799990e+02 -1.803799990e+02 -3.8929e+00 +3.4648e+00 +2.6032e+00
2723 +6.141833353e-07 +6.141833353e-07 -1.803799994e+02 -1.803799994e+02 -3.8926e+00 +3.4648e+00 +2.6032e+00
2728 +1.977574300e-07 +1.977574300e-07 -1.803799998e+02 -1.803799998e+02 -3.8929e+00 +3.4648e+00 +2.6032e+00
2794 +2.006055411e-08 +2.006055411e-08 -1.803800000e+02 -1.803800000e+02 -3.8929e+00 +3.4648e+00 +2.6032e+00
2904 +1.339057576e-08 +1.339057576e-08 -1.803800000e+02 -1.803800000e+02 -3.8927e+00 +3.4648e+00 +2.6032e+00
2923 +3.065338205e-09 +3.065338205e-09 -1.803800000e+02 -1.803800000e+02 -3.8928e+00 +3.4648e+00 +2.6032e+00
