% function evaluation | noise-free fitness - Fopt (2.997000000000e+01) | best noise-free fitness - Fopt | measured fitness | best measured fitness | x1 | x2...
1 +7.202573670e+02 +7.202573670e+02 +7.502273670e+02 +7.502273670e+02 +0.0000e+00 +0.0000e+00 +0.0000e+00
2 +3.966198446e+02 +3.966198446e+02 +4.265898446e+02 +4.265898446e+02 -1.5237e+00 -1.9469e+00 -3.9646e+00
7 +3.757918504e+02 +3.757918504e+02 +4.057618504e+02 +4.057618504e+02 -1.4753e+00 -1.7622e+00 -3.9887e+00
24 +3.589806025e+02 +3.589806025e+02 +3.889506025e+02 +3.889506025e+02 -1.2824e+00 -2.0293e+00 -4.1380e+00
30 +3.321541165e+02 +3.321541165e+02 +3.621241165e+02 +3.621241165e+02 -1.1670e+00 -1.9026e+00 -4.0040e+00
31 +3.275647053e+02 +3.275647053e+02 +3.575347053e+02 +3.575347053e+02 -1.1143e+00 -1.8904e+00 -3.8064e+00
47 +2.297936237e+02 +2.297936237e+02 +2.597636237e+02 +2.597636237e+02 -5.8489e-01 -1.8278e+00 -4.3961e+00
48 +2.288652783e+02 +2.288652783e+02 +2.588352783e+02 +2.588352783e+02 -5.6197e-01 -1.8088e+00 -3.8507e+00
70 +8.400277882e+01 +8.400277882e+01 +1.139727788e+02 +1.139727788e+02 +4.2268e-01 -1.9163e+00 -3.6841e+00
110 +5.345647711e+01 +5.345647711e+01 +8.342647711e+01 +8.342647711e+01 +6.2386e-01 -1.7399e+00 -4.0525e+00
132 +5.106281134e+01 +5.106281134e+01 +8.103281134e+01 +8.103281134e+01 +4.8370e-01 -1.4583e+00 -3.7042e+00
154 +2.729376016e+01 +2.729376016e+01 +5.726376016e+01 +5.726376016e+01 +7.8795e-01 -1.8665e+00 -3.6643e+00
160 +1.543795894e+01 +1.543795894e+01 +4.540795894e+01 +4.540795894e+01 +1.3648e+00 -2.5161e+00 -3.0275e+00
189 +9.003968583e+00 +9.003968583e+00 +3.897396858e+01 +3.897396858e+01 +8.0480e-01 -1.6977e+00 -3.7058e+00
256 +8.470645377e+00 +8.470645377e+00 +3.844064538e+01 +3.844064538e+01 +7.7020e-01 -1.4616e+00 -3.8363e+00
275 +5.573405606e+00 +5.573405606e+00 +3.554340561e+01 +3.554340561e+01 +9.4711e-01 -1.8012e+00 -3.5305e+00
371 +5.313148264e+00 +5.313148264e+00 +3.528314826e+01 +3.528314826e+01 +9.0043e-01 -1.7220e+00 -3.6744e+00
374 +3.574320530e+00 +3.574320530e+00 +3.354432053e+01 +3.354432053e+01 +8.8006e-01 -1.7466e+00 -3.6238e+00
400 +2.121547755e+00 +2.121547755e+00 +3.209154776e+01 +3.209154776e+01 +8.7959e-01 -1.7090e+00 -3.6394e+00
462 +1.931454086e+00 +1.931454086e+00 +3.190145409e+01 +3.190145409e+01 +8.8000e-01 -1.7271e+00 -3.6563e+00
498 +1.388590232e+00 +1.388590232e+00 +3.135859023e+01 +3.135859023e+01 +8.8069e-01 -1.7248e+00 -3.6535e+00
504 +1.369023174e+00 +1.369023174e+00 +3.133902317e+01 +3.133902317e+01 +8.9449e-01 -1.7351e+00 -3.6236e+00
602 +1.166745384e+00 +1.166745384e+00 +3.113674538e+01 +3.113674538e+01 +8.8976e-01 -1.7158e+00 -3.6418e+00
616 +7.874924680e-01 +7.874924680e-01 +3.075749247e+01 +3.075749247e+01 +8.8398e-01 -1.7231e+00 -3.6409e+00
640 +4.118601659e-01 +4.118601659e-01 +3.038186017e+01 +3.038186017e+01 +9.0047e-01 -1.7387e+00 -3.6274e+00
641 +3.642182331e-01 +3.642182331e-01 +3.033421823e+01 +3.033421823e+01 +9.0463e-01 -1.7517e+00 -3.6214e+00
660 +3.039474982e-01 +3.039474982e-01 +3.027394750e+01 +3.027394750e+01 +8.9644e-01 -1.7341e+00 -3.6345e+00
704 +2.618691841e-01 +2.618691841e-01 +3.023186918e+01 +3.023186918e+01 +8.9161e-01 -1.7310e+00 -3.6391e+00
792 +2.469386635e-01 +2.469386635e-01 +3.021693866e+01 +3.021693866e+01 +8.9971e-01 -1.7409e+00 -3.6262e+00
836 +6.324529697e-02 +6.324529697e-02 +3.003324530e+01 +3.003324530e+01 +8.9997e-01 -1.7423e+00 -3.6268e+00
965 +3.979495075e-02 +3.979495075e-02 +3.000979495e+01 +3.000979495e+01 +9.0224e-01 -1.7455e+00 -3.6241e+00
1122 +2.855195297e-02 +2.855195297e-02 +2.999855195e+01 +2.999855195e+01 +8.9971e-01 -1.7416e+00 -3.6275e+00
1179 +1.998179110e-02 +1.998179110e-02 +2.998998179e+01 +2.998998179e+01 +9.0000e-01 -1.7420e+00 -3.6272e+00
1304 +1.849899756e-02 +1.849899756e-02 +2.998849900e+01 +2.998849900e+01 +8.9992e-01 -1.7418e+00 -3.6273e+00
1349 +1.607914811e-02 +1.607914811e-02 +2.998607915e+01 +2.998607915e+01 +8.9978e-01 -1.7416e+00 -3.6275e+00
1430 +1.494098404e-02 +1.494098404e-02 +2.998494098e+01 +2.998494098e+01 +8.9980e-01 -1.7417e+00 -3.6275e+00
1452 +1.463743635e-02 +1.463743635e-02 +2.998463744e+01 +2.998463744e+01 +8.9983e-01 -1.7417e+00 -3.6274e+00
1584 +1.400992567e-02 +1.400992567e-02 +2.998400993e+01 +2.998400993e+01 +8.9987e-01 -1.7417e+00 -3.6274e+00
1650 +1.378850503e-02 +1.378850503e-02 +2.998378851e+01 +2.998378851e+01 +8.9987e-01 -1.7417e+00 -3.6274e+00
% function evaluation | noise-free fitness - Fopt (-5.171000000000e+01) | best noise-free fitness - Fopt | measured fitness | best measured fitness | x1 | x2...
1 +9.345492948e+02 +9.345492948e+02 +8.828392948e+02 +8.828392948e+02 +0.0000e+00 +0.0000e+00 +0.0000e+00
2 +2.028331831e+02 +2.028331831e+02 +1.511231831e+02 +1.511231831e+02 +1.6880e+00 +2.6230e+00 -2.6196e+00
11 +1.886356756e+02 +1.886356756e+02 +1.369256756e+02 +1.369256756e+02 +1.6715e+00 +2.7555e+00 -2.5562e+00
29 +1.808958689e+02 +1.808958689e+02 +1.291858689e+02 +1.291858689e+02 +1.7618e+00 +2.6876e+00 -2.7083e+00
48 +1.699572077e+02 +1.699572077e+02 +1.182472077e+02 +1.182472077e+02 +1.8126e+00 +2.7388e+00 -2.6827e+00
53 +1.640233191e+02 +1.640233191e+02 +1.123133191e+02 +1.123133191e+02 +1.7484e+00 +2.8892e+00 -2.5970e+00
55 +1.434928956e+02 +1.434928956e+02 +9.178289559e+01 +9.178289559e+01 +1.8643e+00 +2.8435e+00 -2.7757e+00
77 +1.316394642e+02 +1.316394642e+02 +7.992946422e+01 +7.992946422e+01 +1.9100e+00 +2.8955e+00 -2.7928e+00
90 +1.256323526e+02 +1.256323526e+02 +7.392235259e+01 +7.392235259e+01 +2.0037e+00 +2.8238e+00 -2.9320e+00
93 +1.107402910e+02 +1.107402910e+02 +5.903029104e+01 +5.903029104e+01 +1.5757e+00 +3.2442e+00 -2.8667e+00
106 +9.618039684e+01 +9.618039684e+01 +4.447039684e+01 +4.447039684e+01 +2.1555e+00 +2.9019e+00 -2.9931e+00
116 +8.309757160e+01 +8.309757160e+01 +3.138757160e+01 +3.138757160e+01 +1.5836e+00 +3.2307e+00 -3.3706e+00
118 +3.757432882e+01 +3.757432882e+01 -1.413567118e+01 -1.413567118e+01 +2.2164e+00 +3.3686e+00 -3.2754e+00
154 +3.226893222e+01 +3.226893222e+01 -1.944106778e+01 -1.944106778e+01 +1.9969e+00 +3.3461e+00 -3.2508e+00
176 +1.999778806e+01 +1.999778806e+01 -3.171221194e+01 -3.171221194e+01 +1.7544e+00 +3.4324e+00 -3.3781e+00
198 +4.765445245e+00 +4.765445245e+00 -4.694455475e+01 -4.694455475e+01 +1.8331e+00 +3.4749e+00 -3.4271e+00
352 +2.459222134e+00 +2.459222134e+00 -4.925077787e+01 -4.925077787e+01 +2.0175e+00 +3.4053e+00 -3.4385e+00
376 +2.451476812e+00 +2.451476812e+00 -4.925852319e+01 -4.925852319e+01 +2.0330e+00 +3.3983e+00 -3.4368e+00
475 +6.401767246e-01 +6.401767246e-01 -5.106982328e+01 -5.106982328e+01 +2.0593e+00 +3.3804e+00 -3.4239e+00
682 +6.056598361e-01 +6.056598361e-01 -5.110434016e+01 -5.110434016e+01 +2.1017e+00 +3.3612e+00 -3.4176e+00
814 +5.605157500e-01 +5.605157500e-01 -5.114948425e+01 -5.114948425e+01 +2.0928e+00 +3.3646e+00 -3.4185e+00
1029 +5.196180874e-01 +5.196180874e-01 -5.119038191e+01 -5.119038191e+01 +2.0931e+00 +3.3645e+00 -3.4188e+00
1038 +4.724418808e-01 +4.724418808e-01 -5.123755812e+01 -5.123755812e+01 +2.0914e+00 +3.3654e+00 -3.4193e+00
1078 +4.510278367e-01 +4.510278367e-01 -5.125897216e+01 -5.125897216e+01 +2.0931e+00 +3.3649e+00 -3.4193e+00
1213 +4.435847512e-01 +4.435847512e-01 -5.126641525e+01 -5.126641525e+01 +2.0951e+00 +3.3639e+00 -3.4191e+00
1342 +4.348202320e-01 +4.348202320e-01 -5.127517977e+01 -5.127517977e+01 +2.0943e+00 +3.3643e+00 -3.4191e+00
% function evaluation | noise-free fitness - Fopt (-2.799500000000e+02) | best noise-free fitness - Fopt | measured fitness | best measured fitness | x1 | x2...
1 +1.696773180e+03 +1.696773180e+03 +1.416823180e+03 +1.416823180e+03 +0.0000e+00 +0.0000e+00 +0.0000e+00
2 +1.345944022e+03 +1.345944022e+03 +1.065994022e+03 +1.065994022e+03 -3.9902e-01 -4.3116e-01 +1.3475e+00
33 +1.299300323e+03 +1.299300323e+03 +1.019350323e+03 +1.019350323e+03 -4.2247e-01 -6.9872e-01 +1.2139e+00
46 +1.257835061e+03 +1.257835061e+03 +9.778850614e+02 +9.778850614e+02 -4.6364e-01 -7.2262e-01 +1.4184e+00
49 +1.202769763e+03 +1.202769763e+03 +9.228197628e+02 +9.228197628e+02 -5.4899e-01 -9.0503e-01 +1.4510e+00
54 +1.183293243e+03 +1.183293243e+03 +9.033432427e+02 +9.033432427e+02 -3.7554e-01 -9.7281e-01 +1.5132e+00
56 +1.172602530e+03 +1.172602530e+03 +8.926525300e+02 +8.926525300e+02 -4.4258e-01 -1.1651e+00 +1.2668e+00
68 +9.858015910e+02 +9.858015910e+02 +7.058515910e+02 +7.058515910e+02 -7.3885e-01 -1.8012e+00 +1.3577e+00
79 +9.399859970e+02 +9.399859970e+02 +6.600359970e+02 +6.600359970e+02 -7.7024e-01 -1.6192e+00 +1.9037e+00
81 +8.956309391e+02 +8.956309391e+02 +6.156809391e+02 +6.156809391e+02 -8.7578e-02 -2.2678e+00 +1.4015e+00
90 +7.662241513e+02 +7.662241513e+02 +4.862741513e+02 +4.862741513e+02 -7.6559e-01 -2.3031e+00 +1.9347e+00
91 +4.795311998e+02 +4.795311998e+02 +1.995811998e+02 +1.995811998e+02 -6.7517e-01 -3.2992e+00 +2.2878e+00
95 +2.762199957e+02 +2.762199957e+02 -3.730004343e+00 -3.730004343e+00 -7.6335e-01 -6.4359e+00 +1.5005e+00
109 +2.251980845e+02 +2.251980845e+02 -5.475191545e+01 -5.475191545e+01 -4.5405e-01 -4.7065e+00 +2.6657e+00
255 +2.025199612e+02 +2.025199612e+02 -7.743003883e+01 -7.743003883e+01 -1.0181e+00 -6.6531e+00 -5.3247e-01
268 +1.651452723e+02 +1.651452723e+02 -1.148047277e+02 -1.148047277e+02 -7.8190e-02 -6.1088e+00 +6.0306e-01
354 +1.596436051e+02 +1.596436051e+02 -1.203063949e+02 -1.203063949e+02 -1.3951e+00 -4.8166e+00 +2.7949e+00
371 +4.399229684e+01 +4.399229684e+01 -2.359577032e+02 -2.359577032e+02 -2.5173e+00 -4.5761e+00 +2.6216e+00
648 +3.434999830e+01 +3.434999830e+01 -2.456000017e+02 -2.456000017e+02 -1.8492e+00 -5.4479e+00 +1.5180e+00
734 +3.209093981e+01 +3.209093981e+01 -2.478590602e+02 -2.478590602e+02 -2.3245e+00 -5.0362e+00 +2.0836e+00
779 +2.491342649e+01 +2.491342649e+01 -2.550365735e+02 -2.550365735e+02 -2.7228e+00 -4.5712e+00 +2.5039e+00
792 +1.461426888e+01 +1.461426888e+01 -2.653357311e+02 -2.653357311e+02 -2.6042e+00 -4.8403e+00 +2.2521e+00
810 +8.551098158e+00 +8.551098158e+00 -2.713989018e+02 -2.713989018e+02 -2.9180e+00 -4.5445e+00 +2.5619e+00
948 +6.172390435e+00 +6.172390435e+00 -2.737776096e+02 -2.737776096e+02 -3.2807e+00 -4.2865e+00 +2.9070e+00
962 +3.885172301e+00 +3.885172301e+00 -2.760648277e+02 -2.760648277e+02 -3.0792e+00 -4.4480e+00 +2.6875e+00
1034 +3.533413991e+00 +3.533413991e+00 -2.764165860e+02 -2.764165860e+02 -3.1676e+00 -4.3583e+00 +2.8083e+00
1100 +2.627250108e+00 +2.627250108e+00 -2.773227499e+02 -2.773227499e+02 -3.2358e+00 -4.2958e+00 +2.8669e+00
1267 +2.283145356e+00 +2.283145356e+00 -2.776668546e+02 -2.776668546e+02 -3.2342e+00 -4.2974e+00 +2.8670e+00
1320 +2.000999835e+00 +2.000999835e+00 -2.779490002e+02 -2.779490002e+02 -3.1871e+00 -4.3402e+00 +2.8224e+00
1342 +1.970495950e+00 +1.970495950e+00 -2.779795040e+02 -2.779795040e+02 -3.1978e+00 -4.3359e+00 +2.8269e+00
1430 +1.899465044e+00 +1.899465044e+00 -2.780505350e+02 -2.780505350e+02 -3.2167e+00 -4.3204e+00 +2.8445e+00
1434 +1.739350534e+00 +1.739350534e+00 -2.782106495e+02 -2.782106495e+02 -3.2085e+00 -4.3251e+00 +2.8378e+00
1474 +1.728667965e+00 +1.728667965e+00 -2.782213320e+02 -2.782213320e+02 -3.2146e+00 -4.3179e+00 +2.8489e+00
1496 +1.669922562e+00 +1.669922562e+00 -2.782800774e+02 -2.782800774e+02 -3.2154e+00 -4.3170e+00 +2.8471e+00
1518 +1.556339799e+00 +1.556339799e+00 -2.783936602e+02 -2.783936602e+02 -3.2128e+00 -4.3186e+00 +2.8470e+00
1591 +1.436116010e+00 +1.436116010e+00 -2.785138840e+02 -2.785138840e+02 -3.2177e+00 -4.3148e+00 +2.8511e+00
% function evaluation | noise-free fitness - Fopt (9.319900000000e+02) | best noise-free fitness - Fopt | measured fitness | best measured fitness | x1 | x2...
1 +3.905578211e+02 +3.905578211e+02 +1.322547821e+03 +1.322547821e+03 +0.0000e+00 +0.0000e+00 +0.0000e+00
2 +3.819066149e+02 +3.819066149e+02 +1.313896615e+03 +1.313896615e+03 +5.9848e-01 +2.6524e+00 +1.4810e+00
4 +3.661655737e+02 +3.661655737e+02 +1.298155574e+03 +1.298155574e+03 +6.7147e-01 +2.6609e+00 +1.5063e+00
5 +3.502484833e+02 +3.502484833e+02 +1.282238483e+03 +1.282238483e+03 +6.1623e-01 +2.4777e+00 +1.6821e+00
9 +3.036835767e+02 +3.036835767e+02 +1.235673577e+03 +1.235673577e+03 +8.9356e-01 +2.5320e+00 +1.5430e+00
27 +3.016965518e+02 +3.016965518e+02 +1.233686552e+03 +1.233686552e+03 +8.9451e-01 +2.4538e+00 +1.4222e+00
48 +2.387632808e+02 +2.387632808e+02 +1.170753281e+03 +1.170753281e+03 +1.2356e+00 +2.5470e+00 +1.4833e+00
51 +2.127070500e+02 +2.127070500e+02 +1.144697050e+03 +1.144697050e+03 +1.1302e+00 +2.2042e+00 +1.7287e+00
77 +5.195732338e+01 +5.195732338e+01 +9.839473234e+02 +9.839473234e+02 +1.6727e+00 +2.1018e+00 +2.5564e+00
91 +4.225936569e+01 +4.225936569e+01 +9.742493657e+02 +9.742493657e+02 +1.9826e+00 +2.0603e+00 +2.4569e+00
132 +4.161767544e+01 +4.161767544e+01 +9.736076754e+02 +9.736076754e+02 +2.0261e+00 +2.5068e+00 +2.2484e+00
189 +4.067407876e+01 +4.067407876e+01 +9.726640788e+02 +9.726640788e+02 +1.9834e+00 +2.2616e+00 +2.2870e+00
264 +2.597448629e+01 +2.597448629e+01 +9.579644863e+02 +9.579644863e+02 +1.9465e+00 +2.3488e+00 +2.4201e+00
286 +1.938711828e+01 +1.938711828e+01 +9.513771183e+02 +9.513771183e+02 +1.9798e+00 +2.3541e+00 +2.4803e+00
308 +1.879334049e+01 +1.879334049e+01 +9.507833405e+02 +9.507833405e+02 +1.9466e+00 +2.3403e+00 +2.5281e+00
418 +1.820815264e+01 +1.820815264e+01 +9.501981526e+02 +9.501981526e+02 +1.9804e+00 +2.3891e+00 +2.4802e+00
440 +1.796686596e+01 +1.796686596e+01 +9.499568660e+02 +9.499568660e+02 +1.9894e+00 +2.3944e+00 +2.4860e+00
462 +1.746739792e+01 +1.746739792e+01 +9.494573979e+02 +9.494573979e+02 +1.9794e+00 +2.3816e+00 +2.4872e+00
519 +1.717736776e+01 +1.717736776e+01 +9.491673678e+02 +9.491673678e+02 +1.9793e+00 +2.3729e+00 +2.4951e+00
538 +1.687873649e+01 +1.687873649e+01 +9.488687365e+02 +9.488687365e+02 +1.9638e+00 +2.3577e+00 +2.5102e+00
557 +1.601316863e+01 +1.601316863e+01 +9.480031686e+02 +9.480031686e+02 +1.9647e+00 +2.3484e+00 +2.5123e+00
616 +1.565542462e+01 +1.565542462e+01 +9.476454246e+02 +9.476454246e+02 +1.9614e+00 +2.3387e+00 +2.5092e+00
924 +1.546644995e+01 +1.546644995e+01 +9.474564500e+02 +9.474564500e+02 +1.9595e+00 +2.3367e+00 +2.5124e+00
978 +1.512846172e+01 +1.512846172e+01 +9.471184617e+02 +9.471184617e+02 +1.9523e+00 +2.3185e+00 +2.5154e+00
1114 +1.475849815e+01 +1.475849815e+01 +9.467484982e+02 +9.467484982e+02 +1.9453e+00 +2.3020e+00 +2.5217e+00
2006 +1.439135642e+01 +1.439135642e+01 +9.463813564e+02 +9.463813564e+02 +1.9365e+00 +2.2810e+00 +2.5262e+00
2146 +1.412206043e+01 +1.412206043e+01 +9.461120604e+02 +9.461120604e+02 +1.9336e+00 +2.2759e+00 +2.5290e+00
% function evaluation | noise-free fitness - Fopt (1.133100000000e+02) | best noise-free fitness - Fopt | measured fitness | best measured fitness | x1 | x2...
1 +7.209444707e+02 +7.209444707e+02 +8.342544707e+02 +8.342544707e+02 +0.0000e+00 +0.0000e+00 +0.0000e+00
2 +3.893934524e+02 +3.893934524e+02 +5.027034524e+02 +5.027034524e+02 +2.0422e+00 +3.1774e+00 -2.5094e+00
5 +3.774814731e+02 +3.774814731e+02 +4.907914731e+02 +4.907914731e+02 +2.1314e+00 +3.0757e+00 -2.4438e+00
6 +3.537069276e+02 +3.537069276e+02 +4.670169276e+02 +4.670169276e+02 +2.1863e+00 +3.1559e+00 -2.3763e+00
27 +2.992291558e+02 +2.992291558e+02 +4.125391558e+02 +4.125391558e+02 +2.1528e+00 +3.0812e+00 -1.8765e+00
37 +2.849074572e+02 +2.849074572e+02 +3.982174572e+02 +3.982174572e+02 +2.2317e+00 +3.1894e+00 -1.9233e+00
47 +2.286454482e+02 +2.286454482e+02 +3.419554482e+02 +3.419554482e+02 +2.2949e+00 +3.2353e+00 -1.5789e+00
58 +1.759064462e+02 +1.759064462e+02 +2.892164462e+02 +2.892164462e+02 +2.5613e+00 +3.2975e+00 -1.4025e+00
69 +5.029106551e+01 +5.029106551e+01 +1.636010655e+02 +1.636010655e+02 +1.9130e+00 +3.4454e+00 +2.1324e-01
121 +4.398606484e+01 +4.398606484e+01 +1.572960648e+02 +1.572960648e+02 +2.2659e+00 +3.3431e+00 -9.9170e-02
132 +3.301868432e+01 +3.301868432e+01 +1.463286843e+02 +1.463286843e+02 +2.3434e+00 +3.6998e+00 -2.9739e-01
154 +1.592018498e+01 +1.592018498e+01 +1.292301850e+02 +1.292301850e+02 +2.2164e+00 +3.5961e+00 +1.5173e-01
176 +1.360320717e+01 +1.360320717e+01 +1.269132072e+02 +1.269132072e+02 +2.0821e+00 +3.6214e+00 +1.7224e-01
198 +4.859449224e+00 +4.859449224e+00 +1.181694492e+02 +1.181694492e+02 +2.1699e+00 +3.5089e+00 +2.0938e-01
340 +4.762033996e+00 +4.762033996e+00 +1.180720340e+02 +1.180720340e+02 +2.1647e+00 +3.6024e+00 +1.1821e-01
567 +4.547505522e+00 +4.547505522e+00 +1.178575055e+02 +1.178575055e+02 +2.1646e+00 +3.6855e+00 +5.3711e-03
583 +4.167631027e+00 +4.167631027e+00 +1.174776310e+02 +1.174776310e+02 +2.1614e+00 +3.6974e+00 +5.6528e-03
800 +3.976618779e+00 +3.976618779e+00 +1.172866188e+02 +1.172866188e+02 +2.1649e+00 +3.7065e+00 -8.6244e-03
% function evaluation | noise-free fitness - Fopt (-2.095500000000e+02) | best noise-free fitness - Fopt | measured fitness | best measured fitness | x1 | x2...
1 +9.434242678e+02 +9.434242678e+02 +7.338742678e+02 +7.338742678e+02 +0.0000e+00 +0.0000e+00 +0.0000e+00
99 +8.548545467e+02 +8.548545467e+02 +6.453045467e+02 +6.453045467e+02 +3.7796e-01 +2.7339e+00 +4.3410e+00
112 +6.185841204e+02 +6.185841204e+02 +4.090341204e+02 +4.090341204e+02 -2.2392e+00 +4.5178e+00 +4.3260e+00
127 +5.703990693e+02 +5.703990693e+02 +3.608490693e+02 +3.608490693e+02 -2.7022e+00 +1.5046e+00 +2.4839e+00
132 +5.607366959e+02 +5.607366959e+02 +3.511866959e+02 +3.511866959e+02 -1.5934e+00 +3.3265e+00 +3.6394e+00
134 +5.363953437e+02 +5.363953437e+02 +3.268453437e+02 +3.268453437e+02 -1.7967e+00 +4.0658e+00 +3.6712e+00
146 +3.600600317e+02 +3.600600317e+02 +1.505100317e+02 +1.505100317e+02 -3.5989e+00 +3.2337e+00 +3.2876e+00
148 +3.305143081e+02 +3.305143081e+02 +1.209643081e+02 +1.209643081e+02 -3.4631e+00 +3.2261e+00 +2.8994e+00
220 +2.924611392e+02 +2.924611392e+02 +8.291113923e+01 +8.291113923e+01 -4.1841e+00 +3.1430e+00 +2.8261e+00
284 +2.765623443e+02 +2.765623443e+02 +6.701234429e+01 +6.701234429e+01 -3.5358e+00 +3.0533e+00 +2.3309e+00
304 +2.583971916e+02 +2.583971916e+02 +4.884719155e+01 +4.884719155e+01 -3.9040e+00 +2.8172e+00 +2.1804e+00
319 +1.758747645e+02 +1.758747645e+02 -3.367523547e+01 -3.367523547e+01 -3.4875e+00 +3.0476e+00 +1.0889e+00
396 +1.544359799e+02 +1.544359799e+02 -5.511402015e+01 -5.511402015e+01 -3.9255e+00 +2.9716e+00 +1.1767e+00
422 +1.259343916e+02 +1.259343916e+02 -8.361560845e+01 -8.361560845e+01 -3.8008e+00 +2.7152e+00 -1.7492e-01
450 +9.793790421e+01 +9.793790421e+01 -1.116120958e+02 -1.116120958e+02 -3.4004e+00 +3.2539e+00 -9.9283e-02
462 +9.464342049e+01 +9.464342049e+01 -1.149065795e+02 -1.149065795e+02 -3.7528e+00 +3.0182e+00 +2.0691e-01
509 +7.553885589e+01 +7.553885589e+01 -1.340111441e+02 -1.340111441e+02 -3.5779e+00 +3.1406e+00 -1.7262e-01
568 +7.153450472e+01 +7.153450472e+01 -1.380154953e+02 -1.380154953e+02 -3.5652e+00 +2.9648e+00 -6.1869e-01
584 +5.486701465e+01 +5.486701465e+01 -1.546829854e+02 -1.546829854e+02 -3.5911e+00 +3.1501e+00 -1.2778e+00
594 +5.242178230e+01 +5.242178230e+01 -1.571282177e+02 -1.571282177e+02 -3.5195e+00 +3.1623e+00 -8.6498e-01
603 +5.098707558e+01 +5.098707558e+01 -1.585629244e+02 -1.585629244e+02 -2.7867e+00 +3.1600e+00 -2.6790e+00
611 +2.225177867e+01 +2.225177867e+01 -1.872982213e+02 -1.872982213e+02 -3.2113e+00 +3.0716e+00 -2.2208e+00
638 +9.242757897e+00 +9.242757897e+00 -2.003072421e+02 -2.003072421e+02 -3.2267e+00 +3.1000e+00 -2.5095e+00
770 +8.312455242e+00 +8.312455242e+00 -2.012375448e+02 -2.012375448e+02 -3.0074e+00 +3.2064e+00 -3.3391e+00
832 +4.952700595e+00 +4.952700595e+00 -2.045972994e+02 -2.045972994e+02 -2.9931e+00 +3.1803e+00 -3.6650e+00
845 +2.645371418e+00 +2.645371418e+00 -2.069046286e+02 -2.069046286e+02 -3.1059e+00 +3.1485e+00 -2.9717e+00
858 +2.609381172e+00 +2.609381172e+00 -2.069406188e+02 -2.069406188e+02 -3.0202e+00 +3.1521e+00 -3.4956e+00
1033 +2.416226057e+00 +2.416226057e+00 -2.071337739e+02 -2.071337739e+02 -3.0813e+00 +3.1539e+00 -3.2998e+00
1034 +1.991244825e+00 +1.991244825e+00 -2.075587552e+02 -2.075587552e+02 -3.0576e+00 +3.1587e+00 -3.3875e+00
1045 +1.811828885e+00 +1.811828885e+00 -2.077381711e+02 -2.077381711e+02 -3.0650e+00 +3.1629e+00 -3.2219e+00
1056 +9.601295400e-01 +9.601295400e-01 -2.085898705e+02 -2.085898705e+02 -3.0543e+00 +3.1572e+00 -3.3113e+00
1085 +7.563544340e-01 +7.563544340e-01 -2.087936456e+02 -2.087936456e+02 -3.1063e+00 +3.1503e+00 -3.0950e+00
1149 +3.539573301e-01 +3.539573301e-01 -2.091960427e+02 -2.091960427e+02 -3.0628e+00 +3.1554e+00 -3.3004e+00
1191 +9.562595403e-02 +9.562595403e-02 -2.094543740e+02 -2.094543740e+02 -3.0741e+00 +3.1525e+00 -3.2427e+00
1401 +9.315344250e-02 +9.315344250e-02 -2.094568466e+02 -2.094568466e+02 -3.0730e+00 +3.1526e+00 -3.2487e+00
1430 +7.021194899e-02 +7.021194899e-02 -2.094797881e+02 -2.094797881e+02 -3.0716e+00 +3.1528e+00 -3.2571e+00
1496 +6.302940288e-02 +6.302940288e-02 -2.094869706e+02 -2.094869706e+02 -3.0713e+00 +3.1529e+00 -3.2591e+00
1628 +5.313856106e-02 +5.313856106e-02 -2.094968614e+02 -2.094968614e+02 -3.0715e+00 +3.1529e+00 -3.2590e+00
1697 +5.176184389e-02 +5.176184389e-02 -2.094982382e+02 -2.094982382e+02 -3.0716e+00 +3.1529e+00 -3.2584e+00
1703 +4.456882293e-02 +4.456882293e-02 -2.095054312e+02 -2.095054312e+02 -3.0716e+00 +3.1528e+00 -3.2588e+00
1848 +4.317632461e-02 +4.317632461e-02 -2.095068237e+02 -2.095068237e+02 -3.0716e+00 +3.1528e+00 -3.2589e+00
2134 +4.243362114e-02 +4.243362114e-02 -2.095075664e+02 -2.095075664e+02 -3.0716e+00 +3.1528e+00 -3.2587e+00
% function evaluation | noise-free fitness - Fopt (2.850000000000e+00) | best noise-free fitness - Fopt | measured fitness | best measured fitness | x1 | x2...
1 +3.939670502e+02 +3.939670502e+02 +3.968170502e+02 +3.968170502e+02 +0.0000e+00 +0.0000e+00 +0.0000e+00
51 +3.563147504e+02 +3.563147504e+02 +3.591647504e+02 +3.591647504e+02 -1.7012e+00 -2.5038e+00 -3.4052e+00
59 +3.077888779e+02 +3.077888779e+02 +3.106388779e+02 +3.106388779e+02 -1.7932e+00 -2.2563e+00 -3.5831e+00
70 +2.507860057e+02 +2.507860057e+02 +2.536360057e+02 +2.536360057e+02 -1.6764e+00 -1.8658e+00 -3.5518e+00
73 +2.102590144e+02 +2.102590144e+02 +2.131090144e+02 +2.131090144e+02 -1.9526e+00 -1.7753e+00 -3.5766e+00
76 +1.593142559e+02 +1.593142559e+02 +1.621642559e+02 +1.621642559e+02 -1.8308e+00 -1.3997e+00 -3.6269e+00
100 +1.363812862e+02 +1.363812862e+02 +1.392312862e+02 +1.392312862e+02 -1.5353e+00 -6.8686e-01 -3.6825e+00
110 +1.152232796e+02 +1.152232796e+02 +1.180732796e+02 +1.180732796e+02 -1.6052e+00 -7.9818e-01 -3.5445e+00
242 +1.143016630e+02 +1.143016630e+02 +1.171516630e+02 +1.171516630e+02 -1.5745e+00 -8.2668e-01 -3.5362e+00
253 +1.044589243e+02 +1.044589243e+02 +1.073089243e+02 +1.073089243e+02 -1.4100e+00 -8.9797e-01 -3.1388e+00
306 +8.276335800e+01 +8.276335800e+01 +8.561335800e+01 +8.561335800e+01 -1.1407e+00 -6.2821e-01 -3.0901e+00
329 +8.074051281e+01 +8.074051281e+01 +8.359051281e+01 +8.359051281e+01 -9.4263e-01 -5.2286e-01 -2.9507e+00
374 +7.561780890e+01 +7.561780890e+01 +7.846780890e+01 +7.846780890e+01 -1.2362e+00 -6.1060e-01 -3.1230e+00
386 +7.308565621e+01 +7.308565621e+01 +7.593565621e+01 +7.593565621e+01 -8.6419e-01 -3.1849e-01 -2.9654e+00
462 +7.175383906e+01 +7.175383906e+01 +7.460383906e+01 +7.460383906e+01 -1.1845e+00 -6.0592e-01 -3.0570e+00
499 +6.920015279e+01 +6.920015279e+01 +7.205015279e+01 +7.205015279e+01 -9.0271e-01 -4.4565e-01 -2.8548e+00
506 +6.819645449e+01 +6.819645449e+01 +7.104645449e+01 +7.104645449e+01 -9.8545e-01 -4.6221e-01 -2.9665e+00
515 +6.480695890e+01 +6.480695890e+01 +6.765695890e+01 +6.765695890e+01 -8.5075e-01 -2.8530e-01 -2.8523e+00
538 +6.229202137e+01 +6.229202137e+01 +6.514202137e+01 +6.514202137e+01 -6.9708e-01 -2.1162e-01 -2.6702e+00
550 +5.716176334e+01 +5.716176334e+01 +6.001176334e+01 +6.001176334e+01 -7.5565e-01 -2.9675e-01 -2.7648e+00
575 +5.306442964e+01 +5.306442964e+01 +5.591442964e+01 +5.591442964e+01 -2.6402e-01 -4.9583e-03 -2.4411e+00
644 +3.872047212e+01 +3.872047212e+01 +4.157047212e+01 +4.157047212e+01 +5.2417e-02 +2.9795e-01 -2.2948e+00
900 +3.122936162e+01 +3.122936162e+01 +3.407936162e+01 +3.407936162e+01 +1.6526e-03 +2.8704e-01 -2.2792e+00
1100 +3.042581766e+01 +3.042581766e+01 +3.327581766e+01 +3.327581766e+01 +5.3874e-02 +3.3890e-01 -2.2321e+00
1118 +2.730869256e+01 +2.730869256e+01 +3.015869256e+01 +3.015869256e+01 +1.4354e-01 +3.9508e-01 -2.1827e+00
1496 +2.613090359e+01 +2.613090359e+01 +2.898090359e+01 +2.898090359e+01 +1.7010e-01 +4.1149e-01 -2.1609e+00
1540 +2.563639295e+01 +2.563639295e+01 +2.848639295e+01 +2.848639295e+01 +1.7578e-01 +4.1749e-01 -2.1548e+00
% function evaluation | noise-free fitness - Fopt (1.975200000000e+02) | best noise-free fitness - Fopt | measured fitness | best measured fitness | x1 | x2...
1 +5.309843495e+02 +5.309843495e+02 +7.285043495e+02 +7.285043495e+02 +0.0000e+00 +0.0000e+00 +0.0000e+00
93 +4.294528126e+02 +4.294528126e+02 +6.269728126e+02 +6.269728126e+02 +2.7097e+00 -2.8512e+00 -4.6893e+00
95 +3.588823983e+02 +3.588823983e+02 +5.564023983e+02 +5.564023983e+02 +6.5442e-01 -2.5983e+00 -3.2633e+00
113 +9.558751164e+01 +9.558751164e+01 +2.931075116e+02 +2.931075116e+02 +1.2083e-01 -6.6813e-01 -2.7921e+00
164 +6.262244340e+01 +6.262244340e+01 +2.601424434e+02 +2.601424434e+02 +2.9420e-01 -5.0623e-01 -3.1873e+00
176 +3.586369782e+01 +3.586369782e+01 +2.333836978e+02 +2.333836978e+02 +4.6919e-01 -7.4382e-01 -3.7334e+00
308 +7.375807860e+00 +7.375807860e+00 +2.048958079e+02 +2.048958079e+02 +3.3005e-01 -4.5880e-01 -3.6194e+00
572 +3.174380147e+00 +3.174380147e+00 +2.006943801e+02 +2.006943801e+02 -1.3407e-01 -3.3912e-01 -3.0472e+00
660 +3.007558729e+00 +3.007558729e+00 +2.005275587e+02 +2.005275587e+02 -8.9409e-02 -3.4628e-01 -3.1004e+00
724 +2.484969589e+00 +2.484969589e+00 +2.000049696e+02 +2.000049696e+02 +5.3386e-02 -4.1926e-01 -3.2616e+00
726 +1.870495321e+00 +1.870495321e+00 +1.993904953e+02 +1.993904953e+02 +2.8523e-02 -3.9237e-01 -3.2249e+00
858 +1.625186374e+00 +1.625186374e+00 +1.991451864e+02 +1.991451864e+02 +2.7996e-02 -3.8791e-01 -3.2317e+00
867 +8.839518820e-01 +8.839518820e-01 +1.984039519e+02 +1.984039519e+02 -1.0485e-02 -3.8876e-01 -3.1836e+00
884 +6.803653019e-01 +6.803653019e-01 +1.982003653e+02 +1.982003653e+02 +7.3638e-03 -3.8676e-01 -3.2109e+00
902 +3.473733603e-01 +3.473733603e-01 +1.978673734e+02 +1.978673734e+02 +9.1165e-03 -3.8854e-01 -3.2113e+00
993 +2.100061146e-01 +2.100061146e-01 +1.977300061e+02 +1.977300061e+02 +4.8023e-03 -3.8861e-01 -3.2059e+00
1050 +3.960438084e-02 +3.960438084e-02 +1.975596044e+02 +1.975596044e+02 +1.1151e-02 -3.9082e-01 -3.2126e+00
1344 +3.872999717e-02 +3.872999717e-02 +1.975587300e+02 +1.975587300e+02 +1.7908e-02 -3.9334e-01 -3.2210e+00
1364 +3.364443463e-02 +3.364443463e-02 +1.975536444e+02 +1.975536444e+02 +1.8472e-02 -3.9366e-01 -3.2220e+00
1451 +3.009372594e-02 +3.009372594e-02 +1.975500937e+02 +1.975500937e+02 +1.8223e-02 -3.9356e-01 -3.2217e+00
1452 +2.516606413e-02 +2.516606413e-02 +1.975451661e+02 +1.975451661e+02 +1.8321e-02 -3.9339e-01 -3.2219e+00
1474 +1.636841676e-02 +1.636841676e-02 +1.975363684e+02 +1.975363684e+02 +1.8325e-02 -3.9343e-01 -3.2219e+00
1518 +1.206549387e-02 +1.206549387e-02 +1.975320655e+02 +1.975320655e+02 +1.8331e-02 -3.9346e-01 -3.2218e+00
1562 +8.567370838e-03 +8.567370838e-03 +1.975285674e+02 +1.975285674e+02 +1.8269e-02 -3.9340e-01 -3.2217e+00
1628 +5.198842891e-03 +5.198842891e-03 +1.975251988e+02 +1.975251988e+02 +1.8318e-02 -3.9345e-01 -3.2218e+00
1680 +4.990489884e-03 +4.990489884e-03 +1.975249905e+02 +1.975249905e+02 +1.8293e-02 -3.9343e-01 -3.2218e+00
1804 +4.212864110e-03 +4.212864110e-03 +1.975242129e+02 +1.975242129e+02 +1.8290e-02 -3.9343e-01 -3.2217e+00
1885 +3.851716571e-03 +3.851716571e-03 +1.975238517e+02 +1.975238517e+02 +1.8314e-02 -3.9344e-01 -3.2218e+00
2037 +3.777693877e-03 +3.777693877e-03 +1.975237777e+02 +1.975237777e+02 +1.8300e-02 -3.9343e-01 -3.2218e+00
2400 +3.708725538e-03 +3.708725538e-03 +1.975237087e+02 +1.975237087e+02 +1.8294e-02 -3.9343e-01 -3.2217e+00
% function evaluation | noise-free fitness - Fopt (-1.052700000000e+02) | best noise-free fitness - Fopt | measured fitness | best measured fitness | x1 | x2...
1 +3.290862118e+02 +3.290862118e+02 +2.238162118e+02 +2.238162118e+02 +0.0000e+00 +0.0000e+00 +0.0000e+00
51 +2.939119834e+02 +2.939119834e+02 +1.886419834e+02 +1.886419834e+02 -6.3667e-01 -8.4141e-01 -2.1561e+00
69 +2.649917122e+02 +2.649917122e+02 +1.597217122e+02 +1.597217122e+02 -8.1301e-01 -1.6977e+00 -2.4483e+00
73 +2.501159824e+02 +2.501159824e+02 +1.448459824e+02 +1.448459824e+02 -1.8961e-01 -1.9311e-01 -1.8054e+00
78 +2.199644740e+02 +2.199644740e+02 +1.146944740e+02 +1.146944740e+02 -6.8693e-01 -1.3129e+00 -1.9999e+00
87 +2.084574094e+02 +2.084574094e+02 +1.031874094e+02 +1.031874094e+02 -5.5722e-01 -8.4956e-01 -1.5748e+00
95 +1.497163545e+02 +1.497163545e+02 +4.444635446e+01 +4.444635446e+01 -3.2112e-01 -1.1822e+00 -1.7087e+00
109 +1.371651388e+02 +1.371651388e+02 +3.189513880e+01 +3.189513880e+01 +7.4577e-01 -2.3361e+00 -3.1454e+00
123 +1.507756783e+01 +1.507756783e+01 -9.019243217e+01 -9.019243217e+01 +6.0078e-01 -1.7155e+00 -2.3037e+00
263 +8.873472538e+00 +8.873472538e+00 -9.639652746e+01 -9.639652746e+01 +1.0434e+00 -9.2454e-01 -2.1280e+00
286 +8.523781192e+00 +8.523781192e+00 -9.674621881e+01 -9.674621881e+01 +8.9009e-01 -1.1812e+00 -2.1664e+00
404 +5.746415453e+00 +5.746415453e+00 -9.952358455e+01 -9.952358455e+01 +9.9376e-01 -1.0792e+00 -2.1684e+00
682 +5.354000462e+00 +5.354000462e+00 -9.991599954e+01 -9.991599954e+01 +7.3432e-01 -1.4474e+00 -2.2454e+00
839 +5.107520798e+00 +5.107520798e+00 -1.001624792e+02 -1.001624792e+02 +7.5999e-01 -1.4126e+00 -2.2415e+00
858 +4.641793531e+00 +4.641793531e+00 -1.006282065e+02 -1.006282065e+02 +7.5725e-01 -1.4116e+00 -2.2383e+00
946 +4.455306306e+00 +4.455306306e+00 -1.008146937e+02 -1.008146937e+02 +7.6917e-01 -1.3952e+00 -2.2356e+00
1114 +4.259937724e+00 +4.259937724e+00 -1.010100623e+02 -1.010100623e+02 +7.7563e-01 -1.3827e+00 -2.2332e+00
1342 +4.122167236e+00 +4.122167236e+00 -1.011478328e+02 -1.011478328e+02 +7.7798e-01 -1.3805e+00 -2.2323e+00
1452 +4.069710615e+00 +4.069710615e+00 -1.012002894e+02 -1.012002894e+02 +7.8157e-01 -1.3743e+00 -2.2312e+00
1845 +3.977313804e+00 +3.977313804e+00 -1.012926862e+02 -1.012926862e+02 +7.8598e-01 -1.3693e+00 -2.2307e+00
% function evaluation | noise-free fitness - Fopt (2.833400000000e+02) | best noise-free fitness - Fopt | measured fitness | best measured fitness | x1 | x2...
1 +6.949197721e+02 +6.949197721e+02 +9.782597721e+02 +9.782597721e+02 +0.0000e+00 +0.0000e+00 +0.0000e+00
2 +2.395029607e+02 +2.395029607e+02 +5.228429607e+02 +5.228429607e+02 -4.7353e+00 +1.5967e+00 +1.2611e+00
14 +2.192094796e+02 +2.192094796e+02 +5.025494796e+02 +5.025494796e+02 -4.6628e+00 +1.6275e+00 +1.3377e+00
26 +2.118276571e+02 +2.118276571e+02 +4.951676571e+02 +4.951676571e+02 -4.5448e+00 +1.5205e+00 +1.1420e+00
40 +1.845322201e+02 +1.845322201e+02 +4.678722201e+02 +4.678722201e+02 -4.5959e+00 +1.5724e+00 +1.6009e+00
51 +1.802468058e+02 +1.802468058e+02 +4.635868058e+02 +4.635868058e+02 -4.4065e+00 +1.6603e+00 +1.2218e+00
54 +1.512382584e+02 +1.512382584e+02 +4.345782584e+02 +4.345782584e+02 -4.3780e+00 +1.5934e+00 +1.4818e+00
71 +1.477850439e+02 +1.477850439e+02 +4.311250439e+02 +4.311250439e+02 -4.3477e+00 +1.6947e+00 +1.5344e+00
72 +1.125153638e+02 +1.125153638e+02 +3.958553638e+02 +3.958553638e+02 -4.1154e+00 +1.6664e+00 +1.3558e+00
86 +3.744334362e+01 +3.744334362e+01 +3.207833436e+02 +3.207833436e+02 -3.7886e+00 +1.3043e+00 +1.3272e+00
91 +3.233496556e+01 +3.233496556e+01 +3.156749656e+02 +3.156749656e+02 -3.3982e+00 +1.5021e+00 +1.2531e+00
98 +3.149999030e+00 +3.149999030e+00 +2.864899990e+02 +2.864899990e+02 -3.5842e+00 +1.3893e+00 +1.3055e+00
346 +2.891488469e+00 +2.891488469e+00 +2.862314885e+02 +2.862314885e+02 -3.5729e+00 +1.4242e+00 +1.2842e+00
506 +2.785929394e+00 +2.785929394e+00 +2.861259294e+02 +2.861259294e+02 -3.5870e+00 +1.4023e+00 +1.2999e+00
535 +2.594654098e+00 +2.594654098e+00 +2.859346541e+02 +2.859346541e+02 -3.5895e+00 +1.3952e+00 +1.3050e+00
638 +2.168539673e+00 +2.168539673e+00 +2.855085397e+02 +2.855085397e+02 -3.5855e+00 +1.4041e+00 +1.3048e+00
840 +2.045716483e+00 +2.045716483e+00 +2.853857165e+02 +2.853857165e+02 -3.5860e+00 +1.4012e+00 +1.3050e+00
924 +2.011717437e+00 +2.011717437e+00 +2.853517174e+02 +2.853517174e+02 -3.5861e+00 +1.4028e+00 +1.3047e+00
1003 +1.989810057e+00 +1.989810057e+00 +2.853298101e+02 +2.853298101e+02 -3.5881e+00 +1.3986e+00 +1.3075e+00
1034 +1.937399979e+00 +1.937399979e+00 +2.852774000e+02 +2.852774000e+02 -3.5876e+00 +1.3989e+00 +1.3067e+00
% function evaluation | noise-free fitness - Fopt (-8.171000000000e+01) | best noise-free fitness - Fopt | measured fitness | best measured fitness | x1 | x2...
1 +8.880090601e+02 +8.880090601e+02 +8.062990601e+02 +8.062990601e+02 +0.0000e+00 +0.0000e+00 +0.0000e+00
2 +7.548793192e+02 +7.548793192e+02 +6.731693192e+02 +6.731693192e+02 +2.5853e+00 +2.1799e-01 +1.9299e+00
3 +7.260795707e+02 +7.260795707e+02 +6.443695707e+02 +6.443695707e+02 +2.3903e+00 +2.3144e-01 +2.0275e+00
27 +7.008087525e+02 +7.008087525e+02 +6.190987525e+02 +6.190987525e+02 +2.1323e+00 +2.0021e-01 +2.1132e+00
48 +6.576582914e+02 +6.576582914e+02 +5.759482914e+02 +5.759482914e+02 +2.2999e+00 +3.0884e-01 +2.5376e+00
75 +6.428802660e+02 +6.428802660e+02 +5.611702660e+02 +5.611702660e+02 +2.1334e+00 +6.5213e-01 +2.1770e+00
76 +6.215887848e+02 +6.215887848e+02 +5.398787848e+02 +5.398787848e+02 +2.1098e+00 +3.0977e-01 +3.0231e+00
94 +6.137448644e+02 +6.137448644e+02 +5.320348644e+02 +5.320348644e+02 +1.6606e+00 +2.3825e-01 +3.1287e+00
96 +5.459183782e+02 +5.459183782e+02 +4.642083782e+02 +4.642083782e+02 +2.2398e+00 +1.0090e+00 +2.7136e+00
108 +5.294157821e+02 +5.294157821e+02 +4.477057821e+02 +4.477057821e+02 +1.9080e+00 +8.5786e-01 +2.8727e+00
113 +4.558740195e+02 +4.558740195e+02 +3.741640195e+02 +3.741640195e+02 +1.1786e+00 +1.3931e+00 +2.4685e+00
129 +3.884302579e+02 +3.884302579e+02 +3.067202579e+02 +3.067202579e+02 +1.9945e+00 +1.6197e+00 +3.3909e+00
136 +2.831177621e+02 +2.831177621e+02 +2.014077621e+02 +2.014077621e+02 +2.3284e+00 +2.2447e+00 +4.0489e+00
143 +1.636812048e+02 +1.636812048e+02 +8.197120477e+01 +8.197120477e+01 -4.5610e-01 +2.2320e+00 +3.2315e+00
156 +8.377530909e+01 +8.377530909e+01 +2.065309086e+00 +2.065309086e+00 +6.9610e-01 +2.9870e+00 +3.9864e+00
220 +6.922390828e+01 +6.922390828e+01 -1.248609172e+01 -1.248609172e+01 +4.7492e-01 +3.1272e+00 +4.0419e+00
242 +5.301621820e+01 +5.301621820e+01 -2.869378180e+01 -2.869378180e+01 +2.4368e-01 +3.3852e+00 +3.8137e+00
284 +4.999065562e+01 +4.999065562e+01 -3.171934438e+01 -3.171934438e+01 +9.0854e-01 +3.5101e+00 +4.1320e+00
308 +4.645109824e+01 +4.645109824e+01 -3.525890176e+01 -3.525890176e+01 +1.6252e+00 +3.5741e+00 +4.3307e+00
374 +4.558253752e+01 +4.558253752e+01 -3.612746248e+01 -3.612746248e+01 +2.0156e+00 +3.6321e+00 +4.5214e+00
572 +4.020208885e+01 +4.020208885e+01 -4.150791115e+01 -4.150791115e+01 +1.8218e+00 +3.5153e+00 +4.4354e+00
695 +2.569002835e+01 +2.569002835e+01 -5.601997165e+01 -5.601997165e+01 +6.9319e-01 +3.3149e+00 +3.9727e+00
836 +2.497286258e+01 +2.497286258e+01 -5.673713742e+01 -5.673713742e+01 +1.2542e+00 +3.4188e+00 +4.2052e+00
858 +2.331126306e+01 +2.331126306e+01 -5.839873694e+01 -5.839873694e+01 +1.1582e+00 +3.4060e+00 +4.1709e+00
990 +2.277920162e+01 +2.277920162e+01 -5.893079838e+01 -5.893079838e+01 +1.1562e+00 +3.4032e+00 +4.1676e+00
1179 +2.217080442e+01 +2.217080442e+01 -5.953919558e+01 -5.953919558e+01 +1.0753e+00 +3.3884e+00 +4.1399e+00
1342 +2.182144195e+01 +2.182144195e+01 -5.988855805e+01 -5.988855805e+01 +1.0622e+00 +3.3856e+00 +4.1336e+00
% function evaluation | noise-free fitness - Fopt (2.941500000000e+02) | best noise-free fitness - Fopt | measured fitness | best measured fitness | x1 | x2...
1 +6.369328823e+02 +6.369328823e+02 +9.310828823e+02 +9.310828823e+02 +0.0000e+00 +0.0000e+00 +0.0000e+00
115 +5.610717230e+02 +5.610717230e+02 +8.552217230e+02 +8.552217230e+02 +1.2786e+00 -3.9502e+00 +3.1300e+00
121 +3.023439447e+02 +3.023439447e+02 +5.964939447e+02 +5.964939447e+02 +1.0805e+00 -4.2464e+00 +7.8415e-01
135 +2.516725856e+02 +2.516725856e+02 +5.458225856e+02 +5.458225856e+02 +1.0293e+00 -1.5840e+00 +8.1693e-01
176 +1.867507691e+02 +1.867507691e+02 +4.809007691e+02 +4.809007691e+02 +1.3496e+00 -2.2074e+00 +7.8119e-01
206 +9.598910762e+01 +9.598910762e+01 +3.901391076e+02 +3.901391076e+02 +1.1169e+00 -1.6753e+00 -1.6641e-01
220 +8.112982517e+01 +8.112982517e+01 +3.752798252e+02 +3.752798252e+02 +1.0387e+00 -2.0081e+00 -5.5020e-01
242 +5.114501985e+01 +5.114501985e+01 +3.452950198e+02 +3.452950198e+02 +1.1300e+00 -1.9880e+00 -1.0585e-01
352 +2.536829439e+01 +2.536829439e+01 +3.195182944e+02 +3.195182944e+02 +1.1594e+00 -2.2301e+00 -1.6445e-01
462 +1.912418643e+01 +1.912418643e+01 +3.132741864e+02 +3.132741864e+02 +1.1551e+00 -2.0952e+00 -2.3651e-01
568 +1.726422562e+01 +1.726422562e+01 +3.114142256e+02 +3.114142256e+02 +1.1645e+00 -2.1188e+00 -1.8284e-01
572 +1.672796379e+01 +1.672796379e+01 +3.108779638e+02 +3.108779638e+02 +1.0688e+00 -2.2741e+00 -1.5828e-01
604 +1.474693775e+01 +1.474693775e+01 +3.088969378e+02 +3.088969378e+02 +1.1862e+00 -2.0830e+00 -2.4817e-01
770 +1.243759123e+01 +1.243759123e+01 +3.065875912e+02 +3.065875912e+02 +1.1361e+00 -2.1794e+00 -1.9011e-01
945 +1.226290452e+01 +1.226290452e+01 +3.064129045e+02 +3.064129045e+02 +1.1513e+00 -2.1515e+00 -2.0245e-01
1034 +1.195754897e+01 +1.195754897e+01 +3.061075490e+02 +3.061075490e+02 +1.1584e+00 -2.1384e+00 -2.0614e-01
% function evaluation | noise-free fitness - Fopt (-2.703600000000e+02) | best noise-free fitness - Fopt | measured fitness | best measured fitness | x1 | x2...
1 +2.254888047e+02 +2.254888047e+02 -4.487119533e+01 -4.487119533e+01 +0.0000e+00 +0.0000e+00 +0.0000e+00
50 +1.973174648e+02 +1.973174648e+02 -7.304253520e+01 -7.304253520e+01 -1.1477e+00 -1.1408e+00 -1.3603e+00
71 +1.925045393e+02 +1.925045393e+02 -7.785546072e+01 -7.785546072e+01 -1.2306e+00 -1.0970e+00 -1.3667e+00
77 +1.145564292e+02 +1.145564292e+02 -1.558035708e+02 -1.558035708e+02 -1.4687e+00 -5.5740e-01 -1.4401e+00
78 +1.073407104e+02 +1.073407104e+02 -1.630192896e+02 -1.630192896e+02 -1.6790e+00 -3.9372e-01 -1.2703e+00
90 +1.036239546e+02 +1.036239546e+02 -1.667360454e+02 -1.667360454e+02 -1.3245e+00 -4.6124e-01 -1.3475e+00
97 +9.390030373e+01 +9.390030373e+01 -1.764596963e+02 -1.764596963e+02 -1.8501e+00 -3.0613e-01 -1.4587e+00
102 +5.275530330e+01 +5.275530330e+01 -2.176046967e+02 -2.176046967e+02 -1.7763e+00 -8.7896e-02 -1.5801e+00
132 +4.530510767e+01 +4.530510767e+01 -2.250548923e+02 -2.250548923e+02 -1.4886e+00 -5.2635e-02 -1.0915e+00
158 +4.150947748e+01 +4.150947748e+01 -2.288505225e+02 -2.288505225e+02 -2.0269e+00 +2.6472e-01 -1.4506e+00
198 +3.441040598e+01 +3.441040598e+01 -2.359495940e+02 -2.359495940e+02 -1.7709e+00 +1.0171e-01 -1.3920e+00
286 +3.363757423e+01 +3.363757423e+01 -2.367224258e+02 -2.367224258e+02 -1.9855e+00 +8.4810e-02 -1.7085e+00
308 +2.885968939e+01 +2.885968939e+01 -2.415003106e+02 -2.415003106e+02 -2.0242e+00 +1.9151e-01 -1.6409e+00
312 +2.350391922e+01 +2.350391922e+01 -2.468560808e+02 -2.468560808e+02 -2.0555e+00 +1.3334e-01 -1.7038e+00
528 +2.221546848e+01 +2.221546848e+01 -2.481445315e+02 -2.481445315e+02 -2.1427e+00 +2.1151e-01 -1.7200e+00
570 +2.027532402e+01 +2.027532402e+01 -2.500846760e+02 -2.500846760e+02 -2.2286e+00 +2.2152e-01 -1.7982e+00
594 +1.982759992e+01 +1.982759992e+01 -2.505324001e+02 -2.505324001e+02 -2.1620e+00 +1.7698e-01 -1.8042e+00
726 +1.788499462e+01 +1.788499462e+01 -2.524750054e+02 -2.524750054e+02 -2.1503e+00 +1.7859e-01 -1.7554e+00
814 +1.732022510e+01 +1.732022510e+01 -2.530397749e+02 -2.530397749e+02 -2.1805e+00 +1.8719e-01 -1.7855e+00
846 +1.692461528e+01 +1.692461528e+01 -2.534353847e+02 -2.534353847e+02 -2.2264e+00 +2.0648e-01 -1.8264e+00
946 +1.621896180e+01 +1.621896180e+01 -2.541410382e+02 -2.541410382e+02 -2.1946e+00 +1.8804e-01 -1.8149e+00
1088 +1.608451994e+01 +1.608451994e+01 -2.542754801e+02 -2.542754801e+02 -2.1962e+00 +1.8745e-01 -1.8141e+00
1254 +1.551947078e+01 +1.551947078e+01 -2.548405292e+02 -2.548405292e+02 -2.2078e+00 +1.9337e-01 -1.8234e+00
1298 +1.547585705e+01 +1.547585705e+01 -2.548841430e+02 -2.548841430e+02 -2.2132e+00 +1.9591e-01 -1.8297e+00
1467 +1.503203290e+01 +1.503203290e+01 -2.553279671e+02 -2.553279671e+02 -2.2284e+00 +1.9849e-01 -1.8454e+00
% function evaluation | noise-free fitness - Fopt (-6.645000000000e+01) | best noise-free fitness - Fopt | measured fitness | best measured fitness | x1 | x2...
1 +5.612135093e+02 +5.612135093e+02 +4.947635093e+02 +4.947635093e+02 +0.0000e+00 +0.0000e+00 +0.0000e+00
2 +4.221324921e+02 +4.221324921e+02 +3.556824921e+02 +3.556824921e+02 +6.3380e-01 -4.0805e-03 -4.5065e+00
6 +4.144831059e+02 +4.144831059e+02 +3.480331059e+02 +3.480331059e+02 +5.7695e-01 -1.0005e-01 -4.4468e+00
25 +3.694839765e+02 +3.694839765e+02 +3.030339765e+02 +3.030339765e+02 +6.9067e-01 -2.9281e-01 -4.4276e+00
33 +3.609791385e+02 +3.609791385e+02 +2.945291385e+02 +2.945291385e+02 +7.3756e-01 -1.3518e-01 -4.2382e+00
47 +3.530532230e+02 +3.530532230e+02 +2.866032230e+02 +2.866032230e+02 +8.2819e-01 -1.6338e-01 -4.3262e+00
50 +2.539263722e+02 +2.539263722e+02 +1.874763722e+02 +1.874763722e+02 +9.9381e-01 -3.9710e-01 -3.9025e+00
65 +2.506013664e+02 +2.506013664e+02 +1.841513664e+02 +1.841513664e+02 +9.0691e-01 -4.2195e-01 -3.7817e+00
69 +1.988045465e+02 +1.988045465e+02 +1.323545465e+02 +1.323545465e+02 +1.2809e+00 -7.4507e-01 -3.8645e+00
74 +1.230120179e+02 +1.230120179e+02 +5.656201787e+01 +5.656201787e+01 +1.5991e+00 +6.4603e-02 -2.6030e+00
94 +1.012112359e+02 +1.012112359e+02 +3.476123588e+01 +3.476123588e+01 +1.3858e+00 -8.2850e-01 -2.7207e+00
113 +8.610033410e+01 +8.610033410e+01 +1.965033410e+01 +1.965033410e+01 +1.2634e+00 -4.0053e-01 -2.3147e+00
154 +7.936138602e+01 +7.936138602e+01 +1.291138602e+01 +1.291138602e+01 +1.2242e+00 -7.6977e-01 -2.6810e+00
192 +7.248921699e+01 +7.248921699e+01 +6.039216994e+00 +6.039216994e+00 +1.2180e+00 -7.6362e-01 -2.7720e+00
352 +7.053022318e+01 +7.053022318e+01 +4.080223184e+00 +4.080223184e+00 +1.2178e+00 -8.0623e-01 -2.8169e+00
383 +6.881512676e+01 +6.881512676e+01 +2.365126761e+00 +2.365126761e+00 +1.3027e+00 -3.5758e-01 -2.4705e+00
396 +6.241000779e+01 +6.241000779e+01 -4.039992211e+00 -4.039992211e+00 +1.2801e+00 -7.6098e-01 -2.8306e+00
418 +5.518897642e+01 +5.518897642e+01 -1.126102358e+01 -1.126102358e+01 +1.2901e+00 -6.4296e-01 -2.7608e+00
572 +5.404749008e+01 +5.404749008e+01 -1.240250992e+01 -1.240250992e+01 +1.3546e+00 -4.8145e-01 -2.5706e+00
598 +4.963571256e+01 +4.963571256e+01 -1.681428744e+01 -1.681428744e+01 +1.3679e+00 -3.6287e-01 -2.4693e+00
687 +4.726849592e+01 +4.726849592e+01 -1.918150408e+01 -1.918150408e+01 +1.4222e+00 -2.2344e-01 -2.3184e+00
704 +4.649898828e+01 +4.649898828e+01 -1.995101172e+01 -1.995101172e+01 +1.3907e+00 -3.0651e-01 -2.4209e+00
803 +4.493472290e+01 +4.493472290e+01 -2.151527710e+01 -2.151527710e+01 +1.4144e+00 -2.1912e-01 -2.3464e+00
1078 +4.450933233e+01 +4.450933233e+01 -2.194066767e+01 -2.194066767e+01 +1.4179e+00 -2.0920e-01 -2.3284e+00
% function evaluation | noise-free fitness - Fopt (2.509000000000e+01) | best noise-free fitness - Fopt | measured fitness | best measured fitness | x1 | x2...
1 +8.563842623e+02 +8.563842623e+02 +8.814742623e+02 +8.814742623e+02 +0.0000e+00 +0.0000e+00 +0.0000e+00
47 +7.705217762e+02 +7.705217762e+02 +7.956117762e+02 +7.956117762e+02 -8.8702e-01 -5.9678e+00 +1.4158e+00
71 +7.384211177e+02 +7.384211177e+02 +7.635111177e+02 +7.635111177e+02 -9.2215e-01 -6.6929e+00 +1.9123e+00
72 +7.080814962e+02 +7.080814962e+02 +7.331714962e+02 +7.331714962e+02 -6.1317e-01 -6.1719e+00 +1.2703e+00
73 +6.416748021e+02 +6.416748021e+02 +6.667648021e+02 +6.667648021e+02 -4.5005e-01 -6.5601e+00 +1.5526e+00
92 +4.002897175e+02 +4.002897175e+02 +4.253797175e+02 +4.253797175e+02 +2.2987e+00 -5.5215e+00 +1.5289e+00
94 +2.463175794e+02 +2.463175794e+02 +2.714075794e+02 +2.714075794e+02 +1.4319e+00 -5.8681e+00 +1.7641e+00
240 +1.940171576e+02 +1.940171576e+02 +2.191071576e+02 +2.191071576e+02 +1.0304e+00 -6.0237e+00 +2.4737e+00
304 +1.832799280e+02 +1.832799280e+02 +2.083699280e+02 +2.083699280e+02 +1.1558e+00 -5.4376e+00 +2.5635e+00
326 +1.461015663e+02 +1.461015663e+02 +1.711915663e+02 +1.711915663e+02 +1.4808e+00 -4.7084e+00 +2.1972e+00
430 +1.226700276e+02 +1.226700276e+02 +1.477600276e+02 +1.477600276e+02 +1.4946e+00 -4.5722e+00 +1.9887e+00
462 +1.157105494e+02 +1.157105494e+02 +1.408005494e+02 +1.408005494e+02 +1.5025e+00 -4.2788e+00 +2.0224e+00
467 +9.827409793e+01 +9.827409793e+01 +1.233640979e+02 +1.233640979e+02 +1.8150e+00 -3.0721e+00 +1.5304e+00
535 +9.754116954e+01 +9.754116954e+01 +1.226311695e+02 +1.226311695e+02 +2.3660e+00 -1.7917e+00 +1.6969e+00
550 +9.032985886e+01 +9.032985886e+01 +1.154198589e+02 +1.154198589e+02 +2.1368e+00 -2.1671e+00 +1.8163e+00
572 +6.690817468e+01 +6.690817468e+01 +9.199817468e+01 +9.199817468e+01 +2.0119e+00 -2.5387e+00 +1.6385e+00
590 +6.292209859e+01 +6.292209859e+01 +8.801209859e+01 +8.801209859e+01 +2.8980e+00 -6.8309e-01 +8.6224e-01
594 +5.213904108e+01 +5.213904108e+01 +7.722904108e+01 +7.722904108e+01 +2.2687e+00 -1.7745e+00 +1.4544e+00
601 +3.002417103e+01 +3.002417103e+01 +5.511417103e+01 +5.511417103e+01 +2.7749e+00 -3.9410e-01 +5.7953e-01
748 +2.427814194e+01 +2.427814194e+01 +4.936814194e+01 +4.936814194e+01 +2.4457e+00 -1.4452e+00 +1.0629e+00
823 +1.952698174e+01 +1.952698174e+01 +4.461698174e+01 +4.461698174e+01 +2.5798e+00 -9.5478e-01 +1.0224e+00
851 +1.835321973e+01 +1.835321973e+01 +4.344321973e+01 +4.344321973e+01 +2.6104e+00 -1.0247e+00 +8.8561e-01
869 +1.693404163e+01 +1.693404163e+01 +4.202404163e+01 +4.202404163e+01 +2.5371e+00 -1.2307e+00 +1.0142e+00
880 +1.430885132e+01 +1.430885132e+01 +3.939885132e+01 +3.939885132e+01 +2.6103e+00 -9.1735e-01 +9.2133e-01
912 +1.353253347e+01 +1.353253347e+01 +3.862253347e+01 +3.862253347e+01 +2.7116e+00 -5.5969e-01 +8.8640e-01
989 +1.296386240e+01 +1.296386240e+01 +3.805386240e+01 +3.805386240e+01 +2.6595e+00 -7.3182e-01 +9.0612e-01
1012 +1.156608026e+01 +1.156608026e+01 +3.665608026e+01 +3.665608026e+01 +2.6699e+00 -7.1635e-01 +8.9134e-01
1056 +1.084419181e+01 +1.084419181e+01 +3.593419181e+01 +3.593419181e+01 +2.6827e+00 -6.7980e-01 +8.7479e-01
1121 +7.872819079e+00 +7.872819079e+00 +3.296281908e+01 +3.296281908e+01 +2.7206e+00 -5.9048e-01 +8.3522e-01
1166 +7.613677688e+00 +7.613677688e+00 +3.270367769e+01 +3.270367769e+01 +2.7278e+00 -5.9695e-01 +8.3321e-01
1193 +6.871897460e+00 +6.871897460e+00 +3.196189746e+01 +3.196189746e+01 +2.7380e+00 -5.4510e-01 +8.1871e-01
1232 +6.386896193e+00 +6.386896193e+00 +3.147689619e+01 +3.147689619e+01 +2.7331e+00 -5.7538e-01 +8.2106e-01
