% function evaluation | noise-free fitness - Fopt (-1.694000000000e+01) | best noise-free fitness - Fopt | measured fitness | best measured fitness | x1 | x2...
1 +3.696355518e+01 +3.696355518e+01 +2.002355518e+01 +2.002355518e+01 +0.0000e+00 +0.0000e+00 +0.0000e+00
26 +3.257757576e+01 +3.257757576e+01 +1.563757576e+01 +1.563757576e+01 +1.9680e+00 -9.3858e-02 -2.6605e+00
35 +3.008249425e+01 +3.008249425e+01 +1.314249425e+01 +1.314249425e+01 +2.2956e+00 -4.3106e-03 -2.6304e+00
139 +2.932791242e+01 +2.932791242e+01 +1.238791242e+01 +1.238791242e+01 +2.3019e+00 -6.6932e-02 -2.6241e+00
227 +2.841001581e+01 +2.841001581e+01 +1.147001581e+01 +1.147001581e+01 +2.8800e+00 +1.4896e-01 -2.5780e+00
269 +2.717111384e+01 +2.717111384e+01 +1.023111384e+01 +1.023111384e+01 +2.3695e+00 -4.7081e-02 -2.3830e+00
294 +2.655479553e+01 +2.655479553e+01 +9.614795530e+00 +9.614795530e+00 +2.5696e+00 +1.9423e-03 -2.5530e+00
325 +2.615098512e+01 +2.615098512e+01 +9.210985118e+00 +9.210985118e+00 +2.5122e+00 -2.6279e-02 -2.5028e+00
357 +2.200077282e+01 +2.200077282e+01 +5.060772824e+00 +5.060772824e+00 +3.0980e+00 +8.0195e-02 -2.2918e+00
578 +2.102917468e+01 +2.102917468e+01 +4.089174681e+00 +4.089174681e+00 +3.1292e+00 +2.2134e-01 -2.5161e+00
634 +2.087171713e+01 +2.087171713e+01 +3.931717132e+00 +3.931717132e+00 +3.2674e+00 +2.0306e-01 -2.4221e+00
706 +2.031688628e+01 +2.031688628e+01 +3.376886283e+00 +3.376886283e+00 +3.4714e+00 +3.3519e-01 -2.4188e+00
737 +1.733678920e+01 +1.733678920e+01 +3.967892017e-01 +3.967892017e-01 +3.5681e+00 +4.0938e-01 -2.4825e+00
784 +1.472319904e+01 +1.472319904e+01 -2.216800958e+00 -2.216800958e+00 +3.8914e+00 +5.0439e-01 -2.3900e+00
865 +1.414313163e+01 +1.414313163e+01 -2.796868370e+00 -2.796868370e+00 +3.8621e+00 +3.6073e-01 -2.1896e+00
868 +1.404931476e+01 +1.404931476e+01 -2.890685237e+00 -2.890685237e+00 +4.4199e+00 +2.6721e-01 -2.3792e+00
1112 +1.329202505e+01 +1.329202505e+01 -3.647974947e+00 -3.647974947e+00 +4.3091e+00 +6.0125e-01 -2.2202e+00
% function evaluation | noise-free fitness - Fopt (1.881000000000e+01) | best noise-free fitness - Fopt | measured fitness | best measured fitness | x1 | x2...
1 +4.772316610e+01 +4.772316610e+01 +6.653316610e+01 +6.653316610e+01 +0.0000e+00 +0.0000e+00 +0.0000e+00
2 +2.952352924e+01 +2.952352924e+01 +4.833352924e+01 +4.833352924e+01 +1.1976e+00 +2.7131e+00 +3.1637e-01
7 +2.271566893e+01 +2.271566893e+01 +4.152566893e+01 +4.152566893e+01 +1.0551e+00 +2.6707e+00 +4.3656e-01
59 +2.160332080e+01 +2.160332080e+01 +4.041332080e+01 +4.041332080e+01 +1.3444e+00 +2.6235e+00 +2.3711e-01
157 +2.081781023e+01 +2.081781023e+01 +3.962781023e+01 +3.962781023e+01 +7.9005e-01 +2.6315e+00 +3.7648e-01
213 +1.584975053e+01 +1.584975053e+01 +3.465975053e+01 +3.465975053e+01 +7.3679e-01 +2.2813e+00 +1.7519e-01
392 +1.287924905e+01 +1.287924905e+01 +3.168924905e+01 +3.168924905e+01 +3.0667e-01 +2.3812e+00 -1.0553e-01
401 +9.744279329e+00 +9.744279329e+00 +2.855427933e+01 +2.855427933e+01 -1.0373e+00 +2.0813e+00 +9.0152e-02
413 +8.070377849e+00 +8.070377849e+00 +2.688037785e+01 +2.688037785e+01 -2.4466e-01 +2.8667e+00 -2.9070e-01
420 +5.685186025e+00 +5.685186025e+00 +2.449518602e+01 +2.449518602e+01 -8.1340e-01 +1.5145e+00 -9.5061e-01
452 +3.040422092e+00 +3.040422092e+00 +2.185042209e+01 +2.185042209e+01 -8.1222e-01 +1.3947e+00 -4.6428e-01
466 +9.963344957e-01 +9.963344957e-01 +1.980633450e+01 +1.980633450e+01 -4.1239e-01 +1.6317e+00 -6.8124e-01
731 +3.901710658e-01 +3.901710658e-01 +1.920017107e+01 +1.920017107e+01 -6.0818e-01 +1.5630e+00 -4.9225e-01
951 +3.564750229e-01 +3.564750229e-01 +1.916647502e+01 +1.916647502e+01 -6.4244e-01 +1.5266e+00 -4.7016e-01
970 +3.225713284e-01 +3.225713284e-01 +1.913257133e+01 +1.913257133e+01 -6.3052e-01 +1.5130e+00 -4.7599e-01
1042 +3.068271485e-01 +3.068271485e-01 +1.911682715e+01 +1.911682715e+01 -6.1468e-01 +1.5228e+00 -4.8538e-01
1056 +1.915086057e-01 +1.915086057e-01 +1.900150861e+01 +1.900150861e+01 -6.2858e-01 +1.5298e+00 -4.7632e-01
1210 +1.686009412e-01 +1.686009412e-01 +1.897860094e+01 +1.897860094e+01 -6.2183e-01 +1.5377e+00 -4.8038e-01
2012 +1.562805573e-01 +1.562805573e-01 +1.896628056e+01 +1.896628056e+01 -6.1554e-01 +1.5403e+00 -4.8445e-01
2376 +1.495052020e-01 +1.495052020e-01 +1.895950520e+01 +1.895950520e+01 -6.1549e-01 +1.5405e+00 -4.8444e-01
2530 +1.465110534e-01 +1.465110534e-01 +1.895651105e+01 +1.895651105e+01 -6.1555e-01 +1.5404e+00 -4.8440e-01
% function evaluation | noise-free fitness - Fopt (2.731500000000e+02) | best noise-free fitness - Fopt | measured fitness | best measured fitness | x1 | x2...
1 +4.208329392e+02 +4.208329392e+02 +6.939829392e+02 +6.939829392e+02 +0.0000e+00 +0.0000e+00 +0.0000e+00
2 +1.481538238e+02 +1.481538238e+02 +4.213038238e+02 +4.213038238e+02 -2.3755e+00 -1.1879e+00 +1.0019e+00
3 +1.206313524e+02 +1.206313524e+02 +3.937813524e+02 +3.937813524e+02 -2.2703e+00 -1.1334e+00 +9.9299e-01
23 +1.124986818e+02 +1.124986818e+02 +3.856486818e+02 +3.856486818e+02 -2.2837e+00 -1.1897e+00 +9.4478e-01
145 +9.804420454e+01 +9.804420454e+01 +3.711942045e+02 +3.711942045e+02 -2.8843e+00 -1.0286e+00 +8.3302e-01
298 +9.703896508e+01 +9.703896508e+01 +3.701889651e+02 +3.701889651e+02 -3.6608e+00 -8.4833e-01 +1.0120e+00
307 +8.581239827e+01 +8.581239827e+01 +3.589623983e+02 +3.589623983e+02 -2.8689e+00 -8.8750e-01 +5.8870e-01
734 +8.468753929e+01 +8.468753929e+01 +3.578375393e+02 +3.578375393e+02 -3.6443e+00 -7.6473e-01 +7.3281e-01
801 +8.177651034e+01 +8.177651034e+01 +3.549265103e+02 +3.549265103e+02 -2.9811e+00 -6.6053e-01 +6.2548e-01
830 +7.987001559e+01 +7.987001559e+01 +3.530200156e+02 +3.530200156e+02 -3.2882e+00 -5.2560e-01 +6.5630e-01
839 +7.721033220e+01 +7.721033220e+01 +3.503603322e+02 +3.503603322e+02 -3.2761e+00 -5.2513e-01 +6.3719e-01
% function evaluation | noise-free fitness - Fopt (3.718000000000e+01) | best noise-free fitness - Fopt | measured fitness | best measured fitness | x1 | x2...
1 +4.216787575e+01 +4.216787575e+01 +7.934787575e+01 +7.934787575e+01 +0.0000e+00 +0.0000e+00 +0.0000e+00
71 +4.119018449e+01 +4.119018449e+01 +7.837018449e+01 +7.837018449e+01 +3.6612e+00 +5.1917e-01 +1.1196e+00
78 +3.954525540e+01 +3.954525540e+01 +7.672525540e+01 +7.672525540e+01 +3.8836e+00 +6.4132e-01 +1.2176e+00
1522 +2.300359691e+01 +2.300359691e+01 +6.018359691e+01 +6.018359691e+01 +9.8359e-01 +2.3007e+00 +1.2182e+00
1523 +1.457786645e+01 +1.457786645e+01 +5.175786645e+01 +5.175786645e+01 +1.0422e+00 +2.6297e+00 +1.0950e+00
1526 +1.233287452e+01 +1.233287452e+01 +4.951287452e+01 +4.951287452e+01 +8.1786e-01 +2.3106e+00 +1.1574e+00
1528 +1.092951243e+01 +1.092951243e+01 +4.810951243e+01 +4.810951243e+01 +8.7894e-01 +2.3763e+00 +1.1458e+00
1531 +8.813497158e+00 +8.813497158e+00 +4.599349716e+01 +4.599349716e+01 +9.4403e-01 +2.3905e+00 +1.1301e+00
1556 +7.589826148e+00 +7.589826148e+00 +4.476982615e+01 +4.476982615e+01 +9.6349e-01 +2.5004e+00 +1.0756e+00
1577 +7.362466292e+00 +7.362466292e+00 +4.454246629e+01 +4.454246629e+01 +7.9269e-01 +2.5386e+00 +1.0305e+00
1626 +5.835508008e+00 +5.835508008e+00 +4.301550801e+01 +4.301550801e+01 +8.3131e-01 +2.6054e+00 +1.3266e+00
1694 +5.635397441e+00 +5.635397441e+00 +4.281539744e+01 +4.281539744e+01 +9.3649e-01 +2.6144e+00 +1.2992e+00
1718 +5.599853777e+00 +5.599853777e+00 +4.277985378e+01 +4.277985378e+01 +9.3824e-01 +2.5815e+00 +1.3413e+00
1721 +5.252422436e+00 +5.252422436e+00 +4.243242244e+01 +4.243242244e+01 +1.0226e+00 +2.5692e+00 +1.3492e+00
1784 +5.152941730e+00 +5.152941730e+00 +4.233294173e+01 +4.233294173e+01 +9.8407e-01 +2.6106e+00 +1.3066e+00
2095 +5.108250451e+00 +5.108250451e+00 +4.228825045e+01 +4.228825045e+01 +1.0526e+00 +2.6243e+00 +1.3111e+00
% function evaluation | noise-free fitness - Fopt (-1.479000000000e+02) | best noise-free fitness - Fopt | measured fitness | best measured fitness | x1 | x2...
1 +2.344305408e+01 +2.344305408e+01 -1.244569459e+02 -1.244569459e+02 +0.0000e+00 +0.0000e+00 +0.0000e+00
% function evaluation | noise-free fitness - Fopt (-6.080000000000e+00) | best noise-free fitness - Fopt | measured fitness | best measured fitness | x1 | x2...
1 +8.481413762e+01 +8.481413762e+01 +7.873413762e+01 +7.873413762e+01 +0.0000e+00 +0.0000e+00 +0.0000e+00
2 +1.618830492e+01 +1.618830492e+01 +1.010830492e+01 +1.010830492e+01 -9.5613e-03 +2.7798e+00 -3.4356e+00
4 +1.414131991e+01 +1.414131991e+01 +8.061319912e+00 +8.061319912e+00 +2.2481e-01 +2.5948e+00 -3.1706e+00
6 +8.372673079e+00 +8.372673079e+00 +2.292673079e+00 +2.292673079e+00 +2.0354e-01 +2.6322e+00 -3.1018e+00
13 +8.274133421e+00 +8.274133421e+00 +2.194133421e+00 +2.194133421e+00 +2.0764e-01 +2.6065e+00 -3.4552e+00
14 +7.210727578e+00 +7.210727578e+00 +1.130727578e+00 +1.130727578e+00 +2.3954e-01 +2.6161e+00 -3.0950e+00
25 +4.579126391e+00 +4.579126391e+00 -1.500873609e+00 -1.500873609e+00 +3.7161e-01 +2.4628e+00 -3.2046e+00
49 +2.019071772e+00 +2.019071772e+00 -4.060928228e+00 -4.060928228e+00 +6.4919e-01 +2.0164e+00 -3.1418e+00
93 +1.474883717e+00 +1.474883717e+00 -4.605116283e+00 -4.605116283e+00 +1.1495e+00 +2.2473e+00 -3.6362e+00
115 +1.155438929e+00 +1.155438929e+00 -4.924561071e+00 -4.924561071e+00 +4.6941e-01 +1.9993e+00 -3.0285e+00
191 +7.638610272e-01 +7.638610272e-01 -5.316138973e+00 -5.316138973e+00 +7.7305e-01 +2.1308e+00 -3.3470e+00
263 +5.374742673e-01 +5.374742673e-01 -5.542525733e+00 -5.542525733e+00 +7.1012e-01 +2.0925e+00 -3.1223e+00
314 +4.263166459e-01 +4.263166459e-01 -5.653683354e+00 -5.653683354e+00 +6.7837e-01 +2.0639e+00 -3.2790e+00
374 +1.865158182e-01 +1.865158182e-01 -5.893484182e+00 -5.893484182e+00 +7.1334e-01 +2.0901e+00 -3.2434e+00
522 +1.358793986e-01 +1.358793986e-01 -5.944120601e+00 -5.944120601e+00 +6.9481e-01 +2.0836e+00 -3.2430e+00
629 +8.534939965e-02 +8.534939965e-02 -5.994650600e+00 -5.994650600e+00 +6.7662e-01 +2.0795e+00 -3.2401e+00
704 +5.633966025e-02 +5.633966025e-02 -6.023660340e+00 -6.023660340e+00 +6.1966e-01 +2.0644e+00 -3.1604e+00
955 +3.582939407e-02 +3.582939407e-02 -6.044170606e+00 -6.044170606e+00 +6.2702e-01 +2.0655e+00 -3.1571e+00
968 +2.411335601e-02 +2.411335601e-02 -6.055886644e+00 -6.055886644e+00 +6.2179e-01 +2.0632e+00 -3.1575e+00
1178 +1.746921620e-02 +1.746921620e-02 -6.062530784e+00 -6.062530784e+00 +6.2673e-01 +2.0655e+00 -3.1711e+00
1364 +1.569610671e-02 +1.569610671e-02 -6.064303893e+00 -6.064303893e+00 +6.2264e-01 +2.0639e+00 -3.1609e+00
1461 +1.466630914e-02 +1.466630914e-02 -6.065333691e+00 -6.065333691e+00 +6.2552e-01 +2.0649e+00 -3.1635e+00
1479 +1.234996055e-02 +1.234996055e-02 -6.067650039e+00 -6.067650039e+00 +6.2074e-01 +2.0634e+00 -3.1611e+00
1565 +9.007303621e-03 +9.007303621e-03 -6.070992696e+00 -6.070992696e+00 +6.2107e-01 +2.0634e+00 -3.1584e+00
1650 +7.303442160e-03 +7.303442160e-03 -6.072696558e+00 -6.072696558e+00 +6.2010e-01 +2.0631e+00 -3.1582e+00
1723 +7.211050091e-03 +7.211050091e-03 -6.072788950e+00 -6.072788950e+00 +6.2064e-01 +2.0633e+00 -3.1585e+00
1727 +6.993904438e-03 +6.993904438e-03 -6.073006096e+00 -6.073006096e+00 +6.1997e-01 +2.0631e+00 -3.1578e+00
1738 +5.016035109e-03 +5.016035109e-03 -6.074983965e+00 -6.074983965e+00 +6.2018e-01 +2.0632e+00 -3.1582e+00
2187 +4.626305875e-03 +4.626305875e-03 -6.075373694e+00 -6.075373694e+00 +6.2016e-01 +2.0632e+00 -3.1582e+00
2200 +4.454166416e-03 +4.454166416e-03 -6.075545834e+00 -6.075545834e+00 +6.2006e-01 +2.0631e+00 -3.1581e+00
% function evaluation | noise-free fitness - Fopt (2.431100000000e+02) | best noise-free fitness - Fopt | measured fitness | best measured fitness | x1 | x2...
1 +6.994435146e+01 +6.994435146e+01 +3.130543515e+02 +3.130543515e+02 +0.0000e+00 +0.0000e+00 +0.0000e+00
2 +2.337157086e+01 +2.337157086e+01 +2.664815709e+02 +2.664815709e+02 +2.4083e-02 +5.6191e-01 +2.0464e+00
37 +2.021753376e+01 +2.021753376e+01 +2.633275338e+02 +2.633275338e+02 -2.6061e-01 +6.0771e-01 +2.2699e+00
82 +1.984425780e+01 +1.984425780e+01 +2.629542578e+02 +2.629542578e+02 -2.9148e-02 +5.8152e-01 +2.4496e+00
125 +1.898057676e+01 +1.898057676e+01 +2.620905768e+02 +2.620905768e+02 -7.1329e-03 +5.8629e-01 +2.4936e+00
188 +1.732578646e+01 +1.732578646e+01 +2.604357865e+02 +2.604357865e+02 -1.1320e-01 +7.4122e-01 +2.4264e+00
213 +1.399841082e+01 +1.399841082e+01 +2.571084108e+02 +2.571084108e+02 -1.5028e-01 +1.0635e+00 +2.4670e+00
346 +6.177121494e+00 +6.177121494e+00 +2.492871215e+02 +2.492871215e+02 -1.9966e-01 +1.8509e+00 +2.6451e+00
423 +4.309225447e+00 +4.309225447e+00 +2.474192254e+02 +2.474192254e+02 -2.7100e-01 +1.8624e+00 +2.8395e+00
462 +3.794166434e+00 +3.794166434e+00 +2.469041664e+02 +2.469041664e+02 -1.9236e-01 +1.8587e+00 +2.7523e+00
550 +3.603869572e+00 +3.603869572e+00 +2.467138696e+02 +2.467138696e+02 -1.8427e-01 +1.9193e+00 +2.7778e+00
600 +3.174882063e+00 +3.174882063e+00 +2.462848821e+02 +2.462848821e+02 -2.0691e-01 +1.8789e+00 +2.8580e+00
616 +2.690362643e+00 +2.690362643e+00 +2.458003626e+02 +2.458003626e+02 -2.1233e-01 +1.8782e+00 +2.8926e+00
774 +2.459473411e+00 +2.459473411e+00 +2.455694734e+02 +2.455694734e+02 -1.4830e-01 +1.9104e+00 +2.9395e+00
792 +1.969994764e+00 +1.969994764e+00 +2.450799948e+02 +2.450799948e+02 -1.7058e-01 +1.9053e+00 +2.9409e+00
1128 +1.904766950e+00 +1.904766950e+00 +2.450147669e+02 +2.450147669e+02 -1.6337e-01 +1.9104e+00 +2.9385e+00
1540 +1.855867467e+00 +1.855867467e+00 +2.449658675e+02 +2.449658675e+02 -1.5008e-01 +1.9195e+00 +2.9563e+00
1565 +1.744694160e+00 +1.744694160e+00 +2.448546942e+02 +2.448546942e+02 -1.5065e-01 +1.9203e+00 +2.9573e+00
1606 +1.728779136e+00 +1.728779136e+00 +2.448387791e+02 +2.448387791e+02 -1.5165e-01 +1.9192e+00 +2.9547e+00
1676 +1.685502694e+00 +1.685502694e+00 +2.447955027e+02 +2.447955027e+02 -1.5202e-01 +1.9190e+00 +2.9557e+00
1850 +1.655793629e+00 +1.655793629e+00 +2.447657936e+02 +2.447657936e+02 -1.5137e-01 +1.9196e+00 +2.9560e+00
3256 +1.621105050e+00 +1.621105050e+00 +2.447311051e+02 +2.447311051e+02 -1.5094e-01 +1.9199e+00 +2.9562e+00
% function evaluation | noise-free fitness - Fopt (-1.436200000000e+02) | best noise-free fitness - Fopt | measured fitness | best measured fitness | x1 | x2...
1 +2.056655955e+02 +2.056655955e+02 +6.204559554e+01 +6.204559554e+01 +0.0000e+00 +0.0000e+00 +0.0000e+00
3 +1.543912955e+02 +1.543912955e+02 +1.077129547e+01 +1.077129547e+01 +1.0924e+00 +2.9668e+00 +4.4227e-01
7 +1.278858611e+02 +1.278858611e+02 -1.573413893e+01 -1.573413893e+01 +1.2213e+00 +2.7951e+00 +3.3823e-01
8 +1.200640896e+02 +1.200640896e+02 -2.355591042e+01 -2.355591042e+01 +9.3497e-01 +2.8901e+00 +3.9447e-01
12 +7.891191398e+01 +7.891191398e+01 -6.470808602e+01 -6.470808602e+01 +9.0679e-01 +2.6409e+00 +2.8765e-01
33 +7.100637549e+01 +7.100637549e+01 -7.261362451e+01 -7.261362451e+01 +8.9604e-01 +2.6066e+00 +3.6911e-01
57 +6.840399819e+01 +6.840399819e+01 -7.521600181e+01 -7.521600181e+01 +1.0415e+00 +2.7471e+00 +4.8239e-01
102 +6.317258517e+01 +6.317258517e+01 -8.044741483e+01 -8.044741483e+01 +7.9753e-01 +2.7242e+00 +4.8485e-01
115 +5.544569733e+01 +5.544569733e+01 -8.817430267e+01 -8.817430267e+01 +7.6229e-01 +2.6528e+00 +5.7755e-01
2779 +5.453656176e+01 +5.453656176e+01 -8.908343824e+01 -8.908343824e+01 -1.6352e+00 +1.4338e+00 +2.2674e+00
2780 +5.069200066e+01 +5.069200066e+01 -9.292799934e+01 -9.292799934e+01 -1.5817e+00 +1.4992e+00 +2.0886e+00
2788 +3.639188504e+01 +3.639188504e+01 -1.072281150e+02 -1.072281150e+02 -1.6737e+00 +1.5376e+00 +2.1476e+00
2928 +3.378622973e+01 +3.378622973e+01 -1.098337703e+02 -1.098337703e+02 -1.6510e+00 +1.5574e+00 +2.1435e+00
3011 +3.206897898e+01 +3.206897898e+01 -1.115510210e+02 -1.115510210e+02 -1.7458e+00 +1.6575e+00 +2.2403e+00
3088 +3.117730615e+01 +3.117730615e+01 -1.124426939e+02 -1.124426939e+02 -1.6331e+00 +1.6717e+00 +1.9893e+00
3118 +2.546707860e+01 +2.546707860e+01 -1.181529214e+02 -1.181529214e+02 -2.0383e+00 +1.8038e+00 +1.9097e+00
3712 +2.366576611e+01 +2.366576611e+01 -1.199542339e+02 -1.199542339e+02 -2.0163e+00 +1.8904e+00 +1.9767e+00
3731 +2.151385514e+01 +2.151385514e+01 -1.221061449e+02 -1.221061449e+02 -1.9257e+00 +2.1398e+00 +1.9476e+00
3943 +1.611231194e+01 +1.611231194e+01 -1.275076881e+02 -1.275076881e+02 -2.2103e+00 +2.2681e+00 +1.2772e+00
3955 +9.421360615e+00 +9.421360615e+00 -1.341986394e+02 -1.341986394e+02 -2.3665e+00 +2.1999e+00 +6.6053e-01
3967 +5.497018373e+00 +5.497018373e+00 -1.381229816e+02 -1.381229816e+02 -2.6514e+00 +2.4429e+00 +4.7678e-01
3979 +5.185182517e+00 +5.185182517e+00 -1.384348175e+02 -1.384348175e+02 -2.6001e+00 +2.2989e+00 +7.3600e-02
4009 +2.029918447e+00 +2.029918447e+00 -1.415900816e+02 -1.415900816e+02 -2.9564e+00 +2.1123e+00 -1.9042e-01
4204 +1.136674883e+00 +1.136674883e+00 -1.424833251e+02 -1.424833251e+02 -2.9365e+00 +2.5922e+00 +3.0298e-01
4340 +9.550204945e-01 +9.550204945e-01 -1.426649795e+02 -1.426649795e+02 -2.7963e+00 +2.5901e+00 +3.0371e-01
4421 +8.953261442e-01 +8.953261442e-01 -1.427246739e+02 -1.427246739e+02 -2.8353e+00 +2.5292e+00 +2.0997e-01
4432 +7.077554977e-01 +7.077554977e-01 -1.429122445e+02 -1.429122445e+02 -2.8860e+00 +2.5365e+00 +2.3780e-01
4639 +6.663319016e-01 +6.663319016e-01 -1.429536681e+02 -1.429536681e+02 -2.9771e+00 +2.2754e+00 -3.4090e-02
4754 +6.049312537e-01 +6.049312537e-01 -1.430150687e+02 -1.430150687e+02 -2.9523e+00 +2.3350e+00 +2.8703e-02
4834 +5.202476308e-01 +5.202476308e-01 -1.430997524e+02 -1.430997524e+02 -2.9716e+00 +2.3215e+00 +1.1805e-02
5165 +4.948891861e-01 +4.948891861e-01 -1.431251108e+02 -1.431251108e+02 -2.9594e+00 +2.3296e+00 +2.2738e-02
5169 +4.744799266e-01 +4.744799266e-01 -1.431455201e+02 -1.431455201e+02 -2.9718e+00 +2.3175e+00 +9.5384e-03
5350 +4.541753597e-01 +4.541753597e-01 -1.431658246e+02 -1.431658246e+02 -2.9615e+00 +2.3227e+00 +1.4559e-02
5436 +4.352489804e-01 +4.352489804e-01 -1.431847510e+02 -1.431847510e+02 -2.9630e+00 +2.3249e+00 +1.7029e-02
5496 +3.939968218e-01 +3.939968218e-01 -1.432260032e+02 -1.432260032e+02 -2.9624e+00 +2.3242e+00 +1.6690e-02
5798 +3.814410514e-01 +3.814410514e-01 -1.432385589e+02 -1.432385589e+02 -2.9620e+00 +2.3253e+00 +1.7756e-02
6589 +3.799822288e-01 +3.799822288e-01 -1.432400178e+02 -1.432400178e+02 -2.9621e+00 +2.3250e+00 +1.7435e-02
% function evaluation | noise-free fitness - Fopt (4.290000000000e+01) | best noise-free fitness - Fopt | measured fitness | best measured fitness | x1 | x2...
1 +2.455339710e+01 +2.455339710e+01 +6.745339710e+01 +6.745339710e+01 +0.0000e+00 +0.0000e+00 +0.0000e+00
597 +1.619591614e+01 +1.619591614e+01 +5.909591614e+01 +5.909591614e+01 +8.4758e-01 -2.3954e+00 +2.8358e+00
660 +1.188668836e+01 +1.188668836e+01 +5.478668836e+01 +5.478668836e+01 +1.1476e+00 -3.3862e+00 +8.2470e-01
919 +8.416749036e+00 +8.416749036e+00 +5.131674904e+01 +5.131674904e+01 +5.5714e-01 -3.2188e+00 +1.0722e+00
1015 +4.932966201e+00 +4.932966201e+00 +4.783296620e+01 +4.783296620e+01 +4.7185e-01 -2.0563e+00 +9.3409e-01
1105 +4.695176978e+00 +4.695176978e+00 +4.759517698e+01 +4.759517698e+01 +1.8226e-01 -1.0779e+00 +1.7287e+00
1118 +3.455958270e+00 +3.455958270e+00 +4.635595827e+01 +4.635595827e+01 +1.0718e-01 -3.1641e-01 +2.1504e+00
1144 +1.903702460e+00 +1.903702460e+00 +4.480370246e+01 +4.480370246e+01 +4.3883e-02 -6.2563e-01 +2.0904e+00
1232 +1.431263194e+00 +1.431263194e+00 +4.433126319e+01 +4.433126319e+01 +1.6665e-01 -1.2868e+00 +1.6595e+00
1377 +9.802326573e-01 +9.802326573e-01 +4.388023266e+01 +4.388023266e+01 +1.7770e-01 -1.2879e+00 +1.6948e+00
1914 +8.386710086e-01 +8.386710086e-01 +4.373867101e+01 +4.373867101e+01 +2.7122e-01 -1.6876e+00 +1.4432e+00
2101 +8.150014824e-01 +8.150014824e-01 +4.371500148e+01 +4.371500148e+01 +2.6880e-01 -1.6757e+00 +1.4478e+00
2164 +7.546175026e-01 +7.546175026e-01 +4.365461750e+01 +4.365461750e+01 +2.7478e-01 -1.6976e+00 +1.4259e+00
2266 +7.179948555e-01 +7.179948555e-01 +4.361799486e+01 +4.361799486e+01 +2.7551e-01 -1.7039e+00 +1.4182e+00
2602 +6.899563383e-01 +6.899563383e-01 +4.358995634e+01 +4.358995634e+01 +2.7404e-01 -1.6977e+00 +1.4253e+00
2911 +6.730878028e-01 +6.730878028e-01 +4.357308780e+01 +4.357308780e+01 +2.7451e-01 -1.6992e+00 +1.4257e+00
2941 +6.507371125e-01 +6.507371125e-01 +4.355073711e+01 +4.355073711e+01 +2.7431e-01 -1.6989e+00 +1.4249e+00
3124 +6.452281831e-01 +6.452281831e-01 +4.354522818e+01 +4.354522818e+01 +2.7447e-01 -1.6992e+00 +1.4252e+00
3300 +6.215827070e-01 +6.215827070e-01 +4.352158271e+01 +4.352158271e+01 +2.7442e-01 -1.6990e+00 +1.4250e+00
3834 +6.156132946e-01 +6.156132946e-01 +4.351561329e+01 +4.351561329e+01 +2.7452e-01 -1.6994e+00 +1.4248e+00
% function evaluation | noise-free fitness - Fopt (6.286500000000e+02) | best noise-free fitness - Fopt | measured fitness | best measured fitness | x1 | x2...
1 +5.993776480e+01 +5.993776480e+01 +6.885877648e+02 +6.885877648e+02 +0.0000e+00 +0.0000e+00 +0.0000e+00
% function evaluation | noise-free fitness - Fopt (-7.163000000000e+01) | best noise-free fitness - Fopt | measured fitness | best measured fitness | x1 | x2...
1 +1.069667306e+02 +1.069667306e+02 +3.533673055e+01 +3.533673055e+01 +0.0000e+00 +0.0000e+00 +0.0000e+00
1763 +5.922551265e+01 +5.922551265e+01 -1.240448735e+01 -1.240448735e+01 +1.1494e+00 -1.8425e+00 +1.0448e+00
1773 +5.108743854e+01 +5.108743854e+01 -2.054256146e+01 -2.054256146e+01 -1.2123e+00 -1.3269e+00 +1.4963e+00
1777 +4.413958648e+01 +4.413958648e+01 -2.749041352e+01 -2.749041352e+01 -1.0180e+00 -1.2029e+00 +1.6343e+00
1814 +4.338165056e+01 +4.338165056e+01 -2.824834944e+01 -2.824834944e+01 -1.0403e+00 -1.2292e+00 +1.4924e+00
1937 +4.265794588e+01 +4.265794588e+01 -2.897205412e+01 -2.897205412e+01 -7.6167e-01 -1.4171e+00 +1.3951e+00
1973 +3.846985595e+01 +3.846985595e+01 -3.316014405e+01 -3.316014405e+01 +3.9489e-01 -1.2746e+00 +1.8619e+00
1979 +3.554150049e+01 +3.554150049e+01 -3.608849951e+01 -3.608849951e+01 -2.6482e-01 -1.4350e+00 +1.5636e+00
1987 +3.424048813e+01 +3.424048813e+01 -3.738951187e+01 -3.738951187e+01 -3.9046e-02 -1.5924e+00 +1.8009e+00
1988 +2.468172141e+01 +2.468172141e+01 -4.694827859e+01 -4.694827859e+01 +1.9459e+00 -1.5602e+00 +1.6084e+00
1992 +1.822577286e+01 +1.822577286e+01 -5.340422714e+01 -5.340422714e+01 +8.2645e-01 -2.1565e+00 +2.1209e+00
2013 +9.546932186e+00 +9.546932186e+00 -6.208306781e+01 -6.208306781e+01 +1.6708e+00 -3.4602e+00 +2.2477e+00
2070 +7.687289809e+00 +7.687289809e+00 -6.394271019e+01 -6.394271019e+01 +1.2627e+00 -3.5027e+00 +1.8177e+00
2092 +5.066260722e+00 +5.066260722e+00 -6.656373928e+01 -6.656373928e+01 +2.0504e+00 -3.2368e+00 +1.8117e+00
2105 +1.991517261e+00 +1.991517261e+00 -6.963848274e+01 -6.963848274e+01 +1.7860e+00 -3.1671e+00 +1.5475e+00
2267 +1.528512053e+00 +1.528512053e+00 -7.010148795e+01 -7.010148795e+01 +1.9797e+00 -3.1388e+00 +1.6576e+00
2320 +6.250865878e-01 +6.250865878e-01 -7.100491341e+01 -7.100491341e+01 +1.8895e+00 -3.1599e+00 +1.5595e+00
2461 +5.564661146e-01 +5.564661146e-01 -7.107353389e+01 -7.107353389e+01 +1.7839e+00 -3.3874e+00 +1.7432e+00
2620 +3.206750905e-01 +3.206750905e-01 -7.130932491e+01 -7.130932491e+01 +1.8048e+00 -3.3575e+00 +1.7512e+00
2708 +2.699924353e-01 +2.699924353e-01 -7.136000756e+01 -7.136000756e+01 +1.8071e+00 -3.4021e+00 +1.8020e+00
2714 +1.528654920e-01 +1.528654920e-01 -7.147713451e+01 -7.147713451e+01 +1.7606e+00 -3.5159e+00 +1.9094e+00
2818 +1.423432977e-01 +1.423432977e-01 -7.148765670e+01 -7.148765670e+01 +1.7837e+00 -3.4526e+00 +1.8224e+00
2862 +6.180623079e-02 +6.180623079e-02 -7.156819377e+01 -7.156819377e+01 +1.7706e+00 -3.4701e+00 +1.8508e+00
2884 +4.760712630e-02 +4.760712630e-02 -7.158239287e+01 -7.158239287e+01 +1.7677e+00 -3.4776e+00 +1.8490e+00
2928 +3.035953991e-02 +3.035953991e-02 -7.159964046e+01 -7.159964046e+01 +1.7718e+00 -3.4596e+00 +1.8309e+00
3207 +2.053619001e-02 +2.053619001e-02 -7.160946381e+01 -7.160946381e+01 +1.7603e+00 -3.4872e+00 +1.8523e+00
3258 +1.219808497e-02 +1.219808497e-02 -7.161780192e+01 -7.161780192e+01 +1.7612e+00 -3.4849e+00 +1.8521e+00
3374 +1.111498191e-02 +1.111498191e-02 -7.161888502e+01 -7.161888502e+01 +1.7609e+00 -3.4833e+00 +1.8475e+00
3403 +7.606650117e-03 +7.606650117e-03 -7.162239335e+01 -7.162239335e+01 +1.7619e+00 -3.4820e+00 +1.8477e+00
3489 +7.543726343e-03 +7.543726343e-03 -7.162245627e+01 -7.162245627e+01 +1.7638e+00 -3.4784e+00 +1.8449e+00
3590 +6.199676659e-03 +6.199676659e-03 -7.162380032e+01 -7.162380032e+01 +1.7634e+00 -3.4786e+00 +1.8440e+00
3642 +5.914339042e-03 +5.914339042e-03 -7.162408566e+01 -7.162408566e+01 +1.7636e+00 -3.4780e+00 +1.8438e+00
3720 +5.144919645e-03 +5.144919645e-03 -7.162485508e+01 -7.162485508e+01 +1.7639e+00 -3.4780e+00 +1.8442e+00
3783 +3.710625038e-03 +3.710625038e-03 -7.162628937e+01 -7.162628937e+01 +1.7639e+00 -3.4777e+00 +1.8437e+00
3886 +2.958782507e-03 +2.958782507e-03 -7.162704122e+01 -7.162704122e+01 +1.7639e+00 -3.4776e+00 +1.8436e+00
4005 +2.818173308e-03 +2.818173308e-03 -7.162718183e+01 -7.162718183e+01 +1.7638e+00 -3.4778e+00 +1.8436e+00
4094 +2.695317017e-03 +2.695317017e-03 -7.162730468e+01 -7.162730468e+01 +1.7638e+00 -3.4777e+00 +1.8435e+00
4143 +2.631514260e-03 +2.631514260e-03 -7.162736849e+01 -7.162736849e+01 +1.7638e+00 -3.4778e+00 +1.8436e+00
4377 +2.609919811e-03 +2.609919811e-03 -7.162739008e+01 -7.162739008e+01 +1.7638e+00 -3.4777e+00 +1.8435e+00
% function evaluation | noise-free fitness - Fopt (1.976000000000e+01) | best noise-free fitness - Fopt | measured fitness | best measured fitness | x1 | x2...
1 +1.718503150e+02 +1.718503150e+02 +1.916103150e+02 +1.916103150e+02 +0.0000e+00 +0.0000e+00 +0.0000e+00
2 +1.374771554e+02 +1.374771554e+02 +1.572371554e+02 +1.572371554e+02 +8.4900e-02 -1.8974e+00 -1.2329e+00
3 +4.998899544e+01 +4.998899544e+01 +6.974899544e+01 +6.974899544e+01 +2.3377e-01 -1.7622e+00 -1.3165e+00
7 +4.703331228e+01 +4.703331228e+01 +6.679331228e+01 +6.679331228e+01 +1.3066e-01 -1.6913e+00 -1.2292e+00
76 +4.670998053e+01 +4.670998053e+01 +6.646998053e+01 +6.646998053e+01 +1.8782e-01 -1.8325e+00 -1.3951e+00
106 +4.537530104e+01 +4.537530104e+01 +6.513530104e+01 +6.513530104e+01 +1.5009e-01 -1.7757e+00 -1.3958e+00
132 +4.358061386e+01 +4.358061386e+01 +6.334061386e+01 +6.334061386e+01 +1.2955e-01 -1.7839e+00 -1.4778e+00
144 +3.971190009e+01 +3.971190009e+01 +5.947190009e+01 +5.947190009e+01 +3.3392e-03 -1.8256e+00 -1.6985e+00
377 +3.866959410e+01 +3.866959410e+01 +5.842959410e+01 +5.842959410e+01 -5.0330e-02 -1.7442e+00 -1.6957e+00
528 +3.785123122e+01 +3.785123122e+01 +5.761123122e+01 +5.761123122e+01 -6.3811e-02 -1.7201e+00 -1.6790e+00
2240 +2.651110719e+01 +2.651110719e+01 +4.627110719e+01 +4.627110719e+01 -2.4285e+00 +3.7202e+00 -4.2274e+00
2246 +2.478879484e+01 +2.478879484e+01 +4.454879484e+01 +4.454879484e+01 -2.5317e+00 +3.8196e+00 -3.2656e+00
2290 +1.907957762e+01 +1.907957762e+01 +3.883957762e+01 +3.883957762e+01 -1.9908e+00 +3.8487e+00 -4.0704e+00
2318 +1.200768707e+01 +1.200768707e+01 +3.176768707e+01 +3.176768707e+01 -1.3385e+00 +4.0412e+00 -4.1881e+00
2371 +9.217269210e+00 +9.217269210e+00 +2.897726921e+01 +2.897726921e+01 -2.8608e-01 +4.0017e+00 -3.5238e+00
2395 +8.533269519e+00 +8.533269519e+00 +2.829326952e+01 +2.829326952e+01 -1.1512e+00 +4.0965e+00 -4.0305e+00
2444 +4.135317122e+00 +4.135317122e+00 +2.389531712e+01 +2.389531712e+01 -3.7504e-01 +3.8976e+00 -3.5836e+00
2591 +4.052181027e+00 +4.052181027e+00 +2.381218103e+01 +2.381218103e+01 +8.6875e-02 +3.7683e+00 -3.1689e+00
2635 +3.958383800e+00 +3.958383800e+00 +2.371838380e+01 +2.371838380e+01 -1.3332e-01 +3.8486e+00 -3.2631e+00
2657 +3.189416326e+00 +3.189416326e+00 +2.294941633e+01 +2.294941633e+01 -1.2181e-01 +3.8530e+00 -3.2970e+00
2659 +3.057009029e+00 +3.057009029e+00 +2.281700903e+01 +2.281700903e+01 -1.4921e-01 +3.8462e+00 -3.3032e+00
2981 +2.729117787e+00 +2.729117787e+00 +2.248911779e+01 +2.248911779e+01 -2.6800e-01 +3.8720e+00 -3.3741e+00
2993 +2.639946518e+00 +2.639946518e+00 +2.239994652e+01 +2.239994652e+01 -2.3159e-01 +3.8662e+00 -3.3593e+00
3016 +2.606194623e+00 +2.606194623e+00 +2.236619462e+01 +2.236619462e+01 -2.3438e-01 +3.8702e+00 -3.3700e+00
3027 +2.045166162e+00 +2.045166162e+00 +2.180516616e+01 +2.180516616e+01 -2.6126e-01 +3.8813e+00 -3.4048e+00
% function evaluation | noise-free fitness - Fopt (6.100000000000e-01) | best noise-free fitness - Fopt | measured fitness | best measured fitness | x1 | x2...
1 +2.027954052e+02 +2.027954052e+02 +2.034054052e+02 +2.034054052e+02 +0.0000e+00 +0.0000e+00 +0.0000e+00
8 +1.563815240e+02 +1.563815240e+02 +1.569915240e+02 +1.569915240e+02 -2.8930e+00 +2.4675e-01 -1.0665e+00
14 +1.501563763e+02 +1.501563763e+02 +1.507663763e+02 +1.507663763e+02 -2.9632e+00 +2.4816e-01 -1.1096e+00
28 +1.235408712e+02 +1.235408712e+02 +1.241508712e+02 +1.241508712e+02 -2.7545e+00 +1.4267e-01 -1.0714e+00
178 +1.199860215e+02 +1.199860215e+02 +1.205960215e+02 +1.205960215e+02 -2.4968e+00 +6.9083e-01 -8.9086e-01
249 +1.101621173e+02 +1.101621173e+02 +1.107721173e+02 +1.107721173e+02 -2.7628e+00 +4.2817e-01 -1.1446e+00
251 +9.498595076e+01 +9.498595076e+01 +9.559595076e+01 +9.559595076e+01 -2.6765e+00 +6.0956e-01 -1.2213e+00
479 +8.624454659e+01 +8.624454659e+01 +8.685454659e+01 +8.685454659e+01 -2.5232e+00 +8.7519e-01 -1.2384e+00
528 +8.433566372e+01 +8.433566372e+01 +8.494566372e+01 +8.494566372e+01 -2.5373e+00 +8.0471e-01 -1.2883e+00
572 +8.177463640e+01 +8.177463640e+01 +8.238463640e+01 +8.238463640e+01 -2.5575e+00 +8.3650e-01 -1.2829e+00
2798 +6.289806756e+01 +6.289806756e+01 +6.350806756e+01 +6.350806756e+01 -8.3016e-01 +4.9516e+00 -3.2538e+00
2799 +3.635955023e+01 +3.635955023e+01 +3.696955023e+01 +3.696955023e+01 -9.0103e-01 +5.0244e+00 -3.2781e+00
2820 +3.427863939e+01 +3.427863939e+01 +3.488863939e+01 +3.488863939e+01 -9.2818e-01 +4.8305e+00 -3.3575e+00
2842 +3.287380442e+01 +3.287380442e+01 +3.348380442e+01 +3.348380442e+01 -8.2041e-01 +4.5817e+00 -3.2186e+00
2865 +2.908087420e+01 +2.908087420e+01 +2.969087420e+01 +2.969087420e+01 -8.4019e-01 +4.7159e+00 -3.2281e+00
2866 +2.459309615e+01 +2.459309615e+01 +2.520309615e+01 +2.520309615e+01 -6.3146e-01 +4.6615e+00 -3.2352e+00
2943 +2.339392750e+01 +2.339392750e+01 +2.400392750e+01 +2.400392750e+01 -2.2898e-01 +4.1794e+00 -3.3259e+00
2956 +1.990764604e+01 +1.990764604e+01 +2.051764604e+01 +2.051764604e+01 -3.3147e-01 +4.3158e+00 -3.4761e+00
2983 +1.901435298e+01 +1.901435298e+01 +1.962435298e+01 +1.962435298e+01 -9.6830e-02 +4.2540e+00 -3.6072e+00
3004 +1.427394432e+01 +1.427394432e+01 +1.488394432e+01 +1.488394432e+01 +1.5825e-02 +4.7022e+00 -3.6469e+00
3011 +1.342765181e+01 +1.342765181e+01 +1.403765181e+01 +1.403765181e+01 +4.7219e-01 +4.1570e+00 -3.3379e+00
3018 +1.091640177e+01 +1.091640177e+01 +1.152640177e+01 +1.152640177e+01 +3.7919e-01 +4.0489e+00 -3.8294e+00
3044 +7.615377534e+00 +7.615377534e+00 +8.225377534e+00 +8.225377534e+00 +1.1046e+00 +2.5383e+00 -3.1042e+00
3071 +4.518661017e+00 +4.518661017e+00 +5.128661017e+00 +5.128661017e+00 +9.6788e-01 +2.2860e+00 -2.9825e+00
3080 +1.870342603e+00 +1.870342603e+00 +2.480342603e+00 +2.480342603e+00 +6.4902e-01 +2.4539e+00 -3.6206e+00
3148 +1.743063526e+00 +1.743063526e+00 +2.353063526e+00 +2.353063526e+00 +8.3168e-01 +2.1487e+00 -3.3800e+00
3214 +1.498516451e+00 +1.498516451e+00 +2.108516451e+00 +2.108516451e+00 +7.3340e-01 +2.4184e+00 -3.4808e+00
3280 +8.887518916e-01 +8.887518916e-01 +1.498751892e+00 +1.498751892e+00 +8.2117e-01 +2.2159e+00 -3.4969e+00
3323 +5.097942831e-01 +5.097942831e-01 +1.119794283e+00 +1.119794283e+00 +7.9901e-01 +2.2293e+00 -3.4818e+00
3481 +4.423205051e-01 +4.423205051e-01 +1.052320505e+00 +1.052320505e+00 +7.1923e-01 +2.3042e+00 -3.6264e+00
3588 +4.346285641e-01 +4.346285641e-01 +1.044628564e+00 +1.044628564e+00 +6.9332e-01 +2.3523e+00 -3.6641e+00
3679 +3.997951552e-01 +3.997951552e-01 +1.009795155e+00 +1.009795155e+00 +6.9611e-01 +2.3397e+00 -3.6668e+00
3852 +3.474726769e-01 +3.474726769e-01 +9.574726769e-01 +9.574726769e-01 +7.1098e-01 +2.3343e+00 -3.6424e+00
4094 +3.052233885e-01 +3.052233885e-01 +9.152233885e-01 +9.152233885e-01 +7.2447e-01 +2.3176e+00 -3.6170e+00
4504 +2.590276434e-01 +2.590276434e-01 +8.690276434e-01 +8.690276434e-01 +7.1846e-01 +2.3207e+00 -3.6274e+00
4507 +2.507251216e-01 +2.507251216e-01 +8.607251216e-01 +8.607251216e-01 +7.1421e-01 +2.3294e+00 -3.6331e+00
4748 +2.320152537e-01 +2.320152537e-01 +8.420152537e-01 +8.420152537e-01 +7.1613e-01 +2.3254e+00 -3.6316e+00
5392 +2.251082930e-01 +2.251082930e-01 +8.351082930e-01 +8.351082930e-01 +7.1291e-01 +2.3295e+00 -3.6360e+00
5478 +2.181683285e-01 +2.181683285e-01 +8.281683285e-01 +8.281683285e-01 +7.1233e-01 +2.3288e+00 -3.6370e+00
5633 +2.108618602e-01 +2.108618602e-01 +8.208618602e-01 +8.208618602e-01 +7.1189e-01 +2.3293e+00 -3.6377e+00
5853 +1.995905408e-01 +1.995905408e-01 +8.095905408e-01 +8.095905408e-01 +7.1236e-01 +2.3285e+00 -3.6371e+00
6030 +1.946409683e-01 +1.946409683e-01 +8.046409683e-01 +8.046409683e-01 +7.1273e-01 +2.3284e+00 -3.6365e+00
6793 +1.892078009e-01 +1.892078009e-01 +7.992078009e-01 +7.992078009e-01 +7.1300e-01 +2.3281e+00 -3.6361e+00
% function evaluation | noise-free fitness - Fopt (-8.634400000000e+02) | best noise-free fitness - Fopt | measured fitness | best measured fitness | x1 | x2...
1 +1.711007409e+01 +1.711007409e+01 -8.463299259e+02 -8.463299259e+02 +0.0000e+00 +0.0000e+00 +0.0000e+00
% function evaluation | noise-free fitness - Fopt (1.318500000000e+02) | best noise-free fitness - Fopt | measured fitness | best measured fitness | x1 | x2...
1 +4.213821929e+01 +4.213821929e+01 +1.739882193e+02 +1.739882193e+02 +0.0000e+00 +0.0000e+00 +0.0000e+00
117 +2.278946294e+01 +2.278946294e+01 +1.546394629e+02 +1.546394629e+02 -1.1970e+00 +2.5629e+00 +1.2626e+00
179 +2.094506024e+01 +2.094506024e+01 +1.527950602e+02 +1.527950602e+02 -7.3270e-01 +2.5263e+00 +1.1323e+00
190 +1.824772698e+01 +1.824772698e+01 +1.500977270e+02 +1.500977270e+02 -4.9846e-01 +2.6026e+00 +8.0411e-01
206 +1.306019845e+01 +1.306019845e+01 +1.449101984e+02 +1.449101984e+02 -3.6153e-01 +2.2253e+00 +2.8283e+00
227 +1.241409851e+01 +1.241409851e+01 +1.442640985e+02 +1.442640985e+02 -6.2239e-01 +2.6598e+00 +3.6642e+00
241 +1.172553753e+01 +1.172553753e+01 +1.435755375e+02 +1.435755375e+02 -3.1876e-01 +2.7331e+00 +1.9870e+00
268 +7.022291408e+00 +7.022291408e+00 +1.388722914e+02 +1.388722914e+02 +5.8064e-01 +2.7364e+00 +1.6857e+00
308 +3.330716381e+00 +3.330716381e+00 +1.351807164e+02 +1.351807164e+02 +3.6873e-01 +2.4331e+00 +1.6958e+00
395 +2.705953518e+00 +2.705953518e+00 +1.345559535e+02 +1.345559535e+02 +3.7347e-01 +3.0401e+00 +1.6344e+00
456 +2.524776664e+00 +2.524776664e+00 +1.343747767e+02 +1.343747767e+02 +3.4935e-01 +2.7957e+00 +1.5176e+00
482 +2.391899641e+00 +2.391899641e+00 +1.342418996e+02 +1.342418996e+02 +3.0706e-01 +3.1805e+00 +1.9517e+00
510 +2.246193021e+00 +2.246193021e+00 +1.340961930e+02 +1.340961930e+02 +3.0208e-01 +3.2573e+00 +1.8120e+00
528 +1.677008755e+00 +1.677008755e+00 +1.335270088e+02 +1.335270088e+02 +3.0607e-01 +3.2004e+00 +1.8348e+00
644 +1.572891556e+00 +1.572891556e+00 +1.334228916e+02 +1.334228916e+02 +2.4559e-01 +2.7090e+00 +1.8220e+00
786 +1.508743002e+00 +1.508743002e+00 +1.333587430e+02 +1.333587430e+02 +3.0124e-01 +3.2164e+00 +1.8801e+00
886 +1.453803457e+00 +1.453803457e+00 +1.333038035e+02 +1.333038035e+02 +2.9809e-01 +3.2808e+00 +1.8581e+00
898 +1.427152369e+00 +1.427152369e+00 +1.332771524e+02 +1.332771524e+02 +3.0673e-01 +3.2913e+00 +1.8780e+00
924 +1.350285532e+00 +1.350285532e+00 +1.332002855e+02 +1.332002855e+02 +3.1729e-01 +3.2879e+00 +1.8464e+00
1050 +1.174738362e+00 +1.174738362e+00 +1.330247384e+02 +1.330247384e+02 +3.0855e-01 +3.2603e+00 +1.8547e+00
1066 +1.101899539e+00 +1.101899539e+00 +1.329518995e+02 +1.329518995e+02 +3.0119e-01 +3.2607e+00 +1.8594e+00
1232 +1.036836934e+00 +1.036836934e+00 +1.328868369e+02 +1.328868369e+02 +3.0155e-01 +3.2546e+00 +1.8591e+00
1254 +9.643877329e-01 +9.643877329e-01 +1.328143877e+02 +1.328143877e+02 +3.0265e-01 +3.2428e+00 +1.8464e+00
1384 +9.509553071e-01 +9.509553071e-01 +1.328009553e+02 +1.328009553e+02 +3.0347e-01 +3.2655e+00 +1.8514e+00
1488 +9.324427441e-01 +9.324427441e-01 +1.327824427e+02 +1.327824427e+02 +3.0163e-01 +3.2424e+00 +1.8522e+00
1562 +8.755656932e-01 +8.755656932e-01 +1.327255657e+02 +1.327255657e+02 +3.0214e-01 +3.2436e+00 +1.8504e+00
1582 +8.360267722e-01 +8.360267722e-01 +1.326860268e+02 +1.326860268e+02 +3.0255e-01 +3.2430e+00 +1.8495e+00
2062 +8.158181916e-01 +8.158181916e-01 +1.326658182e+02 +1.326658182e+02 +3.0370e-01 +3.2544e+00 +1.8502e+00
2486 +8.017458309e-01 +8.017458309e-01 +1.326517458e+02 +1.326517458e+02 +3.0397e-01 +3.2568e+00 +1.8502e+00
3055 +7.899864968e-01 +7.899864968e-01 +1.326399865e+02 +1.326399865e+02 +3.0396e-01 +3.2566e+00 +1.8502e+00
