% function evaluation | noise-free fitness - Fopt (7.135000000000e+01) | best noise-free fitness - Fopt | measured fitness | best measured fitness | x1 | x2...
1 +7.554021144e+01 +7.554021144e+01 +1.468902114e+02 +1.468902114e+02 +0.0000e+00 +0.0000e+00
2 +3.237081982e+01 +3.237081982e+01 +1.037208198e+02 +1.037208198e+02 +5.4955e-01 -3.1071e+00
5 +1.218823249e+01 +1.218823249e+01 +8.353823249e+01 +8.353823249e+01 +6.4326e-01 -3.1527e+00
12 +1.065252100e+01 +1.065252100e+01 +8.200252100e+01 +8.200252100e+01 +6.9079e-01 -3.1518e+00
39 +9.442983597e+00 +9.442983597e+00 +8.079298360e+01 +8.079298360e+01 +6.2861e-01 -3.1502e+00
44 +9.203914659e+00 +9.203914659e+00 +8.055391466e+01 +8.055391466e+01 +6.3178e-01 -3.1474e+00
80 +8.237031346e+00 +8.237031346e+00 +7.958703135e+01 +7.958703135e+01 +5.8332e-01 -3.1497e+00
93 +8.004294838e+00 +8.004294838e+00 +7.935429484e+01 +7.935429484e+01 +6.1770e-01 -3.1491e+00
134 +6.150834048e+00 +6.150834048e+00 +7.750083405e+01 +7.750083405e+01 +7.8602e-01 -3.1402e+00
425 +5.041021765e+00 +5.041021765e+00 +7.639102177e+01 +7.639102177e+01 +7.8470e-01 -3.1447e+00
443 +4.695319665e+00 +4.695319665e+00 +7.604531966e+01 +7.604531966e+01 +7.9105e-01 -3.1446e+00
448 +3.382023470e+00 +3.382023470e+00 +7.473202347e+01 +7.473202347e+01 +7.9345e-01 -3.1472e+00
451 +2.257003338e+00 +2.257003338e+00 +7.360700334e+01 +7.360700334e+01 +8.4799e-01 -3.1472e+00
484 +1.832801464e+00 +1.832801464e+00 +7.318280146e+01 +7.318280146e+01 +9.0646e-01 -3.1453e+00
531 +2.914216075e-01 +2.914216075e-01 +7.164142161e+01 +7.164142161e+01 +2.0503e+00 -3.1450e+00
550 +2.477317038e-01 +2.477317038e-01 +7.159773170e+01 +7.159773170e+01 +1.8555e+00 -3.1393e+00
563 +2.321041140e-01 +2.321041140e-01 +7.158210411e+01 +7.158210411e+01 +1.8419e+00 -3.1467e+00
594 +2.059486598e-01 +2.059486598e-01 +7.155594866e+01 +7.155594866e+01 +1.8463e+00 -3.1450e+00
616 +1.046372416e-01 +1.046372416e-01 +7.145463724e+01 +7.145463724e+01 +2.0745e+00 -3.1396e+00
660 +6.977954284e-02 +6.977954284e-02 +7.141977954e+01 +7.141977954e+01 +2.0416e+00 -3.1409e+00
669 +5.097138318e-02 +5.097138318e-02 +7.140097138e+01 +7.140097138e+01 +1.9782e+00 -3.1394e+00
682 +2.701924177e-02 +2.701924177e-02 +7.137701924e+01 +7.137701924e+01 +1.9965e+00 -3.1419e+00
689 +1.992310280e-02 +1.992310280e-02 +7.136992310e+01 +7.136992310e+01 +1.9267e+00 -3.1407e+00
726 +1.115062943e-02 +1.115062943e-02 +7.136115063e+01 +7.136115063e+01 +1.9709e+00 -3.1411e+00
763 +9.286945427e-03 +9.286945427e-03 +7.135928695e+01 +7.135928695e+01 +1.9529e+00 -3.1435e+00
781 +6.028907159e-03 +6.028907159e-03 +7.135602891e+01 +7.135602891e+01 +1.9507e+00 -3.1435e+00
836 +1.673878647e-04 +1.673878647e-04 +7.135016739e+01 +7.135016739e+01 +1.9481e+00 -3.1422e+00
946 +1.303249095e-04 +1.303249095e-04 +7.135013032e+01 +7.135013032e+01 +1.9510e+00 -3.1420e+00
1097 +8.255357334e-05 +8.255357334e-05 +7.135008255e+01 +7.135008255e+01 +1.9452e+00 -3.1420e+00
1100 +7.969713820e-06 +7.969713820e-06 +7.135000797e+01 +7.135000797e+01 +1.9479e+00 -3.1419e+00
1122 +6.377573882e-06 +6.377573882e-06 +7.135000638e+01 +7.135000638e+01 +1.9476e+00 -3.1420e+00
1147 +4.654625187e-06 +4.654625187e-06 +7.135000465e+01 +7.135000465e+01 +1.9476e+00 -3.1420e+00
1151 +3.528810510e-06 +3.528810510e-06 +7.135000353e+01 +7.135000353e+01 +1.9481e+00 -3.1420e+00
1166 +2.786864513e-06 +2.786864513e-06 +7.135000279e+01 +7.135000279e+01 +1.9480e+00 -3.1420e+00
1278 +2.592063225e-06 +2.592063225e-06 +7.135000259e+01 +7.135000259e+01 +1.9480e+00 -3.1420e+00
1298 +6.454089885e-07 +6.454089885e-07 +7.135000065e+01 +7.135000065e+01 +1.9478e+00 -3.1420e+00
1324 +5.613296139e-08 +5.613296139e-08 +7.135000006e+01 +7.135000006e+01 +1.9478e+00 -3.1420e+00
1486 +1.607320144e-08 +1.607320144e-08 +7.135000002e+01 +7.135000002e+01 +1.9479e+00 -3.1420e+00
1606 +6.571681865e-09 +6.571681865e-09 +7.135000001e+01 +7.135000001e+01 +1.9479e+00 -3.1420e+00
% function evaluation | noise-free fitness - Fopt (-3.552200000000e+02) | best noise-free fitness - Fopt | measured fitness | best measured fitness | x1 | x2...
1 +2.629527895e+02 +2.629527895e+02 -9.226721048e+01 -9.226721048e+01 +0.0000e+00 +0.0000e+00
2 +7.401515119e+01 +7.401515119e+01 -2.812048488e+02 -2.812048488e+02 -1.4165e+00 -1.1158e+00
3 +7.170105029e+01 +7.170105029e+01 -2.835189497e+02 -2.835189497e+02 -1.3626e+00 -1.0746e+00
13 +1.643330611e+01 +1.643330611e+01 -3.387866939e+02 -3.387866939e+02 -1.2596e+00 -7.8353e-01
52 +1.193706758e+01 +1.193706758e+01 -3.432829324e+02 -3.432829324e+02 -1.2476e+00 -8.1763e-01
99 +7.961930858e+00 +7.961930858e+00 -3.472580691e+02 -3.472580691e+02 -1.1500e+00 -7.7315e-01
220 +4.962151487e+00 +4.962151487e+00 -3.502578485e+02 -3.502578485e+02 -1.1679e+00 -7.7274e-01
560 +4.491738945e+00 +4.491738945e+00 -3.507282611e+02 -3.507282611e+02 -1.1649e+00 -7.7258e-01
773 +4.380981665e+00 +4.380981665e+00 -3.508390183e+02 -3.508390183e+02 -1.1662e+00 -7.7308e-01
1022 +4.276530266e+00 +4.276530266e+00 -3.509434697e+02 -3.509434697e+02 -1.1660e+00 -7.7311e-01
1034 +4.243339544e+00 +4.243339544e+00 -3.509766605e+02 -3.509766605e+02 -1.1660e+00 -7.7313e-01
6936 +3.658709191e-01 +3.658709191e-01 -3.548541291e+02 -3.548541291e+02 -2.1699e+00 -2.1930e+00
7110 +3.366566136e-01 +3.366566136e-01 -3.548833434e+02 -3.548833434e+02 -2.3069e+00 -2.2537e+00
7132 +7.532940281e-02 +7.532940281e-02 -3.551446706e+02 -3.551446706e+02 -2.3258e+00 -2.2307e+00
7175 +8.241910764e-03 +8.241910764e-03 -3.552117581e+02 -3.552117581e+02 -2.3794e+00 -2.2586e+00
7268 +8.311444787e-04 +8.311444787e-04 -3.552191689e+02 -3.552191689e+02 -2.3520e+00 -2.2484e+00
7476 +7.529115443e-04 +7.529115443e-04 -3.552192471e+02 -3.552192471e+02 -2.3585e+00 -2.2494e+00
7484 +2.122666951e-04 +2.122666951e-04 -3.552197877e+02 -3.552197877e+02 -2.3489e+00 -2.2462e+00
7519 +1.213087308e-04 +1.213087308e-04 -3.552198787e+02 -3.552198787e+02 -2.3546e+00 -2.2480e+00
7579 +1.171463778e-04 +1.171463778e-04 -3.552198829e+02 -3.552198829e+02 -2.3516e+00 -2.2472e+00
7587 +6.826938079e-05 +6.826938079e-05 -3.552199317e+02 -3.552199317e+02 -2.3548e+00 -2.2487e+00
7600 +2.201874770e-05 +2.201874770e-05 -3.552199780e+02 -3.552199780e+02 -2.3539e+00 -2.2481e+00
7634 +1.404873933e-05 +1.404873933e-05 -3.552199860e+02 -3.552199860e+02 -2.3543e+00 -2.2484e+00
7684 +6.734542239e-06 +6.734542239e-06 -3.552199933e+02 -3.552199933e+02 -2.3535e+00 -2.2481e+00
7726 +9.945279089e-08 +9.945279089e-08 -3.552199999e+02 -3.552199999e+02 -2.3532e+00 -2.2480e+00
8045 +1.994857257e-08 +1.994857257e-08 -3.552200000e+02 -3.552200000e+02 -2.3532e+00 -2.2480e+00
8092 +1.595452659e-08 +1.595452659e-08 -3.552200000e+02 -3.552200000e+02 -2.3532e+00 -2.2480e+00
8122 +7.117307632e-09 +7.117307632e-09 -3.552200000e+02 -3.552200000e+02 -2.3532e+00 -2.2480e+00
8218 +0.000000000e+00 +0.000000000e+00 -3.552200000e+02 -3.552200000e+02 -2.3532e+00 -2.2480e+00
% function evaluation | noise-free fitness - Fopt (9.917000000000e+01) | best noise-free fitness - Fopt | measured fitness | best measured fitness | x1 | x2...
1 +3.418304207e+01 +3.418304207e+01 +1.333530421e+02 +1.333530421e+02 +0.0000e+00 +0.0000e+00
6 +1.403021481e+01 +1.403021481e+01 +1.132002148e+02 +1.132002148e+02 +1.2714e+00 +1.1905e+00
16 +7.413758496e+00 +7.413758496e+00 +1.065837585e+02 +1.065837585e+02 +1.1604e+00 +1.2437e+00
76 +5.725164789e+00 +5.725164789e+00 +1.048951648e+02 +1.048951648e+02 +9.2066e-01 +1.0614e+00
79 +1.060333618e+00 +1.060333618e+00 +1.002303336e+02 +1.002303336e+02 +7.2264e-01 +1.1239e+00
132 +9.296698618e-01 +9.296698618e-01 +1.000996699e+02 +1.000996699e+02 +8.0763e-01 +1.0520e+00
173 +9.033258549e-01 +9.033258549e-01 +1.000733259e+02 +1.000733259e+02 +7.2352e-01 +1.1265e+00
175 +8.653615679e-01 +8.653615679e-01 +1.000353616e+02 +1.000353616e+02 +7.5178e-01 +1.1327e+00
176 +7.249993906e-01 +7.249993906e-01 +9.989499939e+01 +9.989499939e+01 +7.6776e-01 +1.1093e+00
180 +8.536669048e-03 +8.536669048e-03 +9.917853667e+01 +9.917853667e+01 +5.2006e-01 +1.3782e+00
330 +1.780829356e-03 +1.780829356e-03 +9.917178083e+01 +9.917178083e+01 +5.1722e-01 +1.3875e+00
594 +8.520105291e-04 +8.520105291e-04 +9.917085201e+01 +9.917085201e+01 +5.2661e-01 +1.3753e+00
607 +2.831501187e-04 +2.831501187e-04 +9.917028315e+01 +9.917028315e+01 +5.1800e-01 +1.3852e+00
770 +3.872221269e-05 +3.872221269e-05 +9.917003872e+01 +9.917003872e+01 +5.1971e-01 +1.3836e+00
1232 +2.910941924e-05 +2.910941924e-05 +9.917002911e+01 +9.917002911e+01 +5.2062e-01 +1.3829e+00
1257 +2.457725201e-05 +2.457725201e-05 +9.917002458e+01 +9.917002458e+01 +5.2010e-01 +1.3830e+00
1276 +9.747960249e-06 +9.747960249e-06 +9.917000975e+01 +9.917000975e+01 +5.2101e-01 +1.3823e+00
1314 +5.862739272e-08 +5.862739272e-08 +9.917000006e+01 +9.917000006e+01 +5.2055e-01 +1.3828e+00
30928 +1.145717476e-08 +1.145717476e-08 +9.917000001e+01 +9.917000001e+01 -2.9438e+00 +2.9144e+00
30934 +1.625323875e-09 +1.625323875e-09 +9.917000000e+01 +9.917000000e+01 -2.9439e+00 +2.9144e+00
% function evaluation | noise-free fitness - Fopt (-5.179100000000e+02) | best noise-free fitness - Fopt | measured fitness | best measured fitness | x1 | x2...
1 +6.376199996e+01 +6.376199996e+01 -4.541480000e+02 -4.541480000e+02 +0.0000e+00 +0.0000e+00
3 +5.063308324e+01 +5.063308324e+01 -4.672769168e+02 -4.672769168e+02 +1.1408e+00 +1.4390e+00
5 +3.626380676e+01 +3.626380676e+01 -4.816461932e+02 -4.816461932e+02 +1.0401e+00 +1.3919e+00
278 +3.179862702e+01 +3.179862702e+01 -4.861113730e+02 -4.861113730e+02 +9.3392e-01 +1.3327e+00
330 +3.108845852e+01 +3.108845852e+01 -4.868215415e+02 -4.868215415e+02 +9.3939e-01 +1.3338e+00
352 +3.016527122e+01 +3.016527122e+01 -4.877447288e+02 -4.877447288e+02 +9.6378e-01 +1.3458e+00
356 +2.899804536e+01 +2.899804536e+01 -4.889119546e+02 -4.889119546e+02 +9.7276e-01 +1.3552e+00
411 +2.779236466e+01 +2.779236466e+01 -4.901176353e+02 -4.901176353e+02 +9.5487e-01 +1.3417e+00
572 +2.702151296e+01 +2.702151296e+01 -4.908884870e+02 -4.908884870e+02 +9.7158e-01 +1.3532e+00
618 +2.655123893e+01 +2.655123893e+01 -4.913587611e+02 -4.913587611e+02 +9.7268e-01 +1.3546e+00
704 +2.596019821e+01 +2.596019821e+01 -4.919498018e+02 -4.919498018e+02 +9.7412e-01 +1.3542e+00
726 +2.528480301e+01 +2.528480301e+01 -4.926251970e+02 -4.926251970e+02 +9.7689e-01 +1.3555e+00
778 +2.489730488e+01 +2.489730488e+01 -4.930126951e+02 -4.930126951e+02 +9.7744e-01 +1.3557e+00
1055 +2.446681193e+01 +2.446681193e+01 -4.934431881e+02 -4.934431881e+02 +9.7666e-01 +1.3552e+00
3039 +2.357530791e+01 +2.357530791e+01 -4.943346921e+02 -4.943346921e+02 +2.7872e+00 +1.3752e+00
3041 +1.475359936e+01 +1.475359936e+01 -5.031564006e+02 -5.031564006e+02 +1.9003e-01 -3.3380e+00
3079 +1.409955728e+01 +1.409955728e+01 -5.038104427e+02 -5.038104427e+02 +1.3567e-01 -3.4078e+00
3081 +1.281900900e+01 +1.281900900e+01 -5.050909910e+02 -5.050909910e+02 +1.8038e-01 -3.3449e+00
3156 +1.153299052e+01 +1.153299052e+01 -5.063770095e+02 -5.063770095e+02 -6.2647e-02 -3.6383e+00
3247 +1.028717019e+01 +1.028717019e+01 -5.076228298e+02 -5.076228298e+02 -4.6086e-02 -3.6451e+00
3310 +9.532011016e+00 +9.532011016e+00 -5.083779890e+02 -5.083779890e+02 -1.7964e-02 -3.6218e+00
3348 +9.288709193e+00 +9.288709193e+00 -5.086212908e+02 -5.086212908e+02 -6.6893e-02 -3.6613e+00
3371 +8.729500160e+00 +8.729500160e+00 -5.091804998e+02 -5.091804998e+02 -2.3280e-02 -3.6246e+00
3423 +8.161557905e+00 +8.161557905e+00 -5.097484421e+02 -5.097484421e+02 -6.6009e-02 -3.6547e+00
3508 +8.121684835e+00 +8.121684835e+00 -5.097883152e+02 -5.097883152e+02 -6.2105e-02 -3.6523e+00
3696 +7.763582232e+00 +7.763582232e+00 -5.101464178e+02 -5.101464178e+02 -6.5580e-02 -3.6549e+00
3933 +7.669036214e+00 +7.669036214e+00 -5.102409638e+02 -5.102409638e+02 -6.5362e-02 -3.6548e+00
6784 +6.742192588e+00 +6.742192588e+00 -5.111678074e+02 -5.111678074e+02 -1.7107e+00 -9.5812e-01
6811 +6.160145153e+00 +6.160145153e+00 -5.117498548e+02 -5.117498548e+02 -1.5735e+00 -8.8949e-01
6839 +5.485144318e+00 +5.485144318e+00 -5.124248557e+02 -5.124248557e+02 -1.8790e+00 -1.2542e+00
6841 +1.513825237e+00 +1.513825237e+00 -5.163961748e+02 -5.163961748e+02 -1.6667e+00 -9.8290e-01
6947 +7.331623701e-01 +7.331623701e-01 -5.171768376e+02 -5.171768376e+02 -2.3523e+00 -1.4982e+00
7109 +7.192722929e-01 +7.192722929e-01 -5.171907277e+02 -5.171907277e+02 -1.9586e+00 -1.2299e+00
7110 +4.037979390e-01 +4.037979390e-01 -5.175062021e+02 -5.175062021e+02 -1.9965e+00 -1.2523e+00
7136 +1.827637396e-01 +1.827637396e-01 -5.177272363e+02 -5.177272363e+02 -2.2396e+00 -1.4366e+00
7188 +1.803575277e-01 +1.803575277e-01 -5.177296425e+02 -5.177296425e+02 -2.2222e+00 -1.4273e+00
7220 +1.711935190e-01 +1.711935190e-01 -5.177388065e+02 -5.177388065e+02 -2.1489e+00 -1.3866e+00
7233 +7.941614723e-02 +7.941614723e-02 -5.178305839e+02 -5.178305839e+02 -2.1986e+00 -1.4368e+00
7272 +3.643141187e-03 +3.643141187e-03 -5.179063569e+02 -5.179063569e+02 -2.2288e+00 -1.4488e+00
7290 +5.228282664e-04 +5.228282664e-04 -5.179094772e+02 -5.179094772e+02 -2.2341e+00 -1.4504e+00
7391 +2.612339684e-04 +2.612339684e-04 -5.179097388e+02 -5.179097388e+02 -2.2293e+00 -1.4479e+00
7690 +1.061385911e-04 +1.061385911e-04 -5.179098939e+02 -5.179098939e+02 -2.2325e+00 -1.4492e+00
7718 +4.326472640e-05 +4.326472640e-05 -5.179099567e+02 -5.179099567e+02 -2.2321e+00 -1.4496e+00
8071 +2.619299187e-05 +2.619299187e-05 -5.179099738e+02 -5.179099738e+02 -2.2326e+00 -1.4500e+00
8137 +1.599065854e-05 +1.599065854e-05 -5.179099840e+02 -5.179099840e+02 -2.2323e+00 -1.4496e+00
8215 +1.538041715e-05 +1.538041715e-05 -5.179099846e+02 -5.179099846e+02 -2.2325e+00 -1.4499e+00
8237 +1.299517862e-05 +1.299517862e-05 -5.179099870e+02 -5.179099870e+02 -2.2324e+00 -1.4496e+00
8292 +7.880435987e-06 +7.880435987e-06 -5.179099921e+02 -5.179099921e+02 -2.2324e+00 -1.4497e+00
8349 +6.850611953e-06 +6.850611953e-06 -5.179099931e+02 -5.179099931e+02 -2.2317e+00 -1.4492e+00
8400 +5.629229918e-06 +5.629229918e-06 -5.179099944e+02 -5.179099944e+02 -2.2319e+00 -1.4495e+00
8410 +3.509447538e-06 +3.509447538e-06 -5.179099965e+02 -5.179099965e+02 -2.2316e+00 -1.4491e+00
% function evaluation | noise-free fitness - Fopt (-5.721000000000e+01) | best noise-free fitness - Fopt | measured fitness | best measured fitness | x1 | x2...
1 +7.084914332e+01 +7.084914332e+01 +1.363914332e+01 +1.363914332e+01 +0.0000e+00 +0.0000e+00
2 +5.395678515e+01 +5.395678515e+01 -3.253214848e+00 -3.253214848e+00 +5.7591e-01 -1.9963e+00
16 +4.891516482e+01 +4.891516482e+01 -8.294835178e+00 -8.294835178e+00 +5.3450e-01 -1.9743e+00
19 +1.192584938e+01 +1.192584938e+01 -4.528415062e+01 -4.528415062e+01 +9.8282e-01 -2.0183e+00
114 +9.894610341e+00 +9.894610341e+00 -4.731538966e+01 -4.731538966e+01 +1.0333e+00 -1.9055e+00
116 +7.444095538e+00 +7.444095538e+00 -4.976590446e+01 -4.976590446e+01 +1.1544e+00 -1.8750e+00
120 +4.775492385e+00 +4.775492385e+00 -5.243450762e+01 -5.243450762e+01 +1.1903e+00 -1.8478e+00
152 +4.310040780e+00 +4.310040780e+00 -5.289995922e+01 -5.289995922e+01 +9.7632e-01 -2.9361e+00
156 +4.171468676e+00 +4.171468676e+00 -5.303853132e+01 -5.303853132e+01 +1.0181e+00 -1.6758e+00
166 +2.209206126e+00 +2.209206126e+00 -5.500079387e+01 -5.500079387e+01 +1.2104e+00 -1.7367e+00
230 +1.975795666e+00 +1.975795666e+00 -5.523420433e+01 -5.523420433e+01 +1.1706e+00 -1.7419e+00
240 +6.599768215e-01 +6.599768215e-01 -5.655002318e+01 -5.655002318e+01 +9.6142e-01 -1.4629e+00
286 +2.436899412e-01 +2.436899412e-01 -5.696631006e+01 -5.696631006e+01 +9.9829e-01 -1.4948e+00
313 +1.355421564e-02 +1.355421564e-02 -5.719644578e+01 -5.719644578e+01 +9.1667e-01 -1.3543e+00
809 +1.079515304e-02 +1.079515304e-02 -5.719920485e+01 -5.719920485e+01 +9.4685e-01 -1.4096e+00
884 +6.195036433e-03 +6.195036433e-03 -5.720380496e+01 -5.720380496e+01 +9.4584e-01 -1.4069e+00
902 +6.023273882e-03 +6.023273882e-03 -5.720397673e+01 -5.720397673e+01 +9.4477e-01 -1.4055e+00
957 +5.046764816e-03 +5.046764816e-03 -5.720495324e+01 -5.720495324e+01 +9.3601e-01 -1.3913e+00
1062 +3.745350453e-03 +3.745350453e-03 -5.720625465e+01 -5.720625465e+01 +9.3555e-01 -1.3904e+00
1103 +1.572826448e-03 +1.572826448e-03 -5.720842717e+01 -5.720842717e+01 +9.3346e-01 -1.3872e+00
1155 +1.225828866e-03 +1.225828866e-03 -5.720877417e+01 -5.720877417e+01 +9.2722e-01 -1.3757e+00
1166 +4.134410022e-04 +4.134410022e-04 -5.720958656e+01 -5.720958656e+01 +9.2678e-01 -1.3753e+00
1188 +2.031008950e-04 +2.031008950e-04 -5.720979690e+01 -5.720979690e+01 +9.2292e-01 -1.3695e+00
1254 +4.601616639e-05 +4.601616639e-05 -5.720995398e+01 -5.720995398e+01 +9.2530e-01 -1.3732e+00
1520 +4.225123364e-05 +4.225123364e-05 -5.720995775e+01 -5.720995775e+01 +9.2513e-01 -1.3731e+00
11738 +2.738302395e-05 +2.738302395e-05 -5.720997262e+01 -5.720997262e+01 +3.8250e-01 +9.4359e-01
11752 +8.736542327e-06 +8.736542327e-06 -5.720999126e+01 -5.720999126e+01 +3.8322e-01 +9.4325e-01
11956 +4.790388502e-06 +4.790388502e-06 -5.720999521e+01 -5.720999521e+01 +3.8393e-01 +9.4302e-01
12029 +1.113305522e-06 +1.113305522e-06 -5.720999889e+01 -5.720999889e+01 +3.8374e-01 +9.4308e-01
12082 +6.034289299e-07 +6.034289299e-07 -5.720999940e+01 -5.720999940e+01 +3.8358e-01 +9.4315e-01
12103 +4.538105571e-07 +4.538105571e-07 -5.720999955e+01 -5.720999955e+01 +3.8334e-01 +9.4326e-01
12148 +4.103222295e-08 +4.103222295e-08 -5.720999996e+01 -5.720999996e+01 +3.8356e-01 +9.4316e-01
12271 +5.180524454e-09 +5.180524454e-09 -5.720999999e+01 -5.720999999e+01 +3.8349e-01 +9.4320e-01
% function evaluation | noise-free fitness - Fopt (-1.000000000000e+03) | best noise-free fitness - Fopt | measured fitness | best measured fitness | x1 | x2...
1 +2.764021458e+01 +2.764021458e+01 -9.723597854e+02 -9.723597854e+02 +0.0000e+00 +0.0000e+00
37 +2.586892149e+01 +2.586892149e+01 -9.741310785e+02 -9.741310785e+02 +9.3272e-01 +3.0792e+00
51 +1.835715438e+01 +1.835715438e+01 -9.816428456e+02 -9.816428456e+02 +9.2551e-01 +3.0663e+00
72 +1.576506535e+01 +1.576506535e+01 -9.842349347e+02 -9.842349347e+02 +9.1181e-01 +3.0887e+00
77 +1.072914817e+01 +1.072914817e+01 -9.892708518e+02 -9.892708518e+02 +8.1120e-01 +3.4797e+00
95 +9.288622698e+00 +9.288622698e+00 -9.907113773e+02 -9.907113773e+02 +7.6711e-01 +3.6556e+00
122 +7.661963899e+00 +7.661963899e+00 -9.923380361e+02 -9.923380361e+02 +7.3103e-01 +3.8096e+00
187 +4.948975119e-01 +4.948975119e-01 -9.995051025e+02 -9.995051025e+02 +1.9790e+00 +3.3176e+00
446 +4.012735332e-01 +4.012735332e-01 -9.995987265e+02 -9.995987265e+02 +1.9695e+00 +3.2095e+00
487 +2.248949601e-01 +2.248949601e-01 -9.997751050e+02 -9.997751050e+02 +1.9003e+00 +3.5269e+00
586 +1.866849990e-01 +1.866849990e-01 -9.998133150e+02 -9.998133150e+02 +1.8969e+00 +3.4397e+00
660 +4.693518465e-03 +4.693518465e-03 -9.999953065e+02 -9.999953065e+02 +1.9185e+00 +3.4124e+00
792 +4.370203056e-03 +4.370203056e-03 -9.999956298e+02 -9.999956298e+02 +1.9176e+00 +3.4164e+00
843 +4.252729862e-03 +4.252729862e-03 -9.999957473e+02 -9.999957473e+02 +1.9068e+00 +3.4642e+00
863 +3.388287342e-03 +3.388287342e-03 -9.999966117e+02 -9.999966117e+02 +1.9137e+00 +3.4313e+00
883 +8.776669617e-04 +8.776669617e-04 -9.999991223e+02 -9.999991223e+02 +1.9152e+00 +3.4317e+00
924 +2.640000303e-04 +2.640000303e-04 -9.999997360e+02 -9.999997360e+02 +1.9179e+00 +3.4220e+00
946 +2.790173949e-05 +2.790173949e-05 -9.999999721e+02 -9.999999721e+02 +1.9183e+00 +3.4192e+00
992 +1.194060860e-05 +1.194060860e-05 -9.999999881e+02 -9.999999881e+02 +1.9182e+00 +3.4198e+00
1219 +5.971119663e-06 +5.971119663e-06 -9.999999940e+02 -9.999999940e+02 +1.9177e+00 +3.4212e+00
1316 +5.472973157e-06 +5.472973157e-06 -9.999999945e+02 -9.999999945e+02 +1.9180e+00 +3.4203e+00
1359 +4.884204486e-06 +4.884204486e-06 -9.999999951e+02 -9.999999951e+02 +1.9180e+00 +3.4201e+00
1392 +8.059699894e-07 +8.059699894e-07 -9.999999992e+02 -9.999999992e+02 +1.9179e+00 +3.4209e+00
1446 +1.182252163e-07 +1.182252163e-07 -9.999999999e+02 -9.999999999e+02 +1.9179e+00 +3.4208e+00
1506 +2.011802280e-08 +2.011802280e-08 -1.000000000e+03 -1.000000000e+03 +1.9179e+00 +3.4208e+00
1830 +1.702346708e-08 +1.702346708e-08 -1.000000000e+03 -1.000000000e+03 +1.9179e+00 +3.4209e+00
1833 +1.001512828e-08 +1.001512828e-08 -1.000000000e+03 -1.000000000e+03 +1.9179e+00 +3.4208e+00
1848 +3.271225069e-09 +3.271225069e-09 -1.000000000e+03 -1.000000000e+03 +1.9179e+00 +3.4209e+00
% function evaluation | noise-free fitness - Fopt (-6.554000000000e+01) | best noise-free fitness - Fopt | measured fitness | best measured fitness | x1 | x2...
1 +2.734228213e+02 +2.734228213e+02 +2.078828213e+02 +2.078828213e+02 +0.0000e+00 +0.0000e+00
3 +2.149091630e+02 +2.149091630e+02 +1.493691630e+02 +1.493691630e+02 +2.2416e+00 +6.8897e-01
4 +1.861138492e+02 +1.861138492e+02 +1.205738492e+02 +1.205738492e+02 +2.2416e+00 +8.0507e-01
6 +1.532383537e+02 +1.532383537e+02 +8.769835375e+01 +8.769835375e+01 +2.4163e+00 +8.4286e-01
10 +1.268688441e+02 +1.268688441e+02 +6.132884409e+01 +6.132884409e+01 +2.3297e+00 +6.4003e-01
20 +1.241423806e+02 +1.241423806e+02 +5.860238056e+01 +5.860238056e+01 +2.4374e+00 +9.0070e-01
26 +7.071531193e+01 +7.071531193e+01 +5.175311929e+00 +5.175311929e+00 +2.3019e+00 +5.2158e-01
34 +3.765173513e+01 +3.765173513e+01 -2.788826487e+01 -2.788826487e+01 +3.2531e+00 +9.3017e-01
47 +2.878511777e+01 +2.878511777e+01 -3.675488223e+01 -3.675488223e+01 +2.6014e+00 +6.5903e-01
63 +2.664182068e+01 +2.664182068e+01 -3.889817932e+01 -3.889817932e+01 +3.4862e+00 +1.0222e+00
117 +2.275371783e+01 +2.275371783e+01 -4.278628217e+01 -4.278628217e+01 +5.1713e+00 -1.2327e-01
143 +1.013475186e+01 +1.013475186e+01 -5.540524814e+01 -5.540524814e+01 +2.9605e-01 -3.7375e-01
224 +8.940140847e+00 +8.940140847e+00 -5.659985915e+01 -5.659985915e+01 +4.1094e+00 +3.0882e-01
228 +6.341154752e+00 +6.341154752e+00 -5.919884525e+01 -5.919884525e+01 +5.2182e+00 +2.0277e+00
476 +6.001711121e+00 +6.001711121e+00 -5.953828888e+01 -5.953828888e+01 +5.3309e+00 +2.0539e+00
531 +9.472285737e-01 +9.472285737e-01 -6.459277143e+01 -6.459277143e+01 +4.9915e+00 +4.4878e+00
779 +9.210348580e-01 +9.210348580e-01 -6.461896514e+01 -6.461896514e+01 +5.0066e+00 +4.4739e+00
816 +7.074556553e-01 +7.074556553e-01 -6.483254434e+01 -6.483254434e+01 +5.2058e+00 +4.5992e+00
986 +5.124869219e-01 +5.124869219e-01 -6.502751308e+01 -6.502751308e+01 +5.3082e+00 +4.6329e+00
996 +2.959156867e-01 +2.959156867e-01 -6.524408431e+01 -6.524408431e+01 +5.1821e+00 +4.5689e+00
1203 +2.867594109e-01 +2.867594109e-01 -6.525324059e+01 -6.525324059e+01 +5.1656e+00 +4.5692e+00
1282 +2.612393968e-01 +2.612393968e-01 -6.527876060e+01 -6.527876060e+01 +5.1705e+00 +4.5637e+00
1311 +1.827443644e-01 +1.827443644e-01 -6.535725564e+01 -6.535725564e+01 +5.1672e+00 +4.5654e+00
10938 +1.777953289e-01 +1.777953289e-01 -6.536220467e+01 -6.536220467e+01 +5.1709e+00 +4.5673e+00
11138 +1.716961297e-01 +1.716961297e-01 -6.536830387e+01 -6.536830387e+01 +5.1715e+00 +4.5674e+00
11666 +1.697270614e-01 +1.697270614e-01 -6.537027294e+01 -6.537027294e+01 +5.1713e+00 +4.5674e+00
13186 +1.486924449e-01 +1.486924449e-01 -6.539130756e+01 -6.539130756e+01 -2.8415e+00 -9.2116e-01
13278 +1.332521126e-01 +1.332521126e-01 -6.540674789e+01 -6.540674789e+01 -2.8945e+00 -9.5943e-01
13351 +6.044228293e-02 +6.044228293e-02 -6.547955772e+01 -6.547955772e+01 -2.8486e+00 -9.2750e-01
13421 +1.166669875e-02 +1.166669875e-02 -6.552833330e+01 -6.552833330e+01 -2.9469e+00 -1.0074e+00
13498 +8.452440738e-03 +8.452440738e-03 -6.553154756e+01 -6.553154756e+01 -2.9365e+00 -9.9326e-01
13599 +7.149459886e-03 +7.149459886e-03 -6.553285054e+01 -6.553285054e+01 -2.9347e+00 -9.9952e-01
13704 +6.413835951e-04 +6.413835951e-04 -6.553935862e+01 -6.553935862e+01 -2.9249e+00 -9.8885e-01
13865 +2.036709781e-04 +2.036709781e-04 -6.553979633e+01 -6.553979633e+01 -2.9346e+00 -9.9660e-01
13888 +1.681371594e-04 +1.681371594e-04 -6.553983186e+01 -6.553983186e+01 -2.9347e+00 -9.9627e-01
13952 +5.445016711e-05 +5.445016711e-05 -6.553994555e+01 -6.553994555e+01 -2.9341e+00 -9.9605e-01
13998 +2.909733723e-06 +2.909733723e-06 -6.553999709e+01 -6.553999709e+01 -2.9331e+00 -9.9527e-01
14286 +5.907941159e-08 +5.907941159e-08 -6.553999994e+01 -6.553999994e+01 -2.9330e+00 -9.9515e-01
19658 +5.326516828e-08 +5.326516828e-08 -6.553999995e+01 -6.553999995e+01 -3.3301e+00 +7.8051e-02
19726 +1.811940820e-09 +1.811940820e-09 -6.554000000e+01 -6.554000000e+01 -3.3301e+00 +7.8040e-02
% function evaluation | noise-free fitness - Fopt (-2.375000000000e+01) | best noise-free fitness - Fopt | measured fitness | best measured fitness | x1 | x2...
1 +2.711322325e+02 +2.711322325e+02 +2.473822325e+02 +2.473822325e+02 +0.0000e+00 +0.0000e+00
2 +6.682703330e+01 +6.682703330e+01 +4.307703330e+01 +4.307703330e+01 +2.1886e+00 +1.2514e+00
7 +5.307868997e+01 +5.307868997e+01 +2.932868997e+01 +2.932868997e+01 +2.1921e+00 +1.3125e+00
17 +4.243089127e+01 +4.243089127e+01 +1.868089127e+01 +1.868089127e+01 +2.4773e+00 +1.0420e+00
30 +2.029949041e+01 +2.029949041e+01 -3.450509587e+00 -3.450509587e+00 +2.4626e+00 +1.3735e+00
77 +1.537857091e+01 +1.537857091e+01 -8.371429094e+00 -8.371429094e+00 +2.4954e+00 +1.4760e+00
138 +1.345396252e+01 +1.345396252e+01 -1.029603748e+01 -1.029603748e+01 +1.8145e+00 +1.5065e+00
144 +3.845405500e+00 +3.845405500e+00 -1.990459450e+01 -1.990459450e+01 +2.3175e+00 +2.9099e+00
145 +3.490333060e+00 +3.490333060e+00 -2.025966694e+01 -2.025966694e+01 +1.6556e+00 +4.1542e-01
187 +1.672509344e-01 +1.672509344e-01 -2.358274907e+01 -2.358274907e+01 +1.6640e+00 +6.6743e-01
515 +2.658301854e-02 +2.658301854e-02 -2.372341698e+01 -2.372341698e+01 +1.6567e+00 +7.1701e-01
634 +1.272130129e-02 +1.272130129e-02 -2.373727870e+01 -2.373727870e+01 +1.6571e+00 +7.5255e-01
659 +3.069211801e-03 +3.069211801e-03 -2.374693079e+01 -2.374693079e+01 +1.6573e+00 +7.4116e-01
726 +6.779475778e-04 +6.779475778e-04 -2.374932205e+01 -2.374932205e+01 +1.6575e+00 +7.3102e-01
871 +1.536945042e-05 +1.536945042e-05 -2.374998463e+01 -2.374998463e+01 +1.6576e+00 +7.3420e-01
990 +7.935780921e-06 +7.935780921e-06 -2.374999206e+01 -2.374999206e+01 +1.6576e+00 +7.3406e-01
1016 +7.534103617e-06 +7.534103617e-06 -2.374999247e+01 -2.374999247e+01 +1.6577e+00 +7.3328e-01
1034 +3.876545918e-06 +3.876545918e-06 -2.374999612e+01 -2.374999612e+01 +1.6576e+00 +7.3375e-01
1100 +1.426522442e-06 +1.426522442e-06 -2.374999857e+01 -2.374999857e+01 +1.6576e+00 +7.3397e-01
1213 +1.356605168e-06 +1.356605168e-06 -2.374999864e+01 -2.374999864e+01 +1.6577e+00 +7.3345e-01
1225 +1.009782117e-06 +1.009782117e-06 -2.374999899e+01 -2.374999899e+01 +1.6577e+00 +7.3348e-01
1232 +9.407450463e-08 +9.407450463e-08 -2.374999991e+01 -2.374999991e+01 +1.6576e+00 +7.3373e-01
1276 +6.608741643e-08 +6.608741643e-08 -2.374999993e+01 -2.374999993e+01 +1.6577e+00 +7.3356e-01
1364 +5.544787030e-08 +5.544787030e-08 -2.374999994e+01 -2.374999994e+01 +1.6577e+00 +7.3356e-01
1390 +2.940602073e-08 +2.940602073e-08 -2.374999997e+01 -2.374999997e+01 +1.6577e+00 +7.3360e-01
1588 +9.062496531e-09 +9.062496531e-09 -2.374999999e+01 -2.374999999e+01 +1.6577e+00 +7.3361e-01
% function evaluation | noise-free fitness - Fopt (3.513000000000e+01) | best noise-free fitness - Fopt | measured fitness | best measured fitness | x1 | x2...
1 +4.176014743e+01 +4.176014743e+01 +7.689014743e+01 +7.689014743e+01 +0.0000e+00 +0.0000e+00
28 +1.509955378e+01 +1.509955378e+01 +5.022955378e+01 +5.022955378e+01 -5.4988e-01 -1.9081e+00
62 +6.194024856e+00 +6.194024856e+00 +4.132402486e+01 +4.132402486e+01 -7.4133e-01 -1.9467e+00
68 +2.124264535e+00 +2.124264535e+00 +3.725426454e+01 +3.725426454e+01 -1.2166e+00 -2.0904e+00
71 +5.875358167e-01 +5.875358167e-01 +3.571753582e+01 +3.571753582e+01 -1.1793e+00 -2.1226e+00
110 +4.756309978e-01 +4.756309978e-01 +3.560563100e+01 +3.560563100e+01 -9.6062e-01 -2.0285e+00
242 +3.670635610e-01 +3.670635610e-01 +3.549706356e+01 +3.549706356e+01 -9.5552e-01 -2.0304e+00
247 +3.354784150e-01 +3.354784150e-01 +3.546547841e+01 +3.546547841e+01 -9.7430e-01 -2.0367e+00
374 +3.046995573e-01 +3.046995573e-01 +3.543469956e+01 +3.543469956e+01 -9.4604e-01 -2.0261e+00
545 +2.746786876e-01 +2.746786876e-01 +3.540467869e+01 +3.540467869e+01 -9.3994e-01 -2.0244e+00
550 +2.688503085e-01 +2.688503085e-01 +3.539885031e+01 +3.539885031e+01 -9.3656e-01 -2.0228e+00
679 +2.598607787e-01 +2.598607787e-01 +3.538986078e+01 +3.538986078e+01 -9.4640e-01 -2.0266e+00
732 +2.440491412e-01 +2.440491412e-01 +3.537404914e+01 +3.537404914e+01 -9.3346e-01 -2.0218e+00
805 +2.390543609e-01 +2.390543609e-01 +3.536905436e+01 +3.536905436e+01 -9.2989e-01 -2.0208e+00
806 +2.208877980e-01 +2.208877980e-01 +3.535088780e+01 +3.535088780e+01 -9.3405e-01 -2.0221e+00
924 +1.989276134e-01 +1.989276134e-01 +3.532892761e+01 +3.532892761e+01 -9.3206e-01 -2.0214e+00
990 +1.933580448e-01 +1.933580448e-01 +3.532335804e+01 +3.532335804e+01 -9.3090e-01 -2.0210e+00
1072 +1.852431069e-01 +1.852431069e-01 +3.531524311e+01 +3.531524311e+01 -9.3047e-01 -2.0207e+00
1144 +1.813762803e-01 +1.813762803e-01 +3.531137628e+01 +3.531137628e+01 -9.3077e-01 -2.0209e+00
1236 +1.770343911e-01 +1.770343911e-01 +3.530703439e+01 +3.530703439e+01 -9.3086e-01 -2.0209e+00
12685 +3.884465875e-02 +3.884465875e-02 +3.516884466e+01 +3.516884466e+01 -9.7255e-01 +4.5174e-01
30109 +3.410262081e-02 +3.410262081e-02 +3.516410262e+01 +3.516410262e+01 -1.2250e+00 -2.1389e+00
30790 +6.214335652e-03 +6.214335652e-03 +3.513621434e+01 +3.513621434e+01 -1.3161e+00 -2.1909e+00
31538 +5.184654458e-03 +5.184654458e-03 +3.513518465e+01 +3.513518465e+01 -1.5114e+00 -4.5456e+00
31598 +4.374487106e-03 +4.374487106e-03 +3.513437449e+01 +3.513437449e+01 -1.5020e+00 -4.5425e+00
32006 +3.861558802e-03 +3.861558802e-03 +3.513386156e+01 +3.513386156e+01 -1.4865e+00 -4.5332e+00
32015 +3.728643922e-03 +3.728643922e-03 +3.513372864e+01 +3.513372864e+01 -1.4858e+00 -4.5328e+00
32030 +3.501862924e-03 +3.501862924e-03 +3.513350186e+01 +3.513350186e+01 -1.4858e+00 -4.5328e+00
32050 +3.445083960e-03 +3.445083960e-03 +3.513344508e+01 +3.513344508e+01 -1.4857e+00 -4.5328e+00
32353 +3.363538037e-03 +3.363538037e-03 +3.513336354e+01 +3.513336354e+01 -1.4858e+00 -4.5327e+00
32371 +3.285851580e-03 +3.285851580e-03 +3.513328585e+01 +3.513328585e+01 -1.4858e+00 -4.5328e+00
32379 +3.198117705e-03 +3.198117705e-03 +3.513319812e+01 +3.513319812e+01 -1.4858e+00 -4.5328e+00
32402 +3.136988759e-03 +3.136988759e-03 +3.513313699e+01 +3.513313699e+01 -1.4858e+00 -4.5328e+00
32414 +3.051290887e-03 +3.051290887e-03 +3.513305129e+01 +3.513305129e+01 -1.4858e+00 -4.5328e+00
32424 +2.938955909e-03 +2.938955909e-03 +3.513293896e+01 +3.513293896e+01 -1.4858e+00 -4.5328e+00
32472 +2.853893331e-03 +2.853893331e-03 +3.513285389e+01 +3.513285389e+01 -1.4858e+00 -4.5328e+00
% function evaluation | noise-free fitness - Fopt (-7.982000000000e+01) | best noise-free fitness - Fopt | measured fitness | best measured fitness | x1 | x2...
1 +1.723557012e+01 +1.723557012e+01 -6.258442988e+01 -6.258442988e+01 +0.0000e+00 +0.0000e+00
2 +1.243432566e+01 +1.243432566e+01 -6.738567434e+01 -6.738567434e+01 -2.5407e+00 +3.9118e-01
23 +1.071844342e+01 +1.071844342e+01 -6.910155658e+01 -6.910155658e+01 -2.5092e+00 +2.6436e-01
52 +9.799134779e+00 +9.799134779e+00 -7.002086522e+01 -7.002086522e+01 -2.2019e+00 +2.4736e-01
75 +9.032640956e+00 +9.032640956e+00 -7.078735904e+01 -7.078735904e+01 -2.1628e+00 +1.9414e-01
105 +7.131897578e+00 +7.131897578e+00 -7.268810242e+01 -7.268810242e+01 -2.2475e+00 +3.2286e-02
194 +6.741637225e+00 +6.741637225e+00 -7.307836278e+01 -7.307836278e+01 -2.2904e+00 +4.9232e-02
222 +4.960536303e+00 +4.960536303e+00 -7.485946370e+01 -7.485946370e+01 -1.6086e+00 +1.1142e-01
230 +3.261312663e+00 +3.261312663e+00 -7.655868734e+01 -7.655868734e+01 -2.0510e+00 +1.9445e-01
259 +1.794676230e+00 +1.794676230e+00 -7.802532377e+01 -7.802532377e+01 -1.6306e+00 +1.4881e-01
308 +2.339235683e-01 +2.339235683e-01 -7.958607643e+01 -7.958607643e+01 -1.1324e+00 +7.1869e-02
422 +1.359412809e-01 +1.359412809e-01 -7.968405872e+01 -7.968405872e+01 -8.9761e-01 +6.5299e-02
510 +1.155134959e-01 +1.155134959e-01 -7.970448650e+01 -7.970448650e+01 -8.8424e-01 +6.3366e-02
528 +1.920665676e-02 +1.920665676e-02 -7.980079334e+01 -7.980079334e+01 -9.9778e-01 +8.4952e-02
605 +4.947789816e-03 +4.947789816e-03 -7.981505221e+01 -7.981505221e+01 -9.9056e-01 +8.6244e-02
682 +1.644353858e-03 +1.644353858e-03 -7.981835565e+01 -7.981835565e+01 -9.6548e-01 +8.2933e-02
726 +1.423962582e-04 +1.423962582e-04 -7.981985760e+01 -7.981985760e+01 -9.7009e-01 +8.2388e-02
952 +4.117212190e-05 +4.117212190e-05 -7.981995883e+01 -7.981995883e+01 -9.6749e-01 +8.2323e-02
998 +2.908500410e-05 +2.908500410e-05 -7.981997091e+01 -7.981997091e+01 -9.6855e-01 +8.2302e-02
1060 +1.421345291e-05 +1.421345291e-05 -7.981998579e+01 -7.981998579e+01 -9.6838e-01 +8.2312e-02
1068 +5.182334718e-06 +5.182334718e-06 -7.981999482e+01 -7.981999482e+01 -9.6799e-01 +8.2184e-02
1078 +1.285771006e-06 +1.285771006e-06 -7.981999871e+01 -7.981999871e+01 -9.6762e-01 +8.2180e-02
1127 +3.168810281e-08 +3.168810281e-08 -7.981999997e+01 -7.981999997e+01 -9.6761e-01 +8.2199e-02
1342 +2.209608851e-08 +2.209608851e-08 -7.981999998e+01 -7.981999998e+01 -9.6760e-01 +8.2193e-02
1430 +1.111317260e-08 +1.111317260e-08 -7.981999999e+01 -7.981999999e+01 -9.6755e-01 +8.2192e-02
1432 +1.079598633e-08 +1.079598633e-08 -7.981999999e+01 -7.981999999e+01 -9.6754e-01 +8.2192e-02
1437 +9.169809800e-09 +9.169809800e-09 -7.981999999e+01 -7.981999999e+01 -9.6754e-01 +8.2197e-02
1540 +0.000000000e+00 +0.000000000e+00 -7.982000000e+01 -7.982000000e+01 -9.6757e-01 +8.2197e-02
% function evaluation | noise-free fitness - Fopt (1.925800000000e+02) | best noise-free fitness - Fopt | measured fitness | best measured fitness | x1 | x2...
1 +3.370222876e+01 +3.370222876e+01 +2.262822288e+02 +2.262822288e+02 +0.0000e+00 +0.0000e+00
72 +2.356908098e+01 +2.356908098e+01 +2.161490810e+02 +2.161490810e+02 -2.6702e-01 -2.3270e+00
91 +6.361054676e+00 +6.361054676e+00 +1.989410547e+02 +1.989410547e+02 +1.6400e+00 -3.3418e+00
202 +1.325350927e+00 +1.325350927e+00 +1.939053509e+02 +1.939053509e+02 +1.7556e+00 -2.6148e+00
264 +8.476843819e-01 +8.476843819e-01 +1.934276844e+02 +1.934276844e+02 +1.7163e+00 -3.1732e+00
775 +2.520348844e-01 +2.520348844e-01 +1.928320349e+02 +1.928320349e+02 +7.9402e-01 -6.6095e-01
1254 +2.468142253e-01 +2.468142253e-01 +1.928268142e+02 +1.928268142e+02 +7.7795e-01 -6.2316e-01
1267 +6.624224849e-02 +6.624224849e-02 +1.926462422e+02 +1.926462422e+02 +7.7886e-01 -7.0354e-01
1283 +2.842654980e-02 +2.842654980e-02 +1.926084265e+02 +1.926084265e+02 +7.8286e-01 -6.9825e-01
1369 +1.767728201e-02 +1.767728201e-02 +1.925976773e+02 +1.925976773e+02 +7.8648e-01 -7.2224e-01
1434 +5.135085882e-03 +5.135085882e-03 +1.925851351e+02 +1.925851351e+02 +7.8615e-01 -7.0595e-01
1474 +2.559325037e-03 +2.559325037e-03 +1.925825593e+02 +1.925825593e+02 +7.8974e-01 -7.1445e-01
1518 +6.308200435e-05 +6.308200435e-05 +1.925800631e+02 +1.925800631e+02 +7.8812e-01 -7.1015e-01
1636 +6.252716958e-07 +6.252716958e-07 +1.925800006e+02 +1.925800006e+02 +7.8801e-01 -7.1102e-01
1943 +8.945815466e-08 +8.945815466e-08 +1.925800001e+02 +1.925800001e+02 +7.8801e-01 -7.1126e-01
2090 +3.429940421e-08 +3.429940421e-08 +1.925800000e+02 +1.925800000e+02 +7.8800e-01 -7.1112e-01
2130 +6.893543514e-09 +6.893543514e-09 +1.925800000e+02 +1.925800000e+02 +7.8801e-01 -7.1114e-01
% function evaluation | noise-free fitness - Fopt (-2.684800000000e+02) | best noise-free fitness - Fopt | measured fitness | best measured fitness | x1 | x2...
1 +9.047066618e+01 +9.047066618e+01 -1.780093338e+02 -1.780093338e+02 +0.0000e+00 +0.0000e+00
7 +8.867895805e+01 +8.867895805e+01 -1.798010420e+02 -1.798010420e+02 -2.7831e+00 -5.8026e+00
17 +7.058001048e+01 +7.058001048e+01 -1.978999895e+02 -1.978999895e+02 -2.7825e+00 -5.8932e+00
26 +3.845430538e+01 +3.845430538e+01 -2.300256946e+02 -2.300256946e+02 -2.6067e+00 -6.0564e+00
33 +7.507079290e+00 +7.507079290e+00 -2.609729207e+02 -2.609729207e+02 -2.6648e+00 -5.5008e+00
74 +3.167460081e+00 +3.167460081e+00 -2.653125399e+02 -2.653125399e+02 -2.7072e+00 -4.9004e+00
103 +5.117691562e-02 +5.117691562e-02 -2.684288231e+02 -2.684288231e+02 -2.7476e+00 -4.2793e+00
9656 +2.784324483e-02 +2.784324483e-02 -2.684521568e+02 -2.684521568e+02 -1.7489e-01 -1.0242e+00
9675 +2.628200102e-02 +2.628200102e-02 -2.684537180e+02 -2.684537180e+02 -1.7257e-01 -1.0449e+00
9708 +7.595194847e-03 +7.595194847e-03 -2.684724048e+02 -2.684724048e+02 -1.9701e-01 -9.5782e-01
9862 +6.615835277e-03 +6.615835277e-03 -2.684733842e+02 -2.684733842e+02 -1.9874e-01 -9.4794e-01
9897 +5.257656196e-03 +5.257656196e-03 -2.684747423e+02 -2.684747423e+02 -1.9201e-01 -9.7338e-01
9950 +3.575609994e-03 +3.575609994e-03 -2.684764244e+02 -2.684764244e+02 -1.9248e-01 -9.7291e-01
9953 +6.765531829e-04 +6.765531829e-04 -2.684793234e+02 -2.684793234e+02 -1.8590e-01 -9.9666e-01
9972 +4.247552203e-04 +4.247552203e-04 -2.684795752e+02 -2.684795752e+02 -1.8945e-01 -9.8492e-01
10038 +6.675386027e-05 +6.675386027e-05 -2.684799332e+02 -2.684799332e+02 -1.8797e-01 -9.9000e-01
10082 +4.189916484e-05 +4.189916484e-05 -2.684799581e+02 -2.684799581e+02 -1.8828e-01 -9.9032e-01
10148 +5.407358913e-06 +5.407358913e-06 -2.684799946e+02 -2.684799946e+02 -1.8793e-01 -9.9059e-01
10280 +2.157258450e-06 +2.157258450e-06 -2.684799978e+02 -2.684799978e+02 -1.8786e-01 -9.9087e-01
10354 +1.938805667e-06 +1.938805667e-06 -2.684799981e+02 -2.684799981e+02 -1.8780e-01 -9.9118e-01
10392 +8.304411949e-07 +8.304411949e-07 -2.684799992e+02 -2.684799992e+02 -1.8778e-01 -9.9133e-01
10434 +7.390212886e-09 +7.390212886e-09 -2.684800000e+02 -2.684800000e+02 -1.8788e-01 -9.9096e-01
% function evaluation | noise-free fitness - Fopt (-1.000000000000e+03) | best noise-free fitness - Fopt | measured fitness | best measured fitness | x1 | x2...
1 +5.327739641e+01 +5.327739641e+01 -9.467226036e+02 -9.467226036e+02 +0.0000e+00 +0.0000e+00
8 +2.704357936e+01 +2.704357936e+01 -9.729564206e+02 -9.729564206e+02 +1.9863e+00 -2.7291e+00
15 +2.145395727e+01 +2.145395727e+01 -9.785460427e+02 -9.785460427e+02 +1.9726e+00 -2.5804e+00
29 +1.150137475e+01 +1.150137475e+01 -9.884986253e+02 -9.884986253e+02 +2.1204e+00 -2.6767e+00
34 +5.488716727e+00 +5.488716727e+00 -9.945112833e+02 -9.945112833e+02 +2.3949e+00 -2.6265e+00
62 +2.320088006e+00 +2.320088006e+00 -9.976799120e+02 -9.976799120e+02 +2.6930e+00 -2.8779e+00
69 +1.674630282e+00 +1.674630282e+00 -9.983253697e+02 -9.983253697e+02 +3.1399e+00 -2.8477e+00
136 +1.475490722e+00 +1.475490722e+00 -9.985245093e+02 -9.985245093e+02 +3.5458e+00 -2.8566e+00
154 +8.533182860e-01 +8.533182860e-01 -9.991466817e+02 -9.991466817e+02 +3.3294e+00 -2.8378e+00
176 +7.952541835e-01 +7.952541835e-01 -9.992047458e+02 -9.992047458e+02 +3.4793e+00 -2.9142e+00
220 +7.722160549e-01 +7.722160549e-01 -9.992277839e+02 -9.992277839e+02 +3.4284e+00 -2.8828e+00
223 +1.780319079e-01 +1.780319079e-01 -9.998219681e+02 -9.998219681e+02 +3.4835e+00 -2.8933e+00
286 +1.363269159e-01 +1.363269159e-01 -9.998636731e+02 -9.998636731e+02 +3.6234e+00 -2.9180e+00
300 +6.158100426e-02 +6.158100426e-02 -9.999384190e+02 -9.999384190e+02 +3.6152e+00 -2.8998e+00
308 +1.156649445e-02 +1.156649445e-02 -9.999884335e+02 -9.999884335e+02 +3.6080e+00 -2.9075e+00
406 +8.069506322e-03 +8.069506322e-03 -9.999919305e+02 -9.999919305e+02 +3.5708e+00 -2.8999e+00
450 +4.809240909e-03 +4.809240909e-03 -9.999951908e+02 -9.999951908e+02 +3.5974e+00 -2.9003e+00
462 +3.206073942e-03 +3.206073942e-03 -9.999967939e+02 -9.999967939e+02 +3.5879e+00 -2.9019e+00
495 +7.400121945e-06 +7.400121945e-06 -9.999999926e+02 -9.999999926e+02 +3.6019e+00 -2.9033e+00
1002 +7.140745311e-06 +7.140745311e-06 -9.999999929e+02 -9.999999929e+02 +3.6021e+00 -2.9034e+00
1068 +4.671609531e-06 +4.671609531e-06 -9.999999953e+02 -9.999999953e+02 +3.6018e+00 -2.9032e+00
1090 +1.884503718e-07 +1.884503718e-07 -9.999999998e+02 -9.999999998e+02 +3.6013e+00 -2.9031e+00
1171 +1.441397899e-07 +1.441397899e-07 -9.999999999e+02 -9.999999999e+02 +3.6014e+00 -2.9031e+00
1347 +2.635817964e-08 +2.635817964e-08 -1.000000000e+03 -1.000000000e+03 +3.6014e+00 -2.9031e+00
1524 +1.289879492e-08 +1.289879492e-08 -1.000000000e+03 -1.000000000e+03 +3.6013e+00 -2.9031e+00
1610 +8.657366379e-09 +8.657366379e-09 -1.000000000e+03 -1.000000000e+03 +3.6014e+00 -2.9031e+00
% function evaluation | noise-free fitness - Fopt (-1.388000000000e+01) | best noise-free fitness - Fopt | measured fitness | best measured fitness | x1 | x2...
1 +8.372143730e+01 +8.372143730e+01 +6.984143730e+01 +6.984143730e+01 +0.0000e+00 +0.0000e+00
2 +6.652516484e+01 +6.652516484e+01 +5.264516484e+01 +5.264516484e+01 +1.1510e+00 -1.2556e+00
3 +6.505207178e+01 +6.505207178e+01 +5.117207178e+01 +5.117207178e+01 +1.0269e+00 -1.1367e+00
12 +6.246049573e+01 +6.246049573e+01 +4.858049573e+01 +4.858049573e+01 +1.0780e+00 -1.0860e+00
38 +6.035405705e+01 +6.035405705e+01 +4.647405705e+01 +4.647405705e+01 +1.2896e+00 -1.6729e+00
78 +5.923300267e+01 +5.923300267e+01 +4.535300267e+01 +4.535300267e+01 +1.2196e+00 -1.2565e+00
79 +5.786507813e+01 +5.786507813e+01 +4.398507813e+01 +4.398507813e+01 +1.1144e+00 -1.1510e+00
100 +5.753633825e+01 +5.753633825e+01 +4.365633825e+01 +4.365633825e+01 +1.1319e+00 -1.1747e+00
237 +5.265181917e+01 +5.265181917e+01 +3.877181917e+01 +3.877181917e+01 +1.0770e+00 -1.1081e+00
281 +5.179031557e+01 +5.179031557e+01 +3.791031557e+01 +3.791031557e+01 +1.0728e+00 -1.1038e+00
450 +4.950253205e+01 +4.950253205e+01 +3.562253205e+01 +3.562253205e+01 +1.0227e+00 -9.9953e-01
724 +4.893559504e+01 +4.893559504e+01 +3.505559504e+01 +3.505559504e+01 +1.0304e+00 -1.0073e+00
744 +4.731291553e+01 +4.731291553e+01 +3.343291553e+01 +3.343291553e+01 +1.0362e+00 -1.0330e+00
799 +4.655202928e+01 +4.655202928e+01 +3.267202928e+01 +3.267202928e+01 +1.0357e+00 -1.0322e+00
4469 +2.079189394e+01 +2.079189394e+01 +6.911893939e+00 +6.911893939e+00 -2.1599e+00 -2.3143e+00
4475 +1.611517660e+01 +1.611517660e+01 +2.235176596e+00 +2.235176596e+00 +4.6895e+00 +2.2415e+00
4481 +1.364288769e+01 +1.364288769e+01 -2.371123088e-01 -2.371123088e-01 +4.6736e+00 +2.3200e+00
4521 +1.261816336e+01 +1.261816336e+01 -1.261836644e+00 -1.261836644e+00 +5.0109e+00 +2.4272e+00
4552 +1.143653083e+01 +1.143653083e+01 -2.443469170e+00 -2.443469170e+00 +4.7187e+00 +2.7151e+00
4553 +9.807403969e+00 +9.807403969e+00 -4.072596031e+00 -4.072596031e+00 +5.0013e+00 +2.3764e+00
4602 +9.709229110e+00 +9.709229110e+00 -4.170770890e+00 -4.170770890e+00 +4.7174e+00 +2.2621e+00
4825 +9.203906827e+00 +9.203906827e+00 -4.676093173e+00 -4.676093173e+00 +4.7199e+00 +2.2848e+00
4884 +8.724103349e+00 +8.724103349e+00 -5.155896651e+00 -5.155896651e+00 +4.7173e+00 +2.2991e+00
5006 +8.243834806e+00 +8.243834806e+00 -5.636165194e+00 -5.636165194e+00 +4.7096e+00 +2.2002e+00
5040 +8.120412003e+00 +8.120412003e+00 -5.759587997e+00 -5.759587997e+00 +4.7224e+00 +2.1865e+00
5106 +7.271184730e+00 +7.271184730e+00 -6.608815270e+00 -6.608815270e+00 +4.7261e+00 +2.1669e+00
5137 +5.385191102e+00 +5.385191102e+00 -8.494808898e+00 -8.494808898e+00 +4.7326e+00 +2.1294e+00
5289 +5.119313634e+00 +5.119313634e+00 -8.760686366e+00 -8.760686366e+00 +4.7300e+00 +2.1422e+00
5527 +4.614485160e+00 +4.614485160e+00 -9.265514840e+00 -9.265514840e+00 +4.7306e+00 +2.1380e+00
5583 +4.547140377e+00 +4.547140377e+00 -9.332859623e+00 -9.332859623e+00 +4.7311e+00 +2.1374e+00
5587 +4.427427485e+00 +4.427427485e+00 -9.452572515e+00 -9.452572515e+00 +4.7311e+00 +2.1371e+00
5909 +4.355349005e+00 +4.355349005e+00 -9.524650995e+00 -9.524650995e+00 +4.7313e+00 +2.1366e+00
6140 +4.256262513e+00 +4.256262513e+00 -9.623737487e+00 -9.623737487e+00 +4.7313e+00 +2.1364e+00
7952 +3.412327834e+00 +3.412327834e+00 -1.046767217e+01 -1.046767217e+01 +1.9709e+00 +6.1152e-01
7958 +2.929847412e+00 +2.929847412e+00 -1.095015259e+01 -1.095015259e+01 +1.9653e+00 +6.1118e-01
7992 +2.317658103e+00 +2.317658103e+00 -1.156234190e+01 -1.156234190e+01 +2.0505e+00 +7.3982e-01
8019 +2.056059589e+00 +2.056059589e+00 -1.182394041e+01 -1.182394041e+01 +1.9493e+00 +7.6849e-01
8030 +7.750862683e-01 +7.750862683e-01 -1.310491373e+01 -1.310491373e+01 +1.9600e+00 +9.1902e-01
8065 +3.946012468e-01 +3.946012468e-01 -1.348539875e+01 -1.348539875e+01 +1.9005e+00 +9.8840e-01
8118 +1.801942674e-01 +1.801942674e-01 -1.369980573e+01 -1.369980573e+01 +1.8078e+00 +1.1111e+00
8120 +1.169363237e-01 +1.169363237e-01 -1.376306368e+01 -1.376306368e+01 +1.7934e+00 +1.3019e+00
8191 +6.642325444e-03 +6.642325444e-03 -1.387335767e+01 -1.387335767e+01 +1.8138e+00 +1.2099e+00
8522 +1.756357350e-03 +1.756357350e-03 -1.387824364e+01 -1.387824364e+01 +1.8151e+00 +1.2154e+00
8561 +3.461230206e-04 +3.461230206e-04 -1.387965388e+01 -1.387965388e+01 +1.8142e+00 +1.2237e+00
8645 +1.160317077e-04 +1.160317077e-04 -1.387988397e+01 -1.387988397e+01 +1.8138e+00 +1.2233e+00
8830 +1.038879177e-04 +1.038879177e-04 -1.387989611e+01 -1.387989611e+01 +1.8136e+00 +1.2257e+00
8867 +8.814886014e-05 +8.814886014e-05 -1.387991185e+01 -1.387991185e+01 +1.8141e+00 +1.2237e+00
8938 +2.385344460e-05 +2.385344460e-05 -1.387997615e+01 -1.387997615e+01 +1.8138e+00 +1.2249e+00
8948 +2.001314393e-05 +2.001314393e-05 -1.387997999e+01 -1.387997999e+01 +1.8139e+00 +1.2246e+00
8979 +1.015154219e-05 +1.015154219e-05 -1.387998985e+01 -1.387998985e+01 +1.8138e+00 +1.2241e+00
9002 +6.138839588e-06 +6.138839588e-06 -1.387999386e+01 -1.387999386e+01 +1.8139e+00 +1.2250e+00
9043 +5.371712703e-06 +5.371712703e-06 -1.387999463e+01 -1.387999463e+01 +1.8139e+00 +1.2245e+00
9060 +3.734638913e-06 +3.734638913e-06 -1.387999627e+01 -1.387999627e+01 +1.8139e+00 +1.2238e+00
9095 +2.926688953e-07 +2.926688953e-07 -1.387999971e+01 -1.387999971e+01 +1.8139e+00 +1.2241e+00
9112 +3.257198955e-10 +3.257198955e-10 -1.388000000e+01 -1.388000000e+01 +1.8138e+00 +1.2242e+00
% function evaluation | noise-free fitness - Fopt (-1.240400000000e+02) | best noise-free fitness - Fopt | measured fitness | best measured fitness | x1 | x2...
1 +5.457307114e+01 +5.457307114e+01 -6.946692886e+01 -6.946692886e+01 +0.0000e+00 +0.0000e+00
5 +4.746526652e+01 +4.746526652e+01 -7.657473348e+01 -7.657473348e+01 +6.8344e+00 -5.0510e+00
16 +3.214051799e+01 +3.214051799e+01 -9.189948201e+01 -9.189948201e+01 +6.8997e+00 -4.8479e+00
792 +3.156934169e+01 +3.156934169e+01 -9.247065831e+01 -9.247065831e+01 +7.3325e+00 -4.9593e+00
3571 +2.529889224e+01 +2.529889224e+01 -9.874110776e+01 -9.874110776e+01 +3.8021e+00 +2.0550e+00
3584 +1.115620182e+01 +1.115620182e+01 -1.128837982e+02 -1.128837982e+02 +3.9056e+00 +2.1480e+00
3588 +7.890131279e+00 +7.890131279e+00 -1.161498687e+02 -1.161498687e+02 +3.9057e+00 +2.1084e+00
3742 +7.599679505e+00 +7.599679505e+00 -1.164403205e+02 -1.164403205e+02 +3.8302e+00 +2.1498e+00
3764 +7.444468033e+00 +7.444468033e+00 -1.165955320e+02 -1.165955320e+02 +3.8614e+00 +2.1411e+00
3830 +7.379949786e+00 +7.379949786e+00 -1.166600502e+02 -1.166600502e+02 +3.8656e+00 +2.1179e+00
3900 +6.531424285e+00 +6.531424285e+00 -1.175085757e+02 -1.175085757e+02 +3.9301e+00 +2.1030e+00
3962 +5.625785003e+00 +5.625785003e+00 -1.184142150e+02 -1.184142150e+02 +3.8900e+00 +2.1257e+00
4052 +5.571518086e+00 +5.571518086e+00 -1.184684819e+02 -1.184684819e+02 +3.8953e+00 +2.1185e+00
4072 +4.657139137e+00 +4.657139137e+00 -1.193828609e+02 -1.193828609e+02 +3.8818e+00 +2.1266e+00
4326 +4.432719397e+00 +4.432719397e+00 -1.196072806e+02 -1.196072806e+02 +3.8858e+00 +2.1245e+00
4514 +4.322092104e+00 +4.322092104e+00 -1.197179079e+02 -1.197179079e+02 +3.8861e+00 +2.1246e+00
4996 +4.250570756e+00 +4.250570756e+00 -1.197894292e+02 -1.197894292e+02 +3.8863e+00 +2.1244e+00
6731 +4.646219297e-01 +4.646219297e-01 -1.235753781e+02 -1.235753781e+02 +9.3705e-01 -2.5563e+00
6969 +3.723562577e-01 +3.723562577e-01 -1.236676437e+02 -1.236676437e+02 +2.0658e+00 -1.7673e+00
7038 +1.050146503e-01 +1.050146503e-01 -1.239349853e+02 -1.239349853e+02 +2.0333e+00 -1.7825e+00
7088 +6.840766610e-02 +6.840766610e-02 -1.239715923e+02 -1.239715923e+02 +2.0310e+00 -1.8160e+00
7097 +1.390543473e-02 +1.390543473e-02 -1.240260946e+02 -1.240260946e+02 +2.0576e+00 -1.8169e+00
7272 +1.064174620e-02 +1.064174620e-02 -1.240293583e+02 -1.240293583e+02 +2.0208e+00 -1.7904e+00
7288 +5.685140293e-03 +5.685140293e-03 -1.240343149e+02 -1.240343149e+02 +2.0359e+00 -1.8066e+00
7326 +9.245248694e-04 +9.245248694e-04 -1.240390755e+02 -1.240390755e+02 +2.0397e+00 -1.8046e+00
7418 +3.348869396e-04 +3.348869396e-04 -1.240396651e+02 -1.240396651e+02 +2.0385e+00 -1.8036e+00
7474 +8.438419793e-05 +8.438419793e-05 -1.240399156e+02 -1.240399156e+02 +2.0382e+00 -1.8022e+00
7541 +7.181262188e-05 +7.181262188e-05 -1.240399282e+02 -1.240399282e+02 +2.0411e+00 -1.8043e+00
7550 +5.322604015e-05 +5.322604015e-05 -1.240399468e+02 -1.240399468e+02 +2.0390e+00 -1.8027e+00
7660 +5.084374190e-05 +5.084374190e-05 -1.240399492e+02 -1.240399492e+02 +2.0400e+00 -1.8038e+00
7704 +2.328961907e-05 +2.328961907e-05 -1.240399767e+02 -1.240399767e+02 +2.0397e+00 -1.8032e+00
7710 +1.207391038e-05 +1.207391038e-05 -1.240399879e+02 -1.240399879e+02 +2.0388e+00 -1.8029e+00
7767 +5.507457089e-06 +5.507457089e-06 -1.240399945e+02 -1.240399945e+02 +2.0392e+00 -1.8030e+00
7792 +4.375388414e-06 +4.375388414e-06 -1.240399956e+02 -1.240399956e+02 +2.0390e+00 -1.8030e+00
7812 +2.998584719e-06 +2.998584719e-06 -1.240399970e+02 -1.240399970e+02 +2.0389e+00 -1.8029e+00
7841 +2.621098602e-06 +2.621098602e-06 -1.240399974e+02 -1.240399974e+02 +2.0392e+00 -1.8031e+00
7912 +8.501977504e-07 +8.501977504e-07 -1.240399991e+02 -1.240399991e+02 +2.0395e+00 -1.8032e+00
8002 +7.010460763e-07 +7.010460763e-07 -1.240399993e+02 -1.240399993e+02 +2.0394e+00 -1.8032e+00
8046 +2.420910903e-07 +2.420910903e-07 -1.240399998e+02 -1.240399998e+02 +2.0394e+00 -1.8032e+00
8056 +5.744306009e-08 +5.744306009e-08 -1.240399999e+02 -1.240399999e+02 +2.0394e+00 -1.8032e+00
8175 +3.170285368e-08 +3.170285368e-08 -1.240400000e+02 -1.240400000e+02 +2.0393e+00 -1.8032e+00
8188 +1.425718210e-08 +1.425718210e-08 -1.240400000e+02 -1.240400000e+02 +2.0393e+00 -1.8032e+00
8210 +1.133089711e-08 +1.133089711e-08 -1.240400000e+02 -1.240400000e+02 +2.0393e+00 -1.8032e+00
8236 +1.515530812e-09 +1.515530812e-09 -1.240400000e+02 -1.240400000e+02 +2.0393e+00 -1.8032e+00
