% function evaluation | noise-free fitness - Fopt (-1.000000000000e+03) | best noise-free fitness - Fopt | measured fitness | best measured fitness | x1 | x2...
1 +8.057169867e+01 +8.057169867e+01 -9.194283013e+02 -9.194283013e+02 +0.0000e+00 +0.0000e+00 +0.0000e+00 +0.0000e+00 +0.0000e+00
2 +6.990964177e+01 +6.990964177e+01 -9.300903582e+02 -9.300903582e+02 -1.0854e-01 -3.1886e+00 +3.8320e+00 -6.3911e-02 +1.3199e-02
25 +6.782977573e+01 +6.782977573e+01 -9.321702243e+02 -9.321702243e+02 +1.0036e-01 -3.4686e+00 +3.7024e+00 -4.3062e-02 -2.3683e-01
42 +6.675398900e+01 +6.675398900e+01 -9.332460110e+02 -9.332460110e+02 +2.5211e-01 -3.4204e+00 +3.5820e+00 -1.4836e-01 -1.7912e-01
56 +6.347438377e+01 +6.347438377e+01 -9.365256162e+02 -9.365256162e+02 +4.9862e-01 -3.2389e+00 +3.8476e+00 -4.4214e-02 -2.5618e-01
69 +5.917563395e+01 +5.917563395e+01 -9.408243661e+02 -9.408243661e+02 +8.8703e-01 -3.2081e+00 +3.5447e+00 +1.6150e-01 +4.5906e-04
72 +4.701725736e+01 +4.701725736e+01 -9.529827426e+02 -9.529827426e+02 +1.3530e+00 -3.4329e+00 +3.6000e+00 -3.5989e-02 +1.0127e-01
92 +3.186952769e+01 +3.186952769e+01 -9.681304723e+02 -9.681304723e+02 +1.7650e+00 -3.8195e+00 +3.9610e+00 +2.3059e-01 -2.2626e-01
114 +2.506035833e+01 +2.506035833e+01 -9.749396417e+02 -9.749396417e+02 +2.7560e+00 -4.3512e+00 +3.3217e+00 -3.7869e-01 -3.0034e-01
119 +2.390310575e+01 +2.390310575e+01 -9.760968942e+02 -9.760968942e+02 +2.7807e+00 -3.5387e+00 +3.4836e+00 -4.3351e-01 +2.9920e-03
123 +2.341193236e+01 +2.341193236e+01 -9.765880676e+02 -9.765880676e+02 +4.6774e+00 -3.9125e+00 +3.8139e+00 -3.4673e-01 -4.2416e-01
129 +1.919583250e+01 +1.919583250e+01 -9.808041675e+02 -9.808041675e+02 +3.2824e+00 -3.5521e+00 +3.9823e+00 -6.8121e-01 -5.7456e-01
132 +1.834311624e+01 +1.834311624e+01 -9.816568838e+02 -9.816568838e+02 +3.2284e+00 -3.6152e+00 +3.8060e+00 -3.1215e-01 -4.0123e-01
154 +1.656691146e+01 +1.656691146e+01 -9.834330885e+02 -9.834330885e+02 +3.6291e+00 -3.6931e+00 +4.1618e+00 +6.2610e-02 -7.3379e-01
220 +1.604386028e+01 +1.604386028e+01 -9.839561397e+02 -9.839561397e+02 +3.0729e+00 -3.9049e+00 +4.5727e+00 +4.5397e-02 -5.0097e-01
286 +1.523013910e+01 +1.523013910e+01 -9.847698609e+02 -9.847698609e+02 +3.6515e+00 -3.8876e+00 +4.7521e+00 +1.8032e-03 -4.6535e-01
462 +1.507800015e+01 +1.507800015e+01 -9.849219999e+02 -9.849219999e+02 +3.7377e+00 -3.8410e+00 +4.3348e+00 +2.1996e-02 -2.3312e-01
506 +1.476955178e+01 +1.476955178e+01 -9.852304482e+02 -9.852304482e+02 +3.4489e+00 -3.9102e+00 +4.5513e+00 +5.1381e-02 -3.8436e-01
% function evaluation | noise-free fitness - Fopt (1.000000000000e+03) | best noise-free fitness - Fopt | measured fitness | best measured fitness | x1 | x2...
1 +7.299933294e+01 +7.299933294e+01 +1.072999333e+03 +1.072999333e+03 +0.0000e+00 +0.0000e+00 +0.0000e+00 +0.0000e+00 +0.0000e+00
3 +7.164861396e+01 +7.164861396e+01 +1.071648614e+03 +1.071648614e+03 -8.6492e-01 +2.2747e+00 +4.9372e-01 +1.7221e+00 +8.3193e-02
11 +6.891988031e+01 +6.891988031e+01 +1.068919880e+03 +1.068919880e+03 -8.2802e-01 +2.4040e+00 +3.9878e-01 +1.9591e+00 +2.6899e-01
55 +6.726457500e+01 +6.726457500e+01 +1.067264575e+03 +1.067264575e+03 -8.4367e-01 +2.5596e+00 +2.2023e-01 +1.8660e+00 +5.3916e-01
60 +6.584409157e+01 +6.584409157e+01 +1.065844092e+03 +1.065844092e+03 -9.3663e-01 +2.4780e+00 +1.3421e-01 +2.2189e+00 +4.2001e-01
72 +6.331189202e+01 +6.331189202e+01 +1.063311892e+03 +1.063311892e+03 -4.4178e-01 +2.7234e+00 +4.2545e-01 +2.1212e+00 +5.8708e-01
91 +5.341973500e+01 +5.341973500e+01 +1.053419735e+03 +1.053419735e+03 -1.4309e-01 +2.9983e+00 +1.6318e-01 +2.2538e+00 +6.0304e-01
113 +2.548187514e+01 +2.548187514e+01 +1.025481875e+03 +1.025481875e+03 +6.1137e-01 +3.2454e+00 -8.8157e-02 +2.7177e+00 +9.1128e-01
143 +1.511117967e+01 +1.511117967e+01 +1.015111180e+03 +1.015111180e+03 +9.9343e-01 +3.6986e+00 -8.7767e-01 +3.0173e+00 +7.5096e-01
158 +5.934806141e+00 +5.934806141e+00 +1.005934806e+03 +1.005934806e+03 +2.4278e+00 +2.1522e+00 -1.3260e+00 +3.8955e+00 +1.5504e+00
198 +3.266712010e+00 +3.266712010e+00 +1.003266712e+03 +1.003266712e+03 +1.8356e+00 +2.3977e+00 -1.4386e+00 +3.3110e+00 +1.0609e+00
264 +2.034161232e+00 +2.034161232e+00 +1.002034161e+03 +1.002034161e+03 +2.1792e+00 +2.7246e+00 -2.0222e+00 +3.6301e+00 +1.7093e+00
484 +1.987877892e+00 +1.987877892e+00 +1.001987878e+03 +1.001987878e+03 +2.2441e+00 +2.8529e+00 -1.7399e+00 +3.4366e+00 +1.4781e+00
% function evaluation | noise-free fitness - Fopt (-4.913000000000e+01) | best noise-free fitness - Fopt | measured fitness | best measured fitness | x1 | x2...
1 +6.940722089e+01 +6.940722089e+01 +2.027722089e+01 +2.027722089e+01 +0.0000e+00 +0.0000e+00 +0.0000e+00 +0.0000e+00 +0.0000e+00
2 +6.313889747e+01 +6.313889747e+01 +1.400889747e+01 +1.400889747e+01 +1.7997e+00 -4.5070e+00 -8.2663e-01 -2.7206e-01 +2.7416e+00
4 +6.192331800e+01 +6.192331800e+01 +1.279331800e+01 +1.279331800e+01 +1.8179e+00 -4.3409e+00 -5.2383e-01 -3.2782e-01 +2.8070e+00
6 +5.714152703e+01 +5.714152703e+01 +8.011527029e+00 +8.011527029e+00 +1.9626e+00 -4.3839e+00 -9.1393e-01 -2.8882e-01 +2.6265e+00
14 +4.070906702e+01 +4.070906702e+01 -8.420932977e+00 -8.420932977e+00 +1.9080e+00 -4.4405e+00 -6.7772e-01 -2.4869e-01 +2.4638e+00
32 +3.225948675e+01 +3.225948675e+01 -1.687051325e+01 -1.687051325e+01 +1.8928e+00 -4.5678e+00 -7.9918e-01 -5.2041e-01 +2.4005e+00
66 +2.920638516e+01 +2.920638516e+01 -1.992361484e+01 -1.992361484e+01 +1.9301e+00 -4.4720e+00 -6.4139e-01 -4.6593e-01 +2.3874e+00
76 +1.867217529e+01 +1.867217529e+01 -3.045782471e+01 -3.045782471e+01 +1.9668e+00 -4.6884e+00 -3.5759e-01 -7.2106e-01 +1.9146e+00
84 +1.496845292e+01 +1.496845292e+01 -3.416154708e+01 -3.416154708e+01 +1.9844e+00 -4.5553e+00 -3.6570e-01 -7.8921e-01 +2.1967e+00
101 +1.010712819e+01 +1.010712819e+01 -3.902287181e+01 -3.902287181e+01 +2.0092e+00 -4.1620e+00 -2.1115e-01 -1.2671e+00 +1.9351e+00
132 +9.538486697e+00 +9.538486697e+00 -3.959151330e+01 -3.959151330e+01 +1.6732e+00 -4.7606e+00 -9.6771e-02 -3.5820e-01 +1.9096e+00
140 +8.275907834e+00 +8.275907834e+00 -4.085409217e+01 -4.085409217e+01 +1.1518e+00 -5.2135e+00 +9.9409e-02 -9.4995e-02 +1.4623e+00
154 +7.026916291e+00 +7.026916291e+00 -4.210308371e+01 -4.210308371e+01 +1.1277e+00 -4.5266e+00 -6.2669e-02 -3.3080e-01 +1.5126e+00
220 +6.178415229e+00 +6.178415229e+00 -4.295158477e+01 -4.295158477e+01 +9.2708e-01 -4.1442e+00 +3.0700e-01 -2.1875e-01 +1.3517e+00
242 +5.775555707e+00 +5.775555707e+00 -4.335444429e+01 -4.335444429e+01 +9.4492e-01 -3.6956e+00 +2.4308e-01 -8.0715e-02 +1.2104e+00
286 +4.124413969e+00 +4.124413969e+00 -4.500558603e+01 -4.500558603e+01 +9.4158e-01 -2.9167e+00 +7.4990e-01 -2.5025e-01 +8.4902e-01
330 +3.208499533e+00 +3.208499533e+00 -4.592150047e+01 -4.592150047e+01 +9.5049e-01 -3.5682e+00 +5.9197e-01 -9.6575e-02 +1.0612e+00
337 +2.666157144e+00 +2.666157144e+00 -4.646384286e+01 -4.646384286e+01 +1.0617e+00 -3.9600e+00 +8.0039e-01 +3.2672e-01 +1.1688e+00
418 +2.502422609e+00 +2.502422609e+00 -4.662757739e+01 -4.662757739e+01 +1.1034e+00 -3.4764e+00 +6.6303e-01 +4.0178e-02 +1.1393e+00
446 +2.383073382e+00 +2.383073382e+00 -4.674692662e+01 -4.674692662e+01 +1.1775e+00 -3.5650e+00 +7.3095e-01 +1.4001e-01 +1.2085e+00
451 +2.234481503e+00 +2.234481503e+00 -4.689551850e+01 -4.689551850e+01 +1.1828e+00 -3.4736e+00 +9.9438e-01 +3.8515e-01 +1.1596e+00
497 +2.154925329e+00 +2.154925329e+00 -4.697507467e+01 -4.697507467e+01 +1.2864e+00 -3.3594e+00 +8.7632e-01 +2.9312e-02 +1.1489e+00
520 +2.127765634e+00 +2.127765634e+00 -4.700223437e+01 -4.700223437e+01 +1.3872e+00 -3.4333e+00 +9.3527e-01 +3.3590e-01 +1.1654e+00
550 +2.075565186e+00 +2.075565186e+00 -4.705443481e+01 -4.705443481e+01 +1.2885e+00 -3.4462e+00 +9.4377e-01 +3.5760e-01 +1.1649e+00
610 +1.999392944e+00 +1.999392944e+00 -4.713060706e+01 -4.713060706e+01 +1.4956e+00 -3.1944e+00 +1.2762e+00 +4.0684e-01 +1.1277e+00
764 +1.965752447e+00 +1.965752447e+00 -4.716424755e+01 -4.716424755e+01 +1.3374e+00 -2.8704e+00 +1.1160e+00 +3.2226e-01 +1.0759e+00
891 +1.946352540e+00 +1.946352540e+00 -4.718364746e+01 -4.718364746e+01 +1.5835e+00 -2.8142e+00 +1.0961e+00 +2.8634e-01 +1.1637e+00
917 +1.794750223e+00 +1.794750223e+00 -4.733524978e+01 -4.733524978e+01 +1.6363e+00 -2.7261e+00 +1.1686e+00 +2.3991e-01 +1.1964e+00
967 +1.771789305e+00 +1.771789305e+00 -4.735821069e+01 -4.735821069e+01 +1.6620e+00 -2.6840e+00 +1.3482e+00 +2.1116e-01 +1.1086e+00
990 +1.735420248e+00 +1.735420248e+00 -4.739457975e+01 -4.739457975e+01 +1.5999e+00 -2.7011e+00 +1.2576e+00 +2.2524e-01 +1.1471e+00
1004 +1.683284629e+00 +1.683284629e+00 -4.744671537e+01 -4.744671537e+01 +1.6683e+00 -2.6291e+00 +1.2345e+00 +1.7454e-01 +1.1859e+00
1012 +1.610694560e+00 +1.610694560e+00 -4.751930544e+01 -4.751930544e+01 +1.5956e+00 -2.5851e+00 +1.2517e+00 +2.0825e-01 +1.1160e+00
1022 +1.422982417e+00 +1.422982417e+00 -4.770701758e+01 -4.770701758e+01 +1.6006e+00 -2.5564e+00 +1.3735e+00 +4.6612e-01 +1.0693e+00
1097 +1.194013851e+00 +1.194013851e+00 -4.793598615e+01 -4.793598615e+01 +1.7244e+00 -2.4593e+00 +1.4425e+00 +3.6553e-01 +1.1124e+00
1134 +1.083075781e+00 +1.083075781e+00 -4.804692422e+01 -4.804692422e+01 +1.6198e+00 -2.2376e+00 +1.4558e+00 +4.2269e-01 +1.0302e+00
1151 +1.052218431e+00 +1.052218431e+00 -4.807778157e+01 -4.807778157e+01 +1.6878e+00 -2.3330e+00 +1.4659e+00 +4.5044e-01 +1.0599e+00
1162 +9.614040171e-01 +9.614040171e-01 -4.816859598e+01 -4.816859598e+01 +1.7378e+00 -2.2176e+00 +1.4439e+00 +2.8579e-01 +1.0701e+00
1188 +9.111416399e-01 +9.111416399e-01 -4.821885836e+01 -4.821885836e+01 +1.7400e+00 -2.2518e+00 +1.5323e+00 +3.9261e-01 +1.0779e+00
1197 +8.516310640e-01 +8.516310640e-01 -4.827836894e+01 -4.827836894e+01 +1.7376e+00 -1.8366e+00 +1.6828e+00 +4.2175e-01 +1.0256e+00
1198 +6.941584587e-01 +6.941584587e-01 -4.843584154e+01 -4.843584154e+01 +1.9266e+00 -2.0565e+00 +1.6515e+00 +3.4786e-01 +1.1017e+00
1251 +6.823332628e-01 +6.823332628e-01 -4.844766674e+01 -4.844766674e+01 +1.8642e+00 -2.0551e+00 +1.6249e+00 +3.8821e-01 +1.0563e+00
1256 +6.687349009e-01 +6.687349009e-01 -4.846126510e+01 -4.846126510e+01 +1.9350e+00 -1.7960e+00 +1.6334e+00 +3.8883e-01 +1.0256e+00
1276 +6.601047925e-01 +6.601047925e-01 -4.846989521e+01 -4.846989521e+01 +1.8175e+00 -2.0172e+00 +1.6093e+00 +4.2237e-01 +1.0436e+00
1298 +6.357533570e-01 +6.357533570e-01 -4.849424664e+01 -4.849424664e+01 +1.7883e+00 -1.9934e+00 +1.6732e+00 +4.6985e-01 +1.0136e+00
1319 +6.282098652e-01 +6.282098652e-01 -4.850179013e+01 -4.850179013e+01 +1.8280e+00 -1.9717e+00 +1.6776e+00 +4.7877e-01 +1.0062e+00
1341 +6.127005934e-01 +6.127005934e-01 -4.851729941e+01 -4.851729941e+01 +1.8389e+00 -1.9286e+00 +1.7292e+00 +4.6179e-01 +1.0388e+00
1348 +5.773748223e-01 +5.773748223e-01 -4.855262518e+01 -4.855262518e+01 +1.9200e+00 -1.7971e+00 +1.7440e+00 +3.3011e-01 +1.0517e+00
1364 +5.584980832e-01 +5.584980832e-01 -4.857150192e+01 -4.857150192e+01 +1.8594e+00 -1.8265e+00 +1.7318e+00 +4.1410e-01 +1.0067e+00
1376 +5.273631676e-01 +5.273631676e-01 -4.860263683e+01 -4.860263683e+01 +1.9563e+00 -1.6890e+00 +1.7448e+00 +4.1193e-01 +1.0089e+00
1410 +5.038509603e-01 +5.038509603e-01 -4.862614904e+01 -4.862614904e+01 +1.9814e+00 -1.5891e+00 +1.8103e+00 +4.6621e-01 +1.0428e+00
1449 +4.701587094e-01 +4.701587094e-01 -4.865984129e+01 -4.865984129e+01 +2.1499e+00 -1.2418e+00 +1.9194e+00 +4.7589e-01 +1.0642e+00
1593 +4.193780809e-01 +4.193780809e-01 -4.871062192e+01 -4.871062192e+01 +2.1911e+00 -1.2036e+00 +1.9808e+00 +4.3638e-01 +1.0403e+00
1689 +3.789331221e-01 +3.789331221e-01 -4.875106688e+01 -4.875106688e+01 +2.3017e+00 -1.0868e+00 +2.0465e+00 +4.4397e-01 +1.0364e+00
1699 +3.461223337e-01 +3.461223337e-01 -4.878387767e+01 -4.878387767e+01 +2.3295e+00 -1.0425e+00 +2.1472e+00 +5.1450e-01 +1.0610e+00
1760 +3.334819040e-01 +3.334819040e-01 -4.879651810e+01 -4.879651810e+01 +2.3186e+00 -9.8728e-01 +2.0842e+00 +4.9884e-01 +1.0690e+00
1762 +2.996738019e-01 +2.996738019e-01 -4.883032620e+01 -4.883032620e+01 +2.3957e+00 -8.7709e-01 +2.0672e+00 +4.1987e-01 +1.0641e+00
1782 +2.852294364e-01 +2.852294364e-01 -4.884477056e+01 -4.884477056e+01 +2.3547e+00 -9.2850e-01 +2.1082e+00 +4.7906e-01 +1.0604e+00
1790 +2.682494901e-01 +2.682494901e-01 -4.886175051e+01 -4.886175051e+01 +2.4177e+00 -7.0872e-01 +2.1608e+00 +5.4511e-01 +1.0578e+00
1821 +2.390474964e-01 +2.390474964e-01 -4.889095250e+01 -4.889095250e+01 +2.4630e+00 -8.2594e-01 +2.2094e+00 +5.1742e-01 +1.0705e+00
1845 +2.293141950e-01 +2.293141950e-01 -4.890068580e+01 -4.890068580e+01 +2.3995e+00 -7.8525e-01 +2.1339e+00 +4.4164e-01 +1.0355e+00
1908 +1.937314498e-01 +1.937314498e-01 -4.893626855e+01 -4.893626855e+01 +2.4765e+00 -7.2320e-01 +2.2380e+00 +4.9687e-01 +1.0582e+00
1974 +1.621752058e-01 +1.621752058e-01 -4.896782479e+01 -4.896782479e+01 +2.5230e+00 -5.7597e-01 +2.3121e+00 +5.5135e-01 +1.0467e+00
1985 +1.547984932e-01 +1.547984932e-01 -4.897520151e+01 -4.897520151e+01 +2.4902e+00 -5.7872e-01 +2.2768e+00 +4.8101e-01 +1.0301e+00
2016 +1.487687187e-01 +1.487687187e-01 -4.898123128e+01 -4.898123128e+01 +2.5333e+00 -4.0906e-01 +2.3182e+00 +5.4074e-01 +1.0365e+00
2041 +1.461284110e-01 +1.461284110e-01 -4.898387159e+01 -4.898387159e+01 +2.5332e+00 -4.8284e-01 +2.3427e+00 +5.0814e-01 +1.0412e+00
2095 +1.424556608e-01 +1.424556608e-01 -4.898754434e+01 -4.898754434e+01 +2.5360e+00 -4.7990e-01 +2.3241e+00 +4.8953e-01 +1.0111e+00
2109 +1.400361720e-01 +1.400361720e-01 -4.898996383e+01 -4.898996383e+01 +2.5157e+00 -4.8174e-01 +2.3552e+00 +4.9036e-01 +9.9364e-01
2112 +1.363007208e-01 +1.363007208e-01 -4.899369928e+01 -4.899369928e+01 +2.4966e+00 -4.2003e-01 +2.3279e+00 +5.0279e-01 +1.0010e+00
2121 +1.181692180e-01 +1.181692180e-01 -4.901183078e+01 -4.901183078e+01 +2.5899e+00 -2.4334e-01 +2.4112e+00 +5.0312e-01 +9.9150e-01
2143 +1.125470238e-01 +1.125470238e-01 -4.901745298e+01 -4.901745298e+01 +2.5887e+00 -1.5619e-01 +2.3776e+00 +4.1095e-01 +1.0089e+00
2147 +8.199931872e-02 +8.199931872e-02 -4.904800068e+01 -4.904800068e+01 +2.6876e+00 +9.5233e-02 +2.4728e+00 +3.7333e-01 +1.0078e+00
2312 +7.754628266e-02 +7.754628266e-02 -4.905245372e+01 -4.905245372e+01 +2.7359e+00 +1.0693e-01 +2.5494e+00 +4.6012e-01 +9.6021e-01
2335 +6.707692107e-02 +6.707692107e-02 -4.906292308e+01 -4.906292308e+01 +2.7049e+00 +1.6646e-01 +2.5712e+00 +4.6306e-01 +9.3617e-01
2382 +6.277452563e-02 +6.277452563e-02 -4.906722547e+01 -4.906722547e+01 +2.7199e+00 +3.5975e-01 +2.5276e+00 +3.9453e-01 +9.5145e-01
2458 +4.966177057e-02 +4.966177057e-02 -4.908033823e+01 -4.908033823e+01 +2.7787e+00 +3.1773e-01 +2.6183e+00 +4.3962e-01 +9.6166e-01
2486 +4.638054690e-02 +4.638054690e-02 -4.908361945e+01 -4.908361945e+01 +2.7927e+00 +3.8417e-01 +2.6246e+00 +4.2653e-01 +9.6357e-01
2510 +4.446065552e-02 +4.446065552e-02 -4.908553934e+01 -4.908553934e+01 +2.8566e+00 +4.1688e-01 +2.6004e+00 +3.7319e-01 +1.0064e+00
2519 +4.136137180e-02 +4.136137180e-02 -4.908863863e+01 -4.908863863e+01 +2.8471e+00 +6.6246e-01 +2.7404e+00 +4.1657e-01 +9.4610e-01
2574 +3.866672189e-02 +3.866672189e-02 -4.909133328e+01 -4.909133328e+01 +2.8773e+00 +5.5753e-01 +2.6354e+00 +3.7784e-01 +9.8801e-01
2576 +2.653541281e-02 +2.653541281e-02 -4.910346459e+01 -4.910346459e+01 +2.9705e+00 +7.6840e-01 +2.7073e+00 +3.6192e-01 +9.9106e-01
2711 +2.315142524e-02 +2.315142524e-02 -4.910684857e+01 -4.910684857e+01 +2.9962e+00 +7.2237e-01 +2.7336e+00 +3.7312e-01 +9.9151e-01
2794 +2.246813522e-02 +2.246813522e-02 -4.910753186e+01 -4.910753186e+01 +2.9771e+00 +6.8831e-01 +2.7036e+00 +3.0032e-01 +9.9034e-01
2797 +1.911491495e-02 +1.911491495e-02 -4.911088509e+01 -4.911088509e+01 +2.9867e+00 +7.5844e-01 +2.7091e+00 +2.7709e-01 +9.7999e-01
2830 +1.690292935e-02 +1.690292935e-02 -4.911309707e+01 -4.911309707e+01 +3.0024e+00 +9.3403e-01 +2.7456e+00 +3.0745e-01 +9.6135e-01
2886 +1.607435819e-02 +1.607435819e-02 -4.911392564e+01 -4.911392564e+01 +3.0149e+00 +9.5074e-01 +2.7326e+00 +2.6798e-01 +9.6138e-01
2888 +1.416890815e-02 +1.416890815e-02 -4.911583109e+01 -4.911583109e+01 +3.0727e+00 +1.0320e+00 +2.7994e+00 +3.0624e-01 +9.6777e-01
2917 +1.406549065e-02 +1.406549065e-02 -4.911593451e+01 -4.911593451e+01 +3.1016e+00 +1.0984e+00 +2.7866e+00 +2.7098e-01 +9.8050e-01
2942 +1.056821667e-02 +1.056821667e-02 -4.911943178e+01 -4.911943178e+01 +3.1462e+00 +1.1939e+00 +2.8523e+00 +2.8428e-01 +9.6933e-01
3073 +9.888898300e-03 +9.888898300e-03 -4.912011110e+01 -4.912011110e+01 +3.1195e+00 +1.1335e+00 +2.8575e+00 +2.6501e-01 +9.5844e-01
3100 +6.604848258e-03 +6.604848258e-03 -4.912339515e+01 -4.912339515e+01 +3.1618e+00 +1.3123e+00 +2.8583e+00 +1.9933e-01 +9.6894e-01
3207 +5.282242645e-03 +5.282242645e-03 -4.912471776e+01 -4.912471776e+01 +3.1781e+00 +1.2773e+00 +2.9074e+00 +2.5035e-01 +9.5075e-01
3251 +3.851871749e-03 +3.851871749e-03 -4.912614813e+01 -4.912614813e+01 +3.2417e+00 +1.4662e+00 +3.0036e+00 +2.5259e-01 +9.5235e-01
3291 +3.778151045e-03 +3.778151045e-03 -4.912622185e+01 -4.912622185e+01 +3.2200e+00 +1.4174e+00 +2.9581e+00 +2.4962e-01 +9.5146e-01
3386 +3.610921471e-03 +3.610921471e-03 -4.912638908e+01 -4.912638908e+01 +3.2841e+00 +1.4714e+00 +2.9669e+00 +2.1392e-01 +9.5856e-01
3436 +2.882317501e-03 +2.882317501e-03 -4.912711768e+01 -4.912711768e+01 +3.3664e+00 +1.7121e+00 +3.0667e+00 +2.4316e-01 +9.3324e-01
3469 +1.641983695e-03 +1.641983695e-03 -4.912835802e+01 -4.912835802e+01 +3.4351e+00 +1.7901e+00 +3.0895e+00 +2.3299e-01 +9.6343e-01
3480 +1.126880530e-03 +1.126880530e-03 -4.912887312e+01 -4.912887312e+01 +3.4200e+00 +1.8082e+00 +3.1442e+00 +2.4837e-01 +9.5870e-01
3542 +1.096279529e-03 +1.096279529e-03 -4.912890372e+01 -4.912890372e+01 +3.4342e+00 +1.8134e+00 +3.1657e+00 +2.9271e-01 +9.4683e-01
3586 +8.893173583e-04 +8.893173583e-04 -4.912911068e+01 -4.912911068e+01 +3.4523e+00 +1.9258e+00 +3.1806e+00 +2.7284e-01 +9.3750e-01
3656 +6.700671287e-04 +6.700671287e-04 -4.912932993e+01 -4.912932993e+01 +3.4962e+00 +2.2065e+00 +3.2692e+00 +2.4739e-01 +9.0228e-01
3696 +6.579446451e-04 +6.579446451e-04 -4.912934206e+01 -4.912934206e+01 +3.4642e+00 +2.0000e+00 +3.2087e+00 +2.5177e-01 +9.2649e-01
3740 +6.426272534e-04 +6.426272534e-04 -4.912935737e+01 -4.912935737e+01 +3.5103e+00 +2.0414e+00 +3.2223e+00 +2.5875e-01 +9.4154e-01
3756 +6.029694585e-04 +6.029694585e-04 -4.912939703e+01 -4.912939703e+01 +3.5542e+00 +2.0502e+00 +3.2503e+00 +2.3792e-01 +9.5165e-01
3806 +4.914187730e-04 +4.914187730e-04 -4.912950858e+01 -4.912950858e+01 +3.6127e+00 +2.2409e+00 +3.3313e+00 +2.7292e-01 +9.4520e-01
3840 +4.303217490e-04 +4.303217490e-04 -4.912956968e+01 -4.912956968e+01 +3.6062e+00 +2.2608e+00 +3.3214e+00 +2.4835e-01 +9.4778e-01
3875 +2.762649473e-04 +2.762649473e-04 -4.912972374e+01 -4.912972374e+01 +3.6241e+00 +2.2722e+00 +3.3306e+00 +2.4476e-01 +9.4476e-01
4012 +2.712803619e-04 +2.712803619e-04 -4.912972872e+01 -4.912972872e+01 +3.5773e+00 +2.2481e+00 +3.3152e+00 +2.4506e-01 +9.2813e-01
4026 +2.679681563e-04 +2.679681563e-04 -4.912973203e+01 -4.912973203e+01 +3.5833e+00 +2.2238e+00 +3.3052e+00 +2.5121e-01 +9.2954e-01
4046 +2.157409164e-04 +2.157409164e-04 -4.912978426e+01 -4.912978426e+01 +3.5892e+00 +2.2531e+00 +3.2974e+00 +2.2954e-01 +9.3144e-01
4367 +1.886497155e-04 +1.886497155e-04 -4.912981135e+01 -4.912981135e+01 +3.5937e+00 +2.2627e+00 +3.3082e+00 +2.2233e-01 +9.2498e-01
4410 +1.733362035e-04 +1.733362035e-04 -4.912982666e+01 -4.912982666e+01 +3.5878e+00 +2.2561e+00 +3.3042e+00 +2.1030e-01 +9.2203e-01
4439 +1.673842448e-04 +1.673842448e-04 -4.912983262e+01 -4.912983262e+01 +3.5851e+00 +2.2724e+00 +3.3030e+00 +2.0441e-01 +9.2987e-01
4444 +1.518051709e-04 +1.518051709e-04 -4.912984819e+01 -4.912984819e+01 +3.5849e+00 +2.2533e+00 +3.2967e+00 +2.0644e-01 +9.2657e-01
4456 +1.418216570e-04 +1.418216570e-04 -4.912985818e+01 -4.912985818e+01 +3.5765e+00 +2.2635e+00 +3.2942e+00 +2.0002e-01 +9.2387e-01
4466 +1.366246232e-04 +1.366246232e-04 -4.912986338e+01 -4.912986338e+01 +3.5787e+00 +2.2587e+00 +3.2941e+00 +1.9436e-01 +9.2557e-01
4473 +1.155825474e-04 +1.155825474e-04 -4.912988442e+01 -4.912988442e+01 +3.5964e+00 +2.2758e+00 +3.3009e+00 +1.9034e-01 +9.2816e-01
4493 +1.087586697e-04 +1.087586697e-04 -4.912989124e+01 -4.912989124e+01 +3.5712e+00 +2.2501e+00 +3.2720e+00 +1.5357e-01 +9.2440e-01
4501 +1.042216456e-04 +1.042216456e-04 -4.912989578e+01 -4.912989578e+01 +3.6098e+00 +2.2856e+00 +3.2907e+00 +1.7467e-01 +9.3165e-01
4528 +9.177499327e-05 +9.177499327e-05 -4.912990823e+01 -4.912990823e+01 +3.5958e+00 +2.3386e+00 +3.2962e+00 +1.6116e-01 +9.2790e-01
4539 +7.692079308e-05 +7.692079308e-05 -4.912992308e+01 -4.912992308e+01 +3.5889e+00 +2.2850e+00 +3.2777e+00 +1.5323e-01 +9.2849e-01
4559 +7.527090347e-05 +7.527090347e-05 -4.912992473e+01 -4.912992473e+01 +3.5881e+00 +2.3014e+00 +3.2809e+00 +1.5406e-01 +9.2562e-01
4671 +7.023530022e-05 +7.023530022e-05 -4.912992976e+01 -4.912992976e+01 +3.5919e+00 +2.3479e+00 +3.2874e+00 +1.3923e-01 +9.2258e-01
4679 +6.917994738e-05 +6.917994738e-05 -4.912993082e+01 -4.912993082e+01 +3.5958e+00 +2.3653e+00 +3.2873e+00 +1.4014e-01 +9.1709e-01
4686 +5.960904620e-05 +5.960904620e-05 -4.912994039e+01 -4.912994039e+01 +3.5931e+00 +2.3454e+00 +3.2830e+00 +1.3381e-01 +9.2032e-01
4695 +5.150820881e-05 +5.150820881e-05 -4.912994849e+01 -4.912994849e+01 +3.6025e+00 +2.3569e+00 +3.2907e+00 +1.4047e-01 +9.2368e-01
4713 +4.562760060e-05 +4.562760060e-05 -4.912995437e+01 -4.912995437e+01 +3.5977e+00 +2.3701e+00 +3.2768e+00 +1.0747e-01 +9.2026e-01
4718 +3.759650985e-05 +3.759650985e-05 -4.912996240e+01 -4.912996240e+01 +3.6132e+00 +2.3747e+00 +3.2885e+00 +1.3352e-01 +9.2832e-01
4723 +3.180377990e-05 +3.180377990e-05 -4.912996820e+01 -4.912996820e+01 +3.6184e+00 +2.4270e+00 +3.2798e+00 +6.6315e-02 +9.2106e-01
4970 +3.025505601e-05 +3.025505601e-05 -4.912996974e+01 -4.912996974e+01 +3.6129e+00 +2.3883e+00 +3.2798e+00 +1.0074e-01 +9.2343e-01
4984 +2.835259728e-05 +2.835259728e-05 -4.912997165e+01 -4.912997165e+01 +3.6168e+00 +2.4078e+00 +3.2842e+00 +9.0266e-02 +9.2396e-01
5011 +2.766572090e-05 +2.766572090e-05 -4.912997233e+01 -4.912997233e+01 +3.6163e+00 +2.4144e+00 +3.2748e+00 +8.0244e-02 +9.2521e-01
5020 +2.733639082e-05 +2.733639082e-05 -4.912997266e+01 -4.912997266e+01 +3.6228e+00 +2.4288e+00 +3.2857e+00 +7.7656e-02 +9.2501e-01
5025 +2.620005907e-05 +2.620005907e-05 -4.912997380e+01 -4.912997380e+01 +3.6236e+00 +2.4281e+00 +3.2824e+00 +7.9269e-02 +9.2512e-01
5068 +2.478829295e-05 +2.478829295e-05 -4.912997521e+01 -4.912997521e+01 +3.6285e+00 +2.4410e+00 +3.2737e+00 +5.5009e-02 +9.3009e-01
5073 +2.399871026e-05 +2.399871026e-05 -4.912997600e+01 -4.912997600e+01 +3.6317e+00 +2.4133e+00 +3.2869e+00 +7.8732e-02 +9.2974e-01
5081 +2.386572493e-05 +2.386572493e-05 -4.912997613e+01 -4.912997613e+01 +3.6419e+00 +2.4149e+00 +3.2893e+00 +9.9184e-02 +9.3118e-01
5082 +2.123603331e-05 +2.123603331e-05 -4.912997876e+01 -4.912997876e+01 +3.6318e+00 +2.4313e+00 +3.2824e+00 +7.3131e-02 +9.2971e-01
5096 +1.700254042e-05 +1.700254042e-05 -4.912998300e+01 -4.912998300e+01 +3.6545e+00 +2.4341e+00 +3.2918e+00 +6.0917e-02 +9.4229e-01
5120 +1.431666622e-05 +1.431666622e-05 -4.912998568e+01 -4.912998568e+01 +3.6632e+00 +2.4633e+00 +3.2989e+00 +8.2162e-02 +9.3182e-01
5124 +1.186699386e-05 +1.186699386e-05 -4.912998813e+01 -4.912998813e+01 +3.6567e+00 +2.4662e+00 +3.2985e+00 +8.6533e-02 +9.3134e-01
5132 +6.591692255e-06 +6.591692255e-06 -4.912999341e+01 -4.912999341e+01 +3.6685e+00 +2.4850e+00 +3.3062e+00 +6.8648e-02 +9.3323e-01
5346 +6.342598233e-06 +6.342598233e-06 -4.912999366e+01 -4.912999366e+01 +3.6634e+00 +2.4660e+00 +3.2906e+00 +5.9983e-02 +9.3838e-01
5385 +5.443085414e-06 +5.443085414e-06 -4.912999456e+01 -4.912999456e+01 +3.6753e+00 +2.4887e+00 +3.2907e+00 +4.2393e-02 +9.3901e-01
5432 +3.026407462e-06 +3.026407462e-06 -4.912999697e+01 -4.912999697e+01 +3.6753e+00 +2.4891e+00 +3.2841e+00 +4.6444e-02 +9.4468e-01
5507 +2.926759159e-06 +2.926759159e-06 -4.912999707e+01 -4.912999707e+01 +3.6749e+00 +2.4875e+00 +3.2930e+00 +5.3867e-02 +9.4379e-01
5526 +1.486541855e-06 +1.486541855e-06 -4.912999851e+01 -4.912999851e+01 +3.6884e+00 +2.5073e+00 +3.2919e+00 +3.9184e-02 +9.4785e-01
5604 +1.112664670e-06 +1.112664670e-06 -4.912999889e+01 -4.912999889e+01 +3.6937e+00 +2.5113e+00 +3.2958e+00 +3.6860e-02 +9.4920e-01
5654 +8.802746478e-07 +8.802746478e-07 -4.912999912e+01 -4.912999912e+01 +3.6962e+00 +2.5171e+00 +3.2917e+00 +3.0254e-02 +9.5259e-01
5676 +7.230168464e-07 +7.230168464e-07 -4.912999928e+01 -4.912999928e+01 +3.7006e+00 +2.5113e+00 +3.2911e+00 +3.1807e-02 +9.5638e-01
5723 +6.383652433e-07 +6.383652433e-07 -4.912999936e+01 -4.912999936e+01 +3.7048e+00 +2.5334e+00 +3.2912e+00 +2.7406e-02 +9.5330e-01
5772 +4.038072703e-07 +4.038072703e-07 -4.912999960e+01 -4.912999960e+01 +3.7096e+00 +2.5578e+00 +3.2985e+00 +1.2981e-02 +9.4965e-01
5872 +2.097266147e-07 +2.097266147e-07 -4.912999979e+01 -4.912999979e+01 +3.7184e+00 +2.5406e+00 +3.3009e+00 +2.4423e-02 +9.5676e-01
6087 +2.052259944e-07 +2.052259944e-07 -4.912999979e+01 -4.912999979e+01 +3.7197e+00 +2.5470e+00 +3.3014e+00 +2.3334e-02 +9.5555e-01
6094 +1.863786139e-07 +1.863786139e-07 -4.912999981e+01 -4.912999981e+01 +3.7176e+00 +2.5433e+00 +3.2992e+00 +2.1740e-02 +9.5657e-01
6115 +1.791640116e-07 +1.791640116e-07 -4.912999982e+01 -4.912999982e+01 +3.7178e+00 +2.5480e+00 +3.3011e+00 +2.2770e-02 +9.5632e-01
6198 +1.760893724e-07 +1.760893724e-07 -4.912999982e+01 -4.912999982e+01 +3.7184e+00 +2.5478e+00 +3.3004e+00 +1.9980e-02 +9.5540e-01
6203 +1.483495922e-07 +1.483495922e-07 -4.912999985e+01 -4.912999985e+01 +3.7211e+00 +2.5494e+00 +3.3009e+00 +1.9961e-02 +9.5767e-01
6248 +1.439600652e-07 +1.439600652e-07 -4.912999986e+01 -4.912999986e+01 +3.7205e+00 +2.5511e+00 +3.3015e+00 +1.9495e-02 +9.5698e-01
6253 +1.382422283e-07 +1.382422283e-07 -4.912999986e+01 -4.912999986e+01 +3.7236e+00 +2.5609e+00 +3.3035e+00 +1.8325e-02 +9.5495e-01
6258 +1.274880077e-07 +1.274880077e-07 -4.912999987e+01 -4.912999987e+01 +3.7226e+00 +2.5518e+00 +3.3015e+00 +1.6961e-02 +9.5788e-01
6270 +1.202250530e-07 +1.202250530e-07 -4.912999988e+01 -4.912999988e+01 +3.7226e+00 +2.5551e+00 +3.3018e+00 +1.8092e-02 +9.5661e-01
6277 +8.833757192e-08 +8.833757192e-08 -4.912999991e+01 -4.912999991e+01 +3.7230e+00 +2.5622e+00 +3.3007e+00 +1.4400e-02 +9.5668e-01
6327 +6.932447860e-08 +6.932447860e-08 -4.912999993e+01 -4.912999993e+01 +3.7254e+00 +2.5677e+00 +3.3053e+00 +1.7566e-02 +9.5631e-01
6342 +6.807238151e-08 +6.807238151e-08 -4.912999993e+01 -4.912999993e+01 +3.7303e+00 +2.5689e+00 +3.3046e+00 +1.3887e-02 +9.5719e-01
6366 +6.288876619e-08 +6.288876619e-08 -4.912999994e+01 -4.912999994e+01 +3.7263e+00 +2.5619e+00 +3.3025e+00 +1.4517e-02 +9.5787e-01
6372 +4.842505064e-08 +4.842505064e-08 -4.912999995e+01 -4.912999995e+01 +3.7319e+00 +2.5757e+00 +3.3044e+00 +1.2369e-02 +9.5864e-01
% function evaluation | noise-free fitness - Fopt (2.977300000000e+02) | best noise-free fitness - Fopt | measured fitness | best measured fitness | x1 | x2...
1 +4.678244042e+01 +4.678244042e+01 +3.445124404e+02 +3.445124404e+02 +0.0000e+00 +0.0000e+00 +0.0000e+00 +0.0000e+00 +0.0000e+00
114 +3.461003969e+01 +3.461003969e+01 +3.323400397e+02 +3.323400397e+02 +2.0019e+00 -4.4611e+00 -4.6483e+00 +4.7522e+00 +1.4542e+00
154 +3.388375699e+01 +3.388375699e+01 +3.316137570e+02 +3.316137570e+02 +1.8666e+00 -4.1371e+00 -4.6564e+00 +3.1507e+00 +1.8631e+00
161 +2.898675707e+01 +2.898675707e+01 +3.267167571e+02 +3.267167571e+02 +2.6561e+00 -4.4140e+00 -3.2897e+00 +2.9523e+00 +1.6955e+00
194 +2.598325580e+01 +2.598325580e+01 +3.237132558e+02 +3.237132558e+02 +2.8095e+00 -4.2296e+00 -4.8000e+00 +4.8444e+00 +8.7811e-01
202 +2.403070961e+01 +2.403070961e+01 +3.217607096e+02 +3.217607096e+02 +2.8789e+00 -4.8432e+00 -4.7703e+00 +4.5917e+00 +1.3146e+00
216 +2.217119639e+01 +2.217119639e+01 +3.199011964e+02 +3.199011964e+02 +2.5354e+00 -4.5610e+00 -4.8313e+00 +3.4724e+00 +1.0568e+00
220 +1.748941927e+01 +1.748941927e+01 +3.152194193e+02 +3.152194193e+02 +2.9244e+00 -4.2797e+00 -4.3199e+00 +3.5773e+00 +1.3197e+00
242 +1.600763037e+01 +1.600763037e+01 +3.137376304e+02 +3.137376304e+02 +3.4640e+00 -4.0568e+00 -4.5177e+00 +4.0427e+00 +1.1995e+00
264 +1.523848010e+01 +1.523848010e+01 +3.129684801e+02 +3.129684801e+02 +3.4364e+00 -4.5200e+00 -4.1326e+00 +3.6892e+00 +1.1638e+00
286 +1.479918866e+01 +1.479918866e+01 +3.125291887e+02 +3.125291887e+02 +3.6682e+00 -4.5121e+00 -4.4133e+00 +3.6929e+00 +1.1752e+00
423 +1.478132946e+01 +1.478132946e+01 +3.125113295e+02 +3.125113295e+02 +3.5744e+00 -4.3143e+00 -4.1906e+00 +3.7556e+00 +1.1787e+00
% function evaluation | noise-free fitness - Fopt (5.157000000000e+01) | best noise-free fitness - Fopt | measured fitness | best measured fitness | x1 | x2...
1 +7.372267219e+01 +7.372267219e+01 +1.252926722e+02 +1.252926722e+02 +0.0000e+00 +0.0000e+00 +0.0000e+00 +0.0000e+00 +0.0000e+00
2 +6.291708209e+01 +6.291708209e+01 +1.144870821e+02 +1.144870821e+02 -2.1148e+00 -1.0832e+00 +1.6723e+00 +6.4544e-02 +2.4480e+00
24 +6.115420753e+01 +6.115420753e+01 +1.127242075e+02 +1.127242075e+02 -2.0631e+00 -1.0548e+00 +1.6219e+00 +2.5285e-01 +2.4635e+00
46 +6.004065439e+01 +6.004065439e+01 +1.116106544e+02 +1.116106544e+02 -2.1233e+00 -8.0333e-01 +1.4669e+00 +1.8164e-01 +2.2612e+00
69 +5.840080125e+01 +5.840080125e+01 +1.099708013e+02 +1.099708013e+02 -2.2425e+00 -1.1126e+00 +5.3272e-01 +1.3409e-01 +2.4730e+00
119 +5.733982238e+01 +5.733982238e+01 +1.089098224e+02 +1.089098224e+02 -2.4847e+00 -1.2934e+00 +8.3364e-01 +6.3032e-01 +2.2328e+00
% function evaluation | noise-free fitness - Fopt (-4.870000000000e+00) | best noise-free fitness - Fopt | measured fitness | best measured fitness | x1 | x2...
1 +8.239436225e+01 +8.239436225e+01 +7.752436225e+01 +7.752436225e+01 +0.0000e+00 +0.0000e+00 +0.0000e+00 +0.0000e+00 +0.0000e+00
2 +6.850400706e+01 +6.850400706e+01 +6.363400706e+01 +6.363400706e+01 +9.9743e-01 -1.0235e+00 +1.0855e+00 -3.5183e+00 -3.6350e+00
5 +6.535892801e+01 +6.535892801e+01 +6.048892801e+01 +6.048892801e+01 +1.0070e+00 -1.1084e+00 +1.0268e+00 -3.3639e+00 -3.6466e+00
6 +6.354633074e+01 +6.354633074e+01 +5.867633074e+01 +5.867633074e+01 +9.4103e-01 -1.1372e+00 +1.0423e+00 -3.3512e+00 -3.6923e+00
7 +4.587337093e+01 +4.587337093e+01 +4.100337093e+01 +4.100337093e+01 +8.8006e-01 -1.2116e+00 +9.6682e-01 -3.4141e+00 -3.5365e+00
24 +3.370875187e+01 +3.370875187e+01 +2.883875187e+01 +2.883875187e+01 +7.3789e-01 -1.0399e+00 +9.2426e-01 -3.3449e+00 -3.5002e+00
31 +2.303679693e+01 +2.303679693e+01 +1.816679693e+01 +1.816679693e+01 +6.9317e-01 -1.2173e+00 +9.6785e-01 -3.4030e+00 -3.4175e+00
51 +1.749924614e+01 +1.749924614e+01 +1.262924614e+01 +1.262924614e+01 +5.7155e-01 -1.1953e+00 +1.0385e+00 -3.3095e+00 -3.3732e+00
68 +1.230166827e+01 +1.230166827e+01 +7.431668271e+00 +7.431668271e+00 +3.3302e-01 -1.1792e+00 +1.0646e+00 -3.1823e+00 -3.3824e+00
76 +1.133199332e+01 +1.133199332e+01 +6.461993318e+00 +6.461993318e+00 +6.1141e-01 -1.2400e+00 +1.0722e+00 -3.2854e+00 -2.9966e+00
84 +8.750462680e+00 +8.750462680e+00 +3.880462680e+00 +3.880462680e+00 +1.2437e-01 -1.1366e+00 +8.0356e-01 -3.4172e+00 -3.4284e+00
94 +8.139104224e+00 +8.139104224e+00 +3.269104224e+00 +3.269104224e+00 +7.8834e-01 -1.5557e+00 +9.8801e-01 -3.1351e+00 -2.9837e+00
114 +8.077394869e+00 +8.077394869e+00 +3.207394869e+00 +3.207394869e+00 +3.3960e-01 -1.4011e+00 +9.2642e-01 -3.4341e+00 -3.0791e+00
121 +7.090065967e+00 +7.090065967e+00 +2.220065967e+00 +2.220065967e+00 +8.5695e-01 -1.4386e+00 +4.0075e-01 -3.2419e+00 -2.9768e+00
196 +6.171309986e+00 +6.171309986e+00 +1.301309986e+00 +1.301309986e+00 +8.5609e-01 -1.7617e+00 +6.1563e-01 -3.3775e+00 -2.9527e+00
206 +6.078309133e+00 +6.078309133e+00 +1.208309133e+00 +1.208309133e+00 +8.2764e-01 -1.5770e+00 +6.9212e-01 -3.4141e+00 -2.8745e+00
269 +5.928421201e+00 +5.928421201e+00 +1.058421201e+00 +1.058421201e+00 +6.6809e-01 -1.5307e+00 +6.4148e-01 -3.6019e+00 -2.8332e+00
271 +5.327203276e+00 +5.327203276e+00 +4.572032764e-01 +4.572032764e-01 +8.6532e-01 -1.7506e+00 +6.7555e-01 -3.5984e+00 -2.7340e+00
320 +4.897853774e+00 +4.897853774e+00 +2.785377423e-02 +2.785377423e-02 +9.9098e-01 -1.5473e+00 +4.4676e-01 -3.5772e+00 -2.6563e+00
470 +4.778864997e+00 +4.778864997e+00 -9.113500272e-02 -9.113500272e-02 +7.7753e-01 -1.5095e+00 +5.8087e-01 -3.8735e+00 -2.6027e+00
557 +4.388805532e+00 +4.388805532e+00 -4.811944683e-01 -4.811944683e-01 +9.4856e-01 -1.5140e+00 +6.0832e-01 -3.8446e+00 -2.4201e+00
594 +4.345126507e+00 +4.345126507e+00 -5.248734935e-01 -5.248734935e-01 +9.0227e-01 -1.5269e+00 +5.4379e-01 -3.8982e+00 -2.4787e+00
598 +4.070610830e+00 +4.070610830e+00 -7.993891696e-01 -7.993891696e-01 +9.9845e-01 -1.5062e+00 +5.1415e-01 -3.8957e+00 -2.3422e+00
625 +3.944859127e+00 +3.944859127e+00 -9.251408729e-01 -9.251408729e-01 +1.0595e+00 -1.4742e+00 +5.1471e-01 -3.9742e+00 -2.2401e+00
720 +3.582291914e+00 +3.582291914e+00 -1.287708086e+00 -1.287708086e+00 +1.2531e+00 -1.6719e+00 +4.8109e-01 -3.8791e+00 -2.1293e+00
844 +3.342203699e+00 +3.342203699e+00 -1.527796301e+00 -1.527796301e+00 +1.3924e+00 -1.5770e+00 +3.4324e-01 -3.9875e+00 -1.9820e+00
900 +3.301838228e+00 +3.301838228e+00 -1.568161772e+00 -1.568161772e+00 +1.3773e+00 -1.5862e+00 +3.4165e-01 -3.8731e+00 -2.0013e+00
946 +3.178709721e+00 +3.178709721e+00 -1.691290279e+00 -1.691290279e+00 +1.4963e+00 -1.6245e+00 +3.4943e-01 -3.8683e+00 -1.9283e+00
950 +3.050025086e+00 +3.050025086e+00 -1.819974914e+00 -1.819974914e+00 +1.6682e+00 -1.5931e+00 +1.6818e-01 -3.8588e+00 -1.7977e+00
1003 +2.983741611e+00 +2.983741611e+00 -1.886258389e+00 -1.886258389e+00 +1.7061e+00 -1.6491e+00 +1.7485e-01 -3.8359e+00 -1.7728e+00
1256 +2.947782641e+00 +2.947782641e+00 -1.922217359e+00 -1.922217359e+00 +1.7686e+00 -1.6694e+00 +1.6880e-01 -3.9023e+00 -1.6643e+00
1562 +2.883880186e+00 +2.883880186e+00 -1.986119814e+00 -1.986119814e+00 +1.8199e+00 -1.7121e+00 +1.9362e-01 -3.8148e+00 -1.6448e+00
1667 +2.813037843e+00 +2.813037843e+00 -2.056962157e+00 -2.056962157e+00 +1.9735e+00 -1.7947e+00 +2.0790e-01 -3.7744e+00 -1.5098e+00
2055 +2.740673117e+00 +2.740673117e+00 -2.129326883e+00 -2.129326883e+00 +2.0765e+00 -1.8900e+00 +1.9793e-01 -3.6682e+00 -1.4943e+00
2555 +2.690984147e+00 +2.690984147e+00 -2.179015853e+00 -2.179015853e+00 +2.2044e+00 -1.9685e+00 +2.1429e-01 -3.5797e+00 -1.4194e+00
3737 +2.629862873e+00 +2.629862873e+00 -2.240137127e+00 -2.240137127e+00 +2.3819e+00 -2.1239e+00 +2.4765e-01 -3.4267e+00 -1.3491e+00
% function evaluation | noise-free fitness - Fopt (1.511400000000e+02) | best noise-free fitness - Fopt | measured fitness | best measured fitness | x1 | x2...
1 +5.972485486e+01 +5.972485486e+01 +2.108648549e+02 +2.108648549e+02 +0.0000e+00 +0.0000e+00 +0.0000e+00 +0.0000e+00 +0.0000e+00
122 +5.822419389e+01 +5.822419389e+01 +2.093641939e+02 +2.093641939e+02 +1.0767e+00 +1.5652e-02 -3.2331e+00 -2.8044e+00 -3.0897e+00
134 +5.529789954e+01 +5.529789954e+01 +2.064378995e+02 +2.064378995e+02 +6.9758e-01 -2.6421e-01 -2.9903e+00 -3.3603e+00 -2.8232e+00
138 +2.788878267e+01 +2.788878267e+01 +1.790287827e+02 +1.790287827e+02 +1.1606e+00 +7.8506e-01 -2.8419e+00 -3.2407e+00 -5.5499e+00
178 +2.111476531e+01 +2.111476531e+01 +1.722547653e+02 +1.722547653e+02 +8.5222e-01 +5.8805e-01 -1.9192e+00 -3.2349e+00 -5.2872e+00
208 +2.020303090e+01 +2.020303090e+01 +1.713430309e+02 +1.713430309e+02 +1.4735e+00 +9.7954e-01 -1.4373e+00 -5.2538e+00 -3.6642e+00
220 +1.184368076e+01 +1.184368076e+01 +1.629836808e+02 +1.629836808e+02 +1.3901e+00 +1.3067e+00 -1.8562e+00 -4.0154e+00 -4.5535e+00
416 +1.169468234e+01 +1.169468234e+01 +1.628346823e+02 +1.628346823e+02 +1.3511e+00 +1.4365e+00 -1.6008e+00 -4.3544e+00 -4.4036e+00
516 +1.147731222e+01 +1.147731222e+01 +1.626173122e+02 +1.626173122e+02 +1.1071e+00 +1.4073e+00 -1.4435e+00 -3.9343e+00 -4.3903e+00
726 +1.120838810e+01 +1.120838810e+01 +1.623483881e+02 +1.623483881e+02 +1.0914e+00 +1.1501e+00 -1.5710e+00 -4.1337e+00 -4.4251e+00
% function evaluation | noise-free fitness - Fopt (-1.332700000000e+02) | best noise-free fitness - Fopt | measured fitness | best measured fitness | x1 | x2...
1 +6.677364252e+01 +6.677364252e+01 -6.649635748e+01 -6.649635748e+01 +0.0000e+00 +0.0000e+00 +0.0000e+00 +0.0000e+00 +0.0000e+00
73 +6.425843032e+01 +6.425843032e+01 -6.901156968e+01 -6.901156968e+01 +1.3664e+00 +2.4662e+00 -1.9785e+00 +9.0980e-01 +1.1331e+00
92 +5.082449418e+01 +5.082449418e+01 -8.244550582e+01 -8.244550582e+01 +1.0845e+00 +3.0952e+00 -2.7820e+00 +9.0162e-01 +1.2895e+00
114 +3.429748301e+01 +3.429748301e+01 -9.897251699e+01 -9.897251699e+01 +1.3227e+00 +2.8535e+00 -2.6978e+00 -1.2717e+00 +1.2861e+00
123 +2.554097240e+01 +2.554097240e+01 -1.077290276e+02 -1.077290276e+02 +1.4731e+00 +3.3294e+00 -2.9428e+00 -2.9115e-01 +1.7942e+00
220 +2.456165032e+01 +2.456165032e+01 -1.087083497e+02 -1.087083497e+02 +9.2755e-01 +3.5374e+00 -3.3348e+00 -3.6664e-01 +1.4513e+00
242 +2.271792198e+01 +2.271792198e+01 -1.105520780e+02 -1.105520780e+02 +1.4665e+00 +3.5530e+00 -3.1456e+00 -4.1105e-01 +1.2811e+00
479 +2.210062703e+01 +2.210062703e+01 -1.111693730e+02 -1.111693730e+02 +1.2515e+00 +4.1393e+00 -3.4433e+00 -1.1720e-01 +1.3648e+00
638 +2.182014070e+01 +2.182014070e+01 -1.114498593e+02 -1.114498593e+02 +1.4920e+00 +3.9732e+00 -3.1081e+00 -2.4361e-01 +1.3355e+00
% function evaluation | noise-free fitness - Fopt (-5.488000000000e+01) | best noise-free fitness - Fopt | measured fitness | best measured fitness | x1 | x2...
1 +7.061222778e+01 +7.061222778e+01 +1.573222778e+01 +1.573222778e+01 +0.0000e+00 +0.0000e+00 +0.0000e+00 +0.0000e+00 +0.0000e+00
72 +6.819607356e+01 +6.819607356e+01 +1.331607356e+01 +1.331607356e+01 -5.1644e-01 -2.4859e+00 +2.2142e-01 -2.5991e+00 -6.7859e-01
90 +6.618525162e+01 +6.618525162e+01 +1.130525162e+01 +1.130525162e+01 -5.0819e-01 -2.2444e+00 +3.8460e-01 -2.7284e+00 -8.0316e-01
101 +6.459730871e+01 +6.459730871e+01 +9.717308710e+00 +9.717308710e+00 -2.9410e-01 -1.9178e+00 +1.8627e-01 -2.8074e+00 -4.9196e-01
113 +6.271841106e+01 +6.271841106e+01 +7.838411061e+00 +7.838411061e+00 -9.0434e-01 -1.9205e+00 +5.0115e-01 -2.8585e+00 -6.4241e-01
117 +5.012807070e+01 +5.012807070e+01 -4.751929297e+00 -4.751929297e+00 -8.1940e-01 -1.4336e+00 +8.2056e-02 -3.0304e+00 -8.6988e-01
122 +4.645021995e+01 +4.645021995e+01 -8.429780049e+00 -8.429780049e+00 -6.5533e-01 -9.5157e-01 +4.0317e-01 -3.0820e+00 -7.8338e-01
128 +4.254279887e+01 +4.254279887e+01 -1.233720113e+01 -1.233720113e+01 -8.9143e-01 -1.1249e+00 +2.4629e-01 -2.5876e+00 -1.0798e+00
136 +3.858087253e+01 +3.858087253e+01 -1.629912747e+01 -1.629912747e+01 -3.8371e-02 +1.1538e-01 +2.8700e-01 -3.0119e+00 -9.9583e-01
153 +3.729912092e+01 +3.729912092e+01 -1.758087908e+01 -1.758087908e+01 -5.1825e-01 -1.2423e-01 +7.6007e-01 -2.9790e+00 -1.2656e+00
154 +3.513804088e+01 +3.513804088e+01 -1.974195912e+01 -1.974195912e+01 -5.4166e-01 -1.8488e-01 +5.2793e-01 -2.9175e+00 -1.0917e+00
165 +2.575464913e+01 +2.575464913e+01 -2.912535087e+01 -2.912535087e+01 -1.0438e+00 -1.8835e-01 -1.6957e-01 -2.5041e+00 -1.0603e+00
188 +2.304619642e+01 +2.304619642e+01 -3.183380358e+01 -3.183380358e+01 -1.6061e+00 +6.4853e-02 +8.3834e-02 -2.3117e+00 -1.6624e+00
220 +2.133882323e+01 +2.133882323e+01 -3.354117677e+01 -3.354117677e+01 -1.4228e+00 +3.8744e-01 -2.7272e-02 -3.2682e+00 -1.5677e+00
242 +2.070492966e+01 +2.070492966e+01 -3.417507034e+01 -3.417507034e+01 -1.3467e+00 +5.2599e-01 -3.6503e-01 -3.4290e+00 -1.5795e+00
286 +1.976664920e+01 +1.976664920e+01 -3.511335080e+01 -3.511335080e+01 -1.7452e+00 +4.1698e-01 -5.7247e-01 -2.9457e+00 -1.3633e+00
307 +1.873761022e+01 +1.873761022e+01 -3.614238978e+01 -3.614238978e+01 -1.7237e+00 +4.7650e-01 -5.3275e-01 -2.6711e+00 -1.7951e+00
447 +1.857587534e+01 +1.857587534e+01 -3.630412466e+01 -3.630412466e+01 -1.3528e+00 +6.0651e-01 -7.9554e-01 -2.8531e+00 -1.9215e+00
% function evaluation | noise-free fitness - Fopt (-2.253700000000e+02) | best noise-free fitness - Fopt | measured fitness | best measured fitness | x1 | x2...
1 +1.333171168e+01 +1.333171168e+01 -2.120382883e+02 -2.120382883e+02 +0.0000e+00 +0.0000e+00 +0.0000e+00 +0.0000e+00 +0.0000e+00
239 +1.180348091e+01 +1.180348091e+01 -2.135665191e+02 -2.135665191e+02 -1.7418e+00 +1.5921e+00 -9.3782e-01 -5.4104e+00 +2.2013e+00
256 +1.037246672e+01 +1.037246672e+01 -2.149975333e+02 -2.149975333e+02 -1.5476e+00 +1.7029e+00 -9.1393e-01 -5.0631e+00 +1.8014e+00
270 +7.689201628e+00 +7.689201628e+00 -2.176807984e+02 -2.176807984e+02 -1.7167e+00 +1.1072e+00 -8.5329e-01 -4.6805e+00 +2.3284e+00
311 +7.397913204e+00 +7.397913204e+00 -2.179720868e+02 -2.179720868e+02 -1.8082e+00 +1.1855e+00 -9.5062e-01 -4.8114e+00 +2.2220e+00
325 +7.170078533e+00 +7.170078533e+00 -2.181999215e+02 -2.181999215e+02 -1.4652e+00 +1.1166e+00 -4.7259e-01 -4.5301e+00 +1.8667e+00
330 +6.514302941e+00 +6.514302941e+00 -2.188556971e+02 -2.188556971e+02 -1.6795e+00 +1.1174e+00 -8.2376e-01 -4.6616e+00 +2.1218e+00
351 +6.453016101e+00 +6.453016101e+00 -2.189169839e+02 -2.189169839e+02 -1.6642e+00 +1.4875e-02 -9.9845e-01 -5.0030e+00 +2.6712e+00
374 +4.458477617e+00 +4.458477617e+00 -2.209115224e+02 -2.209115224e+02 -1.5807e+00 +4.1602e-01 -8.6815e-01 -4.7076e+00 +2.3100e+00
385 +3.913575040e+00 +3.913575040e+00 -2.214564250e+02 -2.214564250e+02 -1.4886e+00 -1.3005e-01 -7.0954e-01 -4.9546e+00 +2.4572e+00
406 +3.674651841e+00 +3.674651841e+00 -2.216953482e+02 -2.216953482e+02 -1.4721e+00 +1.5961e-01 -7.6716e-01 -5.2075e+00 +2.3647e+00
528 +3.033096766e+00 +3.033096766e+00 -2.223369032e+02 -2.223369032e+02 -1.5158e+00 +2.6835e-01 -5.0318e-01 -5.3178e+00 +2.3871e+00
546 +2.318103094e+00 +2.318103094e+00 -2.230518969e+02 -2.230518969e+02 -1.3336e+00 +4.7012e-02 -2.8862e-03 -5.1968e+00 +2.3125e+00
550 +2.274043952e+00 +2.274043952e+00 -2.230959560e+02 -2.230959560e+02 -1.2919e+00 -3.5273e-02 -2.0889e-01 -5.4745e+00 +2.3920e+00
686 +1.873180514e+00 +1.873180514e+00 -2.234968195e+02 -2.234968195e+02 -9.0607e-01 -5.4478e-01 +1.2257e-01 -5.3658e+00 +2.3631e+00
700 +1.798704668e+00 +1.798704668e+00 -2.235712953e+02 -2.235712953e+02 -7.8180e-01 -5.7376e-01 +3.8897e-01 -5.5880e+00 +2.3545e+00
726 +1.233738100e+00 +1.233738100e+00 -2.241362619e+02 -2.241362619e+02 -9.6180e-01 -5.1383e-01 +2.8302e-01 -5.2910e+00 +2.3926e+00
818 +5.764584347e-01 +5.764584347e-01 -2.247935416e+02 -2.247935416e+02 -8.5636e-01 -9.1040e-01 +6.6305e-01 -4.6304e+00 +2.4158e+00
1046 +5.705385741e-01 +5.705385741e-01 -2.247994614e+02 -2.247994614e+02 -8.9623e-01 -2.6389e-01 +5.3857e-01 -4.5312e+00 +2.1813e+00
1049 +5.373174287e-01 +5.373174287e-01 -2.248326826e+02 -2.248326826e+02 -6.5187e-01 -4.7346e-01 +7.9942e-01 -4.7978e+00 +2.0943e+00
1080 +5.017107623e-01 +5.017107623e-01 -2.248682892e+02 -2.248682892e+02 -6.6581e-01 -5.6148e-01 +9.0430e-01 -4.8233e+00 +2.1635e+00
1090 +4.961958527e-01 +4.961958527e-01 -2.248738041e+02 -2.248738041e+02 -6.7281e-01 -5.9474e-01 +8.5462e-01 -4.7660e+00 +2.2113e+00
1166 +4.622374135e-01 +4.622374135e-01 -2.249077626e+02 -2.249077626e+02 -6.2410e-01 -7.2797e-01 +1.0041e+00 -4.6978e+00 +2.2053e+00
1208 +3.712599697e-01 +3.712599697e-01 -2.249987400e+02 -2.249987400e+02 -5.8798e-01 -7.8731e-01 +1.3068e+00 -4.2859e+00 +2.1805e+00
1309 +3.586941269e-01 +3.586941269e-01 -2.250113059e+02 -2.250113059e+02 -5.9183e-01 -7.2031e-01 +1.1512e+00 -4.4113e+00 +2.1617e+00
1330 +3.498398231e-01 +3.498398231e-01 -2.250201602e+02 -2.250201602e+02 -4.7124e-01 -9.3616e-01 +1.1765e+00 -4.4509e+00 +2.1976e+00
1338 +3.225423702e-01 +3.225423702e-01 -2.250474576e+02 -2.250474576e+02 -5.2350e-01 -6.8568e-01 +1.1322e+00 -4.3149e+00 +2.1039e+00
1386 +3.085170097e-01 +3.085170097e-01 -2.250614830e+02 -2.250614830e+02 -5.1337e-01 -8.2095e-01 +1.1910e+00 -4.4401e+00 +2.1610e+00
1391 +2.895767908e-01 +2.895767908e-01 -2.250804232e+02 -2.250804232e+02 -5.3564e-01 -8.8989e-01 +1.1879e+00 -4.3204e+00 +2.1617e+00
1408 +2.822293331e-01 +2.822293331e-01 -2.250877707e+02 -2.250877707e+02 -5.1655e-01 -8.2364e-01 +1.2217e+00 -4.3925e+00 +2.1589e+00
1436 +2.284866615e-01 +2.284866615e-01 -2.251415133e+02 -2.251415133e+02 -4.7792e-01 -8.9403e-01 +1.3054e+00 -4.2240e+00 +2.1883e+00
1440 +2.198120572e-01 +2.198120572e-01 -2.251501879e+02 -2.251501879e+02 -4.8555e-01 -9.2522e-01 +1.3027e+00 -4.2628e+00 +2.1928e+00
1474 +1.907889914e-01 +1.907889914e-01 -2.251792110e+02 -2.251792110e+02 -4.6081e-01 -9.2941e-01 +1.3419e+00 -4.2198e+00 +2.1550e+00
1518 +1.718502406e-01 +1.718502406e-01 -2.251981498e+02 -2.251981498e+02 -4.1832e-01 -9.9964e-01 +1.4141e+00 -4.1682e+00 +2.1467e+00
1540 +1.457734011e-01 +1.457734011e-01 -2.252242266e+02 -2.252242266e+02 -3.7242e-01 -1.0702e+00 +1.5430e+00 -4.0390e+00 +2.1486e+00
1559 +1.250526743e-01 +1.250526743e-01 -2.252449473e+02 -2.252449473e+02 -3.8440e-01 -8.9498e-01 +1.5004e+00 -3.7909e+00 +2.0728e+00
1584 +1.185630988e-01 +1.185630988e-01 -2.252514369e+02 -2.252514369e+02 -3.5786e-01 -9.0519e-01 +1.5338e+00 -3.6914e+00 +2.0644e+00
1606 +1.172136518e-01 +1.172136518e-01 -2.252527863e+02 -2.252527863e+02 -3.5502e-01 -1.0155e+00 +1.5556e+00 -3.5525e+00 +2.0526e+00
1624 +1.052652723e-01 +1.052652723e-01 -2.252647347e+02 -2.252647347e+02 -3.5793e-01 -1.1021e+00 +1.5781e+00 -3.2634e+00 +2.0953e+00
1628 +8.807797052e-02 +8.807797052e-02 -2.252819220e+02 -2.252819220e+02 -3.3594e-01 -1.1065e+00 +1.7047e+00 -3.4136e+00 +2.0858e+00
1714 +7.420638424e-02 +7.420638424e-02 -2.252957936e+02 -2.252957936e+02 -3.3810e-01 -1.0206e+00 +1.7132e+00 -3.1681e+00 +2.0949e+00
1723 +5.937661488e-02 +5.937661488e-02 -2.253106234e+02 -2.253106234e+02 -3.6131e-01 -9.1033e-01 +1.6552e+00 -3.2370e+00 +2.0290e+00
1730 +4.276505583e-02 +4.276505583e-02 -2.253272349e+02 -2.253272349e+02 -2.8830e-01 -1.0395e+00 +1.7915e+00 -2.9144e+00 +2.0100e+00
1804 +4.101029941e-02 +4.101029941e-02 -2.253289897e+02 -2.253289897e+02 -3.4408e-01 -8.8538e-01 +1.7949e+00 -2.9575e+00 +2.0063e+00
1807 +3.841949794e-02 +3.841949794e-02 -2.253315805e+02 -2.253315805e+02 -3.3825e-01 -7.9719e-01 +1.7609e+00 -2.5780e+00 +1.8871e+00
1817 +3.583984426e-02 +3.583984426e-02 -2.253341602e+02 -2.253341602e+02 -3.0928e-01 -1.0595e+00 +1.8562e+00 -2.6411e+00 +1.9955e+00
1818 +2.485678439e-02 +2.485678439e-02 -2.253451432e+02 -2.253451432e+02 -3.2253e-01 -8.5150e-01 +1.8255e+00 -2.6846e+00 +1.9327e+00
1873 +1.858439577e-02 +1.858439577e-02 -2.253514156e+02 -2.253514156e+02 -1.7717e-01 -9.6051e-01 +2.2339e+00 -2.3479e+00 +1.9038e+00
1892 +1.500895614e-02 +1.500895614e-02 -2.253549910e+02 -2.253549910e+02 -2.0788e-01 -8.6039e-01 +2.0156e+00 -2.4416e+00 +1.8797e+00
1914 +1.302288886e-02 +1.302288886e-02 -2.253569771e+02 -2.253569771e+02 -2.4746e-01 -9.9352e-01 +2.0003e+00 -1.9665e+00 +1.9135e+00
1926 +1.246654794e-03 +1.246654794e-03 -2.253687533e+02 -2.253687533e+02 -2.8196e-01 -6.0026e-01 +2.0551e+00 -1.2835e+00 +1.7529e+00
2123 +9.745704678e-04 +9.745704678e-04 -2.253690254e+02 -2.253690254e+02 -2.6280e-01 -7.3619e-01 +2.1609e+00 -1.3875e+00 +1.8126e+00
2200 +9.275113535e-04 +9.275113535e-04 -2.253690725e+02 -2.253690725e+02 -2.2276e-01 -8.2837e-01 +2.1615e+00 -1.4567e+00 +1.8082e+00
2222 +5.871088087e-04 +5.871088087e-04 -2.253694129e+02 -2.253694129e+02 -2.1129e-01 -8.2131e-01 +2.2353e+00 -1.3343e+00 +1.8029e+00
2466 +5.566934234e-04 +5.566934234e-04 -2.253694433e+02 -2.253694433e+02 -1.6913e-01 -8.6171e-01 +2.2666e+00 -1.3106e+00 +1.7854e+00
2471 +2.509954455e-04 +2.509954455e-04 -2.253697490e+02 -2.253697490e+02 -1.6469e-01 -8.5659e-01 +2.3280e+00 -1.2497e+00 +1.7774e+00
2530 +2.272270681e-04 +2.272270681e-04 -2.253697728e+02 -2.253697728e+02 -1.7114e-01 -8.3211e-01 +2.3055e+00 -1.2538e+00 +1.7691e+00
2552 +1.416637360e-04 +1.416637360e-04 -2.253698583e+02 -2.253698583e+02 -1.7866e-01 -8.1044e-01 +2.2993e+00 -1.1401e+00 +1.7607e+00
2596 +1.302321113e-04 +1.302321113e-04 -2.253698698e+02 -2.253698698e+02 -1.9348e-01 -8.0050e-01 +2.2961e+00 -1.0605e+00 +1.7590e+00
2668 +1.082768352e-04 +1.082768352e-04 -2.253698917e+02 -2.253698917e+02 -1.8798e-01 -7.8110e-01 +2.2908e+00 -1.0084e+00 +1.7481e+00
2692 +1.003152067e-04 +1.003152067e-04 -2.253698997e+02 -2.253698997e+02 -1.7792e-01 -8.0012e-01 +2.3135e+00 -9.9582e-01 +1.7497e+00
2728 +9.209258997e-05 +9.209258997e-05 -2.253699079e+02 -2.253699079e+02 -1.8997e-01 -7.6581e-01 +2.3128e+00 -1.0907e+00 +1.7462e+00
2750 +6.976025193e-05 +6.976025193e-05 -2.253699302e+02 -2.253699302e+02 -1.8713e-01 -7.5880e-01 +2.3172e+00 -9.9930e-01 +1.7286e+00
2770 +4.874603587e-05 +4.874603587e-05 -2.253699513e+02 -2.253699513e+02 -1.8715e-01 -7.5322e-01 +2.3299e+00 -1.0078e+00 +1.7369e+00
2794 +4.179197165e-05 +4.179197165e-05 -2.253699582e+02 -2.253699582e+02 -1.7958e-01 -7.2001e-01 +2.3362e+00 -9.3616e-01 +1.7239e+00
2799 +2.720592596e-05 +2.720592596e-05 -2.253699728e+02 -2.253699728e+02 -1.7695e-01 -7.3935e-01 +2.3445e+00 -9.2933e-01 +1.7123e+00
2816 +2.609639188e-05 +2.609639188e-05 -2.253699739e+02 -2.253699739e+02 -1.8884e-01 -7.2013e-01 +2.3341e+00 -8.9253e-01 +1.7216e+00
2837 +2.292255402e-05 +2.292255402e-05 -2.253699771e+02 -2.253699771e+02 -1.7404e-01 -7.2679e-01 +2.3391e+00 -8.1740e-01 +1.7041e+00
2882 +2.098322122e-05 +2.098322122e-05 -2.253699790e+02 -2.253699790e+02 -1.8037e-01 -7.2726e-01 +2.3359e+00 -9.0205e-01 +1.7145e+00
2904 +1.294127728e-05 +1.294127728e-05 -2.253699871e+02 -2.253699871e+02 -1.8164e-01 -7.2887e-01 +2.3477e+00 -8.5040e-01 +1.7123e+00
3056 +7.277749148e-06 +7.277749148e-06 -2.253699927e+02 -2.253699927e+02 -1.7523e-01 -7.2919e-01 +2.3648e+00 -7.9034e-01 +1.7103e+00
3073 +6.591646212e-06 +6.591646212e-06 -2.253699934e+02 -2.253699934e+02 -1.7683e-01 -7.1512e-01 +2.3626e+00 -7.9527e-01 +1.7021e+00
3099 +6.143152262e-06 +6.143152262e-06 -2.253699939e+02 -2.253699939e+02 -1.7075e-01 -7.3112e-01 +2.3765e+00 -7.4568e-01 +1.7025e+00
3193 +5.812866277e-06 +5.812866277e-06 -2.253699942e+02 -2.253699942e+02 -1.6786e-01 -7.4216e-01 +2.3831e+00 -7.6779e-01 +1.7040e+00
3198 +4.090810819e-06 +4.090810819e-06 -2.253699959e+02 -2.253699959e+02 -1.6737e-01 -7.3796e-01 +2.3914e+00 -7.4628e-01 +1.7036e+00
3234 +3.851330916e-06 +3.851330916e-06 -2.253699961e+02 -2.253699961e+02 -1.6899e-01 -7.2996e-01 +2.3872e+00 -7.5469e-01 +1.7019e+00
3256 +2.632259537e-06 +2.632259537e-06 -2.253699974e+02 -2.253699974e+02 -1.6416e-01 -7.3529e-01 +2.3917e+00 -7.7357e-01 +1.6995e+00
3267 +2.273134271e-06 +2.273134271e-06 -2.253699977e+02 -2.253699977e+02 -1.5844e-01 -7.3700e-01 +2.3968e+00 -7.5234e-01 +1.6927e+00
3278 +2.224382200e-06 +2.224382200e-06 -2.253699978e+02 -2.253699978e+02 -1.5981e-01 -7.3626e-01 +2.3981e+00 -7.3412e-01 +1.7000e+00
3289 +7.460428435e-07 +7.460428435e-07 -2.253699993e+02 -2.253699993e+02 -1.5347e-01 -7.3051e-01 +2.4168e+00 -6.9568e-01 +1.6908e+00
3583 +5.809564527e-07 +5.809564527e-07 -2.253699994e+02 -2.253699994e+02 -1.5263e-01 -7.2937e-01 +2.4137e+00 -6.9584e-01 +1.6883e+00
3664 +5.041091811e-07 +5.041091811e-07 -2.253699995e+02 -2.253699995e+02 -1.5267e-01 -7.2376e-01 +2.4133e+00 -6.9884e-01 +1.6847e+00
3670 +4.484434442e-07 +4.484434442e-07 -2.253699996e+02 -2.253699996e+02 -1.5269e-01 -7.2678e-01 +2.4196e+00 -7.0317e-01 +1.6870e+00
3765 +4.348973448e-07 +4.348973448e-07 -2.253699996e+02 -2.253699996e+02 -1.5060e-01 -7.3101e-01 +2.4215e+00 -7.1665e-01 +1.6881e+00
3792 +4.157975297e-07 +4.157975297e-07 -2.253699996e+02 -2.253699996e+02 -1.5222e-01 -7.3042e-01 +2.4200e+00 -6.9334e-01 +1.6877e+00
3800 +3.501605192e-07 +3.501605192e-07 -2.253699996e+02 -2.253699996e+02 -1.5077e-01 -7.3161e-01 +2.4229e+00 -6.9820e-01 +1.6873e+00
3835 +3.409149372e-07 +3.409149372e-07 -2.253699997e+02 -2.253699997e+02 -1.5041e-01 -7.2939e-01 +2.4213e+00 -7.0159e-01 +1.6859e+00
3859 +3.036661838e-07 +3.036661838e-07 -2.253699997e+02 -2.253699997e+02 -1.4830e-01 -7.3151e-01 +2.4217e+00 -6.9627e-01 +1.6857e+00
3879 +2.820177940e-07 +2.820177940e-07 -2.253699997e+02 -2.253699997e+02 -1.4988e-01 -7.3135e-01 +2.4279e+00 -6.8917e-01 +1.6855e+00
3893 +2.804849828e-07 +2.804849828e-07 -2.253699997e+02 -2.253699997e+02 -1.4878e-01 -7.3174e-01 +2.4278e+00 -6.9970e-01 +1.6853e+00
3899 +2.705049553e-07 +2.705049553e-07 -2.253699997e+02 -2.253699997e+02 -1.4775e-01 -7.3439e-01 +2.4304e+00 -7.0018e-01 +1.6871e+00
3916 +2.400138044e-07 +2.400138044e-07 -2.253699998e+02 -2.253699998e+02 -1.4823e-01 -7.3300e-01 +2.4267e+00 -6.8531e-01 +1.6861e+00
3924 +2.274648523e-07 +2.274648523e-07 -2.253699998e+02 -2.253699998e+02 -1.4625e-01 -7.3502e-01 +2.4384e+00 -6.8019e-01 +1.6829e+00
3932 +1.755587107e-07 +1.755587107e-07 -2.253699998e+02 -2.253699998e+02 -1.4641e-01 -7.3501e-01 +2.4322e+00 -6.8433e-01 +1.6854e+00
3938 +1.673153065e-07 +1.673153065e-07 -2.253699998e+02 -2.253699998e+02 -1.4621e-01 -7.3343e-01 +2.4313e+00 -6.8733e-01 +1.6840e+00
3953 +1.040847621e-07 +1.040847621e-07 -2.253699999e+02 -2.253699999e+02 -1.4439e-01 -7.2945e-01 +2.4357e+00 -6.7609e-01 +1.6812e+00
4008 +5.957997473e-08 +5.957997473e-08 -2.253699999e+02 -2.253699999e+02 -1.4330e-01 -7.3220e-01 +2.4386e+00 -6.6160e-01 +1.6804e+00
4032 +4.735639436e-08 +4.735639436e-08 -2.253700000e+02 -2.253700000e+02 -1.4130e-01 -7.3434e-01 +2.4457e+00 -6.4809e-01 +1.6801e+00
4135 +3.439399165e-08 +3.439399165e-08 -2.253700000e+02 -2.253700000e+02 -1.3533e-01 -7.3439e-01 +2.4497e+00 -6.7156e-01 +1.6762e+00
% function evaluation | noise-free fitness - Fopt (-2.212900000000e+02) | best noise-free fitness - Fopt | measured fitness | best measured fitness | x1 | x2...
1 +6.137214188e+01 +6.137214188e+01 -1.599178581e+02 -1.599178581e+02 +0.0000e+00 +0.0000e+00 +0.0000e+00 +0.0000e+00 +0.0000e+00
95 +5.891213432e+01 +5.891213432e+01 -1.623778657e+02 -1.623778657e+02 +2.4593e+00 +2.7282e+00 +1.2427e+00 -2.7497e+00 +2.1651e+00
97 +5.871992924e+01 +5.871992924e+01 -1.625700708e+02 -1.625700708e+02 +2.0789e+00 +2.8078e+00 +9.6350e-01 -3.0609e+00 +2.2407e+00
114 +5.693508189e+01 +5.693508189e+01 -1.643549181e+02 -1.643549181e+02 +3.6879e+00 +3.0277e+00 +1.7246e+00 -3.0724e+00 +2.0661e+00
116 +5.180451513e+01 +5.180451513e+01 -1.694854849e+02 -1.694854849e+02 +1.7510e+00 +2.0570e+00 -1.1538e-02 -3.4688e+00 +2.2089e+00
120 +4.945651556e+01 +4.945651556e+01 -1.718334844e+02 -1.718334844e+02 +2.7692e+00 +2.7094e+00 +8.8350e-01 -2.9977e+00 +2.0769e+00
132 +4.347048268e+01 +4.347048268e+01 -1.778195173e+02 -1.778195173e+02 +3.2188e+00 +2.5830e+00 +1.0422e+00 -2.9945e+00 +1.8600e+00
154 +3.134248103e+01 +3.134248103e+01 -1.899475190e+02 -1.899475190e+02 +3.8802e+00 +2.5988e+00 +5.6987e-01 -4.1325e+00 +1.7526e+00
157 +2.754424663e+01 +2.754424663e+01 -1.937457534e+02 -1.937457534e+02 +2.7156e+00 +1.9906e+00 +1.6078e+00 -3.8312e+00 +1.0713e+00
173 +2.682877507e+01 +2.682877507e+01 -1.944612249e+02 -1.944612249e+02 +4.5567e+00 +2.7610e+00 +8.1495e-01 -3.8888e+00 +8.2197e-01
176 +2.351747879e+01 +2.351747879e+01 -1.977725212e+02 -1.977725212e+02 +3.3019e+00 +2.2826e+00 +6.5949e-01 -4.3207e+00 +1.4454e+00
229 +1.672324100e+01 +1.672324100e+01 -2.045667590e+02 -2.045667590e+02 +3.4736e+00 +2.4398e+00 +3.5762e-01 -3.6805e+00 +7.8985e-01
238 +1.421305434e+01 +1.421305434e+01 -2.070769457e+02 -2.070769457e+02 +2.8352e+00 +2.0227e+00 +5.6531e-02 -4.5250e+00 +4.7003e-01
264 +1.363026564e+01 +1.363026564e+01 -2.076597344e+02 -2.076597344e+02 +3.5185e+00 +2.3591e+00 +4.7919e-01 -4.1671e+00 +3.1319e-01
310 +1.226499074e+01 +1.226499074e+01 -2.090250093e+02 -2.090250093e+02 +3.3609e+00 +1.5999e+00 +6.4747e-03 -3.9817e+00 -1.0414e-01
352 +1.195714571e+01 +1.195714571e+01 -2.093328543e+02 -2.093328543e+02 +3.0965e+00 +2.1373e+00 +3.0440e-02 -4.0259e+00 +1.7733e-01
462 +1.135321134e+01 +1.135321134e+01 -2.099367887e+02 -2.099367887e+02 +3.2839e+00 +1.8220e+00 +2.5099e-02 -4.2538e+00 +2.6790e-01
557 +1.114469620e+01 +1.114469620e+01 -2.101453038e+02 -2.101453038e+02 +3.3109e+00 +1.9402e+00 -7.9140e-02 -4.1488e+00 +1.0290e-01
% function evaluation | noise-free fitness - Fopt (1.065700000000e+02) | best noise-free fitness - Fopt | measured fitness | best measured fitness | x1 | x2...
1 +6.994263077e+01 +6.994263077e+01 +1.765126308e+02 +1.765126308e+02 +0.0000e+00 +0.0000e+00 +0.0000e+00 +0.0000e+00 +0.0000e+00
159 +5.217368533e+01 +5.217368533e+01 +1.587436853e+02 +1.587436853e+02 -9.6232e-01 -7.6717e-01 -1.7030e+00 -4.1009e+00 +2.3668e+00
222 +4.968545938e+01 +4.968545938e+01 +1.562554594e+02 +1.562554594e+02 -2.8790e+00 -6.9612e-01 -1.8603e+00 -2.0581e+00 +2.6772e+00
227 +4.324620969e+01 +4.324620969e+01 +1.498162097e+02 +1.498162097e+02 -2.0943e+00 -7.9868e-02 -1.3292e+00 -2.7382e+00 +2.2110e+00
264 +4.090969335e+01 +4.090969335e+01 +1.474796933e+02 +1.474796933e+02 -2.6095e+00 -8.4896e-01 -9.3682e-01 -1.4270e+00 +2.3659e+00
269 +3.924222308e+01 +3.924222308e+01 +1.458122231e+02 +1.458122231e+02 -2.2526e+00 -1.4298e+00 -9.3244e-01 -1.2648e+00 +2.7552e+00
278 +2.804194649e+01 +2.804194649e+01 +1.346119465e+02 +1.346119465e+02 -3.1462e+00 -1.0878e+00 -1.6607e+00 -1.5964e+00 +2.1950e+00
308 +2.638479581e+01 +2.638479581e+01 +1.329547958e+02 +1.329547958e+02 -2.5383e+00 -1.2314e+00 -1.1432e+00 -1.8295e+00 +2.2506e+00
311 +2.565527731e+01 +2.565527731e+01 +1.322252773e+02 +1.322252773e+02 -2.8208e+00 -5.5303e-01 -1.3003e+00 -2.2305e+00 +1.7002e+00
320 +2.063390275e+01 +2.063390275e+01 +1.272039028e+02 +1.272039028e+02 -2.1281e+00 -1.3439e+00 -2.0798e+00 -2.4450e+00 +2.1986e+00
330 +1.791743688e+01 +1.791743688e+01 +1.244874369e+02 +1.244874369e+02 -2.2885e+00 -1.1049e+00 -1.3267e+00 -2.3473e+00 +2.0401e+00
379 +1.675763253e+01 +1.675763253e+01 +1.233276325e+02 +1.233276325e+02 -1.7717e+00 -5.7180e-01 -1.3561e+00 -2.9827e+00 +1.7994e+00
402 +1.632305578e+01 +1.632305578e+01 +1.228930558e+02 +1.228930558e+02 -1.9755e+00 -5.5571e-01 -9.4718e-01 -2.5748e+00 +1.5037e+00
409 +1.143958354e+01 +1.143958354e+01 +1.180095835e+02 +1.180095835e+02 -1.7900e+00 -1.5797e+00 -1.2079e+00 -2.8157e+00 +1.5234e+00
412 +7.386230558e+00 +7.386230558e+00 +1.139562306e+02 +1.139562306e+02 -1.8151e+00 -1.1610e+00 -1.5928e+00 -3.1911e+00 +1.1930e+00
572 +6.949252560e+00 +6.949252560e+00 +1.135192526e+02 +1.135192526e+02 -2.6141e+00 -6.2499e-01 -2.3228e+00 -3.3354e+00 +9.6507e-01
594 +6.510241569e+00 +6.510241569e+00 +1.130802416e+02 +1.130802416e+02 -2.4215e+00 -8.0723e-01 -2.4182e+00 -3.4243e+00 +9.2527e-01
616 +6.330998561e+00 +6.330998561e+00 +1.129009986e+02 +1.129009986e+02 -2.1917e+00 -7.6557e-01 -2.2358e+00 -3.6865e+00 +9.2681e-01
748 +6.161538633e+00 +6.161538633e+00 +1.127315386e+02 +1.127315386e+02 -2.0806e+00 -8.6698e-01 -2.1758e+00 -3.6178e+00 +9.4144e-01
773 +6.007147394e+00 +6.007147394e+00 +1.125771474e+02 +1.125771474e+02 -2.4062e+00 -1.1228e+00 -2.5596e+00 -3.3719e+00 +1.0482e+00
814 +5.607642577e+00 +5.607642577e+00 +1.121776426e+02 +1.121776426e+02 -2.2828e+00 -1.1009e+00 -2.4881e+00 -3.5688e+00 +9.8118e-01
1086 +5.241448220e+00 +5.241448220e+00 +1.118114482e+02 +1.118114482e+02 -2.5079e+00 -1.1637e+00 -2.6129e+00 -3.4043e+00 +1.0724e+00
1254 +5.105319457e+00 +5.105319457e+00 +1.116753195e+02 +1.116753195e+02 -2.4680e+00 -1.2603e+00 -2.6655e+00 -3.4467e+00 +1.0852e+00
1276 +4.913861207e+00 +4.913861207e+00 +1.114838612e+02 +1.114838612e+02 -2.5636e+00 -1.3189e+00 -2.6932e+00 -3.3424e+00 +1.1434e+00
1317 +4.744270691e+00 +4.744270691e+00 +1.113142707e+02 +1.113142707e+02 -2.5248e+00 -1.4795e+00 -2.6379e+00 -3.1697e+00 +1.3622e+00
1540 +4.532536004e+00 +4.532536004e+00 +1.111025360e+02 +1.111025360e+02 -2.6015e+00 -1.6363e+00 -2.9395e+00 -3.3478e+00 +1.2785e+00
1562 +4.455461282e+00 +4.455461282e+00 +1.110254613e+02 +1.110254613e+02 -2.6472e+00 -1.6741e+00 -2.8935e+00 -3.2674e+00 +1.2474e+00
1605 +4.297362142e+00 +4.297362142e+00 +1.108673621e+02 +1.108673621e+02 -2.6319e+00 -1.6841e+00 -2.9162e+00 -3.2094e+00 +1.3092e+00
1738 +4.246796925e+00 +4.246796925e+00 +1.108167969e+02 +1.108167969e+02 -2.6706e+00 -1.7352e+00 -2.8796e+00 -3.1553e+00 +1.3121e+00
1760 +4.167536602e+00 +4.167536602e+00 +1.107375366e+02 +1.107375366e+02 -2.6637e+00 -1.7420e+00 -2.9211e+00 -3.1760e+00 +1.3303e+00
1837 +3.958122506e+00 +3.958122506e+00 +1.105281225e+02 +1.105281225e+02 -2.4628e+00 -1.9705e+00 -2.7505e+00 -3.0830e+00 +1.5192e+00
1852 +3.726606098e+00 +3.726606098e+00 +1.102966061e+02 +1.102966061e+02 -2.5197e+00 -2.1718e+00 -2.8601e+00 -2.8985e+00 +1.7579e+00
1892 +3.675394974e+00 +3.675394974e+00 +1.102453950e+02 +1.102453950e+02 -2.6367e+00 -2.0801e+00 -2.9030e+00 -2.9616e+00 +1.6321e+00
1921 +3.425194545e+00 +3.425194545e+00 +1.099951945e+02 +1.099951945e+02 -2.6924e+00 -2.2772e+00 -3.1001e+00 -2.9533e+00 +1.6704e+00
2178 +3.381032290e+00 +3.381032290e+00 +1.099510323e+02 +1.099510323e+02 -2.6872e+00 -2.3104e+00 -3.0684e+00 -2.9144e+00 +1.7125e+00
2288 +3.311080940e+00 +3.311080940e+00 +1.098810809e+02 +1.098810809e+02 -2.7322e+00 -2.3421e+00 -3.1238e+00 -2.8799e+00 +1.7532e+00
2365 +3.230369442e+00 +3.230369442e+00 +1.098003694e+02 +1.098003694e+02 -2.7515e+00 -2.4377e+00 -3.1837e+00 -2.8220e+00 +1.8005e+00
2405 +3.162088182e+00 +3.162088182e+00 +1.097320882e+02 +1.097320882e+02 -2.7168e+00 -2.5640e+00 -3.1611e+00 -2.7889e+00 +1.8458e+00
2568 +2.943780408e+00 +2.943780408e+00 +1.095137804e+02 +1.095137804e+02 -2.8246e+00 -2.7918e+00 -3.2878e+00 -2.6323e+00 +2.0421e+00
3013 +2.883679374e+00 +2.883679374e+00 +1.094536794e+02 +1.094536794e+02 -2.9468e+00 -2.8480e+00 -3.3941e+00 -2.5620e+00 +2.0301e+00
3322 +2.814548044e+00 +2.814548044e+00 +1.093845480e+02 +1.093845480e+02 -2.9874e+00 -2.9650e+00 -3.5107e+00 -2.5549e+00 +2.0891e+00
3636 +2.741153248e+00 +2.741153248e+00 +1.093111532e+02 +1.093111532e+02 -2.9836e+00 -3.1450e+00 -3.5603e+00 -2.4693e+00 +2.2131e+00
4334 +2.687156219e+00 +2.687156219e+00 +1.092571562e+02 +1.092571562e+02 -2.9927e+00 -3.3216e+00 -3.5852e+00 -2.3717e+00 +2.3280e+00
5704 +2.630056950e+00 +2.630056950e+00 +1.092000570e+02 +1.092000570e+02 -3.0875e+00 -3.5279e+00 -3.7142e+00 -2.2442e+00 +2.4513e+00
% function evaluation | noise-free fitness - Fopt (-1.284800000000e+02) | best noise-free fitness - Fopt | measured fitness | best measured fitness | x1 | x2...
1 +7.056268320e+01 +7.056268320e+01 -5.791731680e+01 -5.791731680e+01 +0.0000e+00 +0.0000e+00 +0.0000e+00 +0.0000e+00 +0.0000e+00
158 +6.762646146e+01 +6.762646146e+01 -6.085353854e+01 -6.085353854e+01 -1.2746e+00 +2.6046e+00 +2.8356e+00 +4.9029e-01 -2.7225e-01
172 +6.521137192e+01 +6.521137192e+01 -6.326862808e+01 -6.326862808e+01 -1.9219e+00 +1.9135e+00 +2.6815e+00 +3.3506e-01 +6.6587e-02
179 +3.894109802e+01 +3.894109802e+01 -8.953890198e+01 -8.953890198e+01 +3.6217e-02 +9.4406e-01 +3.3273e+00 -5.6771e-01 -3.9149e-01
202 +2.245881881e+01 +2.245881881e+01 -1.060211812e+02 -1.060211812e+02 -1.5074e+00 +1.5546e+00 +2.4097e+00 -1.4485e-01 -7.5325e-01
207 +1.991322761e+01 +1.991322761e+01 -1.085667724e+02 -1.085667724e+02 -3.9107e-01 +1.9378e+00 +2.1718e+00 +6.5970e-01 -1.7644e+00
212 +1.947946419e+01 +1.947946419e+01 -1.090005358e+02 -1.090005358e+02 -2.5431e-01 +1.2022e+00 +2.6683e+00 +1.2142e-01 -1.2133e+00
220 +1.680780756e+01 +1.680780756e+01 -1.116721924e+02 -1.116721924e+02 -1.2069e+00 +1.7547e+00 +2.4406e+00 +1.0654e-01 -1.1199e+00
230 +1.535184388e+01 +1.535184388e+01 -1.131281561e+02 -1.131281561e+02 -1.8973e+00 +1.4753e+00 +2.2418e+00 -3.4066e-01 -1.1291e+00
242 +1.003845897e+01 +1.003845897e+01 -1.184415410e+02 -1.184415410e+02 -1.4223e+00 +1.3838e+00 +2.2930e+00 +4.4650e-01 -1.4291e+00
248 +5.871314787e+00 +5.871314787e+00 -1.226086852e+02 -1.226086852e+02 -2.5252e+00 +1.7670e+00 +2.7274e+00 +2.2950e-01 -2.7688e+00
264 +5.745180963e+00 +5.745180963e+00 -1.227348190e+02 -1.227348190e+02 -2.6178e+00 +1.3897e+00 +2.5399e+00 +4.1519e-01 -2.0791e+00
286 +4.068445152e+00 +4.068445152e+00 -1.244115548e+02 -1.244115548e+02 -1.7782e+00 +1.5032e+00 +2.5441e+00 +7.9771e-02 -2.4288e+00
333 +2.626660728e+00 +2.626660728e+00 -1.258533393e+02 -1.258533393e+02 -3.1588e+00 +1.7593e+00 +2.0151e+00 +7.9004e-01 -2.9853e+00
352 +2.080534353e+00 +2.080534353e+00 -1.263994656e+02 -1.263994656e+02 -2.5545e+00 +1.6208e+00 +1.8123e+00 +7.4225e-01 -2.9424e+00
374 +1.947340817e+00 +1.947340817e+00 -1.265326592e+02 -1.265326592e+02 -2.7669e+00 +2.0988e+00 +1.8686e+00 +4.0816e-01 -2.8522e+00
506 +1.782729050e+00 +1.782729050e+00 -1.266972710e+02 -1.266972710e+02 -2.0454e+00 +2.3380e+00 +2.1901e+00 +2.5286e-01 -2.5794e+00
538 +1.528215025e+00 +1.528215025e+00 -1.269517850e+02 -1.269517850e+02 -2.1799e+00 +2.1770e+00 +1.6507e+00 +5.6593e-01 -2.7312e+00
550 +1.414406691e+00 +1.414406691e+00 -1.270655933e+02 -1.270655933e+02 -2.1065e+00 +2.4673e+00 +1.8842e+00 +3.5437e-01 -2.5737e+00
572 +1.361689264e+00 +1.361689264e+00 -1.271183107e+02 -1.271183107e+02 -2.1535e+00 +2.4315e+00 +1.9574e+00 +2.8277e-01 -2.5632e+00
583 +9.847428593e-01 +9.847428593e-01 -1.274952571e+02 -1.274952571e+02 -2.5285e+00 +2.3962e+00 +1.9261e+00 +4.0831e-01 -2.7053e+00
594 +9.704190821e-01 +9.704190821e-01 -1.275095809e+02 -1.275095809e+02 -2.5469e+00 +2.4316e+00 +1.9680e+00 +4.5528e-01 -2.7530e+00
638 +8.957069238e-01 +8.957069238e-01 -1.275842931e+02 -1.275842931e+02 -2.4198e+00 +2.4662e+00 +1.9206e+00 +4.4035e-01 -2.7966e+00
692 +8.476977939e-01 +8.476977939e-01 -1.276323022e+02 -1.276323022e+02 -2.5037e+00 +2.4796e+00 +1.8365e+00 +5.4688e-01 -2.8144e+00
708 +8.264736874e-01 +8.264736874e-01 -1.276535263e+02 -1.276535263e+02 -2.4650e+00 +2.5010e+00 +1.7688e+00 +5.4068e-01 -2.8275e+00
781 +7.971325930e-01 +7.971325930e-01 -1.276828674e+02 -1.276828674e+02 -2.5523e+00 +2.5504e+00 +1.8595e+00 +5.0365e-01 -2.8403e+00
814 +7.852767251e-01 +7.852767251e-01 -1.276947233e+02 -1.276947233e+02 -2.5620e+00 +2.5565e+00 +1.7757e+00 +4.4368e-01 -2.8180e+00
820 +7.703612066e-01 +7.703612066e-01 -1.277096388e+02 -1.277096388e+02 -2.6826e+00 +2.6789e+00 +1.7801e+00 +5.7071e-01 -2.8890e+00
835 +7.576931245e-01 +7.576931245e-01 -1.277223069e+02 -1.277223069e+02 -2.5700e+00 +2.6839e+00 +1.7318e+00 +4.2815e-01 -2.8112e+00
864 +7.323624035e-01 +7.323624035e-01 -1.277476376e+02 -1.277476376e+02 -2.6196e+00 +2.7370e+00 +1.7554e+00 +5.3649e-01 -2.9171e+00
931 +7.190503911e-01 +7.190503911e-01 -1.277609496e+02 -1.277609496e+02 -2.6120e+00 +2.6876e+00 +1.7768e+00 +4.7362e-01 -2.8640e+00
958 +7.034999388e-01 +7.034999388e-01 -1.277765001e+02 -1.277765001e+02 -2.6249e+00 +2.7894e+00 +1.7306e+00 +4.4743e-01 -2.8918e+00
% function evaluation | noise-free fitness - Fopt (2.358800000000e+02) | best noise-free fitness - Fopt | measured fitness | best measured fitness | x1 | x2...
1 +6.896343251e+01 +6.896343251e+01 +3.048434325e+02 +3.048434325e+02 +0.0000e+00 +0.0000e+00 +0.0000e+00 +0.0000e+00 +0.0000e+00
126 +6.619943088e+01 +6.619943088e+01 +3.020794309e+02 +3.020794309e+02 +2.0325e+00 +1.5115e+00 +1.4379e+00 -2.0878e+00 +3.1496e-02
135 +6.531317066e+01 +6.531317066e+01 +3.011931707e+02 +3.011931707e+02 +3.6915e+00 +2.2643e+00 +8.9467e-01 -1.5048e+00 -1.3602e+00
143 +2.181782826e+01 +2.181782826e+01 +2.576978283e+02 +2.576978283e+02 +2.8435e+00 +2.0051e+00 -5.7795e-01 -3.0830e+00 -3.1461e-01
296 +1.949346856e+01 +1.949346856e+01 +2.553734686e+02 +2.553734686e+02 +2.5916e+00 +1.6549e+00 -8.5619e-01 -2.1678e+00 -7.3894e-01
663 +1.857364393e+01 +1.857364393e+01 +2.544536439e+02 +2.544536439e+02 +2.8794e+00 +1.5716e+00 -9.9870e-01 -2.1089e+00 -8.6123e-01
% function evaluation | noise-free fitness - Fopt (-5.310000000000e+00) | best noise-free fitness - Fopt | measured fitness | best measured fitness | x1 | x2...
1 +7.151777587e+01 +7.151777587e+01 +6.620777587e+01 +6.620777587e+01 +0.0000e+00 +0.0000e+00 +0.0000e+00 +0.0000e+00 +0.0000e+00
53 +6.915263920e+01 +6.915263920e+01 +6.384263920e+01 +6.384263920e+01 -1.4972e+00 -5.3064e+00 -1.0107e+00 -1.9990e+00 -4.6381e-01
77 +6.575421193e+01 +6.575421193e+01 +6.044421193e+01 +6.044421193e+01 -1.3655e+00 -4.9532e+00 -1.6530e+00 -1.2490e+00 -5.5375e-02
107 +5.752033480e+01 +5.752033480e+01 +5.221033480e+01 +5.221033480e+01 -1.1926e+00 -4.4133e+00 -2.3685e+00 -1.6038e+00 -9.9884e-01
125 +5.128579224e+01 +5.128579224e+01 +4.597579224e+01 +4.597579224e+01 -1.1255e+00 -4.5012e+00 -3.6181e+00 -7.0095e-01 -2.7309e-01
135 +1.333626430e+01 +1.333626430e+01 +8.026264299e+00 +8.026264299e+00 +3.9231e-01 -3.7966e+00 -3.4469e-02 -1.0217e+00 +3.1576e-01
194 +8.868749942e+00 +8.868749942e+00 +3.558749942e+00 +3.558749942e+00 +7.3794e-01 -3.1582e+00 +6.2927e-01 -1.1017e+00 +1.0766e+00
247 +7.723730429e+00 +7.723730429e+00 +2.413730429e+00 +2.413730429e+00 -7.4989e-01 -3.3851e+00 -1.1276e+00 -1.1415e+00 -7.8689e-01
330 +6.821734978e+00 +6.821734978e+00 +1.511734978e+00 +1.511734978e+00 -5.5928e-01 -3.3377e+00 -1.0884e+00 -8.3823e-01 +1.2834e-01
352 +5.899994238e+00 +5.899994238e+00 +5.899942377e-01 +5.899942377e-01 -5.0735e-01 -3.1078e+00 -8.9491e-01 -8.2371e-01 +1.9439e-01
396 +5.022912650e+00 +5.022912650e+00 -2.870873504e-01 -2.870873504e-01 -4.9522e-01 -2.9087e+00 -7.5685e-01 -1.1609e+00 +3.7902e-01
462 +4.540602061e+00 +4.540602061e+00 -7.693979391e-01 -7.693979391e-01 -6.6621e-01 -2.9454e+00 -1.0673e+00 -8.3200e-01 +4.6116e-01
486 +3.076747224e+00 +3.076747224e+00 -2.233252776e+00 -2.233252776e+00 -4.0925e-01 -2.6506e+00 -5.9357e-01 -8.3935e-01 +8.2762e-01
506 +2.731252194e+00 +2.731252194e+00 -2.578747806e+00 -2.578747806e+00 -3.5134e-01 -2.6695e+00 -5.5320e-01 -1.0790e+00 +7.7120e-01
531 +2.499804811e+00 +2.499804811e+00 -2.810195189e+00 -2.810195189e+00 -8.2123e-01 -2.2792e+00 -9.2346e-01 -7.5979e-01 +1.0144e+00
660 +2.258417529e+00 +2.258417529e+00 -3.051582471e+00 -3.051582471e+00 -1.7389e-01 -2.5601e+00 -3.4399e-01 -1.1022e+00 +1.0639e+00
675 +2.229727308e+00 +2.229727308e+00 -3.080272692e+00 -3.080272692e+00 -4.3175e-01 -2.2899e+00 -4.4256e-01 -9.1778e-01 +1.0849e+00
805 +2.171773618e+00 +2.171773618e+00 -3.138226382e+00 -3.138226382e+00 -1.7573e-01 -2.4044e+00 -2.8878e-01 -1.1523e+00 +1.1665e+00
860 +2.121637613e+00 +2.121637613e+00 -3.188362387e+00 -3.188362387e+00 +4.5776e-02 -2.4743e+00 +1.0472e-02 -1.1794e+00 +1.1819e+00
893 +2.084317890e+00 +2.084317890e+00 -3.225682110e+00 -3.225682110e+00 -3.3200e-01 -2.0787e+00 -3.1599e-01 -1.0442e+00 +1.6629e+00
938 +2.033547635e+00 +2.033547635e+00 -3.276452365e+00 -3.276452365e+00 +7.3788e-02 -2.3345e+00 +3.4922e-02 -1.0586e+00 +1.6044e+00
1005 +1.994739965e+00 +1.994739965e+00 -3.315260035e+00 -3.315260035e+00 +2.9316e-02 -2.1802e+00 -7.2612e-02 -1.1448e+00 +1.7952e+00
1186 +1.947712025e+00 +1.947712025e+00 -3.362287975e+00 -3.362287975e+00 +1.7334e-01 -2.0861e+00 +1.5336e-01 -1.1423e+00 +1.8836e+00
1388 +1.901028009e+00 +1.901028009e+00 -3.408971991e+00 -3.408971991e+00 +2.2456e-01 -1.9471e+00 +1.1657e-01 -1.0381e+00 +2.4137e+00
1423 +1.854389489e+00 +1.854389489e+00 -3.455610511e+00 -3.455610511e+00 +1.3602e-01 -1.9294e+00 +2.5853e-01 -1.0975e+00 +2.1352e+00
1452 +1.799949631e+00 +1.799949631e+00 -3.510050369e+00 -3.510050369e+00 +1.6603e-01 -1.9175e+00 +1.9446e-01 -1.0840e+00 +2.2999e+00
1486 +1.767504253e+00 +1.767504253e+00 -3.542495747e+00 -3.542495747e+00 +1.5260e-01 -1.8038e+00 +3.1037e-01 -1.0980e+00 +2.2962e+00
1518 +1.717643485e+00 +1.717643485e+00 -3.592356515e+00 -3.592356515e+00 +2.2931e-01 -1.8189e+00 +3.7979e-01 -1.1431e+00 +2.2994e+00
1562 +1.663086416e+00 +1.663086416e+00 -3.646913584e+00 -3.646913584e+00 +2.8225e-01 -1.7876e+00 +3.5570e-01 -1.1806e+00 +2.4946e+00
1584 +1.644645635e+00 +1.644645635e+00 -3.665354365e+00 -3.665354365e+00 +2.9175e-01 -1.7889e+00 +3.7992e-01 -1.1531e+00 +2.5523e+00
1593 +1.567799877e+00 +1.567799877e+00 -3.742200123e+00 -3.742200123e+00 +3.2676e-01 -1.7396e+00 +4.2145e-01 -1.1299e+00 +2.6217e+00
1628 +1.495962697e+00 +1.495962697e+00 -3.814037303e+00 -3.814037303e+00 +3.6616e-01 -1.6501e+00 +4.9696e-01 -1.1497e+00 +2.7595e+00
1642 +1.427363073e+00 +1.427363073e+00 -3.882636927e+00 -3.882636927e+00 +4.4081e-01 -1.6289e+00 +5.7536e-01 -1.1972e+00 +2.8447e+00
1741 +1.391458865e+00 +1.391458865e+00 -3.918541135e+00 -3.918541135e+00 +5.0917e-01 -1.6632e+00 +7.1719e-01 -1.2306e+00 +2.7284e+00
1888 +1.337461607e+00 +1.337461607e+00 -3.972538393e+00 -3.972538393e+00 +5.4827e-01 -1.6040e+00 +6.5270e-01 -1.1995e+00 +3.0006e+00
1980 +1.279018628e+00 +1.279018628e+00 -4.030981372e+00 -4.030981372e+00 +5.8491e-01 -1.5933e+00 +7.3368e-01 -1.2091e+00 +2.9971e+00
2036 +1.216715225e+00 +1.216715225e+00 -4.093284775e+00 -4.093284775e+00 +6.6498e-01 -1.5865e+00 +8.5131e-01 -1.2419e+00 +3.0219e+00
2147 +1.194903031e+00 +1.194903031e+00 -4.115096969e+00 -4.115096969e+00 +6.9919e-01 -1.5950e+00 +8.5454e-01 -1.2381e+00 +3.0961e+00
2214 +1.158446388e+00 +1.158446388e+00 -4.151553612e+00 -4.151553612e+00 +7.6521e-01 -1.6228e+00 +8.6768e-01 -1.2727e+00 +3.1932e+00
2376 +1.136931187e+00 +1.136931187e+00 -4.173068813e+00 -4.173068813e+00 +7.5880e-01 -1.6444e+00 +8.7686e-01 -1.2870e+00 +3.0558e+00
2433 +1.108125273e+00 +1.108125273e+00 -4.201874727e+00 -4.201874727e+00 +7.8809e-01 -1.5476e+00 +9.6585e-01 -1.3204e+00 +3.1200e+00
2684 +1.083661671e+00 +1.083661671e+00 -4.226338329e+00 -4.226338329e+00 +8.3481e-01 -1.4735e+00 +1.0041e+00 -1.2963e+00 +3.3945e+00
2816 +1.071188863e+00 +1.071188863e+00 -4.238811137e+00 -4.238811137e+00 +8.7609e-01 -1.4648e+00 +1.0469e+00 -1.3129e+00 +3.4602e+00
2882 +1.041038547e+00 +1.041038547e+00 -4.268961453e+00 -4.268961453e+00 +8.7389e-01 -1.4637e+00 +1.0717e+00 -1.3203e+00 +3.3896e+00
2911 +1.012784532e+00 +1.012784532e+00 -4.297215468e+00 -4.297215468e+00 +9.2680e-01 -1.4685e+00 +1.0899e+00 -1.3431e+00 +3.4332e+00
2953 +9.841807277e-01 +9.841807277e-01 -4.325819272e+00 -4.325819272e+00 +9.8465e-01 -1.5179e+00 +1.1303e+00 -1.3468e+00 +3.4655e+00
3044 +9.693680830e-01 +9.693680830e-01 -4.340631917e+00 -4.340631917e+00 +1.0167e+00 -1.5304e+00 +1.1384e+00 -1.3717e+00 +3.4276e+00
3101 +9.477200198e-01 +9.477200198e-01 -4.362279980e+00 -4.362279980e+00 +1.0219e+00 -1.5496e+00 +1.1403e+00 -1.4013e+00 +3.4127e+00
3241 +9.259609258e-01 +9.259609258e-01 -4.384039074e+00 -4.384039074e+00 +1.0517e+00 -1.5923e+00 +1.1789e+00 -1.4034e+00 +3.3399e+00
3346 +9.058773579e-01 +9.058773579e-01 -4.404122642e+00 -4.404122642e+00 +1.0827e+00 -1.5959e+00 +1.2348e+00 -1.4205e+00 +3.3613e+00
3522 +8.908133353e-01 +8.908133353e-01 -4.419186665e+00 -4.419186665e+00 +1.1026e+00 -1.5687e+00 +1.2538e+00 -1.4294e+00 +3.3882e+00
3721 +8.706629306e-01 +8.706629306e-01 -4.439337069e+00 -4.439337069e+00 +1.1619e+00 -1.6352e+00 +1.2665e+00 -1.4641e+00 +3.4024e+00
3908 +8.448560669e-01 +8.448560669e-01 -4.465143933e+00 -4.465143933e+00 +1.1929e+00 -1.5846e+00 +1.3251e+00 -1.4885e+00 +3.4403e+00
4079 +8.295374711e-01 +8.295374711e-01 -4.480462529e+00 -4.480462529e+00 +1.2275e+00 -1.5937e+00 +1.3644e+00 -1.5058e+00 +3.4452e+00
4332 +8.110833885e-01 +8.110833885e-01 -4.498916612e+00 -4.498916612e+00 +1.3004e+00 -1.6208e+00 +1.4122e+00 -1.5201e+00 +3.4803e+00
4389 +7.935359271e-01 +7.935359271e-01 -4.516464073e+00 -4.516464073e+00 +1.3312e+00 -1.5935e+00 +1.4644e+00 -1.5334e+00 +3.5453e+00
4697 +7.753009595e-01 +7.753009595e-01 -4.534699040e+00 -4.534699040e+00 +1.4340e+00 -1.6334e+00 +1.5523e+00 -1.5812e+00 +3.5299e+00
5151 +7.575585547e-01 +7.575585547e-01 -4.552441445e+00 -4.552441445e+00 +1.4725e+00 -1.6305e+00 +1.5902e+00 -1.6036e+00 +3.5828e+00
5588 +7.403202642e-01 +7.403202642e-01 -4.569679736e+00 -4.569679736e+00 +1.5390e+00 -1.6063e+00 +1.6588e+00 -1.6281e+00 +3.6613e+00
6211 +7.237510161e-01 +7.237510161e-01 -4.586248984e+00 -4.586248984e+00 +1.6543e+00 -1.6056e+00 +1.7676e+00 -1.6620e+00 +3.7931e+00
7319 +7.077227904e-01 +7.077227904e-01 -4.602277210e+00 -4.602277210e+00 +1.7441e+00 -1.5925e+00 +1.8580e+00 -1.7088e+00 +3.8451e+00
