% function evaluation | noise-free fitness - Fopt (-4.620900000000e+02) | best noise-free fitness - Fopt | measured fitness | best measured fitness | x1 | x2...
1 +9.180962943e+01 +9.180962943e+01 -3.702803706e+02 -3.702803706e+02 +0.0000e+00 +0.0000e+00 +0.0000e+00
238 +8.683815377e+01 +8.683815377e+01 -3.752518462e+02 -3.752518462e+02 +4.1884e+00 +9.2953e-01 +2.6640e+00
268 +8.501218538e+01 +8.501218538e+01 -3.770778146e+02 -3.770778146e+02 +4.8137e+00 +1.2501e+00 +1.8697e+00
275 +3.353588826e+01 +3.353588826e+01 -4.285541117e+02 -4.285541117e+02 +1.6973e+00 +6.4798e-01 +2.6315e+00
342 +2.455847891e+01 +2.455847891e+01 -4.375315211e+02 -4.375315211e+02 -2.1221e-01 +2.4676e+00 +2.6004e+00
420 +2.356971103e+01 +2.356971103e+01 -4.385202890e+02 -4.385202890e+02 -3.6260e-01 +2.2324e+00 +1.8034e+00
533 +2.298388327e+01 +2.298388327e+01 -4.391061167e+02 -4.391061167e+02 -4.5649e-01 +8.2568e-01 +2.5566e+00
538 +1.866465577e+01 +1.866465577e+01 -4.434253442e+02 -4.434253442e+02 +8.6159e-01 +1.6384e+00 +2.8275e+00
602 +1.295570182e+01 +1.295570182e+01 -4.491342982e+02 -4.491342982e+02 +6.6099e-01 +1.7764e+00 +2.5499e+00
648 +1.221808818e+01 +1.221808818e+01 -4.498719118e+02 -4.498719118e+02 +6.3015e-01 +1.6477e+00 +2.1948e+00
790 +1.117697884e+01 +1.117697884e+01 -4.509130212e+02 -4.509130212e+02 -1.4247e+00 +1.7795e+00 +2.1697e+00
890 +9.544575782e+00 +9.544575782e+00 -4.525454242e+02 -4.525454242e+02 -1.2240e+00 +2.3283e+00 +2.2149e+00
921 +7.926344814e+00 +7.926344814e+00 -4.541636552e+02 -4.541636552e+02 -1.3362e+00 +1.6954e+00 +2.9024e+00
1017 +5.359986156e+00 +5.359986156e+00 -4.567300138e+02 -4.567300138e+02 -2.2382e+00 +2.3556e+00 +2.5571e+00
1024 +3.317785068e+00 +3.317785068e+00 -4.587722149e+02 -4.587722149e+02 -2.4375e+00 +2.2849e+00 +2.5459e+00
1333 +2.122618548e+00 +2.122618548e+00 -4.599673815e+02 -4.599673815e+02 -2.3310e+00 +1.7144e+00 +1.9093e+00
2521 +1.874690934e+00 +1.874690934e+00 -4.602153091e+02 -4.602153091e+02 -2.3455e+00 +1.7129e+00 +2.1926e+00
2838 +1.370991751e+00 +1.370991751e+00 -4.607190082e+02 -4.607190082e+02 -2.3267e+00 +1.7034e+00 +2.2279e+00
2873 +1.081865433e+00 +1.081865433e+00 -4.610081346e+02 -4.610081346e+02 -2.3503e+00 +1.7162e+00 +2.2101e+00
3000 +1.055436189e+00 +1.055436189e+00 -4.610345638e+02 -4.610345638e+02 -2.3446e+00 +1.6904e+00 +2.2130e+00
3096 +1.015095538e+00 +1.015095538e+00 -4.610749045e+02 -4.610749045e+02 -2.3512e+00 +1.7031e+00 +2.2133e+00
3244 +9.987117767e-01 +9.987117767e-01 -4.610912882e+02 -4.610912882e+02 -2.3406e+00 +1.7008e+00 +2.2142e+00
20819 +9.120960218e-01 +9.120960218e-01 -4.611779040e+02 -4.611779040e+02 -2.2985e+00 +2.2760e+00 +2.2029e+00
35695 +8.887571824e-01 +8.887571824e-01 -4.612012428e+02 -4.612012428e+02 -2.3151e+00 +2.2914e+00 +2.1948e+00
35794 +7.632549405e-01 +7.632549405e-01 -4.613267451e+02 -4.613267451e+02 -2.3244e+00 +2.2766e+00 +2.2292e+00
36126 +1.681480884e-01 +1.681480884e-01 -4.619218519e+02 -4.619218519e+02 -2.3509e+00 +2.3168e+00 +2.2125e+00
36192 +1.592161359e-01 +1.592161359e-01 -4.619307839e+02 -4.619307839e+02 -2.3199e+00 +2.2966e+00 +2.2080e+00
36236 +1.268031707e-01 +1.268031707e-01 -4.619631968e+02 -4.619631968e+02 -2.3398e+00 +2.2971e+00 +2.2219e+00
36258 +1.226335474e-02 +1.226335474e-02 -4.620777366e+02 -4.620777366e+02 -2.3385e+00 +2.3004e+00 +2.2159e+00
36368 +4.094115291e-03 +4.094115291e-03 -4.620859059e+02 -4.620859059e+02 -2.3403e+00 +2.3028e+00 +2.2134e+00
36522 +2.852908580e-03 +2.852908580e-03 -4.620871471e+02 -4.620871471e+02 -2.3387e+00 +2.2988e+00 +2.2130e+00
36610 +1.556230048e-03 +1.556230048e-03 -4.620884438e+02 -4.620884438e+02 -2.3382e+00 +2.2995e+00 +2.2134e+00
36638 +2.652781131e-04 +2.652781131e-04 -4.620897347e+02 -4.620897347e+02 -2.3405e+00 +2.2994e+00 +2.2136e+00
36702 +2.511067522e-04 +2.511067522e-04 -4.620897489e+02 -4.620897489e+02 -2.3409e+00 +2.3000e+00 +2.2133e+00
36720 +2.324645987e-04 +2.324645987e-04 -4.620897675e+02 -4.620897675e+02 -2.3404e+00 +2.2996e+00 +2.2139e+00
36742 +4.238946985e-05 +4.238946985e-05 -4.620899576e+02 -4.620899576e+02 -2.3406e+00 +2.2998e+00 +2.2137e+00
36764 +2.830925484e-05 +2.830925484e-05 -4.620899717e+02 -4.620899717e+02 -2.3410e+00 +2.3000e+00 +2.2137e+00
36770 +1.189044815e-05 +1.189044815e-05 -4.620899881e+02 -4.620899881e+02 -2.3409e+00 +2.3001e+00 +2.2136e+00
36786 +1.106779314e-05 +1.106779314e-05 -4.620899889e+02 -4.620899889e+02 -2.3410e+00 +2.3000e+00 +2.2136e+00
36803 +8.645083881e-06 +8.645083881e-06 -4.620899914e+02 -4.620899914e+02 -2.3408e+00 +2.2999e+00 +2.2136e+00
36808 +3.681466467e-06 +3.681466467e-06 -4.620899963e+02 -4.620899963e+02 -2.3409e+00 +2.3000e+00 +2.2136e+00
36830 +1.775887938e-06 +1.775887938e-06 -4.620899982e+02 -4.620899982e+02 -2.3409e+00 +2.3000e+00 +2.2136e+00
36896 +1.298980521e-06 +1.298980521e-06 -4.620899987e+02 -4.620899987e+02 -2.3408e+00 +2.3000e+00 +2.2136e+00
36940 +1.147493379e-06 +1.147493379e-06 -4.620899989e+02 -4.620899989e+02 -2.3409e+00 +2.3000e+00 +2.2136e+00
37006 +1.049843718e-06 +1.049843718e-06 -4.620899990e+02 -4.620899990e+02 -2.3408e+00 +2.3000e+00 +2.2136e+00
37008 +9.136851986e-07 +9.136851986e-07 -4.620899991e+02 -4.620899991e+02 -2.3408e+00 +2.3000e+00 +2.2136e+00
37031 +8.103086202e-07 +8.103086202e-07 -4.620899992e+02 -4.620899992e+02 -2.3408e+00 +2.3000e+00 +2.2136e+00
37047 +7.051654620e-07 +7.051654620e-07 -4.620899993e+02 -4.620899993e+02 -2.3408e+00 +2.3000e+00 +2.2136e+00
37050 +2.257493179e-07 +2.257493179e-07 -4.620899998e+02 -4.620899998e+02 -2.3408e+00 +2.3000e+00 +2.2136e+00
37072 +1.364304580e-07 +1.364304580e-07 -4.620899999e+02 -4.620899999e+02 -2.3408e+00 +2.3000e+00 +2.2136e+00
37116 +2.522040177e-08 +2.522040177e-08 -4.620900000e+02 -4.620900000e+02 -2.3408e+00 +2.3000e+00 +2.2136e+00
37197 +2.324964044e-08 +2.324964044e-08 -4.620900000e+02 -4.620900000e+02 -2.3408e+00 +2.3000e+00 +2.2136e+00
37204 +1.506720082e-08 +1.506720082e-08 -4.620900000e+02 -4.620900000e+02 -2.3408e+00 +2.3000e+00 +2.2136e+00
37226 +1.028183760e-09 +1.028183760e-09 -4.620900000e+02 -4.620900000e+02 -2.3408e+00 +2.3000e+00 +2.2136e+00
% function evaluation | noise-free fitness - Fopt (7.766000000000e+01) | best noise-free fitness - Fopt | measured fitness | best measured fitness | x1 | x2...
1 +7.373269304e+01 +7.373269304e+01 +1.513926930e+02 +1.513926930e+02 +0.0000e+00 +0.0000e+00 +0.0000e+00
2 +5.044831692e+01 +5.044831692e+01 +1.281083169e+02 +1.281083169e+02 +9.2348e-01 -1.4173e+00 +7.9469e-02
5 +4.917158563e+01 +4.917158563e+01 +1.268315856e+02 +1.268315856e+02 +9.7485e-01 -1.4829e+00 +1.6137e-01
6 +3.987132275e+01 +3.987132275e+01 +1.175313227e+02 +1.175313227e+02 +1.2086e+00 -1.3892e+00 +2.2426e-01
25 +2.984497337e+01 +2.984497337e+01 +1.075049734e+02 +1.075049734e+02 +1.4511e+00 -1.4891e+00 +1.4451e-01
79 +2.927068457e+01 +2.927068457e+01 +1.069306846e+02 +1.069306846e+02 +1.3294e+00 -1.4825e+00 +2.2727e-01
93 +1.999289221e+01 +1.999289221e+01 +9.765289221e+01 +9.765289221e+01 +1.3203e+00 -1.3926e+00 -3.2501e-01
119 +1.459995478e+01 +1.459995478e+01 +9.225995478e+01 +9.225995478e+01 +1.3752e+00 -1.3719e+00 -2.8429e-01
430 +1.351224490e+01 +1.351224490e+01 +9.117224490e+01 +9.117224490e+01 +1.4023e+00 -1.4737e+00 -3.1488e-01
443 +1.168103988e+01 +1.168103988e+01 +8.934103988e+01 +8.934103988e+01 +1.4509e+00 -1.5231e+00 -5.3907e-01
449 +8.759009924e+00 +8.759009924e+00 +8.641900992e+01 +8.641900992e+01 +1.3934e+00 -1.4470e+00 -5.5016e-01
462 +7.668698241e+00 +7.668698241e+00 +8.532869824e+01 +8.532869824e+01 +1.3695e+00 -1.4585e+00 -6.7658e-01
476 +4.553949243e+00 +4.553949243e+00 +8.221394924e+01 +8.221394924e+01 +1.3505e+00 -1.4545e+00 -9.3862e-01
511 +3.322012075e+00 +3.322012075e+00 +8.098201207e+01 +8.098201207e+01 +1.3783e+00 -1.4684e+00 -1.5852e+00
603 +3.260744504e+00 +3.260744504e+00 +8.092074450e+01 +8.092074450e+01 +1.3939e+00 -1.4764e+00 -9.2151e-01
642 +2.413644198e+00 +2.413644198e+00 +8.007364420e+01 +8.007364420e+01 +1.3831e+00 -1.4243e+00 -1.2657e+00
709 +2.326092118e+00 +2.326092118e+00 +7.998609212e+01 +7.998609212e+01 +1.3953e+00 -1.4788e+00 -1.2646e+00
750 +2.088591181e+00 +2.088591181e+00 +7.974859118e+01 +7.974859118e+01 +1.3997e+00 -1.4694e+00 -1.2707e+00
968 +2.012209241e+00 +2.012209241e+00 +7.967220924e+01 +7.967220924e+01 +1.3986e+00 -1.4451e+00 -1.2705e+00
1298 +1.992950198e+00 +1.992950198e+00 +7.965295020e+01 +7.965295020e+01 +1.4041e+00 -1.4518e+00 -1.2712e+00
12788 +1.100463040e+00 +1.100463040e+00 +7.876046304e+01 +7.876046304e+01 +2.3871e+00 -1.4492e+00 -1.2785e+00
13076 +6.812505105e-01 +6.812505105e-01 +7.834125051e+01 +7.834125051e+01 +2.3832e+00 -8.6304e-01 -1.2893e+00
13274 +2.460906229e-01 +2.460906229e-01 +7.790609062e+01 +7.790609062e+01 +2.3695e+00 -8.5662e-01 -1.2782e+00
13318 +1.958653833e-01 +1.958653833e-01 +7.785586538e+01 +7.785586538e+01 +2.4059e+00 -8.5795e-01 -1.2821e+00
13409 +1.501205986e-01 +1.501205986e-01 +7.781012060e+01 +7.781012060e+01 +2.4142e+00 -8.4675e-01 -1.2662e+00
13428 +5.547991793e-02 +5.547991793e-02 +7.771547992e+01 +7.771547992e+01 +2.4070e+00 -8.4794e-01 -1.2714e+00
13472 +1.417594082e-02 +1.417594082e-02 +7.767417594e+01 +7.767417594e+01 +2.3994e+00 -8.6007e-01 -1.2729e+00
13527 +6.480286622e-03 +6.480286622e-03 +7.766648029e+01 +7.766648029e+01 +2.4034e+00 -8.5514e-01 -1.2713e+00
13604 +3.612836608e-03 +3.612836608e-03 +7.766361284e+01 +7.766361284e+01 +2.4018e+00 -8.5664e-01 -1.2712e+00
13626 +2.244659195e-03 +2.244659195e-03 +7.766224466e+01 +7.766224466e+01 +2.3983e+00 -8.5468e-01 -1.2728e+00
13702 +6.663352542e-04 +6.663352542e-04 +7.766066634e+01 +7.766066634e+01 +2.3975e+00 -8.5524e-01 -1.2723e+00
13758 +3.086358635e-05 +3.086358635e-05 +7.766003086e+01 +7.766003086e+01 +2.3984e+00 -8.5602e-01 -1.2721e+00
13956 +1.124989002e-05 +1.124989002e-05 +7.766001125e+01 +7.766001125e+01 +2.3982e+00 -8.5593e-01 -1.2720e+00
13978 +3.195691150e-06 +3.195691150e-06 +7.766000320e+01 +7.766000320e+01 +2.3984e+00 -8.5593e-01 -1.2720e+00
14066 +2.319829250e-06 +2.319829250e-06 +7.766000232e+01 +7.766000232e+01 +2.3985e+00 -8.5604e-01 -1.2720e+00
14088 +2.183470301e-06 +2.183470301e-06 +7.766000218e+01 +7.766000218e+01 +2.3984e+00 -8.5595e-01 -1.2720e+00
14094 +1.669377838e-06 +1.669377838e-06 +7.766000167e+01 +7.766000167e+01 +2.3984e+00 -8.5595e-01 -1.2720e+00
14110 +3.646487841e-07 +3.646487841e-07 +7.766000036e+01 +7.766000036e+01 +2.3984e+00 -8.5598e-01 -1.2720e+00
14242 +3.041893990e-07 +3.041893990e-07 +7.766000030e+01 +7.766000030e+01 +2.3984e+00 -8.5598e-01 -1.2720e+00
14274 +1.074475335e-07 +1.074475335e-07 +7.766000011e+01 +7.766000011e+01 +2.3984e+00 -8.5601e-01 -1.2720e+00
14308 +8.901466231e-09 +8.901466231e-09 +7.766000001e+01 +7.766000001e+01 +2.3984e+00 -8.5600e-01 -1.2720e+00
% function evaluation | noise-free fitness - Fopt (1.156800000000e+02) | best noise-free fitness - Fopt | measured fitness | best measured fitness | x1 | x2...
1 +4.079349721e+01 +4.079349721e+01 +1.564734972e+02 +1.564734972e+02 +0.0000e+00 +0.0000e+00 +0.0000e+00
3 +2.508118195e+01 +2.508118195e+01 +1.407611820e+02 +1.407611820e+02 -3.6852e+00 -2.0870e+00 -7.8711e-02
39 +2.178313748e+01 +2.178313748e+01 +1.374631375e+02 +1.374631375e+02 -3.7602e+00 -2.0304e+00 +2.2605e-01
151 +1.822676968e+01 +1.822676968e+01 +1.339067697e+02 +1.339067697e+02 -3.8176e+00 -2.0696e+00 -7.9682e-02
210 +1.582373407e+01 +1.582373407e+01 +1.315037341e+02 +1.315037341e+02 -3.9044e+00 -2.0890e+00 -8.7998e-02
226 +1.323613828e+01 +1.323613828e+01 +1.289161383e+02 +1.289161383e+02 -3.9243e+00 -2.0539e+00 -6.7106e-02
256 +1.031453003e+01 +1.031453003e+01 +1.259945300e+02 +1.259945300e+02 -4.1018e+00 -2.0379e+00 -5.5310e-02
264 +9.653944520e+00 +9.653944520e+00 +1.253339445e+02 +1.253339445e+02 -4.0648e+00 -2.0589e+00 -7.2935e-02
320 +9.100357182e+00 +9.100357182e+00 +1.247803572e+02 +1.247803572e+02 -4.0987e+00 -2.0646e+00 -6.2425e-02
2050 +6.644670140e+00 +6.644670140e+00 +1.223246701e+02 +1.223246701e+02 -2.0329e+00 -4.5075e-01 +2.1627e-01
2455 +4.464807846e+00 +4.464807846e+00 +1.201448078e+02 +1.201448078e+02 -3.1330e+00 -1.5257e+00 -6.6883e-02
2735 +4.216967940e+00 +4.216967940e+00 +1.198969679e+02 +1.198969679e+02 -1.1883e+00 -1.0318e+00 +5.7527e-01
2836 +1.775770761e+00 +1.775770761e+00 +1.174557708e+02 +1.174557708e+02 -2.2361e+00 -9.9873e-01 +6.0859e-01
3954 +1.217373873e+00 +1.217373873e+00 +1.168973739e+02 +1.168973739e+02 -2.1522e+00 -1.5794e+00 +2.3916e-01
3997 +1.174258873e+00 +1.174258873e+00 +1.168542589e+02 +1.168542589e+02 -2.2032e+00 -1.5751e+00 +2.4000e-01
4022 +1.067544265e+00 +1.067544265e+00 +1.167475443e+02 +1.167475443e+02 -2.1666e+00 -1.5681e+00 +2.4271e-01
4042 +1.026876150e+00 +1.026876150e+00 +1.167068762e+02 +1.167068762e+02 -2.1818e+00 -1.5873e+00 +2.4694e-01
4396 +1.022558898e+00 +1.022558898e+00 +1.167025589e+02 +1.167025589e+02 -2.1798e+00 -1.5711e+00 +2.4673e-01
4446 +9.984535236e-01 +9.984535236e-01 +1.166784535e+02 +1.166784535e+02 -2.1818e+00 -1.5790e+00 +2.4411e-01
59212 +7.665638086e-02 +7.665638086e-02 +1.157566564e+02 +1.157566564e+02 -2.1886e+00 -9.8057e-01 +2.3998e-01
% function evaluation | noise-free fitness - Fopt (-3.710000000000e+00) | best noise-free fitness - Fopt | measured fitness | best measured fitness | x1 | x2...
1 +7.156572542e+01 +7.156572542e+01 +6.785572542e+01 +6.785572542e+01 +0.0000e+00 +0.0000e+00 +0.0000e+00
120 +6.120422038e+01 +6.120422038e+01 +5.749422038e+01 +5.749422038e+01 -3.4217e-02 -1.2829e+00 -1.0155e-01
140 +5.831872177e+01 +5.831872177e+01 +5.460872177e+01 +5.460872177e+01 +5.3304e-02 -3.2838e+00 -8.3852e-03
152 +4.919851992e+01 +4.919851992e+01 +4.548851992e+01 +4.548851992e+01 +1.1819e-01 -3.5491e-02 +2.2449e+00
154 +2.149082116e+01 +2.149082116e+01 +1.778082116e+01 +1.778082116e+01 -8.1923e-02 -1.7854e+00 +1.0928e+00
356 +1.255405054e+01 +1.255405054e+01 +8.844050544e+00 +8.844050544e+00 +4.4549e-02 -1.7022e+00 +1.7766e+00
636 +1.192852084e+01 +1.192852084e+01 +8.218520835e+00 +8.218520835e+00 +8.4688e-02 -1.7134e+00 +1.8000e+00
638 +9.454857398e+00 +9.454857398e+00 +5.744857398e+00 +5.744857398e+00 +9.2536e-02 -2.3156e+00 +1.7906e+00
737 +9.328733990e+00 +9.328733990e+00 +5.618733990e+00 +5.618733990e+00 +7.5579e-02 -2.2747e+00 +1.7744e+00
902 +9.105536176e+00 +9.105536176e+00 +5.395536176e+00 +5.395536176e+00 +6.2755e-02 -2.2932e+00 +1.7923e+00
2559 +8.794327395e+00 +8.794327395e+00 +5.084327395e+00 +5.084327395e+00 +2.0482e+00 -1.7504e+00 +1.1164e+00
2758 +4.790694017e+00 +4.790694017e+00 +1.080694017e+00 +1.080694017e+00 +3.2426e+00 -1.7683e+00 +1.7948e+00
2914 +3.299644943e+00 +3.299644943e+00 -4.103550568e-01 -4.103550568e-01 +3.0824e+00 -1.7212e+00 +1.4778e+00
2922 +2.715731611e+00 +2.715731611e+00 -9.942683891e-01 -9.942683891e-01 +3.0890e+00 -1.7303e+00 +1.4672e+00
3052 +2.158189046e+00 +2.158189046e+00 -1.551810954e+00 -1.551810954e+00 +3.1109e+00 -1.7439e+00 +1.4661e+00
3170 +2.029629346e+00 +2.029629346e+00 -1.680370654e+00 -1.680370654e+00 +3.1196e+00 -1.7468e+00 +1.4695e+00
3445 +1.990381047e+00 +1.990381047e+00 -1.719618953e+00 -1.719618953e+00 +3.1195e+00 -1.7468e+00 +1.4736e+00
7912 +1.190533289e+00 +1.190533289e+00 -2.519466711e+00 -2.519466711e+00 +4.1211e+00 -2.2823e+00 +1.7761e+00
8058 +1.082292338e+00 +1.082292338e+00 -2.627707662e+00 -2.627707662e+00 +4.1189e+00 -2.3007e+00 +1.7897e+00
8113 +1.055015253e+00 +1.055015253e+00 -2.654984747e+00 -2.654984747e+00 +4.1250e+00 -2.2989e+00 +1.7810e+00
8134 +1.040345863e+00 +1.040345863e+00 -2.669654137e+00 -2.669654137e+00 +4.1164e+00 -2.3036e+00 +1.7851e+00
8280 +1.023250723e+00 +1.023250723e+00 -2.686749277e+00 -2.686749277e+00 +4.1205e+00 -2.3001e+00 +1.7848e+00
8388 +9.999101331e-01 +9.999101331e-01 -2.710089867e+00 -2.710089867e+00 +4.1169e+00 -2.2921e+00 +1.7834e+00
18067 +5.681483794e-01 +5.681483794e-01 -3.141851621e+00 -3.141851621e+00 +3.1251e+00 -2.3160e+00 +1.7965e+00
53236 +1.727905635e-01 +1.727905635e-01 -3.537209436e+00 -3.537209436e+00 +3.1061e+00 -2.2825e+00 +1.7792e+00
53285 +1.388944594e-01 +1.388944594e-01 -3.571105541e+00 -3.571105541e+00 +3.1033e+00 -2.2875e+00 +1.7788e+00
53368 +6.633617093e-02 +6.633617093e-02 -3.643663829e+00 -3.643663829e+00 +3.1186e+00 -2.2895e+00 +1.7888e+00
53411 +5.021005037e-02 +5.021005037e-02 -3.659789950e+00 -3.659789950e+00 +3.1138e+00 -2.2936e+00 +1.7878e+00
53434 +1.779771364e-02 +1.779771364e-02 -3.692202286e+00 -3.692202286e+00 +3.1189e+00 -2.2894e+00 +1.7833e+00
53588 +1.093812380e-02 +1.093812380e-02 -3.699061876e+00 -3.699061876e+00 +3.1258e+00 -2.2920e+00 +1.7831e+00
53610 +3.189586419e-03 +3.189586419e-03 -3.706810414e+00 -3.706810414e+00 +3.1222e+00 -2.2952e+00 +1.7822e+00
53632 +2.269591433e-03 +2.269591433e-03 -3.707730409e+00 -3.707730409e+00 +3.1223e+00 -2.2965e+00 +1.7834e+00
53698 +1.058381262e-03 +1.058381262e-03 -3.708941619e+00 -3.708941619e+00 +3.1182e+00 -2.2954e+00 +1.7837e+00
53742 +4.989990029e-04 +4.989990029e-04 -3.709501001e+00 -3.709501001e+00 +3.1186e+00 -2.2948e+00 +1.7833e+00
53764 +3.024873316e-04 +3.024873316e-04 -3.709697513e+00 -3.709697513e+00 +3.1202e+00 -2.2945e+00 +1.7833e+00
53776 +6.922254044e-05 +6.922254044e-05 -3.709930777e+00 -3.709930777e+00 +3.1205e+00 -2.2952e+00 +1.7833e+00
53799 +6.886359827e-05 +6.886359827e-05 -3.709931136e+00 -3.709931136e+00 +3.1203e+00 -2.2950e+00 +1.7833e+00
53874 +2.913153862e-05 +2.913153862e-05 -3.709970868e+00 -3.709970868e+00 +3.1203e+00 -2.2951e+00 +1.7832e+00
53896 +2.390626410e-05 +2.390626410e-05 -3.709976094e+00 -3.709976094e+00 +3.1200e+00 -2.2951e+00 +1.7833e+00
53940 +1.393328209e-05 +1.393328209e-05 -3.709986067e+00 -3.709986067e+00 +3.1201e+00 -2.2953e+00 +1.7832e+00
53962 +3.989436646e-06 +3.989436646e-06 -3.709996011e+00 -3.709996011e+00 +3.1200e+00 -2.2953e+00 +1.7832e+00
54050 +2.411538286e-06 +2.411538286e-06 -3.709997588e+00 -3.709997588e+00 +3.1200e+00 -2.2953e+00 +1.7832e+00
54058 +6.568806432e-07 +6.568806432e-07 -3.709999343e+00 -3.709999343e+00 +3.1200e+00 -2.2952e+00 +1.7832e+00
54160 +4.451525517e-07 +4.451525517e-07 -3.709999555e+00 -3.709999555e+00 +3.1200e+00 -2.2952e+00 +1.7832e+00
54217 +3.039748724e-07 +3.039748724e-07 -3.709999696e+00 -3.709999696e+00 +3.1200e+00 -2.2952e+00 +1.7832e+00
54226 +2.555401557e-07 +2.555401557e-07 -3.709999744e+00 -3.709999744e+00 +3.1200e+00 -2.2952e+00 +1.7832e+00
54238 +1.227231956e-07 +1.227231956e-07 -3.709999877e+00 -3.709999877e+00 +3.1200e+00 -2.2952e+00 +1.7832e+00
54292 +5.231492928e-08 +5.231492928e-08 -3.709999948e+00 -3.709999948e+00 +3.1200e+00 -2.2952e+00 +1.7832e+00
54336 +6.462095747e-09 +6.462095747e-09 -3.709999994e+00 -3.709999994e+00 +3.1200e+00 -2.2952e+00 +1.7832e+00
% function evaluation | noise-free fitness - Fopt (1.321800000000e+02) | best noise-free fitness - Fopt | measured fitness | best measured fitness | x1 | x2...
1 +1.579813147e+02 +1.579813147e+02 +2.901613147e+02 +2.901613147e+02 +0.0000e+00 +0.0000e+00 +0.0000e+00
161 +1.522053798e+02 +1.522053798e+02 +2.843853798e+02 +2.843853798e+02 -1.6718e+00 -3.1635e-01 +1.6959e-01
172 +1.129706346e+02 +1.129706346e+02 +2.451506346e+02 +2.451506346e+02 -1.1773e+00 +9.5973e-02 +1.0596e+00
179 +1.075749791e+02 +1.075749791e+02 +2.397549791e+02 +2.397549791e+02 -1.3794e+00 -4.2237e-01 +1.1961e+00
192 +3.941815063e+01 +3.941815063e+01 +1.715981506e+02 +1.715981506e+02 -7.6551e-01 +1.2918e-01 +4.1719e+00
227 +3.506242034e+01 +3.506242034e+01 +1.672424203e+02 +1.672424203e+02 -2.5812e+00 -6.9751e-01 +3.4746e+00
264 +2.676750627e+01 +2.676750627e+01 +1.589475063e+02 +1.589475063e+02 -1.7709e+00 +5.6177e-02 +3.8998e+00
379 +2.483296767e+01 +2.483296767e+01 +1.570129677e+02 +1.570129677e+02 -1.6026e+00 +1.5193e+00 +4.4424e+00
380 +2.430649256e+01 +2.430649256e+01 +1.564864926e+02 +1.564864926e+02 -1.6028e+00 +8.4818e-01 +3.5434e+00
390 +2.367125849e+01 +2.367125849e+01 +1.558512585e+02 +1.558512585e+02 -3.6263e+00 +1.0700e+00 +4.4476e+00
418 +2.290737968e+01 +2.290737968e+01 +1.550873797e+02 +1.550873797e+02 -2.5367e+00 +1.3892e+00 +3.8186e+00
438 +1.858181586e+01 +1.858181586e+01 +1.507618159e+02 +1.507618159e+02 -2.5675e+00 +8.5425e-01 +3.7971e+00
472 +1.498373161e+01 +1.498373161e+01 +1.471637316e+02 +1.471637316e+02 -2.9172e+00 +1.5015e+00 +3.5302e+00
477 +1.291085925e+01 +1.291085925e+01 +1.450908592e+02 +1.450908592e+02 -3.0208e+00 +1.4788e+00 +3.4626e+00
487 +8.382470269e+00 +8.382470269e+00 +1.405624703e+02 +1.405624703e+02 -3.6632e+00 +1.4727e+00 +3.5353e+00
538 +4.421482456e+00 +4.421482456e+00 +1.366014825e+02 +1.366014825e+02 -3.8100e+00 +8.1905e-01 +3.8500e+00
1533 +3.357719284e+00 +3.357719284e+00 +1.355377193e+02 +1.355377193e+02 -3.6843e+00 +1.5378e+00 +3.4479e+00
1716 +2.482943383e+00 +2.482943383e+00 +1.346629434e+02 +1.346629434e+02 -4.7951e+00 +1.4822e+00 +3.8184e+00
1738 +2.246710481e+00 +2.246710481e+00 +1.344267105e+02 +1.344267105e+02 -4.7591e+00 +1.5029e+00 +3.8156e+00
1804 +2.194751295e+00 +2.194751295e+00 +1.343747513e+02 +1.343747513e+02 -4.7496e+00 +1.4889e+00 +3.8383e+00
1858 +2.160675106e+00 +2.160675106e+00 +1.343406751e+02 +1.343406751e+02 -4.7550e+00 +1.4935e+00 +3.8353e+00
1892 +2.009864840e+00 +2.009864840e+00 +1.341898648e+02 +1.341898648e+02 -4.7648e+00 +1.4791e+00 +3.8196e+00
2021 +1.990594009e+00 +1.990594009e+00 +1.341705940e+02 +1.341705940e+02 -4.7607e+00 +1.4821e+00 +3.8236e+00
4442 +1.112497494e+00 +1.112497494e+00 +1.332924975e+02 +1.332924975e+02 -3.7463e+00 +8.9813e-01 +3.4585e+00
5370 +1.035247569e+00 +1.035247569e+00 +1.332152476e+02 +1.332152476e+02 -3.7749e+00 +8.9117e-01 +3.4640e+00
5727 +1.009335697e+00 +1.009335697e+00 +1.331893357e+02 +1.331893357e+02 -3.7571e+00 +8.8222e-01 +3.4615e+00
5964 +9.984142473e-01 +9.984142473e-01 +1.331784142e+02 +1.331784142e+02 -3.7640e+00 +8.8826e-01 +3.4627e+00
47304 +5.948835139e-01 +5.948835139e-01 +1.327748835e+02 +1.327748835e+02 -3.7483e+00 +1.4819e+00 +3.4452e+00
47466 +4.779164277e-01 +4.779164277e-01 +1.326579164e+02 +1.326579164e+02 -3.7792e+00 +1.4785e+00 +3.4784e+00
47620 +1.891948894e-01 +1.891948894e-01 +1.323691949e+02 +1.323691949e+02 -3.7805e+00 +1.4978e+00 +3.4626e+00
47664 +1.139470053e-01 +1.139470053e-01 +1.322939470e+02 +1.322939470e+02 -3.7598e+00 +1.4911e+00 +3.4681e+00
47686 +9.946493383e-02 +9.946493383e-02 +1.322794649e+02 +1.322794649e+02 -3.7679e+00 +1.4885e+00 +3.4685e+00
47713 +8.464434828e-02 +8.464434828e-02 +1.322646443e+02 +1.322646443e+02 -3.7701e+00 +1.4755e+00 +3.4570e+00
47730 +7.567639775e-03 +7.567639775e-03 +1.321875676e+02 +1.321875676e+02 -3.7696e+00 +1.4821e+00 +3.4623e+00
47752 +7.255464382e-03 +7.255464382e-03 +1.321872555e+02 +1.321872555e+02 -3.7677e+00 +1.4798e+00 +3.4615e+00
47906 +6.492990965e-03 +6.492990965e-03 +1.321864930e+02 +1.321864930e+02 -3.7684e+00 +1.4836e+00 +3.4609e+00
47928 +3.941765473e-03 +3.941765473e-03 +1.321839418e+02 +1.321839418e+02 -3.7668e+00 +1.4816e+00 +3.4606e+00
47964 +3.762104729e-03 +3.762104729e-03 +1.321837621e+02 +1.321837621e+02 -3.7628e+00 +1.4846e+00 +3.4615e+00
47965 +2.614298090e-03 +2.614298090e-03 +1.321826143e+02 +1.321826143e+02 -3.7655e+00 +1.4836e+00 +3.4624e+00
48016 +8.817174858e-04 +8.817174858e-04 +1.321808817e+02 +1.321808817e+02 -3.7645e+00 +1.4835e+00 +3.4615e+00
48038 +2.116598358e-04 +2.116598358e-04 +1.321802117e+02 +1.321802117e+02 -3.7638e+00 +1.4824e+00 +3.4619e+00
48126 +3.318304141e-05 +3.318304141e-05 +1.321800332e+02 +1.321800332e+02 -3.7642e+00 +1.4825e+00 +3.4617e+00
48236 +9.980574134e-06 +9.980574134e-06 +1.321800100e+02 +1.321800100e+02 -3.7640e+00 +1.4824e+00 +3.4615e+00
48324 +3.009726072e-06 +3.009726072e-06 +1.321800030e+02 +1.321800030e+02 -3.7640e+00 +1.4824e+00 +3.4616e+00
48386 +5.734803494e-07 +5.734803494e-07 +1.321800006e+02 +1.321800006e+02 -3.7640e+00 +1.4824e+00 +3.4616e+00
48426 +4.561841251e-07 +4.561841251e-07 +1.321800005e+02 +1.321800005e+02 -3.7640e+00 +1.4824e+00 +3.4616e+00
48500 +2.422405032e-07 +2.422405032e-07 +1.321800002e+02 +1.321800002e+02 -3.7640e+00 +1.4824e+00 +3.4616e+00
48588 +6.846320844e-08 +6.846320844e-08 +1.321800001e+02 +1.321800001e+02 -3.7640e+00 +1.4824e+00 +3.4616e+00
48614 +2.779970032e-08 +2.779970032e-08 +1.321800000e+02 +1.321800000e+02 -3.7640e+00 +1.4824e+00 +3.4616e+00
48730 +2.300362212e-08 +2.300362212e-08 +1.321800000e+02 +1.321800000e+02 -3.7640e+00 +1.4824e+00 +3.4616e+00
48786 +1.627523716e-08 +1.627523716e-08 +1.321800000e+02 +1.321800000e+02 -3.7640e+00 +1.4824e+00 +3.4616e+00
48830 +5.693863159e-09 +5.693863159e-09 +1.321800000e+02 +1.321800000e+02 -3.7640e+00 +1.4824e+00 +3.4616e+00
% function evaluation | noise-free fitness - Fopt (6.438000000000e+01) | best noise-free fitness - Fopt | measured fitness | best measured fitness | x1 | x2...
1 +1.743174677e+02 +1.743174677e+02 +2.386974677e+02 +2.386974677e+02 +0.0000e+00 +0.0000e+00 +0.0000e+00
97 +1.324806994e+02 +1.324806994e+02 +1.968606994e+02 +1.968606994e+02 +1.3509e+00 -2.5241e+00 -2.7491e+00
104 +9.871149554e+01 +9.871149554e+01 +1.630914955e+02 +1.630914955e+02 +1.2488e+00 -1.6594e+00 -2.3292e+00
117 +8.748923702e+01 +8.748923702e+01 +1.518692370e+02 +1.518692370e+02 +6.4932e-01 -8.0781e-01 -2.9950e+00
135 +8.207642996e+01 +8.207642996e+01 +1.464564300e+02 +1.464564300e+02 +9.6473e-01 -1.1343e-01 -5.6830e-01
154 +7.718544739e+01 +7.718544739e+01 +1.415654474e+02 +1.415654474e+02 +1.0667e+00 -7.4592e-01 -1.8377e+00
169 +6.180282429e+01 +6.180282429e+01 +1.261828243e+02 +1.261828243e+02 +1.4844e+00 +8.4732e-01 -2.7860e+00
180 +5.816511139e+01 +5.816511139e+01 +1.225451114e+02 +1.225451114e+02 +6.0822e-01 +8.3823e-01 -1.8572e+00
209 +4.107381971e+01 +4.107381971e+01 +1.054538197e+02 +1.054538197e+02 +1.7938e+00 +1.0318e+00 -1.8815e+00
211 +1.388081556e+01 +1.388081556e+01 +7.826081556e+01 +7.826081556e+01 +1.2790e+00 +2.2091e+00 -1.9328e+00
458 +7.842967411e+00 +7.842967411e+00 +7.222296741e+01 +7.222296741e+01 +1.2207e+00 +2.6562e+00 -1.9685e+00
623 +5.574278159e+00 +5.574278159e+00 +6.995427816e+01 +6.995427816e+01 +1.1057e+00 +3.2907e+00 -1.9723e+00
1422 +5.434948762e+00 +5.434948762e+00 +6.981494876e+01 +6.981494876e+01 +1.1390e+00 +3.2481e+00 -1.9587e+00
1430 +5.244968560e+00 +5.244968560e+00 +6.962496856e+01 +6.962496856e+01 +1.1086e+00 +3.2490e+00 -1.9482e+00
1452 +5.091390027e+00 +5.091390027e+00 +6.947139003e+01 +6.947139003e+01 +1.1102e+00 +3.2731e+00 -1.9590e+00
1503 +4.999885028e+00 +4.999885028e+00 +6.937988503e+01 +6.937988503e+01 +1.0720e+00 +3.2611e+00 -1.9621e+00
9990 +3.809113458e+00 +3.809113458e+00 +6.818911346e+01 +6.818911346e+01 +4.0190e+00 +3.8184e+00 -1.9873e+00
10053 +3.550143725e+00 +3.550143725e+00 +6.793014373e+01 +6.793014373e+01 +4.0410e+00 +3.7836e+00 -2.3302e+00
10106 +3.188342599e+00 +3.188342599e+00 +6.756834260e+01 +6.756834260e+01 +4.0331e+00 +3.8177e+00 -1.9743e+00
10229 +3.135668317e+00 +3.135668317e+00 +6.751566832e+01 +6.751566832e+01 +4.0330e+00 +3.8123e+00 -1.9432e+00
10464 +3.087342482e+00 +3.087342482e+00 +6.746734248e+01 +6.746734248e+01 +4.0464e+00 +3.8141e+00 -1.9671e+00
10502 +3.011595522e+00 +3.011595522e+00 +6.739159552e+01 +6.739159552e+01 +4.0432e+00 +3.8130e+00 -1.9599e+00
12672 +1.246997447e+00 +1.246997447e+00 +6.562699745e+01 +6.562699745e+01 +3.0270e+00 +3.2322e+00 -2.3361e+00
12682 +9.900114763e-01 +9.900114763e-01 +6.537001148e+01 +6.537001148e+01 +3.0752e+00 +3.2850e+00 -2.3008e+00
12792 +7.378123471e-01 +7.378123471e-01 +6.511781235e+01 +6.511781235e+01 +3.0029e+00 +3.2411e+00 -2.3279e+00
13077 +6.769329995e-01 +6.769329995e-01 +6.505693300e+01 +6.505693300e+01 +3.0126e+00 +3.2390e+00 -2.3110e+00
13319 +3.711660423e-01 +3.711660423e-01 +6.475116604e+01 +6.475116604e+01 +3.0040e+00 +3.2753e+00 -2.3220e+00
13394 +2.771642848e-01 +2.771642848e-01 +6.465716428e+01 +6.465716428e+01 +3.0108e+00 +3.2643e+00 -2.3123e+00
21398 +1.396708636e-01 +1.396708636e-01 +6.451967086e+01 +6.451967086e+01 +3.0339e+00 +3.2630e+00 -2.3113e+00
21422 +9.879116245e-02 +9.879116245e-02 +6.447879116e+01 +6.447879116e+01 +3.0277e+00 +3.2671e+00 -2.3135e+00
21466 +2.722466118e-02 +2.722466118e-02 +6.440722466e+01 +6.440722466e+01 +3.0512e+00 +3.2620e+00 -2.3197e+00
21532 +1.500268771e-02 +1.500268771e-02 +6.439500269e+01 +6.439500269e+01 +3.0473e+00 +3.2614e+00 -2.3194e+00
21554 +1.104544382e-02 +1.104544382e-02 +6.439104544e+01 +6.439104544e+01 +3.0365e+00 +3.2671e+00 -2.3213e+00
21625 +3.383019779e-03 +3.383019779e-03 +6.438338302e+01 +6.438338302e+01 +3.0415e+00 +3.2651e+00 -2.3190e+00
21664 +1.547442112e-03 +1.547442112e-03 +6.438154744e+01 +6.438154744e+01 +3.0382e+00 +3.2630e+00 -2.3196e+00
21708 +1.204482654e-03 +1.204482654e-03 +6.438120448e+01 +6.438120448e+01 +3.0388e+00 +3.2648e+00 -2.3205e+00
21787 +8.157617832e-04 +8.157617832e-04 +6.438081576e+01 +6.438081576e+01 +3.0393e+00 +3.2641e+00 -2.3206e+00
21818 +5.827274595e-04 +5.827274595e-04 +6.438058273e+01 +6.438058273e+01 +3.0383e+00 +3.2637e+00 -2.3201e+00
21840 +2.253863683e-04 +2.253863683e-04 +6.438022539e+01 +6.438022539e+01 +3.0400e+00 +3.2636e+00 -2.3198e+00
21950 +1.849798417e-04 +1.849798417e-04 +6.438018498e+01 +6.438018498e+01 +3.0398e+00 +3.2645e+00 -2.3200e+00
21994 +2.562194445e-05 +2.562194445e-05 +6.438002562e+01 +6.438002562e+01 +3.0399e+00 +3.2638e+00 -2.3200e+00
22016 +2.509319518e-05 +2.509319518e-05 +6.438002509e+01 +6.438002509e+01 +3.0400e+00 +3.2641e+00 -2.3201e+00
22104 +1.002202708e-06 +1.002202708e-06 +6.438000100e+01 +6.438000100e+01 +3.0400e+00 +3.2640e+00 -2.3200e+00
22192 +5.309780136e-07 +5.309780136e-07 +6.438000053e+01 +6.438000053e+01 +3.0400e+00 +3.2640e+00 -2.3200e+00
22324 +4.573741421e-07 +4.573741421e-07 +6.438000046e+01 +6.438000046e+01 +3.0400e+00 +3.2640e+00 -2.3200e+00
22397 +2.246924282e-07 +2.246924282e-07 +6.438000022e+01 +6.438000022e+01 +3.0400e+00 +3.2640e+00 -2.3200e+00
22400 +1.373813063e-07 +1.373813063e-07 +6.438000014e+01 +6.438000014e+01 +3.0400e+00 +3.2640e+00 -2.3200e+00
22412 +9.022984671e-08 +9.022984671e-08 +6.438000009e+01 +6.438000009e+01 +3.0400e+00 +3.2640e+00 -2.3200e+00
22456 +5.082814880e-08 +5.082814880e-08 +6.438000005e+01 +6.438000005e+01 +3.0400e+00 +3.2640e+00 -2.3200e+00
22544 +1.923660875e-08 +1.923660875e-08 +6.438000002e+01 +6.438000002e+01 +3.0400e+00 +3.2640e+00 -2.3200e+00
22562 +5.348113064e-09 +5.348113064e-09 +6.438000001e+01 +6.438000001e+01 +3.0400e+00 +3.2640e+00 -2.3200e+00
% function evaluation | noise-free fitness - Fopt (2.824800000000e+02) | best noise-free fitness - Fopt | measured fitness | best measured fitness | x1 | x2...
1 +1.141195429e+02 +1.141195429e+02 +3.965995429e+02 +3.965995429e+02 +0.0000e+00 +0.0000e+00 +0.0000e+00
112 +8.281140205e+01 +8.281140205e+01 +3.652914021e+02 +3.652914021e+02 +1.3836e-02 -4.9116e+00 -1.9541e-01
135 +6.861544586e+01 +6.861544586e+01 +3.510954459e+02 +3.510954459e+02 -8.8831e-01 -1.4702e+00 +1.2101e+00
140 +6.650674894e+01 +6.650674894e+01 +3.489867489e+02 +3.489867489e+02 -9.9092e-01 -5.6003e+00 +9.0641e-01
143 +3.505296201e+01 +3.505296201e+01 +3.175329620e+02 +3.175329620e+02 -3.2682e-01 -2.7323e+00 +8.9798e-01
154 +2.655447861e+01 +2.655447861e+01 +3.090344786e+02 +3.090344786e+02 -5.5633e-01 -3.2083e+00 +1.0179e+00
176 +1.670877481e+01 +1.670877481e+01 +2.991887748e+02 +2.991887748e+02 +4.0495e-01 -4.4918e+00 +2.0794e+00
255 +1.599079058e+01 +1.599079058e+01 +2.984707906e+02 +2.984707906e+02 -2.2605e-01 -3.4284e+00 +1.8442e+00
312 +1.276189919e+01 +1.276189919e+01 +2.952418992e+02 +2.952418992e+02 -2.8845e-01 -4.4233e+00 +2.0978e+00
313 +1.229505265e+01 +1.229505265e+01 +2.947750527e+02 +2.947750527e+02 +4.8458e-01 -1.6367e+00 +1.4834e+00
475 +3.957294747e+00 +3.957294747e+00 +2.864372947e+02 +2.864372947e+02 +5.4499e-01 -3.4334e+00 +1.7680e+00
585 +1.759745735e+00 +1.759745735e+00 +2.842397457e+02 +2.842397457e+02 +5.0040e-01 -3.3753e+00 +1.7934e+00
5372 +1.504450410e+00 +1.504450410e+00 +2.839844504e+02 +2.839844504e+02 +5.5373e-01 -3.3696e+00 +1.7784e+00
7508 +1.453013191e+00 +1.453013191e+00 +2.839330132e+02 +2.839330132e+02 +1.5327e+00 -3.3547e+00 +1.7486e+00
7870 +1.239388973e+00 +1.239388973e+00 +2.837193890e+02 +2.837193890e+02 +1.5101e+00 -3.9683e+00 +1.7647e+00
12792 +1.203158869e+00 +1.203158869e+00 +2.836831589e+02 +2.836831589e+02 +1.5082e+00 -3.9335e+00 +1.7711e+00
12814 +1.128636046e+00 +1.128636046e+00 +2.836086360e+02 +2.836086360e+02 +1.5388e+00 -3.9512e+00 +1.7780e+00
12880 +1.097113435e+00 +1.097113435e+00 +2.835771134e+02 +2.835771134e+02 +1.4934e+00 -3.9568e+00 +1.7764e+00
12902 +1.093378366e+00 +1.093378366e+00 +2.835733784e+02 +2.835733784e+02 +1.4958e+00 -3.9621e+00 +1.7773e+00
12924 +9.985372048e-01 +9.985372048e-01 +2.834785372e+02 +2.834785372e+02 +1.5195e+00 -3.9573e+00 +1.7744e+00
49649 +1.175003120e-01 +1.175003120e-01 +2.825975003e+02 +2.825975003e+02 +1.5032e+00 -3.3699e+00 +1.7711e+00
49728 +9.188099483e-02 +9.188099483e-02 +2.825718810e+02 +2.825718810e+02 +1.5246e+00 -3.3612e+00 +1.7821e+00
% function evaluation | noise-free fitness - Fopt (4.826100000000e+02) | best noise-free fitness - Fopt | measured fitness | best measured fitness | x1 | x2...
1 +7.566467951e+01 +7.566467951e+01 +5.582746795e+02 +5.582746795e+02 +0.0000e+00 +0.0000e+00 +0.0000e+00
2 +5.949168389e+01 +5.949168389e+01 +5.421016839e+02 +5.421016839e+02 -2.5125e+00 -1.9470e-01 -2.1350e+00
7 +4.214088780e+01 +4.214088780e+01 +5.247508878e+02 +5.247508878e+02 -2.3890e+00 +1.0643e-01 -2.1182e+00
47 +3.861992656e+01 +3.861992656e+01 +5.212299266e+02 +5.212299266e+02 -2.3086e+00 -2.6279e-01 -1.7499e+00
116 +3.503824167e+01 +3.503824167e+01 +5.176482417e+02 +5.176482417e+02 -2.3885e+00 +1.9519e-01 -2.1337e+00
125 +3.080162062e+01 +3.080162062e+01 +5.134116206e+02 +5.134116206e+02 -2.2081e+00 +2.1813e-01 -2.0987e+00
242 +2.998374269e+01 +2.998374269e+01 +5.125937427e+02 +5.125937427e+02 -2.1559e+00 +8.4708e-01 -1.4286e+00
307 +2.773489679e+01 +2.773489679e+01 +5.103448968e+02 +5.103448968e+02 -2.0060e+00 +2.0092e+00 -1.6863e+00
319 +2.541550238e+01 +2.541550238e+01 +5.080255024e+02 +5.080255024e+02 -1.5407e+00 +1.4033e+00 -1.4126e+00
326 +2.053348826e+01 +2.053348826e+01 +5.031434883e+02 +5.031434883e+02 -2.1787e+00 +1.9695e+00 -9.7412e-01
352 +1.853215012e+01 +1.853215012e+01 +5.011421501e+02 +5.011421501e+02 -2.1622e+00 +1.9052e+00 -1.3560e+00
363 +1.817600797e+01 +1.817600797e+01 +5.007860080e+02 +5.007860080e+02 -2.4030e+00 +1.9391e+00 -2.1024e+00
366 +1.467277478e+01 +1.467277478e+01 +4.972827748e+02 +4.972827748e+02 -2.2876e+00 +1.9432e+00 -8.1993e-01
379 +1.422151538e+01 +1.422151538e+01 +4.968315154e+02 +4.968315154e+02 -2.3155e+00 +1.9038e+00 -1.4592e+00
418 +9.837901764e+00 +9.837901764e+00 +4.924479018e+02 +4.924479018e+02 -2.2118e+00 +2.5540e+00 -1.4300e+00
2969 +6.860804914e+00 +6.860804914e+00 +4.894708049e+02 +4.894708049e+02 -1.0680e+00 +1.9748e+00 -1.4412e+00
3009 +5.180664847e+00 +5.180664847e+00 +4.877906648e+02 +4.877906648e+02 -1.7799e-01 +1.9910e+00 -1.1029e+00
4049 +4.914272713e+00 +4.914272713e+00 +4.875242727e+02 +4.875242727e+02 -1.1450e+00 +2.5788e+00 -1.4362e+00
4069 +4.770837173e+00 +4.770837173e+00 +4.873808372e+02 +4.873808372e+02 -1.2366e+00 +2.5756e+00 -1.4196e+00
4094 +4.315438289e+00 +4.315438289e+00 +4.869254383e+02 +4.869254383e+02 -1.2259e+00 +2.5550e+00 -1.4271e+00
4160 +4.209160148e+00 +4.209160148e+00 +4.868191601e+02 +4.868191601e+02 -1.1936e+00 +2.5700e+00 -1.4244e+00
4182 +4.023864439e+00 +4.023864439e+00 +4.866338644e+02 +4.866338644e+02 -1.1808e+00 +2.5523e+00 -1.4264e+00
4544 +3.980433334e+00 +3.980433334e+00 +4.865904333e+02 +4.865904333e+02 -1.1751e+00 +2.5516e+00 -1.4227e+00
9163 +2.326558270e+00 +2.326558270e+00 +4.849365583e+02 +4.849365583e+02 -2.2117e-01 +1.9243e+00 -1.4251e+00
12374 +1.575684606e+00 +1.575684606e+00 +4.841856846e+02 +4.841856846e+02 +1.7744e+00 +2.5769e+00 -1.4134e+00
13058 +1.259919502e+00 +1.259919502e+00 +4.838699195e+02 +4.838699195e+02 +1.7757e+00 +2.5710e+00 -1.4268e+00
25729 +1.116379341e+00 +1.116379341e+00 +4.837263793e+02 +4.837263793e+02 +7.9303e-01 +2.5486e+00 -1.0482e+00
25854 +1.020551012e+00 +1.020551012e+00 +4.836305510e+02 +4.836305510e+02 +7.7591e-01 +2.5556e+00 -1.0586e+00
26087 +9.974068829e-01 +9.974068829e-01 +4.836074069e+02 +4.836074069e+02 +7.8538e-01 +2.5525e+00 -1.0615e+00
28690 +5.136400078e-01 +5.136400078e-01 +4.831236400e+02 +4.831236400e+02 +7.9835e-01 +2.5264e+00 -1.4294e+00
% function evaluation | noise-free fitness - Fopt (7.177000000000e+01) | best noise-free fitness - Fopt | measured fitness | best measured fitness | x1 | x2...
1 +6.439834124e+01 +6.439834124e+01 +1.361683412e+02 +1.361683412e+02 +0.0000e+00 +0.0000e+00 +0.0000e+00
316 +6.092801695e+01 +6.092801695e+01 +1.326980169e+02 +1.326980169e+02 -1.6228e-01 -2.0687e+00 +1.1578e+00
374 +6.007711575e+01 +6.007711575e+01 +1.318471157e+02 +1.318471157e+02 -2.4453e-01 -2.0992e+00 +1.1180e+00
638 +5.875767950e+01 +5.875767950e+01 +1.305276795e+02 +1.305276795e+02 -1.8578e-01 -2.1021e+00 +1.1346e+00
1940 +5.684503253e+01 +5.684503253e+01 +1.286150325e+02 +1.286150325e+02 -2.0926e+00 +2.5248e+00 -3.4003e-01
1962 +3.545265585e+01 +3.545265585e+01 +1.072226558e+02 +1.072226558e+02 -2.1875e+00 +2.6838e+00 +1.3500e+00
1966 +2.943291419e+01 +2.943291419e+01 +1.012029142e+02 +1.012029142e+02 -3.0857e+00 +1.7243e+00 +6.3179e-01
1990 +1.954219070e+01 +1.954219070e+01 +9.131219070e+01 +9.131219070e+01 -2.1686e+00 +2.2900e+00 +2.2366e+00
2003 +1.106646532e+01 +1.106646532e+01 +8.283646532e+01 +8.283646532e+01 -2.2325e+00 +1.2022e+00 +4.8125e-01
2250 +4.475026026e+00 +4.475026026e+00 +7.624502603e+01 +7.624502603e+01 -4.2508e+00 +1.7340e+00 +1.8148e+00
2287 +2.054061330e+00 +2.054061330e+00 +7.382406133e+01 +7.382406133e+01 -4.2159e+00 +1.8057e+00 +1.8088e+00
2778 +1.149824530e+00 +1.149824530e+00 +7.291982453e+01 +7.291982453e+01 -3.1999e+00 +1.1936e+00 +1.4439e+00
10260 +1.119434572e+00 +1.119434572e+00 +7.288943457e+01 +7.288943457e+01 -3.2239e+00 +1.2125e+00 +1.4534e+00
10345 +1.049085677e+00 +1.049085677e+00 +7.281908568e+01 +7.281908568e+01 -3.2090e+00 +1.1950e+00 +1.4475e+00
10348 +1.039089758e+00 +1.039089758e+00 +7.280908976e+01 +7.280908976e+01 -3.2322e+00 +1.1903e+00 +1.4480e+00
10392 +1.017282617e+00 +1.017282617e+00 +7.278728262e+01 +7.278728262e+01 -3.2249e+00 +1.1914e+00 +1.4464e+00
10411 +9.982719677e-01 +9.982719677e-01 +7.276827197e+01 +7.276827197e+01 -3.2208e+00 +1.1978e+00 +1.4461e+00
48658 +5.118962841e-01 +5.118962841e-01 +7.228189628e+01 +7.228189628e+01 -3.2409e+00 +1.7721e+00 +1.4387e+00
49221 +3.786188408e-01 +3.786188408e-01 +7.214861884e+01 +7.214861884e+01 -3.2120e+00 +1.7768e+00 +1.4546e+00
49314 +1.699349059e-01 +1.699349059e-01 +7.193993491e+01 +7.193993491e+01 -3.2125e+00 +1.7813e+00 +1.4474e+00
% function evaluation | noise-free fitness - Fopt (8.448800000000e+02) | best noise-free fitness - Fopt | measured fitness | best measured fitness | x1 | x2...
1 +3.391376365e+02 +3.391376365e+02 +1.184017637e+03 +1.184017637e+03 +0.0000e+00 +0.0000e+00 +0.0000e+00
2 +7.264426398e+01 +7.264426398e+01 +9.175242640e+02 +9.175242640e+02 -1.2469e+00 +2.7237e-01 -2.4799e+00
5 +6.919159289e+01 +6.919159289e+01 +9.140715929e+02 +9.140715929e+02 -1.3797e+00 +1.9059e-01 -2.6153e+00
14 +6.686789466e+01 +6.686789466e+01 +9.117478947e+02 +9.117478947e+02 -1.3264e+00 +1.5975e-01 -2.6186e+00
24 +6.575667988e+01 +6.575667988e+01 +9.106366799e+02 +9.106366799e+02 -1.3127e+00 +2.9092e-01 -2.6083e+00
29 +6.005480601e+01 +6.005480601e+01 +9.049348060e+02 +9.049348060e+02 -1.3729e+00 +8.3897e-02 -2.6206e+00
47 +5.535097733e+01 +5.535097733e+01 +9.002309773e+02 +9.002309773e+02 -1.5572e+00 +3.4526e-01 -2.9102e+00
55 +5.299110307e+01 +5.299110307e+01 +8.978711031e+02 +8.978711031e+02 -1.3654e+00 +8.2969e-02 -3.2732e+00
58 +4.803399454e+01 +4.803399454e+01 +8.929139945e+02 +8.929139945e+02 -1.1678e+00 -6.0776e-02 -2.7688e+00
69 +3.844413258e+01 +3.844413258e+01 +8.833241326e+02 +8.833241326e+02 -9.6960e-01 +1.2402e-01 -2.9740e+00
78 +3.032181508e+01 +3.032181508e+01 +8.752018151e+02 +8.752018151e+02 -1.0320e+00 +3.3742e-02 -3.5607e+00
93 +1.910128958e+01 +1.910128958e+01 +8.639812896e+02 +8.639812896e+02 -7.9107e-01 +5.7045e-01 -3.2204e+00
183 +1.597078554e+01 +1.597078554e+01 +8.608507855e+02 +8.608507855e+02 +6.8983e-02 -2.2492e-02 -4.2532e+00
228 +3.611309825e+00 +3.611309825e+00 +8.484913098e+02 +8.484913098e+02 +2.1448e+00 -2.0933e-02 -3.5913e+00
597 +2.713824871e+00 +2.713824871e+00 +8.475938249e+02 +8.475938249e+02 +3.1214e+00 -1.2657e-01 -3.2383e+00
5460 +2.072761179e+00 +2.072761179e+00 +8.469527612e+02 +8.469527612e+02 +3.1756e+00 +4.9921e-01 -3.8735e+00
5650 +1.998065380e+00 +1.998065380e+00 +8.468780654e+02 +8.468780654e+02 +3.2385e+00 +5.0613e-01 -3.6006e+00
6058 +1.622412258e+00 +1.622412258e+00 +8.465024123e+02 +8.465024123e+02 +3.0680e+00 +4.8186e-01 -3.5732e+00
7814 +1.066484074e+00 +1.066484074e+00 +8.459464841e+02 +8.459464841e+02 +3.1767e+00 +5.2735e-01 -3.5638e+00
7946 +9.106632679e-01 +9.106632679e-01 +8.457906633e+02 +8.457906633e+02 +3.2197e+00 +4.9388e-01 -3.5747e+00
7968 +3.683106983e-01 +3.683106983e-01 +8.452483107e+02 +8.452483107e+02 +3.1865e+00 +4.8761e-01 -3.5872e+00
8016 +3.003354542e-01 +3.003354542e-01 +8.451803355e+02 +8.451803355e+02 +3.1751e+00 +4.8443e-01 -3.5835e+00
8034 +6.433384359e-02 +6.433384359e-02 +8.449443338e+02 +8.449443338e+02 +3.1612e+00 +4.9704e-01 -3.5791e+00
8078 +2.490229725e-02 +2.490229725e-02 +8.449049023e+02 +8.449049023e+02 +3.1615e+00 +5.0149e-01 -3.5806e+00
8166 +2.600177085e-03 +2.600177085e-03 +8.448826002e+02 +8.448826002e+02 +3.1507e+00 +5.0120e-01 -3.5833e+00
8254 +8.261479574e-04 +8.261479574e-04 +8.448808261e+02 +8.448808261e+02 +3.1537e+00 +5.0160e-01 -3.5827e+00
8276 +6.029615622e-04 +6.029615622e-04 +8.448806030e+02 +8.448806030e+02 +3.1520e+00 +5.0273e-01 -3.5833e+00
8342 +3.723138840e-04 +3.723138840e-04 +8.448803723e+02 +8.448803723e+02 +3.1534e+00 +5.0308e-01 -3.5830e+00
8349 +2.674568384e-04 +2.674568384e-04 +8.448802675e+02 +8.448802675e+02 +3.1534e+00 +5.0192e-01 -3.5830e+00
8386 +1.208081997e-04 +1.208081997e-04 +8.448801208e+02 +8.448801208e+02 +3.1533e+00 +5.0263e-01 -3.5830e+00
8430 +4.978139032e-05 +4.978139032e-05 +8.448800498e+02 +8.448800498e+02 +3.1539e+00 +5.0221e-01 -3.5833e+00
8474 +4.273306911e-05 +4.273306911e-05 +8.448800427e+02 +8.448800427e+02 +3.1540e+00 +5.0235e-01 -3.5832e+00
8483 +3.544987555e-05 +3.544987555e-05 +8.448800354e+02 +8.448800354e+02 +3.1535e+00 +5.0227e-01 -3.5831e+00
8518 +2.111165304e-05 +2.111165304e-05 +8.448800211e+02 +8.448800211e+02 +3.1539e+00 +5.0252e-01 -3.5832e+00
8528 +1.847856163e-05 +1.847856163e-05 +8.448800185e+02 +8.448800185e+02 +3.1535e+00 +5.0255e-01 -3.5832e+00
8540 +3.267469879e-06 +3.267469879e-06 +8.448800033e+02 +8.448800033e+02 +3.1537e+00 +5.0242e-01 -3.5832e+00
8562 +3.007099849e-06 +3.007099849e-06 +8.448800030e+02 +8.448800030e+02 +3.1536e+00 +5.0245e-01 -3.5832e+00
8672 +1.261152306e-06 +1.261152306e-06 +8.448800013e+02 +8.448800013e+02 +3.1536e+00 +5.0243e-01 -3.5832e+00
8694 +1.227247367e-06 +1.227247367e-06 +8.448800012e+02 +8.448800012e+02 +3.1536e+00 +5.0244e-01 -3.5832e+00
8716 +5.929761073e-07 +5.929761073e-07 +8.448800006e+02 +8.448800006e+02 +3.1536e+00 +5.0239e-01 -3.5832e+00
8738 +5.306156936e-07 +5.306156936e-07 +8.448800005e+02 +8.448800005e+02 +3.1536e+00 +5.0240e-01 -3.5832e+00
8760 +4.592683354e-07 +4.592683354e-07 +8.448800005e+02 +8.448800005e+02 +3.1536e+00 +5.0241e-01 -3.5832e+00
8782 +1.877706381e-07 +1.877706381e-07 +8.448800002e+02 +8.448800002e+02 +3.1536e+00 +5.0239e-01 -3.5832e+00
8804 +1.762520014e-07 +1.762520014e-07 +8.448800002e+02 +8.448800002e+02 +3.1536e+00 +5.0239e-01 -3.5832e+00
8808 +8.884194358e-08 +8.884194358e-08 +8.448800001e+02 +8.448800001e+02 +3.1536e+00 +5.0240e-01 -3.5832e+00
8848 +2.995329851e-08 +2.995329851e-08 +8.448800000e+02 +8.448800000e+02 +3.1536e+00 +5.0241e-01 -3.5832e+00
8853 +1.627597612e-08 +1.627597612e-08 +8.448800000e+02 +8.448800000e+02 +3.1536e+00 +5.0240e-01 -3.5832e+00
8870 +1.564671948e-08 +1.564671948e-08 +8.448800000e+02 +8.448800000e+02 +3.1536e+00 +5.0240e-01 -3.5832e+00
8936 +4.942990017e-09 +4.942990017e-09 +8.448800000e+02 +8.448800000e+02 +3.1536e+00 +5.0240e-01 -3.5832e+00
% function evaluation | noise-free fitness - Fopt (-4.222000000000e+01) | best noise-free fitness - Fopt | measured fitness | best measured fitness | x1 | x2...
1 +1.641186499e+02 +1.641186499e+02 +1.218986499e+02 +1.218986499e+02 +0.0000e+00 +0.0000e+00 +0.0000e+00
134 +5.984387042e+01 +5.984387042e+01 +1.762387042e+01 +1.762387042e+01 -5.6861e-01 -5.6323e+00 +4.9510e-01
170 +2.630980424e+01 +2.630980424e+01 -1.591019576e+01 -1.591019576e+01 -1.5368e+00 -3.8954e+00 +2.2575e+00
198 +2.401747440e+01 +2.401747440e+01 -1.820252560e+01 -1.820252560e+01 -5.2801e-01 -4.5719e+00 +1.1025e+00
264 +2.189164156e+01 +2.189164156e+01 -2.032835844e+01 -2.032835844e+01 -2.9912e-01 -5.1113e+00 +2.0728e+00
293 +2.108133298e+01 +2.108133298e+01 -2.113866702e+01 -2.113866702e+01 -1.9600e-01 -5.4323e+00 +2.3218e+00
312 +1.564876188e+01 +1.564876188e+01 -2.657123812e+01 -2.657123812e+01 -4.3815e-01 -2.8819e+00 +1.7578e+00
315 +1.225645951e+01 +1.225645951e+01 -2.996354049e+01 -2.996354049e+01 -3.3076e-01 -3.3472e+00 +1.3061e+00
464 +1.144651104e+01 +1.144651104e+01 -3.077348896e+01 -3.077348896e+01 -6.0122e-01 -4.5216e+00 +2.4014e+00
474 +1.007206282e+01 +1.007206282e+01 -3.214793718e+01 -3.214793718e+01 -4.3857e-01 -4.5775e+00 +2.4371e+00
560 +9.906345332e+00 +9.906345332e+00 -3.231365467e+01 -3.231365467e+01 -3.3170e-01 -4.6248e+00 +1.9812e+00
629 +6.047357767e+00 +6.047357767e+00 -3.617264223e+01 -3.617264223e+01 -3.6590e-01 -3.9757e+00 +2.0397e+00
791 +5.563255733e+00 +5.563255733e+00 -3.665674427e+01 -3.665674427e+01 -4.1881e-01 -4.5554e+00 +2.0267e+00
3196 +2.835670587e+00 +2.835670587e+00 -3.938432941e+01 -3.938432941e+01 +1.6707e+00 -4.5473e+00 +2.0147e+00
5811 +1.700014170e+00 +1.700014170e+00 -4.051998583e+01 -4.051998583e+01 +5.4822e-01 -3.9486e+00 +2.0019e+00
7028 +1.097742751e+00 +1.097742751e+00 -4.112225725e+01 -4.112225725e+01 +1.5713e+00 -3.9303e+00 +2.3800e+00
7066 +1.084157273e+00 +1.084157273e+00 -4.113584273e+01 -4.113584273e+01 +1.5663e+00 -3.9421e+00 +2.3635e+00
7154 +1.023439321e+00 +1.023439321e+00 -4.119656068e+01 -4.119656068e+01 +1.5813e+00 -3.9450e+00 +2.3680e+00
7278 +1.010372127e+00 +1.010372127e+00 -4.120962787e+01 -4.120962787e+01 +1.5782e+00 -3.9447e+00 +2.3778e+00
7418 +9.999853238e-01 +9.999853238e-01 -4.122001468e+01 -4.122001468e+01 +1.5790e+00 -3.9384e+00 +2.3735e+00
18481 +8.925265735e-01 +8.925265735e-01 -4.132747343e+01 -4.132747343e+01 +1.5702e+00 -3.9077e+00 +1.9997e+00
54377 +7.463659045e-01 +7.463659045e-01 -4.147363410e+01 -4.147363410e+01 +1.5928e+00 -3.9067e+00 +2.0220e+00
% function evaluation | noise-free fitness - Fopt (-9.179000000000e+01) | best noise-free fitness - Fopt | measured fitness | best measured fitness | x1 | x2...
1 +3.144740870e+02 +3.144740870e+02 +2.226840870e+02 +2.226840870e+02 +0.0000e+00 +0.0000e+00 +0.0000e+00
2 +7.792133205e+01 +7.792133205e+01 -1.386866795e+01 -1.386866795e+01 -4.0332e+00 +1.5943e-01 -1.7204e+00
5 +6.012330306e+01 +6.012330306e+01 -3.166669694e+01 -3.166669694e+01 -4.0044e+00 -2.9461e-01 -1.8254e+00
44 +5.388004018e+01 +5.388004018e+01 -3.790995982e+01 -3.790995982e+01 -3.8812e+00 -1.9068e-01 -1.9120e+00
63 +5.042726674e+01 +5.042726674e+01 -4.136273326e+01 -4.136273326e+01 -4.0122e+00 -2.5291e-01 -1.9059e+00
73 +3.787281871e+01 +3.787281871e+01 -5.391718129e+01 -5.391718129e+01 -3.1687e+00 -2.0120e-01 -2.3356e+00
110 +3.343378785e+01 +3.343378785e+01 -5.835621215e+01 -5.835621215e+01 -2.9901e+00 +1.6019e-01 -2.8602e+00
122 +3.092007491e+01 +3.092007491e+01 -6.086992509e+01 -6.086992509e+01 -2.5629e+00 +2.2763e-01 -3.7556e+00
130 +2.919716815e+01 +2.919716815e+01 -6.259283185e+01 -6.259283185e+01 -3.0305e+00 -3.8000e-01 -3.4469e+00
143 +1.702514196e+01 +1.702514196e+01 -7.476485804e+01 -7.476485804e+01 -2.1278e+00 +2.6585e-01 -4.0673e+00
223 +1.248919296e+01 +1.248919296e+01 -7.930080704e+01 -7.930080704e+01 -2.1626e+00 +8.5498e-01 -3.0771e+00
240 +1.136374144e+01 +1.136374144e+01 -8.042625856e+01 -8.042625856e+01 -1.8106e+00 +6.6378e-01 -3.0882e+00
297 +9.410496379e+00 +9.410496379e+00 -8.237950362e+01 -8.237950362e+01 -2.1140e+00 +7.0240e-01 -3.3870e+00
494 +8.276792604e+00 +8.276792604e+00 -8.351320740e+01 -8.351320740e+01 -2.0946e+00 +1.3908e+00 -3.0999e+00
506 +7.158229109e+00 +7.158229109e+00 -8.463177089e+01 -8.463177089e+01 -1.9098e+00 +1.3997e+00 -3.4314e+00
579 +6.910817077e+00 +6.910817077e+00 -8.487918292e+01 -8.487918292e+01 -2.0879e+00 +7.1318e-01 -3.0878e+00
873 +5.683783721e+00 +5.683783721e+00 -8.610621628e+01 -8.610621628e+01 -2.0642e+00 +1.3074e+00 -3.4061e+00
959 +4.995699333e+00 +4.995699333e+00 -8.679430067e+01 -8.679430067e+01 -1.9746e+00 +1.3205e+00 -3.4084e+00
4894 +4.624486720e+00 +4.624486720e+00 -8.716551328e+01 -8.716551328e+01 +8.1199e-02 +1.3064e+00 -3.7507e+00
5023 +3.393853627e+00 +3.393853627e+00 -8.839614637e+01 -8.839614637e+01 -1.2977e-01 +7.6854e-01 -3.4068e+00
5035 +3.376942409e+00 +3.376942409e+00 -8.841305759e+01 -8.841305759e+01 +5.8900e-03 +6.8752e-01 -3.0786e+00
5137 +1.853838748e+00 +1.853838748e+00 -8.993616125e+01 -8.993616125e+01 -1.1533e-01 +7.5494e-01 -3.4285e+00
5165 +1.376539309e+00 +1.376539309e+00 -9.041346069e+01 -9.041346069e+01 -8.1637e-02 +7.3369e-01 -3.4202e+00
5327 +1.159190772e+00 +1.159190772e+00 -9.063080923e+01 -9.063080923e+01 -3.7477e-02 +7.4698e-01 -3.4361e+00
5403 +1.147862137e+00 +1.147862137e+00 -9.064213786e+01 -9.064213786e+01 -3.5273e-02 +7.4020e-01 -3.4379e+00
5416 +1.097808314e+00 +1.097808314e+00 -9.069219169e+01 -9.069219169e+01 -4.0086e-02 +7.3882e-01 -3.4249e+00
5482 +1.066042788e+00 +1.066042788e+00 -9.072395721e+01 -9.072395721e+01 -3.4588e-02 +7.3736e-01 -3.4293e+00
5506 +1.008549055e+00 +1.008549055e+00 -9.078145095e+01 -9.078145095e+01 -4.4797e-02 +7.3097e-01 -3.4298e+00
5702 +9.979191925e-01 +9.979191925e-01 -9.079208081e+01 -9.079208081e+01 -5.2722e-02 +7.3038e-01 -3.4302e+00
32497 +4.177828962e-01 +4.177828962e-01 -9.137221710e+01 -9.137221710e+01 -8.2508e-02 +1.3292e+00 -3.4196e+00
46865 +1.803645792e-01 +1.803645792e-01 -9.160963542e+01 -9.160963542e+01 -4.7992e-02 +1.3296e+00 -3.4209e+00
46894 +1.368919491e-01 +1.368919491e-01 -9.165310805e+01 -9.165310805e+01 -5.6080e-02 +1.3139e+00 -3.4327e+00
47048 +1.730972250e-02 +1.730972250e-02 -9.177269028e+01 -9.177269028e+01 -5.1802e-02 +1.3326e+00 -3.4298e+00
47070 +7.635988319e-03 +7.635988319e-03 -9.178236401e+01 -9.178236401e+01 -5.7733e-02 +1.3288e+00 -3.4316e+00
47114 +7.028144691e-03 +7.028144691e-03 -9.178297186e+01 -9.178297186e+01 -4.6642e-02 +1.3279e+00 -3.4321e+00
47123 +5.015016319e-03 +5.015016319e-03 -9.178498498e+01 -9.178498498e+01 -4.9245e-02 +1.3287e+00 -3.4297e+00
47136 +2.866853403e-03 +2.866853403e-03 -9.178713315e+01 -9.178713315e+01 -5.1821e-02 +1.3294e+00 -3.4302e+00
47158 +2.447980206e-03 +2.447980206e-03 -9.178755202e+01 -9.178755202e+01 -4.8553e-02 +1.3286e+00 -3.4314e+00
47180 +1.589775362e-03 +1.589775362e-03 -9.178841022e+01 -9.178841022e+01 -5.1987e-02 +1.3276e+00 -3.4321e+00
47226 +1.527475190e-03 +1.527475190e-03 -9.178847252e+01 -9.178847252e+01 -4.9941e-02 +1.3271e+00 -3.4313e+00
47246 +1.380660687e-03 +1.380660687e-03 -9.178861934e+01 -9.178861934e+01 -4.9915e-02 +1.3274e+00 -3.4314e+00
47330 +4.338939793e-04 +4.338939793e-04 -9.178956611e+01 -9.178956611e+01 -5.1538e-02 +1.3288e+00 -3.4312e+00
47356 +3.609131868e-04 +3.609131868e-04 -9.178963909e+01 -9.178963909e+01 -5.2930e-02 +1.3283e+00 -3.4309e+00
47387 +2.846297600e-04 +2.846297600e-04 -9.178971537e+01 -9.178971537e+01 -5.1587e-02 +1.3285e+00 -3.4315e+00
47400 +2.040092101e-04 +2.040092101e-04 -9.178979599e+01 -9.178979599e+01 -5.1557e-02 +1.3285e+00 -3.4310e+00
47422 +1.136143585e-04 +1.136143585e-04 -9.178988639e+01 -9.178988639e+01 -5.2366e-02 +1.3277e+00 -3.4313e+00
47466 +4.026086900e-05 +4.026086900e-05 -9.178995974e+01 -9.178995974e+01 -5.1806e-02 +1.3280e+00 -3.4313e+00
47488 +1.330770944e-05 +1.330770944e-05 -9.178998669e+01 -9.178998669e+01 -5.1792e-02 +1.3281e+00 -3.4312e+00
47638 +1.154351006e-05 +1.154351006e-05 -9.178998846e+01 -9.178998846e+01 -5.1959e-02 +1.3281e+00 -3.4312e+00
47642 +8.430494589e-06 +8.430494589e-06 -9.178999157e+01 -9.178999157e+01 -5.2217e-02 +1.3280e+00 -3.4312e+00
47664 +2.498517389e-06 +2.498517389e-06 -9.178999750e+01 -9.178999750e+01 -5.1915e-02 +1.3280e+00 -3.4312e+00
47671 +2.187712411e-06 +2.187712411e-06 -9.178999781e+01 -9.178999781e+01 -5.2025e-02 +1.3279e+00 -3.4312e+00
47796 +1.469609174e-06 +1.469609174e-06 -9.178999853e+01 -9.178999853e+01 -5.2016e-02 +1.3280e+00 -3.4312e+00
47818 +1.125884197e-06 +1.125884197e-06 -9.178999887e+01 -9.178999887e+01 -5.1938e-02 +1.3280e+00 -3.4312e+00
47840 +7.937563566e-07 +7.937563566e-07 -9.178999921e+01 -9.178999921e+01 -5.2042e-02 +1.3280e+00 -3.4312e+00
47862 +2.305471156e-07 +2.305471156e-07 -9.178999977e+01 -9.178999977e+01 -5.2001e-02 +1.3280e+00 -3.4312e+00
47884 +1.568042620e-07 +1.568042620e-07 -9.178999984e+01 -9.178999984e+01 -5.1997e-02 +1.3280e+00 -3.4312e+00
47950 +5.123830249e-08 +5.123830249e-08 -9.178999995e+01 -9.178999995e+01 -5.2006e-02 +1.3280e+00 -3.4312e+00
48038 +9.311946769e-09 +9.311946769e-09 -9.178999999e+01 -9.178999999e+01 -5.1995e-02 +1.3280e+00 -3.4312e+00
% function evaluation | noise-free fitness - Fopt (-1.277000000000e+01) | best noise-free fitness - Fopt | measured fitness | best measured fitness | x1 | x2...
1 +1.333350336e+02 +1.333350336e+02 +1.205650336e+02 +1.205650336e+02 +0.0000e+00 +0.0000e+00 +0.0000e+00
36 +1.198172129e+02 +1.198172129e+02 +1.070472129e+02 +1.070472129e+02 +2.9081e+00 +2.9149e+00 -4.2993e-02
51 +1.160513878e+02 +1.160513878e+02 +1.032813878e+02 +1.032813878e+02 +2.8284e+00 +2.5349e+00 +7.0038e-02
79 +9.251458248e+01 +9.251458248e+01 +7.974458248e+01 +7.974458248e+01 +2.7329e+00 +2.7783e+00 -1.3472e-01
82 +8.131810941e+01 +8.131810941e+01 +6.854810941e+01 +6.854810941e+01 +2.8091e+00 +2.8658e+00 -2.6959e-01
88 +7.907784784e+01 +7.907784784e+01 +6.630784784e+01 +6.630784784e+01 +2.7285e+00 +2.7527e+00 -2.4583e-01
90 +6.407656124e+01 +6.407656124e+01 +5.130656124e+01 +5.130656124e+01 +2.6070e+00 +2.7215e+00 -5.6104e-01
91 +6.268762348e+01 +6.268762348e+01 +4.991762348e+01 +4.991762348e+01 +3.0910e+00 +2.5152e+00 -3.7884e-01
92 +5.120570045e+01 +5.120570045e+01 +3.843570045e+01 +3.843570045e+01 +2.5638e+00 +3.0220e+00 -7.5711e-01
102 +4.825366336e+01 +4.825366336e+01 +3.548366336e+01 +3.548366336e+01 +2.7526e+00 +2.5970e+00 -1.0133e+00
112 +4.721830070e+01 +4.721830070e+01 +3.444830070e+01 +3.444830070e+01 +3.0600e+00 +2.9414e+00 -1.5144e+00
115 +8.161007250e+00 +8.161007250e+00 -4.608992750e+00 -4.608992750e+00 +2.7459e+00 +2.5255e+00 -1.8270e+00
302 +6.367669724e+00 +6.367669724e+00 -6.402330276e+00 -6.402330276e+00 +2.6580e+00 +8.4051e-01 -1.5577e+00
394 +3.246066157e+00 +3.246066157e+00 -9.523933843e+00 -9.523933843e+00 +2.6538e+00 +8.9276e-01 -2.4843e+00
4655 +2.472629489e+00 +2.472629489e+00 -1.029737051e+01 -1.029737051e+01 +3.6345e+00 +1.4276e+00 -1.8105e+00
4689 +1.241436660e+00 +1.241436660e+00 -1.152856334e+01 -1.152856334e+01 +3.6719e+00 +1.4816e+00 -1.8344e+00
9749 +1.032757637e+00 +1.032757637e+00 -1.173724236e+01 -1.173724236e+01 +2.6755e+00 +1.4746e+00 -2.1811e+00
9996 +1.001507917e+00 +1.001507917e+00 -1.176849208e+01 -1.176849208e+01 +2.6696e+00 +1.4715e+00 -2.1807e+00
10150 +9.968790319e-01 +9.968790319e-01 -1.177312097e+01 -1.177312097e+01 +2.6705e+00 +1.4698e+00 -2.1784e+00
24519 +9.706037864e-01 +9.706037864e-01 -1.179939621e+01 -1.179939621e+01 +3.5882e+00 +1.4688e+00 -2.1772e+00
% function evaluation | noise-free fitness - Fopt (-1.000000000000e+03) | best noise-free fitness - Fopt | measured fitness | best measured fitness | x1 | x2...
1 +1.841706729e+02 +1.841706729e+02 -8.158293271e+02 -8.158293271e+02 +0.0000e+00 +0.0000e+00 +0.0000e+00
2 +3.214013926e+01 +3.214013926e+01 -9.678598607e+02 -9.678598607e+02 -1.4055e+00 -2.2390e+00 -2.0115e+00
6 +2.809293808e+01 +2.809293808e+01 -9.719070619e+02 -9.719070619e+02 -1.5515e+00 -2.2486e+00 -1.9918e+00
11 +2.734842513e+01 +2.734842513e+01 -9.726515749e+02 -9.726515749e+02 -1.5157e+00 -2.2435e+00 -1.8862e+00
13 +2.678456116e+01 +2.678456116e+01 -9.732154388e+02 -9.732154388e+02 -1.3766e+00 -2.2756e+00 -1.9915e+00
14 +2.498367847e+01 +2.498367847e+01 -9.750163215e+02 -9.750163215e+02 -1.5703e+00 -2.2316e+00 -2.1583e+00
33 +2.379033809e+01 +2.379033809e+01 -9.762096619e+02 -9.762096619e+02 -1.6560e+00 -2.3030e+00 -2.2302e+00
58 +1.692439682e+01 +1.692439682e+01 -9.830756032e+02 -9.830756032e+02 -1.2446e+00 -2.1839e+00 -2.2180e+00
101 +1.129955509e+01 +1.129955509e+01 -9.887004449e+02 -9.887004449e+02 -1.1753e+00 -2.2887e+00 -2.1736e+00
136 +6.113810092e+00 +6.113810092e+00 -9.938861899e+02 -9.938861899e+02 -1.0858e+00 -2.2114e+00 -2.1954e+00
220 +3.468348065e+00 +3.468348065e+00 -9.965316519e+02 -9.965316519e+02 -9.7074e-01 -2.2461e+00 -2.1705e+00
263 +2.502971919e+00 +2.502971919e+00 -9.974970281e+02 -9.974970281e+02 -1.0387e+00 -2.2588e+00 -2.2169e+00
396 +2.186252329e+00 +2.186252329e+00 -9.978137477e+02 -9.978137477e+02 -9.7918e-01 -2.2483e+00 -2.2259e+00
427 +2.034180915e+00 +2.034180915e+00 -9.979658191e+02 -9.979658191e+02 -9.8414e-01 -2.2605e+00 -2.2168e+00
572 +1.991554264e+00 +1.991554264e+00 -9.980084457e+02 -9.980084457e+02 -9.8970e-01 -2.2569e+00 -2.2147e+00
6420 +2.068391657e-01 +2.068391657e-01 -9.997931608e+02 -9.997931608e+02 -9.6315e-01 -2.8116e+00 -2.5729e+00
6672 +1.818713050e-01 +1.818713050e-01 -9.998181287e+02 -9.998181287e+02 -1.0166e+00 -2.8091e+00 -2.5787e+00
6740 +1.397755518e-01 +1.397755518e-01 -9.998602244e+02 -9.998602244e+02 -9.9565e-01 -2.7984e+00 -2.5670e+00
6768 +8.251443207e-02 +8.251443207e-02 -9.999174856e+02 -9.999174856e+02 -9.9008e-01 -2.7980e+00 -2.5807e+00
6780 +5.137355928e-02 +5.137355928e-02 -9.999486264e+02 -9.999486264e+02 -9.8971e-01 -2.8132e+00 -2.5770e+00
6782 +2.171682902e-02 +2.171682902e-02 -9.999782832e+02 -9.999782832e+02 -9.9454e-01 -2.8089e+00 -2.5754e+00
6839 +1.748978811e-02 +1.748978811e-02 -9.999825102e+02 -9.999825102e+02 -9.9145e-01 -2.8089e+00 -2.5751e+00
6845 +1.752841818e-03 +1.752841818e-03 -9.999982472e+02 -9.999982472e+02 -9.9145e-01 -2.8043e+00 -2.5761e+00
6980 +1.072886804e-03 +1.072886804e-03 -9.999989271e+02 -9.999989271e+02 -9.9243e-01 -2.8038e+00 -2.5748e+00
7005 +4.282984441e-04 +4.282984441e-04 -9.999995717e+02 -9.999995717e+02 -9.8904e-01 -2.8040e+00 -2.5750e+00
7112 +1.681515397e-04 +1.681515397e-04 -9.999998318e+02 -9.999998318e+02 -9.9032e-01 -2.8044e+00 -2.5754e+00
7266 +1.194364494e-04 +1.194364494e-04 -9.999998806e+02 -9.999998806e+02 -9.9079e-01 -2.8043e+00 -2.5752e+00
7286 +5.616421606e-05 +5.616421606e-05 -9.999999438e+02 -9.999999438e+02 -9.9064e-01 -2.8043e+00 -2.5752e+00
7332 +4.215548120e-05 +4.215548120e-05 -9.999999578e+02 -9.999999578e+02 -9.9080e-01 -2.8040e+00 -2.5751e+00
7336 +3.936371706e-05 +3.936371706e-05 -9.999999606e+02 -9.999999606e+02 -9.9073e-01 -2.8039e+00 -2.5753e+00
7398 +2.711895900e-05 +2.711895900e-05 -9.999999729e+02 -9.999999729e+02 -9.9067e-01 -2.8040e+00 -2.5753e+00
7441 +1.945094311e-05 +1.945094311e-05 -9.999999805e+02 -9.999999805e+02 -9.9065e-01 -2.8039e+00 -2.5752e+00
7442 +4.313522027e-06 +4.313522027e-06 -9.999999957e+02 -9.999999957e+02 -9.9035e-01 -2.8039e+00 -2.5752e+00
7530 +6.207961860e-07 +6.207961860e-07 -9.999999994e+02 -9.999999994e+02 -9.9042e-01 -2.8040e+00 -2.5752e+00
7574 +3.476656047e-07 +3.476656047e-07 -9.999999997e+02 -9.999999997e+02 -9.9040e-01 -2.8040e+00 -2.5752e+00
7618 +1.899455810e-07 +1.899455810e-07 -9.999999998e+02 -9.999999998e+02 -9.9042e-01 -2.8040e+00 -2.5752e+00
7662 +1.550017714e-08 +1.550017714e-08 -1.000000000e+03 -1.000000000e+03 -9.9041e-01 -2.8040e+00 -2.5752e+00
7728 +5.125684766e-09 +5.125684766e-09 -1.000000000e+03 -1.000000000e+03 -9.9040e-01 -2.8040e+00 -2.5752e+00
% function evaluation | noise-free fitness - Fopt (-1.000000000000e+03) | best noise-free fitness - Fopt | measured fitness | best measured fitness | x1 | x2...
1 +5.012215930e+01 +5.012215930e+01 -9.498778407e+02 -9.498778407e+02 +0.0000e+00 +0.0000e+00 +0.0000e+00
114 +4.859917269e+01 +4.859917269e+01 -9.514008273e+02 -9.514008273e+02 +3.8032e-01 +1.0136e+00 +1.2480e+00
116 +4.025751564e+01 +4.025751564e+01 -9.597424844e+02 -9.597424844e+02 +1.1014e+00 +7.9486e-01 +1.0882e+00
142 +3.172934868e+01 +3.172934868e+01 -9.682706513e+02 -9.682706513e+02 +1.7167e+00 -3.4715e-01 +2.1217e+00
176 +2.494774636e+01 +2.494774636e+01 -9.750522536e+02 -9.750522536e+02 +1.0290e+00 +2.4149e-01 +1.5515e+00
264 +8.028650577e+00 +8.028650577e+00 -9.919713494e+02 -9.919713494e+02 -1.8732e-01 +1.1066e-01 +1.4681e+00
614 +6.668348141e+00 +6.668348141e+00 -9.933316519e+02 -9.933316519e+02 -1.1519e-01 +5.1390e-02 +1.5132e+00
704 +5.024834798e+00 +5.024834798e+00 -9.949751652e+02 -9.949751652e+02 -1.7131e-01 +6.3908e-02 +1.4990e+00
948 +4.997144015e+00 +4.997144015e+00 -9.950028560e+02 -9.950028560e+02 -1.7002e-01 +6.6306e-02 +1.5025e+00
2767 +3.871651051e+00 +3.871651051e+00 -9.961283489e+02 -9.961283489e+02 -3.1208e+00 +7.9576e-02 +1.8812e+00
2919 +3.299007124e+00 +3.299007124e+00 -9.967009929e+02 -9.967009929e+02 -2.1188e+00 +1.2495e-01 +1.8626e+00
3016 +1.517220649e+00 +1.517220649e+00 -9.984827794e+02 -9.984827794e+02 -2.1693e+00 +5.4089e-02 +1.5185e+00
37318 +1.382125266e+00 +1.382125266e+00 -9.986178747e+02 -9.986178747e+02 -1.1717e+00 +6.7882e-01 +1.5154e+00
37592 +1.052483328e+00 +1.052483328e+00 -9.989475167e+02 -9.989475167e+02 -1.1735e+00 +6.6786e-01 +1.5066e+00
